0 269.55324 -258.88624 46415.531 -63731.1 5150.26 -68881.4 10.775354
0.01 273.16207 -12.737072 46494.434 -63269.5 5219.21 -68488.7 22.852039
0.02 268.76729 -58.600111 46416.278 -63689.3 5135.24 -68824.5 33.740695
0.03 261.55578 -680.5856 46605.521 -63713.3 4997.46 -68710.8 43.541107
0.04 259.74262 -822.23155 46986.129 -63803.8 4962.81 -68766.6 53.425235
0.05 274.44156 78.332185 46346.779 -63424.8 5243.66 -68668.5 62.29423
0.06 277.59779 -308.14962 46574 -63418.1 5303.97 -68722 72.025842
0.07 271.17184 -438.75356 46704.607 -63869.6 5181.19 -69050.8 82.326137
0.08 274.44457 -508.61851 46747.667 -63502.3 5243.72 -68746.1 91.769933
0.09 264.91833 -34.871672 46094.04 -63914.7 5061.7 -68976.4 100.12635
0.1 270.21442 -434.43191 46819.085 -63498.6 5162.89 -68661.5 108.49546
0.11 269.61339 -47.545509 46469.588 -63839.2 5151.41 -68990.6 118.66991
0.12 268.41481 731.95913 46147.251 -64108.2 5128.51 -69236.7 131.27912
0.13 263.6823 -5.4133124 46561.355 -64580.7 5038.09 -69618.8 137.11757
0.14 273.45782 101.19988 46702.589 -64207.5 5224.87 -69432.4 147.46166
0.15 264.3968 -341.89925 46327.32 -64157.2 5051.74 -69209 152.80119
0.16 279.61196 -100.97844 46652.598 -63863.6 5342.45 -69206.1 162.82199
0.17 272.50659 148.02317 46032.964 -64208.7 5206.69 -69415.4 166.5244
0.18 265.10482 504.95385 46212.459 -64410.1 5065.27 -69475.4 175.2951
0.19 268.01796 -505.10029 46824.93 -64345.3 5120.93 -69466.2 185.99627
0.2 278.1138 476.49316 46691.431 -64025.7 5313.83 -69339.5 193.12798
0.21 263.984 188.20051 46560.514 -64350.5 5043.85 -69394.3 199.69224
0.22 271.65514 -18.120769 46616.081 -64126.4 5190.42 -69316.8 206.17228
0.23 270.12348 617.8383 46407.925 -64070.4 5161.16 -69231.5 208.55173
0.24 267.86932 394.50216 46316.74 -64307.3 5118.09 -69425.4 218.58743
0.25 273.99706 77.488558 46536.018 -64406.3 5235.17 -69641.5 228.68412
0.26 272.07188 -254.24282 46744.259 -64088.6 5198.38 -69287 235.95535
0.27 274.89931 354.07552 46378.909 -64380 5252.41 -69632.4 240.34316
0.28 261.31587 366.25568 46455.03 -64759.9 4992.87 -69752.8 245.68618
0.29 267.99112 -291.49517 46809.048 -64756.2 5120.41 -69876.6 250.42907
0.3 262.89277 -125.30103 46729.864 -65028.3 5023 -70051.3 258.2887
0.31 261.04055 -444.11231 46778.218 -65068.5 4987.61 -70056.1 260.949
0.32 278.01805 342.25899 46707.898 -64585.6 5312 -69897.6 266.10953
0.33 270.49492 -136.73321 46768.215 -65133.1 5168.25 -70301.4 273.19038
0.34 268.77107 -398.78554 47093.906 -65292.1 5135.32 -70427.4 280.62488
0.35 267.30951 183.39925 46386.448 -65484.6 5107.39 -70592 279.06598
0.36 270.95535 -166.69856 46591.823 -65029.3 5177.05 -70206.3 285.29979
0.37 272.82378 59.20624 46867.193 -65414.5 5212.75 -70627.3 288.98358
0.38 260.2079 -124.26379 46816.726 -65965 4971.7 -70936.7 294.92095
0.39 269.62489 408.05194 46534.821 -65643.1 5151.63 -70794.7 295.39726
0.4 264.09076 -15.863927 46622.892 -65723.6 5045.89 -70769.5 300.30633
0.41 254.37333 469.07547 46652.774 -66481.7 4860.22 -71342 302.83344
0.42 267.60569 616.71202 46223.786 -65919.4 5113.05 -71032.4 302.46287
0.43 274.63564 512.16683 46372.575 -65723.3 5247.37 -70970.7 309.11277
0.44 264.9969 425.33484 46663.947 -65531.3 5063.21 -70594.5 313.11794
0.45 262.29458 597.36438 46356.671 -65792.7 5011.57 -70804.2 317.48524
0.46 270.39389 506.29916 46709.772 -65902.6 5166.32 -71068.9 320.71489
0.47 267.53349 -335.88317 46885.215 -66148.3 5111.67 -71259.9 322.04747
0.48 266.01285 636.28293 46493.336 -66551.6 5082.62 -71634.2 320.66255
0.49 271.29838 277.09906 46678.169 -65972.8 5183.61 -71156.4 324.21014
0.5 261.01815 -624.0679 47042.96 -66476.5 4987.18 -71463.6 326.55892
0.51 274.15307 -811.68014 47378.622 -66467.7 5238.15 -71705.9 329.70798
0.52 258.37696 24.961601 46719.414 -66956 4936.72 -71892.8 327.74715
0.53 269.12429 723.8209 46468.421 -66754.1 5142.07 -71896.2 330.28136
0.54 258.94899 365.24775 46545.033 -67120.6 4947.65 -72068.2 332.96073
0.55 267.15866 171.91484 46532.128 -66972 5104.51 -72076.5 333.12212
0.56 265.47617 140.51936 46804.399 -66670.5 5072.36 -71742.8 335.6023
0.57 266.74147 299.268 46659.997 -66834.7 5096.54 -71931.2 338.20872
0.58 268.11492 5.251981 46912.01 -66790.5 5122.78 -71913.3 340.03209
0.59 266.3003 351.81101 46642.452 -66749.8 5088.11 -71837.9 339.08629
0.6 272.22969 703.48547 46465.645 -66528.6 5201.4 -71730 339.64228
0.61 274.14107 -103.43632 46894.67 -66817.8 5237.92 -72055.7 340.55946
0.62 263.13073 -793.4441 47236.305 -66631.1 5027.55 -71658.7 341.41242
0.63 269.76626 108.2266 46748.37 -66688.9 5154.33 -71843.3 341.1804
0.64 274.90785 877.98629 46360.573 -66495.7 5252.57 -71748.3 340.75701
0.65 271.15645 520.51615 46533.232 -66629.6 5180.89 -71810.5 342.42088
0.66 267.9713 -361.64841 46935.762 -66697 5120.04 -71817 344.3747
0.67 273.86817 -502.74508 47102.57 -66603.7 5232.71 -71836.4 346.96593
0.68 266.80275 -727.71941 47336.519 -66343.7 5097.71 -71441.4 349.91223
0.69 270.57634 -102.92559 46902.01 -66771.2 5169.81 -71941 349.74213
0.7 266.41218 4.1635254 46752.544 -66860.5 5090.25 -71950.7 349.0242
0.71 266.57641 -163.96914 46990.122 -66628.2 5093.38 -71721.6 349.78849
0.72 263.23165 -685.99073 47226.031 -66976.2 5029.48 -72005.6 351.17808
0.73 272.08434 374.56292 46636.428 -66544.9 5198.62 -71743.5 350.55498
0.74 264.27079 -47.521112 46933.809 -66547.1 5049.33 -71596.5 353.41251
0.75 257.90196 -320.60502 47039.215 -66885.2 4927.64 -71812.8 355.00402
0.76 267.31464 135.36208 46680.484 -66831.5 5107.49 -71939 355.52019
0.77 265.04208 -517.68007 47266.775 -66761 5064.07 -71825.1 357.2427
0.78 263.83391 -500.72143 47307.132 -66925.3 5040.98 -71966.3 358.66728
0.79 268.00937 -442.15905 46962.884 -66863.5 5120.76 -71984.3 357.00559
0.8 263.15113 114.44385 46686.48 -66813.3 5027.94 -71841.2 357.97254
0.81 264.01389 401.64984 46561.694 -66519.3 5044.42 -71563.7 359.02831
0.82 276.02531 -396.52135 47025.055 -66575.4 5273.92 -71849.4 361.90621
0.83 270.15261 26.331213 46968.734 -66811.3 5161.71 -71973 364.1607
0.84 282.20053 787.35369 46533.015 -66541.4 5391.91 -71933.4 364.85695
0.85 274.91443 -817.94745 47127.697 -66471.1 5252.7 -71723.8 369.21105
0.86 261.90655 -500.8472 47138.286 -66908.7 5004.16 -71912.8 370.96476
0.87 276.92703 -124.70891 47012.555 -66478.9 5291.15 -71770 373.24817
0.88 274.67882 362.6506 46568.457 -66624.7 5248.19 -71872.9 372.6971
0.89 263.45627 636.0779 46476.539 -66831.1 5033.77 -71864.8 374.29165
0.9 267.70075 536.18743 46654.762 -66382.3 5114.87 -71497.2 376.27697
0.91 261.97755 -787.70346 47180.413 -66521.8 5005.52 -71527.3 378.49112
0.92 269.58925 -454.34493 47396.436 -66467.4 5150.95 -71618.4 382.62182
0.93 270.35471 -40.07341 46969.678 -66515.4 5165.58 -71681 382.77962
0.94 274.75988 299.16814 46755.907 -66229.6 5249.74 -71479.4 383.56881
0.95 265.57702 649.92712 46419.653 -66453.3 5074.29 -71527.6 383.79486
0.96 267.482 -97.767699 46738.31 -66051.4 5110.69 -71162.1 386.43494
0.97 267.08038 491.71289 46566.107 -66294.9 5103.01 -71397.9 388.65058
0.98 276.33467 323.20224 46731.81 -66084.2 5279.83 -71364.1 392.34536
0.99 267.12964 193.67542 46623.165 -66373.7 5103.95 -71477.7 391.35389
1 267.56309 573.64719 46445.936 -66311 5112.24 -71423.2 391.7453
1.01 266.3727 -625.38082 46980.357 -66495.3 5089.49 -71584.8 396.40293
1.02 273.04279 -132.33726 46913.256 -66187.6 5216.94 -71404.5 396.95987
1.03 260.27191 -514.70913 47136.45 -66622 4972.93 -71594.9 398.48455
1.04 261.59467 -221.85117 47090.479 -66824.2 4998.2 -71822.4 397.98253
1.05 270.56159 509.94579 46595.764 -66755.9 5169.53 -71925.4 397.09693
1.06 268.19274 -349.38454 46988.006 -66391.8 5124.27 -71516.1 399.41707
1.07 261.38883 -372.87276 47123.735 -66703.8 4994.27 -71698.1 399.47704
1.08 268.34519 -513.01838 47181.388 -66671.4 5127.18 -71798.6 400.14367
1.09 262.20355 194.3608 46722.745 -66835.8 5009.83 -71845.6 399.51069
1.1 256.86259 369.77697 46660.972 -66797.6 4907.79 -71705.4 400.56461
1.11 258.60866 -190.39066 46921.958 -67241.7 4941.15 -72182.8 403.51145
1.12 257.8784 135.72741 46855.923 -67030.2 4927.19 -71957.4 404.4817
1.13 266.79997 -525.89857 47102.809 -66490.1 5097.66 -71587.7 406.57865
1.14 274.45724 492.52497 46679.549 -66516.6 5243.96 -71760.6 407.48771
1.15 269.58673 139.0763 46826.767 -66732 5150.9 -71882.9 409.19676
1.16 270.34244 714.87656 46540.686 -66893 5165.34 -72058.3 409.75104
1.17 259.37031 482.33719 46502.796 -66722 4955.7 -71677.7 411.33092
1.18 273.48687 631.30399 46537.208 -66521.8 5225.42 -71747.2 410.40526
1.19 280.0122 241.56453 46731.66 -66303.3 5350.1 -71653.4 412.35698
1.2 266.89366 485.65097 46396.608 -66832.4 5099.45 -71931.8 411.77937
1.21 260.92617 245.50476 46495.182 -66555.2 4985.43 -71540.7 412.1384
1.22 261.63642 -667.7527 47169.686 -66534.1 4999 -71533.1 413.77727
1.23 267.54636 720.71985 46494.559 -66310.3 5111.92 -71422.2 411.33748
1.24 265.04036 -646.97734 47216.945 -66989.5 5064.04 -72053.5 413.58718
1.25 259.58897 -481.43619 47102.608 -67027.3 4959.88 -71987.2 413.75094
1.26 271.06712 110.24697 46910.825 -66606.5 5179.19 -71785.7 413.87638
1.27 266.73245 275.22063 46597.804 -66645.8 5096.37 -71742.2 415.42707
1.28 277.66678 188.1806 46797.419 -66268.2 5305.28 -71573.5 417.14113
1.29 253.13813 -652.92921 47275.842 -66522.8 4836.62 -71359.4 422.02064
1.3 261.52482 136.29464 46785.877 -66695.9 4996.87 -71692.7 422.76988
1.31 268.18335 70.60631 46858.167 -66557.3 5124.09 -71681.4 424.16831
1.32 263.21494 49.908433 46696.19 -66838.6 5029.16 -71867.7 427.58429
1.33 268.67692 -802.61915 47282.924 -66553.7 5133.52 -71687.2 431.58176
1.34 275.65509 -74.554797 46936.104 -66218.2 5266.85 -71485.1 432.95246
1.35 275.80532 446.19888 46514.812 -66535.7 5269.72 -71805.5 433.39302
1.36 257.4801 93.549418 46759.452 -66977.3 4919.58 -71896.8 433.01191
1.37 264.32267 -235.88119 46929.261 -66513.4 5050.32 -71563.7 436.86018
1.38 264.40303 -692.07506 47307.292 -66584.3 5051.86 -71636.1 441.80341
1.39 269.35352 -347.79167 46930.608 -66365.4 5146.45 -71511.9 440.35958
1.4 263.04508 15.181609 46791.115 -66723.3 5025.91 -71749.2 440.67031
1.41 271.62553 -39.296893 46760.651 -66708.1 5189.86 -71897.9 442.18749
1.42 269.76838 -329.65588 47026.654 -66549.7 5154.37 -71704.1 444.53509
1.43 269.38898 340.82319 46535.528 -66566.4 5147.12 -71713.5 445.62332
1.44 264.22658 428.70745 46650.16 -66746.5 5048.49 -71795 446.70933
1.45 268.6752 -364.61926 47061.992 -66518.9 5133.49 -71652.4 447.58169
1.46 262.02776 -349.30435 47029.632 -66833.9 5006.47 -71840.3 448.59006
1.47 276.211 -132.6654 47076.624 -66313.5 5277.47 -71591 448.43084
1.48 277.65957 418.50832 46691.491 -66540.5 5305.15 -71845.6 448.01757
1.49 262.98692 -346.90988 46936.055 -66680 5024.8 -71704.8 452.96013
1.5 269.37306 238.51663 46754.251 -66608.5 5146.82 -71755.3 455.15911
1.51 263.82084 206.86611 46639.127 -66681.2 5040.73 -71721.9 454.98934
1.52 270.70264 27.83455 46895.887 -66366.3 5172.22 -71538.5 457.84388
1.53 266.26707 -267.95882 46798.792 -66676.3 5087.47 -71763.8 458.43398
1.54 275.51098 -38.055346 46859.033 -66604.3 5264.09 -71868.4 459.22926
1.55 267.08835 -344.29695 46881.425 -66638.5 5103.17 -71741.7 458.58658
1.56 276.47876 120.44973 46801.215 -66618.4 5282.59 -71901 459.88832
1.57 266.43677 -197.80974 46989.974 -66996.5 5090.72 -72087.2 462.99934
1.58 268.12282 -485.95558 47070.98 -66871.5 5122.93 -71994.4 463.55704
1.59 270.36797 -378.18675 47041.611 -66494.2 5165.83 -71660 465.93644
1.6 259.8815 274.22784 46623.855 -66758.6 4965.47 -71724 463.66087
1.61 268.06738 344.99637 46588.36 -66471.6 5121.87 -71593.5 464.77158
1.62 273.74423 455.22547 46672.054 -66448.7 5230.34 -71679.1 465.5861
1.63 270.47845 796.09865 46528.124 -66461 5167.94 -71629 466.69454
1.64 263.02497 439.43833 46521.162 -66858.2 5025.53 -71883.8 466.7645
1.65 269.33771 -130.86426 46829.623 -66458.3 5146.14 -71604.4 467.67248
1.66 264.56493 439.70951 46544.037 -66603.4 5054.95 -71658.3 468.28769
1.67 271.51952 -153.72298 47100.703 -66403.2 5187.83 -71591.1 471.77753
1.68 271.68393 -20.828603 46965.108 -66591 5190.97 -71782 473.26604
1.69 270.43122 -181.74731 47195.18 -66899.8 5167.04 -72066.8 476.18646
1.7 271.93439 -822.29629 47234.192 -66532.6 5195.76 -71728.3 479.02823
1.71 270.21753 -55.256809 46911.705 -66977.7 5162.95 -72140.6 477.3638
1.72 276.02306 51.268385 46990.51 -66766.5 5273.88 -72040.4 475.99141
1.73 267.69985 -448.21649 47111.951 -67156.1 5114.85 -72271 478.74739
1.74 268.38669 29.109205 46854.494 -66728 5127.97 -71856 478.00339
1.75 278.1867 -6.2050756 46928.52 -66778.5 5315.22 -72093.7 479.88119
1.76 270.26132 591.26827 46533.161 -66980 5163.79 -72143.8 480.02462
1.77 269.87894 -144.22759 46919.628 -66675 5156.48 -71831.5 481.56339
1.78 267.51518 -632.27019 47154.523 -66716.2 5111.32 -71827.5 483.23364
1.79 270.25196 500.17832 46466.948 -67100.2 5163.61 -72263.8 479.8487
1.8 269.94789 792.42517 46414.255 -66924.8 5157.8 -72082.6 481.81257
1.81 268.93607 -638.68389 47267.468 -66857.9 5138.47 -71996.4 487.36396
1.82 263.74645 -379.01544 47024.926 -66870.6 5039.31 -71909.9 487.73225
1.83 275.2629 78.652432 46771.575 -66705.6 5259.35 -71965 484.91591
1.84 271.1879 28.689691 46829.034 -66769.9 5181.49 -71951.4 488.69994
1.85 269.84509 264.14453 46522.409 -66775.3 5155.84 -71931.1 487.91957
1.86 263.76887 768.56493 46432.93 -67105.4 5039.74 -72145.2 490.92092
1.87 268.8503 277.63511 46600.711 -66850 5136.83 -71986.9 491.43739
1.88 264.89852 590.6975 46549.883 -67047.6 5061.33 -72109 490.62032
1.89 280.0798 43.881338 46662.51 -66690.1 5351.39 -72041.5 493.28255
1.9 268.84915 -195.51355 46995.869 -66718.8 5136.81 -71855.6 495.72269
1.91 271.14079 -112.34408 46814.844 -66783.3 5180.59 -71963.9 495.57076
1.92 272.91383 -39.323213 47029.309 -66585.2 5214.47 -71799.6 500.25391
1.93 262.13088 -38.950811 46901.93 -66747.4 5008.45 -71755.9 502.29068
1.94 266.98907 -460.10744 47126.587 -66524.2 5101.27 -71625.4 504.58252
1.95 257.40272 -239.55368 46716.605 -66722.4 4918.11 -71640.5 502.65197
1.96 269.32888 -566.03213 47077.927 -66638.3 5145.97 -71784.3 507.22002
1.97 276.27527 61.12467 46845.541 -66318.5 5278.7 -71597.2 505.68634
1.98 266.16573 312.20851 46954.96 -66418.4 5085.54 -71503.9 510.37496
1.99 266.72669 187.92265 46655.28 -66656 5096.26 -71752.3 509.60769
2 265.48817 645.39919 46519.529 -66745.3 5072.59 -71817.9 509.39103
2.01 261.17476 63.380954 46828.115 -66966 4990.18 -71956.1 509.76996
2.02 263.24669 175.37936 46643.114 -66801.1 5029.76 -71830.9 509.88032
2.03 265.68139 -158.43229 46885.174 -66791.5 5076.28 -71867.7 512.6914
2.04 277.45074 -235.48344 47134.003 -66436 5301.16 -71737.1 517.30964
2.05 274.12161 521.61043 46674.267 -66666.5 5237.55 -71904 517.5121
2.06 267.62943 359.14799 46657.162 -66929 5113.5 -72042.5 520.78448
2.07 272.28406 -280.64981 47054.497 -66607.4 5202.44 -71809.9 523.23524
2.08 259.71743 -143.93569 46815.066 -66940.9 4962.33 -71903.2 524.30051
2.09 264.49384 246.45719 46729.58 -66846.6 5053.59 -71900.2 522.69775
2.1 272.12571 118.99234 46870.274 -66633.7 5199.41 -71833.1 525.31391
2.11 270.1246 293.12173 46496.178 -66909 5161.18 -72070.2 522.56322
2.12 271.89745 332.81556 46728.967 -66375.3 5195.05 -71570.4 524.83549
2.13 268.71031 -340.5157 47125.796 -66706.1 5134.16 -71840.2 527.48951
2.14 273.92231 662.98495 46610.327 -66466.9 5233.74 -71700.7 524.92922
2.15 271.93343 21.94444 46856.35 -66475.7 5195.74 -71671.4 528.80338
2.16 269.85763 312.34696 46677.595 -66226 5156.08 -71382.1 526.7528
2.17 275.95835 927.65578 46198.054 -66339.2 5272.64 -71611.8 523.02088
2.18 276.13921 700.81509 46369.67 -66074.1 5276.1 -71350.2 527.09508
2.19 274.38546 -715.02756 47248.801 -66335.1 5242.59 -71577.7 530.66627
2.2 267.12994 -316.54441 47038.608 -66497.9 5103.96 -71601.9 531.25588
2.21 266.60345 107.54315 46667.418 -66262.9 5093.9 -71356.8 531.11361
2.22 265.28985 678.0494 46362.476 -66560 5068.8 -71628.8 528.70462
2.23 267.84236 439.12846 46532.461 -66655.1 5117.57 -71772.7 530.21603
2.24 274.05875 158.60956 46772.528 -66394 5236.35 -71630.4 533.97751
2.25 263.70001 -464.57602 47205.756 -66793.6 5038.43 -71832 537.53105
2.26 273.64925 -394.18811 47023.831 -66633.7 5228.52 -71862.2 534.32446
2.27 276.94863 -136.29696 46943.517 -66427.6 5291.56 -71719.1 534.23532
2.28 258.76963 558.04434 46549.03 -66835.6 4944.22 -71779.9 536.31285
2.29 261.92553 -451.36811 47161.745 -66815.1 5004.52 -71819.6 540.98268
2.3 269.15618 442.13337 46518.732 -66459.7 5142.68 -71602.3 538.66446
2.31 264.04169 -183.78358 46903.961 -66729.7 5044.95 -71774.7 542.4915
2.32 279.7971 212.65452 46807.556 -66165.5 5345.99 -71511.5 542.75805
2.33 260.37883 485.79076 46519.938 -66516.7 4974.97 -71491.7 540.42051
2.34 275.04591 327.26973 46802.417 -66429.6 5255.21 -71684.9 542.3418
2.35 257.72068 -110.08956 46879.785 -66717.3 4924.18 -71641.5 542.2386
2.36 272.16403 -276.17904 47074.058 -66274.6 5200.15 -71474.7 542.81726
2.37 263.2644 -686.19906 47334.406 -66565 5030.1 -71595.1 545.41155
2.38 267.60156 -127.29573 46962.528 -66643.1 5112.97 -71756.1 547.26925
2.39 262.71784 427.58583 46743.035 -66643.5 5019.66 -71663.1 549.20389
2.4 275.19614 -438.97068 47151.457 -66563.7 5258.08 -71821.7 552.56817
2.41 265.80123 -32.208968 46671.392 -66662.8 5078.57 -71741.4 551.08298
2.42 266.13092 191.28891 46852.344 -66827.2 5084.87 -71912.1 552.83298
2.43 270.55143 521.5181 46491.014 -67056.3 5169.33 -72225.6 551.02963
2.44 269.16677 -376.26493 47091.38 -66651.1 5142.88 -71793.9 555.63694
2.45 280.83535 299.81239 46763.792 -66138.4 5365.83 -71504.2 557.09763
2.46 270.34425 -539.54169 47106.653 -66460.2 5165.38 -71625.6 558.0622
2.47 282.71167 -267.86777 46938.507 -66242.4 5401.68 -71644 558.8116
2.48 271.07009 -66.179899 46783.923 -66489.4 5179.24 -71668.7 562.41819
2.49 265.94197 -521.64317 47165.581 -66279.7 5081.26 -71361 564.66843
2.5 269.71923 41.36434 46788.455 -66427.4 5153.43 -71580.9 564.76384
2.51 266.57993 -478.60535 47126.651 -66598.7 5093.45 -71692.2 565.65066
2.52 273.29552 48.963518 46854.112 -66224.1 5221.76 -71445.9 563.52502
2.53 258.25177 154.93619 46811.401 -66744.4 4934.33 -71678.7 563.97911
2.54 264.26024 -45.31126 46578.074 -66520.8 5049.13 -71569.9 563.99048
2.55 265.57523 -192.31424 46921.708 -66312.1 5074.26 -71386.4 567.33793
2.56 272.54022 27.379277 46812.304 -66602 5207.33 -71809.3 570.13756
2.57 263.43997 104.59426 46715.625 -66795.5 5033.46 -71828.9 569.50199
2.58 266.55749 623.58316 46472.75 -66604.8 5093.02 -71697.8 568.19883
2.59 271.78721 191.76879 46787.331 -66656.9 5192.95 -71849.9 571.3826
2.6 261.3198 -225.32362 46885.326 -66546.6 4992.95 -71539.6 574.16847
2.61 271.39357 -401.47536 47124.393 -66267.7 5185.42 -71453.1 575.3261
2.62 258.73478 130.7059 46501.032 -66536.9 4943.56 -71480.5 572.72538
2.63 272.20019 616.72239 46522.904 -66096.5 5200.84 -71297.3 575.56008
2.64 266.23958 92.812593 46701.637 -66335.3 5086.95 -71422.2 577.20436
2.65 268.56606 415.9302 46681.543 -66791.6 5131.4 -71923 574.87884
2.66 264.39253 -346.33577 47038.598 -66734 5051.66 -71785.6 578.8978
2.67 255.7743 -607.54426 47256.263 -66937.4 4886.99 -71824.4 582.78751
2.68 259.99726 -304.08235 46943.67 -66282.6 4967.68 -71250.3 580.47446
2.69 260.63526 -69.809651 46945.706 -66710.4 4979.87 -71690.3 584.57611
2.7 263.29897 -134.48453 46866.439 -66295.7 5030.76 -71326.5 586.48257
2.71 267.33278 -624.74915 47086.419 -66427.5 5107.84 -71535.3 589.88598
2.72 265.11923 375.12926 46585.325 -66428.6 5065.54 -71494.1 588.93457
2.73 266.45239 -233.18739 46838.479 -66391.3 5091.01 -71482.4 592.70214
2.74 264.84962 353.58917 46643.922 -66373 5060.39 -71433.4 589.28608
2.75 276.53443 39.458166 47000.569 -66289.5 5283.65 -71573.2 594.91358
2.76 264.29711 144.43675 46761.241 -66685.2 5049.83 -71735 593.54817
2.77 262.08327 -204.76208 46963.934 -66784.4 5007.54 -71791.9 598.04304
2.78 277.74729 701.59137 46462.611 -66051.3 5306.82 -71358.1 594.38487
2.79 264.38439 1151.5577 46245.117 -66806.2 5051.5 -71857.7 594.61372
2.8 263.91493 288.48439 46719.867 -66945.5 5042.53 -71988.1 597.46536
2.81 275.20432 78.14802 47012.221 -66357.5 5258.23 -71615.8 599.95567
2.82 255.84563 -249.77075 47012.487 -66782.8 4888.36 -71671.1 602.67731
2.83 275.11309 -127.96309 46982.904 -66541.9 5256.49 -71798.4 605.66522
2.84 265.19704 -48.291981 46796.131 -66525.7 5067.03 -71592.8 608.61001
2.85 280.64835 65.746455 46858.1 -66176.9 5362.25 -71539.1 612.78816
2.86 264.71651 -133.15228 46884.666 -66461.9 5057.85 -71519.7 614.62519
2.87 265.63108 -412.22496 46963.159 -66713.5 5075.32 -71788.8 613.88402
2.88 271.61716 -348.17111 46928.045 -66321.9 5189.7 -71511.6 615.11763
2.89 272.90737 622.59667 46441.412 -66346.6 5214.35 -71561 611.39547
2.9 264.35437 -447.5177 47103.116 -66572.1 5050.93 -71623 618.44335
2.91 260.03818 -634.66068 47247.734 -66759.3 4968.46 -71727.8 619.25628
2.92 263.32917 -627.23187 47172.563 -66483.5 5031.34 -71514.8 620.71071
2.93 270.22242 -51.916378 46930.35 -66566.7 5163.05 -71729.8 616.82084
2.94 271.81623 548.60054 46638.215 -66493 5193.5 -71686.5 615.34764
2.95 269.40481 133.4169 46877.797 -66652.8 5147.43 -71800.2 619.63656
2.96 264.81316 -433.48739 47101.974 -66901.1 5059.69 -71960.8 621.26791
2.97 259.56593 -595.2271 47144.733 -66849.7 4959.44 -71809.1 622.27621
2.98 261.5715 477.09423 46658.4 -66806.7 4997.76 -71804.4 619.94633
2.99 267.1277 200.38263 46775.729 -66505.2 5103.92 -71609.1 621.15655
3 261.35568 599.85865 46503.23 -66887.1 4993.63 -71880.7 620.199
3.01 270.03086 -167.95869 46956.998 -66578.7 5159.39 -71738.1 625.27874
3.02 272.6674 140.48614 46821.619 -66825.4 5209.76 -72035.1 624.50624
3.03 266.48289 -594.52308 47247.7 -66604.4 5091.6 -71696 628.88398
3.04 273.59251 302.96265 46655.431 -66509.8 5227.44 -71737.2 626.18772
3.05 258.54132 -141.29007 46794.129 -66775.9 4939.86 -71715.8 627.6193
3.06 263.69184 387.93523 46720.563 -66472.9 5038.27 -71511.2 627.18932
3.07 266.12741 -265.83996 47118.68 -66318.3 5084.81 -71403.1 629.90614
3.08 268.57085 -393.22251 46955.497 -66451.4 5131.49 -71582.9 630.60198
3.09 271.26273 151.99843 46715.259 -66322.1 5182.92 -71505 631.44822
3.1 265.90719 339.87207 46550.347 -66664.9 5080.6 -71745.5 631.97102
3.11 265.24562 -264.09116 46909.357 -66519.5 5067.96 -71587.5 639.6394
3.12 265.68859 -324.97066 47045.783 -66732.2 5076.42 -71808.6 639.78511
3.13 275.63823 -165.36079 47120.546 -66399.1 5266.53 -71665.6 638.70357
3.14 266.47431 601.06152 46622.034 -66903.2 5091.43 -71994.6 637.31371
3.15 269.1876 -145.66086 46960.665 -66602.6 5143.28 -71745.9 641.38514
3.16 266.74402 -557.70852 46967.846 -66872.4 5096.59 -71969 644.14015
3.17 270.61954 426.42475 46668 -66713.9 5170.64 -71884.6 643.46134
3.18 269.63047 245.41534 46733.91 -67073.7 5151.74 -72225.4 645.66736
3.19 267.62196 -586.99494 47051.952 -66555.1 5113.36 -71668.5 647.3528
3.2 266.11836 -47.484367 46962.05 -66596.2 5084.63 -71680.9 648.91233
3.21 268.26297 165.18771 46726.626 -66690.5 5125.61 -71816.1 648.96242
3.22 272.40126 655.22753 46514.165 -66615.3 5204.68 -71820 649.17739
3.23 260.55366 -292.55493 47096.912 -66582.2 4978.31 -71560.5 654.45454
3.24 264.04356 -712.43318 47095.943 -66885.5 5044.99 -71930.5 655.85902
3.25 265.61842 -368.32929 47144.439 -66602.3 5075.08 -71677.4 658.65046
3.26 256.38133 109.47632 46754.12 -66818.5 4898.59 -71717 655.10685
3.27 253.13313 335.53343 46820.46 -67047.4 4836.53 -71883.9 656.88797
3.28 267.98672 11.83781 46984.243 -66776.9 5120.33 -71897.2 660.40107
3.29 263.201 -262.87957 47027.966 -66741.4 5028.89 -71770.3 660.4599
3.3 271.88078 531.09798 46680.546 -66577.3 5194.73 -71772 661.82126
3.31 258.77749 -396.72419 47054.709 -66803 4944.37 -71747.4 663.3353
3.32 262.60257 222.44148 46683.605 -66662.9 5017.46 -71680.4 662.76557
3.33 260.52509 -29.297539 46808.417 -66791.2 4977.76 -71768.9 665.62222
3.34 269.10378 36.424157 47020.726 -66666.7 5141.67 -71808.3 670.45919
3.35 272.35337 853.45435 46312.784 -66565 5203.76 -71768.8 663.40367
3.36 273.32565 294.11356 46740.269 -66798.5 5222.34 -72020.8 665.83188
3.37 284.33697 214.71504 46680.632 -66548.1 5432.73 -71980.8 664.86335
3.38 262.24998 -733.66304 47261.202 -66874.7 5010.72 -71885.4 669.35179
3.39 262.8703 -237.66725 47115.541 -66483.4 5022.57 -71506 670.91761
3.4 271.4055 263.10267 46638.685 -66603.1 5185.65 -71788.8 668.20541
3.41 266.53088 -930.644 47266.818 -66488.3 5092.51 -71580.8 672.28176
3.42 265.74889 100.58254 46595.313 -66482.8 5077.57 -71560.4 669.65933
3.43 272.76118 -45.09996 47015.015 -66362.2 5211.55 -71573.8 678.27547
3.44 264.10497 -458.92944 47211.748 -66443 5046.16 -71489.2 680.56332
3.45 271.09536 -162.14272 47035.831 -66368.9 5179.73 -71548.7 678.45337
3.46 266.11611 -75.252575 46877.849 -66411.9 5084.59 -71496.5 678.83036
3.47 271.75688 891.53258 46244.073 -66344 5192.37 -71536.4 674.84476
3.48 251.78099 -197.46514 46881.267 -66803.2 4810.69 -71613.8 678.73838
3.49 275.16458 63.321812 46787.882 -66182.7 5257.48 -71440.2 677.44649
3.5 264.24105 -464.51477 46981.916 -66469.4 5048.76 -71518.2 680.19914
3.51 267.44235 412.58562 46494.168 -66282.4 5109.93 -71392.3 678.36866
3.52 266.81889 202.61722 46570.446 -66055.3 5098.02 -71153.3 678.87697
3.53 265.69601 302.94183 46656.445 -66515.4 5076.56 -71591.9 681.35849
3.54 274.59788 420.42953 46679.893 -66514.7 5246.65 -71761.4 683.21249
3.55 265.90528 18.335304 46801.54 -66633.8 5080.56 -71714.4 689.11359
3.56 263.79145 -379.35984 47042.904 -66782.9 5040.17 -71823.1 690.30613
3.57 267.41744 -417.6222 46892.555 -66449.5 5109.45 -71559 690.83207
3.58 262.31606 6.8235362 46917.957 -66763.6 5011.98 -71775.6 688.7453
3.59 270.69904 1015.8763 46254.718 -66661.2 5172.15 -71833.3 684.04123
3.6 273.3346 536.44318 46537.489 -66774.6 5222.51 -71997.1 686.18274
3.61 270.40807 -188.29491 47085.17 -66907.6 5166.59 -72074.2 690.32743
3.62 261.86973 -821.54927 47176.801 -67034.4 5003.46 -72037.9 689.64637
3.63 264.63479 328.883 46648.371 -66727.6 5056.29 -71783.9 685.92054
3.64 276.928 -51.384506 46903.645 -66463.5 5291.17 -71754.7 689.20462
3.65 251.36975 -55.18459 46716.838 -67015.4 4802.84 -71818.3 686.83723
3.66 266.19215 210.81118 46845.407 -66644 5086.04 -71730 688.35244
3.67 266.21963 502.99411 46596.149 -66925 5086.57 -72011.6 687.43158
3.68 263.19914 410.35279 46591.343 -66824.1 5028.86 -71852.9 684.57869
3.69 265.49891 253.97759 46639.974 -66485.7 5072.8 -71558.5 688.07337
3.7 266.02807 -478.04456 47081.979 -66422.2 5082.91 -71505.1 689.41626
3.71 267.22682 -228.26107 47061.053 -66471.3 5105.81 -71577.1 687.05592
3.72 265.8318 -845.05447 47145.084 -66515.1 5079.16 -71594.2 687.87694
3.73 262.52234 -264.81127 47010.725 -66262.3 5015.92 -71278.3 689.16386
3.74 264.54571 -295.62084 46977.453 -66480 5054.58 -71534.6 691.3354
3.75 271.83287 287.71936 46584.757 -66036.2 5193.82 -71230 691.83022
3.76 270.59757 147.29185 46847.771 -66186.1 5170.22 -71356.4 693.63298
3.77 276.26886 -678.47761 47418.979 -66319.6 5278.57 -71598.2 699.99954
3.78 276.75773 -58.265481 46920.099 -66274.8 5287.92 -71562.7 697.07357
3.79 266.1699 -209.89825 47134.672 -66519.4 5085.62 -71605 701.83234
3.8 271.8424 350.24655 46558.25 -66765.5 5194 -71959.5 700.25488
3.81 262.71834 206.978 46686.735 -66307.7 5019.67 -71327.4 703.02654
3.82 266.5389 -347.82517 46926.969 -66410.2 5092.67 -71502.9 707.70957
3.83 261.61564 -570.49931 47087.935 -66906.4 4998.6 -71905 713.75683
3.84 271.75522 -334.10159 46984.861 -66616.5 5192.33 -71808.8 713.91712
3.85 260.75374 600.52761 46656.187 -67180 4982.13 -72162.2 711.18539
3.86 266.38418 250.18569 46584.224 -66671.3 5089.71 -71761 713.03213
3.87 271.67997 289.07777 46725.877 -66472.4 5190.9 -71663.3 715.69354
3.88 266.30742 -240.34254 47078.227 -66621.4 5088.24 -71709.6 718.7915
3.89 270.57269 -221.03842 46879.964 -66561.3 5169.74 -71731.1 718.02914
3.9 269.47718 126.05552 46825.932 -66750.1 5148.81 -71898.9 719.34624
3.91 264.4203 -88.770468 46752.393 -66846.6 5052.19 -71898.8 721.29042
3.92 266.73851 -415.90928 47063.446 -66737.8 5096.48 -71834.2 726.97116
3.93 262.74772 -138.81726 46987.091 -66706 5020.23 -71726.3 725.40541
3.94 261.87057 468.73608 46619.21 -66714.4 5003.47 -71717.9 724.36904
3.95 275.29259 96.825401 46796.232 -66662.2 5259.92 -71922.1 722.70982
3.96 266.35984 -158.80096 46923.793 -66613.4 5089.25 -71702.6 726.17111
3.97 265.22867 -201.80571 46805.287 -67016.3 5067.63 -72083.9 725.46214
3.98 257.08566 -606.85378 47051.48 -66500.1 4912.05 -71412.1 729.68683
3.99 260.81435 -503.90329 46944.252 -66763.3 4983.29 -71746.5 729.25704
4 269.03835 -314.43179 46966.881 -66389.7 5140.42 -71530.1 730.744
4.01 278.4279 -440.74572 47153.62 -66152.3 5319.83 -71472.1 734.815
4.02 262.13629 -25.385917 46888.935 -66540.3 5008.55 -71548.9 738.72785
4.03 264.89337 -643.07684 47089.315 -66668.6 5061.23 -71729.8 741.15986
4.04 264.83084 -40.207403 46929.435 -66810 5060.03 -71870.1 741.60562
4.05 267.28419 451.61177 46462.182 -66768.7 5106.91 -71875.7 739.06829
4.06 270.25205 156.72215 46708.666 -66747.6 5163.61 -71911.2 743.26215
4.07 273.46048 265.07408 46617.565 -66997.1 5224.92 -72222 742.29011
4.08 276.73354 119.73831 46667.714 -66850.7 5287.45 -72138.1 743.07873
4.09 268.12275 -204.31053 47095.469 -67089.3 5122.93 -72212.3 750.1358
4.1 271.27066 237.28637 46605.538 -66612.6 5183.08 -71795.6 745.36718
4.11 270.26359 441.72176 46692.939 -66874.2 5163.83 -72038.1 749.96265
4.12 274.03755 102.77007 47021.701 -66543.2 5235.94 -71779.2 753.85347
4.13 259.55001 -208.3145 47018.373 -67072 4959.13 -72031.2 755.55274
4.14 263.02236 425.19815 46642.502 -66788.1 5025.48 -71813.6 749.20765
4.15 266.18919 -265.8963 46970.165 -66976.5 5085.99 -72062.4 749.54829
4.16 266.29955 309.10809 46850.597 -66752.5 5088.09 -71840.6 749.12033
4.17 267.417 -182.43763 46962.804 -66973.1 5109.45 -72082.5 748.64577
4.18 268.03294 -140.57666 46797.341 -66473.5 5121.21 -71594.7 748.63293
4.19 272.13849 518.68649 46622.208 -66762.2 5199.66 -71961.9 747.13225
4.2 272.40401 -582.6371 47256.149 -66727.7 5204.73 -71932.4 754.19891
4.21 277.53869 363.97608 46615.847 -66573.3 5302.84 -71876.2 749.72023
4.22 269.35546 527.35821 46429.23 -66912.2 5146.48 -72058.7 748.9794
4.23 277.21876 158.61535 46772.682 -66368.6 5296.72 -71665.3 752.09011
4.24 266.42678 93.593465 46824.319 -66669.8 5090.53 -71760.3 755.52561
4.25 269.28451 217.15062 46704.635 -66131.4 5145.13 -71276.6 756.06483
4.26 264.09636 -541.51814 47071.054 -66386.6 5046 -71432.6 758.91681
4.27 265.60085 -8.5595384 47009.991 -66571.9 5074.74 -71646.6 756.46727
4.28 270.96269 -223.56186 47083.184 -66582.6 5177.19 -71759.8 760.89243
4.29 277.34266 -423.7317 47254.975 -66429.5 5299.09 -71728.6 759.8668
4.3 264.52127 -126.67994 46868.61 -66660.4 5054.12 -71714.5 757.67501
4.31 271.1915 302.56359 46634.911 -66771.4 5181.56 -71953 757.15508
4.32 271.04942 82.007281 46816.022 -66557.8 5178.85 -71736.6 760.30081
4.33 271.49733 -213.84041 47008.239 -66671.9 5187.41 -71859.3 763.90731
4.34 274.26835 472.76616 46690.723 -66824.5 5240.35 -72064.8 762.35734
4.35 259.20964 250.40529 46662.918 -67181.6 4952.63 -72134.2 762.39589
4.36 269.99816 310.76854 46782.605 -66875.7 5158.76 -72034.4 764.92176
4.37 263.47228 60.541836 46834.033 -67166.8 5034.07 -72200.9 766.74946
4.38 266.51307 -157.37018 46911.263 -66996.4 5092.17 -72088.6 767.21065
4.39 265.68316 -792.29893 47365.279 -67127 5076.32 -72203.3 772.62222
4.4 276.791 -161.77692 46963.708 -66768.2 5288.55 -72056.7 769.20719
4.41 263.64241 112.5411 46715.851 -66853 5037.33 -71890.3 769.1463
4.42 267.44894 -582.37613 47208.638 -66736.4 5110.06 -71846.5 774.32423
4.43 259.9836 -232.81089 46977.644 -66828.1 4967.42 -71795.5 771.1086
4.44 268.93231 -653.18989 47015.854 -67123.8 5138.4 -72262.2 769.82463
4.45 273.0861 -111.4563 47046.219 -66769.4 5217.76 -71987.2 770.09105
4.46 268.04503 627.50875 46552.709 -67033.1 5121.44 -72154.5 766.91963
4.47 266.87904 -102.53795 46967.638 -66724.1 5099.17 -71823.2 770.65042
4.48 266.88629 -191.41744 46969.976 -66615.8 5099.31 -71715.1 772.23458
4.49 273.67935 -709.84451 47272.919 -66806.7 5229.1 -72035.8 775.91577
4.5 275.29682 -418.5986 47104.142 -66494.4 5260 -71754.4 776.19288
4.51 265.75954 -159.04803 47080.053 -66818.1 5077.78 -71895.9 776.28885
4.52 268.60944 189.03166 46633.676 -66678.8 5132.23 -71811 775.34809
4.53 266.04105 19.798301 46689.487 -66747.6 5083.16 -71830.7 776.88974
4.54 260.20374 -325.30128 46944.573 -67118.8 4971.62 -72090.4 777.62382
4.55 272.77928 -601.61762 47108.643 -66727.5 5211.9 -71939.4 780.09541
4.56 257.22543 569.42459 46633.461 -66933.2 4914.72 -71847.9 777.20931
4.57 265.47927 182.36886 46707.679 -66539.8 5072.42 -71612.2 780.10195
4.58 270.12201 -280.40551 46941.697 -66647.2 5161.13 -71808.3 782.67617
4.59 269.90048 -721.53518 47303.082 -66338.8 5156.9 -71495.7 786.47235
4.6 270.82133 -632.44828 47141.686 -66601.7 5174.49 -71776.2 785.55918
4.61 265.93297 229.72202 46770.793 -67001.7 5081.09 -72082.8 783.86584
4.62 268.87081 90.339829 46746.189 -66824.2 5137.22 -71961.4 783.94209
4.63 268.67856 150.1824 46730.758 -66539.8 5133.55 -71673.4 783.46203
4.64 269.56632 604.60619 46393.526 -66516.3 5150.51 -71666.8 782.82221
4.65 266.33325 -289.25256 46882.187 -66642.8 5088.74 -71731.5 789.17552
4.66 262.70534 -713.29502 47205.653 -66504 5019.42 -71523.5 793.47506
4.67 261.25133 -295.12894 46919.299 -66569.5 4991.64 -71561.1 791.38151
4.68 267.05773 0.74120759 47019.125 -66082 5102.58 -71184.6 793.745
4.69 261.66112 219.5336 46651.062 -66440.1 4999.47 -71439.6 789.91514
4.7 275.71773 137.11568 46706.258 -65848.3 5268.04 -71116.4 793.36423
4.71 267.18254 -355.50698 46909.186 -66305.4 5104.97 -71410.4 796.5831
4.72 269.22414 592.4571 46522.106 -66221.2 5143.97 -71365.2 792.72176
4.73 266.32833 119.67648 46644.935 -66536.5 5088.64 -71625.2 796.95733
4.74 272.68313 94.760948 46743.448 -66349.5 5210.06 -71559.5 797.64812
4.75 260.41254 -288.07904 47025.356 -66698.1 4975.61 -71673.7 802.57894
4.76 265.06126 203.81047 46858.342 -66753.3 5064.43 -71817.7 801.83239
4.77 271.43218 187.09199 46814.587 -66323.9 5186.16 -71510 804.41072
4.78 276.17436 -161.4146 46970.551 -66338.9 5276.77 -71615.7 807.57745
4.79 262.30329 -419.01868 47333.013 -66146.6 5011.74 -71158.4 812.83732
4.8 265.24658 811.46796 46297.373 -66511.7 5067.98 -71579.6 805.74595
4.81 281.51553 20.871641 46893.676 -66276 5378.82 -71654.8 809.41651
4.82 268.80862 534.90784 46621.799 -66742.4 5136.03 -71878.5 806.9666
4.83 258.28385 34.341057 46716.094 -66424.1 4934.94 -71359 811.28813
4.84 260.60092 -6.9195577 46907.325 -66711.6 4979.21 -71690.8 814.17905
4.85 270.42526 44.206062 46874.001 -66415.2 5166.92 -71582.1 813.43008
4.86 257.70925 -359.16421 46874.234 -66398.3 4923.96 -71322.2 815.28544
4.87 261.59668 -541.5982 47082.044 -66958.4 4998.24 -71956.6 816.9879
4.88 266.54817 -58.515259 47063.621 -66522.1 5092.85 -71614.9 817.33737
4.89 272.51151 -445.24277 47032.895 -66335.3 5206.78 -71542.1 817.30752
4.9 269.08905 -261.35475 47066.819 -66709 5141.39 -71850.4 820.8498
4.91 264.82618 163.76936 46764.287 -67061.4 5059.94 -72121.4 817.29909
4.92 277.56093 202.98819 46851.768 -66659.9 5303.26 -71963.2 817.2817
4.93 277.78156 -790.21127 47318.183 -66828.7 5307.48 -72136.2 822.88515
4.94 261.41563 -646.65854 47098.47 -66735.3 4994.78 -71730 819.75197
4.95 269.72792 233.35925 46739.168 -66913.5 5153.6 -72067.1 816.56593
4.96 272.37508 -184.9182 46822.961 -66457.2 5204.18 -71661.4 817.91972
4.97 267.10428 -28.767191 46849.923 -66828.9 5103.47 -71932.4 819.89146
4.98 263.62387 -24.661304 46768.54 -66681.6 5036.97 -71718.6 819.17072
4.99 264.84605 -9.4450717 46709.67 -66081.2 5060.32 -71141.5 821.56763
5 269.49075 166.11707 46748.057 -65958.2 5149.07 -71107.3 824.53638
5.01 264.05803 -115.13047 46754.613 -66336.6 5045.27 -71381.8 827.03432
5.02 264.40585 -314.0411 46889.496 -65966.4 5051.91 -71018.3 828.11113
5.03 272.38192 213.7623 46688.745 -66364.9 5204.31 -71569.2 827.30592
5.04 265.32458 145.11479 46546.225 -65847.9 5069.47 -70917.3 831.3394
5.05 263.22191 -90.021708 46854.809 -66080.1 5029.29 -71109.4 835.73416
5.06 275.54291 -809.66495 47200.701 -65882.1 5264.7 -71146.8 838.93629
5.07 268.59307 608.48063 46635.445 -66246.8 5131.92 -71378.7 838.5984
5.08 265.14975 155.61803 46547.103 -66512.1 5066.13 -71578.2 836.85768
5.09 263.41243 -492.55641 46997.708 -66151.4 5032.93 -71184.4 842.52161
5.1 276.96114 597.49383 46739.369 -66413 5291.8 -71704.8 842.44984
5.11 266.11797 139.36128 46582.092 -66797.8 5084.63 -71882.5 838.40765
5.12 267.94673 -273.95616 47124 -66683.4 5119.57 -71802.9 845.65388
5.13 252.49101 -453.44798 47038.868 -67019.3 4824.26 -71843.5 843.2873
5.14 265.19046 -312.37257 47223.48 -66972.9 5066.9 -72039.8 847.37951
5.15 265.5694 328.13444 46691.714 -66678.4 5074.14 -71752.6 839.01904
5.16 259.4787 -214.79788 47026.809 -67000.4 4957.77 -71958.1 842.88205
5.17 265.21962 -577.06823 47001.412 -66732.7 5067.46 -71800.2 841.98317
5.18 266.56127 -315.74618 47053.594 -66457.3 5093.1 -71550.4 841.60913
5.19 266.18927 301.45544 46504.187 -67061.8 5085.99 -72147.8 839.06428
5.2 275.19827 487.52671 46553.57 -66545.2 5258.12 -71803.3 840.66854
5.21 272.33042 237.21984 46664.677 -66778 5203.32 -71981.4 840.45363
5.22 274.87998 729.29367 46611.307 -66808.5 5252.04 -72060.5 840.70517
5.23 266.68318 207.18685 46617.199 -66668.8 5095.42 -71764.2 841.34219
5.24 266.97492 -58.494009 46836.955 -66691.6 5101 -71792.6 842.88667
5.25 266.0572 -612.82229 47245.274 -66507.9 5083.46 -71591.4 850.23103
5.26 273.80411 -331.52657 47044.697 -66595.5 5231.48 -71826.9 850.6138
5.27 266.80669 422.8569 46873.768 -66652.8 5097.78 -71750.6 851.60239
5.28 270.45283 -295.57001 47028.41 -66474.1 5167.45 -71641.6 854.2623
5.29 270.5006 -250.86879 47059.908 -66798.2 5168.36 -71966.6 855.90171
5.3 270.49092 133.23565 46909.004 -66463.4 5168.18 -71631.6 854.00722
5.31 271.82716 -271.54646 47131.075 -66668.3 5193.71 -71862 858.87794
5.32 261.96291 -218.07878 46980.386 -66873.5 5005.24 -71878.7 859.85292
5.33 264.75555 -66.510873 47015.75 -67028 5058.59 -72086.6 857.73616
5.34 264.80297 -290.6873 47217.03 -66889.4 5059.5 -71948.9 859.84124
5.35 256.34418 -265.19206 47166.732 -67027.5 4897.88 -71925.4 859.82359
5.36 263.9165 396.88788 46643.131 -66676 5042.56 -71718.5 856.19743
5.37 270.22974 -209.73462 47069.997 -66398.8 5163.19 -71562 865.59003
5.38 262.8268 444.00346 46475.932 -66976.9 5021.74 -71998.6 855.57794
5.39 272.8471 -202.21826 46924.504 -66514.7 5213.2 -71727.9 858.75545
5.4 262.67 -400.61341 46988.139 -66884.4 5018.75 -71903.1 862.7512
5.41 270.08081 86.945112 46948.914 -66737.8 5160.34 -71898.1 860.56515
5.42 268.77806 820.73708 46412.05 -66845.8 5135.45 -71981.3 857.7962
5.43 270.15857 -11.431881 46836.195 -66820.3 5161.83 -71982.1 863.23187
5.44 264.0546 535.82198 46509.998 -67150.5 5045.2 -72195.7 859.29664
5.45 280.8262 197.7743 46727.267 -66754.5 5365.65 -72120.2 864.64441
5.46 272.56539 125.83766 46774.008 -66520.4 5207.81 -71728.3 863.9393
5.47 258.53079 -2.5197905 46851.145 -66759.4 4939.66 -71699.1 868.62534
5.48 269.71295 506.09335 46528.681 -66589.9 5153.31 -71743.2 866.25703
5.49 257.29547 -173.24041 46851.383 -66848.8 4916.06 -71764.9 872.04645
5.5 264.71165 -401.90838 47196.032 -66631.5 5057.76 -71689.3 876.61836
5.51 265.28495 -321.62035 46976.607 -66490.3 5068.71 -71559 877.97178
5.52 266.77622 80.429861 46734.797 -66317.9 5097.2 -71415.1 876.45093
5.53 272.69114 395.55977 46639.831 -66395 5210.22 -71605.3 881.26465
5.54 272.93218 577.71354 46406.547 -66158.3 5214.82 -71373.1 881.52624
5.55 271.4952 -573.1681 47080.273 -66140.6 5187.37 -71327.9 888.10612
5.56 269.19495 -151.25663 46856.523 -66364.7 5143.42 -71508.1 891.70553
5.57 270.79219 625.50555 46532.05 -66462.2 5173.93 -71636.1 888.09829
5.58 269.84514 763.54421 46315.157 -66662.7 5155.84 -71818.6 886.76862
5.59 273.33232 532.6504 46645.8 -66705 5222.47 -71927.4 892.62926
5.6 263.47514 -565.5117 47100.227 -66861.5 5034.13 -71895.6 897.12046
5.61 270.65804 273.73215 46801.309 -66473.6 5171.37 -71645 896.79874
5.62 266.15369 -153.28542 46939.109 -66395 5085.31 -71480.3 901.1744
5.63 252.54977 -89.354306 46794.559 -66617.4 4825.38 -71442.7 902.11464
5.64 273.3571 231.52331 46617.138 -65982.5 5222.94 -71205.4 900.19694
5.65 267.12535 615.99821 46393.024 -65939.4 5103.87 -71043.3 896.32439
5.66 264.85434 304.05746 46549.079 -65939.7 5060.48 -71000.2 897.88522
5.67 268.47573 176.3391 46784.802 -66172.5 5129.67 -71302.2 906.02261
5.68 272.96092 -72.079865 46770.537 -66418.1 5215.37 -71633.5 908.4492
5.69 262.71425 -403.90619 47086.13 -66674.8 5019.59 -71694.4 914.93626
5.7 274.79726 192.50821 46804.428 -66676.1 5250.46 -71926.6 912.24814
5.71 274.60932 -54.509134 46775.271 -66906 5246.87 -72152.8 913.44841
5.72 268.57106 -463.27154 47130.911 -66832.8 5131.5 -71964.3 917.65471
5.73 262.17776 552.55047 46526.881 -67219.9 5009.34 -72229.2 909.76404
5.74 272.84603 55.164997 46939.709 -66782.6 5213.18 -71995.8 917.31323
5.75 264.33191 -693.01214 47180.878 -66758.1 5050.5 -71808.6 920.73492
5.76 270.21593 -214.26595 46931.68 -66880.4 5162.92 -72043.3 920.69629
5.77 267.51568 185.34976 46889.454 -66583.6 5111.33 -71694.9 921.27929
5.78 261.40253 487.38504 46650.898 -66439.9 4994.53 -71434.5 921.25592
5.79 271.08529 379.96165 46779.674 -66575 5179.53 -71754.5 923.12177
5.8 271.48054 -84.18038 46949.572 -66527.6 5187.09 -71714.7 928.94339
5.81 268.07624 -303.0489 47067.224 -66703.1 5122.04 -71825.2 931.17371
5.82 279.13731 82.993975 46882.976 -66301.6 5333.38 -71635 924.78767
5.83 265.04752 307.85222 46567.995 -66714.2 5064.17 -71778.3 921.80611
5.84 259.72625 -350.76219 46786.604 -66625.4 4962.5 -71587.9 925.46464
5.85 265.31845 -239.50406 46939.438 -66259.5 5069.35 -71328.8 928.98362
5.86 265.09136 -607.66917 47071.754 -66364.1 5065.01 -71429.1 937.76379
5.87 265.75924 47.266041 46756.942 -66400 5077.77 -71477.7 934.30929
5.88 277.51757 -425.87609 47107.367 -66265.3 5302.43 -71567.7 940.07496
5.89 266.07758 -167.27286 46956.631 -66621.6 5083.85 -71705.4 940.29131
5.9 277.51784 489.66991 46613.399 -66577 5302.44 -71879.4 938.12977
5.91 264.04592 -148.64986 46819.029 -66669.4 5045.04 -71714.4 944.70855
5.92 267.15355 516.92983 46524.549 -66812.7 5104.41 -71917.1 943.25024
5.93 263.06605 33.320088 46797.645 -67159.9 5026.31 -72186.3 946.34119
5.94 267.41926 -263.54548 47084.731 -66497 5109.49 -71606.5 953.79511
5.95 259.03752 475.48925 46670.496 -66455.4 4949.34 -71404.8 948.36547
5.96 255.81511 -448.21961 47179.197 -66772.8 4887.77 -71660.5 954.92751
5.97 272.16082 -238.66778 46931.446 -66401.8 5200.08 -71601.9 952.72679
5.98 261.7467 -579.34289 47175.21 -66930.9 5001.1 -71932 954.73618
5.99 273.53834 -234.04765 47122.202 -66461.9 5226.4 -71688.3 952.41271
6 267.19813 322.81395 46498.687 -66689.7 5105.26 -71794.9 947.20429
6.01 274.53346 572.01502 46555.27 -66445.3 5245.42 -71690.7 948.62565
6.02 262.09003 -363.0983 47099.039 -66759.8 5007.66 -71767.5 962.17121
6.03 275.85076 -439.36786 47093.564 -66636.4 5270.59 -71907 962.39909
6.04 271.61011 629.646 46609.127 -66560.7 5189.56 -71750.2 957.8541
6.05 262.79379 -221.53835 46865.978 -66606.3 5021.11 -71627.4 963.21906
6.06 271.44853 -509.33338 47203.599 -66547.3 5186.47 -71733.8 966.79227
6.07 274.09829 -83.861731 46976.225 -66401 5237.1 -71638.1 964.14132
6.08 260.39296 -26.984856 46835.805 -66703.9 4975.24 -71679.2 959.00132
6.09 268.65387 162.16393 46675.486 -66507.8 5133.08 -71640.9 957.84869
6.1 266.34297 -80.64774 46714.434 -66899.3 5088.92 -71988.3 960.68591
6.11 255.18699 -439.51559 46961.134 -66744.8 4875.77 -71620.6 963.98775
6.12 279.68589 -151.91668 46845.744 -66325.3 5343.86 -71669.2 961.5242
6.13 277.52244 595.34113 46533.326 -66634.3 5302.53 -71936.8 960.85293
6.14 268.34721 515.10197 46539.344 -66906.8 5127.22 -72034 958.36653
6.15 270.30405 127.13906 46783.651 -66640.3 5164.61 -71804.9 964.0776
6.16 269.22813 -709.40244 47298.883 -66820.5 5144.05 -71964.5 971.97686
6.17 265.06217 -192.48058 46954.339 -66970.1 5064.45 -72034.6 965.66448
6.18 266.26678 -183.88717 47197.617 -66702.8 5087.47 -71790.2 972.94302
6.19 263.22333 -455.37046 47120.422 -66840.7 5029.32 -71870 969.19514
6.2 257.81029 -635.30458 47249.726 -66750.3 4925.89 -71676.2 972.33827
6.21 269.923 -488.50723 47186.531 -67067.4 5157.33 -72224.7 973.08203
6.22 266.43955 116.49842 46668.498 -66531.3 5090.77 -71622 968.42734
6.23 266.02903 276.82329 46770.123 -66927.7 5082.93 -72010.6 975.56732
6.24 266.76578 264.59584 46763.152 -66792.3 5097 -71889.3 975.72105
6.25 265.79248 -394.0434 47111.031 -66765.4 5078.41 -71843.8 980.76302
6.26 268.5855 14.090086 46809.1 -66808.7 5131.77 -71940.5 979.26248
6.27 265.69587 -5.116339 46809.557 -66575.7 5076.56 -71652.3 978.51618
6.28 275.60155 409.57852 46598.346 -66142 5265.82 -71407.8 974.53707
6.29 266.07754 -345.12964 46979.097 -66262.6 5083.85 -71346.5 987.41554
6.3 266.80182 214.55444 46753.965 -66256 5097.69 -71353.7 984.39213
6.31 274.17863 690.74953 46523.954 -66076.3 5238.64 -71314.9 980.41807
6.32 274.08021 335.82926 46629.001 -66632.6 5236.76 -71869.4 982.72115
6.33 263.0388 -397.98616 47003.647 -66434.7 5025.79 -71460.5 992.38318
6.34 267.81826 17.494815 46735.501 -66715.6 5117.11 -71832.7 993.39898
6.35 270.21096 -410.05384 47034.176 -66297.9 5162.83 -71460.7 997.63551
6.36 267.3183 -559.12674 47289.329 -66529.5 5107.56 -71637 1004.7029
6.37 263.45907 266.17484 46542.141 -66236.7 5033.82 -71270.5 996.46871
6.38 266.23272 -149.89512 46889.342 -66316.1 5086.82 -71402.9 1005.8591
6.39 266.90936 186.30812 46806.269 -66695.2 5099.75 -71795 1008.9512
6.4 276.21935 277.42068 46499.979 -65990.3 5277.63 -71268 1007.8492
6.41 258.91381 -99.461863 46879.082 -66292.2 4946.98 -71239.2 1014.6915
6.42 268.56235 -624.74755 47063.593 -65909.4 5131.33 -71040.7 1015.5594
6.43 266.07704 -388.37964 47013.12 -65900.9 5083.84 -70984.7 1014.2671
6.44 265.33939 -308.3702 46972.272 -66227 5069.75 -71296.8 1012.9733
6.45 263.47188 602.04328 46631.229 -66343.9 5034.07 -71378 1015.5348
6.46 271.97232 499.66339 46526.668 -66381.8 5196.48 -71578.3 1011.8664
6.47 272.16399 -352.30919 46985.615 -66265.2 5200.14 -71465.4 1020.0208
6.48 263.25219 -533.57786 47028.056 -66608.3 5029.87 -71638.2 1020.4551
6.49 267.2231 700.8982 46470.5 -66311.2 5105.74 -71416.9 1012.9212
6.5 254.58838 -14.046928 46702.111 -66850.4 4864.33 -71714.7 1017.2819
6.51 270.52789 -343.4932 46806.566 -66544.9 5168.88 -71713.8 1020.771
6.52 276.04924 427.31059 46706.239 -66065.8 5274.38 -71340.2 1028.2741
6.53 269.85154 357.74437 46677.209 -66476.7 5155.96 -71632.7 1030.4762
6.54 267.16653 -92.771281 46924.039 -66288.6 5104.66 -71393.2 1035.8124
6.55 267.37596 -553.38873 47056.901 -66233.8 5108.66 -71342.5 1040.4736
6.56 264.53086 -450.32674 46984.586 -66508.5 5054.3 -71562.8 1042.2025
6.57 266.60396 -366.34081 46981.832 -66494.7 5093.91 -71588.6 1045.1464
6.58 269.97505 78.638343 46646.087 -66632 5158.32 -71790.3 1037.3013
6.59 263.12347 671.344 46484.675 -67122.5 5027.41 -72149.9 1035.6713
6.6 259.32416 -266.05839 46858.468 -66740.9 4954.82 -71695.7 1040.0803
6.61 267.66489 664.67148 46485.854 -66595.4 5114.18 -71709.5 1033.978
6.62 268.04352 480.69952 46571.301 -66458.3 5121.42 -71579.7 1038.1707
6.63 267.50703 -134.13597 46913.836 -66637 5111.17 -71748.2 1043.1542
6.64 266.89052 -100.46794 46785.408 -66862.7 5099.39 -71962.1 1046.0539
6.65 272.12969 -38.216684 46796.017 -66493.8 5199.49 -71693.2 1043.0496
6.66 271.02958 618.95487 46436.357 -66694.2 5178.47 -71872.7 1038.7945
6.67 270.33109 793.7322 46416.404 -66914.6 5165.12 -72079.7 1040.3974
6.68 267.15969 -54.925304 46843.444 -66684.3 5104.53 -71788.8 1045.5648
6.69 264.69337 -759.60748 47255.52 -66914.6 5057.41 -71972 1051.1545
6.7 273.39796 8.6667987 46864.587 -66652.7 5223.72 -71876.5 1047.2719
6.71 263.74907 -468.21025 46975.752 -66712.5 5039.36 -71751.9 1050.2101
6.72 270.91437 -343.57948 47145.969 -66521.8 5176.27 -71698.1 1051.1625
6.73 269.39798 -235.89179 47061.309 -66739.7 5147.3 -71887 1052.857
6.74 261.79604 293.26653 46561.826 -66481 5002.05 -71483 1048.7688
6.75 271.28587 672.53282 46460.306 -66712.9 5183.37 -71896.3 1049.3929
6.76 268.81523 -409.82939 46917.49 -66665.9 5136.16 -71802.1 1058.3123
6.77 266.64736 -190.28648 47134.284 -66820.4 5094.74 -71915.2 1062.6106
6.78 274.62172 710.03668 46607.734 -66638.6 5247.1 -71885.7 1057.6406
6.79 256.47267 27.05798 46817.761 -66801.5 4900.34 -71701.9 1059.7495
6.8 270.19725 151.572 46585.991 -66381 5162.57 -71543.6 1056.907
6.81 260.8261 339.53528 46586.813 -66710.5 4983.52 -71694 1056.5965
6.82 265.97137 -399.10492 47081.289 -66679.4 5081.82 -71761.2 1062.478
6.83 275.90178 441.30321 46771.064 -66352.4 5271.56 -71624 1060.6795
6.84 270.87713 44.198173 46731.894 -66622.1 5175.56 -71797.7 1060.5713
6.85 269.49733 803.08983 46437.412 -66511.2 5149.19 -71660.4 1059.9179
6.86 262.53161 564.93011 46493.382 -66493.9 5016.1 -71510 1060.7025
6.87 266.85102 329.80833 46689.377 -66981.4 5098.63 -72080 1065.5717
6.88 271.29896 228.23608 46837.995 -66969.2 5183.62 -72152.8 1068.3471
6.89 277.96687 -375.84669 46991.751 -66654 5311.02 -71965.1 1071.8217
6.9 270.48265 -175.85035 46920.534 -66857.9 5168.02 -72025.9 1076.4076
6.91 272.27053 560.96561 46605.879 -66614.7 5202.18 -71816.9 1072.0025
6.92 270.36717 -12.327961 47003.073 -66656.2 5165.81 -71822 1080.1218
6.93 259.47767 -201.96509 46859.887 -66812.5 4957.75 -71770.2 1078.1604
6.94 272.19854 206.76105 46797.789 -66822.4 5200.8 -72023.2 1076.5548
6.95 271.59322 171.36428 46813.518 -66613.3 5189.24 -71802.5 1078.382
6.96 267.27476 626.447 46486.555 -66691.8 5106.73 -71798.6 1074.3239
6.97 269.21075 431.15015 46559.868 -66664.5 5143.72 -71808.2 1076.5546
6.98 272.76741 531.37882 46561.255 -66453.7 5211.67 -71665.3 1077.0078
6.99 265.02558 259.00371 46676.991 -66833.3 5063.75 -71897 1083.3741
7 273.55596 -88.600019 46825.632 -66386.1 5226.74 -71612.8 1085.3847
7.01 267.38297 836.66824 46543.448 -66554.9 5108.79 -71663.7 1081.4152
7.02 271.59683 -203.61836 47080.933 -66617.9 5189.31 -71807.2 1090.9825
7.03 248.87827 -164.80606 46821.639 -67287.1 4755.23 -72042.4 1091.3301
7.04 269.7656 494.73618 46569.264 -66712.6 5154.32 -71866.9 1089.1021
7.05 276.14442 295.40071 46810.445 -66651.9 5276.2 -71928.1 1093.3617
7.06 260.44084 -335.45439 47166.382 -66735.2 4976.15 -71711.4 1100.1724
7.07 271.82757 11.474686 46805.172 -66463.7 5193.72 -71657.4 1096.9185
7.08 269.23682 127.95009 46756.83 -66710.5 5144.22 -71854.7 1099.442
7.09 275.66954 -742.1839 47316.928 -66330.8 5267.12 -71597.9 1107.5246
7.1 263.22194 -134.62109 46816.002 -66624.2 5029.29 -71653.5 1100.9076
7.11 262.81519 -353.5249 47123.48 -66654.1 5021.52 -71675.7 1109.255
7.12 266.31454 -195.20812 47017.234 -66512.1 5088.38 -71600.5 1109.1731
7.13 265.0305 373.90631 46588.062 -66537.9 5063.85 -71601.7 1103.5616
7.14 277.88983 579.37004 46436.407 -66145.5 5309.55 -71455.1 1104.1737
7.15 275.07009 126.09407 46729.731 -66697.9 5255.67 -71953.6 1106.0537
7.16 265.78704 397.7124 46484.326 -66641.5 5078.3 -71719.8 1104.7469
7.17 268.35838 -433.10889 47029.731 -66466.6 5127.43 -71594.1 1109.803
7.18 259.85441 -860.62137 47344.715 -66731 4964.95 -71695.9 1119.8767
7.19 257.31666 -567.85118 46956.611 -66747.8 4916.46 -71664.3 1116.0304
7.2 264.27143 222.24596 46791.954 -66601.7 5049.34 -71651 1114.2519
7.21 277.60135 358.76767 46501.205 -66338.1 5304.03 -71642.1 1112.8125
7.22 270.42703 -558.47524 47230.775 -66112.4 5166.96 -71279.3 1123.1833
7.23 271.52842 320.66701 46501.834 -66057.1 5188 -71245.1 1116.1051
7.24 271.67782 558.91305 46472.136 -66522.9 5190.86 -71713.7 1117.8729
7.25 270.96645 120.71207 46739.085 -66314.1 5177.26 -71491.4 1119.4484
7.26 272.77194 228.38235 46667.174 -66437.6 5211.76 -71649.3 1122.2048
7.27 265.08283 216.51184 46696.986 -66329.3 5064.85 -71394.1 1123.7123
7.28 268.50168 529.27388 46545.708 -66708.5 5130.17 -71838.6 1122.0983
7.29 266.1805 604.83359 46481.853 -66470.9 5085.82 -71556.7 1118.336
7.3 276.12424 -408.11499 46996.321 -66186.5 5275.81 -71462.3 1128.8083
7.31 265.69123 -544.74849 47131.468 -66512.1 5076.47 -71588.6 1131.2328
7.32 268.55029 407.39171 46668.974 -66568.7 5131.1 -71699.8 1121.5659
7.33 263.92939 62.806767 46735.029 -66873.6 5042.81 -71916.4 1122.6358
7.34 272.21966 -548.35888 47088.92 -66476.1 5201.21 -71677.3 1128.1193
7.35 257.14426 -152.5706 46763.933 -66984.1 4913.17 -71897.2 1128.6434
7.36 272.60053 -320.22542 47099.15 -66636 5208.49 -71844.5 1132.7362
7.37 263.25464 72.1575 46862.832 -67046.1 5029.92 -72076 1131.1895
7.38 270.26647 246.60578 46793.551 -66731.4 5163.89 -71895.3 1134.1358
7.39 255.7199 90.875278 46792.327 -67192.1 4885.95 -72078.1 1133.3902
7.4 271.35186 331.23788 46720.11 -66811.2 5184.63 -71995.9 1134.0686
7.41 269.61507 268.26022 46730.187 -66917.4 5151.44 -72068.8 1132.0653
7.42 275.58245 -585.54963 47146.271 -66675.2 5265.46 -71940.6 1137.3147
7.43 268.46134 -44.728597 46799.801 -66785.8 5129.4 -71915.2 1132.9382
7.44 274.42953 -34.533854 46925.664 -66604.3 5243.43 -71847.8 1137.4434
7.45 259.90093 -48.15365 46828.281 -67027.7 4965.84 -71993.5 1137.3107
7.46 276.21244 299.79058 46745.664 -66792.1 5277.5 -72069.6 1138.9232
7.47 261.6494 182.78384 46698.516 -67154.5 4999.25 -72153.8 1137.8838
7.48 269.11646 232.29974 46792.637 -66798.6 5141.92 -71940.5 1140.1028
7.49 263.52247 40.917494 46710.121 -67172.9 5035.03 -72208 1136.5934
7.5 273.75714 625.11058 46586.494 -66666.3 5230.58 -71896.9 1135.0986
7.51 261.50574 -418.66383 47062.188 -66952.5 4996.5 -71949 1140.9378
7.52 277.70642 87.626796 46800.155 -66457.4 5306.04 -71763.4 1135.5781
7.53 265.73724 123.61337 46708.652 -66658.9 5077.35 -71736.2 1137.1672
7.54 262.16876 498.91631 46555.996 -66770.2 5009.17 -71779.4 1140.8694
7.55 268.54114 620.03929 46601.824 -66572.8 5130.92 -71703.8 1142.1477
7.56 275.59934 -379.82123 47170.089 -66440 5265.78 -71705.8 1154.9123
7.57 264.21646 366.43967 46702.705 -66768.3 5048.29 -71816.6 1149.1521
7.58 273.71178 -276.35269 47020.933 -66450.2 5229.72 -71679.9 1156.2302
7.59 264.90471 -159.18562 46968.094 -66714.4 5061.44 -71775.8 1153.8889
7.6 265.52501 -100.43753 46707.524 -66793 5073.3 -71866.3 1153.9814
7.61 283.01673 46.117446 46983.647 -66187.9 5407.5 -71595.4 1158.7643
7.62 275.11059 401.88951 46700.922 -66683.2 5256.44 -71939.6 1156.7569
7.63 276.94816 -297.83565 46870.803 -66309.2 5291.55 -71600.8 1165.0217
7.64 268.262 -839.69685 47263.065 -66517 5125.59 -71642.6 1177.7558
7.65 261.74514 185.63562 46863.366 -66621.2 5001.07 -71622.2 1174.8226
7.66 269.35173 -176.92672 46791.403 -66571.1 5146.41 -71717.5 1172.7648
7.67 268.5196 -126.47828 46908.178 -66738.5 5130.51 -71869.1 1177.2404
7.68 274.00364 -608.24952 47411.861 -66701.6 5235.29 -71936.9 1188.5862
7.69 265.36497 -23.65181 46720.907 -67037 5070.24 -72107.2 1180.3166
7.7 265.69601 212.49219 46561.462 -66793.8 5076.56 -71870.4 1178.1266
7.71 270.58222 75.45325 46586.378 -67064.2 5169.92 -72234.1 1179.5311
7.72 274.17855 73.461177 46837.716 -66516.7 5238.64 -71755.4 1189.3435
7.73 264.55045 -207.36891 46884.906 -66715.5 5054.68 -71770.1 1188.7482
7.74 255.78095 -339.82021 46879.108 -67051.6 4887.12 -71938.7 1189.312
7.75 271.41133 -948.57959 47239.352 -66583.2 5185.76 -71768.9 1189.8542
7.76 264.50832 7.3134792 46906.02 -66728.9 5053.87 -71782.7 1184.0153
7.77 272.2999 122.00509 46477.872 -66466.3 5202.74 -71669.1 1181.9282
7.78 271.98053 -13.793566 46923.571 -66315.3 5196.64 -71512 1184.8947
7.79 268.79482 385.31938 46634.048 -66688 5135.77 -71823.8 1182.1574
7.8 260.68844 -296.14284 46887.044 -66916.6 4980.89 -71897.5 1184.6426
7.81 268.27031 131.04248 46830.532 -66721.6 5125.75 -71847.4 1186.3154
7.82 267.94554 427.98431 46501.581 -66647.1 5119.54 -71766.7 1180.261
7.83 269.25947 280.90678 46836.474 -66503.8 5144.65 -71648.4 1189.4227
7.84 258.78977 -48.582004 46991.403 -66958.6 4944.61 -71903.2 1193.0483
7.85 264.66368 -421.88878 47095.093 -66720.7 5056.84 -71777.6 1194.1658
7.86 263.77674 -533.74184 47088.704 -66840.1 5039.89 -71880 1199.5218
7.87 271.44489 162.51026 46787.131 -66685.6 5186.4 -71872 1194.7079
7.88 274.36723 333.92996 46625.801 -66329.9 5242.24 -71572.2 1194.0458
7.89 264.42616 -271.54288 47061.145 -66676 5052.3 -71728.3 1203.5991
7.9 277.57912 306.21807 46737.953 -66259.5 5303.61 -71563.1 1198.1152
7.91 274.31472 -199.51475 46939.069 -66259.1 5241.24 -71500.4 1200.614
7.92 271.75477 73.274668 46794.673 -66339 5192.33 -71531.4 1202.2024
7.93 265.90126 -153.59427 46794.12 -66142.6 5080.48 -71223.1 1202.6286
7.94 264.22183 89.163758 46871.717 -66697.1 5048.4 -71745.5 1206.7165
7.95 272.07716 -405.97688 47166.906 -66196.4 5198.49 -71394.9 1209.1991
7.96 274.8476 -420.08451 46767.792 -66036.6 5251.42 -71288 1207.9014
7.97 263.41572 421.05034 46508.093 -66367.8 5032.99 -71400.8 1200.0433
7.98 266.05632 837.54867 46298.871 -66331.7 5083.45 -71415.2 1196.4125
7.99 259.4427 -24.56337 46830.665 -66324.4 4957.08 -71281.5 1204.8427
8 263.65624 551.48153 46593.404 -66068.7 5037.59 -71106.3 1202.8931
8.01 265.922 -217.43203 46882.933 -65320.8 5080.88 -70401.7 1203.3687
8.02 271.39652 475.31162 46483.693 -65601.1 5185.48 -70786.6 1199.9164
8.03 273.07178 -279.02021 46947.715 -65522.6 5217.49 -70740.1 1208.14
8.04 275.23214 141.51963 46643.62 -65529.3 5258.77 -70788.1 1205.5302
8.05 265.95275 450.22257 46516.787 -65431.8 5081.47 -70513.2 1205.6237
8.06 269.79476 -346.32334 46960.131 -65705.6 5154.88 -70860.5 1214.1264
8.07 266.83189 339.99143 46698.087 -65736.2 5098.27 -70834.5 1212.3746
8.08 267.35965 -216.80011 46732.347 -65296.2 5108.35 -70404.5 1225.4074
8.09 274.77767 -332.97443 46974.321 -65168.2 5250.08 -70418.3 1238.8796
8.1 265.42009 396.97966 46445.447 -65698.4 5071.29 -70769.7 1234.583
8.11 259.05134 -234.3988 46837.288 -66044.8 4949.61 -70994.4 1239.2878
8.12 266.74539 -390.40921 47021.904 -65644.7 5096.61 -70741.3 1240.2215
8.13 267.50349 170.61923 46562.201 -65693.3 5111.1 -70804.4 1236.872
8.14 277.44946 254.61785 46749.189 -65935.8 5301.13 -71237 1238.5704
8.15 270.19673 -14.242007 46868.361 -66243.4 5162.56 -71406 1245.5594
8.16 265.5065 -606.02538 47074.243 -66302.3 5072.94 -71375.2 1241.4986
8.17 264.20566 -637.8065 47107.134 -66302.1 5048.09 -71350.2 1244.0635
8.18 270.88888 174.24042 46575.809 -66388.8 5175.78 -71564.6 1231.6532
8.19 270.98199 70.891461 46650.725 -66310.4 5177.56 -71488 1231.7116
8.2 274.29886 -292.97765 46791.632 -66375.3 5240.93 -71616.3 1235.9051
8.21 273.29648 478.46023 46650.936 -66177.5 5221.78 -71399.3 1237.1456
8.22 259.51383 -454.95357 47125.181 -66626.4 4958.44 -71584.8 1248.2779
8.23 276.36082 103.80163 46653.674 -66197.4 5280.33 -71477.8 1243.0895
8.24 254.36851 327.64908 46554.054 -66335.1 4860.13 -71195.3 1245.377
8.25 269.37759 2.0870491 46766.293 -66505 5146.91 -71651.9 1250.1368
8.26 276.87466 103.92839 46670.461 -66402.6 5290.15 -71692.8 1250.1095
8.27 265.96385 1182.3327 46000.944 -66551.3 5081.68 -71633 1237.2164
8.28 257.86068 -46.100653 46904.363 -66648.7 4926.86 -71575.5 1252.4419
8.29 266.03489 -372.8414 47076.082 -66470.9 5083.04 -71553.9 1256.4968
8.3 265.59488 473.70307 46677.198 -66356.9 5074.63 -71431.5 1250.7505
8.31 263.71922 491.84143 46407.947 -66326.3 5038.79 -71365.1 1248.7609
8.32 269.18943 -205.99504 46993.219 -66264 5143.31 -71407.3 1258.1247
8.33 267.45424 202.49627 46551.223 -66748.5 5110.16 -71858.6 1255.5103
8.34 265.89324 -390.04102 46964.97 -66530.6 5080.33 -71611 1262.6396
8.35 263.79786 -802.97914 47329.435 -66710.4 5040.3 -71750.7 1271.5326
8.36 274.19368 377.74015 46688.176 -66573 5238.92 -71812 1258.2037
8.37 278.52382 564.76015 46620.463 -66230.6 5321.66 -71552.3 1258.8954
8.38 264.97204 210.85254 46824.115 -66760.1 5062.73 -71822.9 1264.9296
8.39 268.26019 503.45453 46569.481 -67095.2 5125.56 -72220.8 1261.4866
8.4 265.63849 -306.83011 46987.378 -66707.9 5075.46 -71783.3 1269.2662
8.41 261.24282 -494.17129 47114.124 -66989.1 4991.48 -71980.6 1273.3434
8.42 266.26892 219.51229 46748.452 -66650.8 5087.51 -71738.3 1267.3669
8.43 264.71681 409.70482 46496.407 -67099.2 5057.85 -72157.1 1263.1162
8.44 266.24893 177.85643 46710 -66689.4 5087.13 -71776.5 1266.1238
8.45 261.63759 -195.39698 46948.464 -66913.2 4999.02 -71912.2 1271.707
8.46 263.08769 -594.00102 47090.291 -66771.8 5026.73 -71798.6 1276.304
8.47 260.69209 710.53993 46393.606 -66876.6 4980.95 -71857.6 1267.5081
8.48 281.50403 -85.908678 46900.532 -66386 5378.6 -71764.6 1276.4505
8.49 268.29893 48.876407 46727.744 -66658.2 5126.3 -71784.5 1270.63
8.5 273.20152 -259.46405 47108.916 -66821.6 5219.97 -72041.6 1279.0981
8.51 264.66253 -182.16084 46943.212 -66767.3 5056.82 -71824.1 1276.0675
8.52 268.87099 653.06454 46592.496 -66384.8 5137.23 -71522 1271.6016
8.53 261.44261 -254.86938 46998.393 -67074.5 4995.29 -72069.8 1275.4694
8.54 268.29687 559.79557 46526.661 -66638.5 5126.26 -71764.7 1268.5468
8.55 269.48758 645.02639 46526.617 -66628.6 5149.01 -71777.6 1267.1754
8.56 265.05424 -13.021676 46820.538 -66632.7 5064.3 -71697 1275.4728
8.57 263.83345 51.568779 46674.152 -66946.5 5040.98 -71987.4 1277.2584
8.58 277.22794 -391.83025 47058.67 -66597.1 5296.9 -71894 1282.7686
8.59 266.51742 -147.35958 46894.272 -66533.7 5092.26 -71626 1283.536
8.6 266.6312 139.21374 46904.467 -66420 5094.43 -71514.4 1284.5074
8.61 266.32659 -483.7443 47034.617 -66220.6 5088.61 -71309.2 1292.9032
8.62 267.36737 -521.14624 47113.469 -66392.4 5108.5 -71500.9 1300.1747
8.63 267.20584 8.2836082 46776.01 -66367.2 5105.41 -71472.6 1291.7837
8.64 277.27509 353.39168 46753.652 -66218.3 5297.8 -71516.1 1290.9833
8.65 268.9073 356.67196 46576.924 -66065 5137.92 -71203 1284.5946
8.66 271.3058 145.98971 46545.701 -66381.6 5183.75 -71565.4 1282.2223
8.67 264.14516 657.97038 46496.628 -66191.2 5046.93 -71238.2 1284.0089
8.68 266.30685 -190.0616 46580.923 -66455.8 5088.23 -71544.1 1286.5573
8.69 253.3722 -105.21552 46987.288 -66678.5 4841.1 -71519.6 1295.7696
8.7 265.99517 -441.18957 47001.909 -66435.3 5082.28 -71517.6 1302.1852
8.71 263.31996 -617.47409 47224.175 -66638.8 5031.16 -71670 1307.9321
8.72 273.47542 323.97564 46515.028 -66496.6 5225.2 -71721.8 1297.8927
8.73 275.1663 -588.33486 47202.605 -66607.5 5257.51 -71865 1309.487
8.74 256.68155 372.67656 46651.485 -66782.1 4904.33 -71686.4 1301.5444
8.75 267.67587 43.833579 46600.309 -66710.6 5114.39 -71825 1304.8182
8.76 266.49573 -44.859038 46974.704 -66609.9 5091.84 -71701.7 1314.9689
8.77 265.52926 -65.807386 46862.395 -66669.5 5073.38 -71742.9 1312.0323
8.78 262.69823 -170.43152 47068.468 -66678 5019.29 -71697.3 1313.1043
8.79 270.81209 272.21031 46714.785 -66532.7 5174.31 -71707 1308.3323
8.8 267.7778 275.49545 46703.771 -66964.1 5116.34 -72080.5 1308.1585
8.81 263.66314 -109.92472 46665.388 -66611.6 5037.72 -71649.3 1311.5219
8.82 261.87963 254.76287 46487.61 -66511.4 5003.64 -71515.1 1308.8285
8.83 260.93224 -36.334228 46815.73 -66838.9 4985.54 -71824.4 1315.0322
8.84 270.0904 49.707618 46688.51 -66645.6 5160.53 -71806.2 1311.7457
8.85 265.55853 134.83926 46653.154 -66661.3 5073.94 -71735.3 1315.2328
8.86 269.30651 655.06483 46252.948 -66627.6 5145.55 -71773.2 1309.1664
8.87 266.53022 83.354748 46816.307 -66313.7 5092.5 -71406.2 1328.2327
8.88 267.57 -487.42993 46990.36 -66252.7 5112.37 -71365.1 1333.721
8.89 264.81525 -383.90691 47053.576 -65952.6 5059.73 -71012.4 1341.2567
8.9 266.23452 406.91127 46574.057 -66342.5 5086.85 -71429.3 1332.5655
8.91 261.99153 183.05795 46697.706 -66405.9 5005.78 -71411.6 1337.9469
8.92 264.44427 98.684436 46666.429 -66401.4 5052.65 -71454.1 1339.5916
8.93 278.73755 426.77596 46502.178 -66094.5 5325.74 -71420.3 1341.1054
8.94 264.63349 592.99872 46620.79 -66345.1 5056.26 -71401.3 1343.595
8.95 272.19153 -69.717016 46998.977 -66639 5200.67 -71839.7 1354.6821
8.96 277.0826 467.6144 46511.852 -66335.9 5294.12 -71630.1 1344.9167
8.97 258.17824 806.95783 46328.602 -66712.8 4932.92 -71645.7 1344.7061
8.98 286.7482 -436.4267 47216.917 -66151.7 5478.8 -71630.5 1359.4244
8.99 273.69958 -810.44762 47220.152 -66602.7 5229.48 -71832.2 1360.2971
9 270.02359 661.97227 46291.206 -66427.1 5159.25 -71586.3 1349.6825
9.01 269.52285 729.74216 46437.797 -66624.1 5149.68 -71773.8 1355.7402
9.02 267.61511 -236.97094 46977.843 -66754.5 5113.23 -71867.7 1363.6416
9.03 271.14289 -315.0389 47096.73 -66512.4 5180.63 -71693 1366.5779
9.04 271.55399 30.783529 46822.82 -66943 5188.49 -72131.5 1363.502
9.05 265.51817 275.11011 46640.458 -66595 5073.16 -71668.2 1360.7491
9.06 270.17851 510.09671 46519.873 -66919.7 5162.21 -72081.9 1361.9619
9.07 260.3262 37.34583 46830.258 -66786 4973.96 -71760 1369.4451
9.08 270.32121 -642.87968 47176.326 -66614.2 5164.94 -71779.1 1371.9155
9.09 270.67039 445.3263 46590.635 -66753.2 5171.61 -71924.8 1364.9994
9.1 270.45922 -22.733661 46824.29 -66493.3 5167.57 -71660.9 1369.8011
9.11 265.41306 -535.19562 47177.92 -66671.7 5071.16 -71742.8 1378.9022
9.12 263.19506 -139.01184 47019.215 -66297.3 5028.78 -71326 1374.9713
9.13 271.3998 560.43741 46503.951 -66431.1 5185.54 -71616.7 1370.4816
9.14 265.61935 378.8968 46786.868 -66767.7 5075.1 -71842.8 1375.9923
9.15 271.51905 -671.77319 47228.855 -66585.8 5187.82 -71773.6 1383.0924
9.16 262.20871 -330.93089 46885.146 -66606.5 5009.93 -71616.5 1379.9947
9.17 268.88379 -96.739333 46868.358 -66745 5137.47 -71882.4 1382.5198
9.18 269.18821 202.25241 46692.255 -66448.4 5143.29 -71591.7 1381.5736
9.19 265.94225 662.10907 46498.107 -66844.8 5081.27 -71926.1 1379.1597
9.2 263.61315 504.83839 46778.862 -66995.9 5036.77 -72032.7 1387.9202
9.21 283.13011 49.127486 46916.779 -66270.9 5409.67 -71680.6 1390.8303
9.22 263.18113 122.45066 46826.599 -66611 5028.51 -71639.5 1389.0055
9.23 265.47142 540.61643 46558.22 -66939.4 5072.27 -72011.6 1383.8186
9.24 262.10645 451.21779 46473.115 -66917.6 5007.98 -71925.5 1381.4821
9.25 263.44363 -444.60376 47017.68 -66636.1 5033.53 -71669.7 1394.4382
9.26 264.27122 -99.790269 46828.329 -66824.9 5049.34 -71874.2 1390.7469
9.27 266.45628 255.1069 46723.251 -66483 5091.09 -71574.1 1392.6295
9.28 265.84631 -799.45043 47214.837 -66796.5 5079.43 -71875.9 1403.7255
9.29 267.45202 362.50143 46629.219 -66602.2 5110.11 -71712.3 1394.3989
9.3 264.52757 468.81239 46657.707 -66732.8 5054.24 -71787 1395.633
9.31 270.9449 -381.22749 47182.137 -66470.3 5176.85 -71647.1 1411.0638
9.32 262.86324 -482.1224 47193.785 -66661.4 5022.44 -71683.9 1413.1945
9.33 273.95756 553.35663 46450.411 -66802.5 5234.41 -72036.9 1403.0962
9.34 268.62587 561.05033 46561.731 -66485.6 5132.54 -71618.1 1404.6954
9.35 270.11454 -476.46047 47133.923 -66586.2 5160.99 -71747.2 1415.6684
9.36 251.99732 -398.10397 47009.12 -67027.9 4814.83 -71842.7 1418.6213
9.37 270.43971 -214.57225 46904.95 -66585.6 5167.2 -71752.8 1414.7473
9.38 267.73464 331.59035 46577.441 -66620.8 5115.51 -71736.3 1408.7715
9.39 265.59638 557.51964 46422.38 -66777.9 5074.66 -71852.6 1402.7553
9.4 263.0841 257.9959 46758.092 -67298 5026.66 -72324.6 1410.7341
9.41 277.21929 605.3871 46582.928 -66644.7 5296.73 -71941.4 1404.9955
9.42 260.7029 42.33594 46761.345 -67029.5 4981.16 -72010.6 1411.3002
9.43 268.43609 452.58826 46665.409 -66881.1 5128.92 -72010 1408.7097
9.44 265.94333 386.2141 46649.513 -66771.5 5081.29 -71852.8 1404.0388
9.45 277.47804 228.02471 46780.542 -66445.6 5301.68 -71747.2 1408.1185
9.46 260.15798 379.05209 46684.376 -66670.6 4970.75 -71641.4 1407.4814
9.47 260.22999 -391.75111 46863.213 -66527.3 4972.13 -71499.4 1410.6862
9.48 267.15453 -883.0631 47277.924 -66657.8 5104.43 -71762.3 1427.0958
9.49 278.05505 -582.48518 47214.494 -66124.3 5312.7 -71437 1424.6282
9.5 276.28029 351.42972 46676.186 -66336.7 5278.79 -71615.5 1416.1317
9.51 274.87429 -349.36757 47005.563 -66086.4 5251.93 -71338.3 1428.9563
9.52 271.78324 -457.19773 46916.549 -65718 5192.87 -70910.9 1428.3367
9.53 267.11344 550.78312 46383.327 -65795.4 5103.65 -70899.1 1418.7434
9.54 265.41236 202.55533 46615.713 -66225 5071.14 -71296.2 1425.7254
9.55 269.93317 16.51208 46724.336 -66094.8 5157.52 -71252.3 1430.3408
9.56 264.67596 1046.3477 46334.856 -66542 5057.07 -71599.1 1423.2997
9.57 270.4558 -282.63782 47029.486 -66338.3 5167.51 -71505.8 1437.6881
9.58 270.52639 -369.94582 47083.167 -66455.1 5168.86 -71624 1439.4139
9.59 268.71354 -257.54346 46881.161 -66663.8 5134.22 -71798 1439.7426
9.6 256.11817 3.8753705 46666.346 -66992.8 4893.56 -71886.4 1435.2487
9.61 266.6728 -103.02191 46865.917 -66793.2 5095.23 -71888.5 1440.4886
9.62 266.91658 -126.27076 46783.238 -66802.3 5099.88 -71902.2 1442.238
9.63 274.69326 343.35231 46773.975 -66688.1 5248.47 -71936.5 1442.9925
9.64 276.66077 -744.79326 47150.445 -66286.3 5286.06 -71572.4 1451.4247
9.65 269.43601 117.64827 46930.772 -66598.8 5148.02 -71746.9 1451.9935
9.66 269.03294 -507.35953 47114.265 -66444.8 5140.32 -71585.1 1458.3261
9.67 270.85385 591.52757 46296.745 -66407.2 5175.11 -71582.3 1443.47
9.68 276.55464 760.10818 46571.84 -66149.3 5284.04 -71433.3 1449.4197
9.69 263.50344 99.771996 46756.245 -66427.1 5034.67 -71461.7 1452.8791
9.7 264.73345 105.18432 46632.293 -66536 5058.17 -71594.2 1446.0893
9.71 279.88133 299.55071 46623.834 -66358 5347.6 -71705.6 1445.2525
9.72 269.54547 -283.64628 47066.931 -66344.5 5150.11 -71494.6 1455.1812
9.73 269.72506 279.20599 46763.983 -66396.9 5153.54 -71550.5 1450.809
9.74 269.14903 727.71884 46290.111 -66314 5142.54 -71456.6 1441.4511
9.75 269.95192 -557.14966 47249.177 -66221.7 5157.88 -71379.5 1456.3257
9.76 262.82382 -263.01437 46841.634 -66438.5 5021.68 -71460.1 1452.6375
9.77 261.63817 -10.456448 46845.612 -66567.9 4999.03 -71566.9 1450.6579
9.78 276.58926 328.50599 46679.293 -66208.2 5284.7 -71492.9 1452.7315
9.79 270.39097 -203.15925 46858.736 -66352.4 5166.27 -71518.7 1461.5453
9.8 264.47792 -99.08562 47055.656 -66374.5 5053.29 -71427.8 1467.2757
9.81 266.71429 -652.45453 47289.166 -66529.1 5096.02 -71625.1 1476.0715
9.82 270.61632 -198.85025 46836.389 -66245.6 5170.57 -71416.2 1465.6228
9.83 263.4814 406.45683 46641.131 -66447.3 5034.25 -71481.5 1463.4397
9.84 269.31417 -57.178834 46757.379 -66374.6 5145.69 -71520.3 1465.7964
9.85 278.60822 -13.253687 46943.633 -66276 5323.27 -71599.3 1469.4354
9.86 264.29026 254.65658 46568.171 -66814.6 5049.7 -71864.3 1463.8827
9.87 265.90935 -52.649806 46986.866 -66941.8 5080.64 -72022.4 1473.9078
9.88 269.09012 -404.94032 47306.765 -66662.8 5141.41 -71804.3 1482.4741
9.89 261.11418 -108.04047 46861.6 -66503.3 4989.02 -71492.3 1473.7548
9.9 270.02831 -413.66508 46854.889 -66152.2 5159.34 -71311.5 1476.9915
9.91 271.9664 -84.495089 46881.002 -66294.1 5196.37 -71490.4 1476.2254
9.92 268.3125 -162.13716 46960.966 -66302 5126.56 -71428.5 1477.5997
9.93 275.44789 -52.351013 46679.629 -66230.9 5262.89 -71493.8 1481.1832
9.94 267.42431 485.09002 46652.699 -66193.9 5109.58 -71303.5 1480.4944
9.95 264.75259 117.86707 46790.034 -66385.3 5058.54 -71443.9 1491.0287
9.96 264.47986 470.29752 46533.401 -66404.9 5053.33 -71458.2 1490.0621
9.97 258.86811 -371.78637 47007.94 -66222.6 4946.1 -71168.7 1498.8794
9.98 267.85101 338.98496 46645.527 -66324.6 5117.74 -71442.3 1493.494
