0 268.35934 -50.7133 21851.704 -29840.1 2406.42 -32246.5 5.1095888
0.01 260.54927 226.66764 21559.784 -30145 2336.39 -32481.4 18.668554
0.02 266.91411 350.53388 21779.739 -29886.8 2393.46 -32280.3 29.780973
0.03 280.06057 -483.92083 21921.512 -29880.6 2511.35 -32392 39.71024
0.04 269.5225 467.88261 21637.141 -29940.4 2416.85 -32357.3 45.882399
0.05 267.05616 569.56835 21691.662 -30209.6 2394.73 -32604.3 55.149009
0.06 272.45613 -820.02703 21862.911 -29966.4 2443.16 -32409.6 61.489936
0.07 290.04226 143.40102 21832.548 -29753.5 2600.86 -32354.4 67.396447
0.08 285.27418 11.431287 21916.776 -30044.4 2558.1 -32602.5 76.382883
0.09 285.53533 319.15281 21811.756 -30006.5 2560.44 -32566.9 82.548393
0.1 271.9421 -879.42276 21911.61 -29913.9 2438.55 -32352.5 89.639868
0.11 269.38691 431.95576 21685.442 -30065.1 2415.64 -32480.8 94.524906
0.12 274.41902 -474.40326 21870.986 -29809.3 2460.76 -32270.1 100.58936
0.13 277.78818 227.23183 21888.059 -30064 2490.97 -32555 113.53759
0.14 273.47741 439.11278 21788.421 -30052.4 2452.32 -32504.7 118.84834
0.15 265.3891 -1568.9579 22211.744 -30255.8 2379.79 -32635.6 131.78482
0.16 275.1425 133.66088 21800.807 -30154.8 2467.25 -32622 136.78039
0.17 270.7156 -92.3119 21867.604 -30337.3 2427.55 -32764.9 141.74561
0.18 276.4567 516.74963 21811.197 -30254.7 2479.03 -32733.7 143.02259
0.19 271.06045 584.46425 21672.379 -30371.3 2430.64 -32801.9 150.90336
0.2 276.11 -774.67693 21879.945 -30244.7 2475.92 -32720.6 157.16703
0.21 278.06603 -286.91615 21895.292 -30011.9 2493.46 -32505.4 163.6288
0.22 262.36588 -86.753599 21942.089 -30164 2352.68 -32516.7 168.1023
0.23 265.8683 -34.151002 21835.774 -29962.2 2384.08 -32346.3 173.38282
0.24 282.12561 374.89025 21810.021 -29812.2 2529.87 -32342 183.90403
0.25 257.60068 93.906189 21847.901 -29931.2 2309.95 -32241.1 195.04271
0.26 272.63559 -562.66585 22051.755 -30019.1 2444.77 -32463.8 205.05175
0.27 262.9584 -196.02374 21854.508 -29924.7 2357.99 -32282.7 209.75091
0.28 272.11575 -150.01771 21710.586 -29938.2 2440.11 -32378.3 213.12172
0.29 257.89168 -568.95026 21905.586 -29727.4 2312.56 -32040 215.69905
0.3 284.94922 160.84144 21675.637 -29750.3 2555.18 -32305.5 222.34545
0.31 259.0766 -703.97008 21930.707 -29918.4 2323.18 -32241.6 232.66612
0.32 265.11953 -344.57404 21850.699 -29953.3 2377.37 -32330.6 243.14317
0.33 281.56427 507.24948 21692.511 -29687 2524.83 -32211.9 252.69843
0.34 280.57705 194.22766 21844.057 -29682.3 2515.98 -32198.3 260.24323
0.35 289.84018 -43.364934 21747.406 -29409.8 2599.04 -32008.9 267.47814
0.36 276.33582 465.65859 21689.059 -29537.8 2477.95 -32015.7 275.8746
0.37 262.46559 596.3176 21637.415 -29924.4 2353.57 -32278 285.18406
0.38 272.44722 398.46458 21847.316 -29731.2 2443.08 -32174.2 294.71105
0.39 267.20307 462.01347 21757.148 -29909.9 2396.05 -32306 301.43686
0.4 263.81899 -178.51569 21838.417 -29686.8 2365.71 -32052.5 309.61927
0.41 270.56901 196.01906 21723.99 -29778.3 2426.24 -32204.6 324.54939
0.42 272.78436 382.93704 21755.066 -29668.4 2446.1 -32114.5 341.58534
0.43 259.67653 -568.64768 21982.862 -29676.6 2328.56 -32005.2 347.71762
0.44 253.91677 -154.91849 21825.63 -30076 2276.91 -32352.9 355.20839
0.45 277.06491 223.5315 21686.058 -29687.4 2484.49 -32171.8 359.72215
0.46 258.77388 -552.52817 21729.217 -29802.2 2320.47 -32122.7 367.51445
0.47 269.50774 72.580206 21870.081 -29683.6 2416.72 -32100.4 376.23869
0.48 283.79744 275.00145 21618.661 -29427.2 2544.86 -31972.1 380.04044
0.49 273.14192 62.998354 21780.747 -29441.5 2449.31 -31890.8 387.82587
0.5 274.31352 275.4652 21663.15 -29214.2 2459.81 -31674 391.69245
0.51 269.63704 -276.95991 21692.972 -29419.8 2417.88 -31837.7 407.91899
0.52 276.39209 499.46333 21747.967 -29096.8 2478.45 -31575.3 415.42922
0.53 275.2449 44.780927 21767.592 -28824.9 2468.16 -31293.1 439.52165
0.54 271.98002 331.98323 21635.91 -28481.2 2438.89 -30920.1 454.78757
0.55 272.18661 -1160.3853 21647.95 -28329 2440.74 -30769.7 482.02945
0.56 270.92925 -838.67671 21604.097 -28299.7 2429.47 -30729.1 516.14389
0.57 256.31387 591.99543 21364.057 -28513.4 2298.41 -30811.8 552.08882
0.58 266.96552 887.44089 21337.915 -28273.3 2393.92 -30667.2 581.54059
0.59 274.06927 212.10245 21505.288 -28271.3 2457.62 -30728.9 622.37407
0.6 276.38766 -316.31449 21529.275 -28181.1 2478.41 -30659.5 642.13856
0.61 271.66527 -89.662294 21373.457 -28452.3 2436.07 -30888.3 671.54477
0.62 274.21884 397.42904 21554.392 -28331.6 2458.96 -30790.6 701.82471
0.63 290.73103 774.69338 21484.609 -28137.5 2607.03 -30744.5 733.10806
0.64 276.12422 206.13516 21477.371 -28322.6 2476.05 -30798.7 758.37758
0.65 270.68864 -378.3944 21506.158 -28249.6 2427.31 -30676.9 777.59681
0.66 276.40056 -785.07378 21628.132 -28250.7 2478.53 -30729.2 814.60385
0.67 274.0725 193.8346 21466.696 -28219.9 2457.65 -30677.6 842.82968
0.68 268.65313 414.36978 21720.754 -28274.1 2409.06 -30683.2 871.27457
0.69 269.57788 797.09427 21423.164 -28320.9 2417.35 -30738.2 881.17682
0.7 264.5825 337.37612 21378.164 -28233.3 2372.55 -30605.8 898.00714
0.71 265.94258 487.24829 21316.766 -28279.4 2384.75 -30664.2 917.19649
0.72 274.39779 232.65041 21353.658 -28280.8 2460.57 -30741.3 945.6998
0.73 274.44174 657.4233 21405.199 -28414.4 2460.96 -30875.4 971.13638
0.74 271.2183 -411.90134 21459.739 -28343.6 2432.06 -30775.7 1012.7689
0.75 278.05536 -303.73649 21609.678 -28088.4 2493.37 -30581.8 1042.5017
0.76 277.73224 65.986579 21575.271 -28275.4 2490.47 -30765.9 1064.0607
0.77 271.58804 -51.962784 21578.174 -28392.5 2435.37 -30827.9 1081.6493
0.78 263.93256 5.4794756 21485.805 -28295.9 2366.73 -30662.7 1121.3091
0.79 260.79855 -508.74554 21424.541 -28131.4 2338.62 -30470 1153.8329
0.8 268.66741 -70.78959 21447.264 -28196.9 2409.18 -30606.1 1184.7426
0.81 281.69557 977.55464 21152.381 -28384 2526.01 -30910 1202.2883
0.82 266.50226 266.40328 21482.735 -28431.1 2389.77 -30820.9 1244.4554
0.83 281.3326 352.01701 21399.359 -28147.6 2522.75 -30670.4 1251.5058
0.84 286.84958 -40.851202 21542.576 -28068.3 2572.23 -30640.5 1272.232
0.85 283.44669 357.31535 21335.083 -28375.8 2541.71 -30917.5 1298.3825
0.86 265.65437 69.153829 21686.091 -28460.4 2382.16 -30842.6 1332.1918
0.87 267.50702 1093.628 21361.967 -28224.9 2398.78 -30623.6 1340.3505
0.88 276.21143 789.33373 21393.983 -28230.3 2476.83 -30707.1 1362.3096
0.89 278.75187 -427.26171 21540.75 -28291.6 2499.61 -30791.2 1407.9329
0.9 287.3144 -348.51539 21432.403 -28149.5 2576.39 -30725.9 1439.091
0.91 275.21085 -1060.661 21776.037 -28275.3 2467.86 -30743.2 1505.6271
0.92 276.41539 416.81335 21331.968 -28022.6 2478.66 -30501.2 1519.2208
0.93 277.40394 -163.61218 21509.983 -28180.6 2487.53 -30668.2 1548.6812
0.94 265.75611 -191.29079 21394.139 -28201.3 2383.08 -30584.4 1568.1314
0.95 274.14157 -124.76 21417.392 -28182.3 2458.27 -30640.6 1590.349
0.96 275.89885 -410.1074 21413.862 -28302.9 2474.03 -30776.9 1634.8255
0.97 255.91301 -1660.4363 21535.651 -28497.3 2294.81 -30792.1 1670.9261
0.98 265.72119 -355.55323 21466.824 -28378.8 2382.76 -30761.6 1694.0289
0.99 275.5023 302.66678 21421.791 -28271.5 2470.47 -30742 1723.3052
1 271.71758 -614.81319 21644.885 -28311.9 2436.53 -30748.4 1767.9477
1.01 264.60093 264.01507 21427.648 -28288.9 2372.72 -30661.6 1777.1908
1.02 288.74306 -56.263343 21340.679 -28094.1 2589.2 -30683.3 1787.1274
1.03 277.2897 -496.07033 21542.391 -28287.5 2486.5 -30774 1830.654
1.04 289.88917 108.88387 21493.399 -28122.4 2599.48 -30721.9 1857.3166
1.05 273.62648 -154.87272 21640.259 -28058.1 2453.65 -30511.7 1880.9722
1.06 275.03895 -130.782 21664.131 -28417.1 2466.32 -30883.4 1912.644
1.07 275.1971 1634.1337 21324.987 -28243 2467.74 -30710.7 1912.9434
1.08 259.44118 -18.511985 21503.328 -28430.4 2326.45 -30756.9 1955.5991
1.09 277.81495 -287.19581 21511.924 -28327.9 2491.21 -30819.1 1980.0812
1.1 250.31034 265.11282 21569.194 -28723.6 2244.57 -30968.2 2001.9796
1.11 260.17537 158.34173 21439.009 -28326.9 2333.03 -30660 2015.8692
1.12 267.65738 -423.80592 21656.157 -28425.4 2400.13 -30825.6 2067.6362
1.13 278.80765 203.20947 21390.99 -28216.7 2500.11 -30716.8 2070.7759
1.14 276.31978 -1199.7491 21709.7 -28384.7 2477.8 -30862.5 2118.3756
1.15 270.16448 266.3439 21497.232 -28229.4 2422.61 -30652 2147.3081
1.16 271.54729 418.19473 21432.625 -28412.2 2435.01 -30847.2 2140.535
1.17 269.51087 -201.63995 21411.549 -28482.5 2416.75 -30899.3 2151.3021
1.18 274.79095 -477.81397 21632.498 -28193.9 2464.09 -30658 2195.3543
1.19 283.0675 115.7507 21390.465 -28318.5 2538.31 -30856.8 2188.9676
1.2 278.57445 731.86514 21401.751 -28334.8 2498.02 -30832.8 2216.3449
1.21 257.78926 337.51515 21481.449 -28491.7 2311.64 -30803.3 2245.8142
1.22 274.11305 24.911141 21502.214 -28258.1 2458.02 -30716.1 2277.6791
1.23 284.54236 403.13858 21354.555 -28173 2551.54 -30724.5 2287.9416
1.24 278.67444 225.02933 21335.213 -28138.1 2498.92 -30637 2295.6808
1.25 266.23892 -319.61075 21377.05 -28198.5 2387.41 -30585.9 2317.3
1.26 272.07841 628.14127 21514.16 -28369.7 2439.77 -30809.4 2357.3354
1.27 273.54457 -145.55817 21526.604 -28152 2452.92 -30604.9 2402.2615
1.28 282.94623 -336.25524 21515.373 -28146.3 2537.22 -30683.5 2427.965
1.29 274.46886 -134.44094 21471.024 -28341.2 2461.21 -30802.4 2448.2257
1.3 252.5951 -97.102321 21391.121 -28526.9 2265.06 -30792 2469.5679
1.31 273.20001 -510.0689 21565.032 -28155.2 2449.83 -30605 2499.5918
1.32 261.99502 -312.73705 21358.295 -28556.5 2349.35 -30905.9 2498.9957
1.33 276.28368 341.37438 21369.792 -28351.5 2477.48 -30829 2529.0918
1.34 286.11446 127.85053 21432.199 -28138.3 2565.63 -30703.9 2555.1304
1.35 283.38343 588.61806 21406.478 -28339 2541.14 -30880.2 2587.1013
1.36 285.124 162.22011 21508.329 -28394.7 2556.75 -30951.5 2602.3312
1.37 277.30261 -628.64125 21619.27 -28197.4 2486.62 -30684 2628.936
1.38 265.43308 -964.46173 21785.926 -28232.2 2380.18 -30612.4 2658.1773
1.39 265.08735 -117.06303 21614.537 -28275.8 2377.08 -30652.9 2661.7258
1.4 266.35 -333.02757 21455.261 -28285.2 2388.4 -30673.6 2687.6137
1.41 259.31551 1484.3219 21283.384 -28398.9 2325.32 -30724.2 2711.5768
1.42 271.91785 275.28041 21441.041 -28145.2 2438.33 -30583.5 2746.2899
1.43 280.23254 175.46195 21255.991 -28043.3 2512.89 -30556.2 2731.7204
1.44 274.2577 -440.87657 21639.728 -28322.3 2459.31 -30781.6 2799.2625
1.45 269.92394 758.52192 21668.201 -28360 2420.45 -30780.5 2829.0238
1.46 271.04437 565.88635 21192.955 -28270.4 2430.5 -30700.9 2819.2229
1.47 286.57925 34.128569 21543.754 -28235.3 2569.8 -30805.1 2891.1457
1.48 272.60103 -86.405098 21720.911 -28181 2444.46 -30625.5 2945.9032
1.49 273.39734 -748.81471 21723.436 -28586.7 2451.6 -31038.3 2970.0249
1.5 269.94889 802.45539 21323.155 -28451.6 2420.67 -30872.3 2951.0513
1.51 254.59728 -1379.1692 21612.858 -28532.5 2283.01 -30815.5 2997.86
1.52 268.80605 -506.58072 21555.599 -28400.4 2410.43 -30810.8 2999.5059
1.53 285.0718 157.45138 21443.692 -28157.6 2556.28 -30713.9 3039.247
1.54 261.291 -551.71138 21612.144 -28420.4 2343.04 -30763.5 3080.0148
1.55 274.29748 -193.9049 21471.053 -28304.2 2459.67 -30763.9 3092.5673
1.56 256.67416 353.5506 21556.686 -28376.2 2301.64 -30677.9 3136.4018
1.57 257.04859 941.47561 21176.173 -28446.7 2305 -30751.7 3130.6423
1.58 278.40632 502.79941 21666.901 -28182.8 2496.51 -30679.3 3210.1149
1.59 275.08726 837.32579 21348.923 -28350 2466.75 -30816.7 3228.6666
1.6 271.19387 -448.99263 21384.771 -28199.2 2431.84 -30631.1 3258.5724
1.61 270.00736 647.39185 21367.95 -28254.6 2421.2 -30675.8 3274.9702
1.62 274.09355 -587.59412 21710.49 -28104.6 2457.84 -30562.4 3330.8544
1.63 260.547 -953.93268 21677.641 -28222.5 2336.37 -30558.9 3356.8971
1.64 260.55236 218.38313 21338.213 -28299.2 2336.41 -30635.7 3334.9518
1.65 269.70358 135.60698 21637.973 -28368.5 2418.47 -30787 3378.7499
1.66 290.33735 -256.24303 21563.028 -28102 2603.5 -30705.5 3399.1919
1.67 269.64041 488.55172 21452.314 -28425.7 2417.91 -30843.6 3422.2543
1.68 277.98275 -1204.0811 21730.116 -28000.8 2492.72 -30493.5 3492.9102
1.69 267.93309 -398.35906 21546.852 -28449.8 2402.6 -30852.4 3477.3723
1.7 274.20442 -474.84076 21530.625 -28417.9 2458.83 -30876.7 3504.1349
1.71 272.33669 -1253.6006 21568.578 -28341.1 2442.09 -30783.2 3556.7066
1.72 275.93803 -963.11301 21562.625 -28185.1 2474.38 -30659.5 3604.2061
1.73 272.29615 1119.2653 21196.957 -28301.4 2441.72 -30743.1 3611.1715
1.74 277.98882 -889.30153 21580.45 -28222.5 2492.77 -30715.3 3686.8163
1.75 271.23706 510.34635 21422.695 -28293.7 2432.23 -30726 3705.0203
1.76 276.11316 -573.49696 21536.757 -28273 2475.95 -30748.9 3764.7803
1.77 285.03228 413.10842 21445.724 -28327.1 2555.93 -30883 3795.1084
1.78 269.98222 -721.9471 21417.629 -28429.2 2420.97 -30850.2 3838.4251
1.79 274.48623 577.68119 21235.576 -28390.2 2461.36 -30851.6 3858.4338
1.8 273.61355 586.0598 21430.107 -28202.3 2453.54 -30655.8 3880.0521
1.81 253.60588 452.69486 21284.99 -28619.4 2274.12 -30893.5 3923.2261
1.82 274.54902 50.153389 21261.694 -28171.4 2461.92 -30633.3 3953.7539
1.83 275.54483 -1097.7257 21731.271 -28373.1 2470.85 -30844 4053.8885
1.84 282.40176 -128.02122 21619.041 -28219.9 2532.34 -30752.2 4058.9517
1.85 264.09354 425.66508 21472.574 -28204.5 2368.17 -30572.7 4065.8058
1.86 268.18759 -183.43461 21558.325 -28479.6 2404.88 -30884.5 4121.3199
1.87 277.70805 1126.8695 21451.812 -28300.5 2490.25 -30790.7 4141.3479
1.88 286.73152 -629.18866 21501.81 -28121.9 2571.17 -30693.1 4175.2284
1.89 267.60654 -864.31788 21551.666 -28312.6 2399.67 -30712.2 4213.6679
1.9 256.31726 -373.29673 21430.914 -28570.4 2298.44 -30868.9 4216.9269
1.91 268.83043 -1140.5188 21724.192 -28190.8 2410.65 -30601.5 4304.658
1.92 269.46152 -775.85004 21583.19 -28406.5 2416.3 -30822.8 4311.9597
1.93 262.3699 -269.34388 21481.121 -28325.7 2352.71 -30678.4 4307.801
1.94 267.5531 -158.43824 21350.07 -28353.8 2399.19 -30753 4308.2523
1.95 275.44438 171.39766 21381.8 -28301.7 2469.95 -30771.6 4357.9184
1.96 272.37454 523.11588 21378.533 -28081.6 2442.43 -30524 4359.9391
1.97 282.31877 91.650774 21463.933 -28228.1 2531.6 -30759.7 4362.6685
1.98 277.02361 344.53427 21621.476 -28072 2484.11 -30556.1 4416.7304
1.99 275.30141 -620.90038 21455.843 -28330.2 2468.67 -30798.8 4454.3202
2 269.05809 519.93033 21323.043 -28299.8 2412.69 -30712.4 4459.3411
2.01 274.41846 1101.8058 21279.329 -28316 2460.75 -30776.8 4482.07
2.02 274.28915 -1026.547 21692.188 -28076.8 2459.59 -30536.4 4573.5287
2.03 270.29165 1092.0989 21442.086 -28295.2 2423.75 -30719 4582.5449
2.04 274.22066 -37.072759 21383.385 -28294.3 2458.98 -30753.3 4603.6544
2.05 273.82074 716.34852 21429.922 -28277.1 2455.39 -30732.5 4624.7296
2.06 257.38302 163.48857 21435.873 -28340.2 2307.99 -30648.2 4623.0814
2.07 272.42623 -103.67612 21503.162 -28488.7 2442.89 -30931.6 4645.1481
2.08 280.07478 -468.86409 21615.812 -28184.5 2511.48 -30696 4682.3852
2.09 285.41529 85.371683 21433.733 -28169.3 2559.36 -30728.7 4665.2783
2.1 274.53575 418.25821 21556.403 -28247.3 2461.81 -30709.1 4675.5587
2.11 265.76279 -704.92 21425.164 -28372.5 2383.14 -30755.6 4668.2841
2.12 280.74575 598.29918 21504.522 -28455.2 2517.49 -30972.7 4709.7145
2.13 277.91921 648.43386 21447.128 -28266.8 2492.15 -30758.9 4735.4035
2.14 265.71608 -173.86946 21468.841 -28268.5 2382.72 -30651.2 4756.0056
2.15 269.14418 -172.03281 21514.715 -28364.4 2413.46 -30777.8 4783.0385
2.16 269.00273 153.58162 21327.787 -28081.1 2412.19 -30493.3 4795.2936
2.17 285.26893 76.911134 21452.597 -28225.4 2558.05 -30783.4 4826.9419
2.18 266.29244 1388.8475 21344.55 -28284.4 2387.89 -30672.3 4852.0945
2.19 271.94543 -193.6287 21481.086 -28420.7 2438.58 -30859.3 4891.2731
2.2 261.78599 3.623678 21520.845 -28310.2 2347.48 -30657.7 4917.1832
2.21 277.41566 775.3881 21538.164 -28104.6 2487.63 -30592.2 4954.8341
2.22 260.56739 99.699902 21493.708 -28244.3 2336.55 -30580.8 4982.5369
2.23 266.42869 -709.7851 21374.02 -28500.1 2389.11 -30889.2 4991.1985
2.24 276.09585 -213.32432 21479.086 -28413 2475.8 -30888.8 5050.8096
2.25 275.61453 763.43958 21622.309 -28092.6 2471.48 -30564.1 5089.1435
2.26 277.72658 304.5913 21463.856 -28227.3 2490.42 -30717.7 5084.7203
2.27 269.80864 254.54714 21423.672 -28364.2 2419.42 -30783.6 5126.2614
2.28 263.26024 -15.555248 21354.474 -28415.7 2360.7 -30776.4 5120.8563
2.29 277.06107 102.41894 21526.548 -28149.1 2484.45 -30633.6 5190.5385
2.3 282.94204 886.10633 21479.844 -28253.9 2537.19 -30791.1 5198.7744
2.31 258.0207 496.90244 21427.188 -28340.7 2313.71 -30654.4 5209.8983
2.32 265.32272 -577.25352 21567.847 -28221.2 2379.19 -30600.4 5280.4912
2.33 262.08557 313.31975 21326.373 -28401.8 2350.16 -30751.9 5269.5344
2.34 277.60716 810.29917 21402.332 -28339 2489.35 -30828.4 5309.4859
2.35 277.03357 303.90026 21567.996 -28431.8 2484.2 -30916 5366.2321
2.36 278.005 39.822867 21620.839 -28137.6 2492.92 -30630.5 5437.8923
2.37 272.1077 350.34815 21442.932 -28290.4 2440.03 -30730.5 5446.8584
2.38 265.31318 -88.683813 21441.756 -28367.9 2379.11 -30747 5480.9296
2.39 280.44744 903.61554 21276.591 -28224.7 2514.82 -30739.5 5522.5248
2.4 278.30936 540.02435 21354.023 -28369.4 2495.64 -30865 5573.2456
2.41 268.80418 -476.14867 21396.437 -28376.4 2410.41 -30786.9 5605.353
2.42 275.96946 198.17451 21433.09 -28100.8 2474.66 -30575.4 5635.0953
2.43 264.57127 -596.62637 21711.149 -28376.4 2372.45 -30748.8 5715.0187
2.44 270.75313 223.57248 21387.846 -28287.1 2427.89 -30715 5691.4956
2.45 279.47689 -1707.483 21570.455 -28250.2 2506.11 -30756.3 5716.4702
2.46 279.44779 519.5269 21533.567 -28097.2 2505.85 -30603 5741.371
2.47 277.71415 220.59668 21396.401 -28345.9 2490.31 -30836.2 5765.1752
2.48 263.92701 -542.07336 21511.878 -28408.2 2366.68 -30774.8 5786.9445
2.49 275.60367 -689.15219 21586.996 -28183.8 2471.38 -30655.1 5842.0692
2.5 281.19331 -346.35364 21715.491 -28071.8 2521.51 -30593.3 5885.615
2.51 275.30916 -466.05442 21736.139 -28250.1 2468.74 -30718.9 5941.956
2.52 264.95742 -439.37701 21391.087 -28402 2375.92 -30777.9 5892.0197
2.53 276.14812 441.21881 21404.101 -28246.8 2476.26 -30723 5906.2539
2.54 266.47291 -222.39038 21612.593 -28375 2389.5 -30764.5 5953.164
2.55 273.71355 -315.33096 21559.136 -28276.9 2454.43 -30731.3 5938.9021
2.56 271.73849 -92.059924 21527.222 -28388.3 2436.72 -30825 5980.4309
2.57 265.10634 463.6251 21307.479 -28287.2 2377.25 -30664.4 5958.3818
2.58 278.26252 -236.70892 21472.992 -28133.4 2495.22 -30628.6 6016.6358
2.59 284.31306 283.04064 21528.974 -28360.6 2549.48 -30910.1 6040.0469
2.6 270.06243 -815.28736 21573.725 -28185.5 2421.69 -30607.2 6100.5016
2.61 276.23807 -460.01925 21639.703 -28214.8 2477.07 -30691.8 6157.8345
2.62 267.31756 -890.30082 21418.365 -28457.5 2397.08 -30854.6 6148.9631
2.63 270.464 -532.61664 21819.246 -28246.9 2425.29 -30672.2 6225.6614
2.64 269.09293 930.01794 21541.313 -28242.7 2413 -30655.7 6210.3055
2.65 267.12269 -48.915988 21510.493 -28236.4 2395.33 -30631.7 6243.2168
2.66 268.42977 -255.90313 21483.253 -28255.3 2407.05 -30662.3 6251.1677
2.67 272.1498 -35.756769 21619.052 -28167 2440.41 -30607.4 6305.953
2.68 270.47767 74.559845 21465.38 -28175.3 2425.42 -30600.7 6286.9232
2.69 282.46305 -661.04232 21622.077 -28145.4 2532.89 -30678.3 6348.8377
2.7 282.94002 -577.40981 21644.169 -28122.2 2537.17 -30659.3 6384.3756
2.71 264.35333 -57.847487 21365.946 -28287.2 2370.5 -30657.7 6368.6587
2.72 262.45593 875.0373 21429.062 -28330.6 2353.48 -30684 6426.2261
2.73 267.40377 21.42623 21541.343 -28233.3 2397.85 -30631.2 6454.9561
2.74 254.83473 -70.586532 21394.615 -28629.5 2285.14 -30914.7 6444.9906
2.75 278.92974 43.451402 21573.054 -28165.8 2501.21 -30667 6522.9598
2.76 265.88632 65.794145 21289.457 -28249.3 2384.24 -30633.5 6467.7641
2.77 271.95352 -139.14381 21574.912 -28150.6 2438.65 -30589.3 6538.9878
2.78 271.15968 209.986 21523.36 -28249.9 2431.53 -30681.4 6534.2677
2.79 270.87904 -118.97539 21495.648 -28220.6 2429.02 -30649.6 6557.7713
2.8 267.29405 -157.882 21416.031 -28293.9 2396.87 -30690.7 6562.3896
2.81 281.98828 -214.51682 21351.76 -28223.6 2528.63 -30752.2 6548.8151
2.82 269.9313 82.926884 21390.014 -28172.2 2420.52 -30592.7 6560.7636
2.83 277.51137 106.24746 21529.283 -28163.4 2488.49 -30651.9 6599.2803
2.84 273.23933 36.261453 21649.274 -28077.1 2450.18 -30527.3 6638.5637
2.85 265.96849 -613.29382 21604.312 -28395.5 2384.98 -30780.5 6661.0778
2.86 280.17534 -189.93821 21508.879 -28282.3 2512.38 -30794.7 6700.8297
2.87 265.67163 -646.03057 21580.941 -28262.9 2382.32 -30645.2 6774.7005
2.88 266.50902 244.54106 21518.658 -28371.2 2389.83 -30761 6795.4034
2.89 273.56396 316.00488 21607.42 -28161.7 2453.09 -30614.8 6854.6906
2.9 273.69206 138.45237 21401.935 -28429.6 2454.24 -30883.8 6860.6175
2.91 281.93891 -874.11745 21709.776 -28192 2528.19 -30720.2 6941.7868
2.92 267.12114 4.9725745 21352.742 -28345.4 2395.32 -30740.7 6861.5969
2.93 293.96376 -38.073766 21495.607 -28056.2 2636.02 -30692.2 6946.773
2.94 283.82513 192.06542 21290.574 -28207.7 2545.11 -30752.9 6960.5569
2.95 275.27047 924.1762 21327.017 -28470.8 2468.39 -30939.1 6999.8717
2.96 276.08905 56.462713 21663.426 -28306.4 2475.73 -30782.1 7074.6608
2.97 262.90904 -890.91571 21554.656 -28331.8 2357.55 -30689.4 7062.9327
2.98 269.96678 836.88143 21692.524 -28104.2 2420.84 -30525.1 7145.3457
2.99 259.95728 377.48806 21518.651 -28388 2331.08 -30719 7132.2979
3 283.36503 1160.9615 21529.828 -28189.4 2540.98 -30730.4 7136.902
3.01 267.37505 816.31919 21456.053 -28504.7 2397.59 -30902.3 7130.8581
3.02 277.70077 -110.73705 21695.73 -28089 2490.19 -30579.2 7184.1995
3.03 252.85618 -1300.2396 21700.652 -28310.3 2267.4 -30577.7 7184.5392
3.04 272.48967 437.32315 21291.48 -28253.9 2443.46 -30697.3 7123.1499
3.05 278.77325 -414.8 21727.76 -28444.1 2499.8 -30943.9 7271.2061
3.06 274.19241 -589.78862 21604.27 -28302.9 2458.73 -30761.6 7284.1506
3.07 266.57389 393.72502 21379.935 -28362.1 2390.41 -30752.5 7236.1288
3.08 273.89904 360.50427 21538.782 -28361.6 2456.1 -30817.7 7280.7985
3.09 272.43624 47.05168 21464.426 -28324.8 2442.98 -30767.8 7292.6176
3.1 287.47809 -867.58874 21564.715 -27969.9 2577.86 -30547.7 7320.1014
3.11 283.65423 156.72778 21635.047 -28150 2543.57 -30693.6 7374.7188
3.12 265.89159 659.91595 21484.604 -28377.9 2384.29 -30762.2 7357.4021
3.13 260.2483 -35.221926 21456.779 -28606.7 2333.69 -30940.4 7394.1621
3.14 267.30268 154.55441 21498.387 -28284.4 2396.95 -30681.4 7412.826
3.15 276.12341 31.977126 21468.017 -28250 2476.04 -30726 7442.3883
3.16 272.03389 281.79914 21679.283 -27960 2439.37 -30399.4 7504.8013
3.17 275.74766 1254.3202 21295.891 -28391.7 2472.67 -30864.3 7428.6196
3.18 268.79804 -840.69199 21483.892 -28351.1 2410.35 -30761.5 7476.0622
3.19 263.38284 314.22812 21446.127 -28142.5 2361.8 -30504.3 7493.9731
3.2 270.43262 546.98213 21409.589 -28317.3 2425.01 -30742.3 7508.0631
3.21 274.61478 -514.75978 21506.412 -28278.5 2462.51 -30741 7550.8333
3.22 280.8642 827.37487 21549.287 -28247.2 2518.55 -30765.7 7599.3772
3.23 267.61369 362.93982 21580.884 -28364.6 2399.73 -30764.3 7643.9692
3.24 267.37849 -184.94546 21495.581 -28441.1 2397.63 -30838.7 7627.6448
3.25 273.41619 -172.02989 21419.745 -28414.1 2451.77 -30865.9 7630.4923
3.26 274.20034 493.99589 21546.228 -28240 2458.8 -30698.8 7701.9448
3.27 249.34355 129.24065 21503.603 -28423.2 2235.9 -30659.1 7714.1824
3.28 278.91021 562.86935 21492.053 -28189.2 2501.03 -30690.3 7710.9335
3.29 271.4032 -68.97527 21453.344 -28373.1 2433.72 -30806.8 7735.7307
3.3 270.48986 136.56894 21417.908 -28344.9 2425.53 -30770.4 7731.2867
3.31 287.27447 -232.20275 21511.983 -28239 2576.04 -30815 7792.451
3.32 258.94914 -107.31438 21559.171 -28397.2 2322.04 -30719.2 7821.9836
3.33 282.45926 286.93825 21560.342 -28108.6 2532.86 -30641.5 7847.4698
3.34 273.33551 -800.10397 21618.793 -28381 2451.04 -30832 7916.0726
3.35 284.19226 -145.11862 21432.387 -28097.1 2548.4 -30645.5 7863.6575
3.36 269.3304 312.70033 21245.187 -28356.5 2415.13 -30771.6 7855.3625
3.37 269.87336 -50.311361 21537.744 -28335.5 2420 -30755.5 7922.955
3.38 260.82492 -577.29995 21747.587 -28369 2338.86 -30707.9 8047.6431
3.39 282.2489 -20.93228 21418.171 -28186.9 2530.97 -30717.9 8013.0097
3.4 267.51963 125.88176 21302.367 -28252.8 2398.89 -30651.6 7998.2854
3.41 282.07674 521.86019 21428.056 -28095.8 2529.43 -30625.2 8057.0205
3.42 263.92229 54.079168 21477.973 -28359.1 2366.63 -30725.7 8061.3428
3.43 272.1891 133.99551 21675.099 -28104.5 2440.76 -30545.2 8183.7582
3.44 262.00752 853.83176 21270.725 -28362.4 2349.46 -30711.9 8109.8359
3.45 279.6983 133.22503 21362.001 -28100.4 2508.1 -30608.5 8131.7692
3.46 275.55536 -379.77739 21490.541 -28283.3 2470.95 -30754.3 8215.5646
3.47 273.17369 -374.77128 21585.445 -28333.5 2449.59 -30783.1 8289.8378
3.48 271.99786 115.19607 21408.716 -28584.4 2439.05 -31023.4 8279.7847
3.49 255.99458 -107.0799 21522.556 -28328.5 2295.54 -30624.1 8351.5482
3.5 266.83547 489.2225 21429.633 -28244.4 2392.76 -30637.2 8359.3702
3.51 279.49278 946.66594 21399.723 -28151.8 2506.26 -30658.1 8390.4301
3.52 270.04942 193.79109 21521.307 -28301 2421.58 -30722.5 8476.2873
3.53 262.1469 -458.87813 21532.241 -28273.4 2350.71 -30624.2 8477.0862
3.54 282.94534 -1504.2742 21623.654 -28082.4 2537.22 -30619.7 8515.5514
3.55 275.8174 -184.73734 21430.292 -28338.3 2473.3 -30811.6 8510.3074
3.56 272.29514 612.6774 21464.517 -28302.3 2441.71 -30744 8603.8462
3.57 271.98459 1320.8562 21423.169 -28291.4 2438.93 -30730.3 8621.6545
3.58 274.82908 668.10699 21096.793 -28229 2464.44 -30693.4 8536.0656
3.59 264.6416 -1153.6832 21617.424 -28351.9 2373.08 -30725 8708.2322
3.6 262.97336 -440.04803 21510.244 -28328.6 2358.12 -30686.7 8714.2872
3.61 282.03675 -229.4756 21448.683 -28232.9 2529.07 -30761.9 8730.7874
3.62 274.17477 -108.82207 21466.965 -28283.8 2458.57 -30742.3 8785.052
3.63 273.89381 74.339145 21739.566 -28456.8 2456.05 -30912.9 8884.3221
3.64 275.69289 522.84495 21594.93 -28285.2 2472.18 -30757.4 8837.0863
3.65 262.92949 -720.58291 21533.599 -28345.7 2357.73 -30703.4 8813.4431
3.66 266.29723 -391.05085 21538.671 -28397.6 2387.93 -30785.6 8853.3911
3.67 271.82893 606.25239 21392.918 -28228.1 2437.53 -30665.6 8802.9657
3.68 274.15945 -230.80348 21463.522 -28348 2458.43 -30806.5 8802.6089
3.69 282.16332 -507.25549 21618.483 -28104.2 2530.2 -30634.4 8869.3357
3.7 270.47627 442.92328 21360.062 -28306.9 2425.4 -30732.3 8828.8428
3.71 265.91326 571.36607 21345.194 -28450.9 2384.49 -30835.3 8849.744
3.72 278.67209 -637.631 21671.898 -28194.1 2498.9 -30693 8969.553
3.73 266.70673 -183.77265 21428.224 -28199.3 2391.6 -30590.9 8928.268
3.74 249.93743 -674.3634 21559.193 -28484.1 2241.23 -30725.3 9013.943
3.75 278.06374 583.20006 21451.157 -28023.7 2493.44 -30517.2 9058.8307
3.76 278.1448 -420.50299 21504.491 -28272.5 2494.17 -30766.6 9115.6454
3.77 267.45555 -383.68248 21414.07 -28372.4 2398.32 -30770.7 9093.6055
3.78 275.0411 566.91464 21359.642 -28206 2466.34 -30672.3 9157.9553
3.79 280.24508 -655.77728 21399.081 -28306.2 2513 -30819.2 9172.1377
3.8 276.04848 -211.52809 21302.707 -28119.8 2475.37 -30595.2 9178.5597
3.81 271.31288 -748.0032 21659.095 -28335.8 2432.91 -30768.7 9264.3497
3.82 270.07384 32.832908 21428.247 -28380.3 2421.8 -30802.1 9240.7719
3.83 279.46339 -169.09266 21641.352 -28218.4 2505.99 -30724.4 9317.5573
3.84 276.9114 -311.95516 21413.109 -28143.4 2483.11 -30626.5 9263.9114
3.85 276.2729 -216.50145 21460.321 -28547.1 2477.38 -31024.5 9322.654
3.86 273.57352 296.20842 21368.985 -28094 2453.18 -30547.1 9331.3624
3.87 269.46961 852.13308 21495.79 -28407.3 2416.38 -30823.6 9396.8734
3.88 273.21741 -652.96892 21658.877 -28293.6 2449.98 -30743.5 9481.9586
3.89 275.47384 1229.3017 21304.774 -28103.8 2470.22 -30574.1 9396.5526
3.9 267.39689 -104.31646 21429.552 -28402.2 2397.79 -30800 9469.4514
3.91 277.07059 328.67075 21284.288 -28431.6 2484.54 -30916.1 9460.4125
3.92 281.47319 -170.52982 21922.579 -28052.2 2524.01 -30576.3 9692.0561
3.93 260.89823 -458.23985 21548.132 -28293.8 2339.52 -30633.3 9585.893
3.94 269.84788 601.2159 21423.579 -28421.1 2419.77 -30840.9 9597.8036
3.95 269.14226 -448.70337 21568.319 -28161.5 2413.44 -30574.9 9683.0341
3.96 270.19058 735.95568 21526.15 -28312.1 2422.84 -30734.9 9697.1517
3.97 260.90319 -1135.0125 21796.362 -28417.5 2339.56 -30757.1 9803.5907
3.98 270.73966 171.51571 21306.747 -28557.8 2427.77 -30985.6 9709.0046
3.99 278.69927 831.09649 21261.432 -28214.2 2499.14 -30713.3 9731.9917
4 263.32821 -410.31295 21510.392 -28217 2361.31 -30578.3 9850.6579
4.01 284.10881 -70.485449 21625.279 -28163.3 2547.65 -30710.9 9933.5641
4.02 275.43952 -488.34956 21694.514 -28168.5 2469.91 -30638.5 10003.585
4.03 272.33062 -1127.3972 21648.69 -28388.7 2442.03 -30830.8 10087.697
4.04 274.55684 -399.51553 21504.34 -28386 2461.99 -30848 10060.251
4.05 276.75481 -306.17266 21571.84 -28063.4 2481.7 -30545.1 10128.901
4.06 277.50878 -440.68561 21511.711 -28172.1 2488.47 -30660.6 10133.643
4.07 274.00558 23.034506 21547.125 -28278.7 2457.05 -30735.7 10176.415
4.08 291.40104 315.65787 21499.409 -28181.7 2613.04 -30794.8 10210.49
4.09 275.16915 649.69838 21466.557 -28277.6 2467.49 -30745.1 10231.108
4.1 266.08368 -356.90634 21567.859 -28495.6 2386.01 -30881.6 10283.707
4.11 272.37479 -43.13245 21405.831 -28282 2442.43 -30724.4 10239.133
4.12 265.61022 -244.9069 21589.888 -28319.6 2381.77 -30701.3 10295.691
4.13 273.39251 -288.21248 21453.589 -28267.1 2451.55 -30718.6 10262.607
4.14 277.16035 -1433.5884 21662.028 -28157.9 2485.34 -30643.2 10348.275
4.15 280.03635 951.1402 21409.979 -28119.4 2511.13 -30630.6 10283.442
4.16 277.25285 -778.79835 21550.677 -28146.2 2486.17 -30632.4 10410.721
4.17 272.74076 -197.06431 21669.071 -28250.4 2445.71 -30696.1 10458.078
4.18 266.23986 -683.89419 21610.664 -28272.5 2387.42 -30659.9 10455.167
4.19 271.46381 732.6513 21444.19 -28324.2 2434.26 -30758.5 10423.354
4.2 268.80328 -1204.489 21641.131 -28269.6 2410.4 -30680 10495.821
4.21 280.29015 567.12084 21567.965 -28267.3 2513.41 -30780.7 10513.978
4.22 254.67363 1578.8512 21508.542 -28444.2 2283.7 -30727.9 10526.053
4.23 271.23493 -668.91239 21462.553 -28181.3 2432.21 -30613.5 10569.44
4.24 269.38561 -126.39634 21460.486 -28522.5 2415.62 -30938.1 10605.065
4.25 290.2247 72.666344 21631.199 -28227.4 2602.49 -30829.9 10683.918
4.26 268.64504 -232.1268 21551.234 -28422.8 2408.98 -30831.7 10702.873
4.27 278.14702 -33.039378 21523.054 -28388.3 2494.19 -30882.4 10754.601
4.28 271.76751 -192.40868 21554.64 -28416.7 2436.98 -30853.7 10785.581
4.29 276.4272 525.53984 21374.941 -28128.8 2478.77 -30607.6 10752.383
4.3 259.50755 -582.06917 21507.552 -28593.6 2327.05 -30920.6 10782.588
4.31 273.8865 -251.67928 21505.183 -28196.2 2455.98 -30652.2 10815.611
4.32 268.18512 1103.0111 21218.762 -28346.2 2404.86 -30751.1 10769.026
4.33 257.31586 -312.20618 21563.116 -28617.9 2307.39 -30925.3 10921.237
4.34 269.66551 -735.7989 21624.18 -28302.2 2418.13 -30720.3 10941.889
4.35 272.16282 -635.22667 21477.594 -28421.3 2440.53 -30861.8 10910.333
4.36 263.24592 -196.9307 21621.621 -28276.4 2360.57 -30637 10967.547
4.37 275.03162 -536.61715 21689.602 -28368.3 2466.25 -30834.6 11028.982
4.38 262.62816 -595.29038 21608.211 -28373.7 2355.03 -30728.7 10994.882
4.39 274.7923 -618.56478 21492.247 -28339.3 2464.11 -30803.4 10976.2
4.4 280.67913 277.34329 21482.667 -28187 2516.89 -30703.9 10978.114
4.41 273.50228 -528.86105 21454.233 -28148.5 2452.54 -30601 10984.814
4.42 268.13875 1305.8866 21331.25 -28349.6 2404.44 -30754 10965.831
4.43 276.39276 670.8431 21472.797 -28109.3 2478.46 -30587.8 11049.468
4.44 264.22415 -574.41611 21567.13 -28249.5 2369.34 -30618.8 11102.637
4.45 268.75018 -276.78935 21564.758 -28395.2 2409.93 -30805.1 11140.32
4.46 258.05664 -1042.9196 21639.284 -28526.8 2314.03 -30840.8 11214.038
4.47 290.12963 1304.3749 21255.303 -28248.9 2601.64 -30850.5 11115.237
4.48 263.12638 -90.699637 21489.515 -28495.4 2359.5 -30854.9 11220.971
4.49 282.26536 1007.568 21268.414 -28239.9 2531.12 -30771.1 11179.769
4.5 287.70024 -306.90617 21802.125 -28072.7 2579.85 -30652.5 11358.714
4.51 270.60794 13.289893 21383.733 -28281.4 2426.58 -30707.9 11264.034
4.52 286.39775 -602.01395 21599.7 -28284.3 2568.17 -30852.5 11352.122
4.53 267.12727 29.718339 21698.279 -28480 2395.37 -30875.3 11447.089
4.54 279.9745 108.65827 21461.613 -28206.8 2510.58 -30717.4 11340.38
4.55 278.504 -403.10203 21402.151 -28387.2 2497.39 -30884.6 11348.346
4.56 258.39873 810.61851 21369.076 -28476.9 2317.1 -30794 11393.018
4.57 283.78738 -49.961677 21697.142 -28180 2544.77 -30724.8 11544.203
4.58 271.9923 -17.702521 21385.794 -28372.2 2439 -30811.2 11486.251
4.59 268.29239 -394.6167 21574.906 -28308.9 2405.82 -30714.8 11616.241
4.6 271.42488 -380.81865 21681.459 -28191.8 2433.91 -30625.8 11702.59
4.61 268.0626 188.44084 21256.661 -28180.1 2403.76 -30583.9 11567.548
4.62 261.88647 -33.203756 21551.815 -28398.1 2348.38 -30746.5 11727.964
4.63 274.14506 -89.874881 21505.497 -28112 2458.3 -30570.3 11728.719
4.64 273.10464 231.64853 21456.322 -28268.2 2448.97 -30717.2 11725.549
4.65 262.06047 -1011.8787 21520.527 -28470.5 2349.94 -30820.5 11777.676
4.66 282.49801 113.52803 21490.316 -28210.5 2533.2 -30743.7 11816.046
4.67 283.65563 249.84675 21494.34 -28210.6 2543.59 -30754.1 11837.099
4.68 258.84395 -408.12176 21560.64 -28529.4 2321.09 -30850.5 11923.839
4.69 273.12131 275.192 21560.936 -28265.2 2449.12 -30714.3 11896.249
4.7 263.41374 -397.06773 21423.624 -28462.5 2362.07 -30824.6 11890.307
4.71 263.09047 1133.6642 21412.475 -28406.5 2359.17 -30765.7 11946.707
4.72 259.16886 -249.26258 21387.816 -28139.4 2324.01 -30463.4 11923.637
4.73 260.53407 -717.53193 21389.486 -28495.5 2336.25 -30831.7 11946.208
4.74 282.85296 -1017.4222 21608.738 -28185.8 2536.39 -30722.2 12085.091
4.75 272.49078 777.42696 21364.004 -28371.6 2443.47 -30815.1 12016.293
4.76 276.26782 -233.95365 21683.425 -28160 2477.34 -30637.3 12151.373
4.77 259.27532 778.8864 21430.839 -28420 2324.96 -30745 12055.162
4.78 271.07123 -988.84256 21627.845 -28268 2430.74 -30698.8 12179.053
4.79 265.49199 706.75479 21370.718 -28452.6 2380.71 -30833.3 12121.613
4.8 272.6204 -399.4395 21592.18 -28202.8 2444.63 -30647.4 12192.327
4.81 259.42057 248.61079 21505.682 -28336.2 2326.27 -30662.4 12220.233
4.82 271.45823 -52.167644 21440.736 -28385 2434.21 -30819.2 12203.753
4.83 279.75896 -283.13457 21486.975 -28166.6 2508.64 -30675.2 12272.028
4.84 263.13004 -901.45927 21464.829 -28274.4 2359.53 -30633.9 12288.229
4.85 269.70169 -59.083929 21529.793 -28159.6 2418.46 -30578.1 12348.357
4.86 264.83222 -596.84184 21483.209 -28505.6 2374.79 -30880.3 12327.715
4.87 288.30634 61.463502 21583.641 -28202.1 2585.29 -30787.4 12422.192
4.88 265.88649 -395.96354 21508.194 -28385 2384.25 -30769.2 12386.566
4.89 264.65616 -1110.8074 21679.505 -28057 2373.21 -30430.2 12442.077
4.9 263.32858 180.4024 21570.989 -28403.3 2361.31 -30764.6 12426.306
4.91 272.95442 9.0120733 21446.01 -28241.5 2447.63 -30689.1 12365.926
4.92 264.67315 494.52542 21413.15 -28044.6 2373.37 -30418 12381.535
4.93 277.34367 894.45754 21418.087 -28345.8 2486.98 -30832.8 12402.844
4.94 277.35597 -406.01772 21501.593 -28171 2487.1 -30658.1 12442.866
4.95 288.38829 755.67427 21575.815 -28070.7 2586.02 -30656.7 12493.37
4.96 263.09342 -818.21618 21639.209 -28325.4 2359.2 -30684.6 12545.736
4.97 265.07669 -197.49899 21420.188 -28293.3 2376.98 -30670.3 12494.442
4.98 268.77135 -383.54598 21644.622 -28348.1 2410.12 -30758.2 12612.504
4.99 267.19549 -134.15997 21510.538 -28349.1 2395.98 -30745.1 12608.487
5 286.5268 -29.985145 21497.079 -28028.4 2569.33 -30597.7 12631.852
5.01 278.09476 -150.18936 21529.063 -28185.9 2493.72 -30679.6 12668.226
5.02 278.0795 -233.9966 21516.112 -28295.5 2493.58 -30789.1 12710.372
5.03 279.03005 -182.09328 21721.032 -28344.6 2502.11 -30846.7 12837.491
5.04 285.28413 -823.5286 21555.162 -28267.4 2558.19 -30825.6 12831.103
5.05 264.71011 517.36958 21501.987 -28363.8 2373.7 -30737.5 12875.269
5.06 273.78914 452.6574 21377.799 -28134.9 2455.11 -30590 12836.563
5.07 278.63585 -409.33722 21651.649 -28219.1 2498.57 -30717.7 13006.636
5.08 256.20949 -92.158019 21702.484 -28497.4 2297.47 -30794.9 13061.7
5.09 271.60062 -112.00106 21602.402 -28222.4 2435.49 -30657.9 13034.764
5.1 262.57066 166.19715 21537.638 -28217.8 2354.51 -30572.3 13066.862
5.11 270.54112 -47.488427 21208.392 -28375.5 2425.99 -30801.5 12961.364
5.12 260.46058 -1089.1848 21488.109 -28422 2335.59 -30757.6 13095.486
5.13 266.79145 -337.37993 21563.768 -28260.4 2392.36 -30652.8 13172.456
5.14 263.40981 114.29295 21371.972 -28500.4 2362.04 -30862.5 13163.199
5.15 270.6335 1476.6402 21360.698 -28205.1 2426.81 -30631.9 13215.941
5.16 266.57022 -546.56459 21639.341 -28357 2390.38 -30747.4 13338.014
5.17 271.59134 -369.65184 21446.789 -28269 2435.4 -30704.4 13292.746
5.18 265.08617 1152.3401 21509.969 -28377 2377.07 -30754.1 13334.568
5.19 269.89455 -1013.342 21708.565 -28327.3 2420.19 -30747.4 13512.984
5.2 276.0086 -190.81174 21673.954 -28182.8 2475.01 -30657.8 13493.943
5.21 288.19955 -1007.0296 21760.441 -27897.6 2584.33 -30481.9 13562.066
5.22 264.72946 -464.65895 21427.439 -28246.7 2373.87 -30620.6 13416.51
5.23 276.39914 -402.3738 21513.375 -28349.8 2478.51 -30828.3 13493.596
5.24 272.93098 -182.45777 21635.16 -28141.6 2447.42 -30589 13580.797
5.25 271.64112 -309.46688 21288.208 -28295.6 2435.85 -30731.4 13453.321
5.26 284.34395 1339.7032 21468.064 -28210.6 2549.76 -30760.4 13558.745
5.27 265.87505 -597.64857 21555.512 -28295.1 2384.14 -30679.2 13582.714
5.28 270.26486 314.64672 21461.825 -28273.9 2423.51 -30697.4 13542.512
5.29 275.57491 -30.288888 21455.942 -28146.9 2471.12 -30618 13562.253
5.3 263.14299 123.05353 21359.084 -28529.6 2359.64 -30889.3 13536.348
5.31 284.44056 1148.4179 21295.816 -28336.7 2550.62 -30887.3 13539.608
5.32 277.81575 -663.67586 21595.545 -28406 2491.22 -30897.2 13690.019
5.33 272.9435 480.38195 21309.199 -28336.5 2447.53 -30784 13604.74
5.34 257.98243 -187.65619 21572.56 -28382.8 2313.37 -30696.1 13707.655
5.35 274.3933 -478.52166 21482.162 -28195 2460.53 -30655.6 13731.295
5.36 264.99106 -684.48602 21826.611 -28213.9 2376.22 -30590.1 13890.882
5.37 268.93436 -127.61483 21400.892 -28395.6 2411.58 -30807.2 13735.913
5.38 264.89537 363.09048 21432.848 -28215.1 2375.36 -30590.4 13788.207
5.39 269.93973 8.8732709 21337.224 -28328.6 2420.59 -30749.1 13750.698
5.4 276.45648 -890.8247 21844.34 -28250.5 2479.03 -30729.5 14012.795
5.41 271.61759 108.97875 21300.58 -28391.4 2435.64 -30827.1 13834.072
5.42 282.55421 -638.45346 21594.76 -28188.7 2533.71 -30722.5 14029.993
5.43 273.23646 201.37144 21500.944 -28326.3 2450.15 -30776.5 14026.074
5.44 266.17664 308.0475 21618.279 -28341.3 2386.85 -30728.2 14063.563
5.45 282.27807 344.27424 21448.148 -28224.4 2531.23 -30755.6 14011.457
5.46 287.86121 -121.4673 21500.802 -28263.8 2581.3 -30845.1 14109.476
5.47 272.34773 1429.4529 21284.642 -28165.2 2442.19 -30607.4 14091.126
5.48 255.877 230.77647 21334.921 -28332.6 2294.49 -30627.1 14105.514
5.49 275.49145 579.67404 21347.04 -28326 2470.38 -30796.4 14095.946
5.5 282.40412 251.85256 21458.888 -28133.4 2532.36 -30665.7 14183.703
5.51 277.0841 229.41106 21484.082 -28223.2 2484.66 -30707.9 14255.665
5.52 269.14507 48.564928 21414.881 -28290.2 2413.47 -30703.7 14262.831
5.53 253.42469 -1.3187715 21405.107 -28565.1 2272.5 -30837.6 14262.031
5.54 274.27052 374.02298 21510.088 -28185.3 2459.43 -30644.7 14350.456
5.55 273.20435 377.24484 21350.023 -28411.3 2449.87 -30861.2 14293.114
5.56 284.68793 -232.26664 21609.292 -28200.2 2552.84 -30753.1 14417.278
5.57 275.01599 526.80134 21421.036 -28227.7 2466.11 -30693.8 14381.344
5.58 268.35381 946.46855 21501.584 -28315.1 2406.37 -30721.4 14387.39
5.59 264.495 -364.38878 21534.262 -28116.1 2371.77 -30487.9 14441.292
5.6 275.61492 394.82527 21646.211 -28262.8 2471.48 -30734.3 14466.969
5.61 272.3456 -1080.4608 21732.698 -28192.3 2442.17 -30634.4 14466.914
5.62 261.82943 199.67852 21604.059 -28320.3 2347.87 -30668.1 14385.514
5.63 269.21245 -790.2142 21531.054 -28159.8 2414.07 -30573.9 14398.825
5.64 277.30384 -1017.1637 21491.311 -28264.4 2486.63 -30751 14426.31
5.65 263.36294 797.64624 21486.801 -28460.7 2361.62 -30822.4 14428.251
5.66 264.7993 113.42699 21434.415 -28213.6 2374.5 -30588.1 14431.47
5.67 279.20173 -41.302709 21573.032 -27875.7 2503.65 -30379.3 14530.363
5.68 266.86627 369.06427 21370.25 -28322.1 2393.03 -30715.1 14472.909
5.69 276.89958 -885.17164 21672.68 -28211.4 2483 -30694.4 14676.237
5.7 279.7919 1240.22 21405.343 -28103.2 2508.94 -30612.1 14574.663
5.71 282.4657 123.79932 21396.318 -28210.9 2532.91 -30743.9 14640.201
5.72 250.49815 -912.88759 21896.16 -28361.5 2246.26 -30607.8 14903.576
5.73 264.57825 731.31677 21372.614 -28494.9 2372.52 -30867.4 14719.777
5.74 275.6534 35.290926 21597.141 -28333.4 2471.83 -30805.2 14845.657
5.75 274.96622 693.50356 21350.897 -28336.5 2465.67 -30802.2 14740.234
5.76 266.80006 97.518774 21423.59 -28332.7 2392.44 -30725.1 14756.333
5.77 287.00095 186.49148 21485.659 -28194.2 2573.58 -30767.8 14803.433
5.78 254.8991 -825.69938 21720.244 -28544.2 2285.72 -30829.9 14902.74
5.79 283.48788 1035.3713 21390.417 -28288.1 2542.08 -30830.2 14793.711
5.8 274.88302 248.00301 21642.932 -28432.1 2464.92 -30897 14936.376
5.81 294.72095 550.50787 21552.133 -27939.4 2642.81 -30582.2 14929.362
5.82 265.32029 43.287274 21622.953 -28259.2 2379.17 -30638.4 14993.019
5.83 268.02448 908.18191 21522.541 -28244.6 2403.42 -30648 14935.825
5.84 261.36716 -285.78424 21422.961 -28251 2343.72 -30594.7 14919.351
5.85 268.60397 -273.41857 21432.144 -28442.5 2408.61 -30851.1 14943.587
5.86 274.34036 -299.51184 21467.414 -28219.3 2460.05 -30679.4 15004.683
5.87 272.55456 439.90641 21441.908 -28456.3 2444.04 -30900.3 14973.706
5.88 279.55568 532.00835 21471.989 -28257.4 2506.82 -30764.3 15031.034
5.89 271.91211 388.37143 21477.669 -28212.3 2438.28 -30650.6 15087.1
5.9 261.05107 42.019966 21443.89 -28256.2 2340.89 -30597 15092.331
5.91 266.74209 137.26174 21554.194 -28480.3 2391.92 -30872.2 15204.398
5.92 264.32527 814.6533 21338.476 -28342.3 2370.25 -30712.5 15129.374
5.93 266.48681 298.88596 21408.997 -28452.3 2389.63 -30842 15176.607
5.94 264.62545 628.41632 21601.865 -28022.8 2372.94 -30395.7 15345.768
5.95 259.80899 -712.51895 21536.161 -28361.2 2329.75 -30690.9 15319.628
5.96 276.04104 -171.87098 21482.786 -28434.6 2475.3 -30909.9 15320.412
5.97 268.64083 -68.308523 21682.187 -28478.2 2408.95 -30887.1 15461.263
5.98 267.78603 640.83146 21686.914 -28309 2401.28 -30710.3 15513.406
5.99 278.12393 287.05102 21479.284 -28083.1 2493.98 -30577.1 15455.194
6 284.58668 722.88324 21352.155 -28082.2 2551.93 -30634.2 15442.624
6.01 269.65101 571.29433 21595.933 -28152.5 2418 -30570.5 15584.214
6.02 258.75805 133.88662 21469.268 -28242.4 2320.32 -30562.7 15609.569
6.03 271.06611 213.19306 21613.351 -28245.5 2430.69 -30676.2 15736.424
6.04 263.26476 -263.54978 21551.602 -28254.5 2360.74 -30615.2 15747.09
6.05 266.09314 900.17336 21383.109 -28152.8 2386.1 -30538.9 15655.412
6.06 265.01458 120.32924 21389.888 -28234.9 2376.43 -30611.4 15684.264
6.07 286.51913 -188.59605 21382.191 -28129.8 2569.26 -30699.1 15684.371
6.08 282.98512 420.89918 21459.77 -28366.6 2537.57 -30904.1 15772.275
6.09 277.50229 234.32422 21346.116 -28217.5 2488.41 -30705.9 15745.697
6.1 264.07714 1200.7993 21328.687 -28378.5 2368.02 -30746.5 15794.757
6.11 270.56089 -178.51687 21473.26 -28330.5 2426.16 -30756.7 15920.762
6.12 274.4832 243.29632 21476.762 -28276.9 2461.33 -30738.2 15961.928
6.13 277.96139 -618.33912 21564.44 -28319.4 2492.52 -30811.9 15995.655
6.14 275.90947 -1142.8157 21638.051 -28353.8 2474.12 -30827.9 16061.158
6.15 254.71774 765.31113 21447.881 -28382 2284.09 -30666.1 16015.554
6.16 275.45412 964.15288 21228.506 -28241.8 2470.04 -30711.9 15885.985
6.17 274.56571 0.63765363 21563.172 -28181.9 2462.07 -30644 16123.107
6.18 268.77613 269.69566 21420.473 -28140.5 2410.16 -30550.7 16081.323
6.19 274.60355 1020.2837 21328.831 -28274.5 2462.41 -30736.9 16095.581
6.2 291.01483 -550.65972 21614.591 -28039.7 2609.58 -30649.2 16228.072
6.21 255.03238 145.31918 21503.495 -28350.6 2286.92 -30637.6 16208.553
6.22 272.51663 1239.2876 21198.741 -28139.3 2443.7 -30583 16094.384
6.23 270.36311 13.599578 21579.452 -28089.7 2424.39 -30514 16326.851
6.24 283.31125 -362.89737 21543.52 -28269.3 2540.5 -30809.8 16323.897
6.25 260.48224 -435.12463 21585.923 -28449.1 2335.79 -30784.9 16356.403
6.26 268.91328 1128.8197 21298.888 -28289.4 2411.39 -30700.8 16224.094
6.27 279.62305 -381.31241 21452.154 -28116.8 2507.42 -30624.2 16303.267
6.28 267.62634 -543.51801 21453.583 -28365.5 2399.85 -30765.3 16360.096
6.29 279.55982 227.25045 21509.443 -28210.4 2506.86 -30717.2 16414.171
6.3 264.94578 103.24732 21522.496 -28395.9 2375.81 -30771.7 16462.777
6.31 278.66885 330.64895 21494.969 -28326.9 2498.87 -30825.7 16432.927
6.32 265.76552 182.91851 21440.094 -28442.8 2383.16 -30825.9 16441.878
6.33 281.48125 -1102.0552 21546.944 -28193.8 2524.09 -30717.9 16538.504
6.34 275.20685 885.43237 21336.466 -28303.2 2467.82 -30771.1 16462.627
6.35 267.48151 -565.35919 21668.239 -28527.5 2398.55 -30926.1 16706.569
6.36 282.19185 -331.72774 21424.313 -28316.8 2530.46 -30847.3 16615.397
6.37 278.43185 -504.79391 21844.786 -28336.8 2496.74 -30833.6 16829.222
6.38 276.8555 16.467487 21503.186 -28127.8 2482.61 -30610.4 16721.379
6.39 262.9968 624.37329 21339.817 -28476.7 2358.33 -30835.1 16662.265
6.4 282.19672 -358.26294 21536.661 -28172.6 2530.5 -30703.1 16793.178
6.41 264.68871 1067.8773 21420.124 -28443.2 2373.51 -30816.7 16742.098
6.42 268.16287 295.58735 21492.475 -28191.1 2404.66 -30595.8 16797.047
6.43 271.18492 268.73345 21499.699 -28195.9 2431.76 -30627.7 16858.101
6.44 267.69816 -161.72567 21620.219 -28284.9 2400.49 -30685.4 16926.77
6.45 271.97929 243.26066 21454.422 -28220.4 2438.88 -30659.3 16838.977
6.46 270.97455 -14.909339 21547.233 -28368.9 2429.87 -30798.8 16873.322
6.47 285.34109 -251.55295 21598.568 -28061.7 2558.7 -30620.4 16936.455
6.48 280.61176 -514.30902 21522.503 -28256.6 2516.29 -30772.9 16945.258
6.49 273.27134 -1024.9679 21676.421 -28269.7 2450.47 -30720.2 17048.424
6.5 279.19237 -383.25154 21455.506 -28311.2 2503.56 -30814.7 16936.528
6.51 281.12867 -309.26186 21473.143 -28144.4 2520.93 -30665.3 16969.235
6.52 264.38866 385.37147 21376.814 -28279.8 2370.82 -30650.7 16932.306
6.53 269.07559 363.50768 21275.95 -28428.3 2412.84 -30841.2 16903.489
6.54 269.38576 -994.0498 21832.493 -28295.9 2415.62 -30711.5 17157.001
6.55 274.05269 431.60972 21394.141 -28199.8 2457.47 -30657.3 16904.684
6.56 273.4053 179.78296 21352.61 -28213.4 2451.67 -30665.1 16874.062
6.57 283.99101 27.853097 21442.881 -28191.1 2546.59 -30737.7 16975.686
6.58 268.81894 253.09012 21685.184 -28334.3 2410.54 -30744.9 17149.119
6.59 277.88915 -225.25367 21483.81 -28317.8 2491.88 -30809.7 17060.145
6.6 275.91789 1180.4475 21452.868 -28101.5 2474.2 -30575.7 17083.386
6.61 270.06297 -541.5067 21662.497 -28386.7 2421.7 -30808.4 17225.634
6.62 275.30582 -496.35263 21387.208 -28312.2 2468.71 -30780.9 17113.318
6.63 264.92611 313.62193 21632.599 -28417.1 2375.63 -30792.7 17313.69
6.64 258.06788 -90.224756 21653.746 -28584 2314.14 -30898.1 17340.766
6.65 281.32482 498.49663 21413.018 -28189.3 2522.68 -30712 17270.639
6.66 275.62602 352.75437 21472.486 -28238.1 2471.58 -30709.7 17305.294
6.67 272.48183 -38.613796 21496.959 -28272.2 2443.39 -30715.6 17348.661
6.68 274.29644 -641.2945 21493.339 -28440.3 2459.66 -30899.9 17373.637
6.69 279.42658 190.18472 21572.343 -28273.1 2505.66 -30778.7 17447.213
6.7 271.84354 801.70815 21389.596 -28251.6 2437.66 -30689.3 17330.469
6.71 265.28164 782.12358 21485.502 -28342.2 2378.82 -30721.1 17370.064
6.72 280.86129 348.28726 21539.069 -28191.3 2518.53 -30709.9 17441.867
6.73 255.62193 -119.00029 21590.833 -28516.2 2292.2 -30808.4 17499.877
6.74 250.99795 277.99205 21466.884 -28404.1 2250.74 -30654.8 17473.361
6.75 277.4667 942.51303 21233.59 -28185.3 2488.09 -30673.4 17362.809
6.76 273.49476 -451.70101 21521.678 -28246.8 2452.47 -30699.2 17533.613
6.77 267.87923 -63.664806 21327.427 -28330.6 2402.12 -30732.8 17476.074
6.78 256.27463 -798.90604 21511.692 -28469.8 2298.06 -30767.9 17594.804
6.79 260.1047 65.300359 21497.949 -28302.2 2332.4 -30634.6 17601.468
6.8 267.05496 639.60695 21283.591 -28494.4 2394.72 -30889.2 17454.551
6.81 271.66177 -713.31921 21593.295 -28154.9 2436.03 -30590.9 17644.455
6.82 271.15026 156.13418 21450.135 -28265.8 2431.45 -30697.3 17643.238
6.83 278.17107 220.77089 21443.463 -28123 2494.4 -30617.4 17592.19
6.84 266.78055 253.72627 21570.051 -28304.3 2392.26 -30696.6 17716.564
6.85 259.25544 -521.23718 21596.346 -28319.9 2324.78 -30644.6 17779.04
6.86 273.40039 -810.65415 21627.827 -28429.6 2451.62 -30881.2 17810.208
6.87 271.70715 764.67204 21530.554 -28151.2 2436.44 -30587.7 17735.577
6.88 266.52882 -545.63852 21454.476 -28376.1 2390.01 -30766.1 17770.325
6.89 288.29871 517.53279 21377.777 -28011.8 2585.22 -30597.1 17762.696
6.9 263.54407 -98.113735 21540.126 -28309 2363.24 -30672.2 17909.533
6.91 269.84077 -497.11627 21465.714 -28213 2419.71 -30632.7 17911.141
6.92 278.59262 544.90338 21446.939 -28158.2 2498.18 -30656.4 17929.252
6.93 268.95662 29.911218 21402.667 -28322.9 2411.78 -30734.6 17947.946
6.94 285.9069 590.86406 21363.659 -28101 2563.77 -30664.8 18024.412
6.95 274.35081 571.35408 21351.605 -28233.8 2460.15 -30693.9 18049.594
6.96 275.18425 -545.49407 21621.826 -28372.6 2467.62 -30840.3 18206.022
6.97 258.62519 43.687282 21506.69 -28412.3 2319.13 -30731.4 18160.536
6.98 274.71818 -1398.2131 21669.448 -28257.1 2463.44 -30720.6 18323.868
6.99 278.77271 -276.05792 21552.88 -28329.7 2499.8 -30829.5 18333.239
7 270.18904 -77.941332 21437.703 -28245.7 2422.83 -30668.5 18330.414
7.01 259.86099 -132.80466 21380.911 -28403 2330.21 -30733.2 18330.821
7.02 277.797 -153.52502 21727.959 -28258 2491.05 -30749.1 18581.434
7.03 280.81644 -345.20792 21367.545 -28342.4 2518.13 -30860.6 18436.298
7.04 282.02519 498.69627 21619.778 -28128 2528.96 -30657 18667.974
7.05 265.11603 678.65813 21259.38 -28107.7 2377.34 -30485 18497.636
7.06 284.41549 129.67982 21288.403 -28247.9 2550.4 -30798.3 18537.55
7.07 273.6505 -439.36501 21695.872 -28126.2 2453.87 -30580 18859.639
7.08 278.62992 -381.7835 21492.413 -28328.8 2498.52 -30827.3 18765.21
7.09 280.33328 832.88215 21577.709 -28209.1 2513.79 -30722.9 18884.962
7.1 273.72161 -894.83962 21682.644 -28160.6 2454.51 -30615.1 18968.375
7.11 272.0071 875.74275 21231.331 -28392 2439.13 -30831.1 18746.386
7.12 277.8069 -110.16061 21531.492 -28035.2 2491.14 -30526.3 18968.565
7.13 262.9214 -276.63569 21489.698 -28270.4 2357.66 -30628 18962.3
7.14 274.80872 -392.19563 21501.852 -28214.2 2464.25 -30678.5 18989.511
7.15 272.58721 -547.15949 21397.432 -28162.7 2444.33 -30607 18960.6
7.16 281.38705 363.48873 21381.317 -28213.8 2523.24 -30737 19003.053
7.17 278.16525 -24.32572 21532.191 -28392 2494.35 -30886.4 19078.659
7.18 269.92716 -554.50043 21688.092 -28295.7 2420.48 -30716.2 19166.556
7.19 276.1719 61.179853 21472.342 -28092.3 2476.48 -30568.8 19014.735
7.2 269.35451 -449.4281 21454.741 -28336.3 2415.34 -30751.6 19073.565
7.21 271.49444 670.76678 21592.319 -28485.8 2434.53 -30920.4 19234.285
7.22 269.87158 3.5643591 21624.875 -28377.3 2419.98 -30797.3 19278.96
7.23 274.93323 -63.639687 21623.047 -28474.9 2465.37 -30940.3 19315.236
7.24 269.42911 -657.38439 21364.975 -28400.8 2416.01 -30816.8 19161.978
7.25 275.80799 -547.64028 21465.92 -28159.1 2473.21 -30632.3 19289.584
7.26 281.36949 -749.48214 21721.347 -28075 2523.08 -30598.1 19466.893
7.27 260.00151 -490.31638 21700.922 -28314.7 2331.47 -30646.1 19454.029
7.28 280.58365 -338.90594 21486.323 -28170.2 2516.04 -30686.3 19436.641
7.29 257.73589 -331.67075 21550.881 -28436.9 2311.16 -30748.1 19520.645
7.3 282.37011 -272.80768 21480.942 -28037.1 2532.06 -30569.2 19513.582
7.31 270.98419 -12.530596 21454.561 -28281.5 2429.96 -30711.5 19483.136
7.32 278.68313 -591.29804 21552.205 -28228.3 2499 -30727.3 19531.848
7.33 280.44433 133.32946 21519.412 -28165 2514.79 -30679.8 19603.91
7.34 278.89845 -486.50773 21601.389 -28309.6 2500.93 -30810.6 19710.945
7.35 263.12352 -449.14488 21550.969 -28283.7 2359.47 -30643.2 19699.296
7.36 272.08692 -75.299852 21504.646 -28117.6 2439.85 -30557.5 19709.835
7.37 259.5571 182.3981 21536.231 -28372.3 2327.49 -30699.8 19700.658
7.38 273.87029 -593.70866 21591.057 -28329.9 2455.84 -30785.8 19801.155
7.39 272.6958 -181.47417 21524.584 -28339.8 2445.31 -30785.1 19853.347
7.4 281.02701 -219.1825 21543.188 -28173.2 2520.01 -30693.3 19904.769
7.41 272.86228 111.77499 21463.323 -28295.1 2446.8 -30741.9 19885.632
7.42 267.58773 -20.01258 21618.805 -28294 2399.5 -30693.5 20057.146
7.43 268.03814 473.46208 21417.161 -28256.3 2403.54 -30659.8 19949.765
7.44 273.77897 309.62152 21458.461 -28211.6 2455.02 -30666.7 19984.674
7.45 291.29845 113.83461 21513.798 -28145.5 2612.12 -30757.6 20027.782
7.46 271.24097 -282.98918 21368.974 -28181.5 2432.26 -30613.8 19944.063
7.47 272.57119 731.35568 21394.222 -28617.5 2444.19 -31061.7 19989.042
7.48 277.06222 656.18763 21296.842 -28159.4 2484.46 -30643.9 19906.571
7.49 263.43631 -369.34886 21363.224 -28388.5 2362.28 -30750.8 19974.661
7.5 264.54722 -288.59606 21548.333 -28299.2 2372.24 -30671.4 20111.158
7.51 275.35999 -905.1645 21574.965 -28161.8 2469.2 -30631 20127.679
7.52 264.55805 402.14772 21405.849 -28436.6 2372.33 -30808.9 20005.983
7.53 261.44463 33.603031 21572.482 -28331 2344.42 -30675.4 20140.039
7.54 283.83109 -128.33582 21657.221 -28239.2 2545.16 -30784.3 20130.579
7.55 266.6237 -878.08611 21837.864 -28303.6 2390.86 -30694.4 20245.971
7.56 265.58809 244.40527 21442.099 -28502.9 2381.57 -30884.5 20056.144
7.57 291.10582 -1156.8016 21433.935 -28270.8 2610.39 -30881.2 20155.486
7.58 279.45377 215.30523 21400.004 -28294.1 2505.91 -30800 20149.183
7.59 267.24383 -704.38482 21636.474 -28247.2 2396.42 -30643.6 20306.245
7.6 275.62871 -592.54829 21452.303 -28113.6 2471.61 -30585.2 20218.512
7.61 260.74219 1112.2762 21260 -28458.1 2338.12 -30796.2 20130.55
7.62 278.60541 442.66743 21429.915 -28199.4 2498.3 -30697.7 20189.662
7.63 261.59124 -52.886627 21386.702 -28361.1 2345.73 -30706.8 20182.839
7.64 278.72292 -805.55267 21623.509 -28154.1 2499.35 -30653.5 20361.38
7.65 275.61228 1304.709 21227.795 -28149.6 2471.46 -30621.1 20201.49
7.66 270.60132 -86.736637 21693.059 -28263.8 2426.53 -30690.3 20559.604
7.67 262.32698 -848.04413 21589.501 -28440.9 2352.33 -30793.2 20489.285
7.68 275.75282 161.63191 21474.902 -28246.5 2472.72 -30719.2 20438.35
7.69 273.18021 280.99193 21255.6 -28360.6 2449.65 -30810.2 20304.332
7.7 272.39432 -213.86205 21674.371 -28221.7 2442.6 -30664.3 20531.965
7.71 257.85056 113.41186 21421.855 -28299.2 2312.19 -30611.4 20376.166
7.72 273.01425 -222.02809 21392.963 -28435.5 2448.16 -30883.7 20358.392
7.73 274.62409 14.596663 21329.532 -28111.6 2462.6 -30574.2 20378.502
7.74 273.79732 312.28331 21717.806 -28138.4 2455.18 -30593.6 20686.917
7.75 277.98021 341.14895 21448.105 -28406.2 2492.69 -30898.9 20555.668
7.76 264.92229 -420.62538 21527.613 -28373.2 2375.6 -30748.8 20663.933
7.77 283.43815 -608.68428 21787.727 -28116.5 2541.63 -30658.2 20881.513
7.78 263.0315 132.76517 21480.967 -28275 2358.65 -30633.6 20719.811
7.79 280.3228 -1308.3331 21801.296 -28158.3 2513.7 -30672 20986.577
7.8 266.85251 912.94166 21226.158 -28249.7 2392.91 -30642.6 20628.62
7.81 264.26599 -59.535448 21636.08 -28402.9 2369.72 -30772.6 20867.671
7.82 257.34281 -887.38141 21681.855 -28500.7 2307.63 -30808.4 20894.822
7.83 280.06902 -816.40065 21639.507 -28245.9 2511.42 -30757.3 20913.659
7.84 266.90601 218.70614 21269.155 -28424.1 2393.39 -30817.4 20734.807
7.85 270.09036 824.80581 21216.133 -28223 2421.94 -30645 20701.452
7.86 285.07019 102.68532 21483.604 -28091.4 2556.27 -30647.7 20922.146
7.87 273.97796 140.24613 21658.556 -28269.3 2456.8 -30726.1 21045.799
7.88 282.04889 359.15045 21507.494 -28178.2 2529.18 -30707.4 20932.675
7.89 283.03866 181.59304 21541.147 -28151.4 2538.05 -30689.4 20922.816
7.9 251.03846 -600.87147 21542.11 -28394 2251.1 -30645.1 20936.507
7.91 272.84725 -80.598845 21597.996 -28148.2 2446.66 -30594.9 21024.885
7.92 268.66474 -46.917144 21563.137 -28359.6 2409.16 -30768.8 21029.14
7.93 273.3961 -300.81841 21554.954 -28283.9 2451.59 -30735.5 21044.843
7.94 272.07492 276.49797 21746.839 -28213.6 2439.74 -30653.3 21263.009
7.95 278.82264 -256.24401 21656.08 -28235 2500.25 -30735.2 21205.759
7.96 271.02292 503.49386 21428.643 -28260.4 2430.31 -30690.8 21075.792
7.97 275.42083 89.932467 21463.194 -28116.4 2469.74 -30586.1 21139.272
7.98 272.19657 102.84509 21488.603 -28234.8 2440.83 -30675.6 21180.603
7.99 269.12771 167.83686 21332.961 -28314.3 2413.31 -30727.6 21087.849
8 277.97619 708.22107 21416.12 -28152.6 2492.66 -30645.2 21182.868
8.01 248.52542 316.49295 21482.761 -28618 2228.57 -30846.6 21223.77
8.02 270.41575 -77.363892 21504.599 -28473.7 2424.86 -30898.6 21264.145
8.03 277.79004 -151.31039 21492.555 -28176.8 2490.99 -30667.8 21216.046
8.04 260.37659 2.697393 21340.745 -28531.9 2334.84 -30866.7 21130.169
8.05 261.96161 -94.478123 21546.564 -28268.5 2349.05 -30617.6 21279.901
8.06 260.82435 651.13568 21233.969 -28382.7 2338.85 -30721.5 21084.259
8.07 255.79067 -423.10444 21621.439 -28537.4 2293.72 -30831.1 21356.231
8.08 282.04183 -103.3741 21617.869 -28154.9 2529.11 -30684 21433.836
8.09 262.49143 227.36637 21412.927 -28399.7 2353.8 -30753.5 21266.797
8.1 285.99285 419.50586 21541.508 -28195.4 2564.54 -30760 21369.451
8.11 284.88902 43.789062 21355.672 -28143.5 2554.65 -30698.1 21269.016
8.12 265.09496 97.572305 21577.419 -28374.7 2377.15 -30751.9 21457.032
8.13 273.91794 114.8826 21250.168 -28353.4 2456.27 -30809.7 21266.502
8.14 273.9803 269.85116 21368.85 -28284.8 2456.82 -30741.7 21409.968
8.15 263.41694 74.175753 21587.927 -28389.1 2362.1 -30751.2 21603.009
8.16 251.85077 79.838432 21307.508 -28511 2258.39 -30769.4 21460.672
8.17 255.69967 -368.80586 21467.551 -28331 2292.9 -30623.9 21557.679
8.18 266.0496 -276.5164 21469.681 -28240.5 2385.71 -30626.2 21568.556
8.19 271.55503 198.63159 21556.285 -28421.1 2435.08 -30856.2 21605.504
8.2 277.72028 805.87526 21573.224 -28379.6 2490.36 -30869.9 21600.445
8.21 267.73695 135.68375 21607.523 -28393.7 2400.84 -30794.5 21669.21
8.22 276.22244 -637.2289 21570.457 -28252.4 2476.93 -30729.3 21731.339
8.23 259.83561 390.23815 21349.01 -28392.9 2329.99 -30722.9 21581.085
8.24 273.78624 87.022994 21748.407 -28348.1 2455.08 -30803.2 21871.666
8.25 264.74447 321.63474 21480.755 -28426.5 2374.01 -30800.5 21720.805
8.26 282.48736 695.03097 21255.769 -28170.8 2533.11 -30703.9 21573.72
8.27 260.7084 408.37034 21345.776 -28336.3 2337.81 -30674.1 21648.362
8.28 275.8008 -142.60229 21411.553 -28221.3 2473.15 -30694.4 21708.485
8.29 268.41141 -117.2969 21550.921 -28325.2 2406.89 -30732.1 21828.673
8.3 276.05523 1007.051 21212.996 -28325.5 2475.43 -30800.9 21617.84
8.31 271.63433 -66.014661 21576.83 -28314 2435.79 -30749.8 21881.71
8.32 268.68433 680.6724 21409.61 -28333.7 2409.34 -30743.1 21779.742
8.33 264.32895 562.64348 21365.268 -28190.9 2370.28 -30561.2 21807.971
8.34 269.75026 172.1465 21369.539 -28294.8 2418.89 -30713.7 21848.049
8.35 267.41653 -58.576998 21697.447 -28133.2 2397.97 -30531.2 22071.463
8.36 256.05252 -436.83053 21509.175 -28582.4 2296.06 -30878.4 21982.027
8.37 276.37793 -931.84782 21661.009 -28271.2 2478.32 -30749.5 22068.347
8.38 286.97486 44.348214 21624.818 -28076.3 2573.35 -30649.6 22119.07
8.39 275.73714 -252.04308 21598.535 -28376.6 2472.58 -30849.2 22082.045
8.4 265.16692 122.07456 21197.681 -28135.9 2377.79 -30513.7 21812.915
8.41 278.01473 762.46212 21694.182 -28434.3 2493 -30927.4 22130.483
8.42 271.88834 -51.469792 21674.613 -28264.1 2438.07 -30702.1 22069.564
8.43 270.81516 1065.3128 21346.225 -28394.5 2428.44 -30822.9 21849.379
8.44 284.85713 217.99272 21459.254 -28237.3 2554.36 -30791.7 22032.892
8.45 282.34839 1230.7914 21408.474 -28219.6 2531.86 -30751.4 22034.664
8.46 274.07039 50.0012 21674.834 -28331.2 2457.63 -30788.8 22196.146
8.47 273.52674 -324.05292 21588.615 -28276.2 2452.76 -30729 22162.636
8.48 284.28305 -212.96035 21601.704 -28124 2549.21 -30673.2 22208.951
8.49 275.04665 -102.31757 21375.356 -28253.1 2466.39 -30719.5 22083.093
8.5 275.82041 -92.376635 21596.804 -28150.7 2473.33 -30624 22295.783
8.51 270.75178 -300.71694 21689.581 -28288.2 2427.87 -30716 22385.627
8.52 272.67469 999.38152 21374.446 -28401.6 2445.12 -30846.7 22191.453
8.53 266.34288 136.83056 21571.759 -28313.6 2388.34 -30701.9 22333.607
8.54 286.33524 -613.05328 21572.627 -28139.7 2567.61 -30707.3 22338.425
8.55 271.44348 -279.64904 21434.45 -28267.9 2434.08 -30702 22292.262
8.56 271.8126 665.45823 21328.95 -28115.9 2437.39 -30553.3 22258.709
8.57 263.72926 -539.83746 21712.546 -28159.7 2364.9 -30524.6 22534.914
8.58 275.89857 -60.238966 21464.296 -28202.5 2474.03 -30676.6 22390.667
8.59 275.48577 -169.87174 21499.908 -28356.9 2470.32 -30827.3 22434.287
8.6 265.24974 289.49072 21502.176 -28249.9 2378.54 -30628.4 22418.271
8.61 267.11767 26.657006 21456.007 -28563.7 2395.29 -30959 22473.202
8.62 282.61837 -741.24109 21393.331 -28267.8 2534.28 -30802.1 22422.672
8.63 282.94015 835.0287 21408.206 -28166.3 2537.17 -30703.4 22491.746
8.64 269.06532 565.67357 21230.201 -28229 2412.75 -30641.8 22367.587
8.65 273.65559 9.2635332 21580.869 -28355.1 2453.91 -30809 22617.365
8.66 277.46114 -728.79333 21651.134 -27944.4 2488.04 -30432.4 22699.612
8.67 265.86583 -95.656477 21391.18 -28231.5 2384.06 -30615.6 22611.182
8.68 271.56557 -106.22701 21522.559 -28323.8 2435.17 -30759 22739.877
8.69 275.56147 181.33643 21546.153 -28187.1 2471 -30658.1 22826.177
8.7 279.15914 -249.03656 21413.815 -28056.7 2503.26 -30560 22761.641
8.71 263.62935 170.5198 21499.72 -28519.5 2364.01 -30883.5 22848.061
8.72 272.12297 244.36858 21431.006 -28284.4 2440.17 -30724.6 22814.791
8.73 279.64007 27.564492 21614.823 -28154.2 2507.58 -30661.8 22892.769
8.74 263.40292 132.88719 21330.521 -28430.4 2361.98 -30792.4 22738.078
8.75 269.2324 -865.75768 21449.446 -28358.8 2414.25 -30773.1 22886.85
8.76 272.74141 386.05625 21646.899 -28122.2 2445.72 -30567.9 23060.297
8.77 260.89691 -297.32668 21413.699 -28443.3 2339.5 -30782.8 22897.721
8.78 287.63285 620.19123 21343.691 -28233.7 2579.25 -30812.9 22853.071
8.79 275.30315 -422.77741 21503.887 -28293.6 2468.69 -30762.3 23002.967
8.8 269.89996 40.304793 21568.642 -28245.3 2420.24 -30665.6 23082.873
8.81 263.31412 1150.4932 21429.463 -28410.6 2361.18 -30771.8 23053.38
8.82 258.62512 625.41841 21488.115 -28360.6 2319.13 -30679.7 23162.435
8.83 271.68511 175.42968 21638.584 -28401.9 2436.24 -30838.2 23284.95
8.84 279.20655 -518.00285 21653.461 -28321.2 2503.69 -30824.9 23334.088
8.85 265.61231 -705.79531 21607.655 -28331.9 2381.79 -30713.7 23331.023
8.86 281.96503 482.91664 21350.767 -28206 2528.43 -30734.5 23183.826
8.87 283.48192 262.02702 21415.593 -28293.4 2542.03 -30835.4 23162.233
8.88 256.42983 -86.581548 21435.892 -28433 2299.45 -30732.4 23207.438
8.89 279.32437 840.20405 21371.041 -28063.2 2504.75 -30568 23182.407
8.9 258.72304 -998.57486 21385.246 -28450.4 2320.01 -30770.4 23185.199
8.91 278.42078 276.52714 21417.375 -28166.1 2496.64 -30662.7 23208.536
8.92 255.49211 1148.4671 21183.457 -28470.3 2291.04 -30761.4 22964.83
8.93 276.37535 74.5595 21414.797 -28273.8 2478.3 -30752.1 23183.356
8.94 275.37289 781.00482 21481.96 -28301.3 2469.31 -30770.6 23271.369
8.95 283.43117 -219.01464 21768.524 -28023.9 2541.57 -30565.5 23495.804
8.96 279.94482 386.81838 21511.36 -28249.5 2510.31 -30759.8 23356.697
8.97 281.00482 1069.6473 21366.01 -28181.7 2519.81 -30701.5 23295.733
8.98 277.01092 -76.599296 21498.902 -28154.1 2484 -30638.1 23415.848
8.99 266.06759 -472.7728 21447.463 -28310.4 2385.87 -30696.3 23412.813
9 272.71084 -785.21095 21579.999 -28252.6 2445.44 -30698 23530.971
9.01 269.51106 -329.6293 21713.912 -28380.4 2416.75 -30797.2 23631.739
9.02 277.08451 19.871386 21516.201 -28088.1 2484.66 -30572.7 23495.252
9.03 272.64965 332.86603 21338.767 -28313.4 2444.89 -30758.3 23369.809
9.04 286.66637 364.96304 21413.08 -28166.8 2570.58 -30737.4 23459.879
9.05 283.14255 499.36051 21623.712 -28121.4 2538.98 -30660.4 23660.714
9.06 275.053 177.65374 21567.555 -28299.4 2466.44 -30765.8 23617.462
9.07 266.9064 630.24154 21364.923 -28347.4 2393.39 -30740.8 23534.773
9.08 277.62198 862.42584 21456.922 -28432.9 2489.48 -30922.4 23664.286
9.09 287.45118 249.57574 21414.544 -28225.6 2577.62 -30803.2 23657.002
9.1 280.11185 158.08165 21456.019 -28059.4 2511.81 -30571.2 23693.893
9.11 273.48951 610.19866 21489.105 -28181.7 2452.42 -30634.1 23684.421
9.12 282.94705 1.6381154 21665.861 -28375.4 2537.23 -30912.7 23897.203
9.13 274.74889 -108.47063 21381.081 -28223.3 2463.72 -30687 23671.967
9.14 271.92387 -95.209703 21611.031 -28363.1 2438.38 -30801.5 23834.567
9.15 279.24298 216.3722 21562.312 -28268.5 2504.02 -30772.5 23797.839
9.16 274.10915 -255.55966 21591.987 -28148.5 2457.98 -30606.5 23848.747
9.17 270.18021 711.27043 21506.3 -28156.9 2422.75 -30579.7 23774.65
9.18 268.09631 -588.97375 21692.024 -28297.4 2404.06 -30701.4 23972.671
9.19 280.7556 88.657402 21486.205 -28105.7 2517.58 -30623.3 23813.298
9.2 270.52778 355.56179 21380.628 -28351.7 2425.87 -30777.5 23691.492
9.21 262.56975 347.53349 21166.823 -28423.1 2354.5 -30777.6 23565.518
9.22 262.14359 -234.07679 21346.577 -28218.6 2350.68 -30569.2 23650.099
9.23 263.36472 -388.80881 21783.846 -28332.8 2361.63 -30694.4 24003.571
9.24 268.10037 1045.7808 21278.372 -28385.3 2404.1 -30789.4 23645.185
9.25 281.96186 592.44873 21445.496 -28243.7 2528.4 -30772.1 23743.289
9.26 276.27534 -190.49692 21596.253 -28151.1 2477.4 -30628.5 23776.104
9.27 263.36662 -109.08864 21461.911 -28405.3 2361.65 -30766.9 23700.074
9.28 271.70529 -612.49984 21492.49 -28256.3 2436.42 -30692.8 23709.514
9.29 252.3796 -363.79513 21364.869 -28315 2263.13 -30578.1 23684.068
9.3 291.28891 44.302282 21537.448 -28203.9 2612.03 -30815.9 23831.985
9.31 278.30959 940.04192 21417.61 -28430.5 2495.65 -30926.1 23791.877
9.32 264.94643 376.53818 21342.482 -28279.3 2375.82 -30655.1 23761.303
9.33 281.02115 -359.85557 21442.538 -28440 2519.96 -30959.9 23875.092
9.34 266.50397 502.42016 21325.899 -28403 2389.78 -30792.8 23840.855
9.35 284.43108 614.18539 21396.498 -28153.4 2550.54 -30704 23906.747
9.36 267.06867 -240.72915 21426.915 -28312.4 2394.85 -30707.3 23985.614
9.37 263.36768 -374.68999 21448.912 -28259.1 2361.66 -30620.7 24016.668
9.38 262.56084 -372.88626 21580.852 -28473.7 2354.42 -30828.2 24177.324
9.39 287.85776 -527.85013 21554.356 -28266.4 2581.27 -30847.6 24202.524
9.4 268.94226 -310.25484 21575.736 -28527.5 2411.65 -30939.2 24215.202
9.41 272.27471 -228.01546 21420.901 -28179.1 2441.53 -30620.7 24128.094
9.42 271.53781 -23.590046 21519.549 -28326.4 2434.92 -30761.3 24188.806
9.43 276.94848 -335.03966 21696.496 -28342.4 2483.44 -30825.9 24309.98
9.44 267.53136 -313.50426 21732.395 -28373 2399 -30772 24384.203
9.45 268.66599 -343.07779 21503.238 -28315.2 2409.17 -30724.4 24233.5
9.46 265.77067 166.81097 21361.538 -28457.7 2383.21 -30840.9 24201.336
9.47 267.31738 -806.01994 21639.254 -28407.8 2397.08 -30804.9 24397.846
9.48 274.47793 -527.35318 21543.41 -28254.3 2461.29 -30715.6 24346.192
9.49 267.87924 -5.4066041 21455.974 -28302.8 2402.12 -30704.9 24270.31
9.5 260.29294 -637.93689 21523.975 -28447.6 2334.09 -30781.7 24315.523
9.51 270.53226 -766.78237 21553.578 -28213.4 2425.91 -30639.3 24413.562
9.52 269.02128 158.14127 21422.276 -28447.6 2412.36 -30859.9 24413.915
9.53 271.02799 -248.06782 21417.633 -28435.9 2430.35 -30866.3 24459.736
9.54 275.38589 937.72354 21402.493 -28209.1 2469.43 -30678.6 24482.321
9.55 273.68716 -630.38838 21579.839 -28160.5 2454.2 -30614.7 24640.756
9.56 276.16879 62.352947 21617.061 -28324.6 2476.45 -30801.1 24717.698
9.57 277.79402 608.53461 21429.512 -28421.8 2491.02 -30912.8 24630.304
9.58 271.07699 95.721035 21422.57 -28276.5 2430.79 -30707.3 24673.484
9.59 287.36677 -343.313 21572.145 -27984 2576.86 -30560.9 24851.014
9.6 281.87813 129.87115 21518.083 -28190.6 2527.65 -30718.2 24839.248
9.61 277.07024 125.91049 21402.3 -28362.2 2484.53 -30846.7 24871.07
9.62 278.52494 480.16729 21325.8 -28141.8 2497.58 -30639.4 24836.757
9.63 276.12987 823.53659 21383.509 -28298.9 2476.1 -30775 24910.813
9.64 271.40826 -563.44467 21476.999 -28155.3 2433.76 -30589.1 24997.893
9.65 277.06055 1180.4054 21436.531 -28278 2484.45 -30762.5 24981.272
9.66 270.88787 125.76649 21456.449 -28402.1 2429.09 -30831.2 25076.816
9.67 264.80248 360.82971 21445.634 -28166.8 2374.53 -30541.3 25012.388
9.68 278.37417 -645.25812 21445.423 -28189.4 2496.23 -30685.6 25034.246
9.69 276.30517 638.6815 21343.591 -28235.9 2477.67 -30713.6 25008.231
9.7 273.53014 1017.9916 21348.006 -28388.8 2452.79 -30841.6 25016.504
9.71 276.18198 298.48294 21546.798 -28342.2 2476.57 -30818.8 25253.529
9.72 269.80706 2.8032287 21465.511 -28265.9 2419.4 -30685.3 25172.485
9.73 269.17547 -311.80026 21606.609 -28131.6 2413.74 -30545.4 25304.173
9.74 275.27953 681.74983 21332.505 -28377.2 2468.48 -30845.7 25112.717
9.75 274.89949 -173.52123 21513.163 -28195.5 2465.07 -30660.6 25272.814
9.76 274.77604 -529.63463 21646.743 -28293.8 2463.96 -30757.8 25422.085
9.77 268.18699 -72.461409 21578.802 -28298.3 2404.88 -30703.2 25465.533
9.78 277.89872 -601.6619 21643.501 -28140.4 2491.96 -30632.4 25521.011
9.79 268.3685 26.38936 21394.612 -28416.2 2406.5 -30822.7 25331.653
9.8 278.47492 684.78406 21318.866 -28284.6 2497.13 -30781.7 25320.676
9.81 285.52517 -604.1455 21876.113 -28213.9 2560.35 -30774.3 25844.235
9.82 269.28622 362.80971 21427.622 -28292.7 2414.73 -30707.4 25461.363
9.83 256.51587 139.54136 21676.844 -28395.6 2300.22 -30695.8 25674.235
9.84 275.79143 312.25755 21538.164 -28129.5 2473.07 -30602.6 25533.702
9.85 268.24529 -179.09092 21629.359 -28159.1 2405.4 -30564.5 25612.35
9.86 280.23603 1013.6937 21530.872 -28129.7 2512.92 -30642.6 25511.612
9.87 276.37371 -163.58921 21564.091 -28295.7 2478.29 -30774 25610.757
9.88 270.33879 224.17944 21719.668 -28120.8 2424.17 -30544.9 25806.658
9.89 275.71967 220.49447 21364.865 -28205.3 2472.42 -30677.7 25572.076
9.9 275.35673 -224.69947 21597.147 -28275.8 2469.17 -30744.9 25773.177
9.91 283.22065 -509.78313 21674.177 -28140.2 2539.68 -30679.9 25793.314
9.92 267.47042 -37.058394 21513.366 -28417.4 2398.45 -30815.9 25625.564
9.93 270.3241 -173.20429 21741.968 -28293.2 2424.04 -30717.2 25877.673
9.94 271.04959 214.53041 21440.183 -28530.3 2430.54 -30960.9 25629.51
9.95 276.42439 749.69968 21584.602 -28299.2 2478.74 -30777.9 25797.883
9.96 262.09614 116.50942 21402.239 -28458.2 2350.26 -30808.5 25730.392
9.97 268.59123 254.21845 21608.594 -28268.8 2408.5 -30677.3 25937.412
9.98 276.13665 -207.5293 21564.333 -28311.7 2476.16 -30787.8 25975.284
