0 269.77869 -22.548736 46492.516 -63321.5 5154.57 -68476 10.721397
0.01 263.53864 3.6975717 46373.069 -63291.4 5035.34 -68326.8 22.548607
0.02 283.99971 177.48604 46449.64 -62877.1 5426.29 -68303.4 33.432776
0.03 274.75258 -262.90114 46464.535 -63325.2 5249.6 -68574.8 45.457835
0.04 272.66373 -308.49595 46532.19 -63041.5 5209.69 -68251.2 58.261215
0.05 275.76114 119.2224 46294.26 -62523.2 5268.87 -67792.1 71.225482
0.06 275.22403 -320.48062 46545.291 -62356.9 5258.61 -67615.5 83.899847
0.07 277.20497 -590.42849 46606.75 -62443.7 5296.46 -67740.2 96.185872
0.08 273.68971 429.70949 46225.149 -62702.1 5229.3 -67931.4 109.06364
0.09 267.84002 886.0899 46167.893 -62953 5117.53 -68070.5 125.0841
0.1 272.38188 -327.77236 46426.496 -62598 5204.31 -67802.3 133.3744
0.11 265.42302 -3.7945914 46438.168 -63014.6 5071.35 -68086 144.7528
0.12 287.22466 -343.44874 46504.251 -62686.2 5487.9 -68174.1 156.71093
0.13 272.94166 -391.83233 46557.268 -62812 5215 -68027 169.1338
0.14 268.57887 -31.843461 46735.016 -62959.5 5131.65 -68091.2 181.17859
0.15 268.15354 -275.19414 46670.047 -62820.9 5123.52 -67944.5 192.40872
0.16 272.11975 -255.97237 46507.474 -62233.9 5199.3 -67433.2 205.40265
0.17 270.89789 -202.36214 46436.363 -61920.7 5175.95 -67096.7 217.22321
0.18 273.64545 -465.37578 46542.124 -61834.9 5228.45 -67063.4 234.93792
0.19 273.33657 372.62337 45968.589 -61589.9 5222.55 -66812.4 251.74657
0.2 280.5122 600.14518 46006.713 -60867.8 5359.65 -66227.4 270.86618
0.21 274.10549 571.5384 45568.818 -59950.9 5237.24 -65188.1 295.03835
0.22 275.07494 490.93342 45607.115 -60192.9 5255.76 -65448.7 326.93883
0.23 284.83331 -476.65121 45812.979 -59802.6 5442.21 -65244.8 350.68079
0.24 270.12254 -17.659457 45868.088 -60025.5 5161.14 -65186.7 377.37286
0.25 270.11454 -133.86171 45799.444 -60155.5 5160.99 -65316.5 399.29028
0.26 271.17406 669.45477 45642.275 -60055 5181.23 -65236.3 434.02868
0.27 278.31981 -663.15803 46087.291 -60081.9 5317.76 -65399.6 468.56975
0.28 277.36609 499.29773 45495.849 -60230.4 5299.54 -65530 501.2382
0.29 276.96384 -714.83976 45907.36 -59801.7 5291.85 -65093.6 534.148
0.3 276.89534 141.90294 45894.641 -60028.7 5290.54 -65319.2 556.06688
0.31 275.59001 162.89374 45574.247 -60158 5265.6 -65423.6 581.97631
0.32 268.24157 -323.11539 45941.521 -60300.7 5125.2 -65425.9 617.49668
0.33 266.95204 -842.48071 46067.622 -60179 5100.56 -65279.5 647.50362
0.34 265.46786 -276.18508 46039.693 -60430.9 5072.2 -65503.1 676.71737
0.35 274.40891 -197.07632 45947.502 -59940.6 5243.04 -65183.7 703.80966
0.36 262.73585 21.949592 45609.968 -60058.3 5020 -65078.4 720.72227
0.37 266.63481 -293.72022 45894.46 -60237.3 5094.5 -65331.8 753.67778
0.38 283.13591 43.444679 45793.944 -59834 5409.78 -65243.8 779.62082
0.39 263.53441 -79.266368 45840.988 -60034.1 5035.26 -65069.4 810.503
0.4 280.33619 261.99605 45872.446 -59870.6 5356.29 -65226.9 836.00528
0.41 271.74474 -344.8117 45877.366 -60178.8 5192.13 -65371 861.69856
0.42 273.91179 -272.15529 46088.696 -60079.9 5233.54 -65313.4 892.49454
0.43 268.03763 -1.9364893 45783.075 -60346.4 5121.3 -65467.8 909.22608
0.44 275.18443 502.89552 45608.266 -60058.2 5257.85 -65316.1 931.77811
0.45 261.99048 -320.51597 45942.284 -60405 5005.76 -65410.8 949.73134
0.46 269.54817 88.724977 45525.671 -60123.5 5150.16 -65273.7 965.74862
0.47 281.44207 -229.37872 45673.79 -59859.9 5377.42 -65237.3 985.34097
0.48 277.15311 96.205185 45878.939 -60201.7 5295.47 -65497.1 1015.2705
0.49 274.9385 275.56832 45757.718 -60269.1 5253.16 -65522.2 1034.2116
0.5 281.49205 452.35142 45539.54 -59786 5378.37 -65164.4 1061.8425
0.51 271.67586 205.824 45766.958 -60236.1 5190.82 -65426.9 1098.4015
0.52 270.54223 350.13741 45630.94 -60262.8 5169.16 -65432 1122.3897
0.53 281.91866 195.07268 45506.846 -60081.1 5386.52 -65467.7 1146.5144
0.54 267.94318 112.97686 45661.423 -60112.1 5119.5 -65231.6 1173.853
0.55 277.64137 -320.08179 45801.705 -60174.6 5304.8 -65479.4 1199.2634
0.56 265.46937 -334.36801 46120.972 -59955.3 5072.23 -65027.6 1234.7569
0.57 283.82695 -103.4128 45764.436 -60072 5422.98 -65494.9 1254.6008
0.58 271.24117 403.49669 45957.253 -60069.5 5182.51 -65252 1266.5421
0.59 272.98567 -7.248845 45607.891 -60102.6 5215.84 -65318.4 1276.8218
0.6 270.36722 -86.676937 45727.601 -60492.6 5165.81 -65658.4 1305.2565
0.61 278.21856 17.114409 45794.549 -60120.2 5315.83 -65436.1 1335.357
0.62 275.38922 -164.47142 45575.605 -59916.2 5261.77 -65177.9 1357.9361
0.63 278.57151 226.57586 45425.369 -60018.7 5322.57 -65341.3 1391.7792
0.64 270.16644 258.72366 45923.78 -60147.9 5161.98 -65309.9 1428.1971
0.65 270.02069 381.37316 45681.362 -60150.7 5159.19 -65309.8 1451.2923
0.66 265.03944 498.76635 45816.417 -59822.2 5064.02 -64886.2 1494.9204
0.67 276.45482 -251.41888 46026.514 -60145.6 5282.13 -65427.7 1535.6539
0.68 269.09547 984.30575 45513.194 -60455.9 5141.52 -65597.4 1556.5502
0.69 270.70918 939.58269 45286.738 -60239.1 5172.35 -65411.4 1567.3626
0.7 273.09402 598.0258 45381.357 -59851.7 5217.91 -65069.7 1590.8813
0.71 272.66772 -377.83228 46070.297 -60261.8 5209.77 -65471.6 1638.7732
0.72 277.60103 385.0898 45692.182 -60110 5304.03 -65414 1649.5754
0.73 275.54688 8.3024443 45735.813 -60058.7 5264.78 -65323.5 1672.2156
0.74 273.49624 -99.240858 45921.174 -59942 5225.6 -65167.6 1707.1585
0.75 274.0876 -599.69505 45746.904 -60073.6 5236.9 -65310.5 1728.1
0.76 283.08488 -595.38279 45955.002 -60059.2 5408.81 -65468 1767.4238
0.77 272.1302 -281.07735 45773.909 -60321.9 5199.5 -65521.4 1793.8628
0.78 264.96605 -855.15168 46144.515 -60468.9 5062.62 -65531.5 1835.064
0.79 280.93655 308.42773 45631.676 -60151.8 5367.76 -65519.5 1853.5362
0.8 272.84989 -140.38534 45671.607 -60282.5 5213.25 -65495.8 1874.6295
0.81 270.27681 -14.130016 45733.457 -60142.9 5164.09 -65307 1920.864
0.82 274.39793 -293.94483 46090.3 -60118.8 5242.83 -65361.6 1960.6851
0.83 266.14117 213.61859 45609.535 -60242.2 5085.07 -65327.2 1975.2163
0.84 278.47397 143.14537 45250.045 -60221.9 5320.71 -65542.6 2005.0946
0.85 278.45533 -0.73347968 45493.879 -59846.2 5320.35 -65166.6 2031.2315
0.86 276.17718 -351.63316 46142.964 -59660 5276.82 -64936.8 2069.0314
0.87 282.21705 498.41754 45720.671 -60163.5 5392.22 -65555.7 2073.7125
0.88 275.57779 286.46419 45723.703 -60035.2 5265.37 -65300.6 2093.8433
0.89 264.19494 -105.61258 45887.514 -60201.1 5047.88 -65249 2129.0671
0.9 274.21581 47.948657 45729.539 -60106.7 5239.35 -65346 2140.8393
0.91 265.71922 -542.51663 46203.98 -60259.6 5077.01 -65336.7 2192.9541
0.92 268.53129 377.02074 45737.022 -60373.9 5130.74 -65504.7 2207.6581
0.93 286.64508 -112.89004 45671.657 -59972.6 5476.83 -65449.4 2245.399
0.94 282.73787 16.138923 45568.069 -60069.7 5402.18 -65471.9 2274.1963
0.95 271.47764 200.18336 45798.306 -60430.2 5187.03 -65617.2 2310.4305
0.96 280.06722 -226.69007 45897.868 -60100.5 5351.15 -65451.6 2331.1543
0.97 268.06324 86.391028 45647.42 -60205.4 5121.79 -65327.2 2363.4452
0.98 276.89733 -326.86802 45964.228 -60033.9 5290.58 -65324.5 2403.265
0.99 275.84123 -318.34027 46024.244 -60153.7 5270.4 -65424.1 2425.6261
1 281.82792 247.52645 45761.732 -60350.5 5384.79 -65735.3 2444.7365
1.01 274.65134 578.3372 45635.472 -60196.6 5247.67 -65444.2 2473.7927
1.02 277.29818 -106.73932 45670.957 -59977.3 5298.24 -65275.5 2510.3241
1.03 267.65662 649.09697 45478.511 -60341.8 5114.02 -65455.8 2520.4925
1.04 273.85307 -276.86062 45680.99 -60207 5232.42 -65439.5 2560.2533
1.05 275.0381 -60.489654 45758.786 -60139.3 5255.06 -65394.4 2578.3258
1.06 268.27844 51.53131 45852.798 -60273.6 5125.9 -65399.5 2612.2492
1.07 272.4539 -147.21589 45833.512 -60035 5205.68 -65240.7 2649.7607
1.08 284.36849 244.29385 45642.594 -59860.3 5433.33 -65293.6 2652.9599
1.09 271.24212 768.03014 45645.921 -60090.4 5182.53 -65272.9 2669.5332
1.1 283.37741 35.581234 45699.798 -59804.9 5414.4 -65219.3 2689.8477
1.11 277.24611 844.685 45381.598 -60180.5 5297.25 -65477.8 2701.5399
1.12 271.85527 -451.12228 45674.956 -60125.2 5194.25 -65319.5 2741.5134
1.13 272.90278 -231.55672 45754.261 -60026.2 5214.26 -65240.5 2777.6889
1.14 260.78093 -890.35558 46113.593 -60308.3 4982.65 -65290.9 2809.6547
1.15 284.26603 288.39539 45773.895 -59769.5 5431.37 -65200.9 2817.6988
1.16 267.4286 97.65287 45753.885 -60217.3 5109.67 -65326.9 2834.8351
1.17 273.20852 -600.74602 45969.821 -59996 5220.1 -65216.1 2874.7785
1.18 267.73327 490.4581 45777.624 -60260.4 5115.49 -65375.9 2900.0606
1.19 278.32999 -356.07119 45774.598 -59974.9 5317.96 -65292.9 2922.4625
1.2 276.30523 -147.86283 45882.228 -59963.2 5279.27 -65242.4 2943.9003
1.21 272.43275 -51.796622 45791.516 -60258.2 5205.28 -65463.5 2963.1942
1.22 283.07623 736.70865 45456.051 -60069.4 5408.64 -65478 2977.685
1.23 270.83896 -646.23896 46087.904 -60352 5174.83 -65526.8 3024.2726
1.24 281.45991 391.00461 45609.3 -60088 5377.76 -65465.8 3040.1046
1.25 274.85021 312.19723 45590.89 -60145.1 5251.47 -65396.6 3056.2403
1.26 265.28486 626.87855 45729.096 -60465.5 5068.71 -65534.2 3093.1025
1.27 262.43415 449.43474 45388.488 -60132.3 5014.24 -65146.5 3114.1213
1.28 278.60211 -203.37815 45908.553 -59854.2 5323.16 -65177.3 3170.9238
1.29 275.28014 -402.61633 45925.638 -59975.6 5259.68 -65235.2 3209.209
1.3 274.29551 155.37665 45766.438 -59998.7 5240.87 -65239.5 3223.2706
1.31 282.2126 -29.978148 46010.742 -59888.7 5392.14 -65280.9 3263.7668
1.32 274.81533 -689.01605 45679.299 -60262.9 5250.8 -65513.7 3276.436
1.33 287.02671 -347.98893 45950.353 -59750.4 5484.12 -65234.5 3316.0148
1.34 274.09294 499.71219 45758.635 -59975.4 5237 -65212.4 3317.1339
1.35 270.49841 -107.55667 45761.259 -60251 5168.32 -65419.4 3345.8834
1.36 278.13155 788.14412 45461.65 -60009.3 5314.16 -65323.5 3358.7977
1.37 266.18645 410.54292 45496.513 -60545.7 5085.93 -65631.6 3382.8389
1.38 267.28387 -73.966178 45770.461 -60223.4 5106.9 -65330.3 3420.2812
1.39 275.52776 -404.71147 46073.153 -59972.2 5264.42 -65236.6 3454.7342
1.4 267.41923 -422.81647 45789.322 -60110.4 5109.49 -65219.9 3477.6405
1.41 271.28694 -314.75231 46050.489 -60001.8 5183.39 -65185.2 3511.1549
1.42 275.42007 679.18961 45391.568 -60235.7 5262.36 -65498.1 3530.7114
1.43 273.16274 119.88077 45893.433 -59935.3 5219.23 -65154.5 3577.7015
1.44 284.23949 -372.19984 45835.621 -59799.1 5430.87 -65229.9 3614.9734
1.45 268.88045 -226.08793 46007.497 -60194.1 5137.41 -65331.5 3650.7903
1.46 280.39756 -281.75419 46240.265 -59923.9 5357.46 -65281.4 3692.363
1.47 280.2725 -599.31578 46317.066 -60005.4 5355.07 -65360.5 3744.3929
1.48 278.86483 265.11889 45522.669 -59930.4 5328.18 -65258.5 3728.9885
1.49 275.57835 329.1591 45849.017 -59815 5265.38 -65080.4 3786.6473
1.5 272.93882 125.73099 45936.272 -59873 5214.95 -65087.9 3805.8648
1.51 274.84525 126.02099 45868.839 -60208.3 5251.37 -65459.7 3831.4485
1.52 275.21189 -203.98932 45797.09 -60129.8 5258.38 -65388.2 3861.6526
1.53 279.02184 486.79739 45763.977 -60059.6 5331.17 -65390.8 3895.3479
1.54 279.36885 -267.75173 46258.269 -59935.3 5337.81 -65273.1 3962.4447
1.55 274.60702 -831.76213 46202.322 -59889.9 5246.82 -65136.7 3987.0132
1.56 281.53346 -485.90458 45897.426 -59706.4 5379.16 -65085.6 4004.9936
1.57 276.81974 -380.79311 45913.971 -59973.4 5289.1 -65262.5 4031.7845
1.58 272.19478 287.64127 45767.73 -60124 5200.73 -65324.7 4021.5743
1.59 268.02685 131.65542 45623.027 -60034.9 5121.1 -65156 4064.7537
1.6 271.38117 68.393558 45602.664 -59868.7 5185.19 -65053.9 4084.8621
1.61 258.82569 -513.89462 45781.368 -60224.3 4945.29 -65169.6 4124.1641
1.62 277.12242 613.69997 45716.85 -59835 5294.88 -65129.9 4148.7533
1.63 272.29517 -475.76696 45810.589 -60250.6 5202.65 -65453.3 4163.598
1.64 273.49191 -48.926426 45365.247 -60240 5225.52 -65465.6 4162.0576
1.65 278.85387 -138.01073 45731.944 -59726.2 5327.97 -65054.2 4224.55
1.66 278.32273 158.65026 45736.139 -60142.9 5317.82 -65460.7 4264.2281
1.67 271.35138 -191.91025 45920.958 -60118.8 5184.62 -65303.5 4308.0235
1.68 275.29509 -163.31785 45854.981 -59983.4 5259.97 -65243.4 4339.5175
1.69 275.92462 -768.17401 45880.943 -59794.2 5272 -65066.2 4356.6307
1.7 273.56903 -182.24356 45875.867 -60161.3 5226.99 -65388.3 4377.6683
1.71 273.24812 -27.848726 45835.123 -59808.1 5220.86 -65029 4422.7839
1.72 275.8167 -400.05956 46351.33 -59991.1 5269.94 -65261 4479.1882
1.73 278.25758 -49.809534 45650.751 -60192.8 5316.57 -65509.3 4450.5091
1.74 289.60908 375.66781 45654.534 -59695.6 5533.46 -65229.1 4491.5451
1.75 268.96437 -172.83182 45972.527 -59909.6 5139.01 -65048.6 4541.5968
1.76 276.66938 -287.62069 45542.867 -60316.4 5286.23 -65602.6 4541.1392
1.77 272.04845 -476.25901 45651.121 -59860.9 5197.94 -65058.8 4564.3821
1.78 267.88498 -90.251709 45792.525 -59913.9 5118.39 -65032.2 4602.7937
1.79 277.67927 208.00139 45564.73 -59807 5305.52 -65112.6 4617.8813
1.8 273.12381 -13.55896 46010.508 -60365.4 5218.48 -65583.9 4676.9621
1.81 270.95287 -614.93808 46297.936 -60037.2 5177 -65214.3 4743.3881
1.82 270.93264 309.86009 45881.763 -60118.1 5176.62 -65294.7 4768.4769
1.83 268.68639 134.47019 45695.507 -60086.2 5133.7 -65219.9 4782.4164
1.84 267.4788 100.87733 45693.62 -60407.4 5110.63 -65518 4814.4912
1.85 278.02608 313.72264 46112.719 -60022.6 5312.15 -65334.7 4859.0091
1.86 274.34839 -152.60891 45815.155 -60231 5241.88 -65472.9 4860.7238
1.87 272.74626 40.516491 45964.424 -59928.7 5211.27 -65139.9 4895.2883
1.88 266.97289 663.0807 45390.484 -60232.9 5100.96 -65333.9 4881.2195
1.89 273.23373 -114.52307 45826.874 -59857.9 5220.58 -65078.5 4936.7167
1.9 271.53015 -763.76664 46056.252 -60218.2 5188.03 -65406.2 4961.6961
1.91 271.65982 -1087.9463 46280.457 -59937.4 5190.51 -65127.9 4995.7788
1.92 266.63709 -71.84288 45909.616 -60558.1 5094.54 -65652.6 4992.5829
1.93 274.82691 -497.00158 46202.073 -60145.9 5251.02 -65397 5037.8724
1.94 263.20353 -370.65093 45663.464 -60369.9 5028.94 -65398.8 5028.0293
1.95 270.28498 14.309989 45929.652 -60187 5164.24 -65351.2 5076.7404
1.96 276.4019 44.19224 45591.773 -60051.4 5281.12 -65332.5 5074.3751
1.97 279.88424 52.035268 45837.24 -60189.6 5347.65 -65537.2 5121.4146
1.98 272.58534 325.74924 45862.039 -59817.3 5208.2 -65025.5 5135.0117
1.99 273.02666 30.282766 45573.981 -60237.4 5216.63 -65454 5138.1184
2 274.56684 23.897236 45743.482 -59861.9 5246.05 -65108 5181.0519
2.01 276.75162 -89.481351 45991.506 -60051.2 5287.8 -65339 5241.0263
2.02 283.15988 -107.4849 45627.69 -59932.3 5410.24 -65342.6 5245.9191
2.03 268.14619 -539.44124 45967.722 -60302 5123.38 -65425.3 5292.622
2.04 268.51964 207.48232 45510.433 -60210.6 5130.51 -65341.1 5268.3337
2.05 276.30149 -349.71914 45913.502 -59902 5279.2 -65181.2 5316.3193
2.06 267.32582 52.500436 45847.976 -60216.5 5107.7 -65324.2 5354.5369
2.07 276.90215 -522.56744 45814.675 -59625 5290.67 -64915.7 5371.525
2.08 276.44995 377.27999 45590.5 -60048.2 5282.03 -65330.2 5381.632
2.09 274.23697 -12.19961 45826.911 -60057.6 5239.75 -65297.4 5417.3981
2.1 273.812 65.111603 45801.489 -60152.9 5231.63 -65384.5 5444.9177
2.11 281.07271 98.753966 45696.134 -60104.2 5370.36 -65474.6 5473.9399
2.12 281.60316 -198.22617 45935.094 -60070 5380.5 -65450.5 5526.4415
2.13 272.92029 -265.84873 45551.219 -60345.1 5214.59 -65559.7 5529.2491
2.14 273.53857 -59.332866 45587.787 -59894.2 5226.41 -65120.6 5577.6039
2.15 262.56228 359.56334 45595.608 -60347.7 5016.69 -65364.3 5621.3719
2.16 275.00125 973.98313 45493.315 -60209.2 5254.36 -65463.5 5638.7656
2.17 275.90829 -378.37586 46032.82 -60092.3 5271.69 -65363.9 5694.8282
2.18 278.59195 388.35904 45895.48 -59990.2 5322.96 -65313.2 5726.1736
2.19 281.93707 305.19595 45580.521 -60320.9 5386.88 -65707.7 5725.2188
2.2 283.71332 -90.206187 46132.135 -60090.2 5420.81 -65511 5814.8866
2.21 280.59706 105.44007 45500.82 -60036.9 5361.27 -65398.2 5817.1686
2.22 280.54695 -644.82932 46289.663 -60009.6 5360.31 -65369.9 5914.0426
2.23 268.56679 -136.10279 45988.227 -60005.8 5131.41 -65137.2 5913.0697
2.24 261.72824 -608.3285 45842.743 -60136.8 5000.75 -65137.5 5924.4244
2.25 283.30852 -500.48247 45968.806 -59745.3 5413.08 -65158.4 5956.3438
2.26 283.31338 569.66282 45533.503 -59973.5 5413.17 -65386.6 5928.0785
2.27 265.11704 252.59328 45853.948 -60303.2 5065.5 -65368.7 5966.4187
2.28 269.37319 -255.95387 45748.562 -59885.7 5146.82 -65032.5 5983.3462
2.29 266.24682 -596.57773 45549.454 -60185.4 5087.09 -65272.5 5991.8115
2.3 280.8563 -223.5806 45744.393 -59964.3 5366.23 -65330.5 6037.5991
2.31 273.23564 -810.73958 45735.901 -60115 5220.62 -65335.7 6089.7966
2.32 272.72356 448.44389 45605.406 -60301.7 5210.84 -65512.5 6090.9571
2.33 273.74671 -108.90843 45818.347 -60165.6 5230.38 -65396 6134.6283
2.34 277.37757 -471.96558 46072.984 -59900.6 5299.76 -65200.3 6185.7942
2.35 278.29422 282.12082 45779.63 -59905.4 5317.27 -65222.7 6180.0727
2.36 275.37881 64.985071 45405.925 -59892.2 5261.57 -65153.7 6188.6349
2.37 269.75731 -348.38797 46134.156 -60291.4 5154.16 -65445.6 6268.9454
2.38 272.32664 139.13178 45651.734 -60172.1 5203.25 -65375.4 6258.8882
2.39 281.7213 211.89061 45859.49 -60022.5 5382.75 -65405.2 6282.6838
2.4 274.4685 15.646113 45618.791 -60394.7 5244.18 -65638.9 6280.9342
2.41 274.74148 142.48076 45992.919 -59960.6 5249.39 -65210 6325.7697
2.42 271.70473 501.53087 45662.308 -60311.4 5191.37 -65502.7 6311.5392
2.43 271.94152 189.636 45791.901 -60187.5 5195.89 -65383.4 6359.7188
2.44 276.14712 399.00565 45601.606 -59873.6 5276.25 -65149.9 6403.4881
2.45 280.84991 137.74296 45564.996 -60143.4 5366.1 -65509.5 6415.3276
2.46 277.82656 985.43038 45780.593 -60143.9 5308.34 -65452.3 6440.1466
2.47 277.69461 820.92638 45517.86 -60051.2 5305.82 -65357 6442.3028
2.48 272.3351 -22.679359 45540.655 -60312 5203.41 -65515.4 6477.4553
2.49 274.7103 361.83656 45784.769 -60062.8 5248.8 -65311.6 6519.9893
2.5 269.74956 -265.09813 45901.27 -60332.9 5154.01 -65486.9 6563.0412
2.51 269.99268 -186.0236 45479.918 -59872.3 5158.66 -65031 6540.6742
2.52 280.23631 -369.94332 45877.965 -60011.8 5354.38 -65366.2 6609.6649
2.53 268.95938 117.51391 45517.088 -60215.1 5138.92 -65354 6603.4245
2.54 265.52309 -417.73518 45766.196 -60389.1 5073.26 -65462.3 6649.7121
2.55 284.20398 -1133.9426 46185.669 -59929.2 5430.19 -65359.4 6737.2889
2.56 271.7922 786.17624 45446.784 -60165.4 5193.04 -65358.4 6685.0184
2.57 270.64248 98.170997 45620.279 -60205.4 5171.07 -65376.5 6736.6493
2.58 281.06085 322.93997 45577.046 -60008.2 5370.13 -65378.4 6762.7501
2.59 272.3722 233.32458 45797.318 -60372.5 5204.12 -65576.6 6823.0928
2.6 276.79425 176.38336 45782.372 -60056.2 5288.61 -65344.8 6833.703
2.61 265.36818 -333.9353 46063.047 -60364.6 5070.3 -65434.9 6878.9444
2.62 274.56996 128.97842 45871.92 -60018.6 5246.11 -65264.7 6874.6653
2.63 268.87122 -122.65245 46022.672 -60107.8 5137.23 -65245 6915.0984
2.64 278.00908 81.756575 45596.088 -60178.9 5311.82 -65490.7 6902.8426
2.65 270.3814 -557.01924 46023.486 -60095 5166.09 -65261.1 6975.107
2.66 279.22194 -445.91911 45814.961 -59977.8 5335 -65312.8 6979.171
2.67 283.02827 828.23872 45398.97 -60019 5407.72 -65426.7 6963.4393
2.68 277.37651 -368.11046 45974.163 -59955.8 5299.74 -65255.6 7055.5777
2.69 259.10667 -164.88493 45636.682 -60394.6 4950.66 -65345.3 7044.9556
2.7 270.17235 -187.55183 45637.675 -60131.5 5162.09 -65293.6 7079.0884
2.71 278.50821 -86.18187 45597.816 -60040.9 5321.36 -65362.3 7096.9007
2.72 264.94886 484.46376 45590.618 -60327.3 5062.29 -65389.6 7139.2028
2.73 280.03665 422.70365 45361.103 -59992.9 5350.56 -65343.4 7145.9942
2.74 271.32641 562.53048 45208.701 -60356.9 5184.14 -65541 7151.7109
2.75 279.78776 28.231203 45741.965 -60022.1 5345.81 -65367.9 7207.8699
2.76 267.87826 560.68707 45983.339 -60128 5118.26 -65246.3 7261.2789
2.77 279.17154 714.28829 45617.584 -59977.1 5334.04 -65311.1 7281.4085
2.78 260.96214 -725.69592 46127.281 -60129.5 4986.11 -65115.6 7357.8874
2.79 277.40413 378.60735 45555.936 -60150.3 5300.27 -65450.6 7333.2569
2.8 274.13805 -101.93148 46134.465 -60242.3 5237.86 -65480.2 7427.7234
2.81 279.17287 -485.80184 45787.279 -59897.2 5334.06 -65231.2 7410.1393
2.82 271.04103 -594.39252 45928.108 -60088.9 5178.69 -65267.6 7456.5914
2.83 268.03385 531.73524 45860.443 -60334.1 5121.23 -65455.4 7470.8879
2.84 270.28986 10.350653 45842.976 -60026 5164.34 -65190.3 7503.9126
2.85 267.24016 533.23351 45759.328 -60369.6 5106.07 -65475.6 7538.3381
2.86 279.42 -117.14889 45931.563 -59911.6 5338.78 -65250.4 7579.5756
2.87 274.8851 137.22873 45762.861 -60206.8 5252.14 -65458.9 7597.2699
2.88 273.36275 188.5206 45911.586 -59853.1 5223.05 -65076.2 7646.2812
2.89 272.38167 -288.32239 46111.308 -60189.4 5204.3 -65393.7 7689.6154
2.9 264.8473 334.45152 45490.475 -60535.5 5060.35 -65595.8 7632.7827
2.91 265.92439 -60.546083 45905.328 -60150.4 5080.93 -65231.4 7728.6374
2.92 276.51076 545.08248 45487.072 -60059.2 5283.2 -65342.4 7696.383
2.93 253.41112 -99.693214 45668.155 -60385.4 4841.84 -65227.2 7728.2976
2.94 281.55779 -418.11264 45884.412 -59957.1 5379.63 -65336.7 7777.6076
2.95 261.22708 -86.681195 45580.492 -60576.2 4991.18 -65567.3 7755.4632
2.96 280.65463 -638.25219 45742.067 -60155.7 5362.37 -65518.1 7788.2856
2.97 272.28021 178.19459 45564.656 -60061 5202.37 -65263.4 7792.2381
2.98 277.05828 352.54534 45694.149 -59891.2 5293.66 -65184.8 7828.6799
2.99 272.14072 -166.10675 45707.82 -60205.1 5199.7 -65404.8 7883.356
3 269.83752 -557.09729 46084.267 -60055.1 5155.69 -65210.8 7966.6482
3.01 268.29094 382.80995 45541.856 -60160 5126.14 -65286.1 7935.4077
3.02 268.77166 -1009.3691 45882.249 -60390.9 5135.33 -65526.2 8025.8207
3.03 277.82359 -675.58111 46078.412 -60196.9 5308.28 -65505.2 8074.1159
3.04 275.87093 406.20196 45393.161 -59972.5 5270.97 -65243.4 8017.9273
3.05 275.00045 569.68294 45616.787 -60245 5254.34 -65499.4 8077.4739
3.06 277.96904 574.14774 45605.579 -60027.5 5311.06 -65338.6 8091.3504
3.07 268.57477 235.63336 45636.937 -60264.1 5131.57 -65395.7 8098.4486
3.08 278.73644 -169.54202 45942.557 -59964 5325.72 -65289.7 8168.8983
3.09 274.13047 -472.35483 46192.346 -59977.5 5237.72 -65215.2 8230.3916
3.1 268.51112 -59.963906 45734.826 -60244 5130.35 -65374.4 8198.8931
3.11 288.40825 -482.79281 45779.696 -59808.7 5510.52 -65319.2 8221.0402
3.12 276.80096 55.813042 46159.743 -59975.4 5288.74 -65264.2 8318.7258
3.13 271.4154 197.44883 45546.029 -60145.3 5185.84 -65331.2 8257.2596
3.14 268.02432 497.6282 45543.058 -60428.4 5121.05 -65549.4 8293.9679
3.15 279.8139 -749.07786 46009.9 -59907.4 5346.31 -65253.7 8386.94
3.16 271.61918 215.74895 45584.793 -60174.9 5189.73 -65364.7 8364.5034
3.17 277.31519 186.62354 45700.331 -59877 5298.57 -65175.5 8407.656
3.18 268.89536 -376.52523 46093.84 -60143.7 5137.69 -65281.4 8505.672
3.19 264.35513 -123.91648 45690.115 -60790.1 5050.94 -65841 8481.4935
3.2 274.69247 154.2803 46032.265 -60071.8 5248.46 -65320.3 8557.6015
3.21 275.99932 829.47985 45569.138 -60301.4 5273.42 -65574.8 8510.6747
3.22 271.51402 -169.68885 45841.017 -60110.1 5187.73 -65297.8 8601.825
3.23 262.20134 -453.85443 45769.436 -60067.4 5009.79 -65077.2 8629.4868
3.24 267.31336 -787.88287 45967.165 -60439.7 5107.47 -65547.2 8696.8069
3.25 280.67591 -191.0532 45639.761 -59907 5362.78 -65269.8 8699.679
3.26 280.5054 346.60149 45902.512 -59970.6 5359.52 -65330.1 8753.5652
3.27 274.32676 42.483042 45755.396 -60085.9 5241.47 -65327.4 8757.8568
3.28 267.372 -240.24198 45843.378 -60394.4 5108.59 -65503 8791.7741
3.29 275.47849 418.99262 45809.103 -60123.8 5263.47 -65387.3 8810.5985
3.3 274.56707 496.4513 45758.402 -60306.7 5246.06 -65552.8 8839.2061
3.31 276.3217 324.52323 45540.166 -59979.7 5279.58 -65259.3 8840.4346
3.32 269.99815 -353.38424 45787.874 -60161.5 5158.76 -65320.3 8911.0541
3.33 276.26749 216.26288 45445.977 -59917.5 5278.55 -65196 8890.8166
3.34 274.49057 -15.107201 45466.477 -60269.4 5244.6 -65514 8911.8225
3.35 271.98198 857.36391 45809.672 -59994.8 5196.67 -65191.4 8976.9664
3.36 267.12926 305.31394 45679.566 -60157.8 5103.95 -65261.7 8978.1714
3.37 279.42825 201.99542 45533.182 -60125.3 5338.94 -65464.2 8983.5156
3.38 277.10093 464.74915 45727.705 -59758.8 5294.47 -65053.2 9043.2078
3.39 273.96272 38.362691 45865.042 -60125 5234.51 -65359.5 9078.7973
3.4 269.23293 263.02819 45616.651 -60196.1 5144.14 -65340.2 9066.1738
3.41 284.62476 99.280718 45687.768 -59974.4 5438.23 -65412.7 9098.7571
3.42 270.98446 34.107909 45612.011 -59978.6 5177.61 -65156.2 9112.7867
3.43 276.94365 996.78477 45293.732 -59997.5 5291.47 -65288.9 9123.1805
3.44 273.45603 118.65123 45944.732 -60380.8 5224.83 -65605.7 9264.9918
3.45 278.42359 -560.38893 45670.45 -59982.9 5319.74 -65302.6 9280.3809
3.46 276.74877 -273.41232 46008.163 -59701.3 5287.74 -64989 9357.0871
3.47 274.05754 -212.69737 45758.625 -60015.9 5236.32 -65252.2 9332.5088
3.48 268.26938 739.36583 45384.904 -60010.5 5125.73 -65136.3 9323.7431
3.49 269.18042 -54.928797 45908.037 -60310.4 5143.14 -65453.5 9449.8909
3.5 269.82465 1270.2723 45412.983 -60233.2 5155.45 -65388.6 9440.0752
3.51 272.73291 397.31233 45899.751 -60231.1 5211.01 -65442.1 9531.146
3.52 269.1711 63.595345 45645.266 -59710 5142.96 -64853 9516.9465
3.53 265.47092 -57.73599 45702.115 -60296.9 5072.26 -65369.1 9540.2091
3.54 272.14769 472.69593 45915.783 -60048.9 5199.83 -65248.8 9622.6001
3.55 276.98846 345.11689 45636.896 -59898.7 5292.32 -65191.1 9612.8211
3.56 276.54113 -234.81409 45819.567 -59987.4 5283.78 -65271.2 9681.0517
3.57 269.85525 -987.84901 46036.229 -60052.7 5156.03 -65208.7 9736.7834
3.58 278.64697 334.47076 45430.479 -59862.5 5324.01 -65186.5 9655.0442
3.59 275.39825 732.30542 45293.51 -60227.2 5261.94 -65489.1 9664.1599
3.6 276.72701 -252.69194 45738.926 -60246 5287.33 -65533.3 9745.0523
3.61 277.35334 930.09042 45474.553 -59911.5 5299.3 -65210.8 9751.857
3.62 273.94729 876.75395 45417.41 -59903.6 5234.22 -65137.8 9768.7287
3.63 267.05107 -557.05211 46038.205 -60300.3 5102.45 -65402.8 9868.1822
3.64 271.40978 135.23508 45718.159 -60007.3 5185.73 -65193 9851.0754
3.65 271.56648 -260.71993 45643.043 -60235.9 5188.73 -65424.6 9877.7096
3.66 278.79691 13.820287 45584.845 -59892.1 5326.88 -65219 9915.585
3.67 273.47782 -81.781761 45807.756 -60108 5225.25 -65333.3 9985.7996
3.68 276.61805 -46.903355 45879.059 -60056.6 5285.25 -65341.8 10023.464
3.69 260.37707 480.46369 45789.399 -60330.8 4974.94 -65305.8 10027.544
3.7 280.38253 60.754604 45819.066 -60019.8 5357.17 -65376.9 10065.516
3.71 270.43085 60.57099 45651.232 -60086.2 5167.03 -65253.3 10071.054
3.72 277.26917 -394.9255 45869.683 -60228.3 5297.69 -65526 10125.79
3.73 276.29741 -120.78759 45690.569 -59987.9 5279.12 -65267 10163.117
3.74 271.99432 324.11508 45784.632 -60160.8 5196.9 -65357.7 10208.427
3.75 275.61342 -81.976745 45827.677 -60133.8 5266.05 -65399.8 10229.982
3.76 270.10327 345.38644 45309.394 -60318.2 5160.77 -65479 10174.383
3.77 280.44974 360.18841 45527.122 -59943.5 5358.46 -65302 10253.132
3.78 277.78579 -968.44148 46060.551 -60196.4 5307.56 -65504 10358.181
3.79 282.61359 531.44506 45722.069 -59967.8 5399.8 -65367.7 10337.766
3.8 267.34253 -600.2174 46078.312 -60304.4 5108.02 -65412.4 10379.665
3.81 279.76896 -255.80285 45802.964 -60109.7 5345.45 -65455.1 10357.283
3.82 280.25441 -134.77804 46147.555 -59843 5354.73 -65197.8 10384.128
3.83 270.24474 -71.495178 45806.211 -60208.4 5163.47 -65371.9 10383.785
3.84 282.51678 724.11573 45447.554 -60101.4 5397.95 -65499.4 10354.726
3.85 282.27641 338.92858 45786.925 -59770.7 5393.36 -65164.1 10441.271
3.86 280.02005 474.93502 45490.23 -60103.8 5350.25 -65454.1 10421.106
3.87 277.90934 522.29943 45385.357 -60036.4 5309.92 -65346.4 10465.389
3.88 274.39886 -507.06705 45911.038 -60304.3 5242.85 -65547.2 10578.213
3.89 277.81066 -566.36041 45944.895 -59897.1 5308.03 -65205.2 10641.116
3.9 277.85412 65.026978 45859.254 -60272.3 5308.86 -65581.1 10665.88
3.91 278.114 105.92241 45816.602 -59900.7 5313.83 -65214.5 10678.563
3.92 275.60957 -352.23815 46352.016 -60095.5 5265.98 -65361.5 10760.949
3.93 274.96895 -401.60434 45794.686 -60163.9 5253.74 -65417.6 10701.774
3.94 264.73305 -94.899631 45567.752 -60107.6 5058.16 -65165.8 10708.392
3.95 275.3253 -455.87657 45869.43 -60056.9 5260.55 -65317.4 10788.804
3.96 270.06527 -6.9535893 45771.19 -60160.9 5160.04 -65320.9 10780.92
3.97 270.64762 75.965681 45643.441 -60180.4 5171.17 -65351.5 10781.657
3.98 269.76579 -531.20767 45945.079 -60323 5154.32 -65477.3 10859.024
3.99 275.62959 347.41346 45606.501 -60184.9 5266.36 -65451.2 10846.269
4 275.17921 18.768668 45848.064 -59925.7 5257.76 -65183.5 10911.802
4.01 270.13791 -88.815208 46073.624 -60062.9 5161.43 -65224.3 10957.127
4.02 281.61195 152.91543 45457.847 -60099.6 5380.66 -65480.2 10863.559
4.03 274.63476 -278.08359 46044.763 -60009.1 5247.35 -65256.5 10987.26
4.04 271.81253 277.5078 45529.381 -59930.9 5193.43 -65124.3 10918.99
4.05 278.21565 -12.123146 45582.371 -60146 5315.77 -65461.8 10967.46
4.06 276.479 833.76511 45119.906 -60140.8 5282.59 -65423.4 10909.911
4.07 273.19293 -727.08402 46215.379 -60079.2 5219.8 -65299 11100.823
4.08 272.64832 -699.94382 45712.044 -60220.8 5209.4 -65430.2 11051.864
4.09 275.71104 -290.4291 45756.253 -60173.4 5267.92 -65441.3 11100.259
4.1 281.99071 226.82933 45663.355 -59855.3 5387.9 -65243.2 11091.815
4.11 275.70278 584.25714 45702.717 -60088 5267.76 -65355.8 11135.434
4.12 265.30474 -393.46117 45921.354 -60409.4 5069.09 -65478.5 11232.928
4.13 275.0265 245.50564 45606.367 -60002.6 5254.84 -65257.4 11248.9
4.14 265.67101 -186.89583 45998.541 -60069.9 5076.09 -65146 11326.438
4.15 275.23236 339.06506 45849.296 -60108.3 5258.77 -65367 11315.367
4.16 272.94987 -259.82534 45705.994 -60289.8 5215.16 -65505 11279.7
4.17 278.50189 -141.33873 45716.66 -59880.1 5321.24 -65201.4 11301.457
4.18 282.09083 -85.550388 45774.934 -60180.9 5389.81 -65570.7 11356.811
4.19 276.73368 -251.51923 45713.545 -60226.5 5287.46 -65513.9 11394.931
4.2 267.57356 -368.43618 45864.658 -60261.9 5112.44 -65374.3 11466.029
4.21 277.66368 535.1506 45492.282 -60085.4 5305.22 -65390.6 11423.756
4.22 273.87804 -627.22635 45876.705 -60350.1 5232.89 -65583 11484.787
4.23 277.2449 651.07385 45739.743 -60015.2 5297.22 -65312.4 11500.679
4.24 285.05116 388.38169 45713.051 -59664.7 5446.38 -65111.1 11512.365
4.25 278.75961 67.224502 45893.261 -59991.7 5326.16 -65317.8 11569.909
4.26 264.03502 497.80056 45431.922 -60730.1 5044.83 -65775 11548.255
4.27 268.12846 422.60434 45686.706 -60117.5 5123.04 -65240.6 11626.134
4.28 268.43256 247.36089 45822.82 -60156.1 5128.85 -65284.9 11661.932
4.29 266.57913 -393.86346 46018.029 -60132.2 5093.44 -65225.6 11706.056
4.3 270.12373 150.77504 45665.723 -60398.5 5161.16 -65559.6 11654.168
4.31 268.10113 -294.43309 45816.799 -60113 5122.52 -65235.5 11708.923
4.32 275.22033 -250.89258 45633.91 -59774.4 5258.54 -65032.9 11711.29
4.33 262.92642 664.02165 45721.11 -60259.4 5023.65 -65283.1 11769.402
4.34 278.0409 -472.14898 46068.41 -59718.8 5312.43 -65031.2 11860.374
4.35 280.7915 -141.48108 45529.065 -60062.1 5364.99 -65427.1 11818.149
4.36 274.44551 -145.0033 45542.491 -60115.2 5243.74 -65359 11870.135
4.37 278.94619 35.356069 45675.354 -60177.8 5329.73 -65507.5 11930.818
4.38 278.49773 697.96045 45585.677 -59854.1 5321.16 -65175.3 11955.79
4.39 263.58519 -152.61942 46002.786 -60156.3 5036.23 -65192.5 12045.594
4.4 272.09958 -694.08642 46031.85 -60255.3 5198.91 -65454.2 12075.873
4.41 269.37544 -237.37967 45640.497 -60228.5 5146.86 -65375.3 12053.169
4.42 272.97453 -284.46127 45926.747 -59976.2 5215.63 -65191.9 12173.018
4.43 271.626 -32.286339 45927.951 -60402.1 5189.87 -65591.9 12178.147
4.44 272.80897 -105.36456 45702.49 -59977.1 5212.47 -65189.6 12135.663
4.45 272.31651 372.8782 45655.86 -60158.3 5203.06 -65361.3 12148.087
4.46 288.83574 -237.47019 45938.228 -59635.9 5518.69 -65154.6 12227.914
4.47 271.56001 -245.85921 45640.767 -59983.9 5188.6 -65172.5 12211.809
4.48 280.50601 -150.50317 45630.106 -59816.4 5359.53 -65175.9 12247.693
4.49 275.58822 152.34648 45496.401 -60131.1 5265.57 -65396.7 12263.85
4.5 265.48908 -414.4828 45866.027 -59958.8 5072.61 -65031.4 12350.981
4.51 267.04272 -526.32912 45871.251 -60232.3 5102.29 -65334.6 12393.624
4.52 270.30109 -383.79066 45771.39 -60232.9 5164.55 -65397.5 12379.569
4.53 273.72567 -368.5497 46230.005 -60281.2 5229.98 -65511.2 12494.11
4.54 282.18835 301.96075 45720.407 -59972.7 5391.68 -65364.3 12419.882
4.55 267.55505 224.49297 45780.631 -60537.2 5112.08 -65649.3 12450.775
4.56 271.41875 -732.52454 45600.715 -59920 5185.91 -65105.9 12423.056
4.57 269.64937 -115.24755 46148.097 -60010.3 5152.1 -65162.3 12552.719
4.58 274.18173 8.5147269 45483.417 -60213.2 5238.7 -65451.9 12447.536
4.59 270.00904 344.74532 45654.608 -60006.3 5158.97 -65165.3 12467.293
4.6 271.64897 434.0406 45701.498 -60427.5 5190.3 -65617.8 12493.249
4.61 280.56877 220.26618 45543.571 -59957.9 5360.73 -65318.7 12492.167
4.62 267.26366 -11.729545 45615.067 -60389 5106.52 -65495.5 12525.771
4.63 279.37279 41.294076 45930.218 -60012.8 5337.88 -65350.7 12592.4
4.64 284.02657 869.63626 45641.077 -59791 5426.8 -65217.8 12561.772
4.65 268.73499 244.4274 45362.994 -60216.8 5134.63 -65351.5 12519.914
4.66 275.55343 575.36715 45628.306 -60048.2 5264.91 -65313.1 12579.55
4.67 282.61788 415.87061 45637.904 -60196.8 5399.88 -65596.7 12613.947
4.68 280.51508 -427.12772 45920.672 -60148.3 5359.71 -65508 12685.068
4.69 276.26904 41.864111 45881.378 -60222.6 5278.58 -65501.1 12728.933
4.7 263.46203 374.57183 45580.496 -60037.1 5033.88 -65070.9 12716.637
4.71 268.03303 -296.55943 45692.93 -60064.1 5121.22 -65185.3 12766.433
4.72 272.52108 -407.85756 45839.828 -60120.8 5206.97 -65327.8 12824.415
4.73 267.13578 332.9048 45651.912 -60191.9 5104.07 -65296 12835.675
4.74 273.03927 -662.04273 46013.534 -59937.5 5216.87 -65154.3 12946.492
4.75 268.18826 427.53355 45825.266 -60037.4 5124.18 -65161.6 12937.156
4.76 268.13252 285.69264 45416.972 -60513.9 5123.12 -65637.1 12901.736
4.77 276.44293 -385.08961 45745.277 -60118.9 5281.9 -65400.8 13018.104
4.78 279.83599 420.93055 45983.206 -59852.6 5346.73 -65199.3 13076.389
4.79 272.1294 417.21879 45654.894 -60159 5199.48 -65358.5 13054.081
4.8 270.87432 -40.122763 45718.299 -59981.7 5175.5 -65157.2 13117.159
4.81 269.08877 758.97694 45437.772 -60240.5 5141.39 -65381.9 13084.627
4.82 279.03822 -91.887319 45608.441 -60014.1 5331.49 -65345.6 13155.974
4.83 276.73118 175.86833 45597.373 -60219.3 5287.41 -65506.7 13176.765
4.84 281.87457 592.43457 45664.671 -59789.3 5385.68 -65174.9 13255.462
4.85 277.97522 772.86435 45639.702 -59866.4 5311.18 -65177.6 13281.534
4.86 271.19066 -356.51277 46149.076 -60145.2 5181.55 -65326.7 13417.877
4.87 269.74177 349.02152 45686.578 -60196.3 5153.86 -65350.2 13350.716
4.88 265.24586 -507.00778 46189.976 -60427.5 5067.96 -65495.4 13473.041
4.89 272.10654 279.99628 45549.92 -60028.4 5199.05 -65227.4 13406.301
4.9 266.05301 43.733823 45738.202 -60366.7 5083.38 -65450.1 13495.353
4.91 272.1443 170.98486 45913.249 -60131.3 5199.77 -65331 13577.653
4.92 275.3456 537.89443 45745.102 -60268 5260.93 -65528.9 13569.443
4.93 275.16201 773.77063 45411.312 -59992.4 5257.43 -65249.8 13526.481
4.94 276.92168 -451.54952 46042.971 -59711.9 5291.05 -65003 13699.34
4.95 270.26905 653.70625 45553.842 -60357 5163.94 -65521 13625.449
4.96 266.51024 -41.142425 45535.425 -60330.3 5092.12 -65422.4 13620.673
4.97 275.20903 93.15756 45956.171 -59980.8 5258.33 -65239.1 13703.055
4.98 279.39292 518.2459 45877.607 -60039 5338.27 -65377.3 13722.023
4.99 278.56456 123.51807 45905.627 -59947.3 5322.44 -65269.8 13781.697
5 269.77037 358.30699 45598.063 -60110.3 5154.41 -65264.7 13745.231
5.01 283.81034 -12.841805 45786.858 -60179.7 5422.67 -65602.4 13815.705
5.02 284.0814 -332.84506 46273.605 -59663.3 5427.85 -65091.2 13939.333
5.03 284.48483 -123.57141 46009.331 -60043.4 5435.55 -65478.9 13932.255
5.04 275.52161 -408.94947 46223.433 -59968.8 5264.3 -65233.1 14007.212
5.05 272.27587 -180.67974 45735.526 -60079.5 5202.28 -65281.8 13937.826
5.06 261.91028 -833.08193 45962.293 -60290.2 5004.23 -65294.4 14036.018
5.07 286.51554 999.45214 45527.664 -60091.8 5474.35 -65566.2 13995.58
5.08 272.19302 680.07566 45690.723 -60179.8 5200.7 -65380.5 14064.419
5.09 282.73292 -203.20939 45808.025 -59831.9 5402.08 -65233.9 14113.786
5.1 282.43057 420.64629 45820.576 -60129.9 5396.3 -65526.3 14192.93
5.11 262.55697 655.65527 45605.588 -60381.3 5016.59 -65397.9 14201.84
5.12 291.83387 -297.07095 45830.496 -59761.8 5575.97 -65337.8 14289.064
5.13 275.14364 -172.30075 45736.409 -60121.1 5257.08 -65378.2 14267.44
5.14 286.52009 -442.98207 45883.613 -59697.6 5474.44 -65172.1 14332.75
5.15 275.00311 0.022055332 45818.791 -59900.8 5254.39 -65155.2 14342.607
5.16 278.11726 321.29228 45643.513 -60185.1 5313.89 -65499 14343.597
5.17 271.11255 101.06458 45809.878 -60158.5 5180.05 -65338.6 14434.415
5.18 275.53885 -68.492669 45809.303 -60037.6 5264.63 -65302.2 14487.294
5.19 273.51604 461.64115 45704.52 -59979.7 5225.98 -65205.7 14494.099
5.2 269.18691 -526.11165 45982.606 -60316 5143.26 -65459.3 14581.13
5.21 277.58115 -177.43335 45930.745 -59873.9 5303.65 -65177.5 14594.725
5.22 277.68008 -517.25528 45953.871 -59839 5305.54 -65144.6 14627.561
5.23 268.87494 240.42359 46007.947 -60016.4 5137.3 -65153.7 14719.399
5.24 268.12216 348.55291 45536.967 -60356.5 5122.92 -65479.4 14637.576
5.25 273.95117 131.90394 45695.109 -59989.1 5234.29 -65223.3 14706.97
5.26 285.87642 -137.64084 45904.966 -59876.3 5462.14 -65338.4 14795.565
5.27 276.14851 438.37938 45694.046 -60105 5276.28 -65381.2 14781.399
5.28 271.78002 719.68177 45989.46 -60074.1 5192.81 -65266.9 14845.341
5.29 264.38408 1060.5755 45154.056 -60400.2 5051.5 -65451.7 14701.084
5.3 279.39407 -568.03945 45903.557 -60121.4 5338.29 -65459.7 14889.454
5.31 281.13196 11.768846 46046.441 -60022.3 5371.49 -65393.8 14977.854
5.32 276.7753 -234.82562 45772.199 -60092.5 5288.25 -65380.8 14925.848
5.33 273.4238 -87.80029 45938.28 -60169.6 5224.22 -65393.8 14994.552
5.34 271.98528 488.18271 45732.287 -60011.8 5196.73 -65208.6 14949.479
5.35 272.59517 -51.570026 45725.925 -59993.7 5208.38 -65202.1 14991.155
5.36 269.81522 -416.50766 46036.097 -60195.7 5155.27 -65351 15055.111
5.37 269.37483 -566.23313 46069.179 -59960.2 5146.85 -65107.1 15086.222
5.38 272.68594 -404.93839 45608.196 -60410.2 5210.12 -65620.3 15028.287
5.39 273.30037 363.65264 45961.981 -60217.4 5221.86 -65439.3 15124.715
5.4 269.37297 175.9641 45839.309 -60049.4 5146.82 -65196.2 15122.771
5.41 276.43477 119.69284 45912.434 -60264.5 5281.74 -65546.2 15173.522
5.42 274.04518 240.41156 45805.663 -60142.4 5236.09 -65378.5 15188.429
5.43 276.55752 102.37167 45946.713 -59979.1 5284.09 -65263.2 15239.583
5.44 274.73782 -165.23863 45827.623 -60041 5249.32 -65290.3 15285.141
5.45 260.27799 -835.30147 46134.484 -60436.6 4973.04 -65409.6 15361.926
5.46 279.0073 213.25155 45617.688 -59900 5330.9 -65230.8 15262.192
5.47 265.30914 311.75798 45800.39 -60302.7 5069.17 -65371.9 15386.39
5.48 277.84663 -628.87494 45840.233 -59750.4 5308.72 -65059.2 15394.263
5.49 277.4146 -265.00742 45883.36 -59924.4 5300.47 -65224.9 15438.305
5.5 276.34596 111.59501 45799.041 -60196.8 5280.05 -65476.8 15446.627
5.51 280.42749 446.46207 45616.918 -59714.3 5358.03 -65072.3 15413.988
5.52 264.79839 805.33662 45468.673 -60222.5 5059.41 -65281.9 15397.007
5.53 269.10628 -421.33606 45858.198 -60533.5 5141.72 -65675.3 15498.161
5.54 278.49994 98.266707 45664.672 -59943.2 5321.2 -65264.4 15502.667
5.55 274.03753 -492.07199 45980.638 -60267.4 5235.94 -65503.3 15606.8
5.56 274.53055 -58.855686 46024.687 -59925.2 5245.36 -65170.6 15635.556
5.57 264.04221 -191.95648 46083.123 -59934.8 5044.96 -64979.8 15680.286
5.58 256.50426 564.02288 45584.147 -60468.7 4900.94 -65369.7 15594.813
5.59 266.41151 94.934092 45609.452 -60005.3 5090.23 -65095.6 15650.471
5.6 265.56059 -444.34214 45658.056 -60234.3 5073.98 -65308.3 15715.012
5.61 276.13999 1122.3019 45397.347 -59995.3 5276.11 -65271.4 15688.977
5.62 269.27522 8.9009697 46051.061 -60189.7 5144.95 -65334.6 15841.448
5.63 276.43436 411.23404 45812.267 -59986.1 5281.74 -65267.9 15807.691
5.64 281.22475 252.4325 45815.872 -59938.6 5373.27 -65311.9 15841.131
5.65 274.32268 -75.084886 45849.108 -60236.7 5241.39 -65478.1 15864.468
5.66 276.91164 -66.556919 45704.23 -60083.7 5290.86 -65374.6 15843.663
5.67 268.36985 402.74007 45509.858 -60367.3 5127.65 -65495 15841.684
5.68 278.36067 303.36011 45575.517 -60054.6 5318.54 -65373.2 15882.926
5.69 269.19238 -191.37014 45632.19 -60421.4 5143.37 -65564.7 15896.845
5.7 276.69891 428.39001 45927.476 -59832.2 5286.79 -65119 16008.981
5.71 271.47654 356.05473 45799.87 -60162.3 5187.01 -65349.3 16001.608
5.72 271.02239 386.94115 45940.491 -60472.4 5178.33 -65650.7 16037.798
5.73 266.2696 -84.404981 45951.766 -59956.2 5087.52 -65043.7 16054.915
5.74 280.35202 -366.75066 45958.471 -60090.8 5356.59 -65447.3 16081.178
5.75 275.08022 276.4638 45528.313 -59978 5255.86 -65233.9 15998.297
5.76 273.6098 388.19502 45606.657 -60353.4 5227.77 -65581.2 16037.914
5.77 277.36003 286.74835 45615.599 -60082.8 5299.42 -65382.2 16073.887
5.78 277.06436 571.2383 45617.843 -60288.9 5293.77 -65582.7 16089.932
5.79 270.00116 -30.858608 45780.12 -59994.2 5158.82 -65153.1 16148.734
5.8 271.83417 326.12728 45576.202 -60052.1 5193.84 -65246 16086.584
5.81 271.51582 698.88319 45796.968 -60530.6 5187.76 -65718.4 16160.885
5.82 273.11963 349.20168 45868.152 -59943.5 5218.4 -65161.9 16196.005
5.83 275.4137 274.96008 45509.28 -59764.2 5262.24 -65026.4 16141.582
5.84 272.30743 432.31849 45527.751 -60063.6 5202.89 -65266.5 16155.015
5.85 269.47937 -521.25517 45921.677 -60430.6 5148.85 -65579.4 16250.537
5.86 272.55986 -217.6581 45818.513 -60090.6 5207.71 -65298.3 16268.683
5.87 273.62112 241.14292 45700.867 -59941.1 5227.99 -65169.1 16278.85
5.88 269.63469 -702.89094 45939.86 -60140.5 5151.82 -65292.4 16379.808
5.89 271.65734 -855.73284 45965.7 -60217.7 5190.46 -65408.1 16377.861
5.9 280.03731 167.55482 45825.412 -60122.9 5350.58 -65473.5 16342.495
5.91 274.71532 374.44856 45791.953 -60224.3 5248.89 -65473.2 16374.658
5.92 283.24385 -411.2696 46132.062 -59814.2 5411.84 -65226.1 16477.558
5.93 276.39165 848.15995 45678.547 -60289.9 5280.92 -65570.8 16386.081
5.94 271.71319 478.74584 45587.279 -60145.4 5191.53 -65336.9 16371.921
5.95 285.47828 415.9365 45764.682 -59833.4 5454.54 -65288 16432.284
5.96 273.71421 487.61405 45788.68 -59985.3 5229.76 -65215 16472.379
5.97 280.8854 291.07153 45330.665 -60035.8 5366.78 -65402.5 16378.413
5.98 269.02025 -516.35018 46047.334 -60125 5140.08 -65265.1 16569.829
5.99 277.16664 61.895406 45613.193 -60148.8 5295.73 -65444.6 16510.855
6 272.40464 -40.052223 45878.96 -59851.7 5204.74 -65056.4 16620.05
6.01 268.99587 -322.29033 45642.127 -60118.4 5139.61 -65258 16571.076
6.02 277.25933 177.06109 45741.468 -59992.4 5297.5 -65289.9 16601.574
6.03 275.97299 754.78208 45465.22 -60376.9 5272.92 -65649.9 16539.447
6.04 275.88034 -486.19414 46199.919 -59942.6 5271.15 -65213.8 16752.504
6.05 276.049 -511.07676 46148.365 -60042.3 5274.37 -65316.7 16783.823
6.06 272.75238 27.936589 45890.732 -59974.5 5211.39 -65185.9 16748.934
6.07 267.71831 -608.94769 45933.077 -60109.3 5115.2 -65224.5 16787.428
6.08 274.46271 315.98784 45701.345 -60316.4 5244.07 -65560.4 16787.206
6.09 272.83101 -201.35156 45763.781 -60139.5 5212.89 -65352.4 16809.55
6.1 276.95452 -760.92159 45939.752 -59990.5 5291.68 -65282.2 16867.928
6.11 287.65462 -910.20313 46059.778 -59982.3 5496.12 -65478.4 16931.849
6.12 276.57132 582.03936 45457.806 -60079.5 5284.35 -65363.8 16793.99
6.13 271.36901 -141.98735 45708.966 -60040.8 5184.96 -65225.7 16897.686
6.14 267.33811 360.73217 45588.926 -60370.8 5107.94 -65478.8 16874.754
6.15 270.24068 -217.26093 45916.055 -60256.7 5163.4 -65420 16970.753
6.16 285.20222 532.99166 45774.841 -59766.2 5449.26 -65215.5 17010.996
6.17 273.54027 -146.92922 45791.237 -60296.4 5226.44 -65522.8 17058.16
6.18 272.81573 309.00752 45535.93 -59945.1 5212.6 -65157.7 17026.877
6.19 272.32716 -154.56954 45788.652 -60124.5 5203.26 -65327.7 17126.343
6.2 279.08239 -564.79145 45903.328 -59916.9 5332.33 -65249.2 17166.149
6.21 270.45408 478.15605 45632.231 -60547.2 5167.47 -65714.7 17118.02
6.22 270.19422 337.48878 45986.325 -60277.6 5162.51 -65440.1 17260.801
6.23 272.68326 -211.06387 45932.346 -60015.6 5210.07 -65225.7 17260.668
6.24 265.10175 -576.20645 45912.381 -60353 5065.21 -65418.2 17272.045
6.25 270.27584 -95.705788 45747.928 -59974.5 5164.07 -65138.5 17260.216
6.26 273.49111 46.646045 45931.663 -59942.5 5225.5 -65168 17309.064
6.27 272.88251 -218.25335 45819.331 -60202.3 5213.87 -65416.2 17315.512
6.28 272.92512 268.09544 45839.878 -60287.8 5214.69 -65502.5 17344.393
6.29 281.04596 -514.81226 45836.616 -59945.8 5369.85 -65315.6 17388.608
6.3 263.35736 -186.15868 45692.22 -60435.5 5031.88 -65467.4 17393.222
6.31 280.41921 483.25697 45493.631 -59649.1 5357.87 -65007 17378.269
6.32 273.2551 308.62779 45966.841 -60137.1 5220.99 -65358.1 17497.913
6.33 272.52747 -224.58513 46179.961 -60105.1 5207.09 -65312.2 17592.738
6.34 281.56079 114.60521 45803.274 -59938.8 5379.69 -65318.5 17546.396
6.35 285.97172 312.75492 45676.203 -60154 5463.96 -65618 17531.853
6.36 274.60852 38.762244 45973.992 -59845.6 5246.85 -65092.5 17637.995
6.37 277.8356 -864.38577 46244.839 -60151.7 5308.51 -65460.2 17721.083
6.38 272.29 445.96327 45726.18 -59937.8 5202.55 -65140.3 17614.117
6.39 281.57988 -96.420069 46057.119 -59675.4 5380.05 -65055.5 17709.928
6.4 271.57002 -498.63107 45968.507 -59985.7 5188.8 -65174.5 17706.938
6.41 275.16615 -612.41503 46198.438 -60208.7 5257.51 -65466.2 17779.192
6.42 266.48696 375.08457 45571.464 -60450 5091.68 -65541.7 17663.181
6.43 272.91561 64.596443 46009.911 -60249.7 5214.51 -65464.2 17793.762
6.44 280.47411 -79.018285 46097.959 -59892.3 5358.92 -65251.3 17836.809
6.45 260.40464 -341.45414 45913.238 -60387.1 4975.46 -65362.5 17850.031
6.46 266.6009 -120.04404 45903.369 -60366.8 5093.85 -65460.6 17852.746
6.47 300.18716 604.07884 45660.309 -59610 5735.57 -65345.6 17812.123
6.48 274.17403 -315.52697 46060.778 -60284.8 5238.55 -65523.4 17907.112
6.49 269.42123 -354.90436 45541.96 -60060.4 5147.74 -65208.1 17795.896
6.5 272.92747 -114.83644 45633.957 -59882.1 5214.73 -65096.9 17831.143
6.51 270.48929 173.65931 45567.959 -60261.9 5168.15 -65430 17844.263
6.52 275.39681 -751.37446 45648.282 -60426.9 5261.91 -65688.8 17861.453
6.53 272.76944 -589.45955 46062.722 -59981.2 5211.71 -65193 18007.118
6.54 282.70958 220.58036 45853.866 -59924.7 5401.64 -65326.4 18007.236
6.55 274.82785 813.24586 45562.033 -60191.4 5251.04 -65442.5 17973.269
6.56 273.2141 179.64559 45883.24 -59986.1 5220.21 -65206.3 18111.7
6.57 273.25382 -326.2382 46020.542 -60115.1 5220.97 -65336 18143.828
6.58 267.53365 -141.54059 45627.415 -60234 5111.67 -65345.7 18068.052
6.59 279.09589 733.6073 45461.69 -59791.9 5332.59 -65124.5 18055.768
6.6 274.99395 -48.521753 45849.67 -60198.5 5254.22 -65452.7 18202.208
6.61 269.43997 523.59029 45630.696 -60452.4 5148.1 -65600.5 18160.402
6.62 272.39613 115.43157 45824.435 -60240.1 5204.58 -65444.7 18235.493
6.63 267.65916 -550.5799 45826.542 -60176.7 5114.07 -65290.7 18213.107
6.64 283.79648 51.211379 45708.144 -59788.9 5422.4 -65211.3 18256.838
6.65 272.82753 -235.3542 45673.113 -60113.9 5212.82 -65326.8 18270.161
6.66 271.7653 5.8506491 45689.471 -60129.6 5192.53 -65322.1 18285.1
6.67 276.30574 -74.258556 45724.485 -60465.2 5279.28 -65744.5 18319.067
6.68 279.61007 -341.81099 45829.278 -60089.8 5342.41 -65432.2 18348.663
6.69 271.77351 -823.57555 46100.008 -60226.3 5192.68 -65419 18444.286
6.7 280.99285 -122.0321 45950.052 -59908.6 5368.83 -65277.4 18441.814
6.71 276.15892 846.1759 45288.288 -60210.6 5276.47 -65487 18304.268
6.72 267.3943 943.13887 45260.814 -60206.3 5109.01 -65315.3 18306.875
6.73 272.90076 395.96782 45525.219 -60203.9 5214.22 -65418.1 18423.696
6.74 274.58581 300.3188 45270.364 -60277 5246.42 -65523.5 18375.682
6.75 275.33553 -95.996733 45948.964 -59883.6 5260.74 -65144.3 18627.095
6.76 271.19979 527.96539 45606.705 -60240 5181.72 -65421.7 18572.909
6.77 274.6585 233.2266 45570.618 -59890.2 5247.81 -65138 18622.721
6.78 274.32927 -139.00926 45736.453 -59773.9 5241.52 -65015.4 18720.006
6.79 272.26012 582.40352 45901.655 -60191.1 5201.98 -65393.1 18784.552
6.8 266.49018 278.67327 45901.059 -60132.3 5091.74 -65224 18784.237
6.81 272.88075 -340.40989 46000.187 -60349.5 5213.84 -65563.3 18840.381
6.82 276.97024 349.95428 45566.556 -60229.8 5291.98 -65521.8 18744.526
6.83 268.58517 182.85811 45665.91 -60138.1 5131.77 -65269.9 18807.733
6.84 270.76795 -396.17826 46149.435 -60166 5173.47 -65339.5 18985.101
6.85 278.15183 -226.01788 46418.9 -59821.8 5314.55 -65136.3 19069.977
6.86 275.72227 -75.695358 45549.351 -60283.6 5268.13 -65551.8 18885.21
6.87 286.59551 195.6712 45365.991 -60047.1 5475.88 -65523 18862.864
6.88 272.10256 421.48905 45648.18 -60203.7 5198.97 -65402.7 18955.487
6.89 274.48768 559.72142 45562.505 -59944.3 5244.54 -65188.9 18935.128
6.9 269.99085 -411.3834 45862.04 -60200.4 5158.62 -65359.1 19056.609
6.91 273.32372 46.825574 45445.282 -60106.2 5222.3 -65328.5 18943.556
6.92 274.40417 -6.195096 45422.397 -60232.5 5242.95 -65475.5 18947.541
6.93 278.12319 -285.51418 45909.6 -60007.1 5314 -65321.1 19137.471
6.94 273.41867 -173.74494 46059.323 -60257.5 5224.12 -65481.6 19197.423
6.95 269.89234 17.926008 45645.734 -59968.8 5156.74 -65125.6 19127.895
6.96 270.55795 26.364332 45905.926 -60030.9 5169.46 -65200.3 19222.619
6.97 279.7065 316.73882 45612.087 -59951.9 5344.26 -65296.2 19152.237
6.98 276.79542 -6.3577608 45880.595 -60176.3 5288.64 -65465 19240.212
6.99 273.21358 -38.502303 45616.751 -60210.4 5220.2 -65430.6 19192.971
7 274.64246 -127.64044 45724.618 -59792.5 5247.5 -65040 19277.397
7.01 276.23719 -720.40698 45835.455 -60164.9 5277.97 -65442.9 19312.369
7.02 274.73469 -703.40548 46027.647 -60015.7 5249.26 -65265 19346.195
7.03 266.6151 525.99875 45700.17 -60315.5 5094.12 -65409.6 19287.188
7.04 268.76113 257.46476 45627.469 -60313.2 5135.13 -65448.4 19309.335
7.05 270.1614 -157.27968 45879.843 -60094.5 5161.88 -65256.4 19403.907
7.06 264.80044 -80.54306 45911.725 -60271.6 5059.45 -65331.1 19422.283
7.07 279.80454 133.04215 45835.873 -59874.2 5346.13 -65220.4 19442.96
7.08 257.33702 401.05521 45768.264 -60775.1 4916.85 -65691.9 19454.562
7.09 268.63632 -208.37641 45952.031 -60303.5 5132.74 -65436.2 19539.924
7.1 279.64333 -279.62305 45875.301 -60033.7 5343.05 -65376.7 19532.416
7.11 274.50575 573.47689 45605.734 -60216.9 5244.89 -65461.7 19475.223
7.12 264.67747 -31.449415 45639.662 -60535.2 5057.1 -65592.3 19551.863
7.13 271.68964 -455.63042 45926.94 -59976.6 5191.08 -65167.6 19681.87
7.14 279.83439 -292.94049 45702.722 -60279.3 5346.7 -65626 19606.869
7.15 270.46745 265.79503 45958.899 -59984.9 5167.73 -65152.6 19689.853
7.16 280.9745 237.2592 45735.159 -59871.9 5368.48 -65240.4 19677.149
7.17 272.62136 362.54757 45645.56 -60049.1 5208.88 -65258 19719.082
7.18 284.50022 197.83769 45467.7 -59574.7 5435.85 -65010.6 19689.407
7.19 275.8168 -41.001387 45838.094 -59959 5269.94 -65228.9 19831.035
7.2 254.88861 616.20979 45443.692 -60626.1 4870.07 -65496.1 19707.92
7.21 281.47004 454.84888 45896.735 -60083.2 5377.95 -65461.2 19807.983
7.22 275.11153 576.7433 45722.504 -59903.9 5256.46 -65160.4 19767.852
7.23 269.79542 357.2682 45567.694 -60134.9 5154.89 -65289.8 19739.004
7.24 273.43485 -28.123362 45572.971 -60123.2 5224.43 -65347.6 19762.076
7.25 275.60729 111.1962 45536.398 -60025.2 5265.93 -65291.1 19803.036
7.26 266.56162 719.16904 45701.436 -60159.8 5093.1 -65252.9 19868.668
7.27 275.60182 -64.209642 45645.37 -60212.8 5265.83 -65478.6 19871.712
7.28 282.9977 -1260.9014 45932.783 -59913.9 5407.14 -65321 19963.996
7.29 275.26703 -121.09857 45602.182 -60156.1 5259.43 -65415.6 19876.348
7.3 273.30423 -828.317 46029.518 -60199 5221.93 -65420.9 20060.732
7.31 279.4111 -456.24036 45907.561 -59813.5 5338.61 -65152.1 20021.434
7.32 281.64791 839.91074 45457.219 -59873.7 5381.35 -65255.1 19929.37
7.33 265.25878 364.82702 45857.502 -60343.1 5068.21 -65411.3 20119.749
7.34 278.04517 480.37135 45875.838 -60104.2 5312.51 -65416.7 20151.842
7.35 276.68036 -254.45064 45777.207 -60110.9 5286.44 -65397.3 20146.301
7.36 282.01528 -98.319505 45610.848 -60091.9 5388.37 -65480.2 20156.916
7.37 284.72442 -438.72867 46009.787 -59843.1 5440.13 -65283.3 20283.103
7.38 273.17572 -69.756093 46046.992 -60237.8 5219.48 -65457.3 20320.107
7.39 277.01029 1056.4145 45404.399 -60057.8 5292.74 -65350.5 20138.804
7.4 264.61274 -620.22 45955.033 -60084.7 5055.87 -65140.6 20333.682
7.41 276.60013 -98.825003 46062.885 -60025 5284.9 -65309.9 20416.985
7.42 275.65253 128.83872 45945.992 -60243 5266.8 -65509.8 20387.119
7.43 263.44518 2.9017962 45387.219 -60365.9 5033.56 -65399.5 20219.913
7.44 267.98658 -958.8399 46052.506 -60003.5 5120.33 -65123.9 20417.275
7.45 269.02164 541.86249 45797.577 -60233.2 5140.1 -65373.3 20389.031
7.46 271.54966 -847.09341 46062.504 -59995.6 5188.41 -65184 20503.418
7.47 271.89115 -330.22345 45835.474 -60295 5194.93 -65489.9 20462.341
7.48 267.87136 40.257721 45835.778 -59994.5 5118.13 -65112.6 20501.951
7.49 281.75237 -207.47179 45665.717 -59920.9 5383.35 -65304.3 20535.363
7.5 272.22512 -192.79774 45961.021 -60043.1 5201.31 -65244.5 20661.998
7.51 272.15903 336.50959 45756.988 -60150.3 5200.05 -65350.3 20647.31
7.52 281.18751 -461.97087 46048.155 -59873.5 5372.55 -65246 20799.739
7.53 263.08487 -543.01572 45846.611 -60329.2 5026.67 -65355.9 20752.795
7.54 274.58123 -115.50185 45822.227 -60121.8 5246.33 -65368.2 20749.282
7.55 263.33127 -103.2984 45752.755 -60329.8 5031.38 -65361.2 20764.363
7.56 276.73635 -663.55576 45798.09 -60007.3 5287.51 -65294.8 20790.535
7.57 282.46086 381.78418 45714.111 -60224.2 5396.88 -65621.1 20759.488
7.58 283.69068 -184.29452 45688.417 -60013.4 5420.38 -65433.8 20787.872
7.59 273.28872 -96.007412 45816.449 -59842 5221.63 -65063.6 20841.701
7.6 266.1194 -151.7075 45861.512 -60244.9 5084.65 -65329.5 20923.278
7.61 276.70692 52.990924 45817.866 -59984.1 5286.94 -65271 20921.085
7.62 278.77198 -789.88955 46014.71 -60125.3 5326.4 -65451.7 20997.668
7.63 271.97437 409.26217 45393.718 -60153.1 5196.52 -65349.6 20881.664
7.64 282.53922 -655.1125 46169.226 -59810.4 5398.38 -65208.8 21147.775
7.65 268.95852 -689.85947 45989.521 -59947.8 5138.9 -65086.7 21141.469
7.66 275.20428 -467.0919 45924.283 -59857.3 5258.23 -65115.5 21139.917
7.67 275.66613 -60.747964 45920.322 -60171.9 5267.06 -65438.9 21161.728
7.68 272.23284 549.67233 45973.301 -59975 5201.46 -65176.5 21219.556
7.69 280.12057 -21.700447 46106.229 -59948.3 5352.17 -65300.5 21303.197
7.7 275.84858 -48.305741 45869.076 -60062.1 5270.54 -65332.6 21255.852
7.71 270.47782 -73.212766 45975.956 -59962 5167.93 -65129.9 21353.22
7.72 274.66192 -816.94123 46107.059 -59987.9 5247.87 -65235.8 21415.317
7.73 274.69266 556.95996 45508.319 -60030.4 5248.46 -65278.8 21289.506
7.74 278.30999 940.64014 45762.963 -59717.3 5317.57 -65034.8 21416.446
7.75 266.29614 115.91601 45933.811 -60105.9 5088.03 -65193.9 21502.455
7.76 267.9937 -78.526875 45854.586 -60140.8 5120.46 -65261.2 21488.141
7.77 275.41921 -131.11142 45794.567 -59976.7 5262.34 -65239 21492.405
7.78 265.93426 51.975255 45745.573 -60049.9 5081.12 -65131 21531.068
7.79 278.58572 -128.18885 45623.687 -60033.8 5322.84 -65356.6 21556.11
7.8 263.22859 -249.63591 45575.876 -60427.5 5029.42 -65457 21558.628
7.81 276.75388 338.72579 45606.276 -60163.3 5287.84 -65451.1 21587.265
7.82 280.5865 412.32872 45882.814 -59819.3 5361.07 -65180.4 21653.018
7.83 277.73536 -195.67494 45821.868 -59974.1 5306.59 -65280.7 21637.62
7.84 269.56501 -420.89821 46153.039 -60076.8 5150.49 -65227.3 21820.297
7.85 270.71606 -682.77468 45988.581 -60322 5172.48 -65494.4 21807.146
7.86 280.67512 336.06869 45574.709 -60144.4 5362.76 -65507.1 21690.679
7.87 277.18727 337.95122 45668.724 -59945.3 5296.12 -65241.5 21727.384
7.88 277.31802 449.62674 45911.491 -59760.4 5298.62 -65059 21835.013
7.89 273.64524 -114.78927 45531.727 -60109.7 5228.45 -65338.1 21726.991
7.9 276.55085 -121.61299 45911.873 -59960.7 5283.96 -65244.6 21864.406
7.91 274.02254 125.68288 45897.077 -60066.4 5235.66 -65302 21859.979
7.92 269.93682 446.33715 45801.053 -60092.5 5157.59 -65250.1 21832.413
7.93 273.05977 -27.939444 45746.954 -60109.7 5217.26 -65326.9 21848.11
7.94 279.97712 -63.645082 45688.424 -60064.3 5349.43 -65413.8 21879.46
7.95 267.99032 -461.84989 45967.573 -60362.1 5120.4 -65482.5 22005.252
7.96 271.87842 462.08436 45754.308 -60187.8 5194.69 -65382.5 21946.336
7.97 278.96129 -196.15763 45853.209 -59903.3 5330.02 -65233.4 21985.916
7.98 269.47334 -260.09894 46014.636 -60104 5148.74 -65252.7 22087.277
7.99 282.06459 -324.49108 45705.983 -59642.6 5389.31 -65031.9 22018.512
8 270.7364 -401.65052 45698.395 -60141.9 5172.87 -65314.8 22009.684
8.01 270.22383 586.9246 45397.354 -60473.3 5163.07 -65636.4 21960.484
8.02 271.64786 629.72151 45772.954 -60002.6 5190.28 -65192.9 22118.472
8.03 269.58587 124.90241 45749.233 -60118.7 5150.89 -65269.6 22126.991
8.04 261.09079 -753.03723 46202.46 -60120.6 4988.57 -65109.2 22301.935
8.05 278.58578 -207.04115 45742.514 -60123.1 5322.84 -65446 22152.996
8.06 275.0895 337.05675 45569.914 -59998.7 5256.04 -65254.7 22124.106
8.07 276.28121 -497.36802 46059.074 -59984.3 5278.81 -65263.1 22292.573
8.08 272.32306 218.4418 45675.944 -60135.8 5203.18 -65339 22178.912
8.09 275.43605 958.11812 45435.406 -60022.2 5262.66 -65284.9 22112.169
8.1 273.50944 -331.92339 46114.265 -60243 5225.85 -65468.8 22373.387
8.11 282.6705 279.37615 45707.939 -60129.2 5400.89 -65530.1 22202.44
8.12 280.12898 160.32899 45542.222 -59939.1 5352.33 -65291.4 22193.7
8.13 265.73943 246.68207 45667.457 -60199.1 5077.39 -65276.5 22273.637
8.14 272.42177 -4.9215564 45663.953 -60049.9 5205.07 -65255 22263.914
8.15 275.09625 -124.20784 45527.747 -59952.4 5256.17 -65208.6 22258.84
8.16 282.63012 507.6131 45506.98 -60084.4 5400.12 -65484.6 22250.779
8.17 276.66454 120.41308 45603.082 -59956 5286.14 -65242.2 22280.413
8.18 269.83858 -311.09068 45917.83 -60271.3 5155.71 -65427 22420.767
8.19 266.47996 572.60256 45525.126 -60316.5 5091.54 -65408 22283.534
8.2 270.94905 -198.83331 45756.024 -60285.5 5176.93 -65462.4 22410.293
8.21 269.17061 13.892803 45673.584 -60283 5142.95 -65425.9 22411.259
8.22 280.19549 1070.5877 45508.371 -59726.7 5353.6 -65080.3 22392.943
8.23 282.65377 578.15602 45659.018 -60044.7 5400.57 -65445.2 22488.314
8.24 274.25275 -41.169064 45826.237 -60088.2 5240.05 -65328.2 22568.082
8.25 262.50689 113.4456 45736.731 -60237.1 5015.63 -65252.8 22634.323
8.26 281.72505 -331.58526 45988.084 -59951.6 5382.82 -65334.4 22727.055
8.27 272.0493 47.521926 45908.99 -60240.5 5197.95 -65438.5 22724.667
8.28 268.5694 190.80905 45626.728 -60182.5 5131.46 -65313.9 22684.314
8.29 273.89002 622.79236 45691.926 -59724 5233.12 -64957.1 22747.917
8.3 268.73178 391.98552 45583.394 -60250.9 5134.57 -65385.5 22750.319
8.31 274.10924 253.8744 46071.561 -60126.5 5237.31 -65363.8 22903.425
8.32 276.16825 -330.76109 45802.759 -59793.8 5276.65 -65070.4 22809.717
8.33 277.91422 -380.17881 45823.172 -60085.9 5310.01 -65395.9 22874.097
8.34 274.7419 641.49927 45645.618 -59882.1 5249.4 -65131.5 22839.172
8.35 261.65606 -149.2112 45802.812 -60358.8 4999.37 -65358.1 22918.523
8.36 280.31155 -753.57801 45938.373 -59895.6 5355.82 -65251.4 22997.836
8.37 270.10687 262.65202 45451.909 -60311.3 5160.84 -65472.1 22855.939
8.38 282.28249 516.45506 45438.877 -59914.6 5393.48 -65308.1 22873.003
8.39 259.46518 223.75085 45658.984 -60250.9 4957.51 -65208.4 23003.773
8.4 278.20823 58.455613 45659.438 -59897.5 5315.63 -65213.1 23051.417
8.41 269.51376 785.61551 45569.716 -60253.7 5149.51 -65403.2 23006.825
8.42 289.17401 -503.50537 45795.052 -59747.7 5525.15 -65272.9 23113.234
8.43 275.78183 295.6627 45867.475 -60158.3 5269.27 -65427.5 23187.241
8.44 270.25169 -377.01833 45902.672 -60183.2 5163.61 -65346.8 23252.72
8.45 273.29751 308.5836 45636.499 -60014.1 5221.8 -65235.9 23168.486
8.46 275.31606 -487.42294 46065.736 -60068.8 5260.37 -65329.2 23318.517
8.47 281.27618 691.26102 45723.461 -59839.1 5374.25 -65213.3 23230.913
8.48 274.94519 -651.01013 45888.924 -60262.4 5253.28 -65515.6 23352.972
8.49 272.62723 -369.00009 45928.223 -59887.1 5209 -65096.1 23434.81
8.5 277.89489 -815.1151 46207.813 -59977.5 5309.64 -65287.2 23583.82
8.51 272.48142 -388.73155 46088.849 -60208.5 5206.21 -65414.7 23583.533
8.52 270.92607 -325.21126 45752.681 -60205.2 5176.49 -65381.7 23517.733
8.53 281.272 520.83267 45694.478 -59894 5374.17 -65268.2 23520.65
8.54 276.78747 473.08924 45698.141 -60204.2 5288.48 -65492.7 23526.288
8.55 277.47834 -308.67396 45878.018 -59879.8 5301.68 -65181.5 23627.286
8.56 275.91563 -320.47433 46072.579 -59793.1 5271.83 -65064.9 23727.809
8.57 277.43112 -251.36477 45590.174 -59964.4 5300.78 -65265.1 23639.743
8.58 281.81122 -72.430387 45647.295 -60195.9 5384.47 -65580.4 23656.599
8.59 279.61432 152.58805 45909.926 -59955.6 5342.5 -65298.1 23793.626
8.6 267.53777 670.53056 45407.933 -60066.1 5111.75 -65177.9 23646.606
8.61 271.81652 -116.24833 45614.227 -60505.4 5193.51 -65698.9 23722.399
8.62 272.90786 547.22543 45644.709 -60172.3 5214.36 -65386.7 23743.544
8.63 275.08614 846.55435 45738.207 -59904.9 5255.98 -65160.9 23809.138
8.64 280.76947 -0.29156654 45637.437 -60173.5 5364.57 -65538.1 23817.432
8.65 269.99596 38.964452 46224.155 -60050.2 5158.72 -65208.9 24076.644
8.66 275.25564 -5.6368992 45960.938 -60438.1 5259.22 -65697.3 23995.172
8.67 285.50603 -175.35282 45710.742 -59991.5 5455.07 -65446.5 23927.056
8.68 272.61817 -153.91067 46229.076 -59871.4 5208.82 -65080.2 24130.203
8.69 273.20396 -248.31762 45898.06 -60281.4 5220.01 -65501.4 24015.844
8.7 275.79961 146.13926 45994.857 -59929.1 5269.61 -65198.7 24068.687
8.71 274.15591 629.44191 45389.291 -60132.9 5238.2 -65371.1 23898.821
8.72 259.40121 378.37202 45820.561 -60644.7 4956.29 -65601 24088.693
8.73 275.39336 -285.07366 45735.297 -59854.4 5261.85 -65116.3 24080.221
8.74 273.13691 109.97104 46126.488 -60156 5218.73 -65374.8 24269.531
8.75 282.75239 -23.168227 45867.802 -60148.5 5402.45 -65551 24225.43
8.76 275.08463 -420.5986 45676.089 -59552 5255.95 -64807.9 24182.194
8.77 276.25706 -95.123628 45584.009 -60040.1 5278.35 -65318.5 24236.771
8.78 268.79428 -563.71976 46007.836 -60092.9 5135.76 -65228.7 24435.826
8.79 266.91887 80.261442 45653.461 -60255.9 5099.93 -65355.9 24322.985
8.8 282.69119 131.59491 45474.14 -59960.2 5401.28 -65361.4 24285.427
8.81 277.2686 204.1606 45951.929 -59916.9 5297.68 -65214.5 24455.718
8.82 270.19874 -744.22076 46006.983 -60059.6 5162.59 -65222.2 24484.743
8.83 257.96598 654.86237 45633.099 -60251.3 4928.87 -65180.1 24418.801
8.84 272.55676 -132.14206 45929.226 -59958.2 5207.65 -65165.8 24560.132
8.85 268.89062 -424.94364 45757.784 -60378.8 5137.6 -65516.4 24539.086
8.86 279.34768 518.12981 45757.532 -59908.8 5337.4 -65246.2 24609.062
8.87 278.63632 -69.854488 45926.135 -60099 5323.81 -65422.8 24690.649
8.88 271.28233 -203.97524 46005.26 -60226.3 5183.3 -65409.6 24753.114
8.89 282.21151 73.613845 45606.996 -59880.4 5392.12 -65272.5 24655.3
8.9 273.37381 -493.58761 45781.948 -60175.8 5223.26 -65399.1 24755.168
8.91 271.1778 493.62062 45531.416 -60249.9 5181.3 -65431.2 24656.8
8.92 271.93427 -585.09349 45859.823 -59976.8 5195.76 -65172.6 24805.04
8.93 274.14211 -254.84167 45714.166 -60151 5237.94 -65389 24780.448
8.94 271.68691 -200.6951 45670.371 -59982.9 5191.03 -65173.9 24794.328
8.95 268.91215 100.6408 45774.475 -60186.9 5138.01 -65325 24838.038
8.96 273.38206 -9.9084122 45396.374 -60257.3 5223.42 -65480.8 24706.591
8.97 279.24935 -320.55415 45720.889 -59984 5335.52 -65319.5 24854.391
8.98 276.24108 -680.94944 46060.837 -59969.2 5278.04 -65247.2 25027.212
8.99 278.56264 -10.836507 45624.371 -60194.9 5322.4 -65517.3 24897.129
9 279.24496 -66.564586 45662.962 -60074.3 5335.44 -65409.8 24920.579
9.01 262.1578 -141.48436 45466.61 -60300.4 5008.96 -65309.3 24842.172
9.02 268.00255 289.71664 45424.555 -60332.4 5120.63 -65453 24819.609
9.03 275.31642 -535.78367 45870.986 -59971 5260.38 -65231.4 25026.346
9.04 270.51321 191.53073 45932.46 -60187 5168.6 -65355.6 25153.828
9.05 289.81402 566.03259 45767.006 -59657.4 5537.38 -65194.8 25138.65
9.06 269.86939 -8.9368016 45775.097 -59973.3 5156.3 -65129.6 25187.976
9.07 266.23971 697.67254 45518.462 -60518.3 5086.95 -65605.2 25135.074
9.08 269.3845 616.88135 45490.925 -60117.7 5147.04 -65264.8 25160.676
9.09 288.57338 388.12614 45689.904 -59854.7 5513.67 -65368.4 25242.35
9.1 269.30445 299.34841 45678.621 -60125.3 5145.51 -65270.8 25305.129
9.11 273.97393 377.60622 45540.042 -60175 5234.73 -65409.7 25271.941
9.12 266.47227 -223.28563 45932.777 -60342.3 5091.39 -65433.7 25432.299
9.13 268.47118 426.89505 45839.612 -59976.8 5129.59 -65106.4 25422.652
9.14 273.87332 49.328352 45438.282 -60327.7 5232.8 -65560.5 25279.44
9.15 284.0018 334.37288 45831.443 -59904.9 5426.33 -65331.2 25403.104
9.16 272.39592 -645.66991 45964.629 -60035.1 5204.58 -65239.7 25492.494
9.17 270.51016 222.07856 45609.851 -60133.4 5168.54 -65301.9 25402.029
9.18 284.52276 -403.25689 46000.982 -59661.3 5436.28 -65097.6 25542.052
9.19 273.36228 -592.22877 46006.448 -60013.4 5223.04 -65236.4 25577.786
9.2 280.60578 -843.68808 45935.348 -60066.3 5361.44 -65427.8 25598.061
9.21 291.14084 1278.8725 45477.559 -59743.4 5562.73 -65306.2 25469.628
9.22 274.46767 120.77994 45810.174 -60248.4 5244.16 -65492.6 25675.826
9.23 279.33421 -89.350734 45500.185 -59920.8 5337.14 -65258 25572.375
9.24 271.31182 654.19423 45598.802 -59727.8 5183.86 -64911.6 25649.073
9.25 278.12105 -2.9945381 45622.712 -60092.1 5313.96 -65406.1 25679.301
9.26 276.59955 271.47352 45757.202 -60151.9 5284.89 -65436.7 25733.644
9.27 274.97956 890.25108 45394.963 -60366.2 5253.94 -65620.1 25616.052
9.28 270.03008 650.44075 45743.701 -60157.3 5159.37 -65316.7 25770.657
9.29 274.9722 -43.372475 45745.539 -60178.9 5253.8 -65432.7 25791.174
9.3 267.13687 -447.07105 45917.37 -60141.3 5104.09 -65245.4 25928.777
9.31 280.22042 -186.13857 45476.617 -59847.6 5354.08 -65201.7 25802.024
9.32 272.50576 372.07522 45838.854 -60138.2 5206.67 -65344.9 25973.87
9.33 271.94787 -240.96016 45720.322 -59904.9 5196.02 -65100.9 25950.878
9.34 276.00586 -214.54189 45860.004 -60103.3 5273.55 -65376.9 26076.021
9.35 277.76811 167.41993 45878.887 -60017.5 5307.22 -65324.7 26143.98
9.36 270.96488 121.38525 45623.022 -60209.3 5177.23 -65386.5 26055.731
9.37 264.49709 702.11457 45728.47 -60308.7 5053.66 -65362.3 26109.936
9.38 285.25791 456.98419 45561.726 -59746.1 5450.33 -65196.5 26036.811
9.39 277.16055 42.649331 45549.304 -60020.2 5295.61 -65315.9 26046.505
9.4 273.84136 -863.21896 46006.605 -60209 5232.19 -65441.2 26267.779
9.41 271.97111 -355.55776 45894.14 -60102.7 5196.46 -65299.2 26283.781
9.42 283.22569 328.20752 45908.246 -59932.5 5411.5 -65344 26325.9
9.43 280.42163 -445.15802 45821.541 -59922.8 5357.92 -65280.7 26305.466
9.44 272.63914 -601.66866 46061.756 -59732.2 5209.22 -64941.4 26431.181
9.45 267.00166 310.43278 45708.979 -60230.5 5101.51 -65332 26393.408
9.46 282.45295 -572.20531 46441.141 -59711.5 5396.73 -65108.3 26708.264
9.47 267.83744 -25.882804 45839.6 -60118 5117.48 -65235.5 26531.635
9.48 273.90868 -187.2453 45536.625 -60258.5 5233.48 -65492 26441.323
9.49 279.76286 219.1602 45643.257 -60190.2 5345.33 -65535.5 26476.073
9.5 269.17824 286.72249 45877.063 -60191.9 5143.1 -65335 26574.591
9.51 281.31428 976.31661 45594.959 -59986.2 5374.98 -65361.2 26499.523
9.52 269.54781 128.47897 45672.389 -60104.2 5150.16 -65254.3 26546.469
9.53 267.73507 455.90407 45617.271 -59987.4 5115.52 -65102.9 26569.83
9.54 271.34109 79.878683 45783.741 -59958.3 5184.42 -65142.8 26668.575
9.55 269.95479 585.82737 45487.77 -60310.3 5157.93 -65468.2 26534.726
9.56 272.93679 -88.093751 46022.116 -59855.7 5214.91 -65070.7 26722.685
9.57 272.69769 95.213811 45719.33 -60201.2 5210.34 -65411.6 26675.401
9.58 273.32194 64.103831 46028.154 -59805.9 5222.27 -65028.2 26786.873
9.59 260.02279 -704.04595 45847.663 -60158.9 4968.17 -65127.1 26754.495
9.6 266.14156 -254.92494 45589.012 -60407.6 5085.08 -65492.7 26721.348
9.61 270.20339 -311.76128 45716.576 -60149.6 5162.68 -65312.3 26810.278
9.62 272.67987 341.16348 45636.76 -59945.5 5210 -65155.5 26767.681
9.63 274.14623 54.676697 45483.616 -60333.8 5238.02 -65571.8 26769.82
9.64 275.69312 54.497471 45766.798 -59931.8 5267.57 -65199.4 26899.676
9.65 270.45785 -831.52504 45887.425 -60144.8 5167.55 -65312.4 26968.548
9.66 275.24385 -412.17714 46126.517 -60360.2 5258.99 -65619.1 27093.843
9.67 274.25788 -1213.7266 46232.755 -60056.7 5240.15 -65296.9 27153.221
9.68 279.68559 474.06152 45630.097 -60097.4 5343.86 -65441.3 26978.831
9.69 277.20303 403.16662 45717.081 -60258.2 5296.42 -65554.6 27023.482
9.7 273.9413 -160.67297 45871.815 -60014.7 5234.1 -65248.8 27113.267
9.71 275.94869 -60.54497 45597.046 -60198.4 5272.46 -65470.8 27058.223
9.72 276.61769 37.028161 45563.412 -59712.2 5285.24 -64997.5 27040.625
9.73 277.54483 -216.43966 45945.768 -59938 5302.95 -65240.9 27241.322
9.74 269.9814 880.65774 45403.156 -60396.8 5158.44 -65555.3 27051.485
9.75 272.7848 -833.77268 46081.876 -60108.7 5212.01 -65320.7 27338.277
9.76 270.90862 -293.37236 45881.245 -60073.5 5176.16 -65249.6 27266.266
9.77 271.43891 67.393568 45490.941 -60206.5 5186.29 -65392.8 27183.644
9.78 277.55255 114.59344 45850.234 -59867 5303.1 -65170.1 27375.16
9.79 271.43238 238.53064 45522.35 -60111.2 5186.17 -65297.4 27259.633
9.8 285.79511 410.01009 46082.528 -59721.2 5460.59 -65181.8 27507.541
9.81 280.24985 46.443192 45768.837 -60134.4 5354.64 -65489 27380.741
9.82 280.64104 -837.37618 46320.976 -59776 5362.11 -65138.1 27593.23
9.83 267.21976 160.86639 45661.852 -60127.8 5105.68 -65233.4 27358.792
9.84 264.99495 -164.40805 45844.165 -60314.3 5063.17 -65377.4 27462.18
9.85 272.97471 131.02689 45622.334 -59951 5215.63 -65166.6 27422.285
9.86 273.64996 -524.82993 45851.295 -60062.6 5228.54 -65291.2 27571.554
9.87 279.7798 855.09907 45556.896 -59875 5345.66 -65220.7 27486.781
9.88 270.7313 159.23952 45635.639 -60231.2 5172.77 -65403.9 27569.173
9.89 274.45937 -661.97271 46187.722 -59756.6 5244 -65000.6 27852.49
9.9 269.01655 512.98968 45508.333 -60258.5 5140.01 -65398.5 27602.299
9.91 280.86118 863.50237 45680.399 -59818.1 5366.32 -65184.5 27710.864
9.92 273.67885 -327.90146 45856.947 -60072.2 5229.09 -65301.3 27751.219
9.93 270.29097 -52.243338 45539.018 -60297.7 5164.36 -65462 27618.96
9.94 273.2855 -38.683013 45849.126 -60124.5 5221.57 -65346 27733.086
9.95 283.21649 355.47505 45737.579 -60094.2 5411.32 -65505.5 27734.386
9.96 279.36983 327.33069 45727.846 -59765 5337.82 -65102.8 27756.878
9.97 286.65172 416.42411 45498.794 -59870.8 5476.96 -65347.7 27691.301
9.98 267.37272 703.42228 45863.962 -60039.7 5108.6 -65148.3 27876.92
