0 267.67052 -303.92402 21658.926 -29740.5 2400.24 -32140.7 5.5077482
0.01 263.05814 389.05887 21784.417 -29583.6 2358.88 -31942.5 17.960163
0.02 258.88853 611.29257 21605.067 -29770.9 2321.49 -32092.4 30.06134
0.03 267.13281 -382.10085 21793.23 -29699.1 2395.42 -32094.5 42.963147
0.04 258.76421 -266.48278 21915.152 -29827.9 2320.38 -32148.3 57.853924
0.05 274.51493 34.194848 21842.541 -29785.1 2461.62 -32246.8 67.476405
0.06 282.88851 424.6496 21596.264 -29447.2 2536.71 -31984 81.625781
0.07 292.06672 189.23654 21805.088 -29187.6 2619.01 -31806.6 91.602336
0.08 272.0021 -271.2383 21818.193 -29389.4 2439.09 -31828.5 102.62812
0.09 271.31494 -279.33324 21929.39 -29796.2 2432.92 -32229.1 118.31997
0.1 267.70303 -31.004456 21823.296 -29599.4 2400.54 -31999.9 129.75378
0.11 276.07265 -737.54448 21991.952 -29684.2 2475.59 -32159.8 141.55757
0.12 280.60097 597.5398 21676.202 -29416.3 2516.19 -31932.5 150.7053
0.13 278.51304 -481.16656 21829.393 -29504.3 2497.47 -32001.8 166.16862
0.14 279.47493 -391.55981 21883.2 -29368.9 2506.1 -31875 174.20079
0.15 268.60096 171.73393 21774.43 -29525.3 2408.59 -31933.9 180.68186
0.16 259.08539 -616.41283 22020.996 -29524.1 2323.26 -31847.3 193.06119
0.17 274.8303 305.72875 21690.68 -29683.3 2464.45 -32147.8 199.72177
0.18 273.6828 -439.88254 21880.242 -29595.2 2454.16 -32049.4 209.79269
0.19 276.27999 333.54562 21644.04 -29270.1 2477.45 -31747.5 213.733
0.2 284.94527 62.957428 21764.061 -29091.6 2555.15 -31646.8 233.00476
0.21 261.63323 -215.57106 21734.855 -29406.4 2346.11 -31752.5 241.65037
0.22 278.18615 407.12369 21797.753 -29255.3 2494.54 -31749.9 259.55511
0.23 261.4869 -211.84637 21853.687 -29226.5 2344.79 -31571.3 273.35933
0.24 273.69491 123.34639 21774.332 -29526.6 2454.27 -31980.9 284.98923
0.25 281.60187 66.850653 21694.506 -29421.9 2525.17 -31947.1 297.25468
0.26 282.64313 89.638757 21637.223 -29485.8 2534.51 -32020.3 309.75377
0.27 266.99526 332.59337 21659.99 -29644.6 2394.19 -32038.8 313.09144
0.28 285.66068 517.09788 21686.05 -29298.6 2561.56 -31860.1 321.9689
0.29 278.43342 389.3651 21740.974 -29750 2496.76 -32246.8 334.69939
0.3 255.33264 233.82438 21553.352 -30179.3 2289.61 -32468.9 340.49381
0.31 272.73859 -135.62398 21795.854 -29909.4 2445.69 -32355.1 349.03814
0.32 275.93018 351.17106 21844 -30142.5 2474.31 -32616.8 352.64851
0.33 276.65756 -270.46678 21974.857 -30271.4 2480.83 -32752.3 360.43193
0.34 275.17346 516.86724 21797.835 -30043.5 2467.52 -32511 366.98116
0.35 279.97694 -351.3914 21984.218 -29935.8 2510.6 -32446.4 377.59744
0.36 277.56127 299.70374 21753.379 -29761 2488.94 -32249.9 379.67798
0.37 270.00622 -86.422345 21842.343 -29964.4 2421.19 -32385.6 386.78033
0.38 264.19025 513.62612 21821.83 -30233.1 2369.04 -32602.2 391.34652
0.39 281.58669 -281.78478 21922.443 -30343.8 2525.03 -32868.8 408.13125
0.4 276.4754 -170.45521 21984.411 -29912.9 2479.2 -32392.1 416.92105
0.41 277.14767 -146.60045 21835.029 -30146.1 2485.23 -32631.3 424.52325
0.42 270.55092 514.2626 21649.168 -30025.3 2426.07 -32451.4 431.61699
0.43 281.82659 309.42392 21766.271 -29838.5 2527.18 -32365.7 436.79547
0.44 284.20213 176.70568 21894.833 -30045.3 2548.49 -32593.8 439.11824
0.45 279.65047 -241.20223 21919.809 -29976 2507.67 -32483.7 445.06982
0.46 267.35865 -378.98492 21985.244 -30060.3 2397.45 -32457.8 455.60903
0.47 281.17786 1199.007 21814.678 -29862.4 2521.37 -32383.8 465.99602
0.48 266.99448 310.19023 21759.965 -29978.1 2394.18 -32372.3 469.17933
0.49 272.71899 547.52112 21664 -30119 2445.51 -32564.5 471.68658
0.5 284.291 -53.646435 21861.059 -29724.6 2549.28 -32273.9 482.01094
0.51 277.84939 269.43243 21738.634 -29799.9 2491.52 -32291.5 485.45419
0.52 274.87776 -97.677004 21931.767 -30003.6 2464.87 -32468.4 507.3555
0.53 277.10903 -44.236489 21932.774 -29823.9 2484.88 -32308.8 524.82936
0.54 265.42813 -793.09079 21921.729 -29967.2 2380.14 -32347.3 524.344
0.55 294.33785 226.70461 21744.619 -29696.7 2639.37 -32336.1 523.45678
0.56 272.60907 -731.04543 21785.029 -29749.9 2444.53 -32194.5 542.7558
0.57 264.60028 -245.20232 21835.892 -29721.3 2372.71 -32094 563.30232
0.58 265.14099 759.41635 21663.035 -29437 2377.56 -31814.6 564.2738
0.59 282.30341 73.501527 21846.171 -29395.4 2531.46 -31926.9 584.21209
0.6 273.06834 -237.03601 21897.379 -29541.5 2448.65 -31990.2 595.89656
0.61 273.863 -280.51331 21867.91 -29446.2 2455.77 -31902 610.64612
0.62 259.91333 -84.1821 21664.528 -29705.2 2330.68 -32035.8 614.88514
0.63 274.19466 114.3417 21948.809 -29518.4 2458.75 -31977.2 621.59541
0.64 264.25864 251.17802 21605.794 -29792.6 2369.65 -32162.3 624.54321
0.65 292.46249 143.18799 21788.726 -29765.1 2622.56 -32387.7 637.26254
0.66 282.02372 -89.951597 21810.027 -29707.9 2528.95 -32236.9 636.32302
0.67 284.34402 -706.2938 21892.778 -29766.9 2549.76 -32316.6 652.90941
0.68 259.85047 -141.13238 21728.445 -29814.1 2330.12 -32144.3 668.3284
0.69 261.67953 604.13117 21873.159 -30089.6 2346.52 -32436.1 673.32602
0.7 283.34896 -169.91362 21699.736 -29745.1 2540.84 -32286 680.30933
0.71 268.63479 289.61542 21766.194 -29940.2 2408.89 -32349.1 684.64362
0.72 277.9247 152.28781 21787.088 -29899.2 2492.19 -32391.4 693.76791
0.73 266.79389 -404.37449 21970.354 -29991.1 2392.38 -32383.5 707.201
0.74 280.71619 1109.3157 21607.109 -29724.4 2517.23 -32241.7 708.4635
0.75 274.28133 300.07596 21912.623 -29755.3 2459.52 -32214.8 719.0126
0.76 277.78914 -730.78713 21758.45 -29815.6 2490.98 -32306.6 725.99581
0.77 270.66695 467.24848 21782.508 -29532.6 2427.11 -31959.8 734.35038
0.78 282.01578 -174.77413 22040.462 -29221 2528.88 -31749.8 751.73979
0.79 279.58228 -514.74319 21850.713 -29320.7 2507.06 -31827.7 757.76146
0.8 287.87487 -718.63608 21830.673 -29414.5 2581.42 -31995.9 760.38774
0.81 281.91161 -282.06545 21593.126 -29503 2527.95 -32031 766.56457
0.82 278.99394 -202.11505 21829.627 -29670.3 2501.78 -32172.1 783.43042
0.83 280.835 -702.19529 21848.856 -29431.1 2518.29 -31949.4 795.3712
0.84 266.18949 -55.753151 21718.877 -29254.7 2386.96 -31641.7 806.20011
0.85 267.6668 287.48699 21804.433 -29014.6 2400.21 -31414.8 806.85288
0.86 281.18453 -588.91798 21714.833 -28845 2521.43 -31366.4 819.63511
0.87 260.05815 553.83249 21608.189 -28918.8 2331.98 -31250.7 831.94291
0.88 273.43041 825.05879 21486.948 -28774.9 2451.89 -31226.8 841.6874
0.89 270.50281 1097.7864 21556.875 -28260.5 2425.64 -30686.2 862.72509
0.9 282.35014 53.74179 21622.393 -28080.7 2531.88 -30612.6 888.98672
0.91 270.87337 583.21663 21365.825 -28156.5 2428.96 -30585.5 925.84584
0.92 269.54828 -866.89806 21751.557 -28419.3 2417.08 -30836.4 982.36099
0.93 279.69284 359.30383 21104.657 -28255 2508.05 -30763.1 987.09351
0.94 282.44764 -114.25215 21492.34 -28289.9 2532.75 -30822.6 1024.0305
0.95 270.26327 -485.09011 21498.401 -28250 2423.49 -30673.5 1040.5983
0.96 270.97107 -203.06034 21602.32 -28186.6 2429.84 -30616.4 1083.1281
0.97 282.18796 -201.0888 21815.49 -28083 2530.42 -30613.4 1122.3698
0.98 269.47234 810.32553 21406.582 -28391.8 2416.4 -30808.2 1148.9493
0.99 279.64983 87.298077 21528.054 -28222.5 2507.66 -30730.2 1185.5693
1 260.25193 119.17109 21479.268 -28447.3 2333.72 -30781 1217.3651
1.01 272.9672 -458.80139 21623.552 -28203.1 2447.74 -30650.9 1240.9054
1.02 263.5354 -235.53975 21585.972 -28365.5 2363.16 -30728.7 1266.3476
1.03 294.48697 41.310997 21599.056 -28086.4 2640.71 -30727.1 1291.872
1.04 281.95322 376.14522 21324.241 -28273.6 2528.32 -30802 1319.6616
1.05 282.98826 294.61223 21678.954 -28056.4 2537.6 -30594 1376.508
1.06 267.8821 130.02884 21560.28 -28346.5 2402.14 -30748.7 1386.0343
1.07 272.37874 -296.88813 21557.766 -28130.9 2442.46 -30573.3 1418.5477
1.08 273.99214 459.85951 21454.421 -28312.7 2456.93 -30769.6 1439.6543
1.09 269.99048 396.00238 21522.486 -28074.7 2421.05 -30495.8 1466.6977
1.1 256.48627 -577.27733 21449.15 -28367.7 2299.95 -30667.7 1484.4263
1.11 285.57376 -561.7069 21661.38 -28069.2 2560.79 -30630 1521.4688
1.12 278.19345 471.20715 21556.809 -28265.7 2494.6 -30760.3 1557.2555
1.13 264.83317 10.457422 21667.214 -28192.8 2374.8 -30567.6 1598.7036
1.14 280.73978 885.00187 21362.836 -28226.4 2517.44 -30743.9 1609.2256
1.15 273.5619 -209.09192 21674.275 -28320.9 2453.07 -30773.9 1649.4177
1.16 279.12499 -295.54938 21448.198 -28088 2502.96 -30590.9 1651.2324
1.17 267.85141 28.163145 21440.397 -28519.8 2401.87 -30921.7 1683.28
1.18 279.24507 -503.00546 21464.67 -28315.4 2504.03 -30819.4 1704.2273
1.19 261.04023 -78.857298 21450.131 -28391.2 2340.79 -30732 1752.0077
1.2 285.24786 934.90988 21256.964 -28195.3 2557.86 -30753.2 1785.8799
1.21 275.27426 -428.68505 21651.547 -28155.9 2468.43 -30624.4 1823.1437
1.22 267.79219 -330.45532 21582.56 -28167.3 2401.34 -30568.6 1853.3039
1.23 265.53162 -96.129791 21633.06 -28293.6 2381.06 -30674.7 1906.7921
1.24 276.79496 -399.59186 21549.276 -27966.6 2482.06 -30448.7 1946.4458
1.25 282.18657 -240.63178 21501.46 -28357.6 2530.41 -30888 1965.2679
1.26 271.00752 -584.36988 21549.187 -28153.1 2430.17 -30583.2 1974.8451
1.27 271.88292 -372.81801 21378.466 -28251.4 2438.02 -30689.4 2008.4937
1.28 284.41769 -630.13816 21463.094 -28094.9 2550.42 -30645.3 2040.7295
1.29 261.79111 673.121 21192.152 -28418 2347.52 -30765.5 2047.2251
1.3 279.70652 -168.70807 21455.808 -28132 2508.17 -30640.2 2086.5962
1.31 256.45944 637.4354 21367.15 -28377.8 2299.71 -30677.5 2106.804
1.32 272.2673 -82.635827 21551.602 -28258.1 2441.46 -30699.6 2158.3368
1.33 267.04694 145.25498 21422.521 -28294.4 2394.65 -30689.1 2186.1934
1.34 266.87709 886.43403 21440.23 -28126.7 2393.13 -30519.8 2206.7123
1.35 273.39715 22.24118 21465.839 -28116.3 2451.6 -30567.9 2280.1355
1.36 284.75028 -676.44868 21563.921 -27891.1 2553.4 -30444.5 2298.0049
1.37 279.00581 -138.85881 21618.946 -28109.2 2501.89 -30611.1 2319.0269
1.38 268.17032 -244.63303 21269.7 -28408.7 2404.73 -30813.4 2339.8446
1.39 279.89356 -172.16333 21537.846 -28163.5 2509.85 -30673.3 2359.8501
1.4 265.65425 290.27958 21250.45 -28364.7 2382.16 -30746.9 2382.9524
1.41 267.58804 -29.371913 21547.502 -28151.9 2399.5 -30551.4 2433.6107
1.42 271.5151 -122.85764 21425.723 -28277 2434.72 -30711.8 2443.506
1.43 269.39798 675.86999 21077.361 -28389.5 2415.73 -30805.2 2440.4067
1.44 274.46257 -698.68921 21729.41 -28164.8 2461.15 -30626 2508.4326
1.45 266.00229 -341.83941 21572.329 -28347.4 2385.28 -30732.7 2517.3604
1.46 274.10818 292.705 21467.283 -28164.4 2457.97 -30622.4 2539.712
1.47 264.76949 -326.1367 21379.381 -28170.6 2374.23 -30544.8 2562.6558
1.48 266.5746 -76.00521 21539.526 -28288.2 2390.42 -30678.6 2583.0413
1.49 270.44798 65.669212 21392.245 -28185.3 2425.15 -30610.4 2600.1944
1.5 271.11421 875.76419 21533.686 -28108.7 2431.12 -30539.8 2658.0613
1.51 274.18288 -549.66811 21661.686 -28070.9 2458.64 -30529.5 2693.4927
1.52 257.91395 -423.61083 21693.153 -28227.1 2312.76 -30539.9 2724.8321
1.53 265.83072 -639.25052 21562.007 -28439.2 2383.75 -30823 2754.6128
1.54 268.74664 -275.84797 21663.415 -28178.7 2409.89 -30588.6 2777.3763
1.55 265.82385 -308.12312 21580.133 -28383.8 2383.68 -30767.5 2782.5722
1.56 278.2533 348.79363 21440.844 -28300.1 2495.14 -30795.2 2791.3425
1.57 275.70629 479.15246 21353.809 -28134.5 2472.3 -30606.8 2806.8964
1.58 280.38712 -619.31343 21493.595 -28168.4 2514.28 -30682.7 2825.8281
1.59 287.92096 114.33303 21466.106 -28061.3 2581.83 -30643.1 2847.0626
1.6 260.80707 -174.27781 21510.09 -28341.6 2338.7 -30680.3 2865.753
1.61 286.97545 -1198.962 21624.292 -28061.7 2573.35 -30635.1 2898.121
1.62 266.45179 473.68728 21347.503 -28196.6 2389.32 -30586 2886.895
1.63 265.04325 -398.11532 21685.122 -28419.8 2376.68 -30796.5 2958.8381
1.64 279.09337 63.101913 21512.857 -28199.2 2502.67 -30701.9 2988.3572
1.65 266.55127 -716.8534 21331.428 -28253.9 2390.21 -30644.1 3021.5375
1.66 283.68664 -104.58463 21638.022 -27906.3 2543.86 -30450.2 3106.6566
1.67 275.11074 -782.11441 21649.544 -28094.4 2466.96 -30561.3 3123.7225
1.68 271.80778 942.26071 21470.317 -28225.3 2437.34 -30662.6 3114.2654
1.69 276.06655 278.50052 21319.498 -28299.5 2475.53 -30775 3119.12
1.7 273.55909 351.94377 21487.448 -28281.3 2453.05 -30734.4 3142.4994
1.71 280.63993 545.23643 21418.062 -28101.4 2516.54 -30617.9 3164.2417
1.72 284.1433 -1204.2535 21567.011 -28054 2547.96 -30602 3224.2915
1.73 268.23357 491.96131 21348.602 -28372.5 2405.29 -30777.8 3232.7577
1.74 276.65719 -187.49277 21317.975 -28140.2 2480.83 -30621.1 3247.99
1.75 280.61992 -635.56913 21574.236 -28099.7 2516.36 -30616.1 3301.2737
1.76 276.92942 -551.46987 21653.479 -28257.6 2483.27 -30740.9 3339.2945
1.77 267.06909 222.7821 21484.179 -28253.4 2394.85 -30648.3 3336.5565
1.78 272.65878 3.7717877 21493.184 -28204.5 2444.97 -30649.5 3348.9319
1.79 281.83131 -423.43025 21591.004 -28490.5 2527.23 -31017.7 3385.6148
1.8 293.46686 368.5726 21502.179 -28061.5 2631.56 -30693.1 3410.6066
1.81 271.15987 369.62964 21217.59 -28407.6 2431.53 -30839.1 3399.3745
1.82 282.12584 458.01733 21549.404 -28142.8 2529.87 -30672.7 3465.0131
1.83 285.55274 -39.098082 21613.847 -28251 2560.6 -30811.6 3484.2766
1.84 281.83117 -88.520897 21484.194 -28404.9 2527.22 -30932.1 3493.1941
1.85 261.68018 212.46108 21585.013 -28523.5 2346.53 -30870 3542.3159
1.86 269.04036 49.151262 21500.343 -28374.8 2412.53 -30787.3 3549.8464
1.87 273.08045 67.218492 21539.477 -28144.4 2448.76 -30593.2 3589.3981
1.88 258.6416 1028.845 21427.977 -28232.7 2319.28 -30552 3634.5053
1.89 267.15734 -415.60016 21583.395 -28294.5 2395.64 -30690.1 3671.8936
1.9 264.39691 92.831566 21494.174 -28248.3 2370.89 -30619.2 3684.3658
1.91 277.61828 -56.30539 21413.66 -28343.3 2489.45 -30832.7 3701.2148
1.92 275.14521 -1096.9275 21687.064 -28162.6 2467.27 -30629.8 3765.6502
1.93 284.91082 -747.8428 21416.638 -28094.6 2554.84 -30649.4 3761.5409
1.94 261.34918 122.92398 21542.531 -28423.8 2343.56 -30767.3 3818.8347
1.95 283.29869 -554.81784 21530.093 -28232.9 2540.38 -30773.2 3850.7325
1.96 258.68375 802.90678 21419.67 -28602.5 2319.66 -30922.2 3881.1028
1.97 272.28803 -43.599975 21685.152 -28260.3 2441.65 -30702 3945.0589
1.98 266.86987 -453.62842 21574.94 -28458.1 2393.06 -30851.1 3944.281
1.99 285.14666 809.05897 21470.752 -28088.5 2556.96 -30645.4 3953.3969
2 263.88328 -384.48933 21501.015 -28215.8 2366.28 -30582.1 3982.352
2.01 271.69935 263.87761 21309.95 -28361 2436.37 -30797.4 4005.3665
2.02 278.0378 -423.65214 21609.889 -28270.3 2493.21 -30763.5 4065.2355
2.03 273.23605 -570.43415 21504.845 -28196.6 2450.15 -30646.7 4067.2123
2.04 277.48251 488.27146 21452.656 -28127.1 2488.23 -30615.4 4069.9395
2.05 274.50529 -90.721254 21392.867 -28354.9 2461.53 -30816.5 4076.7433
2.06 270.90316 154.14028 21506.804 -28312.6 2429.23 -30741.9 4083.7172
2.07 264.20276 -297.38556 21432.286 -28351.5 2369.15 -30720.6 4099.2831
2.08 276.19842 -422.14515 21607.718 -28216 2476.72 -30692.7 4131.2094
2.09 274.19889 176.30861 21342.717 -28388.2 2458.79 -30847 4120.9567
2.1 287.66817 315.27392 21551.776 -28069.9 2579.57 -30649.4 4146.089
2.11 270.7124 261.34583 21504.791 -28294.4 2427.52 -30721.9 4155.5075
2.12 267.89254 -118.11454 21339.73 -28222.7 2402.23 -30624.9 4167.0377
2.13 275.19564 -597.75223 21483.65 -28126.9 2467.72 -30594.6 4206.5879
2.14 273.83563 -494.5063 21653.838 -28176.7 2455.53 -30632.2 4247.3305
2.15 274.74785 -154.39535 21514.783 -28158 2463.71 -30621.7 4256.4551
2.16 280.24385 346.63008 21495.139 -28221 2512.99 -30734 4276.3117
2.17 283.79922 -94.368274 21514.935 -28278.4 2544.87 -30823.3 4299.6288
2.18 274.17766 61.425439 21521.003 -28352.9 2458.59 -30811.5 4321.2313
2.19 274.39324 852.78157 21286.451 -28247.9 2460.53 -30708.4 4320.3085
2.2 275.13971 57.720541 21477.165 -28177.7 2467.22 -30644.9 4379.492
2.21 276.29396 52.683555 21470.199 -28311.9 2477.57 -30789.5 4412.0283
2.22 292.05355 356.22081 21340.321 -28137.9 2618.89 -30756.8 4405.7002
2.23 272.01943 232.22661 21539.843 -28245.8 2439.24 -30685 4447.4746
2.24 267.99538 -212.17698 21440.937 -28213.5 2403.16 -30616.6 4466.3053
2.25 264.50994 289.01894 21295.854 -28415.8 2371.9 -30787.7 4484.6225
2.26 291.40642 425.69734 21504.361 -27976.1 2613.09 -30589.2 4528.1898
2.27 281.33201 -201.61336 21338.857 -28137.6 2522.75 -30660.4 4514.2238
2.28 275.92385 85.39335 21521.452 -28190.2 2474.25 -30664.5 4581.7904
2.29 264.59468 729.81149 21438.189 -28261.6 2372.66 -30634.3 4573.889
2.3 285.21611 121.78146 21747.884 -28241.7 2557.58 -30799.2 4640.7811
2.31 275.50415 99.397089 21375.655 -28185.4 2470.49 -30655.9 4604.4038
2.32 276.11248 313.88754 21572.256 -28224.7 2475.94 -30700.7 4646.3121
2.33 280.51288 -412.58264 21647.452 -28065.5 2515.4 -30580.9 4692.824
2.34 282.01586 1245.7765 21241.346 -28064 2528.88 -30592.8 4688.5945
2.35 269.81764 690.6552 21587.813 -28264.7 2419.5 -30684.2 4762.3358
2.36 269.51305 139.22111 21456.374 -28364.5 2416.77 -30781.2 4760.1144
2.37 290.87725 197.5901 21388.599 -28210.4 2608.34 -30818.7 4775.9962
2.38 270.89369 457.55038 21344.209 -28107.1 2429.15 -30536.2 4830.5647
2.39 278.45246 757.32881 21370.825 -28263.8 2496.93 -30760.8 4844.6277
2.4 298.12157 653.6297 21371.665 -27897.7 2673.3 -30571 4870.5657
2.41 275.57407 -744.89317 21719.693 -28238.1 2471.12 -30709.2 4946.9644
2.42 281.59274 559.08749 21416.242 -28082.4 2525.09 -30607.5 4952.8542
2.43 272.93313 121.11045 21411.885 -28270.8 2447.43 -30718.2 4981.2715
2.44 282.72704 227.48362 21516.869 -28196.1 2535.26 -30731.4 5037.7235
2.45 289.24442 731.51615 21231.693 -28214.1 2593.7 -30807.8 5022.3022
2.46 269.50214 -439.98726 21663.241 -28148.7 2416.67 -30565.4 5084.5905
2.47 258.90583 52.17143 21497.914 -28403.6 2321.65 -30725.2 5090.2169
2.48 272.93266 -174.59337 21382.766 -28188.7 2447.43 -30636.1 5080.9125
2.49 256.28795 505.12077 21308.621 -28354.3 2298.17 -30652.5 5129.6434
2.5 280.61936 17.172732 21585.487 -28237.3 2516.36 -30753.7 5215.8893
2.51 263.21523 216.73985 21556.019 -28406.9 2360.29 -30767.2 5235.6957
2.52 272.59222 108.28738 21449.887 -28290.3 2444.38 -30734.7 5236.6202
2.53 269.79551 224.16879 21477.973 -28218.4 2419.3 -30637.7 5250.5848
2.54 271.30769 -81.620444 21551.735 -28214.4 2432.86 -30647.3 5275.1
2.55 282.48631 428.62183 21376.37 -28228.3 2533.1 -30761.4 5249.397
2.56 265.70143 -713.95497 21458.982 -28448.6 2382.59 -30831.2 5256.113
2.57 271.85172 773.39032 21312.02 -28273.9 2437.74 -30711.6 5286.2615
2.58 279.71515 365.96747 21422.876 -28105.4 2508.25 -30613.7 5327.4428
2.59 283.29191 103.60915 21646.312 -28125.2 2540.32 -30665.6 5393.2101
2.6 282.3479 119.51165 21450.424 -28325.9 2531.86 -30857.8 5416.1264
2.61 283.71972 -496.42837 21751.628 -28060.1 2544.16 -30604.3 5491.2504
2.62 270.94737 -502.97009 21639.735 -28186.4 2429.63 -30616 5482.8703
2.63 261.66521 82.140505 21444.917 -28332.2 2346.39 -30678.6 5456.9658
2.64 262.73698 -325.56289 21515.257 -28364.6 2356 -30720.6 5514.8392
2.65 281.60145 -230.65656 21573.126 -28177.6 2525.16 -30702.8 5574.9904
2.66 269.21564 116.05588 21351.605 -28337.2 2414.1 -30751.3 5568.5258
2.67 267.57793 683.39802 21316.373 -28188 2399.41 -30587.4 5595.7733
2.68 279.21883 -10.787634 21455.366 -28135 2503.8 -30638.8 5658.5711
2.69 261.15596 487.57417 21462.651 -28335.6 2341.83 -30677.4 5687.8897
2.7 268.10511 -298.82519 21468.656 -28197 2404.14 -30601.1 5715.9575
2.71 275.35369 106.57755 21395.35 -28205.5 2469.14 -30674.6 5728.3707
2.72 252.25158 -383.30001 21537.101 -28373.5 2261.98 -30635.5 5787.0384
2.73 269.50931 542.89747 21431.254 -28366.6 2416.73 -30783.3 5806.5012
2.74 269.69369 -369.89131 21464.499 -28284.5 2418.39 -30702.8 5870.402
2.75 270.67634 218.11385 21662.849 -28206.1 2427.2 -30633.3 5944.7982
2.76 272.95285 332.25223 21380.518 -28200.4 2447.61 -30648 5888.3139
2.77 274.66528 -231.11472 21348.307 -28102.3 2462.97 -30565.3 5894.2996
2.78 272.06625 700.24264 21407.039 -28395.9 2439.66 -30835.6 5928.4365
2.79 269.20343 -293.95528 21573.328 -28324.5 2413.99 -30738.5 6008.4051
2.8 285.67597 -1259.7604 21683.342 -28105.8 2561.7 -30667.5 6033.8991
2.81 266.06417 -391.97838 21585.345 -28296.9 2385.84 -30682.7 6031.6423
2.82 283.84694 -486.18387 21742.387 -28136.9 2545.3 -30682.2 6088.6897
2.83 263.63258 -922.90726 21543.038 -28502.4 2364.04 -30866.4 6072.7251
2.84 274.0477 606.92484 21481.976 -28261.5 2457.43 -30719 6081.3151
2.85 292.5749 -213.00836 21476.439 -28122.8 2623.57 -30746.3 6076.9805
2.86 265.49409 574.73154 21280.12 -28293.7 2380.73 -30674.4 6079.1345
2.87 278.90491 -158.6126 21568.771 -28194.2 2500.98 -30695.2 6155.8957
2.88 273.60513 -204.0272 21649.159 -28059.9 2453.46 -30513.4 6195.4792
2.89 278.85869 -344.85007 21462.363 -28243.9 2500.57 -30744.4 6197.7777
2.9 260.97416 -895.16313 21788.469 -28192.2 2340.2 -30532.3 6302.1331
2.91 268.47555 -31.544092 21555.299 -28180.6 2407.46 -30588.1 6285.0198
2.92 278.87995 674.34668 21544.857 -28246.2 2500.76 -30746.9 6295.0274
2.93 275.04687 651.30912 21495.473 -28187.7 2466.39 -30654.1 6328.9934
2.94 276.67838 287.54535 21394.746 -28254.6 2481.02 -30735.6 6334.3535
2.95 268.32517 575.97479 21401.509 -28216.9 2406.11 -30623 6363.5746
2.96 261.49243 -1100.8327 21566.728 -28346.6 2344.84 -30691.5 6413.0393
2.97 278.16052 -654.76352 21692.202 -28111.6 2494.31 -30605.9 6490.7608
2.98 274.12949 228.55654 21550.486 -28292.7 2458.16 -30750.9 6495.9332
2.99 279.05971 316.96238 21422.61 -28220.8 2502.37 -30723.2 6542.8076
3 272.53521 -1460.4013 21506.783 -28189.6 2443.87 -30633.4 6593.9883
3.01 276.28474 1313.5846 21336.749 -28145.3 2477.49 -30622.8 6589.7021
3.02 275.32219 420.02504 21565.573 -28075.3 2468.86 -30544.2 6650.5148
3.03 275.44362 -785.38173 21583.358 -28202.8 2469.95 -30672.8 6668.1285
3.04 259.95544 606.5115 21322.632 -28399.8 2331.06 -30730.8 6672.8473
3.05 282.93294 114.08209 21418.171 -28209.3 2537.1 -30746.4 6700.9307
3.06 273.00608 -479.41446 21449.298 -28370.2 2448.09 -30818.3 6762.8228
3.07 284.22979 4.1103774 21573.357 -28162.1 2548.73 -30710.9 6825.573
3.08 272.62345 -528.1856 21642.927 -28178.2 2444.66 -30622.8 6865.2431
3.09 273.39975 -125.63257 21487.332 -28107.2 2451.62 -30558.8 6831.8591
3.1 272.78178 -423.33996 21389.585 -28307.4 2446.08 -30753.5 6842.2481
3.11 274.93375 -455.69977 21492.729 -28158.2 2465.37 -30623.6 6882.905
3.12 271.73519 20.398175 21469.187 -28152.5 2436.69 -30589.2 6901.1377
3.13 268.98986 264.89741 21420.171 -28435.6 2412.07 -30847.6 6954.7383
3.14 274.93948 -520.02615 21438.352 -28202.9 2465.43 -30668.3 7012.6528
3.15 270.06156 -395.54035 21575.416 -28345.5 2421.68 -30767.1 7070.2974
3.16 263.69394 -122.3484 21392.744 -28222.3 2364.59 -30586.9 7036.0606
3.17 288.73745 -471.37835 21646.369 -27990.6 2589.15 -30579.8 7128.9141
3.18 279.50649 -389.46853 21438.789 -28165.8 2506.38 -30672.2 7110.7878
3.19 269.60014 162.82804 21445.713 -28382.6 2417.55 -30800.1 7099.8223
3.2 278.48153 -442.85015 21679.401 -28238.2 2497.19 -30735.4 7197.0975
3.21 283.38309 361.26913 21588.92 -28157.9 2541.14 -30699 7230.2788
3.22 275.33366 -65.993841 21520.246 -28033.9 2468.96 -30502.8 7239.7607
3.23 272.66286 -664.45634 21671.586 -28444.7 2445.01 -30889.8 7311.5284
3.24 273.62193 234.95123 21474.181 -28311 2453.61 -30764.6 7284.6379
3.25 278.71647 98.907613 21343.449 -28095.6 2499.29 -30594.9 7323.9449
3.26 280.04486 -665.50367 21594.367 -28223.2 2511.21 -30734.4 7410.7902
3.27 268.03982 -1120.3149 21770.667 -28232.9 2403.56 -30636.5 7479.8859
3.28 279.22476 -341.19642 21402.747 -28251.2 2503.85 -30755 7426.8896
3.29 281.28228 -499.18002 21453.809 -28266.4 2522.3 -30788.7 7505.4558
3.3 258.54214 89.697713 21531.759 -28353.2 2318.39 -30671.6 7527.7567
3.31 282.5233 -639.772 21587.963 -28194.5 2533.43 -30727.9 7585.8997
3.32 275.00372 157.39292 21367.904 -28377.9 2466 -30843.9 7529.9579
3.33 292.57592 777.77334 21206.554 -28134.9 2623.57 -30758.5 7530.4197
3.34 274.56507 610.52215 21484.458 -28207.2 2462.07 -30669.2 7634.466
3.35 277.79145 105.97432 21380.966 -28164.2 2491 -30655.2 7657.1017
3.36 268.17903 260.66848 21491.48 -28232.8 2404.8 -30637.6 7738.1795
3.37 277.02971 438.46558 21464.631 -28208.8 2484.17 -30692.9 7776.5797
3.38 260.81888 -75.291963 21540.169 -28538.5 2338.8 -30877.3 7827.8589
3.39 263.08785 -364.431 21621.435 -28225.1 2359.15 -30584.2 7882.169
3.4 259.62738 347.0675 21422.628 -28270.8 2328.12 -30598.9 7857.8312
3.41 281.26621 -591.50127 21563.615 -28244.3 2522.16 -30766.4 7962.2322
3.42 258.37087 -117.38154 21389.61 -28265.1 2316.85 -30582 7964.5206
3.43 272.6533 296.61425 21337.651 -28204 2444.93 -30648.9 7992.5081
3.44 264.25089 -134.13376 21406.801 -28389 2369.58 -30758.6 8038.5933
3.45 272.46772 -617.42852 21674.1 -28175.2 2443.26 -30618.5 8150.9659
3.46 270.24797 -505.04189 21593.918 -28397.1 2423.36 -30820.4 8170.8153
3.47 286.09904 -146.73584 21425.414 -28038.7 2565.5 -30604.2 8199.8806
3.48 265.69937 844.93298 21420.792 -28190.1 2382.57 -30572.6 8212.3538
3.49 265.59736 218.53455 21544.035 -28191.6 2381.65 -30573.3 8307.01
3.5 272.89685 -267.12145 21607.318 -28065.7 2447.11 -30512.8 8345.8672
3.51 271.48976 -102.37241 21672.745 -28223.5 2434.49 -30658 8369.4908
3.52 273.23092 58.595996 21603.213 -28264.6 2450.11 -30714.7 8369.2221
3.53 267.11322 -499.58728 21619.961 -28370.4 2395.25 -30765.6 8410.3074
3.54 272.2372 -82.452301 21620.936 -28310.2 2441.19 -30751.4 8441.7269
3.55 278.75755 1068.494 21546.087 -28109.3 2499.66 -30608.9 8415.4431
3.56 269.96554 -380.59465 21695.118 -28300.5 2420.82 -30721.3 8491.0529
3.57 274.27185 -878.85823 21494.798 -28352.8 2459.44 -30812.3 8462.9279
3.58 276.88681 941.68947 21626.51 -28123.1 2482.89 -30606 8499.2544
3.59 278.14883 264.0467 21365.638 -28203.7 2494.2 -30697.9 8473.8438
3.6 272.2358 -203.68123 21471.361 -28403.5 2441.18 -30844.7 8515.6968
3.61 285.28233 -228.3161 21587.814 -28176.8 2558.17 -30734.9 8558.6556
3.62 265.50007 73.927091 21463.919 -28202.4 2380.78 -30583.2 8543.574
3.63 258.5745 -716.16615 21531.049 -28314.9 2318.68 -30633.6 8603.4366
3.64 265.8577 503.16747 21475.699 -28148.8 2383.99 -30532.8 8606.8716
3.65 284.03705 -243.5864 21652.522 -28258.4 2547.01 -30805.4 8669.2081
3.66 278.05562 -346.89083 21468.433 -28437.6 2493.37 -30930.9 8659.3868
3.67 270.43879 177.39224 21560.881 -28301.3 2425.07 -30726.4 8722.4371
3.68 273.50579 1373.867 21534.679 -28167.7 2452.57 -30620.2 8771.0242
3.69 280.37958 -541.77235 21815.932 -28190.8 2514.21 -30705 8881.4163
3.7 271.1005 -557.71351 21514.018 -28198.6 2431 -30629.6 8826.7862
3.71 268.89412 -626.00238 21673.685 -28247.9 2411.22 -30659.1 8945.9144
3.72 271.85715 343.78553 21266.182 -28529.1 2437.79 -30966.9 8878.1747
3.73 272.72465 162.19928 21365.436 -28461.4 2445.57 -30906.9 8898.7294
3.74 277.57643 -1098.7478 21621.054 -28120 2489.07 -30609 8975.8084
3.75 264.15004 223.96063 21499.917 -28403.9 2368.68 -30772.6 8936.6925
3.76 273.98488 818.09567 21163.36 -28135.4 2456.87 -30592.2 8869.2471
3.77 266.5498 370.60668 21305.31 -28411.7 2390.19 -30801.9 8940.1074
3.78 263.94735 -53.494134 21551.56 -28114.6 2366.86 -30481.5 9080.754
3.79 282.09311 248.83898 21434.538 -28180.9 2529.57 -30710.5 9077.2893
3.8 275.49153 16.294016 21584.339 -28489.9 2470.38 -30960.3 9142.7683
3.81 274.42455 -66.281096 21544.19 -28060.5 2460.81 -30521.3 9156.8513
3.82 282.88692 -173.43457 21632.573 -27916.7 2536.69 -30453.4 9232.8723
3.83 259.64348 -919.08653 21574.949 -28378 2328.26 -30706.3 9221.1054
3.84 269.62244 728.64357 21329.362 -28279.9 2417.75 -30697.6 9203.5877
3.85 280.98763 76.68957 21367.726 -28249.3 2519.66 -30768.9 9249.8015
3.86 284.793 -340.43173 21434.555 -28041.7 2553.78 -30595.5 9312.8861
3.87 265.51046 113.25086 21369.724 -28191.5 2380.87 -30572.4 9343.7544
3.88 274.62935 -541.59028 21618.578 -28206.5 2462.64 -30669.1 9452.696
3.89 271.72042 197.03967 21687.523 -28149.8 2436.56 -30586.3 9509.0188
3.9 275.28711 29.888321 21537.281 -28222.3 2468.54 -30690.9 9510.4898
3.91 267.75924 105.23214 21522.132 -28215.1 2401.04 -30616.1 9547.0145
3.92 264.05601 1.7699268 21739.913 -28304.7 2367.83 -30672.6 9615.6885
3.93 264.29832 760.67876 21541.34 -28215.5 2370.01 -30585.5 9605.5054
3.94 274.9498 873.81697 21273.49 -28282.3 2465.52 -30747.8 9573.3684
3.95 269.3931 -498.58381 21482.644 -28329.4 2415.69 -30745.1 9665.1492
3.96 273.61153 635.90539 21389.672 -28250.5 2453.52 -30704 9696.9094
3.97 269.23471 371.77688 21498.289 -28356.4 2414.27 -30770.7 9806.5762
3.98 269.05379 -369.4134 21448.397 -28451 2412.65 -30863.6 9856.7818
3.99 270.34411 148.6144 21455.716 -28319.6 2424.22 -30743.8 9889.2079
4 286.20915 1153.4507 21304.805 -28005.8 2566.48 -30572.3 9887.2661
4.01 280.90276 1131.1187 21291.303 -28235.9 2518.9 -30754.8 9976.3024
4.02 263.74708 -282.87744 21435.508 -28370.9 2365.06 -30735.9 10058.315
4.03 285.1453 642.59578 21299.192 -28019.5 2556.94 -30576.4 10106.323
4.04 276.70764 -46.39095 21444.344 -28352.1 2481.28 -30833.4 10153.93
4.05 270.90299 371.41027 21556.195 -28167.9 2429.23 -30597.1 10219.032
4.06 272.79355 -315.23153 21512.36 -28398.8 2446.18 -30845 10229.386
4.07 269.1806 -236.75542 21384.177 -28237.6 2413.79 -30651.4 10207.1
4.08 284.72697 893.29335 21276.435 -28115.9 2553.19 -30669.1 10197.594
4.09 266.34926 -75.837805 21743.628 -28120.3 2388.4 -30508.7 10329.397
4.1 267.23961 -365.49097 21554.218 -28319.8 2396.38 -30716.2 10280.067
4.11 266.14615 -156.56112 21458.342 -28109.5 2386.57 -30496 10237.402
4.12 272.36339 286.26252 21302.625 -28222.7 2442.33 -30665 10187.394
4.13 279.89429 421.00406 21479.748 -28154.6 2509.86 -30664.4 10267.66
4.14 278.94378 1111.4084 21401.566 -28168.5 2501.33 -30669.8 10258.533
4.15 264.92952 330.99341 21517.769 -28326.4 2375.67 -30702 10336.154
4.16 284.12567 1583.3568 21175.595 -27980.4 2547.8 -30528.2 10280.344
4.17 276.03384 157.82131 21451.681 -28104.9 2475.24 -30580.1 10412.644
4.18 284.97185 134.4416 21367.198 -28380.4 2555.39 -30935.8 10439.129
4.19 273.85509 -500.58507 21620.87 -28241.6 2455.7 -30697.3 10550.264
4.2 271.83138 -11.312788 21523.937 -28245.1 2437.56 -30682.6 10541.962
4.21 291.33048 357.40578 21612.629 -27934.8 2612.41 -30547.2 10643.892
4.22 270.65746 -643.24842 21510.998 -28319.7 2427.03 -30746.7 10668.463
4.23 275.36421 616.17632 21491.996 -28381.6 2469.23 -30850.9 10713.223
4.24 264.4558 -45.778508 21485.386 -28328.8 2371.42 -30700.2 10765.236
4.25 276.8669 32.137619 21478.258 -28185 2482.71 -30667.7 10811.723
4.26 283.78687 423.98445 21267.312 -28119.1 2544.76 -30663.9 10792.506
4.27 263.26236 -202.51597 21528.257 -28412.7 2360.72 -30773.4 10907.186
4.28 276.76481 -49.877372 21524.632 -28187.7 2481.79 -30669.5 10912.535
4.29 285.34864 739.72761 21532.516 -27981.9 2558.77 -30540.7 10970.392
4.3 267.19595 -1086.6372 21530.435 -28431.8 2395.99 -30827.8 10961.649
4.31 287.40027 756.66731 21281.624 -28100.2 2577.16 -30677.4 10909.476
4.32 262.75626 -875.07524 21552.46 -28331.4 2356.18 -30687.5 11057.185
4.33 287.38055 576.81851 21423.688 -27978.2 2576.99 -30555.2 11008.933
4.34 279.12389 1462.2629 21345.306 -28117.6 2502.95 -30620.5 10986.905
4.35 280.48831 583.39476 21462.497 -28013.2 2515.18 -30528.3 11081.834
4.36 274.12289 473.83615 21472.845 -28203.6 2458.1 -30661.7 11094.655
4.37 271.94634 35.026399 21522.757 -28373.5 2438.59 -30812.1 11153.971
4.38 265.72428 147.61121 21428.329 -28338.7 2382.79 -30721.5 11134.248
4.39 274.17775 -439.42244 21332.444 -28292.9 2458.6 -30751.5 11146.945
4.4 283.60729 -471.88141 21678.102 -28237.3 2543.15 -30780.5 11304.499
4.41 275.40191 37.165426 21258.842 -28002.7 2469.57 -30472.3 11122.422
4.42 277.33336 669.78903 21312.807 -28059.9 2486.89 -30546.8 11142.403
4.43 274.06381 384.29663 21509.261 -28322.4 2457.57 -30780 11250.064
4.44 286.19646 -762.20255 21550.012 -28072.6 2566.37 -30639 11311.712
4.45 266.90156 389.04814 21477.355 -28314.6 2393.35 -30707.9 11314.034
4.46 273.28278 15.593444 21494.155 -28072.1 2450.57 -30522.7 11346.165
4.47 272.91816 439.35311 21252.157 -28242 2447.3 -30689.3 11269.266
4.48 277.71855 939.38538 21299.908 -28344 2490.35 -30834.4 11256.945
4.49 269.23899 -1261.6837 21575.617 -28208.5 2414.31 -30622.8 11362.164
4.5 267.0363 -719.15982 21600.309 -28354.4 2394.56 -30749 11399.794
4.51 277.17104 -585.85739 21593.601 -28235.2 2485.44 -30720.6 11419.03
4.52 276.29481 608.76073 21342.614 -28393.2 2477.58 -30870.8 11379.001
4.53 275.59191 682.22004 21365.853 -28141.7 2471.28 -30612.9 11383.934
4.54 272.24826 -617.90952 21580.522 -28398.3 2441.29 -30839.5 11480.382
4.55 285.57064 -377.51236 21384.469 -28117.2 2560.76 -30678 11444.654
4.56 263.8584 321.34723 21326.042 -28265.8 2366.06 -30631.9 11442.597
4.57 268.55672 -11.389524 21468.263 -28132.3 2408.19 -30540.5 11526.599
4.58 282.0289 854.19715 21346.807 -28218.2 2529 -30747.2 11520.305
4.59 280.3042 -527.56929 21505.316 -28278.7 2513.53 -30792.3 11627.061
4.6 275.73696 1306.4719 21346.193 -28313.1 2472.58 -30785.7 11605.131
4.61 260.0709 -145.63064 21623.855 -28193.4 2332.1 -30525.5 11734.702
4.62 273.5403 -333.44958 21552.401 -28101.5 2452.88 -30554.4 11716.352
4.63 266.79181 -46.82286 21439.1 -28322.4 2392.36 -30714.8 11713.948
4.64 269.95994 330.78768 21600.102 -28096.3 2420.77 -30517.1 11853.388
4.65 268.78609 -1177.754 21687.78 -28265.5 2410.25 -30675.8 11889.641
4.66 272.05348 1327.2293 21337.122 -28232.8 2439.55 -30672.3 11789.047
4.67 269.8309 377.78029 21543.857 -28323.9 2419.62 -30743.5 11866.262
4.68 266.83109 601.10095 21392.441 -28184.7 2392.72 -30577.4 11881.93
4.69 282.34266 912.07112 21521.493 -28235.4 2531.81 -30767.2 11926.311
4.7 264.4776 146.18822 21315.373 -28455.9 2371.61 -30827.5 11853.63
4.71 267.16077 985.57034 21513.957 -28233 2395.67 -30628.6 11963.087
4.72 284.67381 -105.0117 21464.469 -28277.4 2552.72 -30830.1 11960.443
4.73 287.53265 1229.3637 21266.655 -28036 2578.35 -30614.3 11968.405
4.74 278.50362 -71.365064 21553.974 -28208.7 2497.39 -30706.1 12150.297
4.75 273.5852 -55.732367 21421.139 -28221.5 2453.28 -30674.8 12134.27
4.76 265.50691 267.84535 21432.918 -28264.7 2380.84 -30645.6 12169.332
4.77 291.14264 764.98261 21463.424 -28262.6 2610.72 -30873.4 12212.489
4.78 261.90111 -522.79557 21574.964 -28369 2348.51 -30717.5 12268.78
4.79 263.16524 -321.79367 21507.528 -28235.1 2359.84 -30595 12255.411
4.8 277.4364 26.05176 21678.77 -28155.4 2487.82 -30643.2 12324.624
4.81 258.45011 270.01799 21338.468 -28601.6 2317.56 -30919.1 12186.013
4.82 272.59464 300.48847 21328.635 -28445.9 2444.4 -30890.3 12217.381
4.83 276.15616 33.681582 21375.153 -28193.6 2476.34 -30669.9 12266.184
4.84 277.15861 1483.3747 21332.784 -28207.8 2485.33 -30693.1 12245.719
4.85 274.30524 -174.78122 21692.692 -28335.2 2459.74 -30795 12408.321
4.86 267.48808 171.34973 21440.927 -28217.1 2398.61 -30615.7 12390.642
4.87 278.0585 844.49436 21366.404 -28360.3 2493.39 -30853.7 12383.318
4.88 280.72784 -211.17657 21537.361 -28299.5 2517.33 -30816.9 12447.237
4.89 272.97303 303.76545 21291.904 -28362.7 2447.79 -30810.5 12433.846
4.9 281.68559 461.38822 21350.568 -28395.3 2525.92 -30921.2 12505.567
4.91 277.61758 -326.61146 21754.501 -28142.8 2489.44 -30632.2 12692.946
4.92 283.5804 -81.539399 21549.697 -27971.8 2542.91 -30514.7 12658.754
4.93 256.04854 277.2861 21406.277 -28482.8 2296.03 -30778.8 12602.955
4.94 277.55206 379.13205 21327.522 -28298.8 2488.85 -30787.6 12612.029
4.95 278.8801 -966.14711 21730.353 -28175.9 2500.76 -30676.7 12754.345
4.96 272.91972 616.37833 21437.13 -28251.2 2447.31 -30698.5 12710.507
4.97 270.22193 -189.52739 21475.206 -28208.7 2423.12 -30631.9 12743.815
4.98 281.21508 40.956767 21432.957 -28167.9 2521.7 -30689.6 12749.017
4.99 263.0742 -376.79773 21711.273 -28162.7 2359.03 -30521.7 12916.556
5 276.7288 865.64444 21330.03 -28254.2 2481.47 -30735.6 12763.971
5.01 277.38241 -841.58193 21561.482 -28209.8 2487.33 -30697.2 12900.149
5.02 268.47459 368.31392 21466.024 -28318 2407.45 -30725.4 12833.682
5.03 275.22777 -491.19473 21687.805 -28135.7 2468.01 -30603.7 12957.99
5.04 277.85738 239.93351 21439.512 -28270.1 2491.59 -30761.7 12871.565
5.05 264.40549 539.19859 21472.227 -28336 2370.97 -30707 12910.852
5.06 272.75768 158.82695 21461.522 -28189.9 2445.86 -30635.8 12876.232
5.07 265.1275 253.65104 21373.618 -28463.5 2377.44 -30841 12875.126
5.08 270.33995 90.972672 21496.444 -28218.5 2424.18 -30642.7 12978.718
5.09 270.36825 -446.58467 21669.39 -28254.4 2424.44 -30678.8 13042.162
5.1 288.91603 -185.49707 21571.71 -28186.2 2590.76 -30777 13022.325
5.11 267.4917 559.9251 21511.826 -28396.6 2398.64 -30795.2 13030.562
5.12 291.89065 561.43773 21573.855 -28166.3 2617.43 -30783.8 13071.312
5.13 281.18633 62.314263 21559.546 -28100.6 2521.44 -30622.1 13082.378
5.14 273.09945 699.32669 21206.998 -28298.5 2448.93 -30747.4 12933.653
5.15 274.53599 258.34167 21628.635 -28123.6 2461.81 -30585.4 13088.998
5.16 265.12722 -314.11742 21479.813 -28401.1 2377.44 -30778.5 13041.468
5.17 261.9508 -459.20394 21733.357 -28218.9 2348.95 -30567.9 13140.549
5.18 269.98632 -562.35649 21606.774 -28141.5 2421.01 -30562.5 13134.107
5.19 279.01651 134.13759 21523.272 -28202 2501.99 -30704 13135.575
5.2 275.3696 91.365127 21570.617 -28219.8 2469.28 -30689.1 13176.332
5.21 274.4745 -274.85262 21432.433 -28129.7 2461.26 -30591 13121.279
5.22 265.23646 -535.37915 21411.454 -28321.5 2378.42 -30699.9 13133.072
5.23 291.75177 63.298408 21420.416 -28037.4 2616.18 -30653.6 13150.18
5.24 288.70228 1945.1121 21148.463 -28235.4 2588.84 -30824.3 13047.256
5.25 270.71262 695.06714 21384.751 -28218.7 2427.52 -30646.2 13179.414
5.26 291.01497 864.35013 21281.261 -27761.4 2609.58 -30371 13166.349
5.27 268.98422 299.10652 21468.546 -28258.8 2412.02 -30670.9 13266.147
5.28 284.30448 336.56933 21256.783 -28146.7 2549.4 -30696.1 13213.87
5.29 279.70483 269.00922 21365.864 -28125.5 2508.16 -30633.6 13288.174
5.3 270.66571 -60.905155 21557.57 -28333.3 2427.1 -30760.4 13388.486
5.31 270.45959 -551.59097 21560.41 -28176.1 2425.25 -30601.4 13407.852
5.32 277.35647 779.58736 21400.333 -28343.3 2487.1 -30830.4 13358.993
5.33 264.45596 209.07189 21425.051 -28424.8 2371.42 -30796.2 13393.604
5.34 279.92424 -259.18355 21625.461 -28222.3 2510.13 -30732.4 13480.662
5.35 269.91693 648.45149 21394.884 -28306.1 2420.39 -30726.5 13425.017
5.36 268.21189 -914.53829 21584.844 -28313.9 2405.1 -30719 13513.525
5.37 273.89592 347.8155 21433.344 -28298.8 2456.07 -30754.8 13467.571
5.38 264.68898 800.1924 21511.303 -28263.6 2373.51 -30637.1 13528.265
5.39 276.73814 460.31643 21385.277 -28046.8 2481.55 -30528.3 13473.651
5.4 276.24979 -203.34732 21560.689 -28365.3 2477.18 -30842.5 13587.7
5.41 279.48383 -654.25243 21735.99 -28258.3 2506.18 -30764.5 13661.59
5.42 276.66198 -141.66147 21479.258 -28258.7 2480.87 -30739.6 13634.296
5.43 265.326 -525.18366 21426.579 -28352.4 2379.22 -30731.6 13630.183
5.44 280.35236 -629.03679 21819.946 -28060.2 2513.96 -30574.2 13804.591
5.45 268.02625 -204.07 21670.564 -28283.4 2403.43 -30686.9 13784.437
5.46 274.17254 72.87478 21336.425 -28026.1 2458.55 -30484.7 13672.187
5.47 265.48386 460.46076 21444.674 -28170.4 2380.64 -30551.1 13801.411
5.48 279.84777 1246.5727 21370.406 -28320.9 2509.44 -30830.4 13757.886
5.49 280.64204 -58.119445 21467.82 -28106.3 2516.56 -30622.9 13848.206
5.5 264.15317 -979.56723 21687.465 -28137.6 2368.7 -30506.3 13981.315
5.51 276.18961 683.17594 21323.886 -28299.5 2476.64 -30776.1 13875.5
5.52 276.15064 264.28938 21562.561 -28149.9 2476.29 -30626.2 13978.307
5.53 266.25343 1942.7801 21361.976 -28175.4 2387.54 -30563 13891.524
5.54 256.68837 -83.207434 21615.367 -28360.2 2301.77 -30661.9 13992.463
5.55 276.09214 821.20668 21397.975 -28246.4 2475.76 -30722.2 13872.431
5.56 270.85005 298.31446 21340.58 -28268 2428.76 -30696.8 13887.18
5.57 257.94934 -453.41909 21570.322 -28378.8 2313.07 -30691.9 14015.953
5.58 279.55529 606.04095 21466.499 -28075.2 2506.82 -30582 14007.501
5.59 273.74034 622.59485 21244.915 -28348.8 2454.67 -30803.5 13960.579
5.6 273.24864 -680.96386 21708.319 -28378.3 2450.26 -30828.6 14156.26
5.61 275.69091 448.37034 21428.356 -28108.8 2472.16 -30580.9 14012.72
5.62 266.55091 -136.70038 21506.491 -28321.4 2390.2 -30711.6 14049.504
5.63 261.56237 -562.79837 21655.373 -28248.1 2345.47 -30593.5 14159.469
5.64 278.31887 419.28142 21251.984 -28276 2495.73 -30771.7 13945.495
5.65 284.04126 618.85272 21215.546 -28069.5 2547.04 -30616.6 13975.72
5.66 287.30322 -1118.3781 21471.498 -28225.9 2576.29 -30802.2 14116.228
5.67 288.63419 643.88608 21670.293 -28171.4 2588.23 -30759.6 14232.067
5.68 259.18873 417.30547 21633.212 -28235.7 2324.19 -30559.9 14263.419
5.69 276.49339 177.19058 21568.508 -28045.2 2479.36 -30524.6 14310.264
5.7 283.28663 -29.289034 21651.133 -28131.7 2540.28 -30672 14396.432
5.71 291.79252 -486.98694 21355.974 -27995.9 2616.55 -30612.4 14327.529
5.72 279.64178 534.69349 21510.105 -28210.1 2507.59 -30717.7 14398.023
5.73 276.27767 -93.630429 21436.153 -28232.4 2477.43 -30709.8 14416.422
5.74 280.33901 539.11213 21296.35 -28231.5 2513.84 -30745.4 14391.952
5.75 279.79312 -562.87344 21506.303 -28299.1 2508.95 -30808.1 14558.098
5.76 284.47904 60.620359 21379.455 -28043.4 2550.97 -30594.4 14516.248
5.77 270.45339 -620.0662 21664.133 -28236.4 2425.2 -30661.6 14655.426
5.78 258.47761 648.27233 21472.045 -28276.6 2317.81 -30594.4 14609.381
5.79 291.65794 -488.85603 21860.042 -28213.3 2615.34 -30828.7 14874.074
5.8 270.21358 -243.97795 21505.871 -28209.5 2423.05 -30632.5 14739.306
5.81 273.74012 -340.65395 21458.179 -28177.3 2454.67 -30631.9 14721.991
5.82 274.42324 123.52228 21408.518 -28136.5 2460.8 -30597.3 14744.622
5.83 271.22293 -780.37311 21530.887 -28154.9 2432.1 -30587 14799.588
5.84 268.38718 -0.47171512 21512.967 -28362.8 2406.67 -30769.5 14778.751
5.85 276.20823 44.946951 21423.989 -28139.4 2476.8 -30616.2 14754.01
5.86 269.05212 118.31441 21528.638 -28356.6 2412.63 -30769.3 14807.098
5.87 253.35055 591.33933 21259.863 -28471.4 2271.83 -30743.2 14661.363
5.88 270.22604 -724.9317 21809.173 -28230 2423.16 -30653.1 14878.331
5.89 282.06127 381.87126 21414.74 -28240.4 2529.29 -30769.7 14748.11
5.9 253.55811 -652.08479 21505.447 -28378.7 2273.7 -30652.4 14860.592
5.91 278.66539 76.798824 21639.298 -28177.9 2498.84 -30676.8 14989.545
5.92 285.29129 -279.00384 21447.682 -28109.7 2558.25 -30668 14895.931
5.93 283.5122 -2.1676797 21530.438 -27994.1 2542.3 -30536.4 14951.279
5.94 268.07386 -144.80663 21493.685 -28348.5 2403.86 -30752.4 14985.436
5.95 281.5858 260.1672 21215.51 -28153.3 2525.02 -30678.4 14927.601
5.96 262.55845 854.8477 21282.225 -28244.2 2354.4 -30598.6 14981.568
5.97 281.19103 -1189.402 21706.299 -28181.7 2521.48 -30703.2 15208.872
5.98 259.08829 -602.98369 21711.395 -28480.2 2323.29 -30803.5 15257.594
5.99 252.36475 374.36019 21357.18 -28347.5 2262.99 -30610.4 15120.402
6 266.46709 1228.5666 21356 -28240.6 2389.45 -30630 15114.696
6.01 267.58724 -1332.7395 21530.265 -28408.3 2399.5 -30807.8 15226.3
6.02 276.15387 437.67667 21509.927 -28252.6 2476.32 -30728.9 15280.073
6.03 269.61646 555.58794 21475.492 -28201.6 2417.69 -30619.3 15290.11
6.04 283.24891 897.64925 21262.825 -28142 2539.94 -30682 15287.137
6.05 272.93867 160.96608 21394.012 -28306.9 2447.48 -30754.4 15407.909
6.06 273.12678 748.06527 21542.777 -28246 2449.17 -30695.1 15535.454
6.07 273.69205 -158.5764 21600.474 -28123.5 2454.24 -30577.8 15624.833
6.08 271.37512 -140.32582 21554.484 -28325.3 2433.46 -30758.8 15681.405
6.09 278.72459 750.24246 21384.101 -28212.5 2499.37 -30711.8 15584.092
6.1 271.99004 -132.06483 21624.755 -28167.7 2438.98 -30606.7 15737.623
6.11 257.13278 280.10602 21375.238 -28423.3 2305.75 -30729.1 15672.694
6.12 285.93806 241.65342 21386.663 -28192.8 2564.05 -30756.8 15674.854
6.13 272.84417 630.5733 21501.544 -28389.7 2446.64 -30836.4 15787.227
6.14 270.87424 -401.13022 21478.009 -28049.9 2428.97 -30478.8 15830.017
6.15 273.11864 197.14884 21621.865 -28082.1 2449.1 -30531.2 15906.333
6.16 280.13518 -84.257205 21475.688 -28248 2512.02 -30760 15870.235
6.17 257.68159 -271.76419 21257.508 -28501.2 2310.67 -30811.9 15809.298
6.18 270.14978 -804.16242 21583.668 -28186.6 2422.48 -30609 16003.873
6.19 271.38807 -57.165063 21509.764 -28285.6 2433.58 -30719.2 15979.285
6.2 275.38114 -44.926178 21536.088 -28385.3 2469.39 -30854.7 16014.234
6.21 268.17569 457.29143 21347.156 -28273.3 2404.77 -30678.1 15934.707
6.22 264.42468 233.51552 21599.413 -28448.3 2371.14 -30819.4 16009.121
6.23 271.33737 -780.12941 21621.024 -28205.6 2433.13 -30638.8 16067.769
6.24 283.47051 84.315751 21465.423 -28077.4 2541.93 -30619.3 15979.17
6.25 282.32283 -629.8195 21499.213 -28322.7 2531.63 -30854.4 16025.94
6.26 245.72899 -527.99829 21336.077 -28559.7 2203.49 -30763.2 16041.248
6.27 264.76484 -241.2288 21526.679 -28199 2374.19 -30573.2 16172.682
6.28 283.94961 423.96719 21415.035 -28057.1 2546.22 -30603.4 16138.249
6.29 282.28905 99.999829 21514.64 -28180.2 2531.33 -30711.6 16227.546
6.3 276.32472 540.12618 21581.928 -28001.2 2477.85 -30479 16326.647
6.31 274.11273 115.55986 21594.784 -28242.3 2458.01 -30700.3 16411.001
6.32 283.86981 -339.80937 21693.523 -28268.6 2545.51 -30814.1 16491.889
6.33 272.21892 -32.672327 21455.758 -28115.6 2441.03 -30556.6 16414.676
6.34 287.53377 276.91323 21549.179 -28229.6 2578.36 -30808 16520.315
6.35 272.17073 570.82884 21342.861 -28495.5 2440.6 -30936.1 16437.132
6.36 284.07035 134.20451 21482.909 -28235.6 2547.3 -30782.9 16525.569
6.37 265.98467 -595.87116 21822.127 -28233.5 2385.13 -30618.6 16729.804
6.38 266.29582 565.41418 21313.305 -28334.6 2387.92 -30722.6 16457.887
6.39 273.06419 -311.99474 21684.412 -28300 2448.61 -30748.6 16728.492
6.4 272.28297 -934.11062 21532.918 -28044.1 2441.6 -30485.7 16665.034
6.41 266.50395 -368.5609 21485.373 -28155.2 2389.78 -30545 16634.406
6.42 283.24379 765.70785 21221.559 -28268.8 2539.89 -30808.7 16491.947
6.43 268.20098 430.24027 21548 -28276.9 2405 -30681.9 16719.378
6.44 268.40357 343.50944 21376.187 -28292.8 2406.82 -30699.6 16624.439
6.45 271.95751 -102.87406 21635.938 -28353.2 2438.69 -30791.9 16771.445
6.46 271.79574 258.2119 21518.343 -28131.3 2437.24 -30568.6 16714.35
6.47 278.56931 474.15192 21542.783 -28292.5 2497.98 -30790.5 16774.535
6.48 283.63326 -713.64756 21777.111 -28060.7 2543.38 -30604.1 16918.995
6.49 276.09644 -136.34172 21557.758 -28158.7 2475.8 -30634.5 16851.857
6.5 280.91072 770.27885 21277.095 -28028 2518.97 -30547 16740.949
6.51 290.80632 -287.03298 21756.9 -27750.8 2607.71 -30358.5 17002.506
6.52 283.53035 5.9942952 21563.28 -28086.4 2542.46 -30628.9 16922.541
6.53 276.88851 664.28937 21285.831 -28169.9 2482.9 -30652.8 16848.109
6.54 281.64335 -340.19771 21705.456 -28158.1 2525.54 -30683.7 17087.888
6.55 265.32587 28.062912 21591.328 -28132.6 2379.22 -30511.8 17047.133
6.56 270.99112 -224.0797 21461.787 -28361.6 2430.02 -30791.6 16965.368
6.57 261.98178 -208.8205 21774.938 -28336.4 2349.23 -30685.6 17168.647
6.58 274.04551 237.45144 21465.264 -28357.2 2457.41 -30814.6 17051.085
6.59 278.8883 21.710503 21516.401 -28198.6 2500.84 -30699.4 17085.692
6.6 295.65936 253.07503 21280.895 -28168.6 2651.22 -30819.8 16991.92
6.61 267.30439 1256.2113 21369.401 -28403.5 2396.96 -30800.4 17154.841
6.62 276.57175 -1061.4927 21568.839 -28164.7 2480.06 -30644.8 17307.368
6.63 278.67546 -608.83363 21445.047 -28293.4 2498.93 -30792.3 17304.661
6.64 260.77179 345.84806 21501.538 -28570.8 2338.38 -30909.2 17375.92
6.65 263.55234 -140.74905 21511.178 -28226.8 2363.32 -30590.1 17377.83
6.66 273.10017 -595.68718 21435.131 -28158.1 2448.93 -30607.1 17417.251
6.67 276.48309 -620.06444 21448.078 -28189.7 2479.27 -30669 17426.997
6.68 285.94895 209.18309 21316.131 -28155.3 2564.15 -30719.5 17370.705
6.69 279.64689 -174.24926 21453.991 -28360.9 2507.64 -30868.6 17487.829
6.7 276.78704 149.00538 21440.354 -28192.7 2481.99 -30674.7 17470.427
6.71 272.12349 -269.6717 21515.521 -28256.3 2440.17 -30696.5 17572.272
6.72 262.91499 -851.38898 21651.534 -28464.8 2357.6 -30822.4 17646.237
6.73 268.39378 45.530896 21633.295 -28338 2406.73 -30744.8 17629.964
6.74 268.77771 717.04223 21625.551 -28379.4 2410.17 -30789.5 17679.614
6.75 271.73212 351.20156 21505.33 -28367.9 2436.67 -30804.6 17634.953
6.76 268.53573 480.88814 21600.756 -28161.9 2408 -30569.9 17680.26
6.77 256.79787 -998.67027 21652.9 -28392.6 2302.75 -30695.4 17792.537
6.78 283.76768 150.90402 21588.068 -28089.2 2544.59 -30633.8 17740.617
6.79 275.06771 -395.88063 21604.999 -28231.1 2466.58 -30697.7 17802.381
6.8 262.8544 -132.06325 21488.273 -28307.8 2357.06 -30664.8 17759.014
6.81 268.75314 722.94049 21260.126 -28301.2 2409.95 -30711.1 17657.999
6.82 265.67708 -176.68995 21760.842 -28226.8 2382.37 -30609.2 17939.044
6.83 271.09184 -533.01751 21546.579 -28400.4 2430.92 -30831.3 17867.438
6.84 272.22297 -97.585669 21589.429 -28409.3 2441.07 -30850.4 17931.206
6.85 269.91616 999.38172 21481.756 -28120.5 2420.38 -30540.9 17907.459
6.86 278.92199 -125.40012 21378.731 -28212.6 2501.14 -30713.7 17852.376
6.87 274.87749 -320.85576 21529.853 -28312.2 2464.87 -30777.1 17956.352
6.88 266.27513 -1079.0895 21613.954 -28219.8 2387.73 -30607.5 18022.133
6.89 272.3446 486.48085 21273.512 -28354 2442.16 -30796.2 17861.201
6.9 270.99094 408.83562 21427.18 -28444.5 2430.02 -30874.5 18012.532
6.91 275.67418 332.10626 21394.658 -28231 2472.01 -30703 17988.917
6.92 276.9483 543.42047 21445.776 -28151.6 2483.44 -30635 18076.695
6.93 276.74191 -84.23458 21458.806 -28117.6 2481.59 -30599.2 18114.061
6.94 287.72085 288.38341 21503.878 -28025.7 2580.04 -30605.7 18189.05
6.95 270.18704 -136.68545 21572.755 -28268.4 2422.81 -30691.2 18286.742
6.96 259.56627 -269.25494 21541.125 -28363.8 2327.57 -30691.3 18263.586
6.97 282.05239 -362.24179 21728.451 -28067.1 2529.21 -30596.3 18350.856
6.98 270.00229 534.73 21408.974 -28244.6 2421.15 -30665.8 18209.952
6.99 280.24379 1254.6235 21145.184 -28135.1 2512.99 -30648.1 18095.748
7 270.81058 -152.22073 21590.486 -28398.1 2428.4 -30826.5 18377.156
7.01 262.27948 -0.84890086 21563.285 -28209 2351.9 -30560.9 18473.097
7.02 274.19066 191.95365 21507.905 -28445.9 2458.71 -30904.6 18434.961
7.03 273.05768 782.33617 21266.734 -28179.7 2448.55 -30628.2 18350.495
7.04 268.05239 -166.90471 21497.885 -28359.7 2403.67 -30763.4 18547.884
7.05 280.40088 244.0378 21510.79 -28250.2 2514.4 -30764.6 18568.687
7.06 284.47378 -672.49246 21729.331 -28065.1 2550.92 -30616.1 18698.937
7.07 270.0903 421.74342 21423.92 -28274.1 2421.94 -30696 18601.926
7.08 278.52266 207.1145 21452.841 -28358.6 2497.56 -30856.1 18623.933
7.09 263.78462 803.77525 21508.26 -28365.5 2365.4 -30730.9 18700.747
7.1 267.12323 -942.58315 21586.81 -28082.1 2395.34 -30477.5 18803.225
7.11 279.16077 93.180947 21494.052 -28220.7 2503.28 -30724 18776.646
7.12 284.25782 -531.15557 21394.257 -28178.4 2548.99 -30727.4 18702.052
7.13 286.04777 -473.91388 21630.552 -28229.5 2565.04 -30794.5 18929.888
7.14 268.44869 160.14812 21484.304 -28235.3 2407.22 -30642.5 18849.73
7.15 266.91118 -334.54704 21677.256 -28321.5 2393.43 -30714.9 18956.993
7.16 284.5659 -678.87664 21599.153 -28162.5 2551.75 -30714.3 18922.144
7.17 284.78244 -41.931648 21578 -28165.7 2553.69 -30719.4 18960.181
7.18 278.73269 671.47034 21208.079 -28257 2499.44 -30756.4 18759.965
7.19 265.71665 575.40771 21422.385 -28175.4 2382.72 -30558.2 18974.207
7.2 268.00604 220.4698 21526.645 -28385.2 2403.25 -30788.4 19076.177
7.21 275.15399 858.05635 21517.023 -28257.3 2467.35 -30724.7 19001.494
7.22 269.07257 262.8516 21424.15 -28224.5 2412.82 -30637.4 18973.614
7.23 268.51042 58.694874 21385.378 -28330.1 2407.78 -30737.8 19005.286
7.24 283.5432 576.39233 21251.707 -28143.6 2542.58 -30686.2 18948.623
7.25 278.37273 718.65959 21429.928 -28188.9 2496.21 -30685.2 19067.47
7.26 282.24725 38.144747 21497.147 -28181 2530.96 -30711.9 19167.57
7.27 285.0369 -209.03485 21506.625 -28244 2555.97 -30800 19251.047
7.28 270.18105 -307.47702 21510.885 -28369.6 2422.76 -30792.4 19313.332
7.29 276.45697 -258.04879 21454.631 -28121 2479.03 -30600.1 19340.483
7.3 291.80619 209.15743 21469.529 -28135.5 2616.67 -30752.2 19443.234
7.31 265.7986 343.70866 21421.881 -28332.9 2383.46 -30716.4 19365.739
7.32 264.76406 189.63012 21297.459 -28428.9 2374.18 -30803.1 19318.059
7.33 277.58674 870.52017 21457.059 -28099.7 2489.16 -30588.8 19449.688
7.34 275.67134 255.48364 21527.379 -28282.1 2471.99 -30754.1 19503.194
7.35 273.95682 -376.10377 21593.32 -28151.4 2456.61 -30608 19596.276
7.36 277.38806 67.191547 21401.373 -28280 2487.38 -30767.4 19530.813
7.37 270.1928 287.73335 21464.358 -28075.7 2422.86 -30498.6 19614.914
7.38 273.63728 -489.35295 21450.685 -28349.8 2453.75 -30803.6 19642.653
7.39 274.74199 3.7987528 21653.51 -28269.5 2463.66 -30733.2 19801.428
7.4 269.54873 266.16202 21495.291 -28099.7 2417.09 -30516.7 19753.328
7.41 267.87762 157.45371 21487.443 -28144.1 2402.1 -30546.2 19743.278
7.42 278.48226 -476.09351 21470.556 -28089.1 2497.19 -30586.3 19728.507
7.43 262.63369 -623.33068 21632.016 -28331.2 2355.08 -30686.3 19853.873
7.44 272.44059 -188.6209 21512.006 -28257.2 2443.02 -30700.2 19834.095
7.45 265.98723 -653.42598 21543.969 -28348.8 2385.15 -30733.9 19871.386
7.46 271.57781 257.83755 21617.828 -28202.5 2435.28 -30637.8 19927.87
7.47 267.52822 -229.32456 21375.963 -28347 2398.97 -30746 19840.793
7.48 270.11614 643.14571 21444.318 -28147.9 2422.17 -30570 19903.719
7.49 268.65089 -388.04038 21470.149 -28351.7 2409.04 -30760.8 19874.936
7.5 269.42525 -163.86015 21557.813 -28235.2 2415.98 -30651.2 19960.483
7.51 268.88661 -613.7856 21699.757 -28240 2411.15 -30651.2 20088.922
7.52 280.57231 488.54347 21579.788 -27928.4 2515.94 -30444.3 20077.094
7.53 268.74112 313.28455 21448.339 -28231.9 2409.84 -30641.8 20026.457
7.54 270.64685 107.50386 21586.666 -28086.3 2426.93 -30513.2 20108.869
7.55 271.3715 320.63168 21597.646 -28258.4 2433.43 -30691.8 20101.859
7.56 268.99504 -6.0871145 21336.832 -28351.9 2412.12 -30764.1 19935.272
7.57 273.27981 1018.5563 21313.762 -28234.8 2450.54 -30685.3 19976.504
7.58 276.05606 -525.53659 21404.488 -28083 2475.44 -30558.5 20084.972
7.59 281.41027 370.5095 21451.371 -28198.2 2523.45 -30721.7 20099.202
7.6 291.68421 -523.11156 21552.283 -28132.9 2615.58 -30748.5 20152.698
7.61 269.32345 436.60881 21302.026 -28272.7 2415.07 -30687.8 19990.908
7.62 279.87121 710.26196 21292.251 -28274.6 2509.65 -30784.3 20023.608
7.63 267.29326 745.90012 21349.039 -28367.7 2396.86 -30764.5 20052.74
7.64 282.43814 -729.57268 21655.092 -27917 2532.67 -30449.7 20336.317
7.65 290.72499 308.42653 21553.972 -28145 2606.98 -30752 20261.795
7.66 279.82139 101.64585 21709.163 -28081.7 2509.2 -30590.9 20390.83
7.67 278.11199 247.81698 21518.219 -28397.3 2493.87 -30891.2 20379.578
7.68 285.04911 251.13101 21446.842 -28095.8 2556.08 -30651.9 20379.494
7.69 265.13037 627.30503 21503.065 -28331.6 2377.47 -30709.1 20429.473
7.7 281.03802 -51.096312 21410.991 -28271.5 2520.11 -30791.6 20387.642
7.71 280.11057 175.25317 21450.216 -28223.2 2511.8 -30735 20480.259
7.72 278.29234 1217.495 21334.909 -27969.3 2495.49 -30464.8 20452.453
7.73 255.27535 -733.39753 21618.345 -28397.2 2289.09 -30686.3 20689.269
7.74 276.83984 -615.46971 21510.89 -28185.8 2482.47 -30668.3 20641.934
7.75 274.03045 796.71527 21316.716 -28124.5 2457.27 -30581.8 20544.434
7.76 270.34026 -770.01331 21493.638 -28238.1 2424.18 -30662.3 20668.4
7.77 279.33556 140.04464 21496.26 -28259.7 2504.85 -30764.6 20671.083
7.78 275.07733 985.85828 21201.849 -28260.7 2466.66 -30727.3 20548.039
7.79 273.23295 -130.56694 21440.885 -28114.8 2450.12 -30564.9 20729.515
7.8 258.82875 556.61117 21464.332 -28408 2320.96 -30729 20816.134
7.81 271.37417 -277.75241 21373.281 -28244.2 2433.46 -30677.6 20754.04
7.82 272.22148 207.99078 21437.346 -28079.7 2441.05 -30520.8 20764.906
7.83 259.07289 117.78202 21579.416 -28221.4 2323.15 -30544.5 20844.284
7.84 288.42884 -465.2228 21573.773 -28067 2586.39 -30653.4 20876.528
7.85 281.51782 857.62371 21274.3 -28112.2 2524.42 -30636.6 20690.754
7.86 275.93075 241.97914 21653.558 -28384 2474.31 -30858.3 20983.234
7.87 273.29087 -271.96217 21589.081 -28167.6 2450.64 -30618.2 20998.519
7.88 291.55065 128.50273 21533.141 -27886.1 2614.38 -30500.5 20998.514
7.89 286.76945 -1068.4 21473.583 -28218.8 2571.51 -30790.3 20941.889
7.9 268.89994 2.0233932 21408.257 -28303.9 2411.27 -30715.1 20903.635
7.91 265.1251 242.20885 21562.684 -28321.4 2377.42 -30698.8 21017.1
7.92 270.41393 92.176462 21597.331 -28419.1 2424.84 -30844 21045.444
7.93 266.33935 -665.63808 21536.639 -28188.7 2388.31 -30577 20995.183
7.94 269.8227 -85.382596 21499.505 -28308.7 2419.54 -30728.3 21031.45
7.95 283.55524 1001.714 21458.628 -27955.2 2542.68 -30497.9 21071.905
7.96 263.67231 -14.13658 21522.533 -28148.4 2364.39 -30512.8 21157.868
7.97 266.52204 -1002.4205 21494.739 -28367.2 2389.95 -30757.1 21172.521
7.98 282.97811 -1307.1743 21503.412 -28130.1 2537.51 -30667.6 21230.61
7.99 276.92448 148.1953 21548.813 -28353.3 2483.23 -30836.6 21341.16
8 273.90785 -680.21233 21539.686 -28334.1 2456.18 -30790.3 21420.444
8.01 289.15722 -311.34819 21635.146 -27953.8 2592.92 -30546.7 21485.413
8.02 282.08695 42.161388 21702.745 -28267.1 2529.52 -30796.6 21518.425
8.03 252.88616 -706.1317 21601.777 -28416.3 2267.67 -30684 21448.08
8.04 272.43653 -401.8408 21505.201 -28303.4 2442.98 -30746.3 21418.801
8.05 274.6787 249.74527 21461.268 -27926.8 2463.09 -30389.8 21353.245
8.06 273.14581 278.05668 21516.948 -28156.3 2449.34 -30605.7 21347.109
8.07 279.52215 -6.0632519 21419.257 -28150.3 2506.52 -30656.9 21292.71
8.08 265.96235 -201.68083 21525.995 -28433.9 2384.93 -30818.8 21368.176
8.09 279.63098 753.91814 21605.805 -28013.1 2507.5 -30520.6 21388.447
8.1 280.23588 603.7648 21414.48 -28325.8 2512.92 -30838.7 21324.59
8.11 255.60734 -14.736491 21400.948 -28320.7 2292.07 -30612.8 21352.894
8.12 280.6257 -185.55896 21533.254 -28072.2 2516.42 -30588.7 21445.378
8.13 282.41983 57.434345 21695.867 -28255.9 2532.5 -30788.4 21601.69
8.14 263.45024 -517.59807 21451.783 -28349.9 2362.4 -30712.3 21461.307
8.15 276.12929 -380.44178 21561.732 -28030.2 2476.1 -30506.3 21504.221
8.16 264.54696 903.34802 21452.381 -28189.5 2372.23 -30561.7 21500.523
8.17 275.95949 -235.34376 21552.025 -28354 2474.57 -30828.6 21627.732
8.18 280.19028 362.46082 21473.579 -28257.1 2512.51 -30769.6 21599.817
8.19 287.72083 1023.2469 21479.938 -28131.6 2580.04 -30711.6 21637.347
8.2 279.97844 -155.86581 21492.305 -28273 2510.61 -30783.6 21706.659
8.21 272.25546 -337.57749 21355.045 -28367.9 2441.36 -30809.2 21595.131
8.22 279.19749 31.031156 21570.71 -28284.1 2503.61 -30787.7 21801.365
8.23 280.77504 738.48264 21369.627 -28249.1 2517.75 -30766.9 21678.371
8.24 266.96293 252.83344 21540.669 -28137 2393.9 -30530.9 21782.113
8.25 263.09508 -685.02762 21603.939 -28293.8 2359.22 -30653 21899.273
8.26 286.78007 -141.16664 21542.123 -28203.5 2571.6 -30775.1 21916.292
8.27 276.25375 -172.02229 21349.34 -28009.3 2477.21 -30486.5 21875.725
8.28 269.93241 -241.45067 21567.84 -28284.7 2420.53 -30705.2 22074.322
8.29 284.66042 187.02703 21509.382 -28025.6 2552.6 -30578.2 22117.917
8.3 276.76904 1250.2766 21362.046 -28216.6 2481.83 -30698.4 22036.765
8.31 269.54855 917.88917 21461.147 -28417 2417.08 -30834.1 22073.652
8.32 277.23981 -82.743372 21502.977 -28224.2 2486.05 -30710.2 22214.588
8.33 288.57586 195.18611 21481.639 -28233.6 2587.71 -30821.3 22226.391
8.34 270.25703 737.76606 21558.798 -28451.2 2423.44 -30874.7 22304.475
8.35 270.16267 394.22821 21507.003 -28401 2422.59 -30823.6 22297.461
8.36 287.75291 314.47117 21488.271 -28114.5 2580.33 -30694.9 22288.36
8.37 279.33586 182.94945 21417.008 -28198 2504.85 -30702.9 22244.492
8.38 269.91861 610.93153 21372.543 -28053.7 2420.4 -30474.1 22190.546
8.39 266.73731 218.81812 21234.631 -28447.5 2391.88 -30839.4 22149.838
8.4 285.56125 -775.36688 21596.824 -28052.2 2560.67 -30612.8 22421.942
8.41 254.43257 -629.23392 21588.397 -28309.5 2281.54 -30591 22445.23
8.42 284.70736 368.46497 21217.718 -28160.7 2553.02 -30713.7 22221.101
8.43 272.61773 -264.12715 21603.548 -28309.4 2444.61 -30754 22565.306
8.44 261.0833 -1050.2992 21512.047 -28230.6 2341.18 -30571.8 22564.186
8.45 278.17649 -354.74191 21633.363 -28122.2 2494.45 -30616.7 22674.43
8.46 277.08808 -169.97613 21566.892 -28354.3 2484.69 -30839 22670.07
8.47 279.07325 935.34998 21131.919 -28473.1 2502.49 -30975.6 22460.934
8.48 268.24839 434.4089 21669.16 -28217 2405.43 -30622.4 22874.54
8.49 264.79013 -1521.3148 21690.861 -28219.1 2374.42 -30593.6 22984.737
8.5 269.47172 146.08223 21466.692 -28303.2 2416.4 -30719.6 22897.964
8.51 277.53895 -238.84081 21515.394 -28294.7 2488.74 -30783.4 22994.135
8.52 275.0053 168.39106 21679.916 -28172.7 2466.02 -30638.7 23101.748
8.53 274.20362 53.315117 21515.287 -28464.8 2458.83 -30923.6 23018.993
8.54 272.48064 -28.253768 21413.39 -28233.1 2443.38 -30676.5 23009.194
8.55 264.69328 -742.90468 21499.951 -28265.2 2373.55 -30638.7 23161.28
8.56 255.48182 634.80753 21541.573 -28486.3 2290.95 -30777.3 23215.508
8.57 284.69179 717.32414 21457.348 -28083 2552.88 -30635.8 23237.055
8.58 268.71678 -361.84973 21586.527 -28158.3 2409.63 -30567.9 23348.662
8.59 269.83792 182.42511 21421.033 -28357.2 2419.68 -30776.9 23295.029
8.6 278.57662 847.75169 21478.228 -28187.3 2498.04 -30685.3 23375.171
8.61 281.2863 688.70975 21555.436 -28332.4 2522.34 -30854.8 23496.332
8.62 285.23494 354.2675 21726.019 -28039 2557.75 -30596.7 23663.583
8.63 273.71965 -685.36219 21630.662 -28313.6 2454.49 -30768.1 23579.91
8.64 286.59148 -464.3584 21354.499 -28101.7 2569.91 -30671.6 23451.027
8.65 280.67436 308.34964 21423 -28151.7 2516.85 -30668.5 23546.37
8.66 275.22001 -0.77099576 21543.547 -28220.3 2467.94 -30688.2 23648.975
8.67 283.30296 -574.14861 21599.378 -28317.7 2540.42 -30858.2 23736.118
8.68 276.38065 -487.86533 21737.319 -28122.4 2478.35 -30600.8 23811.16
8.69 270.76207 -402.59095 21711.496 -28233.2 2427.97 -30661.1 23767.941
8.7 277.79367 -543.78338 21447.062 -28267.3 2491.02 -30758.4 23611.598
8.71 266.47518 -507.53313 21463.665 -28441.6 2389.53 -30831.1 23606.537
8.72 274.43604 459.82036 21566.756 -28278.2 2460.91 -30739.1 23656.888
8.73 273.07356 120.74353 21372.672 -28203 2448.69 -30651.7 23505.111
8.74 270.37181 -331.90889 21626.541 -28156.2 2424.47 -30580.6 23720.758
8.75 269.58066 -145.17029 21343.027 -28160.6 2417.37 -30578 23513.802
8.76 260.01606 -1372.7923 21628.203 -28361.3 2331.61 -30692.9 23779.407
8.77 282.17777 -160.02125 21673.291 -28252.5 2530.33 -30782.8 23837.936
8.78 268.51943 -132.61215 21272.188 -28235.2 2407.86 -30643.1 23520.953
8.79 283.07362 -70.436445 21235.49 -28229.1 2538.37 -30767.5 23469.951
8.8 281.94241 -11.665257 21584.384 -28108.4 2528.22 -30636.6 23761.009
8.81 269.36209 264.49877 21617.554 -28263.5 2415.41 -30678.9 23795.647
8.82 273.81012 -147.30516 21718.094 -28125.3 2455.3 -30580.6 23901.702
8.83 263.17264 -823.34523 21497.881 -28232.7 2359.91 -30592.6 23758.025
8.84 268.66119 -0.72592182 21544.397 -28265 2409.13 -30674.1 23818.01
8.85 268.10968 -347.26628 21618.984 -28300.9 2404.18 -30705 23906.195
8.86 264.24136 55.616027 21322.351 -28311.1 2369.49 -30680.6 23738.693
8.87 292.23018 326.2297 21540.713 -28000 2620.47 -30620.4 23992.84
8.88 266.8564 -217.66339 21553.983 -28311.8 2392.94 -30704.7 24060.548
8.89 272.93037 -615.8904 21641.233 -28060 2447.41 -30507.4 24149.795
8.9 276.85948 -1331.5665 21881.05 -28155.3 2482.64 -30638 24309.545
8.91 281.29355 77.11054 21536.621 -28022 2522.4 -30544.4 24087.318
8.92 268.92094 247.82691 21423.018 -28230.2 2411.46 -30641.7 24031.221
8.93 271.2037 -116.21906 21449.053 -28128.6 2431.93 -30560.5 24075.483
8.94 276.29478 412.10381 21294.161 -28260.8 2477.58 -30738.4 23982.093
8.95 276.03725 -390.48098 21522.614 -28207.7 2475.27 -30683 24171.36
8.96 287.06625 -404.76745 21574.325 -28134.6 2574.17 -30708.8 24279.27
8.97 270.57004 558.22749 21488.526 -28248.7 2426.24 -30675 24254.461
8.98 272.462 -268.55687 21403.434 -28344.6 2443.21 -30787.8 24215.68
8.99 283.94279 -257.07296 21293.264 -28148.2 2546.16 -30694.4 24180.903
9 271.87488 248.17685 21236.924 -28341.1 2437.95 -30779 24207.994
9.01 288.9618 -132.89901 21694.69 -28179.8 2591.17 -30771 24544.073
9.02 267.55251 -221.84968 21312.834 -28370.9 2399.19 -30770 24285.151
9.03 272.22365 -624.45777 21758.175 -28192.9 2441.07 -30634 24645.51
9.04 263.13565 -292.63615 21479.049 -28495 2359.58 -30854.6 24518.047
9.05 270.22662 -386.16421 21539.732 -28035.7 2423.17 -30458.9 24584.316
9.06 275.50248 641.67794 21383.948 -28171.2 2470.47 -30641.7 24507.639
9.07 270.43748 6.8208751 21551.343 -28319.1 2425.06 -30744.2 24721.992
9.08 278.43317 -64.903365 21402.165 -28280.8 2496.75 -30777.6 24660.286
9.09 278.48094 -30.218586 21424.754 -28127.5 2497.18 -30624.7 24717
9.1 288.36613 -515.29345 21436.288 -27948.6 2585.82 -30534.4 24807.007
9.11 286.27934 -296.78585 21232.98 -28345.1 2567.11 -30912.2 24692.111
9.12 269.76807 -402.46313 21588.551 -28218.8 2419.05 -30637.8 25004.518
9.13 268.58161 -389.31713 21564.221 -28331.9 2408.41 -30740.3 25026.914
9.14 273.66585 -623.09356 21546.311 -28350.6 2454.01 -30804.6 25067.317
9.15 278.96935 1041.1238 21495.352 -28137 2501.56 -30638.6 25091.591
9.16 281.63098 53.152301 21337.377 -28116.4 2525.43 -30641.8 24951.495
9.17 275.03218 789.33365 21537.841 -28243.1 2466.26 -30709.3 25162.263
9.18 275.57108 241.2561 21424.589 -28174.6 2471.09 -30645.7 25068.124
9.19 273.27614 56.288599 21593.687 -28350.8 2450.51 -30801.3 25278.101
9.2 271.77906 578.82596 21538.611 -28148.6 2437.09 -30585.7 25315.049
9.21 267.54473 342.47981 21490.976 -28301.1 2399.12 -30700.2 25322.037
9.22 274.84382 -611.84585 21396.36 -28136.3 2464.57 -30600.8 25266.66
9.23 272.22758 100.46228 21472.844 -28297.7 2441.11 -30738.9 25380.867
9.24 269.65515 -713.54356 21594.161 -28297.3 2418.04 -30715.4 25491.833
9.25 288.74945 -243.36129 21710.565 -27983.1 2589.26 -30572.4 25607.085
9.26 281.13281 -254.22422 21652.669 -28227.2 2520.96 -30748.1 25582.821
9.27 266.00708 -264.73508 21473.29 -28130.8 2385.33 -30516.1 25502.828
9.28 267.82866 -253.52807 21387.534 -28258.9 2401.66 -30660.6 25432.256
9.29 280.27748 109.88441 21465.711 -28106.4 2513.29 -30619.7 25591.133
9.3 281.87565 -729.05812 21462.938 -28215.7 2527.62 -30743.3 25628.505
9.31 278.70464 -770.96875 21907.128 -28129.3 2499.19 -30628.5 25956.353
9.32 260.60748 91.129012 21434.814 -28320.4 2336.91 -30657.3 25682.063
9.33 276.31969 35.324633 21617.757 -28244.8 2477.8 -30722.6 25820.087
9.34 278.20389 -100.64741 21428.93 -28293.8 2494.7 -30788.5 25685.488
9.35 272.81987 -282.79526 21599.681 -28206.6 2446.42 -30653 25916.038
9.36 267.05969 299.42424 21548.89 -28159.4 2394.77 -30554.2 25875.573
9.37 266.77952 512.76614 21533.552 -28447.1 2392.25 -30839.4 25839.831
9.38 271.20318 -1090.2987 21683.059 -28132.9 2431.92 -30564.8 25981.915
9.39 270.92001 -234.5605 21393.503 -28291.6 2429.38 -30721 25751.296
9.4 267.38151 -913.21295 21746.078 -28324.9 2397.65 -30722.6 26112.056
9.41 255.03247 51.646993 21546.881 -28255.8 2286.92 -30542.8 26023.447
9.42 268.07652 302.74664 21663.035 -28354 2403.88 -30757.8 26168.829
9.43 276.28733 -280.01561 21485.231 -28282.3 2477.51 -30759.8 26017.625
9.44 269.8754 -485.87659 21576.547 -28125.4 2420.02 -30545.4 26109.091
9.45 284.81509 -119.7553 21438.12 -28235.5 2553.98 -30789.5 25988.156
9.46 260.299 227.86012 21426.827 -28327 2334.14 -30661.1 25979.042
9.47 261.37415 -166.71472 21406.937 -28384.7 2343.78 -30728.5 26003.53
9.48 278.55617 509.18664 21630.74 -28050.1 2497.86 -30548 26208.143
9.49 265.73777 -936.20912 21654.032 -28337 2382.91 -30719.9 26297.493
9.5 269.17356 -361.56581 21522.634 -28411.2 2413.72 -30824.9 26209.073
9.51 272.06818 223.80255 21342.067 -28252.1 2439.68 -30691.8 26059.028
9.52 270.68221 -196.14485 21575.119 -28131.9 2427.25 -30559.2 26312.306
9.53 268.81351 -364.77202 21743.238 -28416.2 2410.49 -30826.7 26474.566
9.54 271.80549 -1055.5881 21588.318 -28184.5 2437.32 -30621.8 26354.67
9.55 281.1025 -199.64896 21529.892 -28185.2 2520.69 -30705.9 26374.044
9.56 269.00012 19.515682 21598.376 -28333.6 2412.17 -30745.8 26469.51
9.57 267.44596 -468.49821 21600.927 -28253 2398.23 -30651.2 26457.875
9.58 280.49638 360.08612 21471.31 -28112.4 2515.26 -30627.6 26378.085
9.59 256.93694 -38.155581 21526.567 -28427.6 2303.99 -30731.6 26428.159
9.6 288.40747 -773.8574 21669.004 -28378.7 2586.2 -30964.9 26600.008
9.61 276.20374 -372.33953 21478.038 -28251.2 2476.76 -30728 26495.079
9.62 276.7557 30.680265 21536.273 -28260.1 2481.71 -30741.8 26515.293
9.63 274.87924 -1074.3473 21695.241 -28058.9 2464.89 -30523.8 26689.832
9.64 273.40962 941.46113 21347.583 -28253.3 2451.71 -30705 26434.259
9.65 265.21017 424.48524 21397.356 -28413.4 2378.18 -30791.6 26516.271
9.66 265.44873 892.83518 21466.055 -28358.9 2380.32 -30739.2 26604.446
9.67 264.73965 895.11258 21323.667 -28447.7 2373.96 -30821.6 26495.978
9.68 257.60506 -642.53627 21549.915 -28078.2 2309.99 -30388.2 26722.928
9.69 278.70627 932.75992 21385.343 -28164.7 2499.2 -30663.9 26594.892
9.7 273.16435 1185.6543 21283.67 -28222 2449.51 -30671.5 26520.095
9.71 271.53008 293.80768 21360.116 -28379.4 2434.85 -30814.2 26563.444
9.72 272.73374 -430.0053 21433.032 -28229.4 2445.65 -30675.1 26658.291
9.73 280.6596 -339.29588 21610.127 -28335.5 2516.72 -30852.2 26856.096
9.74 275.66231 1304.2249 21374.902 -28381.6 2471.91 -30853.5 26658.825
9.75 272.92308 261.16171 21411.7 -27923.7 2447.34 -30371 26702.534
9.76 271.81082 -50.348902 21546.424 -28233.8 2437.37 -30671.2 26854.38
9.77 289.04288 211.73502 21537.128 -28150.1 2591.89 -30741.9 26881.138
9.78 267.47634 -663.53568 21461.321 -28309.7 2398.5 -30708.2 26857.294
9.79 283.6748 934.36365 21355.021 -28172.1 2543.76 -30715.8 26782.494
9.8 269.07883 -486.29503 21587.991 -28185.4 2412.87 -30598.3 27009.845
9.81 275.35356 667.23969 21510.122 -28247.3 2469.14 -30716.5 26955.243
9.82 275.41277 -1469.6563 21617.246 -28392.3 2469.67 -30862 27069.206
9.83 271.68476 -533.04621 21475.14 -28276.7 2436.24 -30712.9 26926.331
9.84 282.06927 -377.3795 21523.401 -28030.6 2529.36 -30559.9 27020.35
9.85 262.41955 -146.57679 21570.485 -28333.2 2353.16 -30686.4 27102.165
9.86 292.41637 -513.64499 21445.122 -28019.1 2622.14 -30641.2 27070.752
9.87 272.15977 511.36802 21525.462 -28359 2440.5 -30799.5 27176.262
9.88 277.67032 -830.64148 21459.972 -28192.2 2489.91 -30682.1 27152.184
9.89 260.74473 354.15673 21436.203 -28539 2338.14 -30877.2 27117.815
9.9 288.03733 352.33956 21609.029 -28095.5 2582.88 -30678.3 27252.51
9.91 266.49191 399.42733 21457.12 -28274.1 2389.68 -30663.7 27188.183
9.92 274.54939 -1208.2357 21722.873 -28479.4 2461.93 -30941.3 27463.534
9.93 260.40442 104.288 21374.59 -28288.3 2335.09 -30623.4 27226.331
9.94 278.65765 -946.52761 21508.993 -28348.8 2498.77 -30847.5 27328.123
9.95 263.21751 -166.06534 21544.067 -28420.7 2360.31 -30781 27376.279
9.96 274.51218 156.19102 21302.521 -28243.7 2461.59 -30705.3 27199.085
9.97 273.16704 -907.91105 21585.58 -28133.6 2449.53 -30583.1 27481.376
9.98 269.55128 -779.51552 21457.538 -28265 2417.11 -30682.1 27389.573
