0 273.33934 87.119259 21727.859 -29837.8 2451.08 -32288.9 6.6921546
0.01 284.08334 8.2956598 21844.372 -29526.1 2547.42 -32073.5 20.224474
0.02 279.28251 57.840845 21701.519 -29729.6 2504.37 -32234 33.901562
0.03 273.0669 -383.71181 21888 -29441.6 2448.63 -31890.3 44.607975
0.04 274.45831 -719.86249 21911.336 -29436.4 2461.11 -31897.5 59.016717
0.05 274.84367 -765.86186 21840.519 -29137.1 2464.57 -31601.6 76.136981
0.06 263.77108 264.29675 21632.666 -29488.9 2365.28 -31854.2 85.91203
0.07 263.07252 -671.84046 21871.15 -29332.8 2359.01 -31691.8 102.33134
0.08 268.13806 -37.829449 21665.665 -29211.3 2404.44 -31615.7 117.52298
0.09 270.90746 -1354.2193 21876.794 -29066 2429.27 -31495.3 126.55669
0.1 279.36864 31.975819 21665.197 -28669.3 2505.14 -31174.5 142.79448
0.11 273.98664 -215.65689 21459.946 -28453.3 2456.88 -30910.2 158.64802
0.12 278.78878 -214.91781 21455.45 -28092.1 2499.94 -30592 181.49767
0.13 271.48792 -359.65726 21638.216 -28280.3 2434.48 -30714.8 210.67309
0.14 267.35186 670.44262 21261.981 -28234.4 2397.39 -30631.8 234.67771
0.15 269.03368 752.27908 21690.256 -28088.9 2412.47 -30501.4 258.69082
0.16 269.25662 97.355648 21476.324 -28300.3 2414.47 -30714.8 293.17534
0.17 281.30065 170.8124 21441.474 -28101.5 2522.47 -30624 319.95494
0.18 286.92884 650.63928 21421.278 -28019.2 2572.94 -30592.2 353.01682
0.19 271.51004 -1155.8064 21705.018 -28222.6 2434.67 -30657.3 386.84142
0.2 274.72014 673.44067 21427.825 -28100.6 2463.46 -30564 420.58549
0.21 268.54454 -542.61676 21760.52 -28184.5 2408.08 -30592.5 450.91003
0.22 264.74639 155.21343 21426.35 -28458.2 2374.02 -30832.2 482.40515
0.23 275.7748 457.52441 21311.307 -28237.1 2472.92 -30710.1 522.62798
0.24 274.94219 445.14233 21540.717 -28161 2465.45 -30626.5 553.97279
0.25 267.45804 602.70112 21564.791 -28317 2398.34 -30715.4 586.45352
0.26 275.89643 47.57957 21498.074 -28210.3 2474.01 -30684.3 608.85276
0.27 263.67628 -547.11392 21683.941 -28307.2 2364.43 -30671.7 647.30719
0.28 270.28447 -635.82317 21433.212 -28244.7 2423.68 -30668.4 674.36183
0.29 280.33521 -695.47526 21792.729 -28250.4 2513.81 -30764.2 706.56933
0.3 284.28648 -183.81429 21581.852 -28103.1 2549.24 -30652.3 722.43176
0.31 275.70754 -80.31903 21457.395 -28213.7 2472.31 -30686 747.80817
0.32 262.72451 37.237276 21450.033 -28335.8 2355.89 -30691.7 773.02315
0.33 296.14326 143.16639 21503.003 -28119.3 2655.56 -30774.8 794.708
0.34 277.42428 912.47628 21282.571 -28182.7 2487.71 -30670.4 819.23436
0.35 277.96113 -425.17835 21589.167 -28341.1 2492.52 -30833.7 848.86542
0.36 274.26786 375.44534 21165.899 -28369.4 2459.4 -30828.8 876.97841
0.37 275.42125 -3.7560553 21556.656 -28160.3 2469.75 -30630.1 922.03229
0.38 275.52986 720.82062 21416.169 -28090.8 2470.72 -30561.5 954.45953
0.39 288.20223 -14.920573 21470.857 -28087.1 2584.36 -30671.5 977.86113
0.4 273.34337 -245.67875 21519.394 -28413.2 2451.11 -30864.3 1001.4672
0.41 267.5127 -788.60331 21805.829 -28263.8 2398.83 -30662.6 1041.4391
0.42 277.84525 65.064984 21417.138 -28293.4 2491.48 -30784.9 1061.3062
0.43 297.05658 98.088774 21395.137 -28041.3 2663.75 -30705.1 1087.4621
0.44 268.75479 -171.16869 21462.185 -28105.3 2409.97 -30515.3 1116.6526
0.45 270.88748 -164.76493 21361.785 -28299.3 2429.09 -30728.4 1140.859
0.46 259.3039 -46.210448 21570.191 -28328.7 2325.22 -30653.9 1170.6775
0.47 270.62662 -168.9141 21474.797 -28398.1 2426.75 -30824.9 1195.7106
0.48 271.72701 -128.38444 21527.726 -28181.2 2436.62 -30617.8 1228.8565
0.49 276.12486 -8.4426896 21524.02 -28274.4 2476.06 -30750.5 1252.1938
0.5 273.33265 -260.24291 21600.152 -28175.4 2451.02 -30626.4 1288.9284
0.51 263.37841 172.88887 21511.469 -28434.7 2361.76 -30796.5 1310.1774
0.52 283.72524 765.74941 21172.065 -28085.3 2544.21 -30629.5 1309.0246
0.53 262.10039 -834.17815 21643.163 -28291.1 2350.3 -30641.4 1371.5515
0.54 274.49619 -739.02098 21514.745 -28183.6 2461.45 -30645.1 1410.8476
0.55 259.18837 -680.94156 21451.021 -28286.8 2324.18 -30611 1429.059
0.56 290.28995 -716.36616 21645.667 -28070.1 2603.08 -30673.2 1461.488
0.57 283.81086 732.40651 21446.407 -28152.4 2544.98 -30697.3 1480.9886
0.58 269.1559 83.183224 21514.495 -28161.2 2413.56 -30574.8 1523.9798
0.59 272.45778 -19.727202 21475.392 -28163.5 2443.17 -30606.6 1563.5699
0.6 266.35904 419.81963 21672.153 -28222.8 2388.48 -30611.3 1598.119
0.61 270.12415 -124.16464 21470.2 -28145.1 2422.25 -30567.3 1602.3182
0.62 276.74078 -709.09106 21508.751 -28105.3 2481.58 -30586.9 1626.8851
0.63 277.18802 -600.16055 21611.107 -28274.2 2485.59 -30759.8 1660.1706
0.64 272.85425 -1182.7875 21678.731 -28105.5 2446.73 -30552.3 1688.7114
0.65 277.22492 -899.12891 21572.612 -28307.8 2485.92 -30793.7 1708.1199
0.66 266.21467 137.65759 21456.25 -28302.4 2387.19 -30689.6 1730.3661
0.67 273.45487 -1063.4161 21588.264 -28244.6 2452.11 -30696.7 1743.9761
0.68 275.84133 -1146.3439 21742.876 -28107.6 2473.51 -30581.2 1789.0373
0.69 292.92383 308.13639 21454.532 -28151.2 2626.69 -30777.9 1798.8162
0.7 261.24449 450.04782 21429.776 -28487.9 2342.62 -30830.5 1818.2744
0.71 262.36631 1120.8162 21277.853 -28360.2 2352.68 -30712.8 1836.3681
0.72 282.48134 -999.41983 21751.977 -28070.1 2533.06 -30603.1 1879.8999
0.73 269.0105 1126.1878 21304.888 -28274.3 2412.26 -30686.5 1882.5988
0.74 279.26229 216.72752 21590.624 -28132.2 2504.19 -30636.4 1940.9547
0.75 279.42053 239.29969 21361.967 -28208.6 2505.61 -30714.2 1945.8155
0.76 268.46825 -329.34561 21575.306 -28229.9 2407.4 -30637.3 2005.8879
0.77 275.61728 -414.41139 21540.472 -28142.5 2471.5 -30614 2019.657
0.78 286.68254 -690.11545 21641.799 -27940.8 2570.73 -30511.5 2051.7518
0.79 267.11012 -303.65039 21559.214 -28272.6 2395.22 -30667.9 2050.5915
0.8 265.91306 -351.33189 21544.976 -28205.6 2384.48 -30590.1 2066.4666
0.81 271.41879 349.16753 21440.038 -28300.7 2433.86 -30734.6 2089.8707
0.82 270.79447 -35.383179 21590.219 -28430.2 2428.26 -30858.4 2122.7383
0.83 275.47694 -505.24475 21407.923 -28142.6 2470.25 -30612.9 2140.1322
0.84 264.23648 -1266.1395 21454.655 -28444.6 2369.45 -30814 2178.7479
0.85 284.56941 472.09869 21495.981 -28124 2551.78 -30675.8 2201.4171
0.86 279.58876 858.08992 21307.602 -28208.4 2507.12 -30715.6 2213.1338
0.87 275.4291 806.06246 21557.992 -28169.7 2469.82 -30639.5 2240.7815
0.88 276.25843 -177.69413 21371.657 -28202.1 2477.25 -30679.4 2267.3131
0.89 259.36427 773.2387 21359.847 -28495 2325.76 -30820.7 2299.4008
0.9 276.5933 -68.373858 21558.082 -28222.5 2480.26 -30702.7 2326.8806
0.91 284.9736 -75.878391 21623.879 -28278.8 2555.4 -30834.2 2364.3251
0.92 278.13992 -165.2616 21546.594 -28147.6 2494.12 -30641.8 2377.574
0.93 263.28268 955.78366 21414.511 -28316.8 2360.9 -30677.7 2404.7791
0.94 264.86208 10.619537 21537.297 -28198.6 2375.06 -30573.6 2450.3519
0.95 262.50116 -496.59896 21627.271 -28167.7 2353.89 -30521.6 2474.506
0.96 262.47842 494.80707 21130.185 -28389.3 2353.69 -30743 2468.3002
0.97 269.66049 -118.60493 21590.196 -28279.2 2418.09 -30697.3 2527.9627
0.98 268.27563 -754.13274 21610.916 -28249.2 2405.67 -30654.9 2568.2831
0.99 275.76666 807.00348 21460.599 -28233.4 2472.84 -30706.3 2565.1782
1 266.34129 324.43086 21512.681 -28243.8 2388.32 -30632.1 2586.8062
1.01 272.95931 -192.87034 21505.216 -28249.6 2447.67 -30697.3 2607.8508
1.02 269.47263 92.519372 21267.925 -28296.7 2416.4 -30713.1 2624.9335
1.03 279.60672 179.26961 21567.767 -28200.4 2507.28 -30707.7 2690.44
1.04 285.99592 544.13176 21439.198 -28170.2 2564.57 -30734.8 2730.0212
1.05 292.84455 579.65773 21494.936 -27938.6 2625.98 -30564.6 2738.3846
1.06 276.44874 600.30466 21389.075 -28109 2478.96 -30588 2751.1123
1.07 275.51433 249.4282 21341.811 -28372.8 2470.58 -30843.3 2795.3451
1.08 270.66154 -234.1793 21532.34 -28142.5 2427.07 -30569.5 2864.5068
1.09 279.36957 318.04682 21540.12 -28284.1 2505.15 -30789.3 2907.0043
1.1 268.10467 -576.7003 21469.904 -28210.4 2404.14 -30614.6 2934.637
1.11 278.32181 -1223.0783 21736.031 -28387.7 2495.76 -30883.5 2987.7029
1.12 268.82666 0.60632605 21586.54 -28191.7 2410.61 -30602.3 3003.1139
1.13 274.93641 690.15093 21336.474 -28283.2 2465.4 -30748.6 3018.9298
1.14 273.69821 36.539904 21373.707 -28197.5 2454.3 -30651.8 3032.9154
1.15 265.56745 -194.74799 21524.152 -28285.8 2381.39 -30667.1 3081.5211
1.16 271.80524 54.003317 21452.38 -28439 2437.32 -30876.3 3111.7327
1.17 278.58242 751.50744 21418.61 -28007.7 2498.09 -30505.8 3142.8764
1.18 260.57659 -755.1027 21552.677 -28263 2336.63 -30599.6 3179.7254
1.19 288.32535 -250.19804 21668.372 -27890 2585.46 -30475.5 3239.8569
1.2 286.85827 -97.613987 21581.012 -28062.3 2572.3 -30634.6 3271.1078
1.21 273.07205 216.32855 21340.535 -28255.1 2448.68 -30703.8 3282.9649
1.22 259.26428 519.01271 21436.217 -28362.7 2324.86 -30687.6 3321.09
1.23 283.91575 332.5017 21414.598 -28130.1 2545.92 -30676 3342.146
1.24 282.42769 47.597695 21665.741 -28215.1 2532.57 -30747.7 3406.8245
1.25 270.8176 1044.8124 21268.57 -28255.8 2428.46 -30684.2 3403.3882
1.26 274.42534 297.17981 21489.349 -28115.6 2460.82 -30576.4 3460.0829
1.27 270.61324 -261.48096 21747.148 -28171.7 2426.63 -30598.3 3514.3756
1.28 260.61232 216.05675 21323.137 -28340.3 2336.95 -30677.3 3498.5541
1.29 277.18666 416.49398 21537.426 -28156.5 2485.58 -30642.1 3534.9236
1.3 271.98692 -35.935295 21425.269 -28173.1 2438.95 -30612.1 3564.6928
1.31 272.96136 216.28119 21339.437 -28373.4 2447.69 -30821.1 3579.1802
1.32 279.60246 -869.59033 21528.584 -28096.7 2507.24 -30603.9 3634.3607
1.33 274.07777 641.04555 21469.579 -27947.4 2457.7 -30405.1 3680.0261
1.34 272.63564 278.83121 21557.928 -28197.6 2444.77 -30642.3 3715.2818
1.35 259.04735 335.19483 21454.521 -28480.5 2322.92 -30803.5 3748.4453
1.36 275.95587 -29.636032 21534.726 -28126.6 2474.54 -30601.1 3760.6348
1.37 281.91928 -522.8533 21463.569 -28019.3 2528.01 -30547.3 3767.8355
1.38 284.25115 319.81312 21448.745 -28157.7 2548.93 -30706.6 3799.7862
1.39 281.24707 -100.21266 21585.561 -28100.9 2521.99 -30622.9 3849.113
1.4 273.37857 -9.9431469 21494.354 -28278.3 2451.43 -30729.7 3855.7508
1.41 284.44873 925.6476 21607.875 -28109 2550.7 -30659.7 3896.7074
1.42 282.3817 -79.405836 21400.981 -27931.6 2532.16 -30463.8 3895.0731
1.43 263.05488 -795.55734 21357.027 -28265.9 2358.85 -30624.8 3944.338
1.44 284.93758 906.61882 21377.501 -28125.7 2555.08 -30680.8 3985.9763
1.45 287.7505 1471.916 21221.284 -28224 2580.3 -30804.3 3995.6418
1.46 270.91391 -158.07451 21622.846 -28178 2429.33 -30607.3 4088.5609
1.47 263.24089 -134.35736 21476.491 -28201 2360.52 -30561.5 4091.6735
1.48 296.34226 154.06078 21359.651 -27984.2 2657.35 -30641.5 4089.9842
1.49 288.36673 656.66871 21358.214 -28188.5 2585.83 -30774.3 4105.2099
1.5 271.12191 -334.2725 21356.429 -28246.9 2431.19 -30678.1 4149.0045
1.51 263.18113 -104.69896 21491.044 -28406.8 2359.99 -30766.7 4213.6108
1.52 276.26184 410.24375 21345.233 -28085 2477.28 -30562.3 4211.9235
1.53 286.64905 -676.32504 21623.861 -28020.7 2570.43 -30591.2 4310.769
1.54 272.24846 -99.680521 21462.881 -28110.4 2441.3 -30551.7 4331.4936
1.55 280.27297 417.64862 21302.503 -28231.3 2513.25 -30744.6 4342.1694
1.56 275.62225 105.41972 21331.172 -28500.3 2471.55 -30971.8 4399.5058
1.57 271.35131 -1181.963 21566.603 -28093.2 2433.25 -30526.5 4444.5851
1.58 296.22536 -474.32416 21670.712 -27803.7 2656.3 -30460 4498.9844
1.59 269.41701 257.85755 21407.265 -28161.5 2415.91 -30577.4 4499.8988
1.6 266.53049 37.635496 21357.479 -28299.3 2390.02 -30689.3 4526.1336
1.61 265.28371 -50.246736 21439.454 -28305.5 2378.84 -30684.3 4557.3278
1.62 281.79918 -243.18462 21530.405 -27948.6 2526.94 -30475.5 4600.5026
1.63 272.62472 233.64181 21606.267 -28281 2444.67 -30725.7 4654.9663
1.64 276.602 384.16467 21527.478 -28117.6 2480.33 -30597.9 4707.7318
1.65 265.89246 -384.85906 21468.627 -28317.3 2384.3 -30701.6 4725.3917
1.66 268.43871 1197.3291 21416.085 -28298.8 2407.13 -30705.9 4754.22
1.67 278.01948 -347.28435 21568.968 -28192.8 2493.04 -30685.9 4805.1585
1.68 267.84572 208.06195 21462.913 -28139 2401.82 -30540.9 4827.3336
1.69 283.83603 313.72272 21579.9 -28258.7 2545.2 -30803.9 4878.4374
1.7 269.01127 -488.1657 21670.374 -28126.5 2412.27 -30538.8 4929.3883
1.71 276.35181 -909.69724 21729.405 -28306.1 2478.09 -30784.2 4986.5142
1.72 276.88053 -156.48754 21537.181 -28074.1 2482.83 -30556.9 4986.4419
1.73 259.26461 537.07665 21316.354 -28289.7 2324.87 -30614.5 4996.743
1.74 286.24957 -545.1123 21723.299 -28093.6 2566.85 -30660.4 5094.3951
1.75 266.93054 -879.60049 21643.661 -28280 2393.61 -30673.6 5086.2672
1.76 272.14255 -457.97298 21579.029 -28059.8 2440.35 -30500.2 5098.0041
1.77 268.33924 -575.45888 21448.039 -28250 2406.24 -30656.2 5116.0174
1.78 267.14249 -1221.4115 21638.898 -28380.1 2395.51 -30775.6 5192.1244
1.79 270.47013 -317.06605 21416.051 -28371.8 2425.35 -30797.2 5191.881
1.8 265.18648 690.66615 21412.381 -28172.3 2377.97 -30550.2 5200.3875
1.81 276.79543 -45.635968 21371.183 -28412.9 2482.07 -30895 5216.2458
1.82 268.70682 -413.83125 21627.609 -28222.9 2409.54 -30632.4 5289.1509
1.83 280.93425 519.53277 21425.663 -28315.9 2519.18 -30835.1 5272.9512
1.84 265.38364 -538.2248 21330.294 -28217.9 2379.74 -30597.7 5267.956
1.85 266.61369 -725.91488 21523.838 -28301 2390.77 -30691.8 5378.8635
1.86 282.05957 -996.89937 21549.027 -28155.4 2529.27 -30684.6 5374.4588
1.87 265.84501 -22.407891 21255.669 -28356.9 2383.87 -30740.7 5327.5786
1.88 273.08413 -25.929126 21584.453 -28080.6 2448.79 -30529.3 5449.4363
1.89 275.62865 11.540254 21571.633 -28179.5 2471.61 -30651.1 5499.787
1.9 268.02265 -910.48474 21743.006 -28435.7 2403.4 -30839.1 5554.8972
1.91 267.25547 -1583.1492 21718.974 -28148.1 2396.52 -30544.7 5587.6983
1.92 264.57957 216.94432 21346.333 -28387.2 2372.53 -30759.7 5529.7893
1.93 273.88789 -223.89591 21640.108 -28325.3 2456 -30781.3 5627.2652
1.94 272.38886 13.999018 21588.223 -28126.4 2442.55 -30569 5643.6237
1.95 283.90478 269.87608 21396.158 -28126.9 2545.82 -30672.7 5638.4441
1.96 256.33858 -208.08841 21444.302 -28400.1 2298.63 -30698.8 5689.8037
1.97 266.46705 240.95652 21501.121 -28161.5 2389.45 -30551 5749.3939
1.98 262.20029 -116.14582 21281.86 -28481.1 2351.19 -30832.2 5739.0106
1.99 270.32303 184.43646 21414.257 -28195.3 2424.03 -30619.3 5808.3778
2 254.32884 -367.40121 21556.639 -28373.4 2280.61 -30654 5828.9969
2.01 270.39084 987.12328 21422.649 -28228.3 2424.64 -30653 5822.1862
2.02 270.07885 409.28309 21435.523 -28329.9 2421.84 -30751.7 5856.7283
2.03 296.59835 955.45494 21461.232 -27912.1 2659.64 -30571.7 5892.5616
2.04 276.92407 826.75007 21248.01 -28265.7 2483.22 -30748.9 5897.1424
2.05 276.12305 -602.8584 21551.847 -28273.5 2476.04 -30749.6 5965.5444
2.06 277.10596 -714.62637 21659.732 -28069.9 2484.85 -30554.7 6012.1954
2.07 274.69169 991.58922 21411.144 -28009.5 2463.2 -30472.7 5991.9673
2.08 268.62177 -313.56918 21560.318 -28276.6 2408.77 -30685.4 6038.3048
2.09 287.71135 319.74919 21420.34 -28089 2579.95 -30668.9 6047.7136
2.1 256.90835 -373.95455 21678.234 -28097.5 2303.74 -30401.2 6120.6777
2.11 264.92959 -1000.9601 21603.385 -28298.1 2375.67 -30673.8 6118.0925
2.12 270.41523 458.02333 21243.402 -28371.9 2424.86 -30796.7 6096.3652
2.13 276.70518 -991.98492 21607.498 -28086.4 2481.26 -30567.7 6195.064
2.14 262.49668 -236.03684 21503.896 -28465.6 2353.85 -30819.5 6210.7942
2.15 265.24012 498.46079 21705.078 -28279.9 2378.45 -30658.3 6261.1365
2.16 271.94229 331.21728 21383.905 -28318.4 2438.55 -30757 6225.9315
2.17 254.6486 182.65954 21454.393 -28185.4 2283.47 -30468.9 6264.8303
2.18 276.19446 7.961406 21515.314 -28298.6 2476.68 -30775.2 6286.9869
2.19 283.82941 329.41173 21459.577 -28078.2 2545.14 -30623.4 6298.4788
2.2 267.82627 -941.1441 21624.859 -28261.3 2401.64 -30663 6328.1263
2.21 270.00238 -253.3671 21582.027 -28068.4 2421.15 -30489.6 6333.1675
2.22 260.22217 -740.1157 21647.965 -28340.8 2333.45 -30674.3 6376.1081
2.23 261.72918 1266.2578 21389.628 -28217.5 2346.97 -30564.5 6358.5059
2.24 275.50136 730.49597 21317.314 -28329 2470.46 -30799.5 6350.1276
2.25 266.16705 491.07144 21468.285 -28123.2 2386.76 -30510 6368.5926
2.26 266.56924 817.26946 21340.25 -28286.2 2390.37 -30676.6 6383.0862
2.27 268.84817 -316.11117 21528.234 -28188.7 2410.8 -30599.5 6454.1048
2.28 259.6122 -499.33385 21669.405 -28038.9 2327.98 -30366.9 6486.6103
2.29 285.97655 827.74798 21421.437 -28211.6 2564.4 -30776 6440.8219
2.3 262.5042 14.288068 21552.239 -28283.2 2353.92 -30637.2 6436.5793
2.31 271.68113 167.8649 21471.615 -28296.2 2436.21 -30732.4 6446.5887
2.32 275.73377 361.32024 21437.58 -28132.1 2472.55 -30604.6 6429.1784
2.33 269.72794 -171.07712 21530.834 -28298.4 2418.69 -30717.1 6448.5925
2.34 282.04572 858.51993 21270.44 -27987.2 2529.15 -30516.4 6418.2383
2.35 273.12861 182.0576 21684.068 -28276.9 2449.19 -30726.1 6549.3579
2.36 255.86792 -787.65202 21515.272 -28392.3 2294.41 -30686.7 6531.8718
2.37 265.52329 544.64318 21587.931 -28104.3 2380.99 -30485.3 6597.0692
2.38 275.24207 618.08809 21430.387 -27943.5 2468.14 -30411.7 6616.6168
2.39 263.60778 -14.819632 21403.209 -28352.5 2363.81 -30716.3 6594.4059
2.4 284.41502 258.60503 21443.898 -27830 2550.39 -30380.4 6629.8351
2.41 265.58729 238.02946 21451.005 -28221.5 2381.56 -30603 6654.5079
2.42 277.02775 -22.716533 21424.866 -28307.6 2484.15 -30791.7 6690.8866
2.43 260.27763 170.01192 21367.253 -28378.4 2333.95 -30712.4 6716.9709
2.44 268.60686 -488.9159 21488.772 -28268.3 2408.64 -30677 6781.5166
2.45 262.30985 -527.7898 21630.255 -28440.2 2352.17 -30792.4 6811.858
2.46 277.14601 -1018.2659 21664.488 -28191.8 2485.21 -30677 6871.2043
2.47 275.38294 665.47139 21217.591 -28158.3 2469.4 -30627.7 6833.6569
2.48 279.80384 143.42569 21527.118 -28047 2509.05 -30556.1 6936.707
2.49 267.16314 -1209.5449 21662.336 -28295.7 2395.69 -30691.4 6990.8605
2.5 288.83279 446.82435 21605.187 -28048.6 2590.01 -30638.6 7021.9464
2.51 276.98565 378.92917 21358.714 -28300.4 2483.77 -30784.2 7013.7221
2.52 278.63333 -191.24209 21710.668 -28117.9 2498.55 -30616.4 7152.4109
2.53 280.91159 33.537736 21424.921 -28123.3 2518.98 -30642.3 7110.207
2.54 284.6908 211.53695 21463.159 -28183.1 2552.87 -30735.9 7158.3346
2.55 279.98937 -613.29128 21599.882 -28013.2 2510.71 -30523.9 7201.2048
2.56 259.9425 169.12449 21366.146 -28237.7 2330.95 -30568.7 7206.4633
2.57 278.47785 -292.24501 21527.905 -28161.9 2497.16 -30659 7268.6414
2.58 272.88414 -466.83591 21341.002 -28246.2 2447 -30693.2 7315.7649
2.59 289.66111 -113.90505 21584.323 -28099.8 2597.44 -30697.2 7357.3688
2.6 270.09332 -637.01767 21592.299 -28248.7 2421.97 -30670.7 7380.7238
2.61 270.66431 675.64617 21367.992 -28111.1 2427.09 -30538.2 7408.9026
2.62 285.8015 256.08542 21546.248 -28090.2 2562.83 -30653.1 7472.3717
2.63 287.13342 66.196966 21484.514 -28137.3 2574.77 -30712.1 7460.1494
2.64 256.17996 -737.39214 21649.183 -28113.2 2297.21 -30410.4 7529.3785
2.65 281.13682 -161.9456 21495.349 -28323.6 2521 -30844.6 7522.3921
2.66 276.93135 -1065.0451 21568.633 -27893.9 2483.29 -30377.2 7610.3634
2.67 260.43508 -431.86642 21468.226 -28290.7 2335.36 -30626 7600.8543
2.68 276.94324 -698.0955 21722.19 -28085.4 2483.39 -30568.8 7697.3727
2.69 263.89245 -599.95485 21611.602 -28201.9 2366.37 -30568.3 7701.3816
2.7 273.20833 1106.7972 21374.16 -28430.4 2449.9 -30880.3 7649.6892
2.71 281.55577 -74.872756 21396.075 -28312.7 2524.76 -30837.4 7680.3832
2.72 266.10866 336.38106 21539.733 -28376.2 2386.24 -30762.4 7760.4302
2.73 276.97604 464.80449 21412.977 -28189.7 2483.69 -30673.4 7757.5274
2.74 291.16848 512.16248 21403.171 -28147.1 2610.95 -30758 7791.4176
2.75 273.46901 402.45679 21417.986 -28189 2452.24 -30641.2 7826.3673
2.76 281.77105 320.77612 21360.548 -28197.9 2526.69 -30724.6 7862.3134
2.77 298.08193 -535.47344 21644.594 -28123.8 2672.95 -30796.7 7963.4871
2.78 274.03338 96.608312 21512.078 -28158.3 2457.3 -30615.6 7938.0263
2.79 262.71314 -61.433748 21495.639 -28421.8 2355.79 -30777.6 7972.7752
2.8 277.20772 81.626362 21517.221 -28185.6 2485.77 -30671.4 8029.5493
2.81 259.92331 -9.4209283 21380.589 -28442.9 2330.77 -30773.7 8027.3152
2.82 277.41249 -305.79069 21652.379 -28264 2487.6 -30751.6 8094.6419
2.83 274.97424 891.2603 21467.912 -28071.3 2465.74 -30537.1 8058.1072
2.84 273.38393 1032.7399 21391.179 -28087.1 2451.48 -30538.6 8065.303
2.85 279.63811 516.29645 21384.846 -28100.7 2507.56 -30608.3 8067.0461
2.86 270.21011 -41.679709 21481.371 -28413 2423.02 -30836 8125.1502
2.87 281.38017 -132.19596 21448.963 -28161.1 2523.18 -30684.3 8172.0146
2.88 278.85743 -249.85239 21566.127 -28269.1 2500.56 -30769.7 8218.6682
2.89 267.98965 -339.51734 21419.644 -28224.9 2403.11 -30628 8221.0677
2.9 295.64542 117.26826 21747.856 -28107.1 2651.1 -30758.2 8345.8087
2.91 283.72039 230.75382 21437.16 -28023.7 2544.17 -30567.9 8326.2725
2.92 267.25408 -762.80334 21780.849 -28364.7 2396.51 -30761.2 8445.4489
2.93 274.65426 -221.53394 21594.995 -28074.2 2462.87 -30537.1 8390.4468
2.94 278.35248 -465.72275 21593.818 -28090.8 2496.03 -30586.8 8426.6369
2.95 257.93972 -31.817548 21484.547 -28491.5 2312.99 -30804.5 8434.7775
2.96 280.05981 110.17346 21354.467 -28194.8 2511.34 -30706.1 8450.6262
2.97 277.33028 88.682737 21522.004 -28086.8 2486.86 -30573.6 8514.905
2.98 278.69942 -512.05631 21534.269 -28037.9 2499.14 -30537 8537.3378
2.99 268.01487 357.67043 21427.458 -28471.8 2403.33 -30875.1 8551.3494
3 280.00163 -634.4916 21664.259 -28218.3 2510.82 -30729.2 8625.9204
3.01 282.50156 725.08175 21151.11 -28198.6 2533.24 -30731.8 8526.8792
3.02 261.32807 608.0222 21361.782 -28358.6 2343.37 -30702 8613.6655
3.03 283.3934 5.0822249 21477.524 -28088.7 2541.23 -30630 8644.143
3.04 275.75599 -53.059805 21683.341 -28179.3 2472.75 -30652 8688.7856
3.05 274.42589 328.40461 21433.298 -28251 2460.82 -30711.9 8639.3647
3.06 264.14425 722.84796 21322.425 -28204.5 2368.62 -30573.2 8649.5958
3.07 291.9975 154.95701 21799.021 -28022.8 2618.39 -30641.2 8846.4277
3.08 274.84679 422.002 21385.533 -28117.6 2464.59 -30582.2 8803.5811
3.09 267.83765 391.21028 21402.855 -28111.2 2401.74 -30513 8780.1813
3.1 270.82364 -10.491713 21764.928 -28293.3 2428.52 -30721.9 8873.2821
3.11 283.98497 488.63554 21442.175 -28247.9 2546.54 -30794.5 8814.0341
3.12 269.20522 763.60577 21484.737 -28284.8 2414.01 -30698.8 8816.3225
3.13 283.28815 330.37846 21522.809 -28195.4 2540.29 -30735.7 8874.6524
3.14 272.9375 487.43804 21224.293 -28504.5 2447.47 -30952 8833.1498
3.15 274.6426 -449.44208 21484.06 -28297.3 2462.76 -30760 8914.1464
3.16 275.09495 165.08114 21466.104 -28151.9 2466.82 -30618.8 8941.8726
3.17 274.28298 112.74958 21426.823 -28175.9 2459.54 -30635.4 8947.6023
3.18 257.5574 77.399968 21556.889 -28317.1 2309.56 -30626.6 9036.3006
3.19 274.66193 -25.838098 21278.716 -28155.3 2462.94 -30618.2 9016.2256
3.2 278.8322 803.18986 21391.977 -28065.8 2500.33 -30566.1 9085.3057
3.21 280.89908 -270.6629 21541.343 -28238.9 2518.87 -30757.8 9178.1189
3.22 288.09664 706.48718 21266.992 -28174.4 2583.41 -30757.8 9118.7472
3.23 271.32498 394.12317 21553.173 -28066.4 2433.01 -30499.4 9308.8612
3.24 263.74305 767.83354 21347.041 -28382 2365.03 -30747.1 9307.8585
3.25 275.69338 584.7532 21400.902 -28087.9 2472.19 -30560.1 9321.8895
3.26 287.4314 -62.771509 21624.16 -28189.9 2577.44 -30767.3 9401.4886
3.27 276.66848 472.13806 21382.574 -28189.5 2480.93 -30670.4 9364.6561
3.28 269.51548 -759.50016 21637.582 -28228.1 2416.79 -30644.9 9450.9472
3.29 266.11592 -422.14896 21414.8 -28340.2 2386.3 -30726.5 9417.4508
3.3 285.13206 894.67849 21539.718 -27966.5 2556.82 -30523.3 9483.7208
3.31 273.38173 870.14623 21329.424 -28262.8 2451.46 -30714.3 9417.5263
3.32 272.71515 -310.88125 21447.229 -28189.7 2445.48 -30635.2 9465.669
3.33 269.84487 -75.985501 21311.567 -28277.2 2419.74 -30697 9505.923
3.34 275.10102 -536.74201 21643.401 -28071.3 2466.87 -30538.1 9585.31
3.35 274.59356 -231.40484 21269.649 -28207.1 2462.32 -30669.4 9522.3761
3.36 265.3497 0.42900356 21624.29 -28287.6 2379.43 -30667.1 9709.7686
3.37 291.15436 638.36253 21398.245 -28101.7 2610.83 -30712.6 9697.4136
3.38 260.95611 479.2682 21566.036 -28304 2340.03 -30644.1 9783.314
3.39 263.36683 -661.74941 21469.763 -28299.8 2361.65 -30661.4 9789.352
3.4 265.76178 718.01698 21246.395 -28444.9 2383.13 -30828.1 9751.7578
3.41 281.56975 -444.69158 21667.914 -28130.9 2524.88 -30655.7 9904.6464
3.42 274.99595 1175.776 21394.026 -28269 2465.93 -30735 9848.9706
3.43 266.14677 -474.04173 21520.122 -28278.6 2386.58 -30665.1 9901.4032
3.44 283.22612 350.40274 21475.834 -28204.6 2539.73 -30744.3 9909.6459
3.45 269.15936 -546.0818 21649.742 -28127.9 2413.59 -30541.5 9968.3344
3.46 277.69525 79.447486 21390.561 -28205.5 2490.14 -30695.6 9941.2732
3.47 271.01068 -30.628746 21547.924 -28238 2430.2 -30668.2 9986.6024
3.48 268.32671 199.2893 21483.804 -28421.6 2406.13 -30827.8 10006.503
3.49 275.9678 -439.69518 21538.714 -28134.6 2474.65 -30609.2 10040.728
3.5 262.25461 666.88798 21644.523 -28227.9 2351.68 -30579.6 10079.778
3.51 273.17157 852.42201 21217.95 -28208.5 2449.57 -30658.1 9957.5375
3.52 287.21481 -247.72891 21305.467 -28073.1 2575.5 -30648.6 9967.7395
3.53 258.48923 -127.30863 21563.186 -28213.1 2317.91 -30531 10063.807
3.54 294.26495 -146.78719 21429.584 -28037.3 2638.72 -30676 10043.088
3.55 267.62682 -302.18189 21495.545 -28215.5 2399.85 -30615.4 10098.81
3.56 270.29568 252.90578 21544.259 -28154.8 2423.78 -30578.6 10140.829
3.57 272.68434 -15.218814 21602.202 -28243.2 2445.2 -30688.4 10187.809
3.58 270.57779 488.17591 21171.27 -28244.8 2426.31 -30671.2 10049.658
3.59 264.46676 91.429285 21622.117 -28413.6 2371.52 -30785.1 10246.938
3.6 269.76097 705.94257 21343.453 -28288.7 2418.99 -30707.7 10193.293
3.61 282.76245 -419.72624 21404.956 -28210.8 2535.58 -30746.4 10257.63
3.62 285.79818 676.02802 21409.065 -28184 2562.8 -30746.8 10319.524
3.63 270.32443 240.3624 21732.493 -28350.6 2424.04 -30774.7 10470.123
3.64 290.70713 389.55842 21455.543 -28118.3 2606.82 -30725.1 10423.973
3.65 270.89169 -47.253306 21403.401 -28275.2 2429.13 -30704.4 10453.364
3.66 264.56805 -594.41225 21595.007 -28329.9 2372.42 -30702.3 10557.353
3.67 285.72438 351.05732 21465.696 -27909.8 2562.14 -30472 10526.861
3.68 274.6736 -228.96511 21395.855 -28253.5 2463.04 -30716.6 10516.062
3.69 263.55007 -246.20897 21435.443 -28219 2363.3 -30582.3 10590.418
3.7 272.73753 230.75327 21426.907 -28205.5 2445.68 -30651.1 10627.116
3.71 263.57002 53.950076 21346.229 -28468.6 2363.47 -30832.1 10610.649
3.72 273.9084 905.29638 21372.707 -28350.1 2456.18 -30806.3 10679.684
3.73 283.38322 -44.290526 21683.37 -28224.2 2541.14 -30765.3 10760.819
3.74 278.13959 -574.01997 21593.601 -28234.5 2494.12 -30728.6 10760.693
3.75 270.37291 -10.898962 21381.602 -28088.7 2424.48 -30513.1 10679.366
3.76 271.11593 -638.27832 21648.635 -28274.9 2431.14 -30706 10823.445
3.77 282.52404 313.41344 21333.809 -28073.9 2533.44 -30607.4 10784.816
3.78 274.28235 786.19796 21345.529 -28276.3 2459.53 -30735.9 10806.715
3.79 285.94896 -1185.5241 21659.895 -27950.6 2564.15 -30514.7 10978.121
3.8 274.01094 -472.96004 21493.417 -28320.6 2457.1 -30777.7 10961.241
3.81 277.66612 1057.2975 21349.621 -28078.7 2489.88 -30568.6 10940.091
3.82 276.99478 -496.69872 21602.712 -28094.1 2483.86 -30577.9 11076.964
3.83 260.46206 405.53465 21469.05 -28538.9 2335.6 -30874.5 11066.979
3.84 276.80238 -149.10732 21495.307 -28238.9 2482.13 -30721.1 11074.775
3.85 261.97846 179.00859 21546.744 -28248.9 2349.2 -30598.1 11090.136
3.86 262.07454 -513.33716 21468.246 -28217.4 2350.06 -30567.4 11058.989
3.87 275.4155 481.92783 21630.09 -28217.7 2469.69 -30687.4 11151.984
3.88 265.85942 -546.69292 21594.063 -28226.9 2384 -30610.9 11172.577
3.89 275.46409 579.42509 21320.942 -28140 2470.13 -30610.2 11091.674
3.9 279.248 158.02398 21618.83 -28269.8 2504.06 -30773.9 11206.94
3.91 274.51607 416.69599 21394.244 -28076.7 2461.63 -30538.3 11154.712
3.92 277.19774 1425.641 21251.097 -28302.8 2485.68 -30788.4 11131.969
3.93 277.1576 -1091.6285 21756.363 -28102 2485.32 -30587.3 11332.843
3.94 290.57062 848.73838 21445.583 -28085.5 2605.59 -30691.1 11282.518
3.95 275.53706 -731.59007 21698.031 -28342.9 2470.78 -30813.7 11414.391
3.96 282.3618 -69.662618 21523.579 -28142.2 2531.98 -30674.2 11389.201
3.97 271.02441 1030.7357 21514.25 -28387.5 2430.32 -30817.9 11420.527
3.98 280.46216 -339.85531 21459.876 -28060.5 2514.95 -30575.4 11398.666
3.99 268.11085 896.38397 21321.16 -28289.8 2404.19 -30693.9 11344.588
4 283.79039 -501.76317 21629.344 -28046.2 2544.79 -30591 11521.46
4.01 269.31657 -301.08618 21679.975 -28275.5 2415 -30690.5 11563.16
4.02 277.56492 -2.2229088 21541.566 -28255 2488.97 -30744 11534.488
4.03 281.14187 900.24104 21215.922 -28193.7 2521.04 -30714.7 11475.611
4.04 259.81316 -217.51678 21540.763 -28333.5 2329.79 -30663.3 11582.683
4.05 287.41304 -32.595552 21391.23 -28154.8 2577.28 -30732.1 11576.761
4.06 276.48428 -142.11215 21554.334 -28103.8 2479.28 -30583.1 11676.227
4.07 279.54144 -791.31099 21799.318 -28297.6 2506.69 -30804.3 11795.047
4.08 275.03019 -265.20861 21510.42 -28164.7 2466.24 -30631 11687.204
4.09 262.48505 363.93401 21394.481 -28430.2 2353.75 -30784 11622.572
4.1 271.81052 183.46968 21482.894 -28215.7 2437.37 -30653 11671.386
4.11 283.42765 738.01943 21446.669 -28258.4 2541.54 -30799.9 11666.912
4.12 270.83533 99.03058 21363.795 -28135.7 2428.62 -30564.3 11673.068
4.13 275.89868 46.592747 21604.449 -28287.7 2474.03 -30761.8 11766.749
4.14 269.72529 325.66887 21704.309 -28199.5 2418.67 -30618.2 11801.182
4.15 272.15409 -387.85468 21373.209 -28368.6 2440.45 -30809 11741.743
4.16 269.53343 -351.13744 21645.504 -28173.8 2416.95 -30590.7 11902.819
4.17 261.6226 -138.59154 21571.887 -28375.4 2346.01 -30721.4 11913.097
4.18 281.80329 -1121.7673 21594.496 -28036.7 2526.97 -30563.7 11975.144
4.19 267.2599 725.10997 21386.715 -28371.3 2396.56 -30767.8 11927.708
4.2 269.70444 533.54864 21417.479 -28316.8 2418.48 -30735.2 11925.993
4.21 272.07948 377.3095 21623.014 -28248.1 2439.78 -30687.9 12002.659
4.22 275.00729 696.46712 21382.075 -28156.4 2466.03 -30622.5 11924.01
4.23 269.7404 479.77141 21333.329 -28295.3 2418.81 -30714.1 11939.331
4.24 272.01247 -488.29991 21588.626 -28278 2439.18 -30717.2 12055.197
4.25 285.3305 182.23621 21548.338 -28273 2558.6 -30831.6 12039.035
4.26 277.33942 -708.40721 21603.601 -28283.7 2486.95 -30770.6 12108.911
4.27 272.49594 -600.03292 21751.597 -27897.1 2443.51 -30340.6 12170.085
4.28 270.37601 -369.37008 21483.282 -28123 2424.5 -30547.5 12126.295
4.29 272.00979 740.56679 21345.799 -28359.1 2439.16 -30798.3 12130.709
4.3 271.55669 109.01416 21351.078 -28236.1 2435.09 -30671.2 12133.466
4.31 273.82729 -220.98362 21380.01 -28111.9 2455.45 -30567.3 12177.284
4.32 263.00087 212.56253 21437.118 -28200.9 2358.37 -30559.2 12263.655
4.33 269.89617 902.17641 21412.276 -28309.3 2420.2 -30729.5 12273.408
4.34 268.22657 188.04867 21479.539 -28225.6 2405.23 -30630.8 12343.633
4.35 265.86301 -337.30692 21587.959 -28198.7 2384.04 -30582.8 12402.026
4.36 271.06814 -84.691489 21540.327 -28330.8 2430.71 -30761.5 12420.593
4.37 264.92428 -581.49517 21523.435 -28344.8 2375.62 -30720.4 12473.7
4.38 266.39464 -25.148481 21610.106 -28060.5 2388.8 -30449.3 12613.024
4.39 267.32823 323.42131 21375.069 -28302.7 2397.17 -30699.9 12585.408
4.4 270.03652 -856.09657 21573.315 -28191.4 2421.46 -30612.9 12691.085
4.41 276.24311 -318.68803 21677.92 -28072.7 2477.12 -30549.8 12746.397
4.42 265.39115 370.04204 21645.265 -28225.6 2379.8 -30605.4 12777.466
4.43 253.20562 5.6118224 21494.334 -28353.4 2270.54 -30623.9 12711.048
4.44 271.52817 -91.624603 21460.757 -28408.9 2434.84 -30843.8 12708.205
4.45 274.5408 -147.80283 21597.843 -28214.6 2461.85 -30676.4 12753.118
4.46 259.41622 -805.98684 21680.476 -28414.6 2326.23 -30740.8 12805.625
4.47 274.72867 426.08441 21272.304 -28299.3 2463.54 -30762.8 12664.847
4.48 260.13534 37.173398 21479.051 -28429.6 2332.67 -30762.3 12798.743
4.49 285.34941 -429.0778 21764.953 -28019.9 2558.77 -30578.7 12906.07
4.5 281.34353 -318.36449 21394.035 -28215.1 2522.85 -30737.9 12734.762
4.51 258.25596 -1120.7755 21442.728 -28388.4 2315.82 -30704.2 12804.864
4.52 277.8697 -82.777004 21567.224 -28142.9 2491.7 -30634.6 12851.806
4.53 268.87189 -340.38433 21591.175 -28340.9 2411.02 -30751.9 12891.522
4.54 266.70456 -686.64251 21586.079 -28272.1 2391.58 -30663.7 12925.824
4.55 273.34081 322.30899 21456.777 -28482.9 2451.09 -30934 12887.564
4.56 274.91886 38.80934 21701.467 -28143.7 2465.24 -30608.9 13012.523
4.57 270.56134 -215.11789 21475.421 -28313.3 2426.17 -30739.4 12925.998
4.58 261.734 177.41675 21723.212 -28302.3 2347.01 -30649.3 13057.485
4.59 273.80785 -596.03742 21453.356 -28155.4 2455.28 -30610.6 12960.317
4.6 274.14581 -308.97974 21458.264 -28244.7 2458.31 -30703 12975.024
4.61 271.11701 1173.9121 21391.689 -28141.7 2431.15 -30572.8 12951.154
4.62 273.68168 -275.68263 21530.154 -28335.2 2454.15 -30789.4 13032.697
4.63 282.10861 -248.44098 21635.024 -28368.5 2529.71 -30898.2 13157.378
4.64 273.67806 69.011261 21404.917 -28046.2 2454.11 -30500.4 13089.296
4.65 282.57422 -652.1481 21567.022 -28336.1 2533.89 -30870 13204.994
4.66 273.61657 -990.4037 21664.961 -28223.8 2453.56 -30677.4 13292.733
4.67 276.06591 -353.99765 21372.229 -28137.4 2475.53 -30612.9 13210.217
4.68 271.45593 -1073.7868 21898.116 -28184.5 2434.19 -30618.7 13442.96
4.69 266.7076 -365.08273 21805.666 -28245 2391.61 -30636.6 13427.698
4.7 275.13799 -7.5431794 21448.64 -28360.9 2467.21 -30828.1 13281.494
4.71 265.24232 -201.68062 21369.491 -28262.3 2378.47 -30640.8 13224.3
4.72 272.81018 494.75083 21554.89 -28311.2 2446.33 -30757.5 13282.119
4.73 267.33534 1066.089 21380.887 -28173.3 2397.24 -30570.5 13264.046
4.74 280.47493 511.21435 21660.846 -28125.4 2515.06 -30640.5 13427.054
4.75 256.02469 285.55829 21642.349 -28402.3 2295.81 -30698.1 13429.451
4.76 276.88783 -0.76147517 21572.108 -28215.6 2482.9 -30698.5 13382.361
4.77 280.46525 1065.6817 21306.712 -28202.2 2514.98 -30717.2 13310.182
4.78 276.20072 33.66664 21526 -28371.8 2476.74 -30848.6 13386.24
4.79 281.91435 352.01515 21535.703 -28041.4 2527.97 -30569.4 13421.792
4.8 271.52089 -784.11842 21492.665 -28351.4 2434.77 -30786.2 13441.986
4.81 268.1962 859.77014 21453.688 -28180 2404.96 -30584.9 13422.631
4.82 289.28198 350.08067 21385.298 -28188.6 2594.04 -30782.6 13414.581
4.83 276.94969 272.04751 21460.618 -28248.3 2483.45 -30731.7 13439.835
4.84 268.01321 939.10073 21356.108 -28296.3 2403.32 -30699.6 13383.806
4.85 275.31287 -751.08566 21660.407 -28127 2468.77 -30595.7 13489.981
4.86 266.03488 35.05114 21437.633 -28226.6 2385.58 -30612.2 13432.041
4.87 291.59313 378.74364 21289.397 -28173.5 2614.76 -30788.3 13407.414
4.88 279.06356 412.36455 21480.581 -28328.9 2502.41 -30831.3 13505.142
4.89 268.92735 463.65126 21403.93 -28296 2411.51 -30707.5 13543.993
4.9 267.56509 -864.65069 21775.2 -28195.3 2399.3 -30594.6 13787.907
4.91 280.9341 507.43781 21440.276 -28083.6 2519.18 -30602.8 13649.051
4.92 272.68375 674.46978 21230.835 -28324.7 2445.2 -30769.9 13596.032
4.93 268.92723 -90.547526 21425.66 -28357.9 2411.51 -30769.4 13652.587
4.94 291.33796 -187.95253 21552.207 -28220.4 2612.47 -30832.9 13727.592
4.95 263.37526 158.46699 21303.193 -28142.1 2361.73 -30503.8 13624.139
4.96 298.39585 395.49674 21408.232 -27942.9 2675.76 -30618.7 13665.293
4.97 266.81836 260.84909 21526.163 -28282.6 2392.6 -30675.2 13770.19
4.98 265.87923 -311.5835 21665.124 -28180.1 2384.18 -30564.3 13813.63
4.99 271.88566 352.37598 21553.881 -28157.3 2438.04 -30595.4 13842.841
5 266.5953 55.727078 21566.939 -28222.5 2390.6 -30613.1 13859.726
5.01 264.28867 456.45312 21538.006 -28294.1 2369.92 -30664 13843.114
5.02 275.16751 -749.31781 21757.267 -28233.6 2467.47 -30701.1 13972.815
5.03 272.53184 337.3245 21326.541 -28376.9 2443.84 -30820.8 13810.89
5.04 271.51057 -41.130051 21356.276 -28161.4 2434.68 -30596 13851.138
5.05 279.94616 -637.06234 21472.774 -28109.5 2510.32 -30619.8 13938.715
5.06 274.9927 421.22627 21462.083 -28241.4 2465.9 -30707.3 13978.402
5.07 270.686 319.11401 21466.347 -28356 2427.28 -30783.3 13995.312
5.08 253.98631 -650.3363 21599.522 -28209.3 2277.54 -30486.8 14062.197
5.09 294.27547 -220.74509 21701.76 -28087.3 2638.81 -30726.1 14130.897
5.1 263.67166 985.76691 21406.876 -28302 2364.39 -30666.4 14061.862
5.11 280.52498 405.85663 21371.239 -28307.6 2515.51 -30823.1 14094.628
5.12 285.42097 -53.525067 21556.962 -27887.2 2559.42 -30446.6 14272.118
5.13 267.56347 184.75314 21612.462 -28149.4 2399.28 -30548.7 14283.833
5.14 265.4607 -671.81349 21632.822 -28355.6 2380.43 -30736.1 14358.214
5.15 266.17519 432.98639 21688.468 -28338.2 2386.84 -30725.1 14375.499
5.16 289.9059 359.14965 21420.348 -28044.7 2599.63 -30644.3 14352.063
5.17 268.26687 1010.0777 21241.376 -28365.6 2405.59 -30771.2 14316.672
5.18 281.94817 -2.5880845 21544.984 -28161.2 2528.27 -30689.4 14510.2
5.19 274.27967 -416.58464 21628.81 -28276.4 2459.51 -30735.9 14589.987
5.2 278.67426 -431.8329 21669.523 -28196 2498.92 -30694.9 14645.624
5.21 268.46687 -742.22405 21701.275 -28196.8 2407.39 -30604.1 14679.175
5.22 269.15017 -224.88695 21491.388 -28287.6 2413.51 -30701.1 14632.701
5.23 276.66616 -200.51094 21580.611 -28326.9 2480.91 -30807.8 14651.5
5.24 297.32854 187.39083 21578.418 -28028.8 2666.19 -30695 14684.953
5.25 276.89472 -853.88746 21636.024 -28269.1 2482.96 -30752.1 14754.943
5.26 279.17768 -15.654766 21581.906 -28168.3 2503.43 -30671.7 14792.975
5.27 274.99311 -227.78922 21543.983 -28359.4 2465.91 -30825.3 14835.838
5.28 266.11346 -429.4244 21529.537 -28476.8 2386.28 -30863.1 14873.744
5.29 288.54313 497.70412 21470.71 -28065.1 2587.41 -30652.5 14809.089
5.3 280.92297 -116.32565 21470.714 -28281.8 2519.08 -30800.9 14822.696
5.31 266.82032 -391.49824 21612.802 -28461.7 2392.62 -30854.3 14937.944
5.32 277.26019 -1340.5579 21505.854 -28091.8 2486.24 -30578.1 14963.199
5.33 267.75401 630.46269 21407.483 -28478 2400.99 -30879 14928.519
5.34 267.17606 -210.92395 21512.151 -28195 2395.81 -30590.8 15016.746
5.35 265.99329 501.04354 21412.591 -28385.5 2385.2 -30770.7 15002.701
5.36 272.1658 32.908416 21638.497 -28105.8 2440.55 -30546.3 15161.929
5.37 271.7035 -934.55228 21597.524 -28221.6 2436.41 -30658 15185.036
5.38 281.64088 110.09576 21463.679 -28170.6 2525.52 -30696.2 15135.613
5.39 272.06205 74.876949 21493.47 -28525 2439.62 -30964.6 15189.023
5.4 285.04751 716.51615 21416.614 -28235.6 2556.07 -30791.7 15191.433
5.41 288.80239 -373.51795 21393.241 -28057.6 2589.74 -30647.3 15165.915
5.42 262.26307 -283.43345 21430.95 -28301.1 2351.75 -30652.9 15184.275
5.43 263.67813 803.7739 21367.131 -28296.7 2364.44 -30661.1 15207.419
5.44 276.99933 -601.34851 21721.239 -28014.4 2483.9 -30498.3 15388.602
5.45 286.61267 -55.06284 21622.532 -28189.7 2570.1 -30759.8 15386.163
5.46 285.69934 -842.59476 21544.484 -28055.9 2561.91 -30617.8 15360.652
5.47 287.9196 -363.17667 21468.585 -28192.7 2581.82 -30774.5 15329.781
5.48 276.44118 -582.57514 21529.099 -28080.2 2478.89 -30559.1 15390.575
5.49 262.61412 -686.61559 21532.082 -28281.8 2354.9 -30636.7 15478.999
5.5 284.85538 14.540644 21446.514 -28215.5 2554.34 -30769.8 15467.583
5.51 267.41064 -450.88734 21654.608 -28201.4 2397.91 -30599.3 15572.191
5.52 275.46077 607.75519 21434.451 -28352.2 2470.1 -30822.3 15493.17
5.53 278.16883 535.91641 21500.814 -28156.5 2494.38 -30650.9 15571.212
5.54 283.21508 426.30321 21491.312 -28176.9 2539.63 -30716.5 15584.168
5.55 273.56562 -211.32222 21612.974 -27972.9 2453.11 -30426 15671.723
5.56 277.1301 -464.94333 21471.144 -28213.3 2485.07 -30698.3 15637.308
5.57 264.38975 -784.90613 21673.185 -28480.4 2370.82 -30851.3 15769.573
5.58 269.76759 -377.42855 21515.066 -28227.1 2419.05 -30646.1 15711.211
5.59 264.00194 -572.4456 21561.971 -28262.5 2367.35 -30629.8 15786.498
5.6 273.45006 -262.00538 21508.276 -28283.5 2452.07 -30735.6 15766.426
5.61 273.72274 753.78367 21604.961 -28110.7 2454.52 -30565.3 15834.715
5.62 275.13163 430.48671 21490.105 -28205.4 2467.15 -30672.6 15806.256
5.63 273.20927 62.531371 21417.086 -28362.1 2449.91 -30812 15750.041
5.64 275.95472 744.19546 21424.364 -28202.2 2474.53 -30676.7 15815.507
5.65 272.16702 505.52205 21478.178 -28399.1 2440.56 -30839.7 15854.645
5.66 285.8668 221.24801 21574.309 -28164.6 2563.41 -30728 15957.502
5.67 256.55996 -534.78109 21573.736 -28431.8 2300.61 -30732.4 15966.697
5.68 283.92589 384.76993 21464.056 -28187.9 2546.01 -30733.9 15974.66
5.69 265.53761 -311.35319 21528.492 -28263.5 2381.12 -30644.6 16029.775
5.7 280.05494 -908.70962 21633.276 -28065.8 2511.3 -30577.1 16123.494
5.71 261.91933 -278.1357 21520.185 -28290.9 2348.67 -30639.6 16114.866
5.72 277.83885 -429.092 21753.118 -28095.5 2491.43 -30586.9 16250.465
5.73 272.54062 733.15328 21345.841 -28210.7 2443.92 -30654.7 16077.161
5.74 274.46849 598.44634 21436.11 -28115 2461.2 -30576.2 16168.986
5.75 259.25627 -473.93792 21450.36 -28315.4 2324.79 -30640.2 16198.515
5.76 285.91291 -288.9237 21604.152 -28132.7 2563.83 -30696.5 16320.068
5.77 272.90891 -228.92841 21435.156 -28403.8 2447.22 -30851 16261.013
5.78 283.1121 711.35934 21442.544 -28124.2 2538.71 -30662.9 16247.874
5.79 263.83164 333.8505 21467.139 -28318.3 2365.82 -30684.1 16263.325
5.8 278.43944 803.44409 21517.152 -28140.6 2496.81 -30637.4 16301.755
5.81 272.59892 -920.87806 21568.616 -28268.2 2444.44 -30712.6 16391.766
5.82 267.47585 664.52214 21518.119 -28356.7 2398.5 -30755.2 16368.808
5.83 274.59413 -247.30184 21480.699 -28333.1 2462.33 -30795.5 16421.445
5.84 279.55136 -18.932221 21330.954 -28225.8 2506.78 -30732.5 16345.786
5.85 262.91214 -96.198481 21539.548 -28448.6 2357.57 -30806.1 16459.821
5.86 274.08089 85.619438 21522.98 -28253.3 2457.73 -30711 16452.277
5.87 274.12977 -64.216337 21434.192 -28459.8 2458.17 -30917.9 16431.111
5.88 278.98745 -2.7678495 21405.968 -28198.2 2501.72 -30699.9 16466.323
5.89 282.43473 -275.17445 21663.484 -28139.7 2532.64 -30672.4 16578.617
5.9 259.99552 -274.40443 21653.558 -28190.5 2331.42 -30521.9 16560.938
5.91 266.87058 294.44816 21470.16 -28319.4 2393.07 -30712.4 16547.01
5.92 269.66949 -674.96653 21742.718 -28227.7 2418.17 -30645.8 16755.521
5.93 273.95863 -894.27778 21706.557 -27953.3 2456.63 -30409.9 16791.67
5.94 267.70385 -144.30699 21570.684 -28233.5 2400.54 -30634 16711.716
5.95 265.18414 -465.08534 21427.29 -28444.7 2377.95 -30822.6 16622.969
5.96 270.31638 679.18257 21380.25 -28244.3 2423.97 -30668.2 16628.147
5.97 286.38955 171.74359 21529.095 -28080.3 2568.1 -30648.4 16725.276
5.98 269.49491 -392.55674 21457.254 -28173.1 2416.6 -30589.7 16729.295
5.99 282.55605 71.571907 21583.167 -28059 2533.73 -30592.8 16844.292
6 266.27448 119.61704 21492.901 -28342.2 2387.73 -30730 16801.978
6.01 285.07549 -1028.476 21555.766 -28295 2556.32 -30851.3 16851.706
6.02 279.0546 1121.9541 21442.723 -28098.3 2502.33 -30600.6 16809.587
6.03 264.0654 -373.01606 21595.422 -28345.8 2367.92 -30713.7 16855.312
6.04 281.74685 -268.77527 21616.175 -27945.2 2526.47 -30471.7 16850.268
6.05 256.01913 -50.800473 21411.917 -28296.5 2295.76 -30592.3 16774.548
6.06 278.46778 -651.47739 21477.606 -28093.9 2497.06 -30590.9 16843.94
6.07 260.43879 291.3693 21475.606 -28170.2 2335.4 -30505.5 16894.034
6.08 268.23916 -279.61536 21447.95 -28344.9 2405.34 -30750.3 16968.538
6.09 271.0975 728.50981 21339.316 -28256.5 2430.97 -30687.5 16921.946
6.1 272.587 120.42787 21333.431 -28116.6 2444.33 -30560.9 16962.544
6.11 264.19916 401.07146 21421.521 -28465.9 2369.12 -30835.1 17006.161
6.12 281.92558 638.81568 21422.76 -28217.5 2528.07 -30745.5 17034.57
6.13 266.42641 575.92701 21304.899 -28276.6 2389.09 -30665.7 16989.315
6.14 273.06033 -840.29824 21648.242 -28218.1 2448.58 -30666.6 17157.526
6.15 255.34444 419.99327 21397.059 -28466 2289.71 -30755.8 17019.406
6.16 272.06289 -698.50044 21430.741 -28089.8 2439.63 -30529.5 17083.909
6.17 272.4227 380.44373 21471.42 -28198 2442.86 -30640.9 17150.327
6.18 275.48764 268.07393 21398.011 -28141.8 2470.34 -30612.2 17111.655
6.19 273.71636 287.90559 21281.741 -28451.7 2454.46 -30906.2 17075.137
6.2 283.74083 960.36068 21398.331 -28132.3 2544.35 -30676.7 17138.732
6.21 271.5383 -26.288131 21536.225 -28115.5 2434.93 -30550.4 17254.504
6.22 277.6773 -351.28257 21635.795 -28312.8 2489.98 -30802.8 17332.929
6.23 280.83618 -356.35063 21443.485 -28142.8 2518.3 -30661.1 17293.271
6.24 272.77496 335.62158 21167.667 -28342.2 2446.02 -30788.2 17156.393
6.25 281.73716 -244.13348 21677.783 -27969.9 2526.38 -30496.3 17444.316
6.26 280.83062 -74.084135 21484.113 -28163.6 2518.25 -30681.8 17345.476
6.27 271.09502 -557.38983 21506.171 -28290.8 2430.95 -30721.7 17389.138
6.28 263.76764 -310.98987 21616.777 -28279.1 2365.25 -30644.4 17496.723
6.29 271.68356 -605.94368 21618.049 -28075.7 2436.23 -30511.9 17543.344
6.3 278.91819 56.897639 21466.959 -28278 2501.1 -30779.1 17521.609
6.31 271.23424 -10.885272 21412.783 -28321.9 2432.2 -30754.1 17504.887
6.32 277.6473 494.58867 21480.857 -28115.7 2489.71 -30605.4 17517.558
6.33 287.14823 -260.10053 21757.187 -28279.4 2574.9 -30854.3 17745.579
6.34 279.88511 -75.692081 21400.313 -28120.2 2509.77 -30629.9 17625.095
6.35 278.91099 528.09803 21410.714 -28137.8 2501.04 -30638.9 17627.812
6.36 278.07243 76.160157 21475.843 -28271.9 2493.52 -30765.4 17687.313
6.37 267.97518 -106.30779 21301.691 -28366 2402.98 -30768.9 17559.139
6.38 282.06188 947.80658 21383.353 -28146.4 2529.29 -30675.7 17610.324
6.39 287.81635 440.32169 21544.366 -28175.2 2580.89 -30756.1 17743.6
6.4 269.65372 -331.25755 21638.315 -28353.6 2418.03 -30771.7 17902.545
6.41 287.27508 590.17558 21458.312 -28157.6 2576.04 -30733.7 17843.028
6.42 267.25625 -573.05219 21533.195 -28163.2 2396.53 -30559.7 17885.224
6.43 287.41484 -103.97903 21626.775 -28024 2577.29 -30601.3 17982.347
6.44 278.13608 315.27933 21325.466 -28217.4 2494.09 -30711.5 17818.556
6.45 265.76054 -100.59809 21480.531 -28162.5 2383.12 -30545.6 17984.904
6.46 266.49305 251.66748 21574.832 -28371.2 2389.69 -30760.9 18101.547
6.47 266.79511 33.997035 21555.563 -28290.4 2392.39 -30682.8 18124.044
6.48 260.17524 -216.92286 21350.516 -28383.1 2333.03 -30716.1 18002.363
6.49 259.0432 1558.4953 21274.302 -28422.5 2322.88 -30745.4 17967.496
6.5 282.47959 -403.19805 21648.712 -28202.6 2533.04 -30735.6 18220.534
6.51 276.53834 -606.57171 21446.417 -28136.9 2479.76 -30616.6 18123.509
6.52 274.23191 116.17891 21519.656 -28383.7 2459.08 -30842.8 18164.259
6.53 266.15102 -508.66804 21771.008 -28228.9 2386.62 -30615.6 18332.147
6.54 264.33291 494.24774 21414.914 -28224.9 2370.32 -30595.2 18177.115
6.55 291.1085 144.99723 21488.898 -27838.8 2610.42 -30449.2 18205.079
6.56 279.07655 9.8662627 21519.207 -28175.4 2502.52 -30677.9 18205.828
6.57 272.51771 248.27047 21421.265 -28131.2 2443.71 -30574.9 18178.895
6.58 266.96824 -72.373832 21495.334 -28258.2 2393.95 -30652.2 18230.875
6.59 270.14851 -726.41051 21508.835 -28116.3 2422.46 -30538.8 18256.684
6.6 261.523 -207.50947 21704.664 -28239.9 2345.12 -30585 18348.398
6.61 259.45932 -704.92394 21647.246 -28449.5 2326.61 -30776.2 18340.775
6.62 269.57277 -440.34082 21424.079 -28319.3 2417.3 -30736.6 18205.284
6.63 278.11469 -15.075441 21579.498 -28201.7 2493.9 -30695.6 18302.036
6.64 256.93702 -100.7248 21407.981 -28365.9 2304 -30669.9 18224.688
6.65 269.46688 -172.17749 21481.82 -28171.4 2416.35 -30587.8 18287.008
6.66 278.41865 1044.1235 21523.671 -28073 2496.62 -30569.6 18341.956
6.67 259.07666 16.774724 21447.289 -28463.9 2323.18 -30787 18334.623
6.68 273.35811 16.865266 21533.468 -28255.7 2451.25 -30707 18436.7
6.69 285.72994 119.51461 21315.61 -27990.1 2562.19 -30552.3 18331.618
6.7 268.22998 -805.91362 21540.279 -28296 2405.26 -30701.2 18499.609
6.71 272.78071 -771.72657 21641.859 -28120 2446.07 -30566 18570.912
6.72 280.71832 261.53926 21548.343 -28268.2 2517.25 -30785.4 18519.763
6.73 276.47177 252.56021 21456.944 -28275.1 2479.17 -30754.3 18487.137
6.74 263.87562 -439.88062 21519.773 -28485.5 2366.21 -30851.7 18503.529
6.75 266.75311 -361.93929 21571.259 -28302.6 2392.02 -30694.6 18517.103
6.76 270.54799 -274.00835 21528.326 -28219 2426.05 -30645 18515.41
6.77 263.18292 -561.25557 21501.409 -28392.6 2360 -30752.7 18507.56
6.78 280.15632 -22.586438 21437.144 -28147 2512.21 -30659.2 18533.242
6.79 288.51738 125.79277 21308.238 -28168.4 2587.18 -30755.6 18476.791
6.8 265.41852 463.07102 21329.019 -28465.5 2380.05 -30845.5 18483.255
6.81 268.58017 614.84642 21263.044 -28240.4 2408.4 -30648.8 18470.528
6.82 296.40594 340.70417 21515.725 -28081.4 2657.92 -30739.3 18592.958
6.83 269.93373 589.89969 21313.223 -28260.5 2420.54 -30681 18463.343
6.84 278.39656 -616.23075 21639.898 -28085.1 2496.43 -30581.5 18670.431
6.85 267.25734 -513.91826 21721.914 -28188.4 2396.54 -30584.9 18791.718
6.86 281.34462 -227.53548 21553.957 -28125.6 2522.86 -30648.5 18716.19
6.87 278.38226 126.11868 21430.876 -28138.1 2496.3 -30634.4 18702.926
6.88 273.89919 -760.00338 21651.668 -28184.7 2456.1 -30640.8 18901.35
6.89 276.30813 -216.31338 21435.779 -28190.4 2477.7 -30668.1 18868.288
6.9 257.55108 432.27308 21520.748 -28548.6 2309.5 -30858.1 18951.696
6.91 278.88025 36.798439 21567.499 -28270.1 2500.76 -30770.9 19009.133
6.92 267.31541 -709.60853 21588.384 -28553.9 2397.06 -30950.9 19000.1
6.93 272.85039 -116.55308 21656.426 -28273.2 2446.69 -30719.9 19067.068
6.94 262.6194 -800.40169 21621.512 -28507.8 2354.95 -30862.7 19073.334
6.95 267.09114 502.17051 21533.245 -28175.7 2395.05 -30570.7 19053.999
6.96 265.74289 -139.40523 21542.374 -28392.6 2382.96 -30775.5 19135.524
6.97 276.59634 -126.8327 21355.536 -28230.7 2480.28 -30711 19051.66
6.98 268.12385 197.85809 21583.132 -28207.9 2404.31 -30612.2 19268.079
6.99 278.26467 -893.92077 21428.396 -28081.4 2495.24 -30576.6 19188.771
7 287.90517 193.11818 21553.282 -28220.2 2581.69 -30801.9 19270.83
7.01 274.03908 -811.06096 21562.989 -28187.5 2457.35 -30644.9 19252.003
7.02 275.79714 200.87786 21402.814 -28281.9 2473.12 -30755 19163.979
7.03 275.25543 85.061952 21479.096 -28203.8 2468.26 -30672.1 19223.324
7.04 255.94594 -245.15224 21534.957 -28485.5 2295.11 -30780.6 19199.339
7.05 273.41347 135.43866 21494.103 -28030.5 2451.74 -30482.3 19179.091
7.06 261.28166 -336.18268 21568.627 -28142.1 2342.95 -30485 19261.372
7.07 271.83517 324.06702 21494.467 -28313.8 2437.59 -30751.4 19198.239
7.08 268.65168 314.67524 21187.331 -28338.6 2409.04 -30747.6 19079.328
7.09 260.56781 -259.2211 21617.985 -28202.3 2336.55 -30538.9 19375.729
7.1 274.59344 483.01173 21568.96 -28152.6 2462.32 -30614.9 19365.759
7.11 257.24499 -660.37378 21514.872 -28284.6 2306.76 -30591.4 19394.602
7.12 275.72224 -288.19216 21718.797 -28269.9 2472.45 -30742.3 19555.316
7.13 262.57186 -353.03905 21652.008 -28432 2354.52 -30786.5 19519.255
7.14 262.81166 -487.52302 21483.103 -28486.2 2356.67 -30842.9 19465.434
7.15 276.68819 -284.573 21659.908 -28148 2481.11 -30629.1 19609.765
7.16 273.07718 173.95415 21328.672 -28260.2 2448.73 -30708.9 19404.63
7.17 278.16704 408.84205 21370.312 -28120.9 2494.37 -30615.2 19548.312
7.18 262.19165 -340.36018 21579.804 -28242.1 2351.11 -30593.3 19666.986
7.19 264.14258 -576.32638 21538.53 -28314.1 2368.61 -30682.7 19689.438
7.2 265.99779 -663.67497 21736.598 -28167.8 2385.24 -30553.1 19859.353
7.21 269.56903 -239.25292 21464.673 -28319.1 2417.27 -30736.4 19687.854
7.22 271.96942 -231.66966 21425.263 -28262.9 2438.79 -30701.7 19716.328
7.23 287.94714 -131.09294 21562.808 -28130.8 2582.07 -30712.9 19776.067
7.24 271.76431 210.10053 21470.626 -28203.6 2436.95 -30640.5 19758.472
7.25 290.61061 -545.37798 21645.231 -28236.5 2605.95 -30842.5 19894.522
7.26 264.38995 192.55071 21536.381 -28225.5 2370.83 -30596.3 19922.433
7.27 268.21415 791.53303 21234.303 -28377.9 2405.12 -30783 19790.152
7.28 260.70322 30.892552 21376.853 -28208.8 2337.77 -30546.6 19953.825
7.29 277.87612 -662.04196 21572.276 -28104.7 2491.76 -30596.4 20108.299
7.3 280.4491 23.829048 21348.655 -28079.4 2514.83 -30594.2 20027.143
7.31 279.82138 642.44107 21513.173 -28204.1 2509.2 -30713.3 20203.639
7.32 274.78401 679.69622 21386.125 -27970.1 2464.03 -30434.1 20179.125
7.33 272.61587 -788.76161 21501.285 -28181.5 2444.59 -30626.1 20298.705
7.34 249.4958 -139.88368 21569.855 -28195.8 2237.27 -30433 20369.793
7.35 276.30429 -230.55864 21438.431 -28195.1 2477.66 -30672.8 20305.467
7.36 264.5946 -299.19053 21519.614 -28342 2372.66 -30714.7 20416.926
7.37 275.69112 -378.8385 21626.545 -28189.5 2472.17 -30661.7 20501.4
7.38 273.37152 504.91035 21330.419 -28229.2 2451.37 -30680.5 20374.027
7.39 275.18359 -717.5401 21716.931 -28176.7 2467.62 -30644.3 20659.513
7.4 268.28317 -525.43113 21760.204 -28054.1 2405.74 -30459.8 20738.479
7.41 267.86827 271.07683 21505.028 -28326.9 2402.02 -30728.9 20585.145
7.42 270.37094 -204.7143 21629.726 -28286.4 2424.46 -30710.8 20661.341
7.43 277.73032 -319.08118 21534.742 -28106.7 2490.45 -30597.2 20608.049
7.44 274.4229 -114.3281 21490.986 -28186.2 2460.79 -30647 20577.13
7.45 277.4699 -569.81758 21589.047 -28182.2 2488.12 -30670.4 20596.957
7.46 271.23662 -164.10192 21354.178 -28308.5 2432.22 -30740.7 20488.904
7.47 274.79558 344.22647 21570.588 -28186.7 2464.14 -30650.9 20694.81
7.48 281.95129 -7.4445566 21528.637 -28087.9 2528.3 -30616.2 20716.617
7.49 268.08118 -702.0656 21588.554 -28354.8 2403.93 -30758.7 20785.175
7.5 273.98238 -57.167802 21484.611 -28303.9 2456.84 -30760.7 20746.76
7.51 286.41399 667.77144 21333.703 -28207.8 2568.32 -30776.1 20642.515
7.52 272.26441 -294.36329 21697.507 -28262.6 2441.44 -30704 20879.33
7.53 278.74887 454.94386 21491.334 -28025.7 2499.59 -30525.3 20761.087
7.54 271.5981 381.28773 21368.808 -28294.2 2435.46 -30729.7 20826.534
7.55 280.42467 -250.17736 21706.888 -28082 2514.61 -30596.6 21016.731
7.56 269.37327 -484.87916 21542.866 -28277.1 2415.51 -30692.6 20945.349
7.57 276.66499 -659.26158 21568.165 -28110.4 2480.9 -30591.3 21024.303
7.58 270.67911 621.55541 21552.774 -28172 2427.22 -30599.2 21007.177
7.59 277.65259 404.72821 21445.016 -28264.2 2489.75 -30754 21013.062
7.6 273.02919 -527.42291 21553.862 -28044.3 2448.3 -30492.6 21057.072
7.61 267.02652 -48.282101 21644.607 -28268.4 2394.47 -30662.9 21150.718
7.62 269.36845 -139.57921 21389.5 -28301.5 2415.47 -30717 21073.405
7.63 281.75112 293.24441 21371.421 -28212.1 2526.51 -30738.6 21105.321
7.64 281.00349 405.42603 21334.904 -28158.2 2519.8 -30678 21062.467
7.65 267.08986 -26.93689 21608.783 -28358.9 2395.04 -30753.9 21220.418
7.66 281.94203 615.54712 21420.37 -28234.6 2528.22 -30762.8 21109.012
7.67 286.09756 -574.4645 21589.569 -28156.5 2565.48 -30722 21230.368
7.68 279.9084 852.2232 21312.006 -28352.2 2509.98 -30862.2 21096.483
7.69 270.42163 -234.60416 21588.816 -28355.9 2424.91 -30780.8 21337.934
7.7 270.20057 -989.25321 21474.752 -28257.7 2422.93 -30680.6 21297.835
7.71 277.0087 618.73245 21406.801 -28392.8 2483.98 -30876.8 21258.673
7.72 259.97571 -33.26706 21558.039 -28213.9 2331.24 -30545.2 21371.9
7.73 266.99767 -516.92993 21499.651 -28133.4 2394.21 -30527.6 21364.583
7.74 265.04555 371.84088 21318.595 -28263.3 2376.71 -30640 21265.872
7.75 256.24087 -1065.939 21830.081 -28353.4 2297.75 -30651.1 21631.785
7.76 283.17709 -357.90223 21544.965 -28111.7 2539.29 -30651 21475.828
7.77 273.74814 -130.03924 21587.583 -28176.1 2454.74 -30630.9 21563.57
7.78 283.18164 -421.51014 21391.702 -28078.9 2539.33 -30618.2 21409.705
7.79 273.61589 378.64267 21629.328 -28340.6 2453.56 -30794.1 21576.808
7.8 264.76306 -182.50186 21458.402 -28335.6 2374.17 -30709.8 21453.939
7.81 266.1711 419.21304 21288.255 -28373.1 2386.8 -30759.9 21373.705
7.82 268.2928 112.35474 21466.796 -28100.8 2405.82 -30506.7 21519.872
7.83 283.11266 793.71106 21347.369 -28358.4 2538.72 -30897.1 21401.54
7.84 270.49144 -1017.1033 21553.578 -28242 2425.54 -30667.6 21622.772
7.85 259.84187 792.64024 21495.81 -28509.5 2330.04 -30839.5 21635.775
7.86 292.33215 -467.53212 21477.023 -28067.4 2621.39 -30688.7 21664.224
7.87 268.87606 691.55728 21402.344 -28481.7 2411.05 -30892.8 21688.723
7.88 289.07557 -256.95484 21443.172 -28118.7 2592.19 -30710.9 21732.102
7.89 275.15037 -419.98144 21568.187 -28420.4 2467.32 -30887.8 21825.06
7.9 269.04977 762.27055 21361.305 -28298.5 2412.61 -30711.1 21739.876
7.91 274.84106 -201.32852 21555.568 -28179 2464.54 -30643.6 21909.727
7.92 271.40223 -747.9695 21731.179 -28190.4 2433.71 -30624.1 22020.858
7.93 268.68034 692.74032 21365.49 -28243.4 2409.3 -30652.7 21803.144
7.94 285.97708 117.85486 21614.052 -28072.4 2564.4 -30636.8 21957.282
7.95 275.31763 -236.08478 21529.425 -28189.6 2468.82 -30658.4 21963.834
7.96 269.23159 -118.34182 21562.133 -28195.7 2414.24 -30609.9 22085.119
7.97 260.76012 7.6762832 21486.317 -28459.6 2338.28 -30797.8 22050.334
7.98 280.42007 121.68647 21555.206 -28217 2514.57 -30731.6 22132.065
7.99 270.93799 302.1193 21527.478 -28269.3 2429.54 -30698.9 22152.763
8 275.70908 15.176951 21352.741 -28222.1 2472.33 -30694.4 22043.38
8.01 267.44753 435.29982 21562.877 -28174.4 2398.24 -30572.7 22200.676
8.02 277.31406 -376.97604 21561.55 -28094 2486.72 -30580.7 22271.4
8.03 264.13909 -399.00519 21673.177 -28361.7 2368.58 -30730.3 22380.361
8.04 273.19393 -406.25308 21447.851 -28065.3 2449.77 -30515 22194.71
8.05 260.75259 530.69033 21512.118 -28223.9 2338.21 -30562.1 22251.047
8.06 271.76258 -365.61595 21473.619 -28231.3 2436.94 -30668.2 22356.032
8.07 276.99256 -323.60375 21716.927 -28016.3 2483.84 -30500.1 22517.878
8.08 272.75238 -1125.3654 21653.922 -28291.8 2445.81 -30737.6 22534.769
8.09 275.25977 584.6314 21511.057 -28111.7 2468.3 -30580 22455.461
8.1 275.3184 -31.748299 21556.442 -28030.1 2468.82 -30498.9 22459.935
8.11 266.14915 593.16658 21609.048 -28309.5 2386.6 -30696.1 22561.4
8.12 279.30548 141.74873 21512.586 -28133.2 2504.58 -30637.8 22494.801
8.13 272.04918 986.04038 21215.471 -28387.4 2439.51 -30826.9 22358.097
8.14 275.18319 41.265274 21326.421 -28232 2467.61 -30699.6 22539.477
8.15 276.76197 -87.126536 21407.615 -28288.6 2481.77 -30770.3 22625.83
8.16 289.76279 463.98321 21324.206 -28089.7 2598.35 -30688.1 22638.026
8.17 274.30636 50.109026 21608.536 -28219.8 2459.75 -30679.6 22897.816
8.18 266.63101 272.18106 21491.225 -28390.9 2390.92 -30781.9 22801.291
8.19 280.97161 954.63056 21516.352 -28153.6 2519.52 -30673.1 22827.421
8.2 282.109 -102.21974 21555.437 -28069.6 2529.72 -30599.3 22939.714
8.21 271.57445 686.57709 21312.433 -28314.5 2435.25 -30749.8 22840.739
8.22 264.1025 -733.98462 21687.779 -28323.7 2368.25 -30691.9 23115.854
8.23 263.8801 35.002932 21369.589 -28485.6 2366.25 -30851.8 22948.069
8.24 271.20942 98.967268 21384.655 -28252.8 2431.98 -30684.8 23043.891
8.25 266.79435 -291.32541 21576.599 -28328.9 2392.39 -30721.3 23174.279
8.26 256.76277 715.68043 21374.415 -28485.8 2302.43 -30788.2 23056.772
8.27 276.48074 -281.17092 21404.754 -28216.9 2479.25 -30696.1 23118.363
8.28 281.6577 710.34575 21667.278 -28038.6 2525.67 -30564.3 23342.697
8.29 264.21379 1106.0212 21415.872 -28167.7 2369.25 -30536.9 23184.77
8.3 272.93548 693.03525 21461.383 -28326.4 2447.46 -30773.8 23316.466
8.31 273.60103 -277.41157 21702.61 -28356.6 2453.42 -30810.1 23489.091
8.32 278.07377 860.03449 21371.309 -28360.3 2493.53 -30853.9 23319.731
8.33 274.16129 389.87242 21404.199 -28360.1 2458.45 -30818.5 23389.875
8.34 278.9991 -397.54071 21767.195 -28302 2501.83 -30803.8 23748.637
8.35 274.49251 -5.761975 21456.895 -28346.7 2461.42 -30808.1 23538.864
8.36 282.1454 -262.33079 21531.23 -28139.1 2530.04 -30669.1 23612.539
8.37 280.25251 339.20685 21539.927 -28219.5 2513.07 -30732.5 23620
8.38 263.88401 -382.75496 21623.822 -28289.9 2366.29 -30656.2 23665.29
8.39 273.75852 141.89953 21599.673 -28511.6 2454.84 -30966.5 23637.007
8.4 274.39204 556.63805 21374.437 -28155.1 2460.52 -30615.6 23475.917
8.41 273.28687 -222.62614 21484.418 -28158.2 2450.61 -30608.8 23567.205
8.42 275.08957 -83.868337 21557.05 -28350.2 2466.77 -30817 23571.434
8.43 284.56468 -70.876221 21428.27 -27934.4 2551.74 -30486.2 23540.575
8.44 273.64688 32.455413 21506.368 -28230.2 2453.84 -30684 23629.487
8.45 278.36392 -241.86558 21535.678 -28249.9 2496.13 -30746 23703.965
8.46 286.2612 284.11734 21558.319 -28151 2566.95 -30717.9 23729.511
8.47 276.0549 -970.97414 21506.956 -28101.3 2475.43 -30576.7 23710.666
8.48 283.15559 -182.90242 21475.65 -28165 2539.1 -30704.1 23717.291
8.49 274.92794 -336.70061 21264.111 -28495.9 2465.32 -30961.2 23528.896
8.5 273.9992 -322.41435 21724.217 -28163.5 2456.99 -30620.5 23889.591
8.51 280.34324 -614.284 21699.58 -28077.9 2513.88 -30591.7 23901.494
8.52 272.47105 47.834173 21566.193 -28348.8 2443.29 -30792.1 23849.462
8.53 268.20036 -31.883139 21324.057 -28257.9 2405 -30662.9 23738.561
8.54 281.90245 -775.51269 21651.806 -28098.9 2527.86 -30626.8 24042.583
8.55 275.22321 569.04607 21524.139 -28210.3 2467.97 -30678.2 23982.859
8.56 280.30028 504.75079 21589.905 -28293.5 2513.5 -30807 24072.713
8.57 274.25366 -261.00715 21548.901 -28156.7 2459.28 -30616 24059.313
8.58 277.2358 564.16169 21433.775 -28245.8 2486.02 -30731.8 23989.235
8.59 275.39892 -664.66938 21537.182 -28055.9 2469.55 -30525.4 24131.445
8.6 275.00976 -127.52994 21281.928 -28287.7 2466.06 -30753.8 23966.849
8.61 277.33796 242.52386 21386.822 -28162.9 2486.93 -30649.8 24136.137
8.62 255.93856 -485.39794 21771.122 -28373.9 2295.04 -30669 24428.665
8.63 275.43811 550.04013 21626.577 -28199.4 2469.9 -30669.3 24312.714
8.64 262.5877 309.74107 21374.811 -28459.9 2354.67 -30814.5 24202.964
8.65 268.55911 -117.95726 21589.222 -28213.6 2408.21 -30621.9 24394.54
8.66 275.88855 287.3025 21503.155 -28241.4 2473.94 -30715.4 24371.185
8.67 283.39618 -119.80204 21545.831 -28219.7 2541.26 -30760.9 24454.267
8.68 276.70982 -752.34412 21657.384 -28291.9 2481.3 -30773.2 24541.689
8.69 286.25915 869.25039 21407.928 -28106.5 2566.93 -30673.5 24443.745
8.7 269.05984 1312.9057 21370.001 -28231.4 2412.7 -30644.1 24451.802
8.71 276.87201 -327.70077 21450.66 -28258.4 2482.76 -30741.1 24536.164
8.72 281.27833 -196.73424 21403.124 -28156 2522.27 -30678.3 24498.13
8.73 275.41249 -331.91268 21595.739 -28211.1 2469.67 -30680.8 24622.731
8.74 273.991 -393.03217 21502.766 -28187.8 2456.92 -30644.7 24559.699
8.75 272.66383 -322.50433 21636.722 -28421.5 2445.02 -30866.6 24687.312
8.76 270.75921 83.545645 21291.182 -28223.4 2427.94 -30651.3 24474.781
8.77 274.15087 9.1223648 21418.754 -28397.1 2458.35 -30855.4 24542.818
8.78 279.77937 361.34341 21480.385 -28228.1 2508.83 -30737 24622.084
8.79 265.32716 -202.67652 21543.05 -28305.8 2379.23 -30685 24730.144
8.8 266.82361 -922.77026 21643.382 -28122.4 2392.65 -30515 24828.93
8.81 268.72503 372.21995 21287.378 -28448.4 2409.7 -30858.1 24584.269
8.82 284.1863 428.12983 21368.351 -28312.5 2548.34 -30860.9 24700.011
8.83 273.54198 535.2121 21345.208 -28201.4 2452.89 -30654.3 24739.244
8.84 282.0529 688.04645 21568.888 -28183.7 2529.21 -30713 24919.408
8.85 275.45631 -745.27014 21516.795 -28246.2 2470.06 -30716.2 24887.004
8.86 286.97695 -960.34299 21566.015 -28190.4 2573.37 -30763.7 25008.236
8.87 282.53959 -321.63276 21643.797 -28064.5 2533.58 -30598.1 25080.188
8.88 271.08273 -30.691699 21595.281 -28432.5 2430.84 -30863.4 25065.257
8.89 271.25468 -532.73381 21682.377 -28208.5 2432.38 -30640.9 25157.214
8.9 264.08631 -343.71889 21490.999 -28359.2 2368.1 -30727.3 25046.879
8.91 268.62219 66.729628 21410.047 -28229.1 2408.78 -30637.8 25056.255
8.92 277.44968 17.104368 21446.683 -28212.5 2487.94 -30700.4 25114.733
8.93 273.48932 198.44252 21416.927 -28108.4 2452.42 -30560.8 25149.59
8.94 284.84038 593.96425 21615.342 -27914.3 2554.21 -30468.5 25307.089
8.95 280.27271 -25.916018 21418.664 -28210.2 2513.25 -30723.4 25165.312
8.96 273.16733 -166.59268 21368.108 -28195.2 2449.53 -30644.8 25135.242
8.97 246.16389 -320.59705 21526.854 -28602.8 2207.39 -30810.2 25299.388
8.98 273.05302 1167.8983 21435.462 -28239.1 2448.51 -30687.6 25298.937
8.99 275.87965 573.5532 21494.494 -28129.5 2473.86 -30603.4 25421.475
9 269.89518 268.86444 21514.721 -28180.9 2420.19 -30601 25437.029
9.01 263.86534 422.83139 21530.101 -28281 2366.12 -30647.1 25458.729
9.02 285.09226 -450.28918 21417.045 -28058.4 2556.47 -30614.9 25454.965
9.03 267.58784 983.12745 21260.513 -28209.6 2399.5 -30609.1 25367.634
9.04 266.07035 418.7079 21445.339 -28211.4 2385.9 -30597.3 25564.452
9.05 274.49945 406.15847 21254.926 -28289.5 2461.48 -30751 25458.759
9.06 281.18468 -1028.2393 21548.435 -28062.5 2521.43 -30584 25764.573
9.07 268.09296 -639.7981 21565.197 -28365.6 2404.03 -30769.6 25880.502
9.08 280.49809 -285.54137 21448.474 -28246.1 2515.27 -30761.4 25763.783
9.09 260.49423 74.024361 21628.002 -28314.2 2335.89 -30650.1 25859.061
9.1 271.94668 135.03365 21462.719 -28311.4 2438.59 -30750 25740.693
9.11 267.95141 -384.4972 21607.825 -28385 2402.76 -30787.8 25818.693
9.12 268.21211 261.96496 21468.529 -28258.6 2405.1 -30663.7 25682.853
9.13 267.03688 -77.720862 21483.744 -28227.6 2394.56 -30622.2 25754.028
9.14 278.18769 -37.316503 21478.524 -28334.8 2494.55 -30829.3 25767.761
9.15 277.6725 933.79851 21380.624 -28304.3 2489.93 -30794.2 25662.928
9.16 275.49323 249.46098 21660.179 -28241.7 2470.39 -30712 25884.555
9.17 273.29797 -567.48284 21702.523 -28283.9 2450.71 -30734.6 25945.395
9.18 275.49694 590.44854 21274.835 -28266 2470.42 -30736.5 25636.156
9.19 271.56818 358.06559 21452.096 -28503.8 2435.2 -30939 25864.615
9.2 279.68821 548.17624 21385.099 -28243.2 2508.01 -30751.3 25803.332
9.21 273.22238 -75.655065 21499.684 -28249.2 2450.03 -30699.3 25873.753
9.22 263.16583 -275.94777 21565.774 -28363.7 2359.85 -30723.6 25951.945
9.23 270.40918 -500.11182 21745.021 -28157.9 2424.8 -30582.7 26100.731
9.24 263.31539 368.33165 21445.5 -28231.4 2361.19 -30592.6 25898.989
9.25 280.76075 -101.36525 21504.338 -28121.8 2517.63 -30639.4 25946.944
9.26 274.98409 -202.83749 21619.964 -28303.4 2465.83 -30769.3 26001.228
9.27 284.46123 -16.196437 21359.257 -28136.4 2550.81 -30687.2 25836.458
9.28 276.94709 -434.1126 21687.853 -28263.1 2483.43 -30746.6 26145.165
9.29 279.46424 -271.77851 21762.383 -28195.4 2506 -30701.4 26213.305
9.3 260.84591 384.47534 21351.177 -28371.6 2339.05 -30710.7 25935.368
9.31 279.59933 -138.52302 21439.316 -28218.2 2507.21 -30725.5 26032.433
9.32 267.08059 -599.29112 21679.443 -28199 2394.95 -30594 26264.112
9.33 255.7108 827.47178 21477.958 -28452.1 2293 -30745.1 26138.323
9.34 262.31945 1412.3189 21170.203 -28339.3 2352.26 -30691.5 25889.424
9.35 261.89332 208.48225 21449.309 -28262.4 2348.44 -30610.8 26180.623
9.36 269.19672 851.82469 21297.81 -28424.8 2413.93 -30838.7 26088.464
9.37 277.45833 -62.987594 21605.978 -28054.3 2488.01 -30542.3 26437.351
9.38 267.31116 575.69848 21299.443 -28231.4 2397.02 -30628.4 26250.405
9.39 287.78973 -175.98495 21510.341 -28078.2 2580.66 -30658.9 26459.002
9.4 273.71099 -325.34123 21531.8 -28256.6 2454.41 -30711 26465.767
9.41 273.24736 -572.0929 21422.145 -28251.7 2450.25 -30701.9 26350.002
9.42 281.36576 143.60009 21459.065 -27916 2523.05 -30439 26475.856
9.43 274.24623 -509.08784 21663.529 -28173.8 2459.21 -30633.1 26609.031
9.44 278.63808 39.484895 21471.465 -28192.6 2498.59 -30691.2 26532.901
9.45 275.89277 -673.50372 21627.661 -28161.2 2473.97 -30635.2 26656.547
9.46 259.81099 520.85216 21531.768 -28548.4 2329.77 -30878.1 26578.929
9.47 278.27098 249.97021 21397.949 -28088 2495.3 -30583.3 26455.253
9.48 263.13808 440.24167 21405.387 -28088.5 2359.6 -30448.1 26466.395
9.49 276.77703 1079.6784 21480.111 -28224.3 2481.9 -30706.2 26571.349
9.5 291.76811 1147.0821 21353.684 -27989 2616.33 -30605.3 26475.188
9.51 268.39344 -532.56808 21453.577 -28392.7 2406.73 -30799.4 26520.476
9.52 259.21649 -74.214848 21599.373 -28227.9 2324.44 -30552.3 26614.258
9.53 268.0909 -881.21745 21628.185 -28266.6 2404.01 -30670.6 26622.629
9.54 274.77896 820.15068 21356.96 -28443.9 2463.99 -30907.9 26366.221
9.55 281.80151 980.75448 21346.089 -28103.7 2526.96 -30630.6 26384.845
9.56 292.00838 830.70219 21291.576 -28151.2 2618.49 -30769.7 26322.334
9.57 271.89753 84.149734 21470.381 -28095.8 2438.15 -30534 26491.281
9.58 257.18725 -510.37682 21497.934 -28215.2 2306.24 -30521.5 26542.876
9.59 264.01743 -1189.2786 21630.969 -28552.5 2367.49 -30920 26691.429
9.6 264.27995 273.69257 21556.418 -28279.4 2369.84 -30649.3 26624.932
9.61 268.69701 10.790745 21757.382 -28243.8 2409.45 -30653.3 26843.523
9.62 259.76237 996.75158 21260.607 -28215.9 2329.33 -30545.2 26473.153
9.63 268.91047 -254.37417 21540.149 -28261.9 2411.36 -30673.2 26799.433
9.64 269.68158 120.68935 21488.259 -28082.1 2418.28 -30500.4 26724.528
9.65 272.4717 877.50169 21424.121 -28300.4 2443.3 -30743.7 26757.096
9.66 272.59904 1242.6337 21400.391 -28196.4 2444.44 -30640.8 26831.168
9.67 284.78277 460.32202 21361.465 -28118.9 2553.69 -30672.6 26822.473
9.68 267.60175 -198.64242 21324.673 -28312.4 2399.63 -30712 26767.324
9.69 276.79942 -252.99111 21768.036 -28032.3 2482.1 -30514.4 27211.001
9.7 271.0424 54.601373 21622.828 -28190.5 2430.48 -30621 27136.67
9.71 286.62388 42.439506 21538.159 -28144.5 2570.2 -30714.7 27063.07
9.72 279.64782 -130.6909 21665.702 -28242.5 2507.65 -30750.1 27172.691
9.73 275.97662 183.40678 21449.188 -28328.6 2474.73 -30803.3 26954.824
9.74 275.04531 -37.362632 21390.983 -28277.8 2466.37 -30744.2 26975.728
9.75 270.91423 -742.4303 21675.103 -28043.7 2429.33 -30473 27262.421
9.76 276.5654 -11.500557 21538.259 -28222.7 2480.01 -30702.7 27175.431
9.77 269.37795 -315.19289 21491.874 -28309.7 2415.55 -30725.3 27165.423
9.78 275.86122 450.41957 21489.829 -28199.6 2473.69 -30673.3 27164.037
9.79 270.75249 591.74129 21473.308 -28306.2 2427.88 -30734 27101.047
9.8 277.49482 765.62502 21326.157 -28336.8 2488.34 -30825.1 27009.837
9.81 279.91778 368.84974 21601.652 -28080.7 2510.07 -30590.8 27173.638
9.82 282.08415 634.26727 21314 -28123.2 2529.49 -30652.7 26979.151
9.83 274.53447 222.1171 21528.332 -28476.2 2461.79 -30938 27289.152
9.84 276.26104 134.23409 21304.973 -28201.5 2477.28 -30678.8 27107.255
9.85 267.96325 -622.08409 21454.839 -28331.7 2402.87 -30734.6 27293.339
9.86 281.88175 -374.90502 21521.23 -28166.6 2527.68 -30694.3 27313.662
9.87 267.10597 160.43549 21641.699 -28387.6 2395.18 -30782.8 27490.977
9.88 270.78421 958.63929 21260.494 -28428.1 2428.17 -30856.3 27283.985
9.89 254.41833 918.69726 21233.941 -28442.7 2281.41 -30724.1 27264.131
9.9 283.79816 279.72342 21557.701 -28213.8 2544.86 -30758.7 27508.778
9.91 270.98929 -411.77553 21614.419 -28331.1 2430 -30761.1 27465.075
9.92 272.09394 530.3616 21578.256 -28134.9 2439.91 -30574.8 27440.414
9.93 273.09928 267.03223 21561.515 -28244.3 2448.92 -30693.2 27541.073
9.94 278.18408 -635.40377 21819.639 -28143 2494.52 -30637.5 27805.716
9.95 272.47964 -59.363143 21476.675 -28474.4 2443.37 -30917.8 27480.84
9.96 278.9533 -961.46525 21705.077 -28163 2501.42 -30664.4 27688.242
9.97 270.90963 -1252.1671 21607.236 -28231 2429.29 -30660.3 27636.101
9.98 282.91447 291.03228 21405.475 -28182.7 2536.94 -30719.7 27543.984
