1600    271.33788   -484.92458    126028.35   -43671.583    3312.0633   -46983.647   0.30054879 
3600    271.17466   -444.36015    125955.82    -43702.04    3310.0711   -47012.111   0.29042949 
5600    275.59504   -311.79618    125778.08   -43547.587     3364.028   -46911.615    0.3308694 
7600    278.71677   -468.50216    126045.67   -43532.829    3402.1332   -46934.963    0.3109604 
9600    280.46592    -686.2733    126414.17   -43484.735     3423.484   -46908.219   0.28959655 
11600    274.56144   -819.56793    126593.27   -43536.992    3351.4115   -46888.403    0.2933502 
13600    273.71556   -522.43945    126176.32   -43546.832    3341.0863   -46887.918   0.29960408 
15600    267.50071   -384.75994    125859.56   -43722.425    3265.2252   -46987.651    0.3050493 
17600    274.17142   -411.10661    125877.67   -43667.577    3346.6507   -47014.228    0.3122798 
19600    270.74276    -462.7407    125944.21   -43677.821    3304.7991    -46982.62   0.31275121 
21600    274.61625   -793.08835     126539.7   -43606.406    3352.0805   -46958.486    0.2763727 
23600    273.54119   -802.27768    126481.14   -43579.634    3338.9579   -46918.591   0.27837709 
25600     274.4801   -465.92697    125974.74   -43596.379    3350.4186   -46946.798    0.3204613 
27600    271.62139   -267.07336    125736.01   -43596.536     3315.524    -46912.06   0.32592422 
29600    271.03001   -405.34645     125885.5   -43652.468    3308.3053   -46960.773   0.30378402 
31600    271.07606   -537.09073     126149.2   -43591.189    3308.8675   -46900.056   0.29812555 
33600    278.99116   -526.91239    126171.94   -43441.468    3405.4825    -46846.95   0.30551831 
35600    275.58063   -467.53834    126004.53   -43583.524    3363.8522   -46947.376   0.30604384 
37600     276.2258   -449.33718     125921.7   -43602.213    3371.7274   -46973.941   0.30258665 
39600    267.23857   -653.92589    126209.61   -43715.299    3262.0255   -46977.325   0.31430381 
41600    272.61965   -760.20128    126440.43   -43679.724    3327.7092   -47007.433   0.28858417 
43600    272.32069   -541.99132    126058.76   -43704.674    3324.0599   -47028.734   0.29504485 
45600     276.6423   -363.25812    125736.33   -43704.811    3376.8113   -47081.622   0.33135987 
47600    272.99814   -409.24852    125934.03   -43523.274    3332.3292   -46855.604    0.3331969 
49600    272.68216   -587.12652    126193.81     -43528.2    3328.4721   -46856.672   0.29112823 
51600    279.88405   -568.76402       126176   -43512.123    3416.3815   -46928.504   0.29943424 
53600    273.53026    -559.0709    126134.43   -43547.799    3338.8245   -46886.624   0.32893402 
55600    275.47285   -220.83369    125583.25    -43585.86    3362.5365   -46948.396    0.3305914 
57600    272.77789     -200.673    125625.84   -43557.652    3329.6407   -46887.293   0.31898437 
59600    276.08108   -481.77811    126021.24   -43595.282    3369.9609   -46965.243   0.33023406 
61600    276.44806   -697.68279    126389.02   -43529.089    3374.4403   -46903.529   0.28773013 
63600    275.90083   -660.10703    126302.99   -43434.608    3367.7606   -46802.369   0.29729733 
65600    270.45462   -418.22331    125961.28   -43577.477    3301.2819   -46878.759   0.33557854 
67600    274.80653   -148.17067    125447.12   -43597.833    3354.4032   -46952.236   0.34613081 
69600    269.76335   -211.03257     125622.5   -43614.421    3292.8439   -46907.265   0.31648153 
71600    276.18114   -528.87422    126166.78   -43543.279    3371.1823   -46914.461   0.31002752 
73600    270.65002   -638.50727    126343.89   -43625.436     3303.667   -46929.103   0.30148632 
75600    273.46214   -638.09298    126281.28    -43581.35     3337.993   -46919.343   0.29997708 
77600    273.01372   -405.91651    125952.96   -43589.403    3332.5193   -46921.922   0.30602982 
79600    272.71313   -136.52749    125461.65   -43556.658    3328.8502   -46885.508   0.34313151 
81600    274.86971   -309.10433    125813.47   -43495.063    3355.1743   -46850.238   0.32860068 
83600    272.68989   -552.58939    126099.63   -43623.763    3328.5666    -46952.33    0.3159094 
85600      279.159   -535.51084     126167.5   -43531.457    3407.5312   -46938.989   0.30503933 
87600    277.31485   -507.31615    126097.76   -43539.543    3385.0207   -46924.564   0.29575156 
89600    276.67562   -471.50604    126035.81   -43526.525     3377.218   -46903.743   0.32319927 
91600    274.61889   -380.01783    125859.61   -43633.595    3352.1128   -46985.707   0.31572037 
93600    272.46393   -434.31865    125948.58   -43548.451    3325.8084   -46874.259   0.30191261 
95600    271.33625   -599.89055    126245.36   -43635.106    3312.0435    -46947.15   0.29851104 
97600    274.90363   -793.78219    126518.96   -43597.256    3355.5884   -46952.844   0.29705584 
99600    270.05722   -670.20814    126189.02   -43689.385    3296.4311   -46985.816   0.31122783 
101600    278.44766   -395.74197    125865.82   -43589.932    3398.8483    -46988.78   0.31656424 
103600    271.30413   -441.45308    126015.26   -43536.771    3311.6513   -46848.422   0.30957839 
105600    275.90253   -506.24352    126044.28   -43577.114    3367.7814   -46944.896   0.29896692 
107600    278.20382   -615.49368    126291.38    -43503.11    3395.8719   -46898.982   0.29346535 
109600    279.40496   -568.90488    126233.34   -43515.988    3410.5335   -46926.522   0.29982253 
111600    274.19369   -393.80575    125865.48   -43676.673    3346.9226   -47023.596   0.31761545 
113600      276.498   -211.94809    125626.92   -43636.533    3375.0499   -47011.583   0.32864866 
115600    272.15883     -370.509    125901.07   -43556.339    3322.0842   -46878.423   0.31741946 
117600    275.40509   -509.55588    126080.85   -43595.164    3361.7094   -46956.874   0.30553679 
119600    272.26113   -578.80229    126174.81   -43663.246    3323.3329   -46986.579   0.30718811 
121600    276.37171   -475.40526    126041.65   -43656.252    3373.5084    -47029.76   0.29866553 
123600    275.44141   -300.67274    125750.31   -43593.195    3362.1527   -46955.348   0.31907211 
125600    275.04699   -431.02474    125976.62   -43674.353    3357.3383   -47031.691   0.30658831 
127600    269.91988   -645.52273    126312.13   -43667.805    3294.7547    -46962.56   0.30085545 
129600    271.50031   -721.04237    126406.36   -43690.394     3314.046    -47004.44   0.28319884 
131600    272.62508   -558.62904    126083.71   -43687.621    3327.7755   -47015.396   0.30025926 
133600    273.38814   -213.30974    125567.28   -43534.865    3337.0897   -46871.954   0.35045962 
135600    273.34177   -350.47236    125815.97   -43610.814    3336.5237   -46947.337   0.30997417 
137600     273.6374   -473.40049    126062.13   -43615.676    3340.1323   -46955.808   0.29877718 
139600    274.01622   -637.28744    126335.26   -43586.815    3344.7563   -46931.572   0.29525274 
141600    276.48629   -694.17866     126387.6   -43550.167     3374.907   -46925.074   0.29859284 
143600    266.32558   -564.80723    126183.53    -43593.97    3250.8811   -46844.851   0.31602459 
145600    268.25534   -288.67445    125727.18   -43613.797    3274.4366   -46888.233   0.32921382 
147600    273.18424   -332.78892    125744.13   -43576.515    3334.6008   -46911.116   0.33486968 
149600    270.43866   -401.13356    125872.15    -43663.07    3301.0871   -46964.158   0.31720186 
151600    275.27613   -626.74401    126305.34   -43500.564    3360.1352     -46860.7    0.2887307 
153600    273.34571   -683.62578    126359.75   -43555.238    3336.5718    -46891.81   0.30487798 
155600    273.73945    -495.1601     126109.8   -43576.155    3341.3779   -46917.533   0.30939432 
157600    266.16591   -174.14922    125548.87   -43696.071    3248.9321   -46945.003   0.32227879 
159600    274.95149   -387.24305    125828.09   -43599.341    3356.1726   -46955.514   0.32812191 
161600    274.63903   -520.42174    126115.03    -43663.59    3352.3585   -47015.949   0.31864825 
163600    275.51444   -692.27174    126411.95   -43613.399    3363.0442   -46976.443   0.28672145 
165600    272.61215   -675.39399    126337.17    -43594.27    3327.6176   -46921.887   0.28729728 
167600    273.26067    -259.3511    125642.21   -43640.027    3335.5338   -46975.561   0.33973725 
169600    271.01298   -294.89737    125666.23    -43686.34    3308.0974   -46994.437   0.32752854 
171600    267.80743   -465.04153    125892.13   -43695.339    3268.9692   -46964.308   0.30733335 
173600    271.59578   -510.06469     126087.5   -43649.171    3315.2114   -46964.382   0.31269974 
175600    276.30853   -637.17843    126280.77   -43626.103    3372.7371    -46998.84   0.30462363 
177600    270.94288   -636.66126    126322.58   -43654.865    3307.2418   -46962.107   0.28680736 
179600     269.2089   -368.45974    125856.19   -43582.996    3286.0761   -46869.072   0.32680296 
181600    272.34232   -294.83377    125654.28   -43623.552    3324.3239   -46947.876   0.33820235 
183600    277.21301   -429.51265    125908.91   -43575.403    3383.7776   -46959.181   0.31012359 
185600    269.73637   -525.58571    126099.21   -43672.491    3292.5147   -46965.005   0.30035495 
187600    274.17137   -674.32599    126258.87   -43627.831    3346.6501   -46974.481   0.29717687 
189600    269.58177   -625.79248    126370.41   -43567.364    3290.6276   -46857.991   0.29438107 
191600    268.47702   -438.00763    125936.94   -43573.895    3277.1425   -46851.037   0.30957028 
193600    273.81525   -285.56173    125702.12   -43577.786    3342.3032   -46920.089   0.33914928 
195600    272.32751    -385.6135    125900.13   -43590.617    3324.1432    -46914.76   0.31939357 
197600    270.90202    -562.2631    126166.03   -43602.674    3306.7431   -46909.417   0.29001613 
199600    273.71099   -564.28544    126175.58   -43599.938    3341.0305   -46940.969   0.30439808 
