0 271.25823 406.86855 46483.463 -63560.4 5176.07 -68736.5 11.16325
0.01 267.45759 -980.1246 46811.344 -63711 5103.55 -68814.5 23.119886
0.02 268.85941 -279.4566 46252.796 -63281.7 5130.3 -68412 33.644957
0.03 268.41012 -281.19842 46749.01 -63279.3 5121.73 -68401 46.759195
0.04 268.20279 -43.843247 46474.03 -63690.2 5117.77 -68808 56.257025
0.05 267.09043 -22.127909 46346.422 -63487.5 5096.54 -68584.1 64.20957
0.06 262.20548 8.0382796 46543.434 -63891.1 5003.33 -68894.4 74.245952
0.07 257.43506 0.11871295 46356.383 -63534.4 4912.3 -68446.7 83.821305
0.08 265.66459 19.512195 46234.851 -63175.7 5069.34 -68245 94.865584
0.09 267.04402 -229.61363 46358.326 -63268 5095.66 -68363.7 106.19146
0.1 266.46818 312.07423 46100.876 -63532.5 5084.67 -68617.1 116.46787
0.11 275.58052 -322.349 46391.938 -63065.6 5258.55 -68324.2 125.75469
0.12 269.45956 -220.12701 46565.601 -63371.4 5141.75 -68513.1 139.58806
0.13 261.67618 -90.501477 46645.744 -63754.6 4993.23 -68747.8 146.93764
0.14 275.64226 608.68438 46356.289 -63199.1 5259.73 -68458.9 155.30696
0.15 268.39655 -188.05043 46600.709 -63479.1 5121.47 -68600.5 166.41829
0.16 279.17848 -82.12612 46421.296 -63177.9 5327.2 -68505.1 177.31104
0.17 269.7602 457.70095 46193.147 -63836.2 5147.49 -68983.7 182.59208
0.18 274.66202 260.26656 46299.662 -63678.8 5241.02 -68919.8 191.22364
0.19 265.70931 -526.18614 47025.114 -63675.2 5070.19 -68745.4 200.55635
0.2 262.91589 -484.90665 46543.803 -63678.6 5016.89 -68695.5 209.84539
0.21 267.95837 509.28115 45907.79 -63664.2 5113.11 -68777.3 216.45943
0.22 275.21536 -92.92875 46217.614 -63440.5 5251.58 -68692.1 227.89189
0.23 277.43182 -64.425876 46296.898 -63170.3 5293.88 -68464.2 233.71916
0.24 271.74249 -168.83663 46408.604 -62657.9 5185.31 -67843.2 247.53218
0.25 262.76764 -566.41472 46443.548 -63133.3 5014.06 -68147.4 257.73162
0.26 267.40745 -230.70089 46703.214 -62898.5 5102.59 -68001.1 265.55023
0.27 277.14887 -245.34336 46601.267 -62959.2 5288.48 -68247.7 275.03656
0.28 264.0786 94.955876 46372.861 -63366.2 5039.07 -68405.3 283.51633
0.29 275.25649 336.96594 46254.725 -63119.5 5252.37 -68371.9 292.0165
0.3 264.45931 210.2132 46441.731 -63361.1 5046.34 -68407.4 302.22044
0.31 274.76601 684.23438 46088.093 -62905.3 5243.01 -68148.3 314.91362
0.32 271.35587 83.917065 46191.361 -62875.1 5177.94 -68053.1 326.81551
0.33 265.5437 953.8437 46023.424 -63324.8 5067.03 -68391.8 334.10943
0.34 269.77229 -311.98372 46244.109 -63196.4 5147.72 -68344.2 343.92575
0.35 273.47319 -40.18075 46265.47 -63704.2 5218.34 -68922.5 352.47657
0.36 270.88539 437.36699 46016.548 -63700.1 5168.96 -68869 360.03786
0.37 258.35474 -228.26799 46270.7 -64198.9 4929.85 -69128.7 371.48863
0.38 273.28288 153.48171 46200.243 -63839.3 5214.71 -69054 380.5407
0.39 262.69503 201.20663 46429.51 -63673.2 5012.67 -68685.9 391.84675
0.4 271.68095 307.13998 46453.001 -64121.7 5184.14 -69305.9 397.67333
0.41 273.87845 6.9297417 46597.714 -63938.4 5226.07 -69164.5 406.08583
0.42 264.70234 -108.04742 46562.457 -64290.8 5050.97 -69341.7 415.24104
0.43 263.19139 686.82722 46396.863 -64565.1 5022.14 -69587.3 421.98094
0.44 267.48579 -817.41543 46870.274 -64017.1 5104.09 -69121.2 431.06516
0.45 260.74702 -192.23763 46806.012 -64197.1 4975.5 -69172.6 439.12754
0.46 271.10952 245.25764 46353.623 -63753.8 5173.23 -68927 442.22537
0.47 271.94868 110.81824 46286.395 -63875.6 5189.25 -69064.8 447.65352
0.48 267.84612 239.50703 46532.302 -64301.5 5110.96 -69412.5 454.10251
0.49 266.34551 -327.64853 46861.558 -64096.3 5082.33 -69178.7 463.37796
0.5 268.41374 373.95767 46336.835 -64117.5 5121.79 -69239.3 463.81769
0.51 274.45632 212.84243 46441.833 -64141.3 5237.1 -69378.4 471.67763
0.52 270.83015 -308.12298 46627.023 -64194 5167.9 -69361.9 483.1954
0.53 263.66232 -75.163116 46508.618 -64519.1 5031.13 -69550.2 486.78006
0.54 266.33811 -46.923356 46573.059 -64636.4 5082.19 -69718.6 495.37884
0.55 277.05817 143.8263 46473.177 -64257.3 5286.75 -69544.1 499.88849
0.56 269.60403 391.52796 46321.102 -64081.1 5144.51 -69225.6 505.89535
0.57 268.12681 -230.98874 46547.722 -64229.2 5116.32 -69345.5 514.9659
0.58 283.78043 469.33215 46333.912 -64118.7 5415.02 -69533.7 515.13483
0.59 263.56052 76.891917 46659.27 -64757.5 5029.19 -69786.6 518.0263
0.6 277.05157 -55.111619 46520.733 -64336.3 5286.62 -69622.9 519.00534
0.61 267.48391 -17.249159 46426.754 -64524.2 5104.05 -69628.3 527.01727
0.62 268.03814 569.57523 46328.207 -64224.6 5114.63 -69339.2 534.72832
0.63 266.5028 -177.49885 46463.628 -64442.9 5085.33 -69528.3 539.54638
0.64 267.46063 -22.096638 46503.04 -64756.6 5103.61 -69860.2 546.29604
0.65 269.25141 -360.10429 46754.877 -64362.4 5137.78 -69500.2 554.42514
0.66 266.17869 140.88822 46472.828 -64835.3 5079.15 -69914.4 557.23619
0.67 258.44102 -10.802517 46682.561 -64900.2 4931.5 -69831.7 563.012
0.68 267.90986 -636.98622 46982.89 -64661.1 5112.18 -69773.3 570.26405
0.69 275.50167 447.02085 46433.699 -64552.1 5257.04 -69809.1 570.0989
0.7 271.2587 391.01115 46367.949 -64748.7 5176.08 -69924.7 573.24508
0.71 269.67957 384.45335 46400.878 -64699.4 5145.95 -69845.4 574.88051
0.72 270.47882 -274.24459 46629.148 -64936.6 5161.2 -70097.8 578.42673
0.73 273.61091 30.097156 46362.955 -64714.7 5220.97 -69935.6 580.50474
0.74 279.33967 -60.077577 46608.58 -64399.2 5330.28 -69729.4 588.33562
0.75 264.95635 217.50521 46494.351 -64964 5055.82 -70019.8 590.22892
0.76 259.60353 330.00988 46376.29 -65071.6 4953.68 -70025.3 595.99362
0.77 263.4463 -739.26261 46916.84 -64867.9 5027.01 -69894.9 604.7945
0.78 281.11911 -282.70122 46730.092 -64597 5364.23 -69961.3 608.86515
0.79 276.20486 -66.796622 46534.864 -64758.7 5270.46 -70029.2 611.39983
0.8 266.66233 490.27582 46329.149 -64453 5088.37 -69541.4 611.88595
0.81 269.80514 118.66483 46434.54 -64647.2 5148.34 -69795.5 615.9245
0.82 269.19901 97.864535 46660.899 -64486.9 5136.78 -69623.7 621.74211
0.83 272.36502 -128.1162 46658.351 -64407.2 5197.19 -69604.4 625.5283
0.84 272.71229 -367.88118 46780.308 -64807.2 5203.82 -70011 627.80197
0.85 273.45928 -61.62094 46609.896 -64868.4 5218.07 -70086.5 632.77556
0.86 269.98277 -489.9238 46955.204 -65082.4 5151.73 -70234.1 642.52479
0.87 275.20814 -244.2885 46852.158 -64591.1 5251.44 -69842.6 645.30165
0.88 265.95078 -294.98679 46814.022 -64625.7 5074.8 -69700.5 656.11137
0.89 270.28136 -130.54693 46549.416 -64773.8 5157.43 -69931.2 657.28621
0.9 256.2234 -95.87941 46635.011 -65023.2 4889.18 -69912.4 662.25233
0.91 270.99979 -333.31175 46747.404 -64740.6 5171.14 -69911.7 666.02132
0.92 269.25991 -332.13804 46619.175 -64661.7 5137.94 -69799.7 666.4177
0.93 271.1359 339.47423 46447.118 -64714 5173.74 -69887.7 672.87997
0.94 265.35137 -418.18521 46904.116 -64793 5063.36 -69856.4 683.11214
0.95 272.80116 -313.27443 46844.147 -65106.2 5205.51 -70311.7 691.15332
0.96 269.51555 654.17385 46316.271 -65451.3 5142.82 -70594.1 686.90118
0.97 269.75626 420.72523 46621.555 -65261.1 5147.41 -70408.5 692.92876
0.98 260.3842 188.82669 46621.598 -65718.6 4968.58 -70687.2 697.7075
0.99 259.71296 176.77843 46526.719 -65386.2 4955.77 -70342 699.53824
1 276.50367 624.8637 46369.459 -64786.7 5276.16 -70062.9 697.7044
1.01 271.49334 439.56403 46301.119 -65072.3 5180.56 -70252.9 697.45157
1.02 271.89418 -251.2643 46855.106 -64842 5188.21 -70030.2 706.9795
1.03 261.33602 -408.00218 46932.66 -64953.6 4986.74 -69940.3 711.74483
1.04 271.1891 -128.81794 46553.073 -65102.2 5174.75 -70277 715.7199
1.05 264.2393 -430.08522 46874.779 -64868.4 5042.14 -69910.5 724.73162
1.06 259.05318 -385.97051 46851.88 -65296.5 4943.18 -70239.7 725.78111
1.07 270.68791 815.44305 46101.461 -64955.7 5165.19 -70120.9 720.90673
1.08 277.48564 314.40488 46668.787 -65240.5 5294.9 -70535.4 731.36676
1.09 268.47224 -338.20724 46963.063 -65727.3 5122.91 -70850.2 742.3439
1.1 278.93507 103.02756 46838.245 -65374.9 5322.56 -70697.4 743.64926
1.11 266.43618 -45.312839 46758.204 -65658.6 5084.06 -70742.7 744.00882
1.12 266.22491 -23.406249 46692.03 -65332.1 5080.03 -70412.1 747.02785
1.13 266.26172 -206.05129 46717.748 -65574.9 5080.73 -70655.6 754.47671
1.14 272.34772 242.68023 46589.553 -65401.2 5196.86 -70598 756.12789
1.15 269.51384 -777.92983 47081.122 -65698.5 5142.79 -70841.3 768.11465
1.16 263.16756 364.24074 46509.401 -65709.6 5021.69 -70731.3 764.46779
1.17 266.75293 179.01973 46611.799 -66090.4 5090.1 -71180.5 773.51601
1.18 270.67988 -183.51197 46781.368 -65843.8 5165.04 -71008.8 780.25267
1.19 273.58835 191.81929 46699.421 -65937.4 5220.53 -71157.9 780.54194
1.2 263.09513 629.00912 46359.474 -66000.6 5020.31 -71020.9 777.2908
1.21 266.06077 409.93821 46391.127 -65522.1 5076.9 -70599 777.87246
1.22 266.91762 331.25038 46471.828 -65682 5093.25 -70775.2 777.54129
1.23 274.9054 142.8813 46662.569 -65391.3 5245.67 -70637 781.90882
1.24 256.90682 490.87057 46283.683 -65273.2 4902.22 -70175.4 779.12113
1.25 274.74028 337.28922 46829.493 -64937.9 5242.52 -70180.4 789.84176
1.26 264.95775 -304.90741 46931.375 -65487.3 5055.85 -70543.2 791.36442
1.27 262.35789 567.10211 46430.02 -65603 5006.24 -70609.2 789.48173
1.28 265.95697 -632.26813 46983.778 -65108.2 5074.92 -70183.1 795.33019
1.29 268.26502 1022.8747 46254.423 -65494.7 5118.96 -70613.7 791.23036
1.3 266.99544 -437.15151 47098.252 -65594.4 5094.73 -70689.1 805.3573
1.31 268.79921 302.35976 46496.174 -65386 5129.15 -70515.1 801.1237
1.32 268.52161 120.60424 46680.163 -65735.3 5123.85 -70859.1 798.83522
1.33 265.6454 -798.12784 47174.494 -65781.6 5068.97 -70850.6 809.24706
1.34 280.0395 758.73424 46414.877 -65410.9 5343.63 -70754.6 805.09169
1.35 270.12512 -265.10462 46813.095 -65377.9 5154.45 -70532.3 811.21308
1.36 269.98656 -369.57202 46739.526 -65329.5 5151.81 -70481.3 814.50659
1.37 261.22179 -340.7266 46904.833 -65648.3 4984.56 -70632.9 824.74004
1.38 263.45742 727.67425 46405.021 -65303.9 5027.22 -70331.1 826.02333
1.39 270.03618 179.535 46603.75 -65288.4 5152.75 -70441.2 835.71395
1.4 270.459 430.73749 46530.578 -65101.1 5160.82 -70261.9 837.12381
1.41 266.89462 242.02064 46529.605 -65498.7 5092.81 -70591.5 839.2943
1.42 275.98386 -454.71671 46940.343 -65249.8 5266.25 -70516.1 847.06811
1.43 270.773 93.420559 46569.533 -65517.1 5166.81 -70683.9 846.29541
1.44 264.71591 -62.269525 46710.276 -65590.2 5051.23 -70641.5 848.83132
1.45 271.58232 -359.27558 46949.355 -65522.2 5182.26 -70704.4 856.07229
1.46 270.53166 -154.34718 46809.272 -65059.7 5162.21 -70222 854.83663
1.47 274.99185 -291.47291 46703.026 -65377.7 5247.32 -70625 859.42167
1.48 266.94802 105.33902 46635.979 -65505.1 5093.83 -70598.9 858.01135
1.49 268.07052 -295.7462 46966.039 -65400.9 5115.25 -70516.2 865.00616
1.5 267.35324 -217.31253 46676.744 -65507.9 5101.56 -70609.5 867.82993
1.51 280.82297 497.88619 46291.318 -65162.6 5358.58 -70521.2 872.64913
1.52 258.30347 85.405388 46635.937 -65624.6 4928.87 -70553.4 879.98343
1.53 260.452 -233.2013 46750.293 -65283 4969.87 -70252.9 884.03294
1.54 282.74566 -485.76446 47150.135 -65144.8 5395.27 -70540.1 895.5427
1.55 267.76123 641.38163 46348.601 -65675.9 5109.34 -70785.2 889.73279
1.56 267.64028 -217.32195 46890.469 -65853.6 5107.04 -70960.6 896.70381
1.57 270.57566 387.42613 46545.127 -65750.7 5163.05 -70913.8 896.18447
1.58 267.02861 219.1965 46646.832 -66069.2 5095.36 -71164.6 903.81163
1.59 261.99268 128.8848 46426.622 -65827.8 4999.27 -70827 903.4675
1.6 267.75731 -433.53003 46982.284 -66143 5109.27 -71252.3 911.8102
1.61 267.47303 -83.477221 46669.519 -66149.7 5103.84 -71253.5 907.91666
1.62 267.36562 388.18164 46467.564 -65694.4 5101.79 -70796.2 905.46231
1.63 268.57206 -414.67328 47003.881 -66094.4 5124.82 -71219.2 918.27358
1.64 276.418 261.89275 46563.322 -65881.6 5274.53 -71156.2 914.75996
1.65 273.67936 -180.50157 46860.057 -65894.9 5222.27 -71117.2 921.47928
1.66 259.41496 -204.91294 46992.787 -66169.7 4950.08 -71119.8 925.41098
1.67 274.31664 552.44205 46552.084 -65891.3 5234.43 -71125.7 922.44977
1.68 261.53225 -7.1354565 46768.057 -66236.2 4990.48 -71226.7 929.05727
1.69 270.04126 562.20618 46531.809 -66009.5 5152.85 -71162.3 930.60054
1.7 266.4138 -749.85762 47064.523 -66047.3 5083.63 -71131 938.13103
1.71 257.00764 283.96905 46677.728 -66264 4904.15 -71168.2 930.55312
1.72 279.60505 319.42901 46483.117 -66128.9 5335.34 -71464.3 928.34599
1.73 270.79898 601.4327 46286.746 -66437.6 5167.31 -71604.9 926.83497
1.74 278.59149 106.26998 46786.585 -66425 5316 -71741 935.87353
1.75 259.92826 -479.43764 46869.148 -66668.2 4959.88 -71628.1 938.05325
1.76 261.60498 -491.12081 46770.988 -66233.8 4991.87 -71225.7 940.71967
1.77 267.79968 -23.383609 46754.518 -66184.3 5110.08 -71294.4 943.5542
1.78 276.78194 243.55986 46554.574 -66080.6 5281.47 -71362.1 943.86702
1.79 261.77794 -243.59105 46787.217 -66418.4 4995.17 -71413.6 948.85063
1.8 264.40775 -432.05661 46890.394 -66035.2 5045.35 -71080.5 953.58653
1.81 271.91775 -203.24186 46921.333 -66364.2 5188.66 -71552.9 952.82546
1.82 260.63296 179.68631 46650.428 -66483.2 4973.32 -71456.5 954.2398
1.83 269.64459 -57.988589 46642.532 -66304.5 5145.28 -71449.8 956.40646
1.84 283.93025 -34.208723 46823.274 -66026.4 5417.88 -71444.3 960.08967
1.85 262.25439 -645.70028 47153.717 -66213.9 5004.26 -71218.2 968.2307
1.86 275.301 -251.55914 46973.255 -66208.4 5253.22 -71461.6 966.38012
1.87 274.69118 -530.20406 47128.116 -66035.2 5241.58 -71276.8 968.11934
1.88 271.2929 -43.769228 46735.001 -66180.3 5176.73 -71357.1 961.38951
1.89 266.45501 -461.44081 46972.987 -66069.2 5084.42 -71153.6 966.35802
1.9 275.14869 360.08273 46456.776 -65745.5 5250.31 -70995.8 962.75177
1.91 266.03371 433.18997 46275.687 -65894.1 5076.38 -70970.5 963.82143
1.92 270.84575 65.735773 46875.601 -65607.6 5168.2 -70775.8 972.17016
1.93 277.96291 -217.05922 46752.252 -65733.6 5304.01 -71037.6 968.81815
1.94 266.86466 385.58213 46409.451 -65732.6 5092.24 -70824.9 969.53397
1.95 264.69454 -31.813108 46846.743 -65991 5050.83 -71041.8 983.80855
1.96 276.2261 19.255766 46588.877 -65658.9 5270.87 -70929.7 981.37263
1.97 273.42174 -524.89292 47040.739 -65963.2 5217.36 -71180.6 988.07914
1.98 278.08715 692.67022 46522.073 -65788.4 5306.38 -71094.8 986.50451
1.99 257.21302 -78.123476 46758.775 -66406 4908.07 -71314.1 994.22474
2 266.96717 93.586384 46706.39 -66135.4 5094.19 -71229.6 994.64165
2.01 271.95659 -338.77969 46910.015 -66099.8 5189.4 -71289.2 996.90229
2.02 272.4298 -81.467527 46861.987 -66090.6 5198.43 -71289.1 999.45974
2.03 263.93492 -846.41422 47128.541 -66567.4 5036.33 -71603.7 1005.0553
2.04 262.91873 -190.02844 46794.022 -66204.8 5016.94 -71221.7 1003.5932
2.05 270.81855 263.47278 46723.958 -66276.8 5167.68 -71444.5 1009.1434
2.06 253.25146 -197.61342 46705.917 -66299.1 4832.47 -71131.6 1009.5867
2.07 268.97591 -953.01062 47081.322 -66255.3 5132.52 -71387.8 1020.4315
2.08 278.4648 600.67458 46693.59 -66146.9 5313.59 -71460.5 1019.0136
2.09 274.59073 681.45658 46396.598 -66159.3 5239.66 -71398.9 1017.9052
2.1 265.84004 521.97536 46355.757 -66360.5 5072.68 -71433.1 1018.4526
2.11 264.03575 239.8473 46623.337 -66192.7 5038.25 -71231 1022.0837
2.12 274.57865 73.120691 46683.751 -66069.6 5239.43 -71309.1 1023.5055
2.13 260.65607 155.53906 46754.778 -66571 4973.76 -71544.7 1024.2031
2.14 263.14664 -468.07796 47080.66 -66578.3 5021.29 -71599.6 1031.2243
2.15 257.93695 -709.3824 47198.058 -66594.7 4921.88 -71516.6 1035.3068
2.16 274.62669 -359.60152 46836.649 -66281.8 5240.35 -71522.1 1032.1834
2.17 270.38417 98.911426 46643.914 -66187.5 5159.39 -71346.9 1027.9577
2.18 270.77681 890.91573 46307.572 -66362.6 5166.89 -71529.5 1023.923
2.19 269.66252 145.06502 46778.216 -66097.8 5145.62 -71243.4 1029.9743
2.2 265.05272 -157.13601 47035.199 -66459.8 5057.66 -71517.4 1037.5308
2.21 269.30049 497.12393 46182.294 -66763.6 5138.72 -71902.3 1022.9894
2.22 274.62977 468.21641 46506.449 -66580.1 5240.41 -71820.5 1027.5305
2.23 265.09996 76.210014 46736.774 -66770 5058.56 -71828.6 1032.3225
2.24 275.21763 -642.63327 47111.544 -66393.4 5251.62 -71645 1038.2112
2.25 270.28585 426.36866 46531.837 -66264.1 5157.52 -71421.6 1030.9204
2.26 268.1041 243.69497 46732.976 -66223 5115.89 -71338.8 1033.226
2.27 267.21615 -320.22862 46981.059 -66340.6 5098.94 -71439.6 1037.0872
2.28 273.31915 166.9628 46680.343 -66240.9 5215.4 -71456.3 1033.6004
2.29 262.91013 -434.02673 47042.016 -66521.2 5016.78 -71538 1037.06
2.3 273.21511 54.16518 46688.531 -66411.6 5213.41 -71625 1029.4158
2.31 268.95644 430.87337 46421.508 -66800.4 5132.15 -71932.6 1025.9903
2.32 273.48274 -53.486343 46857.253 -66225 5218.52 -71443.5 1037.3457
2.33 269.1862 -92.108821 46644.263 -66391.2 5136.53 -71527.7 1035.3467
2.34 258.6506 82.059858 46738.771 -66440.5 4935.5 -71376 1039.6521
2.35 262.63897 68.440179 46843.997 -66539.8 5011.6 -71551.4 1042.2598
2.36 276.97687 -431.16185 47108.208 -66322.7 5285.19 -71607.9 1047.5005
2.37 266.59786 98.923995 46716.762 -66267.6 5087.14 -71354.7 1047.3376
2.38 259.33362 -283.0397 46939.817 -66584.4 4948.53 -71532.9 1052.7373
2.39 275.96669 49.157747 46745.058 -65911.6 5265.92 -71177.6 1050.4126
2.4 265.70732 -300.78714 47036.075 -66002.2 5070.15 -71072.3 1057.5409
2.41 267.82115 139.26593 46541.34 -65981.4 5110.49 -71091.9 1056.4239
2.42 267.65603 -120.9207 46745.583 -66158.2 5107.34 -71265.5 1064.2286
2.43 268.38002 267.73734 46611.596 -66172.3 5121.15 -71293.5 1061.7207
2.44 264.98708 126.73476 46762.081 -66290.3 5056.41 -71346.7 1060.2717
2.45 259.7867 610.16955 46527.355 -66804 4957.18 -71761.2 1057.2432
2.46 277.87626 63.881466 46728.01 -66172.2 5302.36 -71474.6 1061.4109
2.47 269.73301 379.55452 46458.465 -66532 5146.97 -71679 1060.6625
2.48 278.95426 -223.72502 46928.779 -66075 5322.93 -71397.9 1068.2355
2.49 262.1353 555.298 46381.812 -66697.2 5001.99 -71699.2 1061.6231
2.5 272.74064 586.42082 46275.42 -66160.6 5204.36 -71364.9 1061.1428
2.51 267.48806 -413.78208 46931.546 -66620.1 5104.13 -71724.2 1073.2889
2.52 280.44334 596.14035 46493.782 -66324.8 5351.34 -71676.1 1066.8514
2.53 266.78721 515.79713 46434.469 -66559.3 5090.76 -71650.1 1065.4116
2.54 273.91682 655.60154 46389.937 -66592.4 5226.8 -71819.2 1065.0897
2.55 264.15683 559.35271 46486.961 -66683.5 5040.57 -71724.1 1069.0571
2.56 261.13292 530.61271 46527.3 -66732.2 4982.86 -71715.1 1070.8631
2.57 267.62465 257.44011 46583.784 -66396.6 5106.74 -71503.4 1071.8723
2.58 272.36205 572.48406 46326.797 -66554.1 5197.14 -71751.2 1072.2631
2.59 276.25147 -613.49403 47133.501 -66037.4 5271.35 -71308.7 1085.4086
2.6 264.67532 -627.07932 47285.618 -66594 5050.46 -71644.5 1088.8123
2.61 273.51097 246.2613 46780.113 -66237.6 5219.06 -71456.7 1083.4613
2.62 267.76249 -156.75096 46888.664 -66697.4 5109.37 -71806.8 1088.4164
2.63 280.42982 -93.659972 46925.79 -66340.6 5351.08 -71691.6 1090.256
2.64 270.48504 -149.81783 47006.705 -66400.2 5161.32 -71561.5 1092.8334
2.65 265.72869 91.298921 46642.211 -66504.9 5070.56 -71575.5 1087.8483
2.66 260.48118 248.70962 46690.821 -66759.8 4970.43 -71730.2 1088.5987
2.67 267.71339 -378.44352 47085.278 -66527 5108.43 -71635.4 1099.8512
2.68 267.13118 -729.19124 47275.528 -66296.8 5097.32 -71394.1 1102.422
2.69 278.58889 184.62477 46724.459 -66070.4 5315.95 -71386.3 1093.2551
2.7 268.02116 -961.7566 47185.043 -66546.9 5114.3 -71661.2 1101.5087
2.71 272.13771 -112.89022 46799.252 -66546.9 5192.85 -71739.7 1094.5912
2.72 266.19485 -308.77302 47099.387 -66408.7 5079.45 -71488.2 1100.8761
2.73 275.45057 -456.60294 46936.554 -66405.9 5256.07 -71662 1099.3903
2.74 271.71971 294.75057 46637.154 -66688.9 5184.88 -71873.8 1095.6747
2.75 270.06847 316.68356 46569.315 -66705.2 5153.37 -71858.6 1093.2268
2.76 274.39546 -706.38842 47004.723 -66213.5 5235.94 -71449.5 1100.251
2.77 273.37756 -240.93142 46932.301 -66474.2 5216.51 -71690.7 1102.0197
2.78 276.66386 13.143824 46714.126 -66286.5 5279.22 -71565.7 1102.7249
2.79 257.80038 -496.30267 46994.889 -66790.2 4919.27 -71709.5 1106.2153
2.8 275.32608 299.07485 46584.354 -66421.2 5253.69 -71674.9 1103.6504
2.81 260.81182 -108.97579 46903.357 -66538.2 4976.74 -71514.9 1110.7581
2.82 274.56174 693.0873 46552.159 -66286.4 5239.11 -71525.5 1107.3009
2.83 262.91126 -753.02291 47105.838 -66472.6 5016.8 -71489.4 1113.7365
2.84 267.04235 -238.24015 46865.762 -66503.5 5095.63 -71599.2 1109.8003
2.85 274.15522 293.73672 46579.875 -66142.3 5231.35 -71373.7 1112.0402
2.86 271.79998 606.41173 46389.496 -66505.8 5186.41 -71692.2 1111.9273
2.87 273.01937 -437.16135 47026.314 -66372.3 5209.68 -71582 1121.3614
2.88 268.29082 -109.68515 46960.356 -66510.5 5119.45 -71630 1122.8719
2.89 276.68957 358.90566 46571.609 -66290.7 5279.71 -71570.5 1119.6414
2.9 253.93511 289.64714 46569.708 -66614 4845.52 -71459.5 1119.6391
2.91 280.28425 553.4928 46353.763 -66255 5348.3 -71603.3 1119.7646
2.92 266.43421 165.34726 46808.09 -66448.6 5084.02 -71532.6 1126.7266
2.93 272.6566 788.51883 46317.032 -66626.5 5202.76 -71829.3 1122.8528
2.94 269.92309 559.81067 46562.751 -66450 5150.6 -71600.6 1129.9353
2.95 261.21997 364.7708 46669.922 -66682.7 4984.53 -71667.2 1133.978
2.96 276.86606 437.62836 46631.578 -66214.6 5283.08 -71497.7 1133.8506
2.97 267.36093 464.79784 46555.58 -66579.8 5101.71 -71681.5 1131.8815
2.98 277.1727 578.50218 46474.917 -66430.7 5288.93 -71719.6 1131.6472
2.99 273.97787 -19.140611 46821.707 -66692.4 5227.97 -71920.4 1136.1825
3 269.67333 841.12594 46426.544 -66590.2 5145.83 -71736.1 1130.8399
3.01 271.28665 167.14037 46835.698 -66703.6 5176.61 -71880.2 1140.415
3.02 262.45212 473.05953 46522.987 -66898.7 5008.04 -71906.7 1132.983
3.03 277.5833 207.94224 46792.877 -66386.6 5296.77 -71683.3 1136.5102
3.04 269.78901 -309.92448 46965.557 -66599.5 5148.04 -71747.5 1136.9295
3.05 268.76424 -601.34842 46970.83 -66196.4 5128.48 -71324.9 1139.2158
3.06 279.00975 -312.27449 47164.622 -66089 5323.98 -71413 1142.0759
3.07 271.68519 -553.07166 47195.768 -65930.4 5184.22 -71114.7 1144.2591
3.08 266.47386 153.15706 46610.349 -66010.3 5084.78 -71095 1133.2407
3.09 271.98886 654.60905 46344.226 -65866.3 5190.01 -71056.3 1128.1989
3.1 261.40807 -583.45004 46767.155 -66102.9 4988.11 -71091 1132.3603
3.11 279.79588 -107.51931 46956.671 -65868 5338.99 -71207 1135.0164
3.12 267.23452 -212.71957 46783.025 -66445.1 5099.29 -71544.4 1136.1809
3.13 274.05106 -337.34193 46905.571 -66266.9 5229.36 -71496.3 1140.9364
3.14 271.42601 -3.3098417 46718.561 -66474.8 5179.27 -71654.1 1139.9718
3.15 269.17508 -331.30143 46794.812 -66228 5136.32 -71364.3 1144.4509
3.16 260.17304 -245.76687 46842.531 -66500.2 4964.55 -71464.8 1145.992
3.17 273.98627 410.71818 46478.413 -66219.3 5228.13 -71447.4 1143.9066
3.18 257.14137 -139.08477 46710.883 -66523.4 4906.7 -71430.1 1151.9618
3.19 272.14214 -565.31905 47153.594 -66186.5 5192.94 -71379.5 1160.8021
3.2 260.28827 101.20024 46832.225 -66285.1 4966.75 -71251.8 1158.7294
3.21 277.64818 580.33642 46557.552 -65891 5298 -71189 1155.2141
3.22 269.4254 -88.679959 46897.168 -66243.9 5141.1 -71385 1157.9577
3.23 288.94455 -52.232839 46938.127 -65812.6 5513.56 -71326.1 1163.3531
3.24 265.86676 176.71717 46508.507 -66119.2 5073.19 -71192.4 1152.4472
3.25 260.64954 610.14587 46417.847 -66429.4 4973.64 -71403.1 1152.1566
3.26 269.95326 172.59654 46625.629 -66336 5151.17 -71487.2 1156.0779
3.27 263.73689 -98.869515 46684.324 -66386.2 5032.55 -71418.7 1158.9086
3.28 270.29063 -322.80418 47024.503 -66385.2 5157.61 -71542.8 1165.9792
3.29 260.9068 399.10548 46466.544 -66776.2 4978.55 -71754.8 1154.1408
3.3 266.30173 501.03915 46382.286 -66495.3 5081.49 -71576.8 1151.6781
3.31 272.8709 -204.50081 46929.24 -66451.2 5206.84 -71658 1162.6985
3.32 258.25696 -174.46769 46894.786 -66729 4927.99 -71657 1164.5875
3.33 267.34079 -513.56613 47147.444 -66688.6 5101.32 -71789.9 1171.1865
3.34 271.11657 -224.0055 46986.04 -66839 5173.37 -72012.3 1168.979
3.35 264.2015 -255.48097 47180.535 -66493 5041.42 -71534.4 1169.2254
3.36 271.52808 -108.01355 46801.738 -66703.6 5181.22 -71884.8 1163.2518
3.37 268.52532 -172.74819 46787.554 -66464.8 5123.92 -71588.8 1164.6371
3.38 265.41853 372.9866 46650.434 -66656.2 5064.64 -71720.8 1161.8009
3.39 281.65986 632.97211 46622.642 -66546.2 5374.55 -71920.7 1162.8209
3.4 264.97342 -472.95803 47060.731 -66651.9 5056.15 -71708 1169.04
3.41 260.25808 -781.41117 47166.894 -66532.2 4966.17 -71498.4 1168.311
3.42 263.47201 -197.83605 46686.044 -66562.8 5027.5 -71590.3 1162.8661
3.43 278.54616 285.17901 46553.627 -66372.9 5315.14 -71688 1161.4197
3.44 270.36926 367.60704 46550.692 -66384.2 5159.11 -71543.3 1164.5691
3.45 266.23032 371.30557 46519.256 -66667.8 5080.13 -71747.9 1164.342
3.46 268.3622 -879.48823 47225.593 -66817.3 5120.81 -71938.1 1178.2846
3.47 271.05092 623.03506 46548.825 -66527.4 5172.12 -71699.5 1166.6192
3.48 264.44052 -139.88511 46868.638 -66893.4 5045.98 -71939.4 1174.5334
3.49 273.43098 -290.15203 46850.098 -66903 5217.53 -72120.5 1175.1642
3.5 261.28042 -475.0878 47141.552 -67151.1 4985.68 -72136.8 1180.6528
3.51 265.94504 -264.14609 46975.161 -66554 5074.69 -71628.7 1178.806
3.52 267.25668 -150.1917 46818.018 -66688.7 5099.72 -71788.4 1176.2722
3.53 273.71618 680.48706 46431.418 -66547.6 5222.97 -71770.6 1169.3384
3.54 272.37633 669.2893 46256.897 -66782.4 5197.41 -71979.8 1167.4263
3.55 273.53604 -231.62074 47055.017 -66722.3 5219.54 -71941.8 1182.6727
3.56 266.25321 -181.43074 47037.185 -66979.7 5080.57 -72060.3 1184.0383
3.57 274.79132 -201.70326 46923.894 -66718.6 5243.49 -71962.1 1183.6819
3.58 262.21023 -386.49224 47006.545 -66885.3 5003.42 -71888.7 1185.2344
3.59 274.38555 201.79252 46664.735 -66609.6 5235.75 -71845.4 1177.1341
3.6 262.14505 661.09084 46340.897 -66942.7 5002.18 -71944.9 1174.8646
3.61 267.13196 -28.770878 46873.129 -66512.5 5097.34 -71609.8 1183.1626
3.62 257.93595 -2.9893538 46772.337 -66612.2 4921.86 -71534.1 1185.1352
3.63 264.18527 -4.6042876 46775.086 -66731.4 5041.11 -71772.5 1188.5753
3.64 273.0847 602.05351 46566.964 -66392.7 5210.92 -71603.7 1187.0801
3.65 268.88854 198.44024 46689.17 -66681.1 5130.85 -71812 1192.3265
3.66 275.89113 253.69798 46611.124 -66501 5264.48 -71765.5 1192.9124
3.67 263.35577 300.18163 46710.752 -66870.6 5025.28 -71895.9 1189.7366
3.68 263.36989 -60.586582 46892.396 -66599.1 5025.55 -71624.6 1194.959
3.69 267.43093 -604.87316 47074.933 -66563 5103.04 -71666 1201.554
3.7 266.87936 -51.846754 46801.441 -66634.4 5092.52 -71726.9 1199.0869
3.71 273.40764 -69.6647 46754.045 -66480.9 5217.09 -71698 1195.8497
3.72 270.79863 -8.1776143 46809.707 -66827.2 5167.3 -71994.5 1199.6842
3.73 275.64981 226.10918 46603.883 -66297.9 5259.87 -71557.8 1195.319
3.74 270.2114 614.62345 46513.83 -66743.1 5156.1 -71899.2 1197.5777
3.75 277.57959 -458.74358 47104.638 -66566.5 5296.69 -71863.2 1209.4442
3.76 272.92061 -281.5516 47058.802 -66350.8 5207.79 -71558.6 1207.3826
3.77 276.90922 -72.17262 46793.934 -66596.3 5283.9 -71880.2 1204.4561
3.78 266.98642 136.67034 46732.176 -66524.6 5094.56 -71619.2 1210.2374
3.79 267.9423 -380.78841 46966.803 -66547.6 5112.8 -71660.4 1213.7262
3.8 271.24725 64.432075 46712.368 -66281.8 5175.86 -71457.7 1209.7459
3.81 266.36841 203.35912 46612.984 -66337.4 5082.77 -71420.1 1211.2446
3.82 272.22578 789.76473 46342.514 -66327.8 5194.53 -71522.4 1205.3754
3.83 279.32258 548.34754 46406.28 -66014.6 5329.95 -71344.5 1210.9184
3.84 268.30611 -454.38003 47151.251 -66054.9 5119.74 -71174.7 1228.4256
3.85 271.04562 31.722589 46705.726 -66064 5172.02 -71236 1219.0969
3.86 272.76644 474.81018 46655.495 -66448.6 5204.85 -71653.5 1222.0646
3.87 271.63938 158.02415 46517.46 -66078.5 5183.35 -71261.8 1218.9344
3.88 275.20302 268.26731 46743.859 -66039.3 5251.35 -71290.7 1224.1279
3.89 263.786 -519.38531 47033.581 -66365.8 5033.49 -71399.3 1232.774
3.9 265.84599 -410.78453 47043.483 -66638.8 5072.8 -71711.6 1232.4625
3.91 265.77575 -564.91916 47182.203 -66134.7 5071.46 -71206.1 1235.1393
3.92 264.37849 75.269959 46674.348 -66280.7 5044.79 -71325.5 1227.3073
3.93 274.20261 173.93651 46844.35 -66281.6 5232.26 -71513.8 1233.9536
3.94 265.49816 -301.23741 47078.11 -66566 5066.16 -71632.2 1240.7365
3.95 262.9288 -80.177506 46849.906 -66761.4 5017.13 -71778.5 1236.9726
3.96 275.35828 480.24927 46478.136 -66214.6 5254.31 -71468.9 1226.285
3.97 269.65362 -76.523789 46775.994 -66506.7 5145.45 -71652.2 1234.0348
3.98 268.50124 303.79013 46639.108 -66181.8 5123.46 -71305.2 1234.7913
3.99 266.90856 244.60784 46491.946 -66397.4 5093.07 -71490.5 1229.131
4 269.56719 -170.01635 46736.59 -66182.9 5143.8 -71326.7 1232.4804
4.01 263.36984 172.51662 46894.449 -66706.4 5025.55 -71731.9 1237.205
4.02 269.58886 -72.108255 46907.341 -66404.4 5144.22 -71548.6 1241.061
4.03 281.95701 -37.413321 46770.083 -66170.5 5380.22 -71550.7 1238.6884
4.04 281.32316 61.376553 46874.518 -66122.4 5368.13 -71490.5 1247.2563
4.05 269.06236 -77.745977 46766.032 -66202.8 5134.17 -71337 1250.9675
4.06 270.16836 100.65088 46805.223 -65949.7 5155.28 -71105 1252.3159
4.07 272.99637 -411.73691 47002.484 -65622.7 5209.24 -70832 1260.3554
4.08 270.89027 -219.88409 46903.983 -65938.9 5169.05 -71108 1259.7694
4.09 267.44383 347.95187 46488.501 -66306.3 5103.29 -71409.6 1258.567
4.1 271.81451 -120.53684 46844.03 -66159.2 5186.69 -71345.9 1262.4152
4.11 262.81236 -77.84318 46762.921 -66514.8 5014.91 -71529.7 1264.902
4.12 272.24964 204.33323 46697.368 -66202.3 5194.99 -71397.3 1262.0244
4.13 271.78334 518.3007 46450.996 -66351.9 5186.09 -71538 1256.9382
4.14 271.06987 -488.063 47059.487 -66582.5 5172.48 -71755 1270.5483
4.15 272.56449 -237.73219 46782.681 -66476.7 5201 -71677.7 1263.593
4.16 258.78734 -592.4365 47227.392 -66507.4 4938.11 -71445.5 1273.0029
4.17 261.60601 -419.20327 46869.432 -66884.6 4991.89 -71876.5 1265.4689
4.18 264.66671 -223.73874 46903.508 -66798.6 5050.29 -71848.9 1267.2417
4.19 260.22068 -634.66622 47192.601 -66531.3 4965.46 -71496.8 1272.4518
4.2 263.84427 53.343794 46774.568 -66574.4 5034.6 -71609 1260.4613
4.21 270.17252 -458.8252 47025.526 -66581.7 5155.35 -71737 1264.306
4.22 272.24062 -554.1791 47073.718 -66252.4 5194.82 -71447.3 1267.2529
4.23 266.15852 -104.5401 46821.903 -66204.8 5078.76 -71283.6 1263.4713
4.24 273.09042 74.737396 46636.872 -66533.2 5211.03 -71744.2 1261.3961
4.25 273.06949 40.151427 46690.528 -66167.2 5210.63 -71377.9 1262.2926
4.26 260.13197 574.26517 46287.044 -66676.2 4963.76 -71640 1255.79
4.27 266.91106 92.321584 46832.453 -66392.6 5093.12 -71485.7 1264.628
4.28 267.0547 45.441227 46781.875 -66425.3 5095.86 -71521.2 1266.7001
4.29 270.92346 139.56016 46724.043 -66481.3 5169.68 -71651 1267.1522
4.3 263.51202 -325.66212 46779.474 -66355.7 5028.26 -71383.9 1271.5491
4.31 278.36325 24.814871 46798.87 -66274.5 5311.65 -71586.2 1270.3872
4.32 268.96135 515.47839 46461.334 -66473.3 5132.24 -71605.5 1265.6408
4.33 264.93985 148.12077 46684.463 -66362.4 5055.51 -71417.9 1271.7563
4.34 269.23433 -343.23101 46828.744 -66045.6 5137.45 -71183.1 1276.9664
4.35 267.62292 -382.12773 47189.331 -66456.1 5106.7 -71562.8 1282.8737
4.36 269.1448 3.9483753 47019.879 -66641.6 5135.74 -71777.3 1283.7293
4.37 279.44268 256.37399 46665.266 -66287 5332.25 -71619.3 1276.3333
4.38 261.53336 635.32236 46405.904 -66825.9 4990.5 -71816.4 1271.6348
4.39 260.38419 8.8048821 46647.275 -66583.7 4968.58 -71552.2 1278.5386
4.4 263.90841 224.26081 46631.748 -65996.4 5035.83 -71032.3 1278.5075
4.41 278.2659 -324.47255 46961.472 -65977.4 5309.79 -71287.2 1288.925
4.42 260.22393 159.84014 46426.484 -66383.6 4965.52 -71349.1 1278.8146
4.43 269.07905 423.8876 46587.29 -65986.2 5134.49 -71120.7 1280.7575
4.44 270.7609 619.08015 46322.03 -65990 5166.58 -71156.6 1277.5316
4.45 263.91504 58.937854 46733.72 -66237 5035.95 -71273 1286.3201
4.46 268.92372 373.77834 46576.774 -66138.8 5131.53 -71270.4 1282.4778
4.47 274.06926 25.519373 46858.723 -66032.6 5229.71 -71262.3 1289.0501
4.48 261.70394 -259.63738 46989.238 -66115.3 4993.76 -71109.1 1292.6117
4.49 267.34948 -82.426289 46810.975 -65892.5 5101.49 -70994 1293.8872
4.5 258.18195 -6.8103757 46648.592 -66336.2 4926.55 -71262.8 1293.6493
4.51 273.667 38.056459 46836.583 -65996.1 5222.04 -71218.1 1295.7844
4.52 271.94647 -122.18764 46678.494 -66446.3 5189.21 -71635.5 1293.9495
4.53 277.52224 -162.99223 46723.319 -66108.3 5295.6 -71403.9 1295.3469
4.54 282.12303 278.77248 46630.238 -65933.6 5383.39 -71317 1295.0243
4.55 263.43047 490.80969 46714.935 -66580.5 5026.71 -71607.2 1298.7943
4.56 270.77451 -338.40887 46974.19 -66184.3 5166.84 -71351.2 1306.5988
4.57 266.25545 -155.49837 46891.58 -66194.6 5080.61 -71275.3 1306.2194
4.58 257.72403 -637.4619 47120.229 -66299.8 4917.82 -71217.6 1314.0764
4.59 275.08413 28.544281 46614.015 -65644 5249.08 -70893.1 1304.1758
4.6 265.7588 70.823934 46670.971 -66040.5 5071.13 -71111.6 1306.4716
4.61 265.22358 132.00316 46609.612 -66359.3 5060.92 -71420.3 1308.1584
4.62 269.05379 171.15847 46718.252 -65940.9 5134.01 -71075 1311.3472
4.63 258.55646 -304.31027 46999.684 -66421.8 4933.7 -71355.5 1323.7303
4.64 271.67826 87.947973 46491.378 -66387.8 5184.09 -71571.8 1316.011
4.65 275.23742 77.377537 46700.585 -65903.1 5252 -71155.1 1325.7889
4.66 269.20357 -51.911546 46910.922 -66190.3 5136.87 -71327.1 1325.9411
4.67 266.45694 172.91517 46621.041 -66279.6 5084.46 -71364 1322.8977
4.68 266.80565 611.60094 46478.775 -66435.5 5091.11 -71526.6 1320.5049
4.69 272.32195 92.283338 46700.781 -66261.9 5196.37 -71458.2 1328.2837
4.7 270.29599 -508.61915 47148.842 -66482.5 5157.71 -71640.2 1335.5679
4.71 262.94809 -335.96844 46948.028 -66363.4 5017.5 -71380.9 1329.751
4.72 267.25757 580.91596 46502.041 -66427.8 5099.73 -71527.5 1322.3243
4.73 276.6239 156.09781 46600.761 -66183.1 5278.46 -71461.5 1326.4993
4.74 275.98069 -4.4727034 46739.933 -65788 5266.18 -71054.2 1336.0374
4.75 261.36481 -67.964243 46939.15 -66412.4 4987.29 -71399.6 1338.9932
4.76 266.75243 -567.98853 47145.1 -66189.6 5090.09 -71279.7 1347.2912
4.77 266.15965 82.573004 46610.515 -66267.2 5078.78 -71346 1342.1652
4.78 272.85587 575.94615 46418.27 -66021.2 5206.56 -71227.7 1335.8866
4.79 264.78101 -115.83709 46668.094 -66366.9 5052.48 -71419.3 1346.0728
4.8 270.26007 -685.00691 47041.015 -66185.5 5157.03 -71342.6 1356.365
4.81 268.88982 -503.96274 47088.581 -66113.5 5130.88 -71244.4 1359.5045
4.82 275.54297 141.07989 46801.132 -66394 5257.83 -71651.8 1354.0949
4.83 268.59959 178.96078 46676.305 -66428.3 5125.34 -71553.7 1352.9332
4.84 273.80171 346.68392 46795.564 -66350.8 5224.61 -71575.4 1354.7113
4.85 274.8081 289.00648 46646.079 -66316.7 5243.81 -71560.5 1352.0206
4.86 279.14077 418.50072 46490.575 -66482.1 5326.48 -71808.6 1348.6014
4.87 271.29474 567.36422 46679.864 -66635.1 5176.77 -71811.9 1355.327
4.88 266.51914 -330.9976 46896.252 -66905.2 5085.64 -71990.8 1359.1059
4.89 270.92943 -586.81549 46961.487 -66564 5169.8 -71733.8 1363.902
4.9 267.55852 545.56064 46284.928 -66661.7 5105.48 -71767.1 1353.9999
4.91 269.97085 362.60052 46572.025 -66427.8 5151.51 -71579.3 1360.5503
4.92 267.24809 -586.75732 47018.051 -66531.2 5099.55 -71630.7 1370.8284
4.93 283.71351 88.917292 46758.134 -66219.8 5413.74 -71633.5 1363.0983
4.94 272.16439 756.7646 46340.926 -66358.4 5193.36 -71551.8 1358.4461
4.95 282.93327 169.80526 46650.615 -66063.4 5398.85 -71462.2 1365.9268
4.96 260.47027 270.71728 46602.069 -66417.7 4970.22 -71387.9 1368.8332
4.97 259.66809 -330.39392 47019.03 -66385.4 4954.91 -71340.3 1378.6753
4.98 269.67375 142.54644 46771.884 -66608.2 5145.84 -71754.1 1371.3329
4.99 270.48867 743.41421 46478.444 -66772.8 5161.39 -71934.2 1367.7713
5 267.82282 -128.89149 46662.434 -66498.3 5110.52 -71608.9 1369.0006
5.01 272.37466 349.20076 46594.128 -66334.2 5197.38 -71531.6 1367.2485
5.02 258.58012 116.41969 46566.886 -66595.2 4934.15 -71529.4 1366.4613
5.03 273.22295 -80.891617 46812.178 -66399.8 5213.56 -71613.4 1372.9969
5.04 275.14874 -266.39531 46891.524 -66433.3 5250.31 -71683.6 1374.4805
5.05 270.68342 170.5268 46744.779 -66680.3 5165.1 -71845.4 1373.2719
5.06 269.90505 208.69572 46600.872 -66713.3 5150.25 -71863.5 1370.4755
5.07 279.72883 261.18136 46573.464 -66354.7 5337.71 -71692.4 1367.3192
5.08 264.66868 -568.57023 47155.108 -66775.9 5050.33 -71826.3 1382.824
5.09 265.4921 143.88369 46743.307 -66414 5066.04 -71480.1 1378.8052
5.1 274.11334 -79.291187 46977.02 -66187.9 5230.55 -71418.4 1383.7273
5.11 257.21063 -326.75471 47026.931 -66620.1 4908.02 -71528.1 1384.7073
5.12 276.74656 -541.1238 46915.571 -66093.7 5280.8 -71374.5 1385.9016
5.13 266.64731 314.0242 46574.621 -66343 5088.09 -71431.1 1382.8986
5.14 263.726 -397.61538 46943.932 -66243.1 5032.34 -71275.5 1393.0679
5.15 268.05548 -335.37555 47012.896 -66114.9 5114.96 -71229.9 1394.8259
5.16 267.10888 -322.45748 46880.468 -66412.3 5096.9 -71509.2 1396.2669
5.17 266.36457 153.78382 46673.246 -66414.3 5082.69 -71497 1391.164
5.18 277.01454 313.343 46417.526 -66032.7 5285.91 -71318.6 1385.4997
5.19 273.7172 111.25537 46630.124 -65856.9 5222.99 -71079.9 1395.486
5.2 274.81641 -42.601606 46879.694 -66219.1 5243.97 -71463.1 1398.7796
5.21 266.97818 -29.939099 46739.343 -66126.8 5094.4 -71221.2 1395.7516
5.22 268.53452 319.9649 46503.613 -66434.3 5124.1 -71558.4 1393.0124
5.23 275.83495 790.86527 46345.465 -66519.5 5263.4 -71782.9 1392.2326
5.24 274.733 -902.01874 47186.472 -66075.1 5242.38 -71317.5 1413.0678
5.25 259.25623 196.85475 46555.281 -66190.5 4947.05 -71137.6 1398.9245
5.26 267.76283 267.51627 46584.998 -66177.8 5109.37 -71287.2 1406.1242
5.27 264.15857 821.42163 46446.69 -65851.7 5040.6 -70892.3 1410.169
5.28 274.58796 364.41224 46639.445 -65896.3 5239.61 -71135.9 1413.5326
5.29 275.725 194.59504 46581.816 -66133.3 5261.31 -71394.6 1411.5286
5.3 271.72544 253.59381 46577.003 -65656.2 5184.99 -70841.2 1415.2001
5.31 271.61014 -219.9535 46909.251 -65805.2 5182.79 -70987.9 1429.1312
5.32 276.59294 53.024161 46771.919 -65815.2 5277.87 -71093 1422.9756
5.33 270.3796 569.54471 46402.116 -65939.6 5159.31 -71098.9 1413.6828
5.34 275.61831 -146.86169 46835.904 -66113.9 5259.27 -71373.2 1429.5938
5.35 261.43122 -290.71757 46745.811 -66252.4 4988.56 -71240.9 1431.5053
5.36 265.03583 -523.7248 46737.061 -65768 5057.34 -70825.4 1434.1996
5.37 264.42349 227.64094 46366.911 -66149.4 5045.65 -71195.1 1426.2442
5.38 270.70218 83.19693 46621.8 -65764 5165.46 -70929.4 1435.7869
5.39 265.48572 146.02516 46690.362 -65965.2 5065.92 -71031.1 1438.4845
5.4 266.93616 -37.256106 46715.308 -66067.6 5093.6 -71161.2 1442.6746
5.41 268.64775 323.42608 46475.651 -66156.3 5126.26 -71282.6 1439.2305
5.42 264.64451 -282.00014 46686.921 -65960.6 5049.87 -71010.5 1443.1924
5.43 263.2931 -708.58765 47080.115 -65725.6 5024.08 -70749.7 1454.629
5.44 267.45971 132.3059 46763.287 -65702.1 5103.59 -70805.7 1451.0327
5.45 277.57095 425.22468 46410.243 -65820.1 5296.53 -71116.6 1454.2703
5.46 264.59401 -449.42651 47120.511 -65799.6 5048.91 -70848.5 1466.741
5.47 281.64108 8.6711444 46782.234 -66052.4 5374.19 -71426.6 1461.5389
5.48 263.71368 -151.70055 46835.873 -66303.3 5032.11 -71335.4 1459.3849
5.49 272.69016 262.22644 46631.09 -66071.6 5203.4 -71275 1457.5109
5.5 269.9704 -206.57889 46890.069 -66413.5 5151.5 -71565 1466.2551
5.51 264.19912 251.79378 46707.672 -66132.3 5041.37 -71173.6 1465.0709
5.52 265.37051 259.76318 46720.303 -66271.4 5063.72 -71335.1 1464.5302
5.53 266.89413 -353.12161 46910.263 -66068.7 5092.8 -71161.5 1470.9415
5.54 285.05866 -644.90824 47048.309 -66282.9 5439.41 -71722.3 1472.514
5.55 262.22729 400.26011 46638.291 -66630.1 5003.75 -71633.8 1464.8627
5.56 268.83938 543.78765 46364.662 -66715.3 5129.92 -71845.2 1457.563
5.57 277.58004 -577.96213 47027.051 -66240.8 5296.7 -71537.5 1473.5542
5.58 272.11525 472.48532 46572.271 -66498.7 5192.43 -71691.1 1463.6603
5.59 264.96995 -91.434039 46841.276 -66670.7 5056.08 -71726.7 1470.9168
5.6 273.74713 -118.98834 46903.18 -66393.8 5223.56 -71617.4 1471.6051
5.61 264.00248 -472.3769 46942.753 -66506.9 5037.62 -71544.5 1476.2641
5.62 273.0539 -380.71153 47089.492 -66320.1 5210.34 -71530.4 1478.6871
5.63 274.21184 544.04113 46637.006 -66731.4 5232.43 -71963.8 1470.8275
5.64 269.52765 258.35445 46679.347 -66526.1 5143.05 -71669.2 1473.4802
5.65 261.73439 -56.941007 46826.526 -66742.8 4994.34 -71737.1 1477.4694
5.66 271.59364 8.9284283 46872.338 -66374.4 5182.47 -71556.9 1481.5199
5.67 260.86849 293.43637 46606.677 -66524.9 4977.82 -71502.7 1476.1889
5.68 271.55074 2.3929769 46882.731 -66261.1 5181.65 -71442.8 1485.7572
5.69 263.13587 -423.01697 47116.908 -66512.1 5021.08 -71533.2 1488.5647
5.7 272.08608 52.327212 46773.194 -66110.9 5191.87 -71302.7 1483.2069
5.71 260.24974 719.24502 46317.022 -66466.6 4966.01 -71432.6 1471.1197
5.72 277.06807 262.76169 46546.561 -66270.9 5286.93 -71557.8 1476.0856
5.73 269.72136 -430.26261 46896.653 -65979.4 5146.75 -71126.1 1484.5448
5.74 272.3454 -117.68084 46811.149 -66178.4 5196.82 -71375.2 1486.1564
5.75 273.0776 767.15381 46456.124 -66184.7 5210.79 -71395.5 1480.7603
5.76 286.94345 22.545198 46755.963 -66193.2 5475.37 -71668.6 1488.9634
5.77 261.99485 -7.4172137 46748.963 -66438.5 4999.31 -71437.8 1489.3963
5.78 270.28884 57.294366 46666.229 -66079 5157.57 -71236.5 1488.5242
5.79 271.04912 532.46399 46471.026 -66003.1 5172.08 -71175.2 1484.2401
5.8 264.52539 -482.61418 46814.731 -66127.6 5047.6 -71175.2 1492.4118
5.81 283.07024 53.605721 46877.6 -65686.9 5401.47 -71088.4 1498.2669
5.82 267.78276 -179.71975 46836.358 -66066.2 5109.75 -71176 1503.4944
5.83 262.25476 -689.68315 47087.864 -65903.5 5004.27 -70907.7 1511.0848
5.84 266.1059 379.63209 46602.245 -66147.3 5077.76 -71225.1 1502.8931
5.85 266.75647 -213.12375 46821.452 -65923.1 5090.17 -71013.3 1510.2586
5.86 274.17039 -581.67078 47003.601 -65647.4 5231.64 -70879 1517.0681
5.87 266.31675 -283.96122 47089.188 -66158.7 5081.78 -71240.5 1521.7836
5.88 258.67497 -350.76407 47005.87 -66090.8 4935.96 -71026.7 1523.0997
5.89 271.62569 545.5067 46320.669 -66099 5183.08 -71282.1 1511.8556
5.9 277.34656 192.29181 46692.9 -66169 5292.25 -71461.3 1520.6839
5.91 270.05293 -524.16765 46912.301 -66113.7 5153.07 -71266.8 1528.9513
5.92 262.04337 -325.12011 46900.133 -66124.6 5000.24 -71124.8 1530.1375
5.93 281.08368 -243.4062 46875.011 -65835.2 5363.56 -71198.8 1531.1021
5.94 265.62075 420.12742 46577.574 -66277.7 5068.5 -71346.2 1521.8722
5.95 271.80906 280.67487 46546.687 -65955.7 5186.58 -71142.3 1523.6376
5.96 269.81624 -752.83428 46924.269 -66237 5148.56 -71385.6 1535.5952
5.97 270.48454 -361.13499 47100.909 -66317.9 5161.31 -71479.2 1540.9642
5.98 267.41055 536.45756 46344.595 -66514 5102.65 -71616.7 1528.3846
5.99 270.95351 370.07646 46307.242 -66324.6 5170.26 -71494.8 1531.462
6 276.95199 312.01492 46701.01 -65938.7 5284.72 -71223.4 1542.2706
6.01 271.83305 -427.1128 46884.42 -66384.2 5187.04 -71571.3 1548.3255
6.02 265.94033 689.41036 46287.862 -66203.1 5074.6 -71277.7 1535.5074
6.03 261.41022 350.01311 46607.674 -66462.4 4988.16 -71450.6 1546.5663
6.04 280.45132 -64.157659 46722.966 -66028.3 5351.49 -71379.8 1553.3779
6.05 270.30087 11.46745 46800.66 -66521.3 5157.8 -71679.1 1557.3633
6.06 275.26658 -75.399075 46834.208 -66056.8 5252.56 -71309.3 1559.0841
6.07 273.54804 -713.82683 47059.859 -66207.6 5219.77 -71427.4 1568.1342
6.08 272.49135 347.36201 46496.786 -66223.2 5199.6 -71422.8 1559.1382
6.09 259.70318 -757.36244 47254.438 -66352.7 4955.58 -71308.3 1577.4991
6.1 266.88563 -62.785321 46868.795 -66264.3 5092.64 -71356.9 1571.0935
6.11 263.77569 -363.3994 47011.967 -66033 5033.29 -71066.3 1577.4048
6.12 269.00477 -23.680106 46562.135 -66231 5133.07 -71364.1 1572.1577
6.13 272.75766 381.64338 46445.092 -66413.2 5204.68 -71617.9 1570.848
6.14 261.55457 -250.39011 46879.21 -66128.4 4990.91 -71119.3 1583.2986
6.15 272.88362 190.91868 46558.921 -65947.9 5207.09 -71155 1579.2347
6.16 267.44902 -255.43805 46905.632 -66282.1 5103.39 -71385.5 1588.9791
6.17 275.22179 694.92378 46585.838 -66407.1 5251.7 -71658.8 1584.3625
6.18 282.12357 428.82732 46400.592 -66487.1 5383.4 -71870.5 1584.0732
6.19 269.32264 -759.59805 47249.194 -66188.8 5139.14 -71328 1604.6297
6.2 273.32754 -646.51428 47191.04 -66139.1 5215.56 -71354.6 1602.2062
6.21 264.32089 575.77333 46560.358 -66092.5 5043.7 -71136.2 1588.1036
6.22 281.36946 402.88073 46713.545 -66422.9 5369.01 -71791.9 1592.915
6.23 259.35943 -451.89008 46849.344 -66596.1 4949.02 -71545.1 1595.9466
6.24 258.04254 -155.01537 46993.043 -66832.5 4923.89 -71756.3 1599.4627
6.25 269.46152 -280.45762 46892.737 -66493.4 5141.79 -71635.2 1600.4563
6.26 270.25658 221.13749 46719.747 -66689.6 5156.96 -71846.6 1595.8784
6.27 267.15301 163.3695 46805.613 -66782.6 5097.74 -71880.4 1601.1297
6.28 274.51253 614.61312 46540.89 -66587.1 5238.17 -71825.2 1592.8086
6.29 261.32451 311.81367 46689.147 -66909.8 4986.52 -71896.3 1595.5532
6.3 269.14908 770.42354 46471.682 -66480.1 5135.83 -71615.9 1589.343
6.31 268.67574 648.29507 46581.496 -66390.9 5126.79 -71517.7 1593.4315
6.32 264.01589 -28.634154 46753.586 -66308.6 5037.88 -71346.5 1598.3119
6.33 272.15366 9.9688892 46641.975 -65759 5193.16 -70952.2 1594.9489
6.34 263.49144 300.04043 46443.649 -65691.5 5027.87 -70719.4 1592.5464
6.35 267.04511 -283.13567 46963.384 -65813.7 5095.68 -70909.3 1612.7267
6.36 274.37652 -330.30556 46953.822 -66124.2 5235.57 -71359.7 1616.1422
6.37 281.3709 71.768198 46672.434 -65985 5369.04 -71354 1611.9158
6.38 257.45119 482.14189 46565.929 -66433.8 4912.61 -71346.4 1609.0879
6.39 273.55439 637.78591 46444.1 -66057.3 5219.89 -71277.2 1609.6351
6.4 270.31888 260.92183 46635.993 -66051.4 5158.15 -71209.5 1618.1867
6.41 258.69661 280.68259 46626.333 -66515 4936.37 -71451.3 1618.7636
6.42 260.26049 -266.75307 46661.821 -66132.3 4966.22 -71098.5 1621.9933
6.43 265.30051 -19.526025 46863.851 -66340.9 5062.39 -71403.3 1631.0911
6.44 264.47729 191.40808 46669.884 -66513.2 5046.68 -71559.9 1624.3241
6.45 279.48015 296.88708 46579.456 -66214.4 5332.96 -71547.3 1627.7043
6.46 258.30463 -784.67537 47098.977 -66545 4928.9 -71473.9 1639.186
6.47 270.25296 -173.76372 46998.27 -66424.5 5156.89 -71581.4 1641.3051
6.48 257.05496 12.150153 46856.025 -66769.8 4905.05 -71674.9 1638.7681
6.49 275.28236 70.343975 46603.894 -66482.4 5252.86 -71735.2 1632.2271
6.5 271.39792 -331.43795 46950.871 -66743.8 5178.74 -71922.5 1640.7553
6.51 261.3019 -556.36366 47057.08 -66898.2 4986.09 -71884.3 1644.3547
6.52 267.9543 -369.85203 47098.561 -66674 5113.03 -71787 1646.4614
6.53 271.77214 184.1689 46742.475 -66490.8 5185.88 -71676.6 1637.6629
6.54 265.27252 -32.425528 46873.054 -66539.2 5061.85 -71601 1641.1471
6.55 259.98899 -759.90933 47294.489 -66336.4 4961.04 -71297.4 1655.1832
6.56 270.82444 674.08562 46466.612 -66449.9 5167.79 -71617.7 1634.3958
6.57 266.70262 -105.21441 46810.809 -66466.9 5089.14 -71556 1641.8437
6.58 275.21786 70.663548 46708.121 -66457 5251.63 -71708.6 1642.7953
6.59 261.16418 -623.86418 47175.295 -66521.7 4983.46 -71505.2 1655.2822
6.6 263.63141 -48.693863 46825.728 -66331.3 5030.54 -71361.9 1651.244
6.61 271.89451 -183.73388 46887.111 -65940.8 5188.21 -71129 1654.3749
6.62 261.42851 -461.08695 47061.881 -66285.3 4988.5 -71273.8 1659.9754
6.63 267.27393 -380.49862 46933.147 -66056.1 5100.04 -71156.2 1657.4366
6.64 261.06594 298.25385 46710.937 -66280.1 4981.59 -71261.7 1655.9798
6.65 267.76414 -554.11934 46974.792 -66077.4 5109.4 -71186.8 1661.1168
6.66 260.40879 -544.43055 47043.838 -66405 4969.05 -71374 1664.7563
6.67 273.44835 -69.135487 46844.695 -66103 5217.86 -71320.9 1662.6534
6.68 273.59106 578.83688 46480.634 -65879.4 5220.59 -71100 1657.5733
6.69 263.8945 -718.54206 46948.689 -65960.7 5035.56 -70996.3 1671.165
6.7 269.82076 -410.75677 46938.743 -66037.6 5148.64 -71186.3 1676.0802
6.71 271.04321 -338.6309 47020.958 -65943.4 5171.97 -71115.4 1679.2849
6.72 266.46159 -528.84497 47049.818 -65660.6 5084.54 -70745.1 1680.085
6.73 278.14658 -741.425 47076.253 -65645.1 5307.51 -70952.6 1682.0686
6.74 262.44593 -230.07545 47057.965 -65933.6 5007.92 -70941.6 1684.9504
6.75 267.08364 -259.82933 46924.499 -65909 5096.41 -71005.4 1683.4249
6.76 268.0002 -196.7056 46740.522 -65903.8 5113.9 -71017.7 1680.4056
6.77 279.3084 489.38611 46492.482 -66074.9 5329.68 -71404.5 1674.7069
6.78 268.03688 -75.992878 46474.076 -65940.2 5114.6 -71054.8 1675.9791
6.79 262.26001 -638.18815 47171.864 -66104.6 5004.37 -71109 1693.3169
6.8 268.34636 236.45435 46485.788 -66461.5 5120.51 -71582 1679.4141
6.81 268.76965 -395.78854 46931.648 -66150.3 5128.59 -71278.9 1692.798
6.82 269.471 -534.66082 46978.783 -66028.2 5141.97 -71170.2 1700.6904
6.83 267.11572 112.37238 46692.989 -66106.4 5097.03 -71203.4 1694.1894
6.84 285.38434 677.98855 46501.538 -65876.9 5445.62 -71322.5 1693.6733
6.85 266.60325 214.19144 46595.302 -66179.8 5087.25 -71267.1 1696.1738
6.86 270.13235 46.384814 46616.633 -66023.4 5154.59 -71178 1695.5674
6.87 272.36356 -314.19894 46926.51 -66088.5 5197.16 -71285.6 1708.0326
6.88 265.36787 685.52448 46414.397 -66409.6 5063.67 -71473.3 1697.7736
6.89 271.36739 0.086413166 46862.588 -66157 5178.16 -71335.2 1711.3701
6.9 279.22535 95.912904 46567.84 -66140.6 5328.1 -71468.7 1705.7252
6.91 272.28367 -413.7045 47145.681 -66479.5 5195.64 -71675.1 1721.6616
6.92 262.05743 56.681897 46831.584 -67075.6 5000.51 -72076.1 1715.7673
6.93 271.9181 -398.0471 46907.23 -66600.4 5188.66 -71789.1 1719.4517
6.94 264.89601 -348.28932 47108.026 -66555.1 5054.67 -71609.8 1728.2748
6.95 261.73697 -444.45051 47077.328 -66450 4994.39 -71444.4 1727.2423
6.96 265.27787 -258.84923 46758.594 -66666.2 5061.96 -71728.1 1723.0311
6.97 272.20349 116.51702 46737.109 -66356.1 5194.11 -71550.2 1725.2253
6.98 285.75658 396.95185 46525.348 -65951.9 5452.73 -71404.6 1720.2408
6.99 267.76484 37.79366 46671.369 -66387 5109.41 -71496.5 1725.3922
7 266.43474 152.3005 46658.587 -66507.3 5084.03 -71591.3 1724.651
7.01 263.66117 -116.85923 46813.482 -66594.7 5031.11 -71625.8 1729.26
7.02 278.70553 -381.43232 47151.703 -66325.4 5318.18 -71643.6 1736.8145
7.03 259.82933 -320.42862 46957.157 -66445.2 4957.99 -71403.2 1733.8456
7.04 257.07992 140.81838 46679.961 -66606.6 4905.53 -71512.1 1728.9142
7.05 271.74696 -252.58261 46977.851 -66491.5 5185.4 -71676.9 1741.2813
7.06 270.18616 -514.0234 47023.671 -66668.5 5155.62 -71824.1 1742.5251
7.07 266.48612 -339.59862 46957.359 -66265.3 5085.01 -71350.3 1746.6791
7.08 271.44693 -206.61544 46871.683 -66834.3 5179.67 -72013.9 1743.7953
7.09 275.06426 583.22194 46541.254 -66566 5248.7 -71814.7 1735.0815
7.1 268.67755 -143.86791 46833.971 -66647.8 5126.83 -71774.6 1740.4504
7.11 268.31187 -594.68801 46953.791 -66683 5119.85 -71802.9 1747.36
7.12 264.88841 123.56505 46699.544 -66784.9 5054.53 -71839.4 1740.9519
7.13 269.50962 511.27437 46609.476 -66474.2 5142.71 -71616.9 1741.8169
7.14 272.63834 467.78443 46532.193 -66226.9 5202.41 -71429.3 1738.5008
7.15 265.71312 297.66599 46506.798 -66655 5070.26 -71725.3 1738.3193
7.16 268.28494 207.86309 46655.522 -66320.7 5119.34 -71440.1 1747.2226
7.17 263.10008 -315.50512 46739.967 -66399 5020.4 -71419.4 1748.9064
7.18 262.04628 20.905415 46676.42 -66107.9 5000.29 -71108.2 1751.3252
7.19 263.05579 -804.81748 46919.252 -66194.8 5019.56 -71214.3 1755.6956
7.2 276.4603 322.96835 46644.218 -65711.2 5275.34 -70986.5 1751.2058
7.21 271.40481 566.30164 46449.77 -65956.3 5178.87 -71135.2 1744.1732
7.22 269.65311 607.05472 46465.799 -65718.5 5145.44 -70864 1752.1317
7.23 259.57118 -28.279272 46755.36 -65908.8 4953.06 -70861.9 1761.8053
7.24 264.27172 222.41079 46703.428 -65633.5 5042.76 -70676.3 1761.9253
7.25 267.16626 -37.70842 46734.112 -65650.6 5097.99 -70748.6 1766.7138
7.26 266.99255 -196.03233 46639.167 -65732 5094.68 -70826.7 1766.1469
7.27 266.07739 -145.0184 46965.676 -66043.7 5077.21 -71121 1770.8246
7.28 259.13089 261.81635 46734.58 -65933.2 4944.66 -70877.9 1765.8688
7.29 267.33654 266.15065 46403.427 -65829.3 5101.24 -70930.5 1759.0518
7.3 273.0545 -194.22673 46900.764 -65959.1 5210.35 -71169.5 1772.5257
7.31 273.91835 601.20827 46591.428 -65806.3 5226.83 -71033.1 1766.6412
7.32 275.14115 -11.949823 46667.568 -65758.9 5250.17 -71009.1 1772.8823
7.33 267.31545 -499.54268 46869.609 -65899.5 5100.84 -71000.3 1781.0985
7.34 267.94875 -761.84855 46897.168 -65843.7 5112.92 -70956.7 1781.7189
7.35 265.09953 -278.02183 46830.611 -66000.7 5058.55 -71059.3 1786.4567
7.36 268.92201 -231.52545 46910.645 -65635.5 5131.49 -70767 1790.0441
7.37 267.28853 566.77323 46400.864 -65578 5100.32 -70678.3 1782.4794
7.38 274.97812 262.41523 46572.809 -65493.1 5247.05 -70740.2 1789.2135
7.39 272.96894 138.60297 46708.319 -65931 5208.72 -71139.7 1793.7399
7.4 276.11475 513.77813 46534.327 -66157.4 5268.74 -71426.1 1788.631
7.41 276.39931 -382.00376 46940.766 -65814.3 5274.17 -71088.5 1797.8515
7.42 265.99045 85.418093 46501.277 -66033.2 5075.55 -71108.8 1789.4369
7.43 265.61866 -199.00543 46982.341 -65868.4 5068.46 -70936.9 1798.6618
7.44 275.17558 643.09528 46409.969 -65875.2 5250.82 -71126 1785.403
7.45 266.37497 -133.67633 47032.353 -66016.3 5082.89 -71099.2 1802.7218
7.46 277.42571 -107.29375 46801.914 -65682.9 5293.76 -70976.7 1799.7227
7.47 261.0471 -330.76158 46931.652 -66113 4981.23 -71094.2 1804.6347
7.48 270.92653 2.2489898 46689.01 -66298.7 5169.74 -71468.4 1800.355
7.49 260.97913 -6.8296544 46796.07 -65947 4979.93 -70926.9 1804.8172
7.5 268.67115 -60.89789 46877.974 -66048.1 5126.71 -71174.8 1811.6268
7.51 265.75266 -389.15967 46888.966 -66207.9 5071.02 -71278.9 1814.856
7.52 269.26847 567.50689 46402.82 -65937.3 5138.1 -71075.4 1801.6595
7.53 264.65425 -338.66095 46824.297 -66162.2 5050.06 -71212.3 1809.4144
7.54 265.27689 7.5531591 46870.136 -66793.4 5061.94 -71855.4 1815.2927
7.55 272.09234 132.73384 46649.617 -66253.7 5191.99 -71445.7 1809.3681
7.56 271.24972 -454.91507 46993.968 -66316.2 5175.91 -71492.1 1821.7202
7.57 265.56355 355.32191 46620.573 -66634.1 5067.41 -71701.5 1810.5565
7.58 274.25567 285.13597 46546.245 -66226.1 5233.27 -71459.3 1810.9804
7.59 271.08498 -167.96263 46786.145 -66421.3 5172.77 -71594 1817.9489
7.6 275.5071 -176.29665 46926.479 -66512.3 5257.15 -71769.5 1822.911
7.61 281.03439 673.36527 46520.161 -66323.5 5362.62 -71686.1 1815.0943
7.62 272.46011 624.09407 46449.398 -66513.1 5199.01 -71712.1 1815.363
7.63 263.72842 243.26812 46664.197 -66609.1 5032.39 -71641.5 1822.3019
7.64 262.68848 -114.15652 46742.289 -66508.9 5012.55 -71521.4 1829.1885
7.65 261.99661 -196.49469 46880.321 -66609.7 4999.34 -71609.1 1835.7705
7.66 269.60165 -24.526089 46904.716 -66431.6 5144.46 -71576 1840.7441
7.67 270.3175 656.59491 46312.431 -66786.8 5158.12 -71944.9 1825.2747
7.68 271.64625 161.86296 46746.522 -66611.7 5183.48 -71795.2 1838.7043
7.69 277.84954 894.97774 46338.252 -66045.3 5301.85 -71347.2 1829.0511
7.7 264.37969 -88.483345 47008.674 -66458.7 5044.82 -71503.5 1850.1547
7.71 271.52592 -382.42323 47179.162 -66196.3 5181.18 -71377.5 1858.8575
7.72 270.83469 11.14017 46766.844 -66624.9 5167.99 -71792.9 1850.3985
7.73 271.73456 -425.35435 47138.604 -66290.9 5185.16 -71476 1865.6511
7.74 259.40682 -537.51459 46968.752 -66647.3 4949.93 -71597.2 1868.0515
7.75 285.20928 599.07317 46639.413 -65888.2 5442.28 -71330.5 1859.9128
7.76 276.351 -516.65448 47186.295 -66503.3 5273.25 -71776.5 1873.0087
7.77 272.00413 430.72021 46689.702 -66334.9 5190.31 -71525.2 1859.6158
7.78 270.66462 777.62493 46531.596 -66565.3 5164.75 -71730.1 1857.7151
7.79 272.90438 -121.03196 46841.986 -66385.3 5207.48 -71592.8 1864.5889
7.8 270.81594 -127.58293 46887.942 -66735.4 5167.63 -71903.1 1865.4154
7.81 273.87932 62.308344 46663.534 -66344.9 5226.09 -71571 1856.7316
7.82 260.02897 377.74199 46519.456 -66368.7 4961.8 -71330.5 1858.1955
7.83 267.31687 17.82197 46739.358 -66148 5100.86 -71248.9 1863.9948
7.84 265.75235 217.28956 46708.266 -66500 5071.01 -71571.1 1864.2326
7.85 267.64937 666.18769 46444.466 -66530.5 5107.21 -71637.7 1858.3601
7.86 267.33711 418.97287 46472.443 -66403.4 5101.25 -71504.7 1860.1309
7.87 265.73245 352.15376 46538.309 -66461.2 5070.63 -71531.8 1864.4598
7.88 277.45542 -8.8316411 46750.998 -66255.3 5294.33 -71549.6 1869.8204
7.89 265.46966 -13.287236 46833.119 -66676.1 5065.62 -71741.7 1872.054
7.9 270.71255 -11.400966 46887.844 -66138.8 5165.66 -71304.4 1874.7755
7.91 266.42532 -239.26275 46848.611 -66706.6 5083.85 -71790.5 1875.7214
7.92 265.20731 -344.57708 47023.922 -66427.2 5060.61 -71487.9 1880.3746
7.93 271.04316 -589.3692 47169.844 -66591 5171.97 -71762.9 1886.7724
7.94 277.8916 255.62329 46712.418 -66590.5 5302.65 -71893.2 1877.0678
7.95 267.45581 705.33654 46410.295 -66236.3 5103.52 -71339.8 1869.3083
7.96 273.16077 255.18385 46634.209 -66403.6 5212.38 -71616 1875.2776
7.97 257.2109 -436.00876 46904.223 -66736.1 4908.03 -71644.1 1886.1644
7.98 265.99722 236.56401 46669.334 -66699.9 5075.68 -71775.6 1881.108
7.99 271.03231 241.14576 46659.951 -66932.1 5171.76 -72103.9 1879.0329
8 266.04858 -220.35153 46840.955 -66736.8 5076.66 -71813.4 1881.7934
8.01 268.09016 -290.4612 47029.719 -66755.3 5115.62 -71870.9 1888.3066
8.02 279.7894 -241.88618 47002.653 -66382.7 5338.86 -71721.5 1885.5629
8.03 271.89527 102.70615 46798.766 -66528.2 5188.23 -71716.4 1884.1682
8.04 282.92042 545.14297 46652.248 -66389.6 5398.61 -71788.2 1880.9053
8.05 270.6312 4.7358068 46834.74 -66577.6 5164.11 -71741.7 1887.5839
8.06 262.62611 -488.39085 47051.346 -66627.3 5011.36 -71638.7 1894.2807
8.07 270.23745 134.99289 46759.752 -66281.1 5156.59 -71437.7 1884.2629
8.08 270.69827 722.49 46280.17 -66244.4 5165.39 -71409.8 1870.1634
8.09 260.44386 -345.59198 46933.422 -66657.2 4969.72 -71627 1888.8588
8.1 274.04128 -69.775016 46906.435 -66471.3 5229.18 -71700.5 1886.198
8.11 266.31731 156.75863 46557.944 -66580.9 5081.79 -71662.7 1876.3097
8.12 276.68134 -318.037 47083.297 -66109.2 5279.55 -71388.8 1891.8981
8.13 277.86947 -5.7668005 46768.843 -66342.3 5302.23 -71644.5 1887.8484
8.14 270.21533 349.42469 46491.452 -66416.4 5156.17 -71572.6 1881.7767
8.15 267.48086 -736.14823 47122.032 -66071.6 5103.99 -71175.6 1897.2082
8.16 277.2417 -115.70698 46812.467 -66471.9 5290.25 -71762.1 1892.2254
8.17 272.55725 116.30698 46773.229 -66336.3 5200.86 -71537.1 1890.7412
8.18 281.35205 -584.33711 47165.599 -66345.1 5368.68 -71713.8 1901.0395
8.19 270.02612 -648.02609 47106.834 -66693.8 5152.56 -71846.4 1904.1382
8.2 270.88263 -282.78478 47132.682 -66221.8 5168.91 -71390.7 1908.116
8.21 271.16258 74.785704 46647.235 -66169.5 5174.25 -71343.8 1894.5521
8.22 257.07369 -438.6894 46931.062 -66646.5 4905.41 -71551.9 1905.6104
8.23 270.43895 -448.32586 46994.253 -66285 5160.44 -71445.5 1902.5184
8.24 265.90044 -301.69425 46953.758 -65921.8 5073.84 -70995.6 1904.4588
8.25 254.366 -294.34948 46917.375 -66506.5 4853.74 -71360.2 1901.0787
8.26 261.65643 -602.58136 47101.006 -66147.1 4992.85 -71139.9 1906.5523
8.27 276.1326 -483.54709 46993.744 -65806 5269.08 -71075 1901.6611
8.28 260.90507 252.8921 46562.844 -66112.6 4978.52 -71091.1 1890.2983
8.29 269.36091 -39.919155 46803.509 -66086.4 5139.87 -71226.3 1907.1187
8.3 267.64454 -539.65411 46920.745 -66206.5 5107.12 -71313.6 1913.1112
8.31 266.76801 299.98216 46555.657 -66650.6 5090.39 -71741 1902.0982
8.32 270.24178 -279.05216 47034.2 -66329.2 5156.68 -71485.9 1918.6936
8.33 269.00286 -476.9472 47127.206 -66266.5 5133.04 -71399.6 1922.4044
8.34 270.85159 -324.38773 46936.406 -66259.8 5168.31 -71428.1 1919.2493
8.35 267.68983 -445.75007 47165.026 -66419.6 5107.98 -71527.5 1924.7602
8.36 266.01268 -401.11815 47018.784 -66573.3 5075.98 -71649.3 1926.4601
8.37 268.7136 -131.82509 46736.999 -66615.8 5127.52 -71743.4 1915.5194
8.38 268.78754 -432.75119 46974.307 -66408.9 5128.93 -71537.8 1923.4034
8.39 264.70267 457.08632 46626.007 -66478.4 5050.98 -71529.3 1907.6002
8.4 269.93517 -312.88416 47037.649 -66231.1 5150.83 -71381.9 1923.2326
8.41 265.23174 -254.27919 46946.55 -66585.6 5061.08 -71646.6 1922.2979
8.42 278.42421 330.6514 46632.946 -66323 5312.81 -71635.8 1913.9064
8.43 265.69211 573.6546 46503.223 -66718.8 5069.86 -71788.6 1909.7834
8.44 258.32114 -602.64093 47017.356 -66871 4929.21 -71800.2 1924.051
8.45 268.2059 -147.91771 46895.921 -66376.7 5117.83 -71494.6 1924.5221
8.46 277.08638 294.56159 46530.418 -66389.6 5287.28 -71676.9 1914.4433
8.47 268.04188 -437.13251 47107.463 -66839.4 5114.7 -71954.1 1926.2365
8.48 269.61216 -172.21096 46813.877 -66720.6 5144.66 -71865.3 1922.65
8.49 273.52792 -655.89717 47213.547 -66470.2 5219.38 -71689.6 1932.3979
8.5 266.86 30.445006 46838.878 -66428.9 5092.15 -71521 1921.1062
8.51 263.51225 357.86407 46619.471 -66622.4 5028.27 -71650.6 1919.4143
8.52 268.06192 289.77879 46740.21 -66442.9 5115.08 -71558 1919.7509
8.53 270.86217 551.21885 46365.82 -66214 5168.51 -71382.5 1908.8246
8.54 273.79564 364.56533 46679.635 -66207.3 5224.49 -71431.8 1917.1309
8.55 275.129 257.66834 46666.877 -66250.7 5249.93 -71500.6 1918.212
8.56 273.86986 -26.062321 46718.568 -66492.9 5225.91 -71718.8 1918.6895
8.57 260.42971 -481.76032 46957.505 -66743.1 4969.45 -71712.6 1925.0948
8.58 271.46154 81.571446 46612.722 -66508.7 5179.95 -71688.7 1916.3763
8.59 269.92674 50.673989 46735.079 -66433.9 5150.67 -71584.6 1919.3669
8.6 262.13391 -511.20623 47263.917 -66598 5001.96 -71599.9 1935.515
8.61 265.03422 -698.64021 47225.295 -66541 5057.31 -71598.3 1937.3326
8.62 268.53489 328.91846 46540.48 -66694.5 5124.11 -71818.6 1917.4163
8.63 277.12605 -163.98602 46689.977 -66491.4 5288.04 -71779.5 1923.7085
8.64 266.9959 -981.86255 47268.779 -66089.9 5094.74 -71184.6 1943.3636
8.65 270.93891 -298.78626 46833.332 -66248.2 5169.98 -71418.2 1935.8687
8.66 274.70883 -573.08761 47184.957 -66192 5241.92 -71433.9 1948.7129
8.67 271.25339 679.98469 46277.874 -66309.7 5175.98 -71485.7 1924.756
8.68 278.13004 -576.1405 47276.324 -66158.1 5307.2 -71465.3 1953.8626
8.69 266.27281 -277.75213 46956.834 -66414 5080.94 -71495 1948.6415
8.7 275.22739 -213.35603 46935.239 -66299.8 5251.81 -71551.6 1947.8813
8.71 278.72859 -419.54833 47097.223 -66693.2 5318.62 -72011.8 1950.4613
8.72 276.03164 156.93596 46755.299 -66538.4 5267.16 -71805.5 1942.5148
8.73 259.77878 -634.80824 47192.752 -66729 4957.02 -71686 1958.6299
8.74 272.91363 -588.78567 47132.449 -66354.3 5207.66 -71561.9 1955.2246
8.75 269.15872 -152.24095 46981.607 -66822.6 5136.01 -71958.6 1953.422
8.76 269.69293 -135.11583 47016.928 -66478.8 5146.2 -71625 1955.5561
8.77 273.96493 525.79881 46626.733 -66849.3 5227.72 -72077 1945.3238
8.78 272.66843 548.9649 46403.388 -66891.7 5202.98 -72094.7 1936.3071
8.79 260.62507 178.03107 46595.438 -66704.2 4973.17 -71677.4 1943.5482
8.8 271.91999 461.2591 46337.614 -66401.6 5188.7 -71590.3 1933.6118
8.81 277.61539 -193.18243 46786.381 -66440.4 5297.38 -71737.8 1947.2665
8.82 262.80361 -214.67567 47073.139 -66580.8 5014.74 -71595.6 1957.6624
8.83 276.92063 89.488715 46778.929 -66082.2 5284.12 -71366.3 1950.5125
8.84 262.71347 95.316085 46739.47 -66556 5013.02 -71569 1949.5676
8.85 271.20421 23.413025 46672.582 -66447 5175.04 -71622 1949.3406
8.86 282.1469 -398.26548 46818.173 -66261.7 5383.85 -71645.5 1954.8382
8.87 254.75798 -474.18114 46968.725 -66549.7 4861.22 -71410.9 1961.6667
8.88 263.13046 -282.06773 46940.137 -66480.7 5020.98 -71501.7 1961.1482
8.89 260.77521 133.84458 46607.231 -66887.4 4976.04 -71863.5 1951.8021
8.9 271.83895 -769.73087 47149.096 -66361.2 5187.15 -71548.4 1969.4924
8.91 267.01334 426.8495 46536.504 -66724.7 5095.07 -71819.8 1947.6855
8.92 261.38159 643.7264 46614.4 -66471.3 4987.61 -71458.9 1955.547
8.93 265.3034 165.48128 46512.03 -66689.4 5062.44 -71751.9 1953.7127
8.94 277.18143 -495.73446 47195.418 -66381.2 5289.1 -71670.3 1973.5349
8.95 257.31644 -553.49098 47191.116 -66657.9 4910.04 -71567.9 1976.5885
8.96 275.49142 -223.24484 46804.381 -66129.5 5256.85 -71386.3 1966.3834
8.97 262.57619 507.60499 46449.686 -66570.3 5010.4 -71580.7 1959.0652
8.98 271.19823 -105.61719 47026.885 -66450.6 5174.93 -71625.6 1973.5331
8.99 262.0263 20.167958 46849.833 -66673.4 4999.91 -71673.3 1966.8563
9 274.99382 892.00024 46257.913 -66283.2 5247.35 -71530.5 1951.9491
9.01 265.34812 -350.77176 46885 -66454.4 5063.3 -71517.7 1968.6969
9.02 272.13194 485.34776 46504.047 -66085 5192.74 -71277.7 1956.3138
9.03 271.48558 -190.98584 46751.378 -66239.9 5180.41 -71420.3 1969.5856
9.04 271.71494 -769.71443 47166.579 -66000.5 5184.79 -71185.3 1980.9221
9.05 274.78503 -358.5035 46934.946 -65970.8 5243.37 -71214.2 1975.6181
9.06 274.91382 -524.9303 47258.175 -66187 5245.83 -71432.9 1983.4032
9.07 268.15493 -29.764892 46690.376 -66094.1 5116.86 -71211 1971.7868
9.08 268.78549 -623.40445 47118.106 -66287.4 5128.89 -71416.3 1989.4905
9.09 277.02337 -100.57734 46857.33 -65989.9 5286.08 -71275.9 1987.214
9.1 270.589 563.7406 46450.966 -66289.4 5163.3 -71452.7 1979.2127
9.11 273.70879 672.82649 46503.497 -66124.8 5222.83 -71347.7 1977.9074
9.12 260.26795 -392.67533 47007.455 -66543.8 4966.36 -71510.2 1995.4102
9.13 266.33049 205.79567 46657.462 -66240.5 5082.04 -71322.5 1989.6451
9.14 276.15164 587.32141 46547.545 -66048.2 5269.45 -71317.6 1991.5224
9.15 267.10539 -695.51717 46841.111 -66384.9 5096.83 -71481.8 2002.5655
9.16 274.10709 249.44903 46711.691 -65880.4 5230.43 -71110.9 1999.5899
9.17 271.57189 -535.64672 47042.112 -66118.6 5182.06 -71300.7 2012.9216
9.18 260.67185 -319.3787 46842.392 -66090.1 4974.07 -71064.1 2010.9664
9.19 272.9402 -186.54361 46801.321 -66291.1 5208.17 -71499.2 2016.0795
9.2 272.52734 245.31279 46636.236 -66048.5 5200.29 -71248.8 2010.347
9.21 258.20454 -405.15634 46980.264 -66492.5 4926.99 -71419.5 2014.0994
9.22 276.99972 576.88834 46486.552 -65874.5 5285.63 -71160.1 2005.3109
9.23 263.90564 190.69758 46684.248 -66116.4 5035.77 -71152.1 2018.0499
9.24 270.66902 116.9392 46701.212 -65815.1 5164.83 -70979.9 2020.7094
9.25 272.87955 295.63027 46589.011 -65981.4 5207.01 -71188.4 2022.9161
9.26 259.53843 -444.58002 47011.251 -66099.3 4952.44 -71051.7 2036.5309
9.27 265.57136 484.60717 46477.276 -65778 5067.56 -70845.6 2022.1147
9.28 276.08602 -339.10952 46841.188 -65500.1 5268.19 -70768.3 2038.4547
9.29 273.86382 360.41876 46498.565 -65281.7 5225.79 -70507.5 2028.8398
9.3 272.09155 -365.55624 46910.004 -65456.7 5191.97 -70648.6 2050.4338
9.31 266.40537 160.99776 46573.038 -65953.2 5083.47 -71036.7 2048.5119
9.32 282.94501 152.89808 46684.985 -65683.8 5399.08 -71082.9 2056.1606
9.33 275.13176 589.26267 46370.489 -65727.3 5249.99 -70977.2 2049.4207
9.34 284.50527 288.06616 46719.352 -65523.3 5428.85 -70952.1 2062.8827
9.35 266.65278 -142.09817 46842.486 -66134.8 5088.19 -71223 2070.8739
9.36 278.63336 413.86666 46515.72 -65986.5 5316.8 -71303.3 2061.1461
9.37 256.89502 303.00388 46563.516 -66327.2 4902 -71229.2 2062.9439
9.38 268.00788 -175.49693 46803.351 -66153.9 5114.05 -71267.9 2076.3438
9.39 272.80235 -408.88351 47121.961 -66334.7 5205.54 -71540.2 2088.1397
9.4 272.91856 510.14352 46555.279 -66417.9 5207.75 -71625.7 2073.1319
9.41 266.41365 357.70571 46560.462 -66337.2 5083.63 -71420.8 2079.2474
9.42 277.36039 947.88207 46400.868 -66465.9 5292.51 -71758.4 2074.4977
9.43 269.97057 462.80266 46446.813 -66449.6 5151.5 -71601.1 2077.92
9.44 266.54917 -841.66668 47110.844 -66556.3 5086.22 -71642.6 2100.0956
9.45 269.79807 -232.3662 46914.079 -66545.5 5148.21 -71693.7 2093.407
9.46 260.64595 52.178167 46824.126 -66938.7 4973.57 -71912.3 2094.8685
9.47 260.59738 40.183307 46635.522 -66686.5 4972.65 -71659.2 2089.0534
9.48 273.55341 396.15868 46736.552 -66485.6 5219.87 -71705.5 2091.4033
9.49 273.8043 317.57641 46609.787 -66476.7 5224.66 -71701.4 2087.39
9.5 268.60427 172.61582 46644.47 -66372.1 5125.43 -71497.6 2090.2905
9.51 264.79881 502.1036 46608.2 -66592.9 5052.82 -71645.7 2091.7388
9.52 275.53448 698.95881 46509.388 -66456.7 5257.67 -71714.4 2089.7491
9.53 278.26003 174.38977 46732.095 -66517.9 5309.68 -71827.6 2100.6731
9.54 260.87227 199.17068 46772.064 -66896.8 4977.89 -71874.7 2099.6885
9.55 272.36816 659.43701 46474.653 -66668.3 5197.25 -71865.6 2093.6658
9.56 265.66685 226.6873 46699.346 -66411.4 5069.38 -71480.8 2099.1761
9.57 259.37179 -140.82238 47030.736 -66511 4949.26 -71460.3 2114.6853
9.58 271.36291 -753.41215 47171.385 -66172.3 5178.07 -71350.3 2118.2886
9.59 274.59067 294.70286 46623.384 -66577.3 5239.66 -71817 2102.9472
9.6 264.37298 -569.53292 47208.853 -66543.4 5044.69 -71588.1 2124.208
9.61 279.80907 -273.33814 46805.224 -66346.1 5339.24 -71685.4 2108.4686
9.62 265.28153 -150.58606 46861.44 -66451.8 5062.03 -71513.9 2110.2261
9.63 265.72407 -107.06183 46745.501 -66313 5070.47 -71383.4 2109.1078
9.64 262.06915 -296.09919 46931.545 -66586.5 5000.73 -71587.2 2115.4407
9.65 264.19169 -378.49219 46860.043 -66566.8 5041.23 -71608.1 2113.5883
9.66 271.69452 303.77856 46715.357 -66744.1 5184.4 -71928.5 2110.5025
9.67 271.40013 162.03133 46691.604 -66554.7 5178.78 -71733.5 2113.0336
9.68 269.34483 844.98716 46477.191 -66149.3 5139.56 -71288.8 2107.7934
9.69 270.30533 -546.51044 47088.1 -66646.4 5157.89 -71804.3 2126.2437
9.7 273.62842 -136.2429 46807.845 -66681.7 5221.3 -71903 2117.756
9.71 260.72228 719.59717 46567.184 -66927.9 4975.03 -71902.9 2110.2925
9.72 265.06733 419.52189 46547.628 -66857 5057.94 -71915 2109.8046
9.73 266.04376 -808.05483 47457.695 -66500.6 5076.57 -71577.2 2140.3035
9.74 268.79414 -389.39433 46912.244 -66288.9 5129.05 -71418 2121.6445
9.75 260.52426 -768.80286 47035.182 -66021.5 4971.25 -70992.8 2126.1807
9.76 265.43202 385.7681 46549.807 -66320 5064.9 -71384.9 2111.3493
9.77 274.08199 -403.21279 47083.611 -65849.7 5229.95 -71079.7 2131.1693
9.78 256.82922 124.77044 46587.286 -66279.7 4900.74 -71180.5 2117.7848
9.79 268.74077 552.13939 46554.521 -66105.6 5128.03 -71233.7 2122.7903
9.8 266.31242 -301.97919 46654.432 -65955 5081.7 -71036.7 2127.6839
9.81 270.27203 -285.05533 46902.029 -66104.2 5157.25 -71261.5 2141.9723
9.82 271.26743 455.74045 46639.009 -65899.4 5176.25 -71075.6 2133.2646
9.83 261.26795 -595.39612 47043.661 -66031.4 4985.44 -71016.9 2147.1457
9.84 263.90427 -411.01044 46862.594 -65798.9 5035.75 -70834.6 2141.1537
9.85 266.35515 663.87277 46450.928 -66009.2 5082.51 -71091.7 2128.1399
9.86 262.74061 516.4008 46542.587 -65896.6 5013.54 -70910.1 2133.8604
9.87 259.32781 -225.08985 46923.95 -66276.4 4948.42 -71224.8 2150.3648
9.88 268.3124 -443.93773 46968.262 -66236.5 5119.86 -71356.3 2151.5045
9.89 280.44075 -630.49447 47167.35 -65764.5 5351.29 -71115.8 2160.0681
9.9 266.35931 526.06795 46493.164 -66335.7 5082.59 -71418.3 2139.5666
9.91 268.36633 -488.43735 47170.756 -65904.1 5120.89 -71025 2162.9699
9.92 258.19921 -100.28331 46785.246 -66343.4 4926.88 -71270.3 2150.8727
9.93 277.28347 85.57498 46845.826 -66047.7 5291.04 -71338.8 2158.2946
9.94 268.91828 -463.17527 47053.5 -65653.1 5131.42 -70784.5 2166.5791
9.95 263.35994 842.11978 46343.884 -65907.5 5025.36 -70932.9 2145.5747
9.96 271.09088 -411.38039 46910.725 -65546.5 5172.88 -70719.3 2166.5807
9.97 268.27777 231.61191 46544.081 -65560.7 5119.2 -70679.9 2162.7559
9.98 264.80564 112.79799 46812.536 -65530.2 5052.95 -70583.1 2179.9637
