0 264.94183 110.97773 46460.653 -63737.6 5045.63 -68783.3 9.7832355
0.01 267.1231 239.47621 46385.572 -63924.2 5087.17 -69011.4 20.88477
0.02 260.2265 940.23729 45953.753 -64495.6 4955.83 -69451.4 28.876535
0.03 271.24104 545.68595 46260.579 -64429.3 5165.6 -69594.9 34.222837
0.04 262.10921 173.41679 46443.981 -64682.5 4991.69 -69674.2 39.912446
0.05 276.32005 414.17697 46127.508 -64454.6 5262.32 -69717 47.602131
0.06 265.70331 -201.05997 46539.582 -64507.1 5060.13 -69567.3 54.707761
0.07 268.27049 -384.97947 46604.929 -64966.8 5109.02 -70075.9 59.81094
0.08 272.23187 -125.25289 46450.742 -64804.5 5184.47 -69989 63.883046
0.09 265.95765 -29.188444 46707.599 -65059.7 5064.98 -70124.7 67.315869
0.1 269.62313 565.4106 46219.962 -65095.3 5134.78 -70230.1 69.628931
0.11 260.57002 -325.64611 46657.157 -65313.5 4962.37 -70275.9 74.926039
0.12 271.14762 -76.532254 46547.485 -65196.4 5163.82 -70360.2 78.433721
0.13 267.11699 374.57364 46367.398 -65549.4 5087.06 -70636.5 81.758781
0.14 260.80422 319.44155 46386.317 -65323.6 4966.83 -70290.4 86.245699
0.15 276.1578 -103.68767 46481.089 -65342.3 5259.23 -70601.6 91.080855
0.16 258.28758 -667.10184 46735.087 -65158 4918.91 -70076.9 93.323409
0.17 270.25648 45.333756 46778.535 -65257.1 5146.85 -70404 97.675512
0.18 265.87767 -584.76374 46913.318 -65562.6 5063.45 -70626.1 101.48984
0.19 267.64606 558.8293 46232.276 -65378 5097.13 -70475.1 104.65271
0.2 268.68945 191.43086 46594.284 -65573.1 5117 -70690.1 108.05245
0.21 262.65062 726.4259 46260.338 -66035.6 5002 -71037.6 110.34205
0.22 262.41438 429.50339 46378.682 -65940.5 4997.5 -70938 112.95015
0.23 267.86043 -473.75422 46871.251 -65643.2 5101.21 -70744.4 115.17616
0.24 267.57667 183.34374 46393.406 -65896.8 5095.81 -70992.7 116.92644
0.25 272.36476 107.39808 46494.819 -65819.9 5187 -71006.9 122.03326
0.26 271.02913 819.45391 46273.055 -66031.6 5161.56 -71193.2 124.40058
0.27 264.45565 611.31613 46280.325 -66101.4 5036.37 -71137.7 127.96989
0.28 279.34041 336.52242 46607.718 -65325.9 5319.84 -70645.7 130.8331
0.29 262.70842 132.84411 46489.202 -66107.2 5003.1 -71110.3 132.63519
0.3 274.19431 -250.50385 46873.933 -65824 5221.84 -71045.8 135.51709
0.31 268.5784 436.30458 46416.7 -66233.7 5114.89 -71348.5 135.99825
0.32 256.52014 -323.47392 46834.2 -66383.5 4885.25 -71268.7 139.58451
0.33 262.37366 -157.25679 46743.479 -66233.6 4996.72 -71230.3 141.84706
0.34 261.26486 -40.650071 46787.881 -66524.1 4975.61 -71499.7 143.53251
0.35 258.92653 -75.352507 46711.832 -66386.4 4931.07 -71317.4 143.48552
0.36 263.3492 231.3932 46517.058 -66226.3 5015.3 -71241.6 145.41114
0.37 275.4259 617.56343 46402.31 -66408.3 5245.29 -71653.5 145.74229
0.38 268.82063 -50.561762 46884.261 -66693.8 5119.5 -71813.3 147.31244
0.39 263.15318 375.14491 46559.137 -66783.7 5011.57 -71795.3 147.94802
0.4 277.30341 -310.55631 46793.445 -66252.2 5281.05 -71533.3 149.0159
0.41 273.2878 -461.96994 46877.672 -66348 5204.57 -71552.5 148.88191
0.42 259.46436 -181.06977 46848.588 -66500 4941.32 -71441.3 150.93012
0.43 259.65243 193.8501 46663.426 -66706 4944.9 -71650.9 151.34725
0.44 269.54069 577.76892 46256.647 -66452.4 5133.21 -71585.6 151.33038
0.45 266.78912 41.676203 46753.662 -66054.1 5080.81 -71134.9 153.60747
0.46 270.02547 125.54681 46727.872 -66226.7 5142.45 -71369.1 156.20694
0.47 275.3023 16.394568 46619.103 -66305 5242.94 -71548 158.26967
0.48 268.14609 229.22301 46525.43 -66102.8 5106.65 -71209.5 158.91111
0.49 272.95487 -607.6363 46970.788 -66055.9 5198.23 -71254.2 163.72785
0.5 270.28133 455.01402 46389.375 -66073 5147.32 -71220.3 163.86769
0.51 267.34482 -255.04983 46955.09 -65992.2 5091.39 -71083.6 165.67555
0.52 258.01139 -103.81404 46796.786 -66211.8 4913.65 -71125.5 167.08565
0.53 271.23157 140.95275 46575.979 -65998.2 5165.42 -71163.6 168.0672
0.54 276.42252 531.10973 46254.76 -66151.4 5264.27 -71415.7 168.59683
0.55 267.91 -11.497818 46587.679 -66045.1 5102.16 -71147.2 171.73721
0.56 270.6193 -528.13556 46895.839 -65947.3 5153.75 -71101 173.9956
0.57 258.86101 -191.951 46651.145 -66272.8 4929.83 -71202.7 174.03854
0.58 256.91236 -368.08777 46748.527 -66654.8 4892.72 -71547.5 174.96149
0.59 268.63477 290.1942 46421.84 -66372 5115.96 -71487.9 176.05043
0.6 264.75101 -341.8619 47024.717 -66375.9 5042 -71417.9 179.98586
0.61 262.90649 -62.110584 46722.694 -66360.8 5006.87 -71367.7 181.2307
0.62 263.88365 595.63909 46383.502 -66209.7 5025.48 -71235.2 182.68593
0.63 260.57503 -47.364241 46635.516 -66396.6 4962.47 -71359.1 187.20235
0.64 271.28367 758.54062 46294.303 -65928 5166.41 -71094.5 188.73142
0.65 255.54615 11.771762 46579.734 -66561.4 4866.7 -71428.1 191.07171
0.66 272.67435 -414.59523 46950.471 -66246.7 5192.89 -71439.6 194.19378
0.67 268.46277 47.223265 46661.888 -66103.9 5112.69 -71216.6 193.77874
0.68 265.33013 581.59626 46298.081 -66282.1 5053.03 -71335.1 193.26061
0.69 263.41238 -473.17228 46995.762 -66263 5016.5 -71279.5 196.37415
0.7 264.00921 393.75323 46577.957 -66630.7 5027.87 -71658.6 197.78714
0.71 269.67723 224.84496 46600.61 -66553.8 5135.81 -71689.6 198.20659
0.72 270.09111 -715.58298 47028.517 -66635.6 5143.7 -71779.3 199.98589
0.73 265.63203 -544.39723 46899.917 -66746.2 5058.78 -71804.9 200.94748
0.74 263.03368 -427.19406 46940.248 -66543.5 5009.29 -71552.8 200.74178
0.75 263.02049 547.66124 46286.385 -66313.5 5009.04 -71322.6 200.3084
0.76 267.42696 546.29833 46488.795 -66346.1 5092.96 -71439.1 202.91158
0.77 267.62682 -417.67646 46919.849 -66529.2 5096.77 -71626 204.11951
0.78 259.40021 -596.29365 47015.46 -66807.6 4940.1 -71747.7 204.55377
0.79 266.37387 -289.95802 46728.352 -66432.7 5072.9 -71505.6 204.62506
0.8 260.80052 -110.07077 46651.965 -66599.7 4966.76 -71566.4 205.37883
0.81 255.23027 -158.67775 46759.291 -66516.9 4860.68 -71377.6 206.3117
0.82 262.85202 147.40682 46742.064 -66212.5 5005.83 -71218.4 208.4786
0.83 266.47929 724.69471 46262.214 -66282.8 5074.91 -71357.7 207.48539
0.84 269.70231 -287.81846 46923.622 -66145.9 5136.29 -71282.2 210.03142
0.85 263.22555 -814.51301 47110.001 -66178.8 5012.95 -71191.8 211.51243
0.86 264.92173 -112.51454 46877.195 -66451.1 5045.25 -71496.3 213.2832
0.87 269.22705 -416.50506 46926.655 -66249.6 5127.24 -71376.8 213.01805
0.88 266.91254 -34.686325 46598.581 -66311.1 5083.16 -71394.3 212.08445
0.89 276.61295 -127.64846 46619.69 -66254.9 5267.9 -71522.8 213.99024
0.9 271.71772 -919.20066 47110.587 -66023.8 5174.67 -71198.5 216.48217
0.91 272.28811 245.4992 46710.688 -66274.9 5185.54 -71460.4 217.74702
0.92 264.03067 512.01906 46454.769 -66599.2 5028.28 -71627.5 219.43354
0.93 275.78561 812.55315 46329.647 -66287 5252.14 -71539.1 220.0239
0.94 262.7236 382.82821 46585.927 -66730.4 5003.39 -71733.8 221.3341
0.95 266.51589 270.85553 46543.253 -66490.7 5075.61 -71566.3 223.12414
0.96 273.74286 811.37098 46283.987 -66513 5213.24 -71726.3 222.91899
0.97 265.09421 -483.31275 46906.042 -66730 5048.53 -71778.5 223.36554
0.98 259.27334 -192.01048 46743.429 -66747.3 4937.68 -71685 223.95812
0.99 271.31208 -22.185732 46556.353 -66437.3 5166.95 -71604.3 224.08321
1 273.59408 296.4694 46553.278 -66013.6 5210.41 -71224 224.28642
1.01 261.79757 335.05055 46588.263 -66487 4985.75 -71472.8 225.46241
1.02 261.1753 568.60284 46361.512 -66562.8 4973.9 -71536.7 225.23987
1.03 263.15509 330.57101 46622.989 -66206.3 5011.6 -71217.9 225.75747
1.04 281.65679 66.13406 46642.54 -65780.2 5363.96 -71144.1 226.49678
1.05 266.34151 -114.34814 46702.859 -66081.5 5072.29 -71153.8 229.59924
1.06 258.58702 -717.43853 47045.65 -66289.8 4924.61 -71214.5 230.32565
1.07 267.11387 576.49818 46368.232 -65940.8 5087 -71027.8 231.92764
1.08 268.16526 285.20605 46580.538 -66183.6 5107.02 -71290.6 234.80574
1.09 261.50955 429.84858 46420.409 -66681.5 4980.27 -71661.7 235.18781
1.1 268.67342 633.06633 46404.613 -66178.2 5116.7 -71294.9 237.12253
1.11 270.31799 688.53764 46253.448 -65947.4 5148.02 -71095.5 238.59177
1.12 263.14608 226.30343 46403.014 -66403 5011.43 -71414.5 239.27235
1.13 269.27155 -54.932789 46777.32 -66112.3 5128.09 -71240.4 242.30224
1.14 266.41402 228.0336 46408.027 -66391 5073.67 -71464.6 242.04886
1.15 269.52127 -257.16645 46805.155 -66248.7 5132.84 -71381.5 245.32726
1.16 267.09665 -346.36349 47021.921 -66628.8 5086.67 -71715.5 247.75249
1.17 274.1966 -538.98896 47013.786 -66696.2 5221.88 -71918 249.45266
1.18 268.4885 -636.67815 47070.119 -66385.6 5113.18 -71498.8 250.56753
1.19 263.1326 389.93481 46411.872 -66694.5 5011.18 -71705.7 250.02625
1.2 265.97513 620.89717 46449.218 -66151.1 5065.31 -71216.4 251.90791
1.21 263.2964 -109.39981 46805.916 -66390.9 5014.3 -71405.2 251.71519
1.22 274.17441 -539.92818 46924.863 -66265 5221.46 -71486.5 255.29378
1.23 264.07647 15.505981 46639.082 -66720.5 5029.15 -71749.7 254.0085
1.24 279.25955 298.82476 46599.605 -66307.8 5318.3 -71626.1 255.50281
1.25 275.34909 -131.21951 46753.806 -66250.1 5243.83 -71493.9 257.27101
1.26 262.54638 -312.96712 46732.932 -66534.2 5000.01 -71534.3 258.20609
1.27 269.63138 -21.41423 46691.422 -66253.8 5134.94 -71388.8 259.70525
1.28 256.52375 -263.99736 46973.368 -66530.6 4885.32 -71415.9 261.47199
1.29 274.30223 394.08439 46460.167 -65869.4 5223.89 -71093.3 261.87372
1.3 269.55046 364.2716 46501.847 -65828.9 5133.4 -70962.3 263.63242
1.31 264.50877 -566.62896 47072.691 -66294.4 5037.38 -71331.8 266.98981
1.32 265.00653 363.52648 46357.846 -65978.5 5046.86 -71025.4 265.2599
1.33 269.58625 -752.32357 47151.293 -65619.2 5134.08 -70753.3 267.36679
1.34 262.92306 -319.58762 46805.924 -65989.1 5007.19 -70996.2 266.88194
1.35 263.23178 397.07596 46479.841 -66625.1 5013.07 -71638.1 268.49259
1.36 267.384 581.74597 46404.071 -66272.1 5092.14 -71364.2 268.78713
1.37 257.87889 -468.70798 46896.152 -66624.1 4911.12 -71535.2 271.26301
1.38 265.82509 576.83436 46336.382 -66507.1 5062.45 -71569.6 271.41511
1.39 266.91055 360.2222 46434.448 -66691.8 5083.12 -71775 271.77811
1.4 261.1901 3.9750091 46733.412 -66423 4974.18 -71397.2 273.25799
1.41 269.36233 -300.35795 46844.925 -66155.7 5129.82 -71285.6 274.56055
1.42 267.19405 101.01242 46304.439 -66035.1 5088.52 -71123.6 275.71135
1.43 268.49951 556.81285 46271.772 -65992.7 5113.39 -71106.1 279.44418
1.44 272.68206 406.67454 46296.1 -66288.2 5193.04 -71481.3 280.05343
1.45 268.91127 379.7634 46318.156 -65957.2 5121.23 -71078.4 278.9557
1.46 261.07257 -549.44942 46967.146 -66266.8 4971.94 -71238.8 282.38896
1.47 272.19769 -190.15332 46726.699 -66266.8 5183.81 -71450.6 283.37505
1.48 265.12914 -21.206278 46685.922 -66450.6 5049.2 -71499.8 285.73708
1.49 252.73414 -195.728 46793.261 -66314.7 4813.14 -71127.8 289.24951
1.5 268.50561 193.27044 46836.109 -66332.8 5113.5 -71446.3 290.45564
1.51 267.82997 323.91022 46396.723 -66298.1 5100.63 -71398.8 293.15753
1.52 260.46831 -498.46998 46969.839 -66610.7 4960.44 -71571.2 296.05093
1.53 273.35686 -261.32669 46834.313 -66411.7 5205.89 -71617.6 297.30847
1.54 269.93771 92.241748 46800.727 -66727.8 5140.77 -71868.6 298.21948
1.55 266.33348 -245.67938 46697.356 -66431.4 5072.13 -71503.5 300.85015
1.56 277.95406 -183.79069 46812.194 -65983.4 5293.44 -71276.8 304.57055
1.57 269.86812 -478.06408 47031.914 -66181.2 5139.45 -71320.6 306.299
1.58 262.91528 29.055684 46702.044 -66233 5007.04 -71240 307.67531
1.59 267.7528 -260.38559 46832.521 -66217.8 5099.16 -71316.9 309.33338
1.6 265.90808 10.729057 46640.806 -66203.3 5064.03 -71267.3 310.99661
1.61 272.31744 -27.053912 46711.038 -65969.2 5186.09 -71155.3 311.20337
1.62 264.46443 -213.35802 46914.442 -66330.5 5036.54 -71367 314.60253
1.63 263.54388 -484.14179 46758.085 -66277.4 5019.01 -71296.4 314.98067
1.64 264.43374 -181.84583 46693.681 -66237.6 5035.96 -71273.6 319.86796
1.65 266.04168 305.02041 46558.854 -66025.7 5066.58 -71092.3 321.36522
1.66 269.49674 327.12972 46442.887 -66261.8 5132.38 -71394.2 321.0731
1.67 264.87728 -209.71376 46796.128 -66270.5 5044.4 -71314.9 320.8099
1.68 263.68272 756.08243 46258.03 -66460 5021.65 -71481.6 322.86973
1.69 275.84123 94.209932 46727.509 -66064.2 5253.2 -71317.4 327.29677
1.7 267.35578 587.0703 46327.133 -66327.4 5091.6 -71419 328.52856
1.71 262.13925 -265.9137 46739.013 -66638.1 4992.26 -71630.4 330.94525
1.72 270.01864 153.46175 46640.695 -66471.8 5142.32 -71614.1 332.32996
1.73 252.76213 814.5513 46195.712 -66833.7 4813.68 -71647.4 332.00952
1.74 273.82237 252.96542 46532.914 -66446.8 5214.76 -71661.6 333.91462
1.75 260.80248 712.09361 46401.112 -66559.4 4966.8 -71526.2 331.9734
1.76 265.36824 14.305121 46528.56 -66032.4 5053.75 -71086.2 335.03744
1.77 267.74372 456.0123 46513.487 -66339 5098.99 -71437.9 339.49342
1.78 264.19879 -55.368151 46647.587 -66153.6 5031.48 -71185.1 342.03014
1.79 266.19643 -167.18015 46671.021 -66029.8 5069.52 -71099.4 344.10218
1.8 261.37557 39.513454 46559.043 -66174.7 4977.71 -71152.4 349.5703
1.81 265.90666 617.21088 46226.528 -66291.1 5064.01 -71355.1 351.32341
1.82 266.8746 639.70975 46320.302 -66527.7 5082.44 -71610.1 352.71033
1.83 271.95316 -293.72711 46849.244 -66149.6 5179.16 -71328.7 355.98419
1.84 264.72722 -333.09694 46824.851 -66612.4 5041.54 -71654 358.26383
1.85 266.50092 -365.66789 46911.385 -66159.8 5075.32 -71235.1 357.66505
1.86 267.70368 322.68514 46448.029 -66292.5 5098.23 -71390.8 358.89252
1.87 265.78738 -476.35029 46960.155 -66362.6 5061.73 -71424.4 361.75144
1.88 274.29502 -63.774928 46717.379 -66169.2 5223.76 -71393 362.40254
1.89 272.91643 -94.137001 46909.277 -66106.6 5197.5 -71304.1 363.07144
1.9 270.1943 541.79697 46558.763 -66139.5 5145.66 -71285.1 364.42724
1.91 261.41094 910.3153 46052.079 -66279.4 4978.39 -71257.8 364.3553
1.92 267.65517 58.07262 46649.884 -66015.4 5097.31 -71112.7 367.21251
1.93 269.43485 364.17885 46534.928 -66397.8 5131.2 -71529 370.3173
1.94 270.51755 319.91931 46572.785 -66425.2 5151.82 -71577 372.46225
1.95 262.73035 -237.35355 46923.967 -66463.6 5003.52 -71467.1 373.59141
1.96 264.56878 -273.36441 46910.154 -66592.5 5038.53 -71631.1 373.5211
1.97 276.3573 -296.74865 46928.179 -65862.5 5263.03 -71125.5 377.07939
1.98 264.63049 326.99457 46414.697 -66286.3 5039.7 -71326 376.32149
1.99 280.95034 785.11917 46223.498 -65785 5350.5 -71135.5 376.76531
2 268.1072 317.20342 46643.388 -66217.9 5105.91 -71323.8 381.43818
2.01 281.19778 -634.51145 46968.189 -66053 5355.21 -71408.2 387.52223
2.02 272.18777 -581.42425 46919.62 -66200.9 5183.63 -71384.5 388.89216
2.03 268.79066 -497.64853 46872.909 -66569 5118.93 -71687.9 387.53033
2.04 264.87164 27.306575 46899.168 -66540.6 5044.3 -71584.9 386.92122
2.05 266.0222 -563.12758 47017.176 -66706.2 5066.21 -71772.4 387.35321
2.06 258.81003 -133.58624 46697.129 -66872.7 4928.86 -71801.6 386.86149
2.07 268.09458 102.86885 46593.004 -66553.9 5105.67 -71659.6 389.42584
2.08 274.87952 266.58933 46585.357 -66308.7 5234.89 -71543.6 391.92427
2.09 268.16576 148.1163 46516.803 -66608.8 5107.03 -71715.8 395.07394
2.1 272.81389 -65.32514 46727.854 -66196.4 5195.55 -71391.9 395.3586
2.11 268.6219 -0.54722888 46537.634 -66410.5 5115.72 -71526.2 395.42893
2.12 257.59138 -556.16427 47005.673 -66506.8 4905.65 -71412.4 399.496
2.13 267.00319 841.29037 46279.613 -66718.7 5084.89 -71803.6 397.90048
2.14 255.34395 -441.47372 46969.747 -66573.6 4862.85 -71436.4 402.7222
2.15 265.99198 -507.25727 46906.17 -66370.7 5065.63 -71436.3 402.92185
2.16 260.86822 -507.12521 46988.481 -66666.3 4968.05 -71634.4 407.15259
2.17 274.2924 379.11377 46418.875 -66253.1 5223.71 -71476.9 408.00901
2.18 267.47334 -373.49539 46890.96 -66513.5 5093.84 -71607.4 410.83982
2.19 274.74616 50.000537 46667.374 -66424.8 5232.35 -71657.2 411.25188
2.2 275.10591 16.147489 46599.935 -66099.8 5239.2 -71339 411.63731
2.21 275.83294 88.297918 46566.356 -66356.1 5253.05 -71609.1 412.56093
2.22 264.51752 -734.47027 47063.98 -66690.3 5037.55 -71727.8 415.89528
2.23 267.44668 -14.528518 46779.005 -66581.7 5093.34 -71675.1 415.35933
2.24 268.23876 81.804534 46556.861 -66639.2 5108.42 -71747.6 416.68973
2.25 283.14624 636.2654 46272.706 -66526.5 5392.32 -71918.8 415.89004
2.26 270.72869 73.851003 46645.958 -66410.7 5155.84 -71566.5 418.89244
2.27 261.08162 378.08807 46398.628 -66760.9 4972.12 -71733 419.28899
2.28 270.86625 39.450701 46607.951 -66603.6 5158.46 -71762.1 421.5762
2.29 257.16199 -469.40899 46991.295 -66929.5 4897.47 -71827 424.07879
2.3 276.33043 -192.14569 46898.715 -66694.2 5262.52 -71956.7 425.15872
2.31 256.81143 -83.12407 46922.16 -66938.5 4890.79 -71829.3 425.89015
2.32 266.09152 134.6816 46621.247 -66708.3 5067.53 -71775.8 423.39933
2.33 262.54617 437.51659 46393.344 -66843.8 5000.01 -71843.8 421.36936
2.34 271.16281 817.31555 46275.389 -66789.5 5164.11 -71953.6 422.17275
2.35 262.09005 -382.55624 46845.751 -66983.7 4991.32 -71975 426.13732
2.36 259.63261 -373.62096 46907.539 -66643.1 4944.52 -71587.6 425.55592
2.37 262.75917 -197.99796 46769.188 -66867 5004.06 -71871.1 425.60692
2.38 273.24996 -23.244446 46709.454 -66284.9 5203.85 -71488.8 427.72322
2.39 260.26003 -326.54403 46714.29 -66552.8 4956.47 -71509.2 430.64384
2.4 270.21146 209.65655 46403.76 -66800.9 5145.99 -71946.9 431.03656
2.41 270.81303 395.80416 46578.734 -66441.6 5157.44 -71599 432.56739
2.42 260.82246 394.67119 46495.37 -66650.8 4967.18 -71618 435.09545
2.43 269.93776 167.21496 46746.77 -66488.6 5140.78 -71629.4 436.67917
2.44 265.62003 633.2129 46394.29 -66563 5058.55 -71621.5 436.37387
2.45 262.49589 238.0832 46524.69 -66510.2 4999.05 -71509.2 437.75249
2.46 262.47205 67.049685 46644.135 -66480.1 4998.6 -71478.7 437.85713
2.47 276.34738 84.06539 46661.523 -66231.9 5262.84 -71494.8 437.58871
2.48 269.78751 190.25557 46504.256 -66572.9 5137.91 -71710.8 440.07362
2.49 275.54404 371.46258 46399.888 -66611 5247.54 -71858.6 439.81864
2.5 266.65735 57.88805 46680.594 -67134.8 5078.3 -72213.1 442.03363
2.51 262.70984 -108.42915 46806.705 -66751 5003.13 -71754.1 445.73311
2.52 276.3301 337.00372 46521.048 -66481.6 5262.51 -71744.1 445.56781
2.53 258.0924 -193.22986 46788.284 -66817.8 4915.19 -71733 448.2092
2.54 272.51273 137.69201 46638.911 -66951.1 5189.81 -72140.9 446.28375
2.55 266.40647 587.2149 46441.343 -66716.7 5073.52 -71790.3 445.65317
2.56 275.54203 77.852291 46642.749 -66436.7 5247.51 -71684.2 444.42166
2.57 263.82036 388.90542 46599.15 -66740.4 5024.27 -71764.6 442.96996
2.58 264.082 195.71419 46562.646 -66640.1 5029.26 -71669.4 443.32793
2.59 274.90111 360.04045 46518.312 -66308.7 5235.3 -71544 443.32329
2.6 257.44306 -478.15353 46922.412 -66852.4 4902.82 -71755.3 447.87838
2.61 266.1337 -326.24393 46917.079 -66627 5068.33 -71695.3 448.88536
2.62 279.19821 18.439761 46624.883 -66155.8 5317.13 -71473 450.06562
2.63 259.95224 -82.176346 46619.693 -66547 4950.61 -71497.6 451.93167
2.64 278.86595 -130.77276 46936.929 -66278.2 5310.81 -71589 454.04834
2.65 263.63552 370.68811 46516.691 -66471.5 5020.75 -71492.3 452.26436
2.66 273.36826 41.002646 46659.04 -66259.6 5206.11 -71465.7 452.7897
2.67 260.66075 -24.451728 46812.294 -66484.9 4964.1 -71449 454.22301
2.68 270.3506 -4.2551311 46741.15 -66124.6 5148.64 -71273.3 456.40936
2.69 269.11032 -272.27403 46688.89 -66170.9 5125.02 -71296 456.43035
2.7 265.20935 419.30301 46358.496 -66112.7 5050.73 -71163.5 455.89423
2.71 267.97107 -524.63339 47020.589 -66343.5 5103.32 -71446.8 461.25912
2.72 265.78903 -667.61438 47004.681 -66492.3 5061.77 -71554.1 462.92183
2.73 272.74465 141.79311 46590.289 -66197.2 5194.23 -71391.5 461.0569
2.74 266.53057 13.827159 46815.91 -66444.4 5075.89 -71520.3 461.74454
2.75 272.73523 497.63634 46583.91 -66303.2 5194.05 -71497.3 464.21004
2.76 260.05732 741.62316 46280.824 -66592.8 4952.61 -71545.4 463.431
2.77 273.94621 202.90959 46419.925 -66426.2 5217.11 -71643.4 463.5728
2.78 272.59173 166.54261 46802.766 -66518.2 5191.32 -71709.5 467.38264
2.79 269.84239 169.4236 46564.301 -66503.2 5138.96 -71642.1 468.92149
2.8 259.89855 -726.01642 47176.019 -66180.4 4949.59 -71129.9 471.55092
2.81 265.4259 -288.77807 46856.878 -66265.3 5054.85 -71320.2 472.23732
2.82 269.36641 440.80977 46371.954 -65844.7 5129.89 -70974.6 471.01902
2.83 265.32705 554.41549 46494.118 -66282.7 5052.97 -71335.7 471.96339
2.84 264.67944 371.44187 46390.888 -66079.7 5040.63 -71120.3 472.07879
2.85 261.96702 -226.97941 46601.754 -66082.3 4988.98 -71071.3 473.33111
2.86 256.66354 -678.69203 47034.188 -66400.3 4887.98 -71288.3 479.8448
2.87 272.61952 194.79355 46699.14 -65907.4 5191.85 -71099.2 480.79523
2.88 262.71201 -394.60346 47020.842 -66324.5 5003.17 -71327.7 483.17557
2.89 275.15947 -469.77606 47008.855 -66010.4 5240.22 -71250.6 487.1764
2.9 269.02164 283.16155 46483.231 -66224.4 5123.33 -71347.7 486.97885
2.91 263.0684 35.927537 46666.394 -66161.2 5009.95 -71171.1 491.31355
2.92 265.93298 169.80375 46620.15 -66413.8 5064.51 -71478.3 494.43941
2.93 266.04194 18.872421 46557.165 -66409.6 5066.58 -71476.2 497.13815
2.94 264.01249 72.832839 46739.339 -66413.1 5027.93 -71441 498.32568
2.95 280.8611 349.76878 46474.41 -65978.7 5348.8 -71327.5 498.94712
2.96 263.14743 247.71038 46647.344 -66390.9 5011.46 -71402.4 503.35791
2.97 269.75488 458.0519 46594.781 -66134.7 5137.29 -71272 504.59684
2.98 261.41891 266.96878 46514.261 -66344.9 4978.54 -71323.4 505.24706
2.99 260.81117 5.2688848 46751.617 -66561.7 4966.97 -71528.6 508.86958
3 271.10317 -305.51809 46867.325 -66280 5162.97 -71443 510.17513
3.01 267.10685 288.72812 46379.832 -66535.8 5086.86 -71622.6 509.98985
3.02 261.61382 564.80451 46411.096 -66688 4982.25 -71670.3 512.30634
3.03 276.47798 619.88343 46358.586 -66089.9 5265.33 -71355.3 513.63734
3.04 267.44111 -86.597249 46681.245 -66708 5093.23 -71801.2 518.06539
3.05 278.57095 -13.736524 46660.004 -66432.4 5305.19 -71737.6 518.37595
3.06 260.75594 369.50169 46486.995 -66511.1 4965.91 -71477 518.93119
3.07 267.86076 -292.36948 46798.596 -66049.8 5101.22 -71151 522.52729
3.08 255.75649 -484.98982 46789.689 -66432.8 4870.7 -71303.5 526.79051
3.09 269.9862 398.90364 46430.653 -66351.6 5141.7 -71493.3 524.89512
3.1 282.76165 171.59135 46510.605 -65702.8 5385 -71087.8 529.6791
3.11 266.45068 -166.34104 46664.214 -66192.4 5074.37 -71266.8 530.44454
3.12 265.782 -152.24945 46588.539 -66388.3 5061.63 -71449.9 530.96709
3.13 270.94737 -551.4217 47124.999 -66241.5 5160 -71401.5 535.1746
3.14 265.85807 -63.631213 46683.681 -66656.8 5063.08 -71719.9 531.98447
3.15 264.38032 -401.11744 46962.549 -66190.3 5034.94 -71225.2 536.21423
3.16 263.56926 -490.94944 46847.343 -66543.8 5019.49 -71563.3 535.65731
3.17 277.09243 -379.11489 46960.57 -66207.9 5277.03 -71484.9 540.60208
3.18 272.89312 542.79519 46386.147 -66664 5197.06 -71861 534.58593
3.19 283.25697 -200.77494 46645.208 -66304.1 5394.43 -71698.6 534.87148
3.2 269.76647 -46.173443 46798.408 -66015.8 5137.51 -71153.3 538.75141
3.21 265.87754 -218.82676 46824.342 -66350.8 5063.45 -71414.2 542.00668
3.22 272.98936 -63.212345 46675.702 -66108 5198.89 -71306.9 541.47729
3.23 268.49713 618.22636 46247.401 -66481.7 5113.34 -71595.1 539.31013
3.24 261.87884 -145.18047 46888.477 -66180.5 4987.3 -71167.8 542.9952
3.25 275.06775 31.022734 46674.857 -66301.8 5238.47 -71540.2 542.47457
3.26 272.97659 343.0461 46527.161 -66276.1 5198.65 -71474.7 545.02177
3.27 266.99803 1.9592899 46774.913 -66311.2 5084.79 -71396 545.58935
3.28 267.13337 70.440741 46502.376 -66354 5087.37 -71441.3 546.98106
3.29 274.13559 906.87413 46115.577 -66125.1 5220.72 -71345.8 543.94486
3.3 266.10795 229.10826 46442.298 -66727.1 5067.84 -71794.9 548.97605
3.31 274.09473 156.94712 46561.811 -66413.7 5219.94 -71633.7 548.33836
3.32 261.72299 -383.06093 46826.885 -66733.9 4984.33 -71718.3 551.7071
3.33 272.63928 329.56069 46533.406 -66447.6 5192.22 -71639.9 550.9058
3.34 264.72417 -142.94481 46813.724 -66814.6 5041.49 -71856 553.41563
3.35 265.96957 197.05968 46751.887 -66671.5 5065.2 -71736.7 552.2221
3.36 270.30206 405.60124 46427.112 -66336.8 5147.71 -71484.5 549.22608
3.37 269.26264 383.21511 46264.455 -66234.2 5127.92 -71362.1 550.07156
3.38 264.93702 171.12227 46484.613 -66200.2 5045.54 -71245.7 554.39558
3.39 258.09904 -49.897414 46700.372 -66477.2 4915.32 -71392.5 557.19798
3.4 270.23123 41.822618 46823.114 -66120.3 5146.36 -71266.7 557.60037
3.41 262.62242 847.29079 46289.355 -66282 5001.46 -71283.5 555.09878
3.42 271.6496 377.5572 46697.131 -65907.1 5173.38 -71080.5 559.18972
3.43 265.45243 -322.67448 46915.084 -66294.3 5055.36 -71349.6 564.499
3.44 274.45644 69.420787 46724.66 -65925.5 5226.83 -71152.4 566.14848
3.45 265.52597 280.37482 46603.904 -66382.2 5056.76 -71439 565.65553
3.46 258.79722 403.99157 46325.671 -66671.9 4928.61 -71600.5 566.15035
3.47 266.36818 -51.22402 46731.42 -66385.6 5072.8 -71458.4 571.14057
3.48 270.27783 -585.58191 47060.038 -66526.1 5147.25 -71673.4 574.91504
3.49 263.76491 -201.65265 46818.467 -66330.6 5023.22 -71353.8 576.92066
3.5 263.83117 -231.79027 46734.088 -66360.1 5024.48 -71384.6 581.58145
3.51 259.70275 -117.74483 46648.515 -66551.1 4945.86 -71497 581.48043
3.52 265.63331 209.38366 46469.863 -66234.2 5058.8 -71293 580.0042
3.53 271.99083 203.2083 46427.489 -65931.7 5179.87 -71111.6 583.69501
3.54 260.14181 -64.257843 46621.908 -66346.5 4954.22 -71300.7 585.69878
3.55 268.51191 -631.23809 47092.938 -66069.6 5113.62 -71183.2 590.21066
3.56 270.4508 81.250748 46651.915 -66375.4 5150.55 -71525.9 589.14048
3.57 261.50615 357.41836 46626.023 -66644.8 4980.2 -71625 590.97408
3.58 271.57733 -518.35797 47156.928 -66369.2 5172 -71541.2 595.73845
3.59 260.26623 -483.15876 47113.346 -66669.3 4956.59 -71625.9 597.86986
3.6 260.97282 409.4041 46412.672 -66697.3 4970.04 -71667.4 593.50357
3.61 264.55374 356.87384 46620.171 -66571 5038.24 -71609.2 596.78817
3.62 277.22964 -338.84313 46878.314 -66280.4 5279.64 -71560 601.15561
3.63 260.84645 11.117929 46680.215 -66719.4 4967.64 -71687 602.13895
3.64 262.15183 -230.39895 46785.52 -66294.8 4992.5 -71287.3 604.22522
3.65 263.26973 571.12831 46183.19 -66341.1 5013.79 -71354.9 598.406
3.66 262.06464 370.91832 46512.667 -66449.6 4990.84 -71440.4 602.07396
3.67 272.48566 453.16642 46494.284 -66462.1 5189.3 -71651.4 601.39548
3.68 261.4857 359.66453 46445.799 -66190.6 4979.81 -71170.4 604.50271
3.69 266.97046 -842.92463 46944.531 -66483.4 5084.27 -71567.6 613.87302
3.7 268.1251 545.79778 46435.377 -66250.9 5106.25 -71357.1 613.95248
3.71 264.5988 346.047 46369.495 -66520.4 5039.1 -71559.5 615.32135
3.72 259.29943 440.05223 46417.652 -66331.5 4938.18 -71269.7 617.43736
3.73 274.33186 -417.89047 46955.871 -66541.9 5224.46 -71766.3 620.7742
3.74 263.4674 -295.15922 46859.969 -66558.4 5017.55 -71576 619.74054
3.75 274.96956 -2.4208128 46612.155 -66269.4 5236.6 -71506 621.82632
3.76 261.36972 393.07027 46676.795 -66311 4977.6 -71288.6 624.06672
3.77 254.42922 431.38913 46336.229 -66996.3 4845.43 -71841.7 621.97677
3.78 262.33812 574.48677 46406.634 -66779.8 4996.05 -71775.9 624.77854
3.79 270.76103 628.48106 46285.051 -66555.2 5156.45 -71711.7 626.16529
3.8 270.19033 132.32064 46559.831 -66419.5 5145.59 -71565.1 629.04891
3.81 268.90866 742.76457 46304.586 -66477.8 5121.18 -71599 628.65465
3.82 265.52798 -91.97985 46692.934 -66695.9 5056.79 -71752.7 631.87013
3.83 268.67636 -832.54611 47034.973 -66418.4 5116.75 -71535.2 635.84788
3.84 261.6472 -17.249843 46684.536 -66612.5 4982.89 -71595.4 638.07409
3.85 273.74316 -431.39745 46783.041 -66036.5 5213.25 -71249.8 641.70117
3.86 262.97902 782.89324 46279.928 -66123.4 5008.25 -71131.7 637.37959
3.87 271.33764 396.10875 46420.625 -65926.4 5167.44 -71093.9 641.22307
3.88 265.93115 201.03338 46485.218 -66204.1 5064.47 -71268.6 644.23172
3.89 266.54505 183.97025 46505.909 -65868.4 5076.16 -70944.6 645.51881
3.9 263.81134 -83.086579 46794.229 -66320.9 5024.1 -71345 646.66401
3.91 266.31595 -205.87388 47009.602 -66048.4 5071.8 -71120.2 653.35147
3.92 263.88562 330.21421 46297.572 -66355.7 5025.52 -71381.2 651.23386
3.93 269.50263 266.23745 46615.29 -65873.1 5132.49 -71005.6 657.54637
3.94 266.96016 -511.86348 46846.749 -66286.5 5084.07 -71370.5 662.3976
3.95 262.22283 -60.484015 46659.794 -65911.3 4993.85 -70905.2 660.6
3.96 255.98928 -435.7991 46895.238 -66183.1 4875.14 -71058.2 666.5227
3.97 252.4559 -373.49212 46880.679 -65966.7 4807.85 -70774.6 671.03304
3.98 265.5431 507.56752 46299.032 -66255.6 5057.08 -71312.7 667.61724
3.99 264.4245 381.21529 46449.803 -65859.9 5035.78 -70895.7 672.25409
4 264.74535 -28.027705 46565.431 -65993.5 5041.89 -71035.4 674.54499
4.01 263.26003 -403.14494 46896.795 -66222 5013.6 -71235.6 676.92842
4.02 273.6042 310.88301 46311.635 -65929.9 5210.6 -71140.5 673.15428
4.03 261.38122 -250.63214 46916.216 -66145.4 4977.82 -71123.3 680.42161
4.04 263.8969 -412.35348 46854.266 -66301 5025.73 -71326.7 681.58935
4.05 271.8172 326.98195 46414.425 -66134.7 5176.57 -71311.3 678.78906
4.06 277.35993 388.36581 46563.609 -65780.5 5282.13 -71062.6 680.22927
4.07 264.89674 428.86919 46446.31 -66134.2 5044.77 -71179 679.87981
4.08 267.04054 268.66908 46369.682 -66170.2 5085.6 -71255.8 681.90301
4.09 263.86575 -135.6529 46705.433 -66255.8 5025.14 -71281 688.58133
4.1 257.98543 797.3924 46283.505 -66351.2 4913.15 -71264.4 687.20673
4.11 268.70977 -140.90142 46761.063 -66121.1 5117.39 -71238.4 691.55412
4.12 275.10532 373.54284 46304.782 -66057.8 5239.19 -71297 686.36505
4.13 275.57147 407.1566 46416.3 -65874.1 5248.07 -71122.2 691.42029
4.14 269.84506 205.48457 46516.63 -66025.1 5139.01 -71164.1 694.43588
4.15 262.41197 -29.468666 46588.338 -66242.4 4997.45 -71239.9 696.40325
4.16 273.7538 185.40194 46534.599 -65944.2 5213.45 -71157.7 696.93745
4.17 267.18104 -481.08978 46939.646 -66244.1 5088.28 -71332.4 704.09233
4.18 272.79083 701.85672 46348.776 -66120.1 5195.11 -71315.2 703.68863
4.19 265.63138 -322.53289 46669.933 -66574.5 5058.76 -71633.2 705.36584
4.2 267.61135 211.98552 46700.627 -66251.8 5096.47 -71348.3 707.69034
4.21 257.25209 340.58186 46489.407 -66545.3 4899.19 -71444.5 704.90458
4.22 272.22854 -388.70784 46804.66 -65734.9 5184.4 -70919.3 715.2557
4.23 270.67394 50.679457 46628.72 -66041.1 5154.8 -71195.8 717.6309
4.24 276.08983 199.85939 46396.585 -65439.1 5257.94 -70697 717.98288
4.25 267.9087 -412.44954 46755.949 -65813.9 5102.13 -70916 725.96421
4.26 270.35382 161.29251 46490.372 -65666.3 5148.7 -70815 729.11774
4.27 271.85436 345.70075 46459.789 -66111.1 5177.28 -71288.4 728.74114
4.28 266.22545 234.88569 46401.874 -66420.8 5070.08 -71490.9 730.21522
4.29 269.71939 -406.07033 46809.595 -66280.4 5136.62 -71417.1 735.09971
4.3 257.87295 -91.336279 46607.318 -65998 4911.01 -70909 735.22609
4.31 267.46293 63.578136 46439.433 -65907.3 5093.64 -71001 733.76366
4.32 260.90206 -446.19736 46895.149 -66236.5 4968.7 -71205.2 737.72246
4.33 265.37976 -172.71574 46896.702 -65926.6 5053.97 -70980.5 739.58088
4.34 271.99273 -608.53024 46988.465 -65577.5 5179.91 -70757.5 741.10035
4.35 262.82798 -165.36949 46515.811 -66120.1 5005.37 -71125.5 741.79892
4.36 255.61475 -253.11089 46748.518 -66291.7 4868 -71159.7 746.00976
4.37 265.4516 -733.95327 46862.199 -66147.6 5055.34 -71202.9 747.22831
4.38 268.05518 237.20041 46719.073 -65937.9 5104.92 -71042.8 748.36551
4.39 271.57601 46.930059 46656.477 -65842.8 5171.98 -71014.8 747.56853
4.4 276.58542 -531.52624 46848.198 -65766.6 5267.38 -71033.9 755.02377
4.41 265.81977 755.01765 46178.946 -66077.2 5062.35 -71139.6 753.23247
4.42 266.01095 245.23004 46493.828 -66271.5 5065.99 -71337.4 759.97428
4.43 279.62435 -140.88501 46711.017 -66178 5325.25 -71503.3 765.24124
4.44 272.62251 -62.294757 46735.304 -66195.4 5191.91 -71387.3 767.85601
4.45 261.53289 -294.09125 46759.704 -66539.5 4980.71 -71520.2 771.99113
4.46 274.42522 -357.00689 47014.893 -66395.3 5226.24 -71621.5 777.49965
4.47 260.87735 -99.534542 46837.208 -66646 4968.23 -71614.2 777.406
4.48 273.13635 -158.88857 46816.381 -66370.9 5201.69 -71572.6 777.81903
4.49 258.49415 12.717812 46771.55 -66554.3 4922.84 -71477.1 781.72516
4.5 263.25678 444.30553 46333.106 -66194.4 5013.54 -71207.9 778.61
4.51 261.48196 -571.47241 47030.466 -66133.7 4979.74 -71113.4 785.49516
4.52 266.34912 -398.84914 47015.632 -66323.3 5072.43 -71395.7 787.34758
4.53 268.06616 395.8129 46366.937 -66531.8 5105.13 -71636.9 779.57022
4.54 273.80448 -834.72638 47060.62 -66327.1 5214.41 -71541.5 789.08978
4.55 273.32545 820.60187 46410.962 -66142.1 5205.29 -71347.4 785.95773
4.56 263.02748 662.85752 46627.001 -66435.6 5009.17 -71444.8 789.61415
4.57 266.68504 -405.35716 47138.508 -66093.5 5078.83 -71172.4 793.56153
4.58 263.34241 -80.667188 46620.54 -66436.6 5015.17 -71451.8 787.65497
4.59 274.22445 264.94734 46596.991 -66091.1 5222.41 -71313.5 791.49863
4.6 274.71544 67.362232 46707.71 -66499.9 5231.76 -71731.7 796.4026
4.61 258.58306 139.8329 46657.812 -66758 4924.53 -71682.6 793.84624
4.62 260.29532 281.76483 46542.829 -66472.1 4957.14 -71429.3 793.9501
4.63 266.78118 619.01632 46520.948 -66934.7 5080.66 -72015.3 793.29151
4.64 270.55392 142.76211 46663.178 -66569.1 5152.51 -71721.6 794.92267
4.65 271.25437 435.69546 46501.371 -66457.6 5165.85 -71623.5 794.69353
4.66 266.92115 178.52187 46772.354 -66874.2 5083.33 -71957.6 795.66909
4.67 270.9115 681.348 46350.104 -66583.1 5159.32 -71742.4 796.53615
4.68 262.39848 -366.36358 46897.165 -66761.8 4997.2 -71759 800.92899
4.69 267.87169 -121.92761 46838.158 -66677 5101.43 -71778.5 802.27028
4.7 270.05237 630.54474 46360.551 -66424.6 5142.96 -71567.6 796.48978
4.71 275.87856 103.15033 46687.855 -66419.1 5253.91 -71673 800.8769
4.72 270.0451 815.07732 46212.633 -66720.8 5142.82 -71863.6 797.97867
4.73 269.01503 330.95478 46420.407 -66646.2 5123.2 -71769.4 801.48537
4.74 264.00742 -464.57755 46759.024 -66482.6 5027.84 -71510.5 800.46087
4.75 271.03054 502.54803 46267.242 -66380.9 5161.59 -71542.5 796.05162
4.76 267.26584 276.8878 46573.541 -66690.9 5089.89 -71780.8 799.05092
4.77 266.7396 -94.453347 46717.495 -66388.2 5079.87 -71468 798.7772
4.78 270.66238 -393.90528 46981.772 -66604.6 5154.58 -71759.2 802.83878
4.79 266.3591 306.38328 46583.321 -66550 5072.62 -71622.6 799.84998
4.8 268.73644 31.982041 46540.724 -66373.7 5117.9 -71491.6 800.8
4.81 266.2177 -258.24199 47039.694 -66245.5 5069.93 -71315.4 808.49805
4.82 262.05861 340.00088 46541.777 -66629 4990.72 -71619.7 804.57824
4.83 261.08482 13.769221 46658.398 -66352.6 4972.18 -71324.8 808.8829
4.84 265.49455 287.27632 46464.15 -66665.1 5056.16 -71721.3 807.02664
4.85 266.24629 -722.80552 47141.499 -66462.3 5070.47 -71532.8 815.63956
4.86 271.47056 -467.43719 46881.207 -66572.3 5169.97 -71742.3 813.26646
4.87 263.42764 -279.44961 46789.332 -66367.5 5016.8 -71384.3 814.6084
4.88 269.6464 -354.83127 46736.185 -66227.9 5135.23 -71363.1 819.34879
4.89 270.10226 -252.01459 46879.368 -66184.3 5143.91 -71328.2 820.73569
4.9 262.03497 -555.81021 47065.414 -66414.1 4990.27 -71404.4 827.23845
4.91 265.97661 274.73421 46446.76 -66592.5 5065.34 -71657.8 823.01329
4.92 254.42216 -420.14872 46861.089 -66465.9 4845.29 -71311.2 828.23609
4.93 262.38229 -73.152804 46732.735 -66482.6 4996.89 -71479.5 827.04677
4.94 268.98655 -16.171208 46737.811 -66171.9 5122.66 -71294.6 830.38262
4.95 262.46371 -38.475546 46666.29 -66432.6 4998.44 -71431.1 830.68445
4.96 262.09235 177.09793 46557.394 -66709.6 4991.37 -71701 832.70415
4.97 265.83328 300.2824 46444.645 -66867.3 5062.61 -71929.9 829.99974
4.98 250.48729 -450.93194 46900.428 -66546.2 4770.35 -71316.5 834.90549
4.99 262.02528 -438.96504 46814.981 -66899.4 4990.09 -71889.5 837.92145
5 268.08375 254.64633 46386.372 -66239 5105.47 -71344.4 835.44626
5.01 254.23366 149.8426 46656.867 -66744.2 4841.7 -71585.9 840.79842
5.02 268.35202 339.61798 46586.043 -66359.3 5110.58 -71469.9 839.40943
5.03 271.58638 214.50717 46538.602 -66378.2 5172.17 -71550.4 840.20367
5.04 268.57571 360.98873 46425.882 -66448 5114.84 -71562.8 841.55492
5.05 273.20064 -737.01876 47081.026 -66359.3 5202.91 -71562.2 848.54502
5.06 258.98606 -204.46944 46772.692 -66852.6 4932.21 -71784.8 845.79167
5.07 266.09726 382.64588 46537.42 -66328.5 5067.64 -71396.2 847.46456
5.08 266.85877 -56.418509 46783.802 -66289 5082.14 -71371.2 848.01988
5.09 254.87156 108.09038 46782.075 -66613.3 4853.85 -71467.2 850.11161
5.1 268.28744 613.74886 46403.528 -66643.2 5109.35 -71752.5 847.05657
5.11 266.45389 -398.36908 47005.746 -66770.5 5074.43 -71844.9 853.32115
5.12 264.84738 -344.01812 46988.838 -66675.8 5043.83 -71719.6 854.45594
5.13 263.29273 -314.44601 46801.326 -66575 5014.23 -71589.2 855.27729
5.14 260.50321 126.74054 46454.675 -66639.3 4961.1 -71600.4 854.66624
5.15 268.89011 155.4805 46628.347 -66196.9 5120.82 -71317.7 857.51765
5.16 264.50017 -407.37112 46865.713 -66607.6 5037.22 -71644.8 862.9288
5.17 262.82898 -110.36126 46859.813 -66040.5 5005.39 -71045.8 863.50667
5.18 271.12164 5.1581454 46740.417 -66239.7 5163.32 -71403.1 863.40451
5.19 260.89346 659.23746 46290.325 -66039.4 4968.53 -71007.9 856.54682
5.2 264.5154 296.35733 46373.645 -66172.7 5037.51 -71210.2 860.26548
5.21 270.76606 127.0468 46561.7 -65904.5 5156.55 -71061 862.26333
5.22 277.03673 619.30444 46374.828 -65682.3 5275.97 -70958.3 861.70445
5.23 267.45718 520.24122 46536.467 -66090.2 5093.54 -71183.7 867.43089
5.24 261.00691 -644.12694 46966.199 -65778.8 4970.69 -70749.5 875.19958
5.25 274.47765 -139.56325 46605.186 -65976.7 5227.23 -71203.9 870.74096
5.26 269.03156 300.35555 46457.057 -66350.5 5123.52 -71474.1 871.77959
5.27 269.26959 179.77241 46654.223 -66306 5128.05 -71434.1 877.38186
5.28 263.6807 -27.483106 46706.227 -66288.8 5021.61 -71310.4 878.87822
5.29 258.98727 83.960005 46472.311 -65945.9 4932.23 -70878.1 876.48817
5.3 272.65125 207.09798 46394.745 -65785.3 5192.45 -70977.8 878.07514
5.31 264.18449 231.21349 46654.249 -66100.6 5031.21 -71131.8 884.92165
5.32 267.15921 -532.3189 46821.283 -66228.5 5087.86 -71316.4 888.58421
5.33 264.40339 -27.918305 46546.459 -65912.4 5035.38 -70947.7 887.44141
5.34 270.18297 -57.064335 46598.252 -66124 5145.45 -71269.4 885.27747
5.35 261.07823 3.5639994 46663.498 -66454.4 4972.05 -71426.4 885.11553
5.36 263.29296 -806.42215 47064.18 -66218 5014.23 -71232.2 893.67875
5.37 265.38563 193.44048 46499.358 -66465 5054.08 -71519 892.95809
5.38 266.57411 530.92474 46409.249 -66517.2 5076.72 -71593.9 892.85291
5.39 258.25134 165.10297 46663.038 -66631.6 4918.22 -71549.8 894.90197
5.4 272.2798 271.2447 46526.854 -66323.8 5185.38 -71509.1 892.88258
5.41 265.9629 -230.52021 46720.33 -66781.8 5065.08 -71846.9 897.07761
5.42 273.48033 135.82073 46603.014 -66486.7 5208.24 -71695 896.81042
5.43 279.84682 428.98884 46537.675 -66597.9 5329.49 -71927.4 897.04594
5.44 274.25299 469.39493 46547.861 -66660.2 5222.96 -71883.1 896.27018
5.45 269.04619 342.24558 46818.722 -66320.6 5123.8 -71444.4 899.55226
5.46 261.31449 -278.40598 46803.464 -66766 4976.55 -71742.6 899.51613
5.47 275.52432 -275.71165 46943.736 -66364.7 5247.17 -71611.8 902.75959
5.48 257.37195 -15.878551 46795.248 -66576.8 4901.47 -71478.3 901.07189
5.49 262.81741 713.35007 46469.8 -66356.5 5005.17 -71361.6 900.39546
5.5 272.07219 702.55118 46265.808 -66296.7 5181.42 -71478.1 897.22046
5.51 265.28274 133.05186 46675.392 -66468.1 5052.12 -71520.2 905.25712
5.52 279.26646 -100.1467 46889.788 -65987.6 5318.43 -71306 909.97674
5.53 272.49719 305.39277 46622.155 -66296.7 5189.52 -71486.2 910.16707
5.54 264.73072 -502.10902 46932.609 -66398 5041.61 -71439.6 914.64675
5.55 259.46858 69.166984 46547.09 -66325.3 4941.4 -71266.7 912.63351
5.56 272.02578 -86.951971 46917.892 -66256.6 5180.54 -71437.2 917.83372
5.57 260.94181 -251.01478 46965.363 -66641.4 4969.45 -71610.9 919.75455
5.58 266.40385 487.26704 46415.758 -66353.6 5073.47 -71427.1 910.76814
5.59 261.68556 -312.27048 46850.325 -66219.6 4983.62 -71203.2 916.83722
5.6 261.3664 -135.36543 46816.592 -66400.7 4977.54 -71378.2 918.51218
5.61 260.91522 129.38004 46780.486 -66507.4 4968.95 -71476.3 919.88684
5.62 274.41218 -441.55885 47012.852 -66142.7 5225.99 -71368.7 923.37547
5.63 252.68726 413.26718 46498.201 -66651.6 4812.25 -71463.8 918.00778
5.64 273.92608 47.562575 46622.549 -66488.3 5216.73 -71705 923.10841
5.65 270.95908 -83.730058 46589.695 -66236.1 5160.23 -71396.4 925.65375
5.66 266.70435 738.96612 46353.788 -66421.8 5079.2 -71501 924.76762
5.67 272.0932 -67.994097 46757.251 -66219.7 5181.82 -71401.5 928.55706
5.68 262.96824 -454.43763 46895.871 -66356 5008.05 -71364.1 930.09959
5.69 273.6622 -472.68629 46988.581 -66474 5211.71 -71685.7 935.1163
5.7 269.01981 -669.54671 47055.477 -66446.4 5123.29 -71569.7 937.87268
5.71 264.81291 74.747197 46763.682 -66754.9 5043.18 -71798.1 937.50869
5.72 264.56722 543.75357 46396.765 -66720.3 5038.5 -71758.8 936.25963
5.73 263.98402 487.12611 46580.824 -66653.8 5027.39 -71681.2 936.54068
5.74 266.80073 468.28987 46336.277 -66759.8 5081.03 -71840.8 937.89899
5.75 273.49331 596.10552 46440.723 -66686.9 5208.49 -71895.4 941.39204
5.76 271.18909 -45.546619 46872.285 -66513.8 5164.61 -71678.4 945.39597
5.77 258.16349 204.27446 46433.652 -66903.3 4916.54 -71819.9 938.41153
5.78 269.1407 -222.63054 46960.451 -66433.5 5125.6 -71559.1 948.7539
5.79 261.09533 97.186301 46577.978 -66695.4 4972.38 -71667.8 944.64572
5.8 256.23461 -339.98773 46777.311 -66830.2 4879.81 -71710 945.54644
5.81 263.35422 -158.69425 46746.967 -66665.9 5015.4 -71681.3 945.02069
5.82 273.81403 97.407254 46859.666 -66311.2 5214.6 -71525.8 948.69263
5.83 259.37053 189.5839 46628.19 -66915.9 4939.53 -71855.4 947.32238
5.84 267.53876 71.502031 46734.686 -66749.5 5095.09 -71844.6 949.51496
5.85 258.1287 -438.74062 46895.968 -67018.9 4915.88 -71934.7 951.87192
5.86 268.51677 -171.86607 46927.211 -66756.7 5113.71 -71870.4 953.09706
5.87 263.27393 -385.91845 47000.263 -66864.4 5013.87 -71878.3 952.47565
5.88 277.08983 223.07974 46617.584 -66455.6 5276.98 -71732.6 949.37499
5.89 264.15283 572.90734 46287.848 -66956 5030.61 -71986.6 945.38179
5.9 271.52419 -61.752803 46797.695 -66377.9 5170.99 -71548.9 952.50341
5.91 265.01866 672.67395 46287.717 -66267.1 5047.09 -71314.2 950.25904
5.92 263.12546 11.932442 46424.509 -66405.4 5011.04 -71416.5 952.73433
5.93 265.27878 -177.04694 46849.293 -65935.9 5052.05 -70987.9 959.70668
5.94 263.01252 253.44373 46550.409 -65811.2 5008.89 -70820.1 956.81162
5.95 266.95425 310.85743 46558.107 -65983.6 5083.96 -71067.5 961.48823
5.96 261.59534 -568.97146 46843.757 -66388.8 4981.9 -71370.7 968.07593
5.97 278.58469 592.12858 46290.889 -65975.5 5305.45 -71281 965.99298
5.98 261.13209 -462.98613 46809.461 -66432.5 4973.08 -71405.5 970.52483
5.99 271.11628 -142.93369 46803.011 -65985 5163.22 -71148.2 970.94605
6 264.94247 -852.77332 47109.146 -66014.2 5045.64 -71059.8 971.10264
6.01 264.63768 -138.47898 46771.088 -66540.5 5039.84 -71580.3 969.92392
6.02 261.23736 425.68173 46518.076 -66676.6 4975.08 -71651.7 967.34797
6.03 271.08772 411.91066 46621.639 -65980.3 5162.68 -71143 971.81928
6.04 263.85286 -322.5291 46704.595 -66532.2 5024.89 -71557.1 978.87833
6.05 273.30562 -117.9516 46851.565 -66256.6 5204.91 -71461.5 979.93178
6.06 256.15296 -676.12201 47000.178 -66731 4878.25 -71609.2 980.53901
6.07 265.75065 -199.13185 46928.56 -66512.8 5061.04 -71573.8 981.75767
6.08 268.03473 -524.39641 46958.284 -66321.5 5104.53 -71426 986.47384
6.09 273.14926 -478.51789 46992.628 -66226 5201.94 -71427.9 987.54026
6.1 260.32384 -581.6954 47182.721 -66637.1 4957.69 -71594.8 988.12882
6.11 279.79037 56.633152 46804.765 -66242.8 5328.41 -71571.2 988.08526
6.12 259.88318 -362.52854 46908.458 -66668.8 4949.29 -71618.1 989.23286
6.13 268.64215 -790.02174 47186.225 -66307.2 5116.1 -71423.3 994.76165
6.14 273.43454 -628.4933 47121.035 -66499.3 5207.37 -71706.7 995.51133
6.15 268.60363 -272.65456 47007.003 -66621.2 5115.37 -71736.6 996.13255
6.16 260.51939 -235.03069 46900.348 -66790 4961.41 -71751.4 995.93113
6.17 269.41997 257.70138 46522.064 -66599.2 5130.91 -71730.1 991.89107
6.18 270.32875 -590.81019 47009.945 -66179.4 5148.22 -71327.7 997.5374
6.19 261.53455 -253.24592 46746.531 -66469.2 4980.74 -71450 998.30011
6.2 275.06792 -256.07993 46647.399 -66323.3 5238.48 -71561.8 997.70215
6.21 265.35322 -15.035186 46720.244 -66137 5053.47 -71190.4 998.25934
6.22 262.57736 -289.90033 46896.606 -66318.4 5000.6 -71319 1001.1101
6.23 263.80447 -400.43612 46812.75 -65878.8 5023.97 -70902.8 1001.4955
6.24 279.81519 118.59231 46591.957 -65979.2 5328.88 -71308.1 1001.7766
6.25 265.46091 266.7298 46595.553 -66311.3 5055.52 -71366.9 1005.4781
6.26 272.79917 27.481428 46654.508 -66196.4 5195.27 -71391.7 1010.4388
6.27 270.89903 -70.73799 46688.429 -66135.2 5159.08 -71294.3 1013.8817
6.28 254.89484 -595.07268 46743.305 -66395.9 4854.29 -71250.1 1017.715
6.29 261.19755 -323.66357 46906.362 -66306.4 4974.32 -71280.7 1024.5526
6.3 270.53644 -177.353 46712.155 -66101.4 5152.18 -71253.6 1025.2602
6.31 266.22989 -558.21226 46899.61 -65756.5 5070.16 -70826.7 1029.8932
6.32 268.45061 201.82493 46577.141 -66106 5112.45 -71218.5 1028.9976
6.33 267.26326 274.53961 46643.803 -66203.7 5089.84 -71293.5 1030.9784
6.34 267.09396 354.44787 46487.333 -66315.2 5086.62 -71401.8 1029.1406
6.35 256.55075 131.64126 46570.413 -66191.4 4885.83 -71077.2 1032.284
6.36 264.03351 -1000.9925 47323.168 -65914.1 5028.33 -70942.4 1042.6473
6.37 276.43652 -444.92993 46860.006 -65992.4 5264.54 -71256.9 1039.2302
6.38 262.62839 159.08051 46547.094 -66216.8 5001.57 -71218.4 1034.0924
6.39 266.9783 -611.82623 46962.32 -65979.6 5084.41 -71064 1040.7139
6.4 270.64198 307.66101 46485.558 -66234.6 5154.19 -71388.8 1037.5715
6.41 267.06093 -112.65707 46760.889 -66073 5085.99 -71158.9 1041.0808
6.42 259.86448 -335.42239 46946.673 -66458.3 4948.94 -71407.2 1041.3688
6.43 266.30393 421.24393 46642.208 -66356.5 5071.57 -71428.1 1038.3206
6.44 271.04379 -260.48708 46807.468 -66079.3 5161.84 -71241.1 1042.3977
6.45 261.19239 85.91743 46657.258 -66436.8 4974.23 -71411 1037.9788
6.46 261.08478 -232.09068 46835.553 -66757 4972.18 -71729.1 1040.5955
6.47 268.07275 -516.85751 46857.13 -66578.4 5105.26 -71683.7 1041.9747
6.48 272.954 1143.5183 46141.272 -66274.6 5198.22 -71472.8 1039.5066
6.49 268.26409 -530.28218 46857.022 -66261.8 5108.9 -71370.7 1048.5121
6.5 259.12703 -383.10136 46751.597 -66543.4 4934.89 -71478.3 1047.0926
6.51 277.00937 532.04145 46520.49 -66351 5275.45 -71626.4 1041.9224
6.52 262.48787 363.19238 46505.587 -66525.5 4998.9 -71524.4 1044.9268
6.53 267.70114 217.9808 46418.272 -66608.8 5098.18 -71706.9 1045.055
6.54 263.37018 -264.89683 46719.978 -66214.8 5015.7 -71230.5 1048.7021
6.55 261.49184 -501.59608 46901.315 -66526.8 4979.93 -71506.7 1054.8114
6.56 258.39391 -15.382432 46796.846 -66325.6 4920.93 -71246.6 1052.3023
6.57 268.38338 -91.587961 46752.221 -66162.3 5111.17 -71273.4 1052.373
6.58 272.11501 104.07217 46720.997 -66451 5182.24 -71633.2 1053.2965
6.59 274.52913 -390.50834 47087.166 -66285 5228.22 -71513.2 1058.6054
6.6 276.32466 -31.172374 46693.981 -66412.5 5262.41 -71674.9 1053.5869
6.61 262.76681 20.288119 46779.61 -66656.6 5004.21 -71660.8 1054.9235
6.62 267.90599 -349.49299 46823.384 -66378.1 5102.08 -71480.2 1057.4637
6.63 270.79731 -250.82794 46680.487 -66085.9 5157.15 -71243 1058.0331
6.64 266.9619 347.19562 46546.52 -66530.9 5084.1 -71615 1057.9571
6.65 262.28382 -15.401936 46675.08 -66640.3 4995.01 -71635.3 1057.3293
6.66 261.62369 -436.59462 46960.912 -66363.6 4982.44 -71346 1062.2719
6.67 257.33333 232.1819 46569.359 -66837.2 4900.73 -71738 1055.9308
6.68 260.39554 -256.99568 46929.472 -66396.2 4959.05 -71355.3 1058.6594
6.69 266.36548 -352.44255 47001.105 -66126.4 5072.74 -71199.2 1056.9967
6.7 268.88868 289.22956 46508.32 -66185.3 5120.8 -71306.1 1051.8216
6.71 258.14524 -346.53554 46875.049 -66278.4 4916.2 -71194.6 1055.9777
6.72 251.24342 -356.45721 46804.009 -66522.6 4784.76 -71307.4 1054.6708
6.73 267.11053 270.14687 46513.531 -66116.3 5086.93 -71203.3 1056.202
6.74 264.71517 364.40735 46466.576 -66211.7 5041.31 -71253 1059.0416
6.75 272.75798 342.8441 46497.211 -66011.4 5194.48 -71205.9 1062.238
6.76 263.28552 -472.89413 46805.116 -66218.9 5014.09 -71232.9 1066.8005
6.77 266.935 -267.8194 46868.726 -66195.8 5083.59 -71279.4 1072.9944
6.78 268.69446 -436.99638 46957.986 -66408.4 5117.1 -71525.5 1073.3894
6.79 261.37055 -95.25745 46726.258 -66329.5 4977.62 -71307.1 1071.4611
6.8 266.18728 -16.948936 46825.767 -66699.8 5069.35 -71769.2 1073.4313
6.81 272.06056 226.38042 46691.892 -66255.1 5181.2 -71436.3 1072.4704
6.82 271.55959 -323.96613 46731.206 -66120.7 5171.66 -71292.3 1076.7392
6.83 267.67829 -339.68778 46781.64 -66353.9 5097.75 -71451.6 1077.9997
6.84 272.93424 813.50127 46349.434 -66294.4 5197.84 -71492.3 1075.8968
6.85 256.35544 507.9734 46442.022 -66627.2 4882.11 -71509.4 1077.2594
6.86 260.37009 -769.31444 46988.746 -66613.9 4958.57 -71572.5 1084.6473
6.87 262.22886 -576.76864 46915.188 -66443.6 4993.97 -71437.6 1087.3386
6.88 272.78427 149.02178 46615.377 -66462.9 5194.99 -71657.9 1086.3313
6.89 269.18151 404.28915 46556.562 -66114.4 5126.37 -71240.8 1089.2944
6.9 270.83566 -290.43468 46814.804 -66212.6 5157.88 -71370.4 1095.1157
6.91 271.68025 -201.00097 46905.242 -66334.2 5173.96 -71508.1 1098.8285
6.92 268.60648 -388.78704 47168.124 -66292.6 5115.42 -71408 1100.5111
6.93 270.99753 -532.45015 46994.19 -66253.2 5160.96 -71414.1 1099.9887
6.94 262.16219 192.68569 46769.565 -66517 4992.7 -71509.7 1101.614
6.95 271.07534 601.4191 46434.729 -65968 5162.44 -71130.5 1095.9149
6.96 268.04118 155.75162 46617.301 -66207.9 5104.66 -71312.6 1100.7354
6.97 268.37861 330.51392 46507.457 -66358.8 5111.08 -71469.9 1103.2046
6.98 264.5635 -407.92025 46941.177 -66502.8 5038.43 -71541.2 1111.261
6.99 261.05107 -68.63782 46607.023 -67009 4971.54 -71980.6 1105.4152
7 275.40156 -648.32694 47084.919 -66263.1 5244.83 -71507.9 1110.0971
7.01 265.46133 -195.91145 46730.543 -66581 5055.53 -71636.6 1109.1844
7.02 252.9383 -260.07752 46903.423 -66517.6 4817.03 -71334.7 1109.6427
7.03 265.41906 -219.67986 46783.671 -66495.2 5054.72 -71550 1109.0793
7.04 266.7152 -253.66692 46808.189 -66273.8 5079.4 -71353.2 1109.5282
7.05 267.19935 509.48466 46231.887 -66401 5088.62 -71489.6 1102.1987
7.06 263.48624 -289.37049 46788.052 -66531.7 5017.91 -71549.6 1110.8638
7.07 264.88659 294.82279 46603.921 -66544.5 5044.58 -71589.1 1108.9992
7.08 276.2667 407.7618 46551.789 -66401.7 5261.31 -71663.1 1109.8317
7.09 272.34216 190.79743 46644.702 -66769.1 5186.57 -71955.7 1109.3612
7.1 271.41004 -206.03025 46708.454 -66480.5 5168.81 -71649.3 1112.5666
7.11 271.68807 748.74869 46319.789 -66610.7 5174.11 -71784.8 1111.2176
7.12 272.41417 193.6272 46499.62 -66472.3 5187.94 -71660.2 1114.81
7.13 270.59735 -19.757616 47038.112 -66533.6 5153.34 -71686.9 1121.7269
7.14 261.16993 -99.287959 46868.728 -66696.8 4973.8 -71670.6 1119.6195
7.15 266.05744 -383.93385 47050.411 -66526.8 5066.88 -71593.7 1123.4759
7.16 264.39745 27.849078 46677.108 -66923.6 5035.26 -71958.9 1120.3209
7.17 261.26909 -693.64362 47124.505 -66675.8 4975.69 -71651.5 1129.564
7.18 266.95457 -359.37806 47119.808 -66707.8 5083.96 -71791.7 1129.2735
7.19 263.69785 79.343669 46778.179 -66746.5 5021.94 -71768.4 1124.921
7.2 265.78117 612.75417 46415.073 -66659.1 5061.62 -71720.7 1119.0853
7.21 259.04615 655.30004 46321.311 -66888.3 4933.35 -71821.6 1113.0458
7.22 268.21961 116.14983 46625.475 -66583.6 5108.05 -71691.6 1120.6273
7.23 262.34193 145.49549 46594.666 -66304.7 4996.12 -71300.8 1126.2911
7.24 260.27168 -87.01369 46884.304 -66309.3 4956.69 -71266 1129.227
7.25 264.81015 -779.60152 46955.837 -66477.5 5043.12 -71520.6 1130.6131
7.26 276.38128 0.75736366 46708.051 -66056.5 5263.49 -71320 1129.8436
7.27 250.45418 -19.202792 46510.966 -66511 4769.72 -71280.7 1129.0668
7.28 269.57523 211.64933 46748.097 -66182.7 5133.87 -71316.6 1132.6169
7.29 269.53674 -246.68205 46882.33 -66379.6 5133.14 -71512.7 1135.56
7.3 261.64063 730.84286 46302.793 -66623.2 4982.76 -71606 1128.0041
7.31 252.73239 308.28047 46455.723 -66938.4 4813.11 -71751.6 1131.754
7.32 266.66964 397.19744 46558.358 -66612.2 5078.54 -71690.7 1133.8297
7.33 275.79683 -5.3970711 46618.014 -66238.7 5252.36 -71491 1133.7139
7.34 262.54838 461.88765 46351.733 -66324.1 5000.05 -71324.2 1131.0425
7.35 264.55325 -50.569956 46574.282 -66227.2 5038.23 -71265.4 1132.5692
7.36 264.25249 -493.2785 46874.028 -66543.5 5032.5 -71576 1141.733
7.37 260.92651 -308.21653 46884.473 -66208.1 4969.16 -71177.3 1144.5021
7.38 269.3232 -677.07597 47135.024 -66300.4 5129.07 -71429.5 1151.7425
7.39 264.39176 432.89553 46424.853 -66522.1 5035.16 -71557.2 1141.8428
7.4 268.73541 -145.619 46912.342 -66549.8 5117.88 -71667.7 1150.4872
7.41 258.5725 -245.91946 46769.297 -66640.4 4924.33 -71564.7 1148.0047
7.42 277.48655 868.06472 46095.038 -66236.7 5284.54 -71521.2 1143.2179
7.43 261.19052 -355.0905 46774.437 -66642.1 4974.19 -71616.3 1153.7415
7.44 260.6436 -611.42847 47002.831 -66564.2 4963.78 -71528 1156.8653
7.45 269.68524 381.00094 46621.767 -66772.1 5135.97 -71908.1 1152.0739
7.46 267.26739 453.40168 46391.186 -66760.2 5089.92 -71850.1 1150.2905
7.47 265.08127 -148.38351 46791.854 -66992.7 5048.29 -72041 1157.9049
7.48 264.49354 -125.8671 46893.217 -66517.2 5037.09 -71554.3 1161.4297
7.49 264.73937 -367.54057 46988.02 -66820.7 5041.78 -71862.4 1163.133
7.5 264.24514 270.54417 46570.357 -66523.5 5032.36 -71555.9 1158.3772
7.51 269.03001 528.84909 46424.873 -66484.8 5123.49 -71608.3 1158.7413
7.52 272.97297 397.80461 46271.374 -66295.6 5198.58 -71494.2 1156.9595
7.53 271.05808 -374.98693 46817.093 -66341.4 5162.11 -71503.5 1161.3179
7.54 265.09204 175.4987 46445.459 -66037.8 5048.49 -71086.3 1160.3249
7.55 260.99465 515.38294 46228.496 -66234.5 4970.46 -71204.9 1158.1625
7.56 259.66952 71.408392 46635.955 -66438.7 4945.22 -71383.9 1166.9934
7.57 278.74983 -591.6773 46953.825 -66226.3 5308.6 -71534.9 1168.8745
7.58 271.01433 -313.46405 46727.925 -66420.1 5161.28 -71581.4 1165.4725
7.59 269.52456 513.91032 46305.035 -66146.4 5132.91 -71279.3 1161.7056
7.6 262.34832 480.45053 46413.423 -66406.2 4996.24 -71402.5 1167.8471
7.61 268.11811 -212.17124 46671.661 -66167.4 5106.12 -71273.6 1172.4233
7.62 277.54258 -147.3066 46520.582 -65801.5 5285.6 -71087.1 1172.4988
7.63 274.25898 505.90069 46427.61 -66069.1 5223.07 -71292.2 1171.993
7.64 262.34777 -270.54893 46944.865 -66464.6 4996.23 -71460.9 1181.6427
7.65 258.93564 -269.23061 46716.911 -66532.5 4931.25 -71463.8 1176.4962
7.66 275.16367 -670.20751 47050.962 -66155.4 5240.3 -71395.7 1181.7169
7.67 263.91974 45.317219 46797.412 -66880.1 5026.17 -71906.3 1182.5445
7.68 259.84742 154.47248 46818.666 -66557.8 4948.61 -71506.4 1182.9164
7.69 269.01386 102.16167 46671.48 -66378.7 5123.18 -71501.9 1181.7085
7.7 263.19043 -673.06686 47120.876 -66534.1 5012.28 -71546.4 1187.7453
7.71 276.74418 413.12504 46554.608 -66080.1 5270.4 -71350.5 1185.4708
7.72 263.63038 161.97097 46560.945 -66638.7 5020.66 -71659.3 1188.2092
7.73 265.0134 -298.58325 46890.703 -66479.9 5046.99 -71526.9 1197.4482
7.74 267.40486 -46.226745 46908.675 -66557.4 5092.54 -71649.9 1194.0165
7.75 271.54047 492.94149 46490.905 -66276.3 5171.3 -71447.6 1187.7854
7.76 261.79037 346.55681 46523.397 -66717.9 4985.61 -71703.5 1191.1427
7.77 267.20548 -413.25263 46899.087 -66522.4 5088.74 -71611.2 1200.0642
7.78 262.33478 -666.98089 47251.047 -66699.8 4995.98 -71695.8 1206.4056
7.79 261.64017 -616.98057 47168.255 -66471.5 4982.75 -71454.3 1207.4513
7.8 269.48771 129.6083 46692.087 -66428.2 5132.2 -71560.4 1201.9851
7.81 266.69632 246.48581 46394.805 -66540.4 5079.04 -71619.5 1196.5733
7.82 262.97785 -167.79562 46787.971 -66156.7 5008.23 -71164.9 1205.0673
7.83 259.77848 268.96217 46513.493 -66484 4947.3 -71431.3 1202.489
7.84 272.10114 447.23951 46368.822 -66339.2 5181.98 -71521.2 1200.3611
7.85 270.19121 329.22118 46492.91 -66067.7 5145.6 -71213.3 1201.8018
7.86 269.42018 -643.87112 46928.129 -66318.8 5130.92 -71449.7 1208.3725
7.87 271.37785 282.528 46688.104 -66559 5168.2 -71727.2 1202.9038
7.88 272.44133 -674.21335 46895.862 -66256 5188.45 -71444.4 1205.5516
7.89 266.88528 531.34604 46489.171 -66202.1 5082.64 -71284.8 1203.681
7.9 261.27117 445.76141 46565.474 -66300.9 4975.73 -71276.6 1203.0857
7.91 282.82814 -522.85656 47036.52 -65944.4 5386.26 -71330.6 1213.6865
7.92 262.14862 -239.03157 46711.24 -66342.9 4992.44 -71335.3 1207.8337
7.93 274.5142 283.55013 46559.291 -65661 5227.93 -70889 1210.0351
7.94 270.33686 497.77016 46251.965 -66340.4 5148.38 -71488.8 1204.5792
7.95 271.21667 637.82533 46292.895 -66154 5165.13 -71319.1 1206.5925
7.96 268.25389 626.39278 46423.092 -65949.4 5108.71 -71058.1 1211.9905
7.97 263.56794 -762.55267 47095.157 -66347.7 5019.47 -71367.1 1221.9416
7.98 263.94288 -768.07652 47079.711 -66105.6 5026.61 -71132.3 1225.9655
7.99 272.96857 418.20855 46516.956 -66101.1 5198.5 -71299.6 1222.6814
8 269.77168 -347.51163 46991.001 -66258.9 5137.61 -71396.5 1227.5728
8.01 262.61848 519.17137 46488.28 -66126.9 5001.38 -71128.3 1220.8159
8.02 282.98861 -104.35495 46774.102 -65904.4 5389.32 -71293.7 1223.7169
8.03 264.41424 -601.40332 47126.492 -66245.1 5035.58 -71280.7 1235.7052
8.04 269.22922 -687.35276 47025.328 -66403.5 5127.28 -71530.7 1234.5011
8.05 266.36279 249.11184 46486.754 -65915.8 5072.69 -70988.5 1225.6637
8.06 266.48457 -521.52428 46976.682 -66166.9 5075.01 -71241.9 1236.7708
8.07 258.43004 -575.07245 47207.909 -65969.2 4921.62 -70890.9 1242.714
8.08 262.97717 47.794388 46662.53 -66461.3 5008.22 -71469.5 1239.9159
8.09 275.13142 124.87426 46634.952 -66591.7 5239.69 -71831.4 1240.977
8.1 260.29653 -215.2058 46742.412 -66389.1 4957.17 -71346.2 1244.5946
8.11 259.1133 -265.45388 46858.366 -66534.6 4934.63 -71469.3 1250.1921
8.12 267.98231 772.91026 46375.733 -66166.2 5103.54 -71269.8 1242.8104
8.13 261.62899 383.64299 46400.243 -66606.1 4982.54 -71588.6 1242.4748
8.14 250.33269 532.38619 46399.412 -66822.1 4767.41 -71589.5 1244.7329
8.15 270.7823 508.83491 46485.616 -66359.2 5156.86 -71516 1249.0214
8.16 269.25792 425.6716 46343.253 -66252.9 5127.83 -71380.7 1250.1354
8.17 258.39558 489.71725 46381.001 -66893.9 4920.96 -71814.9 1252.1078
8.18 264.21226 -426.56702 46759.632 -66326.1 5031.74 -71357.8 1260.8585
8.19 258.92033 -118.21816 46608.608 -66354.1 4930.96 -71285.1 1256.8879
8.2 282.86498 -93.61548 46838.74 -65620 5386.97 -71006.9 1262.5869
8.21 264.74394 -442.39101 46858.224 -66123.6 5041.86 -71165.5 1263.7627
8.22 269.91824 63.244476 46547.483 -66282.3 5140.4 -71422.7 1258.8788
8.23 266.11391 491.70835 46407.293 -66072.4 5067.95 -71140.4 1259.4703
8.24 269.28021 -409.47758 46956.176 -66280.4 5128.25 -71408.6 1269.1166
8.25 267.8623 -711.83184 47127.876 -66706.6 5101.25 -71807.8 1275.8167
8.26 264.0913 232.41533 46697.651 -66266.4 5029.43 -71295.8 1271.12
8.27 267.17258 634.71593 46371.634 -66455.3 5088.11 -71543.4 1269.6845
8.28 268.29497 283.36658 46619.353 -66350.9 5109.49 -71460.4 1276.8249
8.29 260.30721 -367.24255 46832.026 -66659.2 4957.37 -71616.5 1281.8343
8.3 264.12713 -84.915705 46651.102 -66276.9 5030.12 -71307 1278.8902
8.31 272.48333 237.29959 46632.9 -66391.2 5189.25 -71580.4 1280.4219
8.32 261.1253 801.48973 46263.76 -66651.5 4972.95 -71624.4 1277.0778
8.33 265.39239 -121.8807 46562.102 -66112.5 5054.21 -71166.7 1279.9185
8.34 265.01958 -306.09025 46819.582 -65941.6 5047.11 -70988.7 1288.5754
8.35 265.48461 -23.920857 46755.515 -66594 5055.97 -71650 1289.0807
8.36 264.64585 -642.54212 46948.759 -66354.1 5039.99 -71394 1297.4373
8.37 274.35495 230.76956 46503.393 -66445.3 5224.9 -71670.2 1293.135
8.38 272.46677 150.30671 46578.781 -66172.3 5188.94 -71361.2 1296.8024
8.39 258.88585 15.238736 46752.259 -66591.1 4930.3 -71521.4 1304.2568
8.4 260.48532 -154.54324 46775.042 -66307.9 4960.76 -71268.6 1305.9375
8.41 273.79746 -156.66132 46941.573 -66600.3 5214.28 -71814.5 1308.8123
8.42 271.85028 -211.81309 46892.343 -66899.1 5177.2 -72076.3 1310.6921
8.43 262.37275 536.52372 46483.438 -66656.7 4996.71 -71653.4 1304.5093
8.44 269.32578 -284.3023 46852.763 -66622.2 5129.12 -71751.3 1310.3819
8.45 269.21981 -325.92441 46958.078 -66599.1 5127.1 -71726.2 1311.6573
8.46 266.17165 -378.50367 46914.487 -66274.3 5069.05 -71343.4 1311.7251
8.47 277.60678 -355.937 46759.34 -66203.2 5286.83 -71490.1 1308.3361
8.48 264.48469 171.10591 46497.734 -66429.2 5036.93 -71466.1 1305.731
8.49 266.87123 -497.32466 46723.312 -66168.6 5082.38 -71251 1307.8291
8.5 267.92967 183.32618 46723.808 -66465.4 5102.53 -71567.9 1312.9844
8.51 261.75845 -375.45366 46929.59 -66388.5 4985.01 -71373.5 1318.0795
8.52 265.28193 487.47611 46387.263 -66518.5 5052.11 -71570.6 1312.6785
8.53 269.38419 399.33045 46470.292 -66308.5 5130.23 -71438.8 1311.868
8.54 273.06632 545.27012 46460.036 -66000.8 5200.36 -71201.2 1312.8277
8.55 265.2043 -481.26774 46907.897 -66497.5 5050.63 -71548.1 1319.5053
8.56 263.39543 -429.64053 46795.492 -66292.5 5016.18 -71308.6 1319.191
8.57 264.27113 -146.80806 46775.579 -66478.1 5032.86 -71511 1322.396
8.58 263.49091 -46.710783 46642.178 -66817.2 5018 -71835.2 1319.3454
8.59 266.35181 -566.03816 47009.432 -66573.8 5072.48 -71646.3 1328.667
8.6 271.6249 -245.84377 47002.124 -66415.1 5172.91 -71588 1327.2675
8.61 262.04955 -466.86028 47147.08 -66557.6 4990.55 -71548.2 1332.8634
8.62 264.21101 -585.23615 47125.729 -66809.1 5031.71 -71840.8 1335.6606
8.63 267.43404 -355.28562 47093.653 -66734 5093.09 -71827.1 1335.8772
8.64 272.87602 -475.43343 47044.935 -66532.9 5196.73 -71729.6 1335.0864
8.65 270.83521 -567.23135 47116.237 -66546.1 5157.87 -71704 1338.4691
8.66 269.1183 172.38156 46756.828 -66503.6 5125.17 -71628.8 1331.7021
8.67 276.4898 -258.60099 46883.53 -65970.7 5265.55 -71236.3 1334.0884
8.68 263.96494 -64.324038 46855.435 -66418.1 5027.03 -71445.1 1333.8226
8.69 264.91402 705.50741 46295.234 -66137.2 5045.1 -71182.3 1323.0666
8.7 266.76578 50.907644 46707.603 -66214.2 5080.37 -71294.6 1334.7251
8.71 263.86974 830.31487 46286.157 -66324.6 5025.21 -71349.9 1330.7239
8.72 269.94416 518.32468 46309.234 -65665.6 5140.9 -70806.5 1332.4455
8.73 258.71213 348.1027 46438.75 -66049.4 4926.99 -70976.4 1334.9475
8.74 259.13124 812.78108 46275.667 -65792 4934.97 -70727 1336.7585
8.75 263.6515 301.9571 46565.656 -65883.6 5021.06 -70904.6 1342.9429
8.76 269.8786 -477.39334 46802.49 -65562.6 5139.65 -70702.3 1346.5754
8.77 268.99336 -183.1093 46664.157 -65902.4 5122.79 -71025.2 1347.6864
8.78 276.94668 175.1193 46573.807 -65550.9 5274.26 -70825.1 1352.1087
8.79 268.76094 22.085911 46643.353 -65876.1 5118.36 -70994.5 1355.2867
8.8 259.59707 519.50274 46402.697 -65929.9 4943.84 -70873.8 1351.2598
8.81 271.38392 276.54655 46560.894 -65692.9 5168.32 -70861.2 1353.7059
8.82 268.22486 -409.35597 46903.552 -66056.3 5108.15 -71164.4 1363.7296
8.83 266.28235 289.8921 46438.404 -65722.1 5071.16 -70793.2 1361.2248
8.84 266.87869 -89.290271 46550.883 -65664.5 5082.52 -70747 1367.3264
8.85 263.06994 -300.86996 46517.16 -65610.2 5009.98 -70620.2 1369.7048
8.86 269.40471 -290.77381 46656.119 -65547.9 5130.62 -70678.5 1376.0037
8.87 265.9111 -20.033369 46570.516 -65984.1 5064.09 -71048.2 1378.68
8.88 262.84645 129.61663 46476.685 -65992.9 5005.73 -70998.6 1380.8987
8.89 258.31187 -341.46527 46734.193 -66017 4919.37 -70936.4 1386.6333
8.9 264.98853 283.30178 46469.979 -65873.7 5046.52 -70920.3 1389.2354
8.91 262.53894 -358.47295 46768.914 -65947.3 4999.87 -70947.1 1398.7874
8.92 267.46632 602.88026 46413.372 -65646.3 5093.71 -70740 1396.3673
8.93 268.46762 889.37342 45942.728 -65804.7 5112.78 -70917.5 1390.8721
8.94 265.68935 -453.27548 46817.62 -65902.4 5059.87 -70962.2 1409.1467
8.95 268.64651 148.95262 46563.692 -65598.5 5116.18 -70714.7 1411.2678
8.96 266.28609 -353.52893 46828.557 -66107.7 5071.23 -71179 1415.5786
8.97 265.39535 -92.316351 46510.017 -66037.7 5054.27 -71092 1410.3824
8.98 266.72051 -584.69676 46838.727 -65813.2 5079.51 -70892.8 1424.9293
8.99 268.55375 534.29267 46435.939 -66237.8 5114.42 -71352.2 1417.8801
9 264.38734 -500.68597 46739.583 -65907.4 5035.07 -70942.4 1427.0074
9.01 268.38317 -180.68519 46721.109 -65742.7 5111.17 -70853.9 1425.2443
9.02 261.73999 692.79534 46216.336 -66137.3 4984.65 -71121.9 1422.6151
9.03 267.39159 -187.92656 46540.233 -65891.6 5092.29 -70983.9 1433.3499
9.04 268.13606 393.43526 46338.362 -66086.1 5106.46 -71192.6 1428.87
9.05 261.49165 -124.6929 46733.755 -66014.4 4979.93 -70994.3 1434.908
9.06 262.16024 102.46957 46467.901 -66336.9 4992.66 -71329.6 1430.7181
9.07 272.98334 171.85022 46668.442 -66108.7 5198.78 -71307.5 1439.5487
9.08 267.40666 -154.02572 46769.514 -66310.1 5092.57 -71402.6 1444.356
9.09 269.69296 -198.78876 46788.492 -65970.4 5136.11 -71106.5 1443.9711
9.1 261.96453 -82.997048 46819.185 -66429.1 4988.93 -71418.1 1442.2779
9.11 267.13544 458.41692 46501.811 -66379.6 5087.41 -71467 1441.9247
9.12 271.15209 570.94718 46349.688 -66426.8 5163.9 -71590.7 1442.684
9.13 270.42175 128.68769 46647.122 -65970.1 5149.99 -71120.1 1447.833
9.14 265.03407 -57.868893 46794.453 -66219.6 5047.39 -71267 1456.2825
9.15 266.27042 -588.62347 46850.312 -66258.2 5070.93 -71329.2 1457.8447
9.16 265.37348 -440.24915 46781.403 -66426.9 5053.85 -71480.7 1458.5165
9.17 275.67974 558.77646 46326.985 -65821.3 5250.13 -71071.4 1449.4059
9.18 264.19833 -643.84234 47152.435 -66267.3 5031.47 -71298.8 1463.4803
9.19 265.17941 174.3798 46559.18 -66519.5 5050.16 -71569.7 1450.9101
9.2 275.18928 168.33195 46742.377 -66147.2 5240.79 -71388 1454.2625
9.21 269.0011 -136.70361 46715.757 -66200.6 5122.94 -71323.5 1457.6572
9.22 275.70297 821.27304 46170.119 -65959.4 5250.57 -71210 1451.0335
9.23 271.23862 -326.30667 46758.126 -66108.6 5165.55 -71274.2 1461.6254
9.24 262.12557 -339.83675 46900.259 -66549.2 4992 -71541.2 1466.8386
9.25 262.038 -510.41863 47004.97 -66274.1 4990.33 -71264.4 1470.3921
9.26 261.117 -203.75263 46861.367 -66552 4972.79 -71524.8 1469.1177
9.27 277.61274 209.46772 46593.296 -66097.1 5286.94 -71384 1464.1882
9.28 270.08538 386.90143 46598.244 -66524.3 5143.59 -71667.8 1468.1438
9.29 262.44819 310.33328 46536.823 -66458.1 4998.14 -71456.2 1470.3953
9.3 260.82863 -261.14156 46671.891 -66805.2 4967.3 -71772.5 1472.662
9.31 271.68136 385.23681 46510.502 -66446.7 5173.98 -71620.7 1469.7036
9.32 272.86304 -423.18897 46904.211 -66210.5 5196.49 -71406.9 1478.4034
9.33 266.62202 -712.08807 47134.176 -66458 5077.63 -71535.6 1482.2192
9.34 261.18502 867.32134 46095.776 -66749.2 4974.09 -71723.3 1463.4675
9.35 269.88668 351.54216 46649.801 -66409.2 5139.8 -71549 1469.9455
9.36 272.72468 -186.48169 46827.61 -66388.9 5193.85 -71582.8 1476.7758
9.37 264.77998 -162.15394 46874.871 -66428.5 5042.55 -71471.1 1476.8757
9.38 272.45943 389.6148 46405.308 -65957.7 5188.8 -71146.5 1475.5477
9.39 262.22024 -472.04695 47140.649 -66458.1 4993.8 -71451.9 1490.8607
9.4 271.40167 -606.69827 46920.564 -66211.2 5168.66 -71379.9 1487.1358
9.41 273.12213 -140.25725 46816.243 -65907.4 5201.42 -71108.8 1485.4409
9.42 271.44934 435.49377 46426.99 -66120.5 5169.56 -71290.1 1477.6382
9.43 257.84858 -118.69285 46697.283 -66446.1 4910.55 -71356.6 1483.318
9.44 271.9157 428.91379 46319.851 -66382.3 5178.44 -71560.8 1477.796
9.45 265.36586 72.433946 46620.926 -66621.6 5053.71 -71675.3 1484.2558
9.46 262.04132 519.07989 46373.493 -66390 4990.39 -71380.4 1482.9115
9.47 266.77057 145.90048 46544.537 -66238.9 5080.46 -71319.4 1487.2568
9.48 263.50356 223.49229 46621.587 -66123.8 5018.24 -71142 1494.2491
9.49 264.81832 290.10233 46524.553 -66447.6 5043.28 -71490.8 1495.5258
9.5 259.489 311.06396 46422.774 -66481.2 4941.79 -71423 1492.9407
9.51 265.06457 -237.49632 46726.484 -66308 5047.97 -71356 1501.3916
9.52 266.94277 -120.57553 46877.347 -66402.8 5083.74 -71486.5 1505.565
9.53 274.52977 -224.05428 46694.88 -66214.8 5228.23 -71443 1504.4896
9.54 275.31891 373.13598 46271.393 -66049.3 5243.26 -71292.6 1494.3515
9.55 265.56955 320.2534 46455.111 -66423.1 5057.59 -71480.7 1500.5122
9.56 263.5488 -322.37194 46779.425 -66545.7 5019.1 -71564.8 1510.5571
9.57 271.23554 315.01712 46593.168 -66102.1 5165.49 -71267.6 1511.3627
9.58 263.87871 191.29344 46545.679 -66645.2 5025.39 -71670.6 1512.4875
9.59 264.38387 23.919274 46734.903 -66502.1 5035.01 -71537.1 1515.4269
9.6 268.06318 -639.23116 47017.869 -66843.1 5105.08 -71948.1 1520.6727
9.61 266.6533 -430.23496 47026.718 -66662.8 5078.23 -71741 1522.3249
9.62 259.90748 -241.44884 46882.636 -66733.9 4949.76 -71683.6 1517.7877
9.63 271.04975 -392.66897 46951.605 -66616.7 5161.95 -71778.6 1520.4791
9.64 266.84836 -324.64433 46995.288 -66393.6 5081.94 -71475.5 1521.6572
9.65 258.63047 246.49765 46552.686 -66682.1 4925.44 -71607.6 1512.5488
9.66 268.4622 281.93192 46484.3 -66477.3 5112.67 -71590 1512.8584
9.67 271.9656 335.94609 46485.112 -66449 5179.39 -71628.4 1515.0059
9.68 264.07264 532.80152 46500.035 -66717 5029.08 -71746.1 1515.3236
9.69 268.46569 -426.43289 46925.67 -66179.8 5112.74 -71292.6 1525.8657
9.7 259.8183 3.0387303 46628.572 -66602.8 4948.06 -71550.9 1520.287
9.71 268.63061 689.51578 46365.351 -65982.7 5115.88 -71098.6 1520.8795
9.72 263.15689 -378.68174 46956.839 -66405.4 5011.64 -71417.1 1531.6931
9.73 262.33445 544.2166 46502.307 -66251.3 4995.98 -71247.3 1522.4876
9.74 266.14586 -58.026269 46582.936 -66392.8 5068.56 -71461.4 1523.4423
9.75 263.72013 -219.70555 46686.716 -66201.9 5022.37 -71224.3 1525.5537
9.76 265.79757 315.70474 46550.839 -66492.1 5061.93 -71554 1522.7905
9.77 279.6681 419.63462 46624.842 -66183.4 5326.08 -71509.4 1525.4605
9.78 273.2928 568.43064 46373.068 -66410.2 5204.67 -71614.8 1520.2792
9.79 263.56249 242.0436 46626.022 -66754.9 5019.36 -71774.3 1526.2998
9.8 271.07754 -174.90999 46821.567 -66386.7 5162.48 -71549.1 1533.4827
9.81 261.85111 100.56333 46684.399 -66584.7 4986.77 -71571.5 1528.3685
9.82 267.54389 136.63778 46486.522 -66399.9 5095.19 -71495.1 1523.2448
9.83 260.29951 -10.881546 46953.477 -66164.9 4957.22 -71122.2 1536.4545
9.84 268.2468 -356.84833 46798.023 -66250.5 5108.57 -71359 1539.0449
9.85 261.41914 -534.17083 46826.481 -66635.2 4978.54 -71613.7 1540.2776
9.86 268.8338 403.49646 46384 -66228.3 5119.75 -71348 1528.1446
9.87 269.63388 -66.424979 46664.413 -66330.7 5134.99 -71465.7 1536.4099
9.88 262.12627 -11.481974 46741.321 -66482.3 4992.01 -71474.4 1538.0717
9.89 266.76053 -560.02213 46951.272 -66216.2 5080.27 -71296.4 1543.6837
9.9 264.63705 55.480908 46721.088 -66097.5 5039.83 -71137.3 1537.9177
9.91 270.87055 477.90542 46374.952 -65875.3 5158.54 -71033.9 1532.3779
9.92 264.14823 -602.55539 46905.928 -66396.1 5030.52 -71426.7 1544.1352
9.93 277.86211 177.57002 46931.76 -66169.6 5291.69 -71461.3 1543.5641
9.94 261.60624 -138.32947 46705.74 -66411.5 4982.11 -71393.6 1545.6498
9.95 276.75386 -337.46127 46792.676 -66056.3 5270.58 -71326.9 1547.3094
9.96 264.30052 -258.1212 46967.185 -66501.3 5033.42 -71534.7 1552.1766
9.97 264.36374 -317.9044 46838.696 -66643.4 5034.62 -71678 1548.3896
9.98 272.97091 137.41361 46619.734 -66496.7 5198.54 -71695.2 1544.4015
