2000    271.49503   -350.72997    125525.41   -39070.093    3373.0587   -42443.151    1378.8773   0.99353592 
4000    274.03085   -365.90816    125757.92   -39051.157    3404.5637   -42455.721    1403.3851   0.99169902 
6000    272.53748   -651.88859       126336    -39067.07      3386.01    -42453.08    1436.5151   0.98716128 
8000    276.94277   -686.25298     126186.9   -39050.591    3440.7415   -42491.332    1459.3767   0.98832769 
10000     272.6397   -488.41866    126082.54    -39123.18    3387.2801    -42510.46    1485.1215   0.98914573 
12000    272.74857   -964.18018    126016.25    -39155.82    3388.6326   -42544.452     1513.772   0.98966608 
14000     270.4843   -635.90177    126274.51   -39191.787    3360.5013   -42552.288    1539.0977   0.98764192 
16000     271.9744   -566.48078    125473.09   -39174.711    3379.0144   -42553.725    1570.1617   0.99395022 
18000    269.64691   -338.44283    126057.82   -39061.031    3350.0976   -42411.128    1609.6314   0.98933972 
20000    276.85811   -660.36973    125973.48   -38978.131    3439.6897   -42417.821    1643.6573   0.99000204 
22000    278.69647   -473.28513    125484.28   -38959.441    3462.5295   -42421.971    1666.6705   0.99386157 
24000     280.2826   -283.37057    126107.33   -39002.107    3482.2356   -42484.343    1697.5104   0.98895123 
26000     273.2436   -497.48878    125687.17   -39082.046     3394.783   -42476.829    1720.3259   0.99225723 
28000     273.1747   -459.91496    125389.39    -39027.16    3393.9269   -42421.087    1737.7332   0.99461367 
30000    279.21447   -454.46893    126670.84   -38967.874    3468.9651   -42436.839     1778.682   0.98455179 
32000    275.97576   -532.91543    125882.47   -39069.934    3428.7274   -42498.661    1801.0664   0.99071777 
34000    270.97062   -495.51836    125934.95   -39124.958    3366.5434   -42491.502    1827.5544   0.99030496 
36000    271.78424   -358.84232     125968.1   -39117.445    3376.6519   -42494.097    1851.1225   0.99004433 
38000    270.93128   -322.63415    126468.54   -39178.492    3366.0546   -42544.547     1893.008   0.98612667 
40000    269.73302    -326.0104    125494.74   -39233.102    3351.1674    -42584.27    1911.6966   0.99377871 
42000    272.13526   -621.18638     125568.9    -39174.45    3381.0128   -42555.463    1937.1413   0.99319183 
44000    271.10695   -269.67443    125574.61   -39099.391    3368.2372   -42467.628    1970.3582   0.99314662 
46000     273.7481   -598.82443    125671.57   -39083.038    3401.0508   -42484.089    1996.2714   0.99238038 
48000     273.2676   -515.53415    125856.66   -39083.978    3395.0812   -42479.059    2022.0253   0.99092097 
50000    277.39143    -312.5114    125547.53   -39015.777    3446.3156   -42462.093    2047.0245   0.99336084 
52000    277.37456   -723.64643    125860.55   -39072.279    3446.1061   -42518.385    2074.1277    0.9908903 
54000    278.83504    135.06891    125354.96   -39074.658    3464.2511   -42538.909    2101.8996   0.99488686 
56000    279.60778   -248.50022    125770.38   -39045.602    3473.8516   -42519.454    2134.4617   0.99160072 
58000    273.22579   -791.09652    125760.47   -39078.165    3394.5617   -42472.727    2158.9137   0.99167891 
60000    280.74651    57.963397     125713.5   -39011.641    3487.9992   -42499.641    2184.5667   0.99204941 
62000     279.3908    -441.6335    125803.69   -39070.378    3471.1559   -42541.534    2209.4284   0.99133823 
64000    281.47755   -390.46049    125650.13   -38987.205    3497.0817   -42484.287    2239.1991   0.99254973 
66000    282.94857   -712.60829    126084.99   -39042.063    3515.3577    -42557.42    2267.7949   0.98912649 
68000    268.45003   -452.95213    125929.09   -39095.004    3335.2276   -42430.231    2289.6392   0.99035106 
70000    269.98083   -762.88317    125736.25   -39125.519    3354.2463   -42479.766    2316.8725   0.99186994 
72000    271.06458   -173.59263    125329.84   -39240.407    3367.7107   -42608.118    2337.5413   0.99508626 
74000    273.50318   -716.49664     125836.9   -39219.435    3398.0079   -42617.443     2373.915   0.99107654 
76000    273.03354   -685.05111     125704.7   -39099.642    3392.1732   -42491.815    2393.1597   0.99211885 
78000    277.03838   -418.75737    125433.31   -39031.218    3441.9293   -42473.147    2413.2597    0.9942654 
80000    274.89608   -351.16552    125639.01   -39052.616    3415.3133   -42467.929    2443.5236   0.99263757 
82000    274.38772   -267.80468    125733.69   -39075.668    3408.9975   -42484.666     2473.317   0.99189014 
84000     275.1958    -305.7214    125343.46   -39073.707    3419.0371   -42492.744    2497.2692   0.99497813 
86000    269.67673   -791.27966     125944.4   -38998.357     3350.468   -42348.825    2528.4429   0.99023066 
88000    278.23274   -711.93155    126242.74   -38991.251    3456.7681   -42448.019    2554.9029   0.98789046 
90000    279.86282   -562.67592    125847.22   -38933.298    3477.0202   -42410.318    2575.9487    0.9909953 
92000    280.65133   -403.93971    126196.84   -38995.471    3486.8168   -42482.288    2606.2665   0.98824978 
94000    275.27806   -592.04039    125861.69   -38973.512    3420.0591   -42393.571    2626.8654   0.99088137 
96000     273.9953   -370.50948    125629.11   -39001.198    3404.1221    -42405.32     2647.395   0.99271585 
98000    277.14779   -304.47679    125776.94   -39059.587    3443.2886   -42502.876    2679.2856     0.991549 
100000    274.39646   -416.36271    125538.31   -39133.642     3409.106   -42542.748    2705.3558   0.99343381 
102000    271.16965   -144.67318     125616.8   -39153.844    3369.0162   -42522.861    2725.8648   0.99281307 
104000    275.82563   -210.86464    125759.39   -39028.735    3426.8621   -42455.597    2755.0648   0.99168739 
106000    274.14575   -383.22562    125486.08   -39147.849    3405.9913    -42553.84    2770.9927   0.99384729 
108000    269.64239   -856.39503    126127.68    -39149.92    3350.0415   -42499.962    2811.3943   0.98879173 
110000    272.20629   -251.59854    126145.03   -39124.141    3381.8954   -42506.036    2834.0825   0.98865574 
112000    272.88724   -579.03184    125969.66   -39246.877    3390.3555   -42637.233    2860.0689    0.9900321 
114000    268.61439   -429.94406    125706.03   -39242.359    3337.2695   -42579.629    2886.4314   0.99210835 
116000    271.34949   -248.51454    125930.43   -39075.846    3371.2505   -42447.097     2912.239   0.99034049 
118000    267.07489   -294.27654    125636.85   -39050.629    3318.1427   -42368.772    2943.7121   0.99265462 
120000    267.64585   -410.66068    125769.84   -39180.388    3325.2364   -42505.624    2978.3298   0.99160504 
122000    277.93131   -466.56412    125598.82   -39138.112    3453.0231   -42591.135    3001.8243   0.99295519 
124000    269.15108   -521.17292    125914.99   -39149.288    3343.9374   -42493.226     3030.526   0.99046196 
126000    270.26571   -579.54992     125677.7   -39166.153    3357.7856   -42523.939    3055.3439   0.99233197 
128000    274.75231    -671.1444    126065.52    -39205.81    3413.5272   -42619.337    3091.7904   0.98927922 
130000    278.37943   -699.04062    125393.36   -39088.791    3458.5905   -42547.382    3105.0542   0.99458218 
132000    273.30997   -375.43789    125897.05   -39025.145    3395.6075   -42420.753    3140.4502   0.99060304 
134000    277.62624   -101.34396    125582.83   -39005.791     3449.233   -42455.024    3162.5975   0.99308167 
136000    278.70303   -539.79764     125795.9   -38978.344     3462.611   -42440.955    3195.5162   0.99139956 
138000    276.83926   -574.16028    125632.32   -38944.717    3439.4555   -42384.172    3224.2538   0.99269042 
140000     282.2682   -664.70347    126069.68   -38918.231    3506.9047   -42425.136    3246.9021   0.98924658 
142000    274.92745   -444.45448     125770.6    -39084.67    3415.7031   -42500.373      3261.12     0.991599 
144000    268.00727   -119.13772     125716.1   -39155.454    3329.7266    -42485.18    3289.3935   0.99202892 
146000    276.37155   -218.45815    125928.72   -39102.579    3433.6447   -42536.223    3318.2887    0.9903539 
148000    277.29527   -514.50418    125856.91   -39137.223    3445.1209   -42582.344    3349.6528   0.99091896 
150000     277.8046   -225.86351    125738.18   -39222.263    3451.4489   -42673.712    3375.6138   0.99185469 
152000    272.63042   -715.16291    126014.19   -39114.029    3387.1648   -42501.193    3409.6263   0.98968225 
154000    278.94261   -680.61588    125747.02   -38988.561    3465.5875   -42454.148    3427.3801   0.99178495 
156000    275.02805   -133.61515    125845.22   -38988.474     3416.953   -42405.427    3463.9214   0.99101104 
158000    272.71832   -506.88965    125663.68   -38995.079    3388.2569   -42383.336    3493.0228   0.99244273 
160000    272.86573   -949.91659    126100.33   -39037.811    3390.0883   -42427.899     3534.922   0.98900617 
162000    269.61925   -555.78312    126150.83   -39115.886     3349.754    -42465.64    3569.7272   0.98861025 
164000    275.76578   -104.98478    125500.67   -38920.253    3426.1186   -42346.372    3583.3789   0.99373174 
166000    272.48485   -676.91249    125648.42   -39052.533    3385.3563   -42437.889    3607.8778   0.99256328 
168000    273.82647   -649.72817    125759.85   -39056.663    3402.0245   -42458.687      3642.54   0.99168382 
170000    279.02195   -491.44572    125690.53   -38941.966    3466.5733    -42408.54    3667.3456    0.9922307 
172000    279.61412   -312.12943    125312.89   -38972.668    3473.9303   -42446.598    3690.1619    0.9952209 
174000    274.07849    -612.5962    125628.35   -38929.243    3405.1556   -42334.398    3720.3842   0.99272184 
176000    277.20503   -541.82371     125969.7   -39057.221    3443.9998   -42501.221    3760.3857    0.9900318 
178000    276.70779   -228.83157    125386.51   -39084.044    3437.8221   -42521.866     3788.049   0.99463654 
180000    274.31955   -364.49875    125678.58   -38975.865    3408.1506   -42384.015    3823.9888   0.99232505 
182000    275.47303   -343.97541    125490.21   -39104.965    3422.4814   -42527.446    3847.6296    0.9938146 
184000    272.94706   -670.72689    125757.34   -39169.637    3391.0987   -42560.735    3881.9074   0.99170357 
186000    272.21331   -515.05255    125811.16   -39106.798    3381.9826   -42488.781    3907.4771   0.99127934 
188000    269.81108   -297.16212    125671.82   -39108.236    3352.1372   -42460.374    3945.6845   0.99237844 
190000    271.58338   -878.17481    126064.91   -39118.021    3374.1563   -42492.177    3979.2029   0.98928401 
192000     275.1886   -361.58451    125588.75   -39175.628    3418.9477   -42594.576    4004.3902   0.99303486 
194000    278.94785   -539.71547    125860.15   -39051.326    3465.6526   -42516.978    4028.2556   0.99089349 
196000    276.82473   -605.70492    125978.25   -39070.653     3439.275   -42509.928    4064.7264   0.98996453 
198000    270.91327   -539.16533    126089.19    -38961.87    3365.8309   -42327.701    4090.8645   0.98909354 
