0 269.54789 355.46898 21715.724 -29856.6 2417.08 -32273.7 6.6670344
0.01 281.98233 -711.31216 22000.911 -29739 2528.58 -32267.5 15.528895
0.02 278.0749 -41.257413 21805.562 -29927.3 2493.54 -32420.8 22.850564
0.03 273.00169 134.83216 21841.114 -29817.6 2448.05 -32265.7 32.112358
0.04 259.78473 68.914488 21884.112 -30210.8 2329.53 -32540.3 37.735679
0.05 276.40522 -466.92029 21923.144 -30128.5 2478.57 -32607 45.376269
0.06 261.51261 -523.71365 21916.783 -30280.4 2345.03 -32625.4 53.469283
0.07 271.34992 354.20416 21838.755 -30481 2433.24 -32914.2 58.932633
0.08 261.12788 383.50773 21854.596 -30695.3 2341.58 -33036.9 63.465841
0.09 276.58514 10.477466 21850.86 -30821.4 2480.18 -33301.6 65.750972
0.1 279.94285 659.44599 21884.056 -30743.7 2510.29 -33254 67.875854
0.11 269.27482 241.8129 21892.445 -31066.9 2414.63 -33481.5 70.45153
0.12 267.85243 55.213727 22003.288 -31130.4 2401.88 -33532.3 74.590741
0.13 267.74358 -78.059268 21967.504 -31612.8 2400.9 -34013.7 75.295855
0.14 261.26262 347.73144 21872.616 -32129.4 2342.78 -34472.2 74.512652
0.15 282.31586 -105.99312 22028.991 -31905.2 2531.57 -34436.8 74.636251
0.16 275.99931 -294.20052 22080.821 -32178.7 2474.93 -34653.6 74.67724
0.17 257.40865 -279.87312 22065.872 -32056.7 2308.22 -34365 74.595325
0.18 264.60544 -906.3935 22218.48 -32229.9 2372.76 -34602.7 75.125497
0.19 271.04365 -226.29734 22083.501 -32100.3 2430.49 -34530.8 74.780883
0.2 268.8425 -236.56897 22061.541 -32127.9 2410.75 -34538.6 74.789825
0.21 265.86551 -89.538346 22007.754 -32236.3 2384.06 -34620.4 74.78474
0.22 273.72357 15.178381 21979.82 -32016.1 2454.52 -34470.6 74.58781
0.23 272.28156 175.02906 21925.52 -32271.5 2441.59 -34713.1 74.308086
0.24 264.39795 318.35772 21880.868 -32077.2 2370.9 -34448.1 74.38641
0.25 263.90147 203.93136 21929.4 -32142.3 2366.45 -34508.8 74.340336
0.26 269.93624 14.58274 21950.477 -32184.3 2420.56 -34604.9 74.300498
0.27 269.65937 -96.394446 22038.748 -32027.1 2418.08 -34445.2 74.855404
0.28 258.67278 -580.8559 22127.134 -32233.5 2319.56 -34553 75.313738
0.29 262.46084 -116.4396 22034.706 -32107 2353.53 -34460.6 75.078873
0.3 267.55898 -57.288343 21980.51 -31920.5 2399.24 -34319.8 74.977284
0.31 258.44128 -77.887355 21989.545 -32118.2 2317.48 -34435.7 74.553583
0.32 271.54829 257.6316 21892.265 -31951 2435.02 -34386 74.291306
0.33 271.3955 368.3411 21900.374 -32160 2433.65 -34593.6 74.140501
0.34 267.83604 674.04368 21781.551 -32057 2401.73 -34458.7 73.882764
0.35 263.70776 110.28553 21931.212 -32123.1 2364.71 -34487.8 74.409949
0.36 274.04422 585.81148 21844.13 -32025.6 2457.4 -34483 74.596434
0.37 270.5987 194.17948 21965.023 -31864.5 2426.5 -34291 74.875823
0.38 274.43732 238.08385 21916.191 -32184.7 2460.92 -34645.7 74.915938
0.39 270.79228 623.14876 21831.807 -32211.3 2428.24 -34639.5 74.194984
0.4 281.67856 94.75651 22030.015 -31835.9 2525.86 -34361.7 74.683238
0.41 266.29697 -344.54331 22085.919 -32103.2 2387.93 -34491.1 74.898617
0.42 269.75393 2.1932753 21993.423 -32074.4 2418.93 -34493.3 74.786606
0.43 251.72503 353.12152 21873.294 -32286.3 2257.26 -34543.5 74.63596
0.44 272.99355 284.28257 21933.118 -32006.8 2447.98 -34454.8 74.469439
0.45 270.73279 30.941238 21974.002 -32106 2427.7 -34533.7 74.474212
0.46 269.84661 249.35832 21907.401 -32093.8 2419.76 -34513.5 74.284209
0.47 282.56944 110.5089 21941.213 -31973.6 2533.85 -34507.5 74.035224
0.48 265.6586 468.54145 21884.14 -32228.3 2382.2 -34610.5 74.132531
0.49 265.79443 -110.91798 22029.394 -32044.9 2383.42 -34428.3 74.528993
0.5 270.65417 -570.54606 22160.604 -32001 2427 -34428 75.334406
0.51 263.78852 73.122466 21950.292 -32272.6 2365.43 -34638.1 74.619096
0.52 274.16101 328.1092 21897.829 -31989.8 2458.45 -34448.3 74.518238
0.53 257.32752 622.25727 21790.197 -32336.4 2307.5 -34643.9 74.553593
0.54 267.14922 17.540754 21978.652 -32128.8 2395.57 -34524.4 74.857072
0.55 280.57223 832.17861 21823.538 -31832.6 2515.94 -34348.6 74.162826
0.56 272.85289 294.06114 21904.077 -32154.9 2446.72 -34601.6 74.297145
0.57 277.14358 58.532264 21995.771 -31904.3 2485.19 -34389.5 74.655805
0.58 263.94687 -127.50147 21993.474 -32209.3 2366.85 -34576.1 74.622295
0.59 268.8852 -221.61584 22076.194 -31975 2411.14 -34386.2 74.562133
0.6 269.13242 -529.6519 22159.464 -32108.3 2413.35 -34521.7 74.649279
0.61 263.2019 -358.65591 22049.397 -32047.2 2360.17 -34407.4 74.776825
0.62 263.66192 -18.904023 21992.472 -32194.2 2364.3 -34558.5 74.839034
0.63 270.23858 -141.06305 22037.376 -32139.4 2423.27 -34562.7 74.907475
0.64 259.13753 -153.48528 22035.44 -32157.2 2323.73 -34481 74.870727
0.65 288.23449 -225.65599 22071.366 -31811.1 2584.64 -34395.8 75.004547
0.66 280.31423 -244.57762 22064.349 -32107.2 2513.62 -34620.8 75.139904
0.67 272.21287 -602.00257 22173.506 -32021.1 2440.98 -34462.1 74.923392
0.68 270.69355 -251.08695 22080.796 -32269.3 2427.35 -34696.7 74.496227
0.69 280.53421 -74.954148 22017.16 -31991.1 2515.59 -34506.7 74.175101
0.7 267.21745 -544.24909 22116.165 -32071.8 2396.18 -34467.9 74.593281
0.71 267.26697 -48.453352 21989.861 -32159.9 2396.63 -34556.6 74.211067
0.72 266.94555 -162.02351 22051.479 -32131.4 2393.74 -34525.1 74.336345
0.73 275.43683 37.198831 21965.237 -32047.6 2469.89 -34517.5 74.853892
0.74 270.74445 20.943068 21970.035 -32113 2427.81 -34540.8 74.65459
0.75 276.78052 147.9727 21911.965 -31980.4 2481.93 -34462.3 74.720514
0.76 281.89318 135.463 21975.549 -32060.5 2527.78 -34588.3 74.546095
0.77 265.26158 -85.786283 22035.497 -32134.4 2378.64 -34513 74.579205
0.78 258.93738 -384.40393 22112.583 -32072.2 2321.93 -34394.2 74.83772
0.79 271.30465 -173.39646 22045.395 -32117.8 2432.83 -34550.6 74.772699
0.8 279.24991 -236.76896 22092.291 -32060.4 2504.08 -34564.5 74.541687
0.81 258.97421 -729.43898 22156.425 -32218.4 2322.26 -34540.7 74.760015
0.82 257.50095 -542.74348 22149.361 -32161.7 2309.05 -34470.7 74.850378
0.83 270.5686 -255.69517 22081.723 -31958.6 2426.23 -34384.9 74.958317
0.84 263.42254 154.12467 21941.196 -32101.4 2362.15 -34463.5 74.966221
0.85 268.87929 -4.6864775 22001.645 -32050.1 2411.08 -34461.2 74.864168
0.86 253.68402 349.95875 21863.169 -32128.4 2274.82 -34403.2 74.639378
0.87 277.69247 24.7715 21981.81 -31980.4 2490.11 -34470.5 74.726919
0.88 267.67941 -148.52083 22040.697 -32025.9 2400.32 -34426.2 74.830747
0.89 272.00001 -244.23195 22070.898 -32083.5 2439.07 -34522.6 74.69822
0.9 256.08311 -307.34798 22069.596 -32194.4 2296.34 -34490.7 74.608172
0.91 287.92764 -112.87894 22070.379 -31808.9 2581.89 -34390.8 74.65762
0.92 267.75613 -415.8857 22146.123 -32210.2 2401.01 -34611.3 74.869503
0.93 266.57666 -837.66749 22212.875 -32095.3 2390.44 -34485.8 75.187265
0.94 269.62761 -405.81489 22121.471 -32094 2417.79 -34511.7 74.698306
0.95 269.23347 -136.20667 22021.405 -32245.3 2414.26 -34659.5 74.563483
0.96 285.30714 -461.41867 22149.919 -32013 2558.39 -34571.4 75.058096
0.97 271.24039 -65.524336 22041.078 -31886 2432.26 -34318.2 75.042095
0.98 258.23548 -484.3166 22173.314 -32189 2315.64 -34504.6 75.290979
0.99 279.39567 -233.62637 22062.481 -32068.4 2505.39 -34573.8 74.859423
1 260.17177 -562.0321 22116.458 -32309.5 2333 -34642.5 75.05101
1.01 267.38552 1.973851 21987.535 -32024.4 2397.69 -34422.1 74.824095
1.02 254.81454 441.1088 21842.844 -32198 2284.96 -34482.9 74.501833
1.03 273.38879 164.20151 21928.948 -32095.6 2451.52 -34547.1 74.281392
1.04 269.55172 -20.64124 21988.162 -32237.7 2417.11 -34654.8 74.695245
1.05 275.95324 -175.35474 22035.516 -32058.9 2474.52 -34533.4 74.866751
1.06 269.34072 -188.05758 22040.743 -32099.4 2415.22 -34514.6 74.896857
1.07 277.14519 -518.08291 22141.023 -31966.5 2485.2 -34451.7 74.984203
1.08 266.925 -606.77054 22128.061 -32113.5 2393.56 -34507 74.811134
1.09 261.45599 73.434557 21959.455 -32059.9 2344.52 -34404.4 74.526649
1.1 255.56511 30.078524 21970.833 -32184.9 2291.69 -34476.6 74.931418
1.11 270.53233 100.54032 21971.1 -32029 2425.91 -34454.9 74.574797
1.12 273.84008 -52.18116 22015.327 -32099.8 2455.57 -34555.4 74.652405
1.13 258.49131 -127.50762 22011.902 -32231.6 2317.93 -34549.5 74.761302
1.14 262.36735 -10.986958 21966.977 -32094.9 2352.69 -34447.6 74.690751
1.15 276.35464 24.068196 21981.329 -32017.3 2478.12 -34495.4 74.637415
1.16 253.20725 240.37585 21927.242 -32306.3 2270.55 -34576.9 74.213971
1.17 274.43444 473.8366 21846.166 -32062.5 2460.9 -34523.4 74.210723
1.18 256.54011 19.693558 21976.169 -32197.7 2300.44 -34498.1 74.301999
1.19 259.68158 -97.143276 22003.959 -32162.8 2328.61 -34491.5 74.54847
1.2 265.27166 -377.9137 22089.753 -32208.5 2378.73 -34587.3 74.829662
1.21 276.42071 -310.59252 22090.004 -31968.4 2478.71 -34447.1 74.824644
1.22 262.05734 -241.47053 22035.538 -32121.7 2349.91 -34471.6 75.201349
1.23 273.9594 -233.04015 22096.208 -32040.8 2456.64 -34497.4 74.808096
1.24 272.34738 -345.78917 22076.297 -32200.8 2442.18 -34643 74.691725
1.25 272.38004 -452.31714 22128.06 -31991.4 2442.48 -34433.8 74.745359
1.26 262.06007 -64.072194 22028.408 -32100.6 2349.93 -34450.5 74.553812
1.27 274.54516 142.84802 21957.051 -32118.1 2461.89 -34580 74.413762
1.28 263.89655 297.55401 21865.173 -32212.9 2366.4 -34579.3 74.235038
1.29 268.08075 222.77277 21939.73 -32160 2403.92 -34564 74.403775
1.3 276.12203 375.33659 21899.772 -31961.5 2476.03 -34437.5 74.413642
1.31 274.43056 1105.0477 21685.293 -32171.6 2460.86 -34632.4 73.942147
1.32 268.7783 681.32109 21815.724 -32025.7 2410.18 -34435.9 74.237479
1.33 267.63823 97.148205 21977.214 -32094.7 2399.95 -34494.6 74.586177
1.34 261.94874 -149.95079 22060.394 -32118.8 2348.94 -34467.7 74.875557
1.35 268.70867 127.30741 21966.61 -32173.9 2409.55 -34583.5 74.487309
1.36 279.23663 -117.26634 21988.456 -32060.8 2503.96 -34564.8 74.65032
1.37 269.37712 53.702781 21975.86 -32287.2 2415.55 -34702.7 74.903726
1.38 262.897 -133.37573 22004.599 -32072.7 2357.44 -34430.1 74.820131
1.39 265.65444 -498.8073 22098.876 -32134.9 2382.17 -34517.1 74.855724
1.4 261.64304 -240.59323 22052.289 -32205.4 2346.19 -34551.6 74.557698
1.41 274.46687 -594.83704 22182.741 -32037.8 2461.19 -34499 74.769383
1.42 258.59389 -301.97106 22074.206 -32126.6 2318.85 -34445.5 74.635005
1.43 261.91778 -81.963183 22030.006 -32216.8 2348.66 -34565.5 74.672687
1.44 267.70334 -36.549795 22000.346 -31999.7 2400.54 -34400.2 74.775883
1.45 260.69095 264.32375 21931.525 -32224.3 2337.66 -34562 74.979179
1.46 285.11524 232.48349 21947.419 -31814.5 2556.67 -34371.2 75.102688
1.47 263.62089 742.77158 21766.921 -32196.7 2363.93 -34560.7 74.282031
1.48 268.69019 274.62382 21945.945 -31980.7 2409.39 -34390.1 74.611806
1.49 266.33312 214.29329 21908.047 -32138.5 2388.25 -34526.7 74.398213
1.5 273.86861 398.02599 21889.627 -31957.3 2455.82 -34413.2 74.116591
1.51 252.56029 -170.45431 22044.015 -32229.2 2264.75 -34493.9 74.339431
1.52 276.69281 -353.31411 22097.219 -31964.9 2481.15 -34446 74.763279
1.53 257.63231 -437.00544 22084.6 -32208.6 2310.23 -34518.9 74.866867
1.54 278.79358 -396.08208 22109.637 -31954.3 2499.99 -34454.3 75.138002
1.55 270.74934 -52.687372 21985.242 -32146.4 2427.85 -34574.3 74.508278
1.56 261.35484 -263.92191 22050.642 -32214.6 2343.61 -34558.2 74.304299
1.57 270.39187 -137.07604 22037.211 -32054.8 2424.65 -34479.5 74.663688
1.58 265.68024 -539.11211 22126.285 -32112.2 2382.4 -34494.6 75.075972
1.59 257.67113 -241.94208 22019.727 -32169.7 2310.58 -34480.3 74.682003
1.6 258.5008 182.65446 21935.27 -32239.2 2318.02 -34557.2 74.62059
1.61 275.6846 165.98677 21933.687 -32057.6 2472.11 -34529.7 74.392882
1.62 248.47495 300.32799 21888.163 -32168.2 2228.11 -34396.3 74.568575
1.63 273.06788 -122.47463 22012.388 -32144.9 2448.64 -34593.6 74.698987
1.64 278.33082 -80.508891 22050.532 -31947.6 2495.84 -34443.4 74.833306
1.65 261.56109 -311.83569 22058.846 -32125.5 2345.46 -34471 74.884752
1.66 273.84052 -799.93079 22207.302 -31944.5 2455.57 -34400.1 74.95271
1.67 260.95868 -651.03793 22165.189 -32109.2 2340.06 -34449.2 74.990016
1.68 266.06955 -196.28952 22070.796 -32055.1 2385.89 -34441 74.772657
1.69 273.10696 -571.55133 22180.479 -31843.8 2448.99 -34292.8 74.974253
1.7 263.98434 -76.083277 22033.057 -32133 2367.19 -34500.2 74.811592
1.71 286.68863 217.0479 21943.478 -31863.2 2570.78 -34434 74.789015
1.72 276.51571 240.42397 21891.362 -32044 2479.56 -34523.5 74.566779
1.73 269.14154 393.93484 21887.349 -32006.7 2413.43 -34420.2 74.518057
1.74 266.19211 982.69886 21696.96 -32077.8 2386.99 -34464.8 73.867837
1.75 271.94743 445.11653 21899.194 -32118.7 2438.6 -34557.3 74.483814
1.76 284.12625 671.76031 21867.237 -31843.1 2547.81 -34390.9 74.405368
1.77 273.88105 716.73837 21785.783 -32170.7 2455.93 -34626.6 74.156295
1.78 270.85733 152.55819 21955.05 -31983.1 2428.82 -34411.9 74.814176
1.79 258.42464 469.84112 21858.695 -32232.5 2317.33 -34549.8 74.587818
1.8 280.24892 280.80437 21944.548 -31989.9 2513.04 -34502.9 74.700607
1.81 263.10992 0.6014585 21976.82 -32213.6 2359.35 -34572.9 74.887873
1.82 268.21569 -661.03154 22179.756 -32062.5 2405.13 -34467.6 75.092332
1.83 276.8197 -62.826125 22033.397 -32086.2 2482.29 -34568.5 74.944201
1.84 277.7132 -234.65016 22092.664 -31955.1 2490.3 -34445.4 74.700332
1.85 267.393 180.88285 21961.122 -32169.2 2397.76 -34567 74.487103
1.86 278.62317 35.424581 21991.907 -31980.2 2498.46 -34478.7 74.327828
1.87 261.45805 251.87435 21934.516 -32055.7 2344.54 -34400.2 74.024061
1.88 265.7093 478.24357 21850.818 -32132.8 2382.66 -34515.4 74.137674
1.89 272.10417 291.2694 21891.257 -32163.9 2440 -34603.9 74.118633
1.9 268.902 23.274845 21985.548 -32146 2411.29 -34557.3 74.755232
1.91 280.05933 -226.52211 22057.033 -32104.7 2511.34 -34616 74.950042
1.92 292.25296 85.827366 22041.122 -31708.7 2620.68 -34329.4 74.806545
1.93 265.88125 92.406948 21982.253 -32099.8 2384.2 -34484 74.81003
1.94 260.32577 132.86614 21974.47 -32145.2 2334.38 -34479.6 74.850083
1.95 287.0158 -22.48845 22064.701 -31709.5 2573.72 -34283.2 74.73792
1.96 270.25028 -210.25041 22030.224 -32140.4 2423.38 -34563.8 74.713656
1.97 280.25497 -91.459456 22049.267 -31952.7 2513.09 -34465.8 74.513249
1.98 253.9321 -177.59219 22026.729 -32223.3 2277.05 -34500.3 74.489145
1.99 272.74301 -543.46418 22134.046 -32093.8 2445.73 -34539.5 74.77934
2 250.64329 -425.16707 22105.167 -32269.9 2247.56 -34517.5 74.763417
2.01 270.1723 -91.912321 22004.389 -32075.1 2422.68 -34497.7 74.684646
2.02 261.71135 352.32257 21877.394 -32205.6 2346.81 -34552.4 74.141322
2.03 266.13698 113.7047 21947.257 -32236.5 2386.49 -34623 74.478609
2.04 264.74079 461.84793 21840.827 -32039 2373.97 -34413 74.223178
2.05 274.39249 914.69308 21744.465 -31980.4 2460.52 -34440.9 74.067442
2.06 275.07632 324.71615 21948.423 -31936.1 2466.65 -34402.7 74.6423
2.07 265.74785 60.117067 21969.296 -32132.4 2383 -34515.4 74.666568
2.08 276.6449 83.536845 21999.3 -31867.9 2480.72 -34348.6 75.110638
2.09 258.18714 -12.411509 22020.059 -32087.7 2315.21 -34402.9 75.084275
2.1 251.67713 -189.82765 22010.695 -32247.5 2256.83 -34504.3 75.153548
2.11 263.46725 -351.65937 22129.659 -32062.8 2362.55 -34425.3 75.158406
2.12 267.76258 -387.54358 22115.329 -32002.1 2401.07 -34403.2 74.8063
2.13 257.74387 77.766707 21938.718 -32336.8 2311.23 -34648 74.591931
2.14 266.55163 177.97352 21934.614 -32001.2 2390.21 -34391.4 74.498126
2.15 267.07109 507.73383 21842.875 -32151.5 2394.87 -34546.3 74.444273
2.16 274.40036 333.28043 21927.492 -31955.6 2460.59 -34416.2 74.069274
2.17 273.53344 414.63191 21887.855 -32075.2 2452.82 -34528 74.266738
2.18 286.54504 650.36192 21800.488 -31984.2 2569.49 -34553.7 74.184869
2.19 275.8575 1.4629272 21972.277 -32083.8 2473.66 -34557.4 74.322601
2.2 263.47589 -142.01609 22009.522 -32215.6 2362.63 -34578.2 74.64907
2.21 270.99394 -381.62347 22089.359 -32227.4 2430.05 -34657.5 74.81361
2.22 267.2086 -989.2425 22257.432 -32081.2 2396.1 -34477.3 75.410729
2.23 251.27912 -283.43503 22078.29 -32225.2 2253.26 -34478.5 75.129702
2.24 271.97202 -168.64514 22041.9 -31980.3 2438.82 -34419.1 74.957258
2.25 271.85425 14.283398 22010.995 -32103.7 2437.76 -34541.5 74.960264
2.26 275.66624 199.94902 21984.309 -31820.7 2471.94 -34292.7 74.569905
2.27 265.6278 310.66626 21911.003 -32139.8 2381.93 -34521.7 74.154045
2.28 278.66232 524.81856 21868.791 -31917.6 2498.81 -34416.4 74.467966
2.29 274.13653 103.57051 21977.925 -32059.1 2458.23 -34517.3 74.557264
2.3 257.386 -642.96007 22143.508 -32212.2 2308.02 -34520.2 74.891696
2.31 267.49253 -460.4763 22139.812 -32093.1 2398.65 -34491.7 74.784079
2.32 256.88219 -314.72353 22059.646 -32178.6 2303.5 -34482.1 74.708784
2.33 269.49913 -91.660633 22024.57 -31994 2416.64 -34410.6 74.73307
2.34 272.9866 -179.81236 22054.964 -32047.5 2447.91 -34495.4 74.671938
2.35 245.13783 -217.00364 22042.806 -32311.3 2198.19 -34509.5 75.039967
2.36 263.45438 -835.39683 22216.992 -32072 2362.44 -34434.4 75.363552
2.37 266.12224 -163.79524 22085.6 -32140.6 2386.36 -34526.9 74.795448
2.38 280.0725 135.85742 22006.605 -31870.8 2511.45 -34382.3 74.810792
2.39 271.88252 397.3863 21866.623 -32175.4 2438.01 -34613.4 74.388464
2.4 275.31687 311.0175 21936.679 -31941.7 2468.81 -34410.5 74.44978
2.41 255.61136 -77.644022 21988.559 -32110.5 2292.11 -34402.6 74.830552
2.42 266.25606 276.51008 21900.323 -32140.8 2387.56 -34528.4 74.151121
2.43 267.40942 600.82449 21854.346 -32081.6 2397.9 -34479.5 74.565989
2.44 253.88753 403.08154 21872.144 -32219.1 2276.65 -34495.8 74.3505
2.45 266.9149 333.87355 21899.593 -32179.1 2393.47 -34572.6 74.405298
2.46 266.41981 -103.72039 21982.439 -32073.1 2389.03 -34462.1 74.451426
2.47 266.20444 -91.513629 22015.817 -32150.8 2387.1 -34537.9 74.541094
2.48 265.47589 -500.4813 22126.411 -32038.9 2380.56 -34419.4 74.893021
2.49 257.12546 -233.85246 22009.209 -32288.6 2305.68 -34594.3 74.935674
2.5 276.06227 -598.25407 22158.123 -32099.2 2475.49 -34574.7 74.83022
2.51 268.51914 -303.231 22093.819 -31872.1 2407.85 -34280 75.148459
2.52 266.20119 -499.7533 22158.643 -32151.2 2387.07 -34538.3 74.890735
2.53 267.82896 -304.00183 22053.853 -32032.9 2401.66 -34434.6 74.86097
2.54 267.71088 -9.7065324 21993.727 -32120.3 2400.61 -34520.9 74.887007
2.55 275.21355 95.630423 21953.122 -32160.9 2467.88 -34628.8 74.564741
2.56 277.34246 425.94623 21875.24 -31879.1 2486.97 -34366.1 74.367233
2.57 266.20904 395.80987 21859.902 -32025.4 2387.14 -34412.5 74.298918
2.58 266.40293 251.83729 21923.889 -32127.1 2388.88 -34516 74.636018
2.59 273.87784 586.36927 21814.134 -32062.5 2455.91 -34518.4 74.514093
2.6 270.71979 385.99375 21876.948 -32019.7 2427.59 -34447.3 74.521767
2.61 271.64687 133.46714 21969.374 -32118 2435.9 -34553.9 74.694645
2.62 281.31148 4.4003129 22023.219 -31892.2 2522.56 -34414.7 74.715745
2.63 259.73544 -483.70386 22148.171 -32185.2 2329.09 -34514.3 75.01418
2.64 267.35137 -130.08269 22073.229 -32140.1 2397.38 -34537.5 74.815655
2.65 262.46773 -410.53223 22053.743 -32179.5 2353.59 -34533 74.860096
2.66 266.24552 -557.47125 22107.969 -32008 2387.47 -34395.5 74.625416
2.67 262.22638 245.91664 21934.249 -32156.1 2351.43 -34507.6 74.391684
2.68 271.55342 88.620496 21941.834 -32064.6 2435.06 -34499.6 74.455818
2.69 273.77526 125.56677 21927.027 -31997.3 2454.99 -34452.3 74.783051
2.7 273.85289 813.54357 21742.156 -32148.4 2455.68 -34604.1 74.10017
2.71 272.20899 375.69783 21880.495 -32015.5 2440.94 -34456.5 74.616514
2.72 271.83079 374.76129 21900.665 -32002.6 2437.55 -34440.2 74.630824
2.73 267.21618 63.311791 21945.164 -32205.5 2396.17 -34601.6 74.555503
2.74 261.06828 -78.15925 22021.702 -32056 2341.04 -34397 74.50679
2.75 272.67616 -167.9759 22045.611 -32098.6 2445.13 -34543.7 74.296578
2.76 267.14614 -428.8999 22106.556 -32056.5 2395.54 -34452.1 74.868878
2.77 272.94561 -765.48126 22237.864 -31927.6 2447.55 -34375.1 74.853262
2.78 260.18622 -190.17009 22015.347 -32218.5 2333.13 -34551.6 74.552854
2.79 279.9033 -383.50581 22117.704 -31951.6 2509.94 -34461.6 75.119054
2.8 269.04714 -193.7247 22069.907 -32017 2412.59 -34429.6 74.964355
2.81 263.14762 -0.53520319 21959.296 -32218 2359.69 -34577.7 74.6929
2.82 280.25434 741.17485 21827.579 -31795.8 2513.09 -34308.9 74.394761
2.83 265.70605 286.49285 21924.85 -32143 2382.63 -34525.6 74.387571
2.84 280.91682 -42.26849 22013.002 -31893.4 2519.03 -34412.4 74.250905
2.85 277.17105 -154.17363 22063.464 -32016 2485.44 -34501.5 74.790959
2.86 264.1658 -242.21843 22040.751 -32288 2368.82 -34656.8 74.652074
2.87 271.49753 -533.02649 22155.012 -32071.1 2434.56 -34505.7 74.901012
2.88 261.02991 -192.98705 22008.185 -32334.9 2340.7 -34675.6 74.549308
2.89 272.6038 -294.80302 22075.659 -32131 2444.48 -34575.4 75.187293
2.9 285.9644 -754.88721 22261.312 -31812.8 2564.29 -34377.1 75.541703
2.91 255.74353 -278.86182 22043.975 -32205.6 2293.29 -34498.9 74.67501
2.92 269.79203 68.948977 21985.703 -32133.6 2419.27 -34552.9 74.34016
2.93 269.5009 123.37769 21937.036 -31978.9 2416.66 -34395.5 74.276718
2.94 271.3967 702.53483 21786.351 -32114.9 2433.66 -34548.6 73.955899
2.95 276.88274 461.32615 21874.393 -32003.7 2482.85 -34486.5 74.430613
2.96 259.37899 564.55333 21828.578 -32239.4 2325.89 -34565.3 74.186272
2.97 284.72358 495.58879 21882.282 -32071.1 2553.16 -34624.3 74.235537
2.98 275.53863 92.146211 21959.241 -32062.8 2470.8 -34533.6 74.902541
2.99 281.88245 207.87161 21965.126 -31884.3 2527.68 -34412 74.793261
3 273.73523 616.62421 21826.984 -32134.5 2454.63 -34589.2 74.641994
3.01 293.46128 217.5756 21984.318 -31707.7 2631.51 -34339.2 74.914188
3.02 274.77791 -108.93003 21988.315 -32097.3 2463.98 -34561.3 74.81875
3.03 266.7542 -416.67982 22117.507 -32092.2 2392.03 -34484.2 74.797134
3.04 259.29264 -793.50964 22198.495 -32208.9 2325.12 -34534 74.976921
3.05 256.58891 -604.25477 22125.91 -32153.9 2300.87 -34454.8 74.942624
3.06 275.64095 -326.24532 22113.708 -31741.2 2471.72 -34212.9 74.723473
3.07 272.04839 -8.3205629 21990.328 -32170.1 2439.5 -34609.6 74.514499
3.08 282.0577 340.47667 21935.932 -32036.3 2529.26 -34565.5 74.439213
3.09 255.53486 926.37806 21736.551 -32274.1 2291.42 -34565.5 74.005774
3.1 263.03315 376.90156 21920.366 -31973.7 2358.66 -34332.4 74.569126
3.11 267.00444 433.67717 21845.679 -32219 2394.27 -34613.3 74.491993
3.12 265.82503 111.11432 21964.563 -32097.7 2383.7 -34481.3 74.684395
3.13 289.29297 605.22433 21846.971 -31856.3 2594.14 -34450.4 74.745718
3.14 267.17263 968.38576 21723.836 -32102.8 2395.78 -34498.6 74.355842
3.15 283.55892 172.56658 21993.29 -31836 2542.72 -34378.7 74.651855
3.16 262.87408 -156.85771 22060.417 -32159.5 2357.23 -34516.7 74.605554
3.17 250.92614 -312.16599 22077.537 -32188 2250.09 -34438.1 74.676014
3.18 282.25865 -421.54889 22102.669 -32127.5 2531.06 -34658.6 74.516271
3.19 269.88474 -42.93838 22022.45 -32100.9 2420.1 -34521 74.801034
3.2 275.04416 27.501626 22000.475 -32150.8 2466.36 -34617.2 74.557421
3.21 281.73214 -455.58763 22154.937 -31911.2 2526.34 -34437.5 74.978967
3.22 263.64548 -150.78673 22053.409 -32130.7 2364.15 -34494.9 74.934517
3.23 275.43415 15.386327 21988.775 -31972.2 2469.86 -34442.1 74.611916
3.24 282.83791 195.11621 21966.648 -31988.3 2536.25 -34524.6 74.577607
3.25 268.55955 1182.6449 21668.11 -32115.7 2408.22 -34524 74.044579
3.26 276.48075 491.87711 21852.828 -32021.1 2479.25 -34500.3 74.163298
3.27 260.48249 253.35386 21920.958 -32181.8 2335.79 -34517.6 74.749749
3.28 271.77919 388.35267 21906.668 -32064 2437.09 -34501.1 74.335684
3.29 271.68635 -333.546 22093.183 -32061.8 2436.25 -34498.1 74.73924
3.3 274.75096 -138.65465 22036.793 -31902.5 2463.74 -34366.2 74.540157
3.31 271.5016 -229.47594 22045.455 -32163.3 2434.6 -34597.9 74.943838
3.32 263.80413 2.5286708 21997.325 -31955.5 2365.57 -34321 74.677308
3.33 263.74443 94.019325 21942.41 -32184.9 2365.04 -34549.9 74.518873
3.34 283.29868 591.08986 21864.113 -31988.4 2540.38 -34528.8 74.527364
3.35 272.55763 314.14589 21888.619 -32134.8 2444.07 -34578.9 74.386209
3.36 271.33318 529.74218 21799.693 -32075.9 2433.09 -34509 74.294232
3.37 255.38226 2.4873843 21956.356 -32287.1 2290.05 -34577.2 74.968932
3.38 267.90957 298.86182 21898.461 -32129.6 2402.39 -34532 74.468524
3.39 266.79326 51.197244 21974.739 -32075.8 2392.38 -34468.2 74.756446
3.4 276.35425 -148.35853 22055.632 -31960 2478.11 -34438.2 74.862014
3.41 268.67722 6.6126374 21985.002 -32136.3 2409.27 -34545.6 74.499891
3.42 271.74708 205.07236 21945.19 -31912.5 2436.8 -34349.3 74.413452
3.43 267.45005 358.07861 21912.518 -32083 2398.27 -34481.3 74.054213
3.44 269.37389 516.28767 21853.714 -32036.9 2415.52 -34452.5 74.082282
3.45 263.51018 21.720913 21952.381 -32058 2362.94 -34420.9 74.911917
3.46 267.86992 308.34499 21925.107 -32033.1 2402.03 -34435.1 74.669429
3.47 269.29088 -75.695179 21998.866 -32148.4 2414.77 -34563.1 74.805747
3.48 289.10499 -512.92535 22172.849 -31987.9 2592.45 -34580.4 75.047347
3.49 270.60928 -32.601449 22030.202 -32105 2426.6 -34531.6 74.681228
3.5 269.58868 -184.95631 22086.855 -31996 2417.44 -34413.5 74.981533
3.51 262.26967 23.614068 21980.74 -32174.4 2351.81 -34526.2 74.661901
3.52 285.64319 325.72927 21934.302 -31783.9 2561.41 -34345.3 74.42563
3.53 260.12434 182.79906 21960.257 -32168.7 2332.58 -34501.3 74.49943
3.54 272.63937 430.63064 21867.014 -31951.6 2444.8 -34396.4 74.145618
3.55 269.12433 230.5271 21905.835 -32137.8 2413.28 -34551.1 74.188921
3.56 262.1032 71.928322 21961.947 -32112.7 2350.32 -34463 74.547526
3.57 258.74732 -202.87997 22037.529 -32129.1 2320.23 -34449.4 74.349962
3.58 263.86652 191.42461 21920.142 -32140.3 2366.13 -34506.5 74.188177
3.59 265.18184 518.52459 21865.379 -32253.1 2377.93 -34631.1 74.345171
3.6 272.22524 90.070188 22010.494 -31969.1 2441.09 -34410.1 74.842413
3.61 265.3605 49.32532 21939.555 -32150.6 2379.53 -34530.1 74.445528
3.62 265.29316 -190.04779 22053.293 -32002.6 2378.93 -34381.5 74.8632
3.63 261.88554 2.2695794 21997.719 -32105.7 2348.37 -34454.1 74.759702
3.64 288.41033 -365.44252 22142.108 -31874.7 2586.22 -34460.9 75.158182
3.65 282.90156 -220.69583 22065.52 -31978.4 2536.82 -34515.3 74.752778
3.66 278.50822 -245.6283 22064.572 -32122.5 2497.43 -34620 75.141589
3.67 265.52576 238.07413 21934.8 -32108.9 2381.01 -34489.9 74.850085
3.68 260.85832 514.26961 21843.203 -32194.4 2339.16 -34533.6 74.329302
3.69 270.19194 -20.534611 21982.901 -32045.2 2422.85 -34468.1 74.632616
3.7 251.16318 -53.008305 21967.582 -32246.8 2252.22 -34499.1 74.355092
3.71 281.59654 -69.196687 22022.185 -32010.1 2525.12 -34535.2 74.50594
3.72 262.2259 -888.13842 22248.921 -31955.1 2351.42 -34306.5 75.073409
3.73 269.5706 -185.87736 22053.769 -32138.5 2417.28 -34555.8 74.364191
3.74 268.16499 -510.25255 22118.555 -32034.6 2404.68 -34439.3 75.001007
3.75 262.84236 -199.38922 22032.386 -32115.4 2356.95 -34472.4 74.636573
3.76 273.37112 -112.31196 22029.628 -31916.9 2451.36 -34368.2 74.718339
3.77 261.61841 123.20976 21905.206 -32153.9 2345.97 -34499.9 74.578318
3.78 281.15322 479.28509 21874.033 -31927.7 2521.15 -34448.8 74.227325
3.79 268.628 552.20296 21857.552 -32178 2408.83 -34586.8 74.360836
3.8 279.63324 117.65913 21947.599 -32045 2507.52 -34552.6 74.573016
3.81 256.18774 128.8443 21901.894 -32328.1 2297.28 -34625.3 74.094973
3.82 264.47243 492.7026 21848.58 -32064.7 2371.57 -34436.3 74.198878
3.83 254.77409 484.51326 21832 -32338.2 2284.6 -34622.8 74.108646
3.84 277.6559 56.796205 21991.53 -32032.5 2489.78 -34522.2 74.391633
3.85 276.88124 -326.57768 22083.784 -32056.2 2482.84 -34539 74.82654
3.86 252.60427 -112.89231 21995.525 -32261.3 2265.14 -34526.4 74.670041
3.87 270.07418 49.955743 21986.062 -32048 2421.8 -34469.8 74.675164
3.88 261.37499 462.71005 21833.277 -32208.4 2343.79 -34552.2 74.561609
3.89 259.77523 50.351382 21964.55 -32092.4 2329.45 -34421.9 74.677143
3.9 271.8097 56.719242 21967.048 -32173.8 2437.36 -34611.1 74.792745
3.91 281.17516 -97.818784 22013.314 -31935.2 2521.34 -34456.5 74.82188
3.92 271.15211 -6.6416655 22028.121 -32118.7 2431.46 -34550.2 74.646514
3.93 267.97414 14.840959 22000.024 -32146.6 2402.97 -34549.6 74.690161
3.94 274.61571 -358.78764 22119.984 -32089.8 2462.52 -34552.3 75.071879
3.95 254.50275 -441.56598 22102.641 -32309.1 2282.17 -34591.3 74.700067
3.96 264.45183 -552.92211 22170.602 -32022.3 2371.38 -34393.7 74.946889
3.97 270.23996 1.1008252 21955.072 -32224.6 2423.28 -34647.9 74.716104
3.98 278.59222 324.38962 21908.785 -31962.8 2498.18 -34460.9 74.462745
3.99 265.92449 385.64323 21863.161 -32163.2 2384.59 -34547.8 74.436329
4 282.14814 38.320083 21979.251 -31874 2530.07 -34404.1 74.379988
4.01 265.86468 305.02225 21884.128 -32175.3 2384.05 -34559.3 74.433931
4.02 271.44453 482.59117 21876.029 -32035.4 2434.09 -34469.5 74.676586
4.03 270.27521 1002.2475 21721.534 -32285.7 2423.6 -34709.3 73.758128
4.04 274.35729 529.39699 21908.469 -31998.3 2460.21 -34458.5 74.701517
4.05 272.50341 425.25279 21896.131 -31933.2 2443.58 -34376.7 74.401832
4.06 259.32432 155.93672 21969.311 -32098.4 2325.4 -34423.8 74.687357
4.07 277.85323 373.44991 21888.751 -32075.2 2491.55 -34566.8 73.96908
4.08 276.24354 523.45525 21848.253 -32115 2477.12 -34592.1 74.409419
4.09 266.82625 968.43586 21750.952 -32203.2 2392.67 -34595.9 74.04335
4.1 270.06244 331.93397 21893.055 -32070.7 2421.69 -34492.4 74.346688
4.11 260.53498 211.0387 21909.016 -32263.7 2336.26 -34599.9 74.69854
4.12 271.57402 494.39322 21854.498 -32119.7 2435.25 -34555 74.281742
4.13 275.3821 -248.65467 22051.798 -32031.6 2469.4 -34501 74.49674
4.14 259.72606 -542.88631 22148.715 -32220.8 2329 -34549.8 74.626964
4.15 270.17242 -13.249831 22011.753 -31981.9 2422.68 -34404.5 74.566381
4.16 261.41127 -607.72206 22162.149 -32137.4 2344.12 -34481.5 74.900232
4.17 264.05566 -303.76442 22092.811 -32095.1 2367.83 -34462.9 74.802656
4.18 278.9624 -139.45009 22080.687 -32010.5 2501.5 -34512 74.588377
4.19 270.79519 -150.67878 22045.744 -32063.3 2428.26 -34491.6 74.518119
4.2 269.89596 408.32231 21894.045 -32003.6 2420.2 -34423.8 74.336115
4.21 259.60215 13.181557 22001.813 -32027.7 2327.89 -34355.6 74.510433
4.22 275.29569 441.58352 21889.201 -32205.4 2468.62 -34674 74.28122
4.23 263.37552 104.56 21956.194 -32080.2 2361.73 -34441.9 74.666506
4.24 254.07348 535.10264 21790.365 -32440.3 2278.32 -34718.6 74.227812
4.25 282.31587 126.87312 21993.043 -32062.8 2531.57 -34594.4 74.588395
4.26 254.87164 162.90001 21903.715 -32300.8 2285.47 -34586.3 74.363443
4.27 267.08254 -41.810304 22018.277 -32003.4 2394.97 -34398.4 74.69611
4.28 274.52956 -248.34078 22059.47 -32219.9 2461.75 -34681.6 74.718151
4.29 276.81781 -341.07836 22066.516 -31975.3 2482.27 -34457.5 74.821943
4.3 265.78704 -447.59434 22098.672 -32095.2 2383.35 -34478.6 74.718385
4.31 281.83669 -313.31001 22101.65 -31909.3 2527.27 -34436.6 74.96568
4.32 270.27369 -872.08055 22205.261 -32118 2423.59 -34541.6 74.961785
4.33 265.85773 -210.96423 22017.85 -31978.2 2383.99 -34362.2 74.589511
4.34 282.97862 259.7572 21927.997 -32006.3 2537.51 -34543.8 74.483335
4.35 267.08872 272.90808 21912.267 -32077.6 2395.03 -34472.6 74.618204
4.36 275.33093 366.17412 21918.098 -32078.8 2468.94 -34547.8 74.575118
4.37 268.41506 842.07428 21786.748 -31972.6 2406.92 -34379.5 73.860055
4.38 273.83135 130.08765 21942.984 -32032.5 2455.49 -34488 74.591452
4.39 280.10703 32.536497 21973.169 -32080.6 2511.76 -34592.4 74.658491
4.4 272.63062 -82.927167 22049.686 -32106.6 2444.72 -34551.3 75.026267
4.41 285.27289 -564.02627 22167.741 -31836.5 2558.09 -34394.6 75.036938
4.42 267.30365 -323.82184 22065.222 -32122.8 2396.95 -34519.7 74.722305
4.43 282.68104 -160.50442 22081.514 -31854.2 2534.85 -34389.1 74.812185
4.44 260.70494 -463.97026 22148.542 -32177.1 2337.78 -34514.9 74.939159
4.45 266.88768 -220.06699 22072.464 -32047.9 2393.22 -34441.1 74.912855
4.46 265.96955 -185.64282 22033.258 -32264.8 2384.99 -34649.8 74.769629
4.47 269.8938 22.973903 21996.209 -32124.7 2420.18 -34544.9 74.700886
4.48 275.95914 326.22055 21923.467 -32073.5 2474.57 -34548.1 74.60132
4.49 257.39581 550.24121 21854.487 -32167.6 2308.11 -34475.7 74.471847
4.5 263.40981 -12.676378 21981.911 -32186.8 2362.04 -34548.8 74.745264
4.51 263.23643 202.96558 21927.269 -32050.9 2360.48 -34411.4 74.37144
4.52 253.02509 218.04417 21886.92 -32354 2268.92 -34623 74.39804
4.53 278.80372 128.12611 22019.949 -31999 2500.08 -34499.1 74.605707
4.54 262.14186 197.84673 21918.72 -32155.6 2350.67 -34506.3 74.753478
4.55 274.55551 40.687287 21987.585 -32109.9 2461.98 -34571.9 74.667087
4.56 277.64475 -242.17338 22062.441 -32060.3 2489.68 -34549.9 74.981119
4.57 272.86517 -243.88217 22054.709 -31990.3 2446.83 -34437.1 75.17016
4.58 266.17577 -181.70031 22034.152 -32094.8 2386.84 -34481.6 74.672075
4.59 269.52966 40.742811 22006.356 -31900.9 2416.92 -34317.8 74.751268
4.6 256.95235 -29.18736 21961.363 -32152 2304.13 -34456.2 74.718273
4.61 273.75348 422.06937 21911.953 -32017.6 2454.79 -34472.4 74.450761
4.62 277.46514 65.455986 21981.604 -31927.1 2488.07 -34415.2 74.813046
4.63 259.08125 88.917695 21960.692 -32230.9 2323.22 -34554.1 74.602626
4.64 269.15554 -3.7359809 22001.931 -32081.9 2413.56 -34495.5 74.45058
4.65 256.46927 -285.47871 22016.452 -32366.4 2299.8 -34666.2 74.472694
4.66 270.79106 -180.70439 22054.812 -32026.8 2428.23 -34455 74.474406
4.67 285.75742 -95.363408 22042.098 -32026.5 2562.43 -34588.9 74.61998
4.68 259.89564 -593.33374 22145.705 -32298.8 2330.53 -34629.3 74.668368
4.69 270.53734 -618.60397 22141.666 -32097.9 2425.95 -34523.9 74.754355
4.7 275.56694 -267.1813 22111.759 -31808.4 2471.05 -34279.5 75.065136
4.71 275.57583 -192.69212 22051.07 -32128.2 2471.13 -34599.4 74.863486
4.72 287.47712 -26.013604 22016.683 -31854.9 2577.85 -34432.7 74.410383
4.73 267.54108 307.70001 21898.001 -32140.2 2399.08 -34539.3 74.572829
4.74 271.06307 360.77051 21878.651 -32057.9 2430.67 -34488.6 74.357834
4.75 267.11313 -15.666346 21971.794 -32018.7 2395.25 -34414 74.421477
4.76 287.60346 175.9819 21929.088 -31949.5 2578.99 -34528.5 74.444454
4.77 268.57545 251.39468 21923.507 -32111.2 2408.36 -34519.6 74.465066
4.78 289.24544 26.663577 22010.779 -31890.4 2593.71 -34484.1 74.672294
4.79 279.98382 -223.20982 22074.711 -32077.8 2510.66 -34588.4 74.896161
4.8 274.9898 -166.31062 22062.498 -32045.2 2465.88 -34511.1 74.661984
4.81 257.3433 -402.00784 22089.579 -32215.3 2307.64 -34523 75.012352
4.82 251.14348 -598.60817 22116.71 -32316.7 2252.04 -34568.7 75.087411
4.83 258.35239 -130.48844 22006.559 -32108.7 2316.69 -34425.3 74.888924
4.84 265.67012 82.609047 21922.82 -32158.3 2382.31 -34540.6 74.329621
4.85 275.9337 237.46403 21894.156 -32099.9 2474.34 -34574.3 74.406146
4.86 263.21821 203.91141 21924.846 -32239.1 2360.32 -34599.4 74.590787
4.87 271.78375 -318.22271 22065.65 -32028.2 2437.13 -34465.4 75.023088
4.88 262.18038 -213.34927 22048.853 -32316.2 2351.01 -34667.2 74.79668
4.89 271.38466 -159.62869 22047.986 -32039.7 2433.55 -34473.2 74.973467
4.9 273.64758 118.70819 21930.241 -32284.9 2453.84 -34738.8 74.362667
4.91 268.32405 277.23954 21882.858 -32152.1 2406.1 -34558.2 74.758235
4.92 283.94344 689.74837 21849.567 -31871 2546.17 -34417.2 74.334416
4.93 263.96975 223.49176 21936.893 -32148.9 2367.06 -34516 74.408448
4.94 271.30376 398.2137 21925.545 -31998.6 2432.82 -34431.4 74.654795
4.95 270.38162 30.060408 22014.108 -32070.4 2424.55 -34495 74.724096
4.96 251.24976 -648.49809 22136.665 -32225.5 2253 -34478.5 74.944147
4.97 278.48267 -297.48503 22061.204 -32032.5 2497.2 -34529.7 75.145533
4.98 256.50399 -151.76257 22034.666 -32208.4 2300.11 -34508.5 74.917148
4.99 266.12117 -126.8206 22009.417 -32106.8 2386.35 -34493.1 74.956693
5 269.41398 169.09183 21956.413 -31953.6 2415.88 -34369.5 74.577858
5.01 262.85374 328.05434 21882.483 -32147.3 2357.05 -34504.4 74.400241
5.02 277.6424 520.60437 21861.141 -32069.2 2489.66 -34558.9 74.253126
5.03 271.52395 130.6872 21964.141 -32082.8 2434.8 -34517.6 74.533332
5.04 261.03089 -148.59922 22040.838 -31999.2 2340.71 -34339.9 74.941521
5.05 262.49243 -815.77367 22235.23 -32207.5 2353.81 -34561.3 75.255239
5.06 281.87398 -474.30228 22097.471 -32042.3 2527.61 -34569.9 75.049943
5.07 260.33344 -199.88166 22056.39 -32065.8 2334.45 -34400.2 74.458494
5.08 274.58945 -10.834973 22016.951 -32066.5 2462.29 -34528.8 74.577888
5.09 275.94594 101.84074 21995.819 -31868.6 2474.45 -34343.1 74.431947
5.1 262.63239 -28.419909 21987.932 -32104.3 2355.07 -34459.4 74.468931
5.11 265.62645 54.533615 21975.867 -32153.3 2381.91 -34535.2 74.545157
5.12 264.73911 506.59553 21848.85 -32074.9 2373.96 -34448.8 74.759354
5.13 252.8157 84.551636 21925.422 -32252.3 2267.04 -34519.3 74.625939
5.14 273.25341 435.92066 21871.354 -32074.8 2450.31 -34525.1 74.789968
5.15 259.53214 367.17491 21893.238 -32167.1 2327.27 -34494.4 74.458276
5.16 262.03795 12.19726 21977.074 -32162.4 2349.74 -34512.1 74.612912
5.17 269.98995 -415.57645 22089.677 -32031.9 2421.04 -34452.9 74.829504
5.18 269.95192 -323.19248 22073.159 -32183.2 2420.7 -34603.9 74.884324
5.19 269.19364 -146.05272 22027.157 -32126.9 2413.9 -34540.8 74.490122
5.2 263.62902 186.08736 21931.024 -32110.7 2364 -34474.8 74.54486
5.21 260.01305 163.11806 21944.737 -32194.5 2331.58 -34526 74.413733
5.22 280.97432 -11.264423 21986.04 -32094.3 2519.54 -34613.9 74.724338
5.23 265.23522 249.65438 21912.84 -32169.4 2378.41 -34547.8 74.638843
5.24 274.44506 220.26502 21937.31 -32052.4 2460.99 -34513.3 74.62327
5.25 256.71358 318.78265 21873.533 -32283.6 2301.99 -34585.6 74.286647
5.26 279.02607 570.80602 21814.286 -31988.8 2502.07 -34490.8 74.230946
5.27 268.83329 220.91539 21961.804 -32105.1 2410.67 -34515.8 74.3016
5.28 274.97659 262.03668 21937.913 -32143.4 2465.76 -34609.1 74.628633
5.29 279.32083 -100.76723 22013.069 -32033.2 2504.71 -34537.9 74.597695
5.3 265.07953 -40.88024 22017.826 -32163.6 2377.01 -34540.6 74.654548
5.31 273.92062 -448.50577 22127.288 -31983.2 2456.29 -34439.5 74.99708
5.32 265.67288 -733.69734 22168.009 -32221.6 2382.33 -34604 75.150124
5.33 273.44411 -335.98033 22108.426 -32046.6 2452.02 -34498.7 75.132288
5.34 264.24445 -301.49114 22068.171 -32171.4 2369.52 -34540.9 74.753268
5.35 271.33141 -725.49342 22188.149 -31920.6 2433.07 -34353.7 75.132815
5.36 266.68771 -203.9783 22026.027 -32121.4 2391.43 -34512.8 74.758811
5.37 277.09412 -15.843157 22023.596 -32022.4 2484.75 -34507.1 74.610163
5.38 257.72235 -130.12735 22021.684 -32141.7 2311.04 -34452.7 74.823316
5.39 274.94965 53.646701 21974.137 -32155.6 2465.52 -34621.1 74.625133
5.4 275.84574 316.19159 21914.378 -32002 2473.55 -34475.6 74.24974
5.41 260.84963 132.55409 21932.452 -32290.9 2339.08 -34630 74.228333
5.42 275.993 111.3394 21980.867 -32050.1 2474.87 -34524.9 74.832903
5.43 263.91471 327.50494 21919.098 -32146.6 2366.57 -34513.2 74.357
5.44 272.2907 118.65752 21950.373 -31916.7 2441.67 -34358.4 74.479436
5.45 259.32789 95.761427 21949.124 -32245.7 2325.43 -34571.1 75.040422
5.46 274.00271 -241.93878 22064.816 -31977.9 2457.03 -34434.9 75.137101
5.47 252.26114 -470.32248 22101.313 -32169.2 2262.07 -34431.2 75.206332
5.48 284.89963 -152.44475 22043.124 -31830.3 2554.74 -34385 74.733589
5.49 269.30812 -781.06888 22225.336 -32119.5 2414.93 -34534.4 75.157343
5.5 268.47362 -182.54 22039.096 -32052.8 2407.45 -34460.3 74.458311
5.51 257.89801 415.92974 21876 -32199 2312.61 -34511.6 74.484766
5.52 281.14326 196.69395 21951.626 -31976.6 2521.06 -34497.7 74.244747
5.53 258.13042 144.6734 21952.475 -32226.4 2314.7 -34541.1 74.196504
5.54 275.4048 290.26079 21938.932 -31952.6 2469.6 -34422.2 74.525291
5.55 250.46763 10.209137 21967.503 -32156.9 2245.98 -34402.9 74.324588
5.56 274.13212 374.75194 21924.36 -32040.4 2458.19 -34498.5 74.791411
5.57 269.05024 111.57761 21970.258 -32063.9 2412.62 -34476.5 74.686645
5.58 278.50874 -252.1168 22077.855 -31932.1 2497.43 -34429.5 74.874123
5.59 266.84016 -788.06677 22224.521 -32149.5 2392.8 -34542.3 75.064281
5.6 281.91042 -508.39363 22159.224 -31923.3 2527.94 -34451.3 75.052619
5.61 263.31113 -220.04399 22081.184 -32025.8 2361.15 -34387 74.746895
5.62 264.01121 -311.98305 22040.693 -32352.1 2367.43 -34719.5 74.675807
5.63 271.60897 -127.95279 22034.883 -32036.6 2435.56 -34472.2 74.769133
5.64 257.43944 -188.34622 22016.888 -32293.3 2308.5 -34601.8 74.714998
5.65 277.13419 -57.606593 22019.205 -32085.7 2485.11 -34570.8 74.475274
5.66 273.05051 141.2832 21925.338 -32174.9 2448.49 -34623.4 74.319416
5.67 273.70346 269.37048 21918.656 -31985 2454.34 -34439.3 74.458679
5.68 262.41508 484.4878 21845.08 -32187 2353.12 -34540.2 74.44285
5.69 278.1679 -0.63528687 21991.898 -32006.5 2494.38 -34500.9 74.571972
5.7 268.32365 -48.067606 21978.782 -32099.2 2406.1 -34505.3 74.68099
5.71 254.15762 -151.79968 21998.758 -32339 2279.07 -34618.1 74.546955
5.72 277.29561 -44.377894 22009.909 -32081.7 2486.55 -34568.3 74.693242
5.73 251.21492 497.23154 21860.43 -32220 2252.68 -34472.7 74.42297
5.74 269.22318 81.94039 21980.004 -32056.1 2414.17 -34470.3 74.282356
5.75 257.96425 -275.41955 22044.069 -32241.4 2313.21 -34554.6 74.630273
5.76 276.47542 -291.07476 22105.396 -32044.8 2479.2 -34524 74.886891
5.77 258.84067 -330.01317 22092.013 -32241.6 2321.07 -34562.7 74.799557
5.78 267.06793 -869.99528 22227.841 -31974.7 2394.84 -34369.5 75.286413
5.79 263.56455 -395.56688 22084.234 -32082.6 2363.43 -34446 75.064663
5.8 276.8963 -11.056257 21992.002 -32124.8 2482.97 -34607.8 74.638538
5.81 286.35303 442.75086 21893.921 -31986.6 2567.77 -34554.3 74.172306
5.82 269.92032 193.83272 21942.319 -32146.3 2420.42 -34566.8 74.845541
5.83 271.67704 430.85529 21886.311 -32188.7 2436.17 -34624.9 74.308408
5.84 267.79514 18.799878 21968.365 -32012.6 2401.36 -34414 74.466975
5.85 285.33906 80.017812 21978.342 -31987.9 2558.68 -34546.6 74.294961
5.86 278.75735 35.391596 22017.199 -32039.7 2499.66 -34539.4 74.756078
5.87 277.62363 -301.98202 22078.65 -32081.9 2489.5 -34571.4 75.095441
5.88 254.80842 -82.531283 22007.863 -32263.5 2284.91 -34548.4 74.620587
5.89 266.24069 -278.49991 22037.908 -32061.7 2387.42 -34449.1 74.908304
5.9 261.83115 -210.44712 22037.249 -32170.8 2347.88 -34518.7 74.638708
5.91 268.65517 -36.277938 22008.008 -32204 2409.07 -34613 74.873842
5.92 277.39297 121.88898 21957.995 -31985.7 2487.43 -34473.2 74.759478
5.93 266.56322 131.27342 21961.425 -32162.9 2390.31 -34553.2 74.607363
5.94 274.17749 479.68742 21874.138 -32053.4 2458.59 -34512 74.382636
5.95 270.94008 470.16725 21870.381 -32023.5 2429.56 -34453 74.495683
5.96 258.14992 66.717592 21985.974 -32149.7 2314.87 -34464.5 74.577632
5.97 266.73971 -574.62377 22158.883 -32025.5 2391.9 -34417.4 75.061202
5.98 260.74852 -169.96463 22010.271 -32234.8 2338.17 -34573 74.489829
5.99 281.25653 205.02592 21950.333 -31929.7 2522.07 -34451.8 74.394565
6 264.57727 277.9037 21914.365 -32110.8 2372.51 -34483.3 74.325873
6.01 268.50856 363.50445 21886.735 -32141.7 2407.76 -34549.5 74.09652
6.02 274.2619 1094.6248 21704.626 -31995.8 2459.35 -34455.1 74.04974
6.03 262.05775 579.99898 21828.974 -32167.5 2349.91 -34517.4 74.058895
6.04 253.60356 30.232805 21968.018 -32124.7 2274.1 -34398.8 74.399894
6.05 276.95739 -121.72506 22034.308 -31980.8 2483.52 -34464.3 75.021425
6.06 276.04275 -253.98916 22089.042 -31920.4 2475.32 -34395.8 75.057015
6.07 274.86146 -412.61759 22104.578 -32192.9 2464.73 -34657.7 74.948438
6.08 263.40999 -605.61051 22142.709 -32076.9 2362.04 -34438.9 74.87743
6.09 265.85752 -126.2902 22021.457 -32115.8 2383.99 -34499.7 74.773272
6.1 257.08164 282.4834 21926.138 -32128 2305.29 -34433.3 74.571485
6.11 285.6093 200.41657 21925.812 -31980.1 2561.1 -34541.2 74.425802
6.12 269.798 385.14738 21869.393 -32204.4 2419.32 -34623.8 74.369439
6.13 273.90691 441.02054 21872.156 -32041.7 2456.17 -34497.8 74.323282
6.14 255.52455 53.916997 21955.187 -32261 2291.33 -34552.4 74.577934
6.15 270.09359 -355.95991 22078.155 -32142.2 2421.97 -34564.2 74.767775
6.16 273.66672 -116.44176 22028.563 -32010.3 2454.01 -34464.3 74.625745
6.17 275.93305 -181.5746 22020.849 -32148.4 2474.34 -34622.7 74.893996
6.18 283.03624 -48.418459 22030.436 -31954.2 2538.03 -34492.2 74.86883
6.19 275.00363 -300.60467 22094.706 -32046.7 2466 -34512.7 74.888784
6.2 264.73398 -308.28835 22062.675 -32228.3 2373.91 -34602.3 74.853779
6.21 262.79562 -541.31505 22118.235 -32206.3 2356.53 -34562.9 75.085738
6.22 281.67197 -318.98597 22085.898 -32077.6 2525.8 -34603.4 74.984533
6.23 267.16247 -387.28244 22064.566 -32268.9 2395.69 -34664.6 74.747493
6.24 266.16303 -633.15336 22159.139 -32119.4 2386.73 -34506.1 74.886484
6.25 271.42954 -305.829 22080.874 -32049.7 2433.95 -34483.7 74.837051
6.26 279.68649 37.066332 22021.074 -31928 2507.99 -34436 74.803954
6.27 265.9317 -2.4893797 21992.782 -32110.6 2384.65 -34495.3 74.155385
6.28 279.05203 181.65634 21923.79 -32083.5 2502.3 -34585.8 74.45583
6.29 273.07511 121.15814 21949.369 -31984.1 2448.71 -34432.8 74.34211
6.3 258.93522 437.46335 21874.217 -32306.4 2321.91 -34628.3 74.442504
6.31 276.87038 795.19595 21790.772 -32074.2 2482.74 -34556.9 74.307761
6.32 268.85227 441.05567 21883.205 -32283.1 2410.84 -34693.9 74.618349
6.33 252.3362 425.10335 21873.661 -32182.8 2262.74 -34445.5 74.292973
6.34 284.86277 126.34165 21949.832 -31802.6 2554.41 -34357 74.792946
6.35 260.7783 91.931777 21938.655 -32210.8 2338.44 -34549.3 74.387444
6.36 265.22702 -167.60531 22033.267 -32015.9 2378.33 -34394.3 74.957434
6.37 267.00258 -126.70868 22035.462 -32215.4 2394.25 -34609.7 74.579983
6.38 264.8305 -277.44267 22043.275 -32083.2 2374.78 -34458 74.876465
6.39 275.09462 -918.96619 22261.268 -31971.1 2466.82 -34437.9 74.961859
6.4 269.52656 -493.64176 22131.939 -32181.4 2416.89 -34598.3 74.864577
6.41 267.63493 -191.69818 22036.661 -32019.1 2399.92 -34419 74.547496
6.42 258.73069 294.52174 21899.828 -32143.7 2320.08 -34463.8 74.120222
6.43 253.66742 785.43133 21763.174 -32140.8 2274.68 -34415.5 74.328858
6.44 280.46135 274.07156 21932.835 -32008.2 2514.94 -34523.1 74.698694
6.45 266.45709 111.82691 21958.242 -32082.6 2389.36 -34472 74.738109
6.46 278.16133 60.138719 21992.307 -32073.5 2494.32 -34567.8 74.82343
6.47 259.76726 -35.661532 22001.404 -32277.1 2329.37 -34606.4 75.030907
6.48 277.25795 -70.874978 22034.136 -32078.6 2486.22 -34564.8 74.394425
6.49 266.80414 1.5078222 22000.303 -32165.7 2392.48 -34558.1 74.605681
6.5 267.06441 -192.28542 22055.511 -32115.3 2394.81 -34510.1 74.767729
6.51 272.52768 -478.95707 22126.059 -31921.6 2443.8 -34365.4 74.859723
6.52 268.09247 -383.5866 22130.793 -32141.5 2404.03 -34545.5 74.692478
6.53 272.78368 -237.51934 22056.305 -32062 2446.09 -34508.1 74.681716
6.54 278.59683 549.89241 21864.377 -31992.9 2498.22 -34491.2 74.418102
6.55 283.06058 289.47101 21927.161 -32186.2 2538.25 -34724.5 74.388009
6.56 278.79988 589.71242 21883.116 -32044.1 2500.04 -34544.1 74.205495
6.57 260.64053 56.034505 21975.795 -32229.5 2337.21 -34566.7 74.584389
6.58 266.61441 -154.67476 22021.144 -32202.7 2390.77 -34593.5 74.576905
6.59 262.7063 -188.0993 22021.882 -31986.2 2355.73 -34341.9 74.82462
6.6 268.63361 -384.85146 22115.6 -32130.2 2408.88 -34539.1 74.767531
6.61 266.55771 -298.49333 22067.51 -31987.2 2390.27 -34377.5 74.786938
6.62 270.55107 -386.57737 22100.347 -31977.5 2426.07 -34403.6 74.970431
6.63 265.54308 -259.71378 22042.114 -32108 2381.17 -34489.2 74.993346
6.64 252.62731 4.4935153 21959.134 -32239.4 2265.35 -34504.7 74.573443
6.65 273.88027 196.42022 21946.422 -31950.9 2455.93 -34406.8 74.916757
6.66 274.75443 146.16651 21911.745 -32167 2463.77 -34630.7 74.491642
6.67 269.5423 153.82626 21949.6 -32068.2 2417.03 -34485.2 74.378298
6.68 268.10799 43.210197 22001.76 -32197.5 2404.17 -34601.7 74.619681
6.69 265.17037 -426.51857 22101.153 -32049.3 2377.82 -34427.1 74.760497
6.7 261.33237 -144.55627 22036.53 -32145.5 2343.41 -34488.9 74.417572
6.71 278.41843 -381.84644 22127.76 -31895.7 2496.62 -34392.4 75.049424
6.72 269.45147 -759.504 22210.921 -32035.6 2416.21 -34451.8 75.091891
6.73 269.66743 -314.75618 22045.981 -32256.1 2418.15 -34674.2 74.899084
6.74 277.37199 -161.65612 22047.392 -31981.4 2487.24 -34468.6 74.837857
6.75 272.75316 524.58394 21878.024 -32164 2445.82 -34609.8 74.554518
6.76 271.49795 709.12099 21804.332 -31937.1 2434.57 -34371.6 74.33404
6.77 276.35436 639.99187 21815.302 -32198.9 2478.11 -34677 74.259182
6.78 267.36359 -30.109636 22003.887 -31981.3 2397.49 -34378.8 74.613839
6.79 275.09764 -244.85418 22086.762 -32020.4 2466.84 -34487.2 74.702322
6.8 264.57558 115.10011 21971.069 -32081.5 2372.49 -34454 74.534492
6.81 266.72998 565.74926 21844.895 -32193.4 2391.81 -34585.2 74.143479
6.82 277.20842 835.6504 21812.728 -32036.4 2485.77 -34522.1 74.503804
6.83 259.64301 46.445257 21942.537 -32223.1 2328.26 -34551.3 74.604602
6.84 267.35307 657.43159 21840.75 -32159 2397.4 -34556.4 74.480153
6.85 282.80668 149.55936 21997.739 -31871.6 2535.97 -34407.6 74.785317
6.86 262.31312 -46.827219 22006.187 -32113 2352.2 -34465.2 74.63451
6.87 278.57262 -113.66975 22021.397 -31913 2498 -34411 74.653938
6.88 262.04424 -379.21599 22086.836 -32092.6 2349.79 -34442.4 74.850179
6.89 272.40282 -458.16717 22104.282 -32014.1 2442.68 -34456.8 74.814791
6.9 276.06722 -298.19153 22057.242 -32214.9 2475.54 -34690.4 74.633223
6.91 268.48061 -496.41542 22147.615 -32010.3 2407.51 -34417.8 74.901118
6.92 262.91855 19.001447 21978.207 -32288.8 2357.63 -34646.4 74.426106
6.93 274.209 -7.6537062 21995.14 -32137.7 2458.88 -34596.5 74.35953
6.94 266.97839 238.11595 21933.781 -32097.9 2394.04 -34491.9 74.002308
6.95 272.7446 599.15361 21851.609 -31879.5 2445.74 -34325.2 74.370149
6.96 271.11453 91.908654 21968.808 -32173.7 2431.13 -34604.8 74.786571
6.97 280.4652 313.99656 21921.773 -32028.6 2514.98 -34543.6 74.541383
6.98 295.51089 43.887255 22008.225 -32060.8 2649.89 -34710.7 74.756441
6.99 264.33991 -459.04663 22141.786 -32036.4 2370.38 -34406.8 75.084868
7 268.59962 -251.95829 22063.545 -32092.9 2408.58 -34501.5 74.864182
7.01 277.60143 -250.43879 22092.863 -31918.3 2489.3 -34407.6 74.776077
7.02 261.36552 -460.61629 22095.245 -32190.1 2343.71 -34533.8 74.763405
7.03 281.02171 -580.13466 22219.408 -31916.8 2519.97 -34436.8 75.44503
7.04 272.02853 -190.00737 22046.669 -32135.7 2439.32 -34575 74.7712
7.05 270.37991 -464.70199 22140.899 -32037.5 2424.54 -34462.1 75.065463
7.06 266.42681 -276.02267 22065.001 -32167.4 2389.09 -34556.5 74.599132
7.07 263.72851 -41.306515 22015.599 -32107.2 2364.9 -34472.1 74.66618
7.08 271.82612 320.88713 21927.945 -32123.9 2437.51 -34561.4 74.317084
7.09 270.20082 402.78299 21877.996 -32121.8 2422.93 -34544.7 74.190909
7.1 263.02228 366.69974 21895.348 -32148.7 2358.56 -34507.3 74.360921
7.11 269.14671 117.3949 21999.081 -31967.5 2413.48 -34381 74.722829
7.12 263.96649 -568.54685 22170.301 -32117.5 2367.03 -34484.6 74.932245
7.13 281.26508 -139.43682 22093.449 -31796.2 2522.15 -34318.3 74.950991
7.14 275.06809 -606.42082 22180.659 -32100.5 2466.58 -34567.1 75.160518
7.15 268.33814 -310.1691 22040.956 -31974.2 2406.23 -34380.4 74.791781
7.16 269.04779 -108.80522 22041.827 -32143.1 2412.59 -34555.7 75.019277
7.17 268.78714 99.170184 21974.036 -32151.1 2410.26 -34561.4 74.838518
7.18 259.14954 318.19836 21882.605 -32297.1 2323.84 -34621 74.583949
7.19 276.15677 572.31717 21846.506 -32079.2 2476.34 -34555.5 74.123315
7.2 271.02145 817.8178 21748.989 -32104.4 2430.29 -34534.7 74.223815
7.21 261.06706 282.88262 21925.744 -32178.1 2341.03 -34519.1 74.386741
7.22 260.88261 326.03686 21913.154 -32250.4 2339.38 -34589.7 74.813762
7.23 269.42736 37.181448 21978.52 -31995.7 2416 -34411.7 74.426385
7.24 253.38243 -153.96832 21963.399 -32356.5 2272.12 -34628.6 74.725237
7.25 253.69794 -597.13944 22144.384 -32050.9 2274.95 -34325.8 75.121503
7.26 262.96577 -238.56654 22066.253 -32033.3 2358.06 -34391.4 74.645294
7.27 261.36394 60.27997 21979.491 -32178.7 2343.69 -34522.4 74.796886
7.28 286.45123 -97.479165 22028.928 -31844.4 2568.65 -34413.1 74.742059
7.29 267.1664 290.26158 21875.145 -32221.7 2395.72 -34617.4 74.303327
7.3 276.37164 270.13451 21890.076 -32033.2 2478.27 -34511.5 74.311337
7.31 254.01833 729.97547 21777.528 -32195.5 2277.82 -34473.3 74.237638
7.32 273.64099 272.25406 21948.548 -32005.5 2453.78 -34459.3 74.247984
7.33 256.31741 460.95786 21849.231 -32287.5 2298.44 -34585.9 74.329122
7.34 274.54723 -231.23226 22059.534 -32054.6 2461.91 -34516.6 74.890143
7.35 265.48874 -270.40671 22080.564 -32257.9 2380.68 -34638.5 74.926635
7.36 263.83499 -703.40607 22221.126 -31978.4 2365.85 -34344.3 75.124905
7.37 253.35869 -277.57492 22060.922 -32244.1 2271.91 -34516 74.903026
7.38 268.39195 -455.55247 22142.039 -32199.5 2406.71 -34606.2 75.202828
7.39 281.55065 -165.87588 22049.22 -31883.2 2524.71 -34407.9 74.946011
7.4 273.08008 -4.5221897 21993.049 -32046.7 2448.75 -34495.5 74.873084
7.41 257.89837 199.13707 21928.701 -32233.4 2312.62 -34546 74.378836
7.42 272.1437 62.559933 21939.169 -32065.5 2440.36 -34505.8 74.379854
7.43 269.56578 65.585726 21981.155 -32119.3 2417.24 -34536.5 74.487263
7.44 268.8538 -349.77781 22120.14 -32220.2 2410.85 -34631 74.964983
7.45 265.06204 -136.49907 22000.886 -32225 2376.85 -34601.9 74.84594
7.46 270.75644 -539.40381 22151.837 -31945.5 2427.92 -34373.4 74.997387
7.47 269.40064 -129.53285 22017.181 -32127.1 2415.76 -34542.8 74.574622
7.48 287.19521 -290.24846 22097.847 -31895.1 2575.33 -34470.5 74.850172
7.49 256.83016 -396.38442 22134.226 -32190.9 2303.04 -34493.9 74.960846
7.5 265.94471 -198.42256 22038.356 -32042.9 2384.77 -34427.7 74.897499
7.51 262.8748 -631.46341 22148.693 -32110.4 2357.24 -34467.7 74.91504
7.52 255.68286 -268.6582 22079.897 -32237.5 2292.75 -34530.2 74.805704
7.53 284.18112 57.526042 21985.916 -31967 2548.3 -34515.3 74.643872
7.54 258.87208 48.080511 21963.749 -32299.7 2321.35 -34621 74.600658
7.55 270.15656 -66.312796 21993.915 -32081.5 2422.54 -34504 74.34346
7.56 262.26597 211.0189 21901.738 -32509.7 2351.78 -34861.5 74.46219
7.57 276.63489 56.09007 21958.631 -32101.1 2480.63 -34581.7 74.588577
7.58 269.4692 215.94319 21909.219 -32180.8 2416.37 -34597.1 74.397248
7.59 261.69211 6.2574851 21954.587 -32229.6 2346.63 -34576.3 74.434451
7.6 269.49504 -16.464209 22024.747 -32061.9 2416.6 -34478.5 75.007412
7.61 266.2172 -408.05851 22082.949 -32141.8 2387.21 -34529 74.824294
7.62 277.26591 -81.299322 22048.973 -32060.7 2486.29 -34547 74.765437
7.63 256.10146 -447.73181 22135.295 -32151.3 2296.5 -34447.8 74.940284
7.64 262.10087 -228.51839 22033.866 -32232.8 2350.3 -34583.1 74.749716
7.65 263.79684 -472.31045 22102.352 -32064.7 2365.51 -34430.2 74.85843
7.66 258.61213 5.3903772 21996.241 -32120.3 2319.02 -34439.3 74.591656
7.67 274.50799 313.65935 21871.18 -32130.4 2461.56 -34591.9 74.374939
7.68 259.54952 288.04021 21917.163 -32110.7 2327.42 -34438.1 74.418406
7.69 266.42736 611.03307 21834.698 -32247.8 2389.1 -34636.9 74.162797
7.7 273.26577 23.708833 21990.618 -32088.6 2450.42 -34539 74.722191
7.71 276.01037 -110.84224 22074.371 -31991.2 2475.03 -34466.2 74.699099
7.72 262.7867 -781.58005 22214.324 -32096.5 2356.45 -34452.9 75.268172
7.73 268.77027 -419.22062 22087.307 -32092.7 2410.11 -34502.8 75.000909
7.74 270.60263 -294.01731 22073.391 -32029.4 2426.54 -34455.9 74.782333
7.75 291.70848 -104.50346 22049.831 -31953.4 2615.8 -34569.2 75.098185
7.76 273.87673 301.80387 21883.154 -32138.8 2455.9 -34594.7 74.280006
7.77 257.72525 231.23408 21942.381 -32096.3 2311.06 -34407.4 74.601598
7.78 255.94243 520.69049 21819.417 -32265.3 2295.08 -34560.4 74.226242
7.79 274.53427 172.53858 21929.639 -32078.7 2461.79 -34540.5 74.699674
7.8 262.09595 201.24707 21938.529 -32213.7 2350.26 -34563.9 74.395255
7.81 264.05338 -267.47309 22087.074 -32124 2367.81 -34491.8 74.637367
7.82 273.6305 -274.85728 22053.313 -32084.1 2453.69 -34537.7 74.655753
7.83 272.93053 -415.14432 22137.27 -32112.8 2447.41 -34560.2 74.796541
7.84 272.94316 -139.84534 22020.408 -31949.1 2447.52 -34396.6 74.223552
7.85 258.82896 -503.59954 22112.237 -32136.4 2320.96 -34457.3 74.457048
7.86 272.42548 -67.617154 22040.724 -32086.7 2442.88 -34529.6 74.746322
7.87 271.53744 -90.073693 22021.887 -32001.5 2434.92 -34436.4 74.213927
7.88 261.34188 59.069741 21932.413 -32231.5 2343.49 -34574.9 74.367043
7.89 263.15224 807.43967 21736.315 -32098.5 2359.73 -34458.2 74.134565
7.9 268.43941 299.63746 21901.007 -32133.4 2407.14 -34540.5 74.449066
7.91 271.62367 -7.5536038 22010.363 -32026.7 2435.69 -34462.4 74.82086
7.92 259.17084 408.45095 21880.978 -32368.9 2324.03 -34693 74.559197
7.93 273.59417 3.4125482 22020.467 -32079.6 2453.36 -34533 74.923751
7.94 263.26719 -408.14372 22108.936 -32089.5 2360.76 -34450.3 75.245499
7.95 257.37343 -290.25013 22069.713 -32244.7 2307.91 -34552.6 75.038371
7.96 268.49936 -282.61394 22076.872 -31969.9 2407.68 -34377.6 75.000732
7.97 258.47907 -51.340854 21997.793 -32197.2 2317.82 -34515.1 74.426233
7.98 271.34499 664.86391 21830.519 -32004 2433.19 -34437.2 74.130267
7.99 263.25312 269.20744 21895.516 -32341.6 2360.63 -34702.2 74.465422
8 270.00363 -83.113366 22012.227 -32056 2421.17 -34477.2 74.460548
8.01 254.36592 67.629913 21959.46 -32247.8 2280.94 -34528.8 74.643389
8.02 269.90238 -340.45857 22081.724 -31999.7 2420.26 -34420 74.966275
8.03 257.41281 -295.73627 22052.804 -32268 2308.26 -34576.3 74.864585
8.04 269.33862 -417.93572 22127.502 -32019.2 2415.2 -34434.4 74.916013
8.05 269.44002 -259.58284 22027.584 -32162.2 2416.11 -34578.3 74.793314
8.06 264.96065 23.44854 22003.679 -32048.6 2375.94 -34424.5 74.789909
8.07 256.21455 -211.14084 22011.825 -32205.9 2297.52 -34503.5 74.695439
8.08 269.72841 -369.1486 22091.234 -32213.9 2418.7 -34632.6 74.670572
8.09 264.53457 -70.867585 21991.758 -31979.9 2372.12 -34352 74.585964
8.1 264.44189 495.31884 21866.909 -32034.7 2371.29 -34406 74.306863
8.11 269.78782 503.65185 21871.758 -32111.4 2419.23 -34530.7 74.06277
8.12 280.52702 -190.20555 22052.913 -31853.2 2515.53 -34368.8 74.815364
8.13 263.52806 -156.24213 22022.176 -32103.5 2363.1 -34466.6 74.749563
8.14 272.37228 -285.34268 22055.015 -32090.7 2442.41 -34533.1 74.667656
8.15 269.11962 343.83926 21882.866 -32141.9 2413.24 -34555.2 74.84229
8.16 265.31987 192.61753 21908.221 -32267.1 2379.17 -34646.2 74.289857
8.17 271.59574 680.29925 21790.58 -32004.7 2435.44 -34440.1 74.400808
8.18 262.10545 56.658815 21958.492 -32156.8 2350.34 -34507.2 74.648366
8.19 268.07324 44.623698 21962.204 -32142.8 2403.86 -34546.7 74.275393
8.2 273.79026 -268.80031 22069.075 -31917.6 2455.12 -34372.7 74.395055
8.21 275.68865 168.63775 21954.371 -32120.5 2472.14 -34592.6 74.166735
8.22 271.47882 -91.859544 22043.828 -32087.4 2434.39 -34521.8 74.717582
8.23 273.15903 -324.25888 22077.382 -32102.5 2449.46 -34552 75.014838
8.24 279.00378 -256.31148 22111.174 -32006.6 2501.87 -34508.4 75.231245
8.25 280.7357 -300.46855 22094.91 -32090.5 2517.4 -34607.9 75.18868
8.26 268.50377 -836.86106 22240.965 -32064.1 2407.72 -34471.8 75.406221
8.27 262.07881 -296.89336 22072.05 -32185.2 2350.1 -34535.3 74.887846
8.28 276.45112 -17.788901 21992.185 -31997.2 2478.98 -34476.2 74.909756
8.29 266.32814 6.2612717 21993.899 -32152.7 2388.21 -34541 74.655491
8.3 275.63693 -611.19333 22166.254 -31980.3 2471.68 -34452 74.72933
8.31 270.74532 -120.06999 22040.892 -32133.4 2427.82 -34561.2 74.659202
8.32 274.91327 -161.16834 22052.763 -31940.8 2465.19 -34406 74.490191
8.33 263.05003 -100.81112 22003.308 -32070.5 2358.81 -34429.3 74.877436
8.34 271.26806 -411.66369 22122.062 -32059.7 2432.5 -34492.2 74.807987
8.35 257.93185 -187.57435 22023.834 -32113.9 2312.92 -34426.8 74.487985
8.36 273.49714 -409.31796 22091.621 -31963.9 2452.49 -34416.4 75.186327
8.37 271.68322 -51.869993 22000.319 -32028.1 2436.23 -34464.3 74.792789
8.38 265.08488 -192.81008 22036.779 -32234.2 2377.06 -34611.3 74.922876
8.39 272.88631 -118.05246 22021.272 -32056.7 2447.01 -34503.7 75.013523
8.4 258.4717 -182.98782 22017.317 -32303.1 2317.76 -34620.9 74.988319
8.41 269.62149 -145.93445 22039.527 -32018.3 2417.74 -34436.1 74.701428
8.42 266.86721 -60.425003 21991.443 -32160.2 2393.04 -34553.3 74.423649
8.43 279.33329 163.26421 21973.995 -32003.5 2504.83 -34508.3 74.596443
8.44 272.98613 494.37487 21864.27 -32054.5 2447.91 -34502.4 74.332948
8.45 266.51792 767.91898 21745.635 -32216.4 2389.91 -34606.3 74.170862
8.46 275.48492 1032.7622 21729.732 -32034.3 2470.32 -34504.6 74.041523
8.47 261.33136 580.79435 21827.871 -32203.6 2343.4 -34547 74.372515
8.48 265.68068 260.34441 21931.473 -32008.1 2382.4 -34390.5 74.82569
8.49 239.99775 96.038658 21902.096 -32395.3 2152.1 -34547.4 74.522419
8.5 270.07427 -100.673 22028.042 -31991.2 2421.8 -34413 74.782386
8.51 272.79246 -325.0298 22093.388 -32061.3 2446.17 -34507.5 74.928175
8.52 267.3698 -243.78825 22075.834 -32200.6 2397.55 -34598.1 74.957806
8.53 267.50015 16.807528 22042.555 -31990.1 2398.72 -34388.8 74.832518
8.54 272.08443 633.76095 21809.137 -32177.2 2439.82 -34617 74.564671
8.55 291.17149 602.42496 21865.33 -31760.2 2610.98 -34371.2 74.186216
8.56 273.38789 468.98137 21868.285 -32190.4 2451.51 -34641.9 74.281482
8.57 260.85856 14.080482 21988.84 -31987.7 2339.16 -34326.8 74.486704
8.58 255.39221 -630.70446 22143.209 -32111.1 2290.14 -34401.2 74.911255
8.59 275.14646 -158.20409 22038.258 -32143.1 2467.28 -34610.3 74.846521
8.6 262.16915 -369.53493 22098.284 -32216.9 2350.91 -34567.8 75.08136
8.61 270.64064 -114.03297 22034.953 -32090.4 2426.88 -34517.2 75.196597
8.62 260.46987 -80.876252 21993.29 -32039 2335.67 -34374.7 74.980585
8.63 274.0398 -188.23576 22020.773 -32143.2 2457.36 -34600.5 74.623187
8.64 262.17285 -298.98777 22052.103 -32059.3 2350.95 -34410.2 74.85336
8.65 258.0228 -97.683429 22023.943 -32135.2 2313.73 -34448.9 74.614354
8.66 272.29065 84.592028 22004.34 -32002 2441.67 -34443.7 74.470706
8.67 252.01982 89.026803 21930.887 -32269.5 2259.9 -34529.4 74.13999
8.68 268.67236 137.28769 21904.24 -32012.8 2409.23 -34422.1 74.491586
8.69 252.08736 208.25534 21892.347 -32233.2 2260.51 -34493.8 74.388418
8.7 273.39907 323.30393 21920.774 -32186.2 2451.61 -34637.8 74.336624
8.71 277.60332 711.17893 21804.076 -32103.3 2489.31 -34592.6 74.416143
8.72 254.48792 272.90747 21913.924 -32240.3 2282.03 -34522.3 74.244823
8.73 272.2409 166.18313 21954.962 -31984.4 2441.23 -34425.6 74.686389
8.74 263.8532 110.17563 21972.63 -32226.9 2366.01 -34592.9 74.834857
8.75 275.68587 -344.7073 22117.961 -32052.4 2472.12 -34524.6 75.072491
8.76 269.86465 -539.49678 22116.659 -32129.6 2419.92 -34549.6 74.895978
8.77 291.654 -298.28195 22107.509 -31910.7 2615.31 -34526 74.932723
8.78 273.52877 -247.39746 22077.287 -32039.3 2452.78 -34492.1 74.958707
8.79 271.73107 -777.39533 22207.223 -32064 2436.66 -34500.6 74.954856
8.8 265.26108 -348.37978 22132.512 -32015.2 2378.64 -34393.8 74.9183
8.81 275.02285 330.9913 21939.204 -32176.6 2466.17 -34642.7 74.520686
8.82 280.30746 492.94111 21908.13 -31821 2513.56 -34334.6 74.110881
8.83 272.74267 88.674022 21972.702 -32210.5 2445.73 -34656.2 74.536651
8.84 277.66267 610.76119 21838.146 -31924.1 2489.85 -34413.9 74.152377
8.85 281.59679 284.86689 21930.907 -31933.9 2525.12 -34459.1 74.44205
8.86 266.31939 -148.62365 22055.205 -32046.3 2388.13 -34434.4 74.835347
8.87 268.14777 -58.423537 21995.616 -32225.8 2404.52 -34630.4 74.852912
8.88 274.60817 -178.03689 22068.228 -32111.7 2462.46 -34574.1 75.132665
8.89 257.71186 -174.40009 22027.004 -32122 2310.94 -34432.9 74.558438
8.9 252.83067 -514.78209 22098.21 -32194.1 2267.17 -34461.2 74.609386
8.91 273.49344 -197.66059 22049.77 -31977.4 2452.46 -34429.9 74.768119
8.92 267.04368 -181.5453 22025.862 -32131.2 2394.62 -34525.8 74.588851
8.93 272.41723 85.842584 22007.838 -32137.5 2442.81 -34580.3 74.676368
8.94 259.70715 -43.878589 21986.216 -32319.4 2328.84 -34648.2 74.708323
8.95 273.51487 708.91936 21822.629 -32088 2452.65 -34540.7 74.521983
8.96 251.53225 436.62624 21858.319 -32338.1 2255.53 -34593.7 74.337777
8.97 264.53879 270.92625 21894.692 -32052.6 2372.16 -34424.7 74.53455
8.98 271.14193 421.81512 21853.555 -32225.1 2431.37 -34656.5 74.186455
8.99 273.10943 241.73344 21944.072 -32015.6 2449.02 -34464.6 74.460245
9 270.46608 30.320668 21978.851 -32101.6 2425.31 -34526.9 74.387637
9.01 284.73516 -55.422219 21998.465 -31976.6 2553.27 -34529.9 74.509289
9.02 268.4244 145.85437 21930.406 -32201 2407 -34608 74.495609
9.03 265.31079 -78.526506 21994.434 -32308.3 2379.08 -34687.4 74.653099
9.04 277.15497 -117.6153 22066.166 -32027.6 2485.29 -34512.9 74.683898
9.05 266.54198 -589.73297 22149.161 -32225.3 2390.12 -34615.5 75.05023
9.06 270.04833 -245.90135 22049.546 -32146.8 2421.57 -34568.4 74.726126
9.07 276.08906 -319.16508 22118.981 -32007.3 2475.73 -34483 75.06024
9.08 256.43857 -317.96916 22091.883 -32279.2 2299.53 -34578.7 74.880353
9.09 276.28267 -104.6966 22003.367 -31984 2477.47 -34461.5 74.84071
9.1 256.50463 -56.412451 22003.331 -32113.3 2300.12 -34413.5 74.533675
9.11 273.94576 -3.2692588 21987.597 -32006.3 2456.52 -34462.8 74.704229
9.12 267.0006 111.80953 21973.561 -32016 2394.24 -34410.2 74.634547
9.13 262.06684 466.09676 21850.797 -32246.1 2349.99 -34596.1 74.477492
9.14 272.2976 178.44762 21928.02 -32120.7 2441.74 -34562.4 74.381453
9.15 262.39153 492.77234 21815.956 -32113.8 2352.91 -34466.7 74.170205
9.16 275.33839 158.48421 21951.63 -32008.7 2469 -34477.7 74.529184
9.17 253.41936 510.31211 21823.615 -32352.8 2272.45 -34625.3 74.378207
9.18 270.89276 348.32259 21875.508 -31991.9 2429.14 -34421.1 74.523946
9.19 269.2335 257.72185 21921.097 -32187.6 2414.26 -34601.9 74.856579
9.2 262.0685 190.04939 21974.979 -32122.8 2350.01 -34472.8 74.629293
9.21 277.58656 -68.139755 22023.53 -31972.1 2489.16 -34461.2 74.558707
9.22 266.9355 -314.59143 22033.712 -32118.1 2393.65 -34511.7 74.775649
9.23 283.2378 -261.91797 22066.951 -31966.4 2539.84 -34506.2 74.672736
9.24 265.13842 -190.45361 22058.962 -32165.8 2377.54 -34543.3 74.756019
9.25 281.27959 300.25772 21930.481 -32018.9 2522.28 -34541.2 74.452577
9.26 269.33845 364.94613 21867.702 -32090.1 2415.2 -34505.3 74.342914
9.27 265.34441 372.18988 21903.154 -32096.1 2379.39 -34475.4 74.707731
9.28 282.58527 484.38983 21910.514 -32017.6 2533.99 -34551.6 74.435235
9.29 278.72614 100.95908 21946.178 -32162.9 2499.38 -34662.3 74.640154
9.3 276.77666 -68.127351 21993.792 -32108.9 2481.9 -34590.8 74.813925
9.31 268.72424 128.3838 21953.11 -32178.5 2409.69 -34588.2 74.498013
9.32 267.76268 -65.573161 22019.464 -31932.1 2401.07 -34333.2 74.422854
9.33 267.81205 -26.929399 21986.929 -32188.7 2401.51 -34590.2 74.549798
9.34 271.8655 -217.07816 22040.426 -32048.7 2437.86 -34486.6 74.790965
9.35 250.07682 -444.42182 22096.161 -32435.6 2242.48 -34678.1 74.848087
9.36 265.74902 -77.027194 22044.749 -32041.7 2383.01 -34424.7 75.059951
9.37 272.15908 404.54929 21908.7 -32124 2440.49 -34564.5 74.707252
9.38 262.07601 171.83082 21936.137 -31950.2 2350.08 -34300.3 74.078417
9.39 265.97307 548.85417 21797.355 -32204.8 2385.02 -34589.8 74.305519
9.4 266.99287 -51.880418 21979.313 -31983 2394.17 -34377.1 74.470086
9.41 247.71026 -152.85306 21987.603 -32393.4 2221.26 -34614.7 74.473004
9.42 277.98785 -342.39795 22109.358 -31995.9 2492.76 -34488.7 74.569284
9.43 277.11962 -103.53196 22024.358 -32069.8 2484.98 -34554.8 74.74366
9.44 263.06761 -78.166897 21984.171 -32188.1 2358.97 -34547.1 74.687448
9.45 275.64997 36.96733 21993.19 -31944.5 2471.8 -34416.3 74.697153
9.46 272.0327 286.6253 21892.501 -32099.4 2439.36 -34538.7 74.450804
9.47 254.57453 212.4552 21926.297 -32128.4 2282.81 -34411.2 74.839292
9.48 280.67118 -167.58511 22058.739 -31956.7 2516.82 -34473.5 74.806884
9.49 265.30903 -210.38244 22021.903 -32192.2 2379.07 -34571.2 74.762429
9.5 262.26037 -572.61783 22144.683 -32104.6 2351.73 -34456.4 74.934579
9.51 259.06738 -117.70655 22026.808 -32171.6 2323.1 -34494.7 74.682085
9.52 268.50237 -186.53235 22040.028 -32001 2407.7 -34408.7 74.796255
9.53 255.97868 -83.833363 21993.597 -32320.3 2295.4 -34615.7 74.693773
9.54 269.87001 71.336397 21966.418 -32061.6 2419.97 -34481.6 74.653752
9.55 275.25407 132.45464 21927.528 -32158.3 2468.25 -34626.6 74.612883
9.56 267.72522 -525.122 22081.527 -32145.2 2400.73 -34545.9 74.72795
9.57 263.2037 -361.07293 22063.957 -32099.2 2360.19 -34459.3 74.439534
9.58 254.85504 -224.92608 22007.058 -32371.4 2285.33 -34656.7 74.461035
9.59 275.39614 -472.05867 22128.928 -31998.6 2469.52 -34468.1 74.864191
9.6 264.24428 -219.56437 22057.483 -32242.6 2369.52 -34612.1 74.503743
9.61 273.201 89.149427 21995.269 -32025 2449.84 -34474.8 74.72274
9.62 257.04558 37.487078 21934.368 -32261 2304.97 -34566 74.709424
9.63 260.28041 291.84029 21869.848 -32131.9 2333.98 -34465.8 74.464162
9.64 270.53106 299.73171 21893.788 -32075.6 2425.9 -34501.5 74.852482
9.65 260.45963 477.19398 21860.029 -32245.7 2335.58 -34581.3 74.514453
9.66 268.27386 300.71273 21887.431 -32061.8 2405.65 -34467.5 74.763933
9.67 261.66324 379.48324 21898.748 -32257.4 2346.38 -34603.8 74.605446
9.68 256.71071 -237.96299 22043.449 -32154.2 2301.97 -34456.1 74.96058
9.69 267.29722 -405.53323 22113.195 -32046.5 2396.9 -34443.4 74.897487
9.7 266.22708 -326.21009 22094.793 -32085.4 2387.3 -34472.7 74.752631
9.71 277.07605 -513.76892 22114.882 -31969.1 2484.59 -34453.7 74.889268
9.72 262.66054 -14.608837 22023.22 -32135.5 2355.32 -34490.9 74.716835
9.73 264.0636 109.01863 21938.056 -32258.7 2367.9 -34626.6 74.259901
9.74 263.56199 537.86121 21820.84 -32141.6 2363.4 -34505 74.14666
9.75 274.24537 365.73227 21904.446 -32078.7 2459.2 -34537.9 74.336485
9.76 260.51371 152.7176 21898.802 -32321.4 2336.07 -34657.5 74.523969
9.77 277.70231 239.04417 21941.171 -32022.5 2490.2 -34512.7 74.573043
9.78 285.60889 658.00041 21877.801 -31938.5 2561.1 -34499.6 74.566558
9.79 266.53079 588.69207 21820.657 -32081.3 2390.02 -34471.3 74.789419
9.8 286.22266 287.82085 21937.973 -32059.6 2566.6 -34626.2 74.837718
9.81 256.29563 244.02022 21912.522 -32250.5 2298.24 -34548.8 74.770341
9.82 280.52054 98.581147 21975.306 -32009.8 2515.47 -34525.3 74.520474
9.83 259.59831 -603.56571 22135.219 -32200.8 2327.86 -34528.7 74.761116
9.84 270.04581 -157.30192 22047.528 -32160.1 2421.54 -34581.7 74.86632
9.85 261.83806 -284.22817 22102.328 -32099.4 2347.94 -34447.4 75.051105
9.86 261.94015 -301.63533 22071.287 -32117.5 2348.86 -34466.4 74.652578
9.87 263.28933 -274.3083 22096.121 -31964.3 2360.96 -34325.2 74.688437
9.88 274.53762 -315.0928 22094.136 -31995.7 2461.82 -34457.6 74.898539
9.89 246.19904 -456.95755 22084.462 -32366.8 2207.71 -34574.5 74.74165
9.9 278.81589 -251.1292 22050.183 -32005.8 2500.19 -34506 74.609418
9.91 254.88332 -232.2148 22093.259 -32050.9 2285.58 -34336.5 74.904339
9.92 267.3809 689.72404 21788.139 -32292.9 2397.65 -34690.6 74.533515
9.93 264.47526 426.98825 21875.381 -32089.3 2371.59 -34460.8 74.569881
9.94 254.0985 372.6036 21855.024 -32471.9 2278.54 -34750.4 74.384328
9.95 268.94994 635.10764 21835.407 -32069.4 2411.72 -34481.1 74.134556
9.96 267.07706 238.59159 21906.719 -32260.2 2394.92 -34655.1 74.390458
9.97 273.47783 404.28106 21904.934 -31994.6 2452.32 -34446.9 74.517406
9.98 282.32253 240.44641 21945.376 -31972.7 2531.63 -34504.3 74.622813
