0 272.80845 -164.77946 46117.315 -63296.7 5188.64 -68485.3 9.8976836
0.01 263.81961 406.17172 46272.013 -63602.1 5017.68 -68619.8 23.663761
0.02 270.2852 785.21819 45769.748 -63690.2 5140.65 -68830.9 33.106364
0.03 277.89311 -282.53189 46550.342 -63219.1 5285.35 -68504.4 39.136163
0.04 276.95051 761.90374 46029.195 -63225.7 5267.42 -68493.1 49.656651
0.05 270.37785 963.28594 46025.75 -63498.9 5142.41 -68641.3 57.274052
0.06 275.72988 -225.79651 46415.725 -63616.5 5244.21 -68860.7 66.856333
0.07 261.90868 -155.45784 46305.528 -63656.3 4981.33 -68637.7 76.237305
0.08 269.01762 -258.07428 46346.409 -63541 5116.54 -68657.6 83.835343
0.09 266.63337 93.59778 46229.698 -63622.9 5071.2 -68694.1 95.494514
0.1 283.27665 356.22769 46218.147 -63162.3 5387.74 -68550 104.62756
0.11 268.95562 -960.64588 46717.166 -63365.2 5115.36 -68480.5 113.6185
0.12 275.88854 513.37951 46001.261 -62887.4 5247.22 -68134.6 126.06878
0.13 275.52408 -236.07628 46268.744 -62697 5240.29 -67937.3 134.72989
0.14 270.85288 140.07671 46102.212 -62972.3 5151.45 -68123.7 146.84357
0.15 280.94711 -102.24458 46225.774 -62615.5 5343.43 -67958.9 157.4927
0.16 274.13213 47.259178 46241.268 -63255.4 5213.82 -68469.2 168.33472
0.17 260.62616 -494.55022 46662.823 -63289 4956.94 -68245.9 177.29879
0.18 268.06275 -3.5442857 46172.214 -63100.2 5098.38 -68198.6 181.98117
0.19 274.56079 -35.63213 46454.916 -63326.2 5221.97 -68548.1 194.31732
0.2 281.46804 -44.790558 46231.811 -62987.1 5353.34 -68340.4 203.54742
0.21 271.38042 -256.06603 46151.503 -62931.9 5161.48 -68093.4 214.66429
0.22 275.91173 543.67503 45879.412 -62605.5 5247.66 -67853.2 225.72006
0.23 277.18032 -410.16541 46065.482 -62795.8 5271.79 -68067.6 235.43158
0.24 270.63702 -145.17474 46487.8 -62843.4 5147.34 -67990.7 244.48506
0.25 269.73794 548.065 46103.002 -62723.9 5130.24 -67854.1 252.68306
0.26 279.31263 149.27973 46247.105 -62413.3 5312.35 -67725.7 267.65749
0.27 275.53071 290.45904 46047.336 -62390 5240.42 -67630.5 279.45464
0.28 274.88727 730.47697 45870.13 -62466.5 5228.18 -67694.7 291.4928
0.29 272.62098 256.57775 45951.645 -62382.9 5185.08 -67568 301.96841
0.3 268.61756 307.36367 45929.01 -62227.3 5108.93 -67336.2 312.12861
0.31 270.20321 -416.58938 46238.424 -62102.6 5139.09 -67241.7 327.29012
0.32 277.25068 -39.080135 46305.263 -61882.4 5273.13 -67155.5 341.08357
0.33 272.48494 -454.01828 45981.367 -61890.5 5182.49 -67073 353.85445
0.34 261.05396 51.165016 46008.092 -61817.8 4965.08 -66782.8 373.97361
0.35 277.13418 690.56045 45915.062 -61234.7 5270.91 -66505.6 385.09843
0.36 280.30664 -53.67954 45642.186 -60596.8 5331.25 -65928 399.0951
0.37 267.42948 -527.21533 45865.723 -59955.9 5086.34 -65042.3 416.16182
0.38 273.07233 -138.1444 45585.763 -59790.5 5193.66 -64984.1 443.82935
0.39 266.95644 -114.50578 45552.962 -60089.4 5077.34 -65166.7 472.58236
0.4 279.14991 714.70369 45277.04 -59970.1 5309.25 -65279.4 498.77792
0.41 277.27959 682.08223 45240.298 -59547.8 5273.68 -64821.5 525.40229
0.42 269.75993 142.59376 45671.014 -59995.5 5130.66 -65126.1 562.83597
0.43 280.62407 158.01003 45399.01 -59629 5337.29 -64966.2 587.22886
0.44 275.08671 218.0287 45449.452 -59854.7 5231.97 -65086.7 616.14914
0.45 279.77945 372.19653 45717.106 -59894.1 5321.23 -65215.3 634.0947
0.46 271.13333 270.45459 45240.196 -60196.9 5156.78 -65353.7 654.30779
0.47 268.87085 644.25212 45455.545 -60059.4 5113.75 -65173.1 682.00832
0.48 274.32799 941.36618 45193.882 -60254.1 5217.54 -65471.7 710.29683
0.49 269.65969 186.27506 45529.103 -60070.4 5128.75 -65199.2 737.59771
0.5 268.60227 -195.18772 45563.427 -59796.6 5108.64 -64905.2 765.08486
0.51 263.88344 -81.39532 45462.207 -60089.7 5018.89 -65108.6 796.33091
0.52 272.69094 146.67816 45623.176 -59917.2 5186.41 -65103.6 824.64974
0.53 273.98767 239.54621 45371.038 -59775.9 5211.07 -64987 844.05812
0.54 267.69574 -352.22422 46033.573 -60049.8 5091.4 -65141.2 871.26347
0.55 264.33244 -511.53167 45693.497 -59612.7 5027.43 -64640.1 889.57723
0.56 270.26795 -469.2036 45539.58 -60086.8 5140.32 -65227.2 919.87345
0.57 270.10883 -141.65393 45659.858 -60206.2 5137.3 -65343.5 943.4031
0.58 278.82217 -61.322603 45775.592 -59862.4 5303.02 -65165.4 962.70483
0.59 278.6495 341.70825 45527.076 -59808.2 5299.73 -65107.9 983.39242
0.6 270.13909 57.673863 45621.134 -59933.8 5137.87 -65071.7 1005.3323
0.61 269.97447 -323.23883 45847.161 -59884.5 5134.74 -65019.2 1040.0524
0.62 261.9903 135.84266 45640.164 -60257.3 4982.89 -65240.2 1070.2453
0.63 271.0969 180.49817 45654.442 -60186.2 5156.09 -65342.3 1086.4338
0.64 276.5523 210.03099 45385.345 -59835.8 5259.85 -65095.6 1124.0796
0.65 265.00222 -467.24921 45457.375 -60048.1 5040.17 -65088.3 1146.6526
0.66 268.07133 320.46624 45500.069 -59790.1 5098.54 -64888.7 1174.0983
0.67 273.29923 103.27035 45387.386 -60013.4 5197.98 -65211.4 1190.6442
0.68 275.43892 -875.68216 45850.153 -59721.9 5238.67 -64960.6 1222.2685
0.69 273.52646 117.25728 45631.796 -59980.9 5202.3 -65183.2 1246.3089
0.7 262.77238 -184.07253 45702.909 -60059.4 4997.76 -65057.2 1267.3784
0.71 265.90474 -13.78306 45581.91 -60175.1 5057.34 -65232.4 1290.8604
0.72 271.07719 876.10123 45405.385 -60059.9 5155.71 -65215.6 1308.5828
0.73 277.4932 513.40566 45692.951 -59570.5 5277.74 -64848.2 1345.5971
0.74 267.95093 -759.84114 45562.282 -60081.7 5096.25 -65177.9 1372.9842
0.75 276.12566 -154.5157 45850.84 -60016.3 5251.73 -65268.1 1405.8121
0.76 269.72586 -563.79408 45836.251 -59867.6 5130.01 -64997.6 1433.7719
0.77 267.21319 -34.854585 45726.884 -59947 5082.22 -65029.2 1451.5395
0.78 273.02037 -313.73234 45901.068 -59823.2 5192.67 -65015.8 1478.2536
0.79 278.16486 -34.664131 45250.375 -59630.2 5290.52 -64920.7 1494.3393
0.8 263.06771 -99.328851 45461.906 -60007.2 5003.38 -65010.6 1527.2476
0.81 282.02724 106.68008 45511.07 -59397 5363.98 -64761 1562.7281
0.82 273.23458 152.65844 45524.514 -59969.2 5196.75 -65166 1582.5166
0.83 266.39398 659.5407 45390.619 -60106 5066.64 -65172.7 1613.9479
0.84 273.31731 355.86189 45591.865 -59770.8 5198.32 -64969.2 1651.3532
0.85 278.7989 704.12187 45361.534 -60049.1 5302.58 -65351.6 1665.0954
0.86 276.23066 176.02784 45050.662 -59975.1 5253.73 -65228.8 1684.8772
0.87 273.08426 -173.19899 45449.359 -59956.1 5193.89 -65150 1724.7
0.88 279.18348 244.53119 45429.156 -59758.7 5309.89 -65068.6 1757.3844
0.89 272.44145 814.81338 45397.478 -60064.1 5181.66 -65245.8 1796.2559
0.9 269.21897 -173.05115 45686.545 -59834 5120.37 -64954.3 1834.9385
0.91 269.59822 15.912229 45729.342 -59792.7 5127.58 -64920.3 1864.1345
0.92 277.49728 -479.21565 45670.349 -59802.1 5277.82 -65080 1895.1707
0.93 262.96962 -470.92613 45782.795 -60229.2 5001.51 -65230.7 1919.6657
0.94 271.19956 101.59932 45594.275 -59915.9 5158.04 -65074 1948.981
0.95 273.41554 74.574541 45530.38 -59713.3 5200.19 -64913.5 1968.2761
0.96 261.71551 -155.06833 45773.264 -60075.5 4977.66 -65053.2 2009.5901
0.97 261.58895 -66.152935 45581.468 -59815.9 4975.25 -64791.2 2038.4253
0.98 266.56484 -179.67603 45425.986 -60225.4 5069.89 -65295.2 2065.9772
0.99 271.60772 556.89451 45386.451 -59796.5 5165.8 -64962.3 2096.0396
1 264.55922 100.48652 45301.748 -60333.4 5031.75 -65365.1 2120.2328
1.01 276.31661 151.99154 45370.202 -59865.5 5255.36 -65120.9 2154.7406
1.02 283.10424 24.597737 45420.692 -59777 5384.46 -65161.5 2192.7295
1.03 268.67604 467.70068 45583.155 -60107.8 5110.05 -65217.9 2226.3191
1.04 273.86797 176.76433 45414.242 -59576.5 5208.79 -64785.3 2244.5369
1.05 273.29625 -66.340739 45897.771 -60003.5 5197.92 -65201.5 2306.1656
1.06 274.59304 758.32721 45567.731 -59717.2 5222.58 -64939.8 2325.9464
1.07 266.90549 686.89739 45327.721 -60203.7 5076.37 -65280.1 2355.9539
1.08 266.08931 495.64266 45257.048 -59878.2 5060.85 -64939.1 2392.9977
1.09 268.06484 386.00632 45023.268 -60106.6 5098.42 -65205.1 2407.2179
1.1 274.69708 155.53176 45383.589 -59895.3 5224.56 -65119.9 2451.5181
1.11 274.89495 -591.06792 46038.426 -59832.8 5228.33 -65061.1 2522.8666
1.12 275.55201 -231.56903 45774.796 -59922 5240.82 -65162.8 2539.1014
1.13 266.64695 298.67188 45264.972 -60056.3 5071.45 -65127.7 2549.3931
1.14 268.74345 529.24168 45377.731 -59875.5 5111.33 -64986.8 2573.0241
1.15 260.69772 -92.432402 45390.461 -60176.5 4958.3 -65134.8 2607.9721
1.16 284.87956 230.47696 45572.364 -59854.4 5418.23 -65272.6 2636.5858
1.17 278.05969 505.67286 45281.208 -60091.4 5288.52 -65379.9 2659.3549
1.18 272.96069 349.64164 45376.325 -60268.7 5191.54 -65460.2 2694.4282
1.19 274.83911 143.17175 45572.024 -59938.8 5227.26 -65166.1 2728.726
1.2 264.02339 104.18676 45671.32 -59936.8 5021.55 -64958.4 2760.5518
1.21 280.91819 -169.22976 45373.688 -59764.7 5342.88 -65107.5 2762.4631
1.22 274.96651 243.80864 45453.927 -59816.5 5229.69 -65046.2 2793.3496
1.23 271.58074 474.63415 45495.594 -60093.5 5165.29 -65258.8 2813.4965
1.24 269.2792 -802.16848 45894.494 -60062.4 5121.52 -65183.9 2854.2138
1.25 267.55433 -120.07782 45208.717 -60076.6 5088.71 -65165.3 2856.252
1.26 272.77075 416.08186 45236.522 -59648.9 5187.92 -64836.8 2871.9102
1.27 277.31396 152.11328 45768.691 -59873.1 5274.33 -65147.4 2928.6712
1.28 269.96041 -78.252419 45219.733 -60229.8 5134.47 -65364.3 2926.6074
1.29 271.02979 -65.46855 45433.991 -59809.2 5154.81 -64964 2959.9783
1.3 271.05718 -227.49232 45686.23 -60160.7 5155.33 -65316 3005.0976
1.31 261.99689 -1000.6283 45932.929 -60248.9 4983.01 -65232 3050.109
1.32 278.81692 533.25382 45244.54 -59944.7 5302.92 -65247.6 3038.801
1.33 274.9419 -194.50411 46097.057 -59787.7 5229.22 -65016.9 3099.9279
1.34 267.22053 -235.78038 45776.306 -60161.6 5082.36 -65244 3112.1068
1.35 277.84647 -22.338566 45501.058 -59728.3 5284.46 -65012.8 3127.1405
1.36 263.07811 577.88232 45307.2 -60177.1 5003.58 -65180.7 3153.5949
1.37 278.89801 197.37178 45425.238 -59635.5 5304.46 -64939.9 3181.7506
1.38 277.87444 226.60211 45750.538 -59861.8 5284.99 -65146.8 3228.8053
1.39 270.93156 367.94008 45589.098 -60205.1 5152.94 -65358 3242.0503
1.4 273.73766 68.315329 45533.528 -59837.9 5206.31 -65044.2 3268.416
1.41 277.94762 -329.03774 45521.876 -59743.1 5286.38 -65029.5 3304.8174
1.42 279.38661 20.038999 45322.357 -60109 5313.75 -65422.8 3304.2751
1.43 276.86803 155.3588 45587.475 -59702.5 5265.85 -64968.4 3341.9028
1.44 273.87729 326.82187 45394.419 -59877.1 5208.97 -65086.1 3370.8988
1.45 272.12356 128.80286 45228.485 -60103.2 5175.62 -65278.8 3404.1882
1.46 267.46828 1002.3165 45372.323 -59933.4 5087.07 -65020.5 3451.2232
1.47 279.77813 -59.309811 45441.858 -59862.2 5321.2 -65183.4 3479.0345
1.48 264.70758 374.31635 45494.043 -60286.7 5034.57 -65321.3 3500.7015
1.49 271.27026 -100.75039 45642.769 -59828.5 5159.39 -64987.9 3526.5902
1.5 257.51455 -184.70379 45326.67 -60127.7 4897.76 -65025.5 3544.1081
1.51 268.88046 185.449 45570.25 -59749.9 5113.93 -64863.8 3601.1063
1.52 269.26952 371.41821 45566.776 -59990.9 5121.33 -65112.2 3626.0261
1.53 288.76734 152.36549 45700.529 -59541.5 5492.17 -65033.6 3654.2424
1.54 272.52087 -9.5514965 45537.462 -60016.3 5183.17 -65199.5 3676.9979
1.55 277.95676 189.14675 45731.668 -59648.1 5286.56 -64934.7 3738.4786
1.56 268.55166 236.23744 45433.053 -60031.8 5107.68 -65139.5 3762.0792
1.57 275.94459 -188.50695 45691.357 -59764.3 5248.29 -65012.5 3801.563
1.58 268.46027 212.25661 45388.59 -59900.3 5105.94 -65006.3 3807.6034
1.59 267.29799 409.32224 45608.861 -60153.1 5083.84 -65236.9 3835.8054
1.6 262.16299 -314.00351 45435.498 -60332.3 4986.17 -65318.5 3864.2866
1.61 268.5226 -137.27134 45825.231 -59912.9 5107.13 -65020.1 3898.9614
1.62 272.81717 -353.64526 45478.768 -59902 5188.81 -65090.8 3926.6482
1.63 264.53178 30.983547 45636.582 -60171 5031.22 -65202.3 3960.9737
1.64 277.13826 158.31309 45568.796 -59955 5270.99 -65226 3995.8569
1.65 263.64296 -464.1825 45981.184 -59973.7 5014.32 -64988.1 4039.8406
1.66 276.48338 479.24778 45420.346 -59739 5258.54 -64997.5 4046.8795
1.67 279.63189 109.31133 45511.069 -59648.1 5318.42 -64966.5 4092.0607
1.68 267.89655 -128.61335 45644.625 -60348.5 5095.22 -65443.7 4119.8325
1.69 274.256 -321.46444 45579.903 -59811.7 5216.17 -65027.8 4133.3461
1.7 267.91551 483.18877 45515.592 -59729.5 5095.58 -64825.1 4166.94
1.71 266.39653 599.43498 45663.268 -59847.2 5066.69 -64913.9 4219.7806
1.72 272.30248 -591.8216 45693.839 -59891.4 5179.02 -65070.4 4233.4711
1.73 275.11374 -98.949674 45405.205 -60048.3 5232.49 -65280.7 4237.9311
1.74 277.27688 -689.5513 45790.276 -59778.8 5273.63 -65052.4 4292.3536
1.75 271.85962 32.729716 45596.475 -59872.9 5170.6 -65043.5 4309.6107
1.76 273.54094 -594.7334 45857.935 -59886.8 5202.57 -65089.4 4326.6327
1.77 270.76335 82.238054 45524.737 -60224.8 5149.74 -65374.5 4342.3296
1.78 269.09987 776.51475 45142.729 -59922.7 5118.11 -65040.8 4341.4337
1.79 269.26926 342.18612 45486.18 -60032.7 5121.33 -65154 4396.3428
1.8 281.02673 -76.274878 45870.455 -59608.2 5344.95 -64953.1 4434.5264
1.81 265.6087 271.03638 45362.834 -59921.1 5051.71 -64972.8 4426.2046
1.82 277.38151 448.79327 45313.731 -59879.9 5275.62 -65155.5 4454.5187
1.83 272.86632 225.59458 45601.635 -59647.5 5189.74 -64837.3 4482.6773
1.84 268.87901 604.76753 45544.688 -59835.1 5113.91 -64949 4514.9408
1.85 271.37257 750.3339 45180.511 -60142 5161.33 -65303.4 4496.4284
1.86 269.3178 1096.2346 45443.942 -59991.9 5122.25 -65114.1 4542.0134
1.87 259.65371 -136.02316 45581.738 -60179.5 4938.45 -65117.9 4561.1765
1.88 268.99376 -211.14858 45580.685 -59957.9 5116.09 -65074 4578.1118
1.89 269.55638 39.946575 45418.058 -60040.4 5126.79 -65167.2 4583.9032
1.9 277.53383 -359.36307 45746.699 -59761.4 5278.51 -65039.9 4624.4201
1.91 266.80797 582.63791 45217.899 -59981.8 5074.52 -65056.3 4628.2344
1.92 261.95541 -567.36647 45711.976 -60129.6 4982.22 -65111.8 4699.2412
1.93 274.11815 63.111904 45639.919 -59929.6 5213.55 -65143.1 4721.7072
1.94 267.20099 -170.04514 45781.918 -59860 5081.99 -64942 4765.6653
1.95 270.69243 -83.843038 45308.371 -59840.3 5148.4 -64988.7 4730.2596
1.96 274.00845 -451.69128 45636.366 -59848.4 5211.46 -65059.9 4791.8261
1.97 264.35325 -863.46428 45829.819 -59868.8 5027.83 -64896.6 4833.6509
1.98 276.93515 -484.29248 45581.591 -59687.8 5267.13 -64954.9 4852.9139
1.99 271.39422 11.755206 45418.828 -60114.9 5161.74 -65276.7 4852.557
2 271.81042 410.43918 45342.905 -59900.8 5169.66 -65070.5 4883.4438
2.01 277.63452 -168.9716 45580.171 -59905.3 5280.43 -65185.8 4937.6957
2.02 271.16313 459.96065 45504.83 -59807.7 5157.35 -64965.1 4978.585
2.03 273.62412 -68.807651 45764.132 -59895.9 5204.15 -65100.1 5016.2172
2.04 268.44947 -488.48171 45617.207 -60014.5 5105.74 -65120.2 5047.3477
2.05 278.0371 -250.93659 45718.224 -59873.6 5288.09 -65161.7 5107.5946
2.06 274.24045 668.25831 45439.098 -60005.8 5215.88 -65221.7 5114.2126
2.07 266.96601 -213.03248 45690.265 -59912.2 5077.52 -64989.8 5146.6923
2.08 264.77144 -220.22922 45232.115 -59953.3 5035.78 -64989 5134.5252
2.09 273.70794 171.62274 45922.877 -59686.9 5205.75 -64892.7 5202.0064
2.1 278.07187 -324.18713 45632.268 -59606.2 5288.75 -64894.9 5197.0562
2.11 266.95645 -202.67115 45530.437 -60037.6 5077.34 -65114.9 5206.9628
2.12 252.61886 -517.35575 45619.466 -60419.9 4804.65 -65224.6 5240.1021
2.13 271.4912 -839.06384 46315.817 -59778.1 5163.59 -64941.7 5330.5545
2.14 281.24664 -93.801047 45693.532 -59686.5 5349.13 -65035.6 5326.1444
2.15 265.77816 15.875733 45612.95 -60066.5 5054.93 -65121.4 5343.7095
2.16 278.50991 -486.697 45648.154 -59875.2 5297.08 -65172.2 5384.2124
2.17 281.97523 48.824719 45451.316 -59626.2 5362.99 -64989.2 5391.7936
2.18 280.07725 503.28062 45753.543 -59758.8 5326.89 -65085.7 5444.9731
2.19 268.75936 426.34305 45429.957 -60177.6 5111.63 -65289.2 5462.8534
2.2 262.17635 105.09904 45443.323 -60081 4986.43 -65067.4 5491.8064
2.21 270.10921 -190.29071 45815.228 -59814.2 5137.3 -64951.5 5561.1538
2.22 268.07557 714.07808 45507.026 -60279.6 5098.62 -65378.3 5560.7114
2.23 278.79401 -609.22416 45902.127 -59865.5 5302.48 -65167.9 5610.8347
2.24 274.73264 477.45334 45588.404 -60144 5225.24 -65369.3 5616.7221
2.25 273.62416 292.86838 45716.962 -60039.2 5204.16 -65243.4 5651.9247
2.26 277.06203 -174.98296 45669.287 -59426.6 5269.54 -64696.1 5682.6967
2.27 270.54262 503.75306 45175.564 -60010.7 5145.55 -65156.3 5679.5825
2.28 279.41874 199.30644 45611.687 -59614.2 5314.36 -64928.6 5759.5599
2.29 269.14536 -535.86459 45685.194 -59928.3 5118.97 -65047.3 5788.1087
2.3 272.78882 479.29981 45317.873 -59867.7 5188.27 -65055.9 5784.0672
2.31 274.67449 587.37665 45361.486 -59851.8 5224.13 -65075.9 5816.5565
2.32 264.35929 797.39516 45082.68 -59995.9 5027.94 -65023.8 5833.7721
2.33 279.60449 -29.288536 45740.408 -59664.9 5317.9 -64982.8 5905.6321
2.34 282.16403 239.58671 45561.705 -59820.5 5366.58 -65187.1 5917.5278
2.35 260.01183 -172.5396 45504.797 -60184.1 4945.26 -65129.4 5913.4258
2.36 279.655 430.18913 45670.011 -59779.8 5318.86 -65098.7 5951.9288
2.37 277.89842 163.90872 45622.17 -60020 5285.45 -65305.4 5974.9049
2.38 274.16827 364.88499 44960.73 -59600.7 5214.5 -64815.2 5943.4289
2.39 276.22285 276.72186 45256.186 -60143.2 5253.58 -65396.8 5994.2195
2.4 277.81048 -333.61915 45571.008 -59806.5 5283.78 -65090.3 6030.8991
2.41 276.42536 256.09437 45252.992 -59757.2 5257.43 -65014.6 6036.1376
2.42 269.52276 386.85193 45661.9 -60231.4 5126.15 -65357.5 6126.5006
2.43 270.10455 312.99488 45309.779 -60026.5 5137.21 -65163.7 6112.4277
2.44 275.16478 -295.47673 45757.956 -59426.2 5233.46 -64659.7 6176.7796
2.45 271.29456 181.08381 45381.508 -59783.5 5159.85 -64943.4 6169.4699
2.46 273.49289 -234.18101 45544.625 -59656.8 5201.66 -64858.5 6209.4066
2.47 274.11923 569.67955 45432.173 -59999.4 5213.57 -65213 6229.7578
2.48 265.13199 79.640949 45212.907 -60170.7 5042.64 -65213.3 6245.5768
2.49 269.49339 580.16723 45339.003 -59973.5 5125.59 -65099 6276.5584
2.5 275.53628 594.1967 45312.013 -59999.1 5240.52 -65239.6 6312.2804
2.51 270.10272 467.22055 45362.48 -59818.8 5137.18 -64956 6356.6567
2.52 272.29551 -210.24294 45691.509 -59731.4 5178.89 -64910.3 6434.2557
2.53 269.21832 54.474044 45369.109 -59716.8 5120.36 -64837.2 6433.2454
2.54 272.22284 -50.348836 45440.07 -59985 5177.5 -65162.5 6473.4174
2.55 272.21926 184.59251 45478.736 -60148.2 5177.44 -65325.6 6482.8551
2.56 268.33262 -72.288242 45644.985 -60010 5103.51 -65113.5 6521.3545
2.57 276.6225 -57.139483 45581.987 -59857.7 5261.18 -65118.8 6544.7168
2.58 269.62885 -342.09242 45573.366 -59854.2 5128.17 -64982.3 6558.0429
2.59 265.86917 -246.49735 45531.537 -59987 5056.66 -65043.7 6572.6466
2.6 271.42638 522.21402 45309.881 -60023.2 5162.36 -65185.6 6579.784
2.61 268.92044 -724.79614 45444.395 -59928 5114.69 -65042.7 6634.0407
2.62 278.07362 -404.28511 45697.015 -59743.1 5288.78 -65031.9 6677.8294
2.63 268.44482 841.28473 45358.67 -59947.2 5105.65 -65052.8 6668.0974
2.64 268.14061 116.5127 45180.077 -59914.9 5099.86 -65014.8 6656.9214
2.65 269.64863 -882.62474 45486.005 -59877.4 5128.54 -65006 6709.5515
2.66 278.52423 250.68276 45554.385 -59912.1 5297.35 -65209.5 6750.1932
2.67 274.82393 57.024303 45325.409 -59933.7 5226.97 -65160.7 6735.8725
2.68 277.1293 844.81908 45178.074 -59764.2 5270.82 -65035 6748.9646
2.69 259.19411 -271.89925 45647.882 -59974.9 4929.71 -64904.6 6790.4064
2.7 277.54868 35.919149 45672.848 -59805.4 5278.8 -65084.1 6828.8702
2.71 267.91193 205.62653 45382.443 -59855.4 5095.51 -64950.9 6819.2013
2.72 262.50988 441.01805 45396.87 -60021.2 4992.77 -65013.9 6859.1645
2.73 269.826 -830.82076 46030.379 -60004.5 5131.92 -65136.4 6933.8746
2.74 262.41053 293.62478 45148.055 -60185.1 4990.88 -65176 6867.7127
2.75 272.06079 -234.5829 45853.957 -60049 5174.42 -65223.4 6993.0156
2.76 264.73105 -456.26798 45625.111 -60053 5035.01 -65088 7000.3047
2.77 271.92994 1078.3374 45345.844 -59913.9 5171.93 -65085.8 7004.325
2.78 268.55279 32.738903 45394.891 -60103.1 5107.7 -65210.8 7043.3547
2.79 277.15363 295.48916 45516.629 -59845.8 5271.28 -65117.1 7070.8873
2.8 265.39722 -271.57425 45678.14 -59943.1 5047.68 -64990.7 7113.7949
2.81 260.91335 526.08671 45461.237 -59713.3 4962.4 -64675.7 7126.7769
2.82 265.56451 -144.36626 45580.544 -60067.7 5050.87 -65118.6 7175.4072
2.83 260.23502 -75.921972 45336.155 -60375.4 4949.5 -65324.9 7172.3631
2.84 279.60385 85.520352 45670.943 -59818 5317.89 -65135.9 7230.4096
2.85 280.89029 640.5483 45270.467 -59821.5 5342.35 -65163.8 7192.9653
2.86 274.53872 -765.96918 45910.424 -59852.4 5221.55 -65073.9 7306.8666
2.87 281.87363 -717.0654 46024.549 -59528.6 5361.06 -64889.7 7326.5834
2.88 276.08489 -690.52464 45750.856 -59874.1 5250.96 -65125 7321.2335
2.89 262.19395 236.39344 45242.055 -60273.8 4986.76 -65260.5 7321.1738
2.9 275.7906 457.22424 45435.178 -59745.1 5245.36 -64990.5 7377.2704
2.91 269.92119 647.48635 45520.747 -59913.6 5133.73 -65047.3 7426.3336
2.92 275.55147 -339.33685 45232.339 -60087.1 5240.81 -65327.9 7436.8377
2.93 273.98554 -631.00338 45757.032 -59870.5 5211.03 -65081.6 7516.6616
2.94 283.46064 -202.15315 45772.255 -59714 5391.24 -65105.2 7549.7554
2.95 271.82442 464.61371 45476.112 -60019.5 5169.93 -65189.5 7561.9188
2.96 281.48751 -422.16907 45933.989 -59640.1 5353.71 -64993.8 7636.2358
2.97 276.71967 -719.74678 45892.417 -59967.4 5263.03 -65230.4 7650.9668
2.98 269.23597 -660.8126 45788.404 -59827.9 5120.7 -64948.6 7655.3247
2.99 278.19247 -279.92497 45815.937 -59804.1 5291.04 -65095.2 7679.7081
3 274.0179 -411.25731 45556.921 -59737.6 5211.64 -64949.3 7671.9369
3.01 278.93757 101.95697 45664.043 -59698.4 5305.21 -65003.6 7702.6376
3.02 273.57864 514.49023 45467.593 -59927 5203.29 -65130.3 7675.0621
3.03 256.2042 -1049.7368 45765.976 -60085 4872.84 -64957.9 7713.4004
3.04 262.41763 805.37457 45238.956 -60103.9 4991.01 -65094.9 7671.3648
3.05 275.36256 -563.13844 45730.183 -59780.4 5237.22 -65017.7 7758.3556
3.06 281.13522 4.9336154 45551.322 -59627.5 5347.01 -64974.5 7751.0121
3.07 278.18992 -367.20072 45485.787 -59968.6 5290.99 -65259.6 7788.9762
3.08 259.82077 -56.732459 45356.716 -60216.8 4941.62 -65158.4 7817.013
3.09 268.94592 -487.13945 45597.345 -59807.7 5115.18 -64922.9 7859.7408
3.1 273.91764 -490.89213 45869.05 -60056.1 5209.74 -65265.9 7890.6511
3.11 271.70126 -496.00955 45863.477 -59801.2 5167.58 -64968.7 7915.5752
3.12 258.97972 -39.833783 45574.299 -60047.5 4925.63 -64973.1 7896.8653
3.13 272.1458 290.19112 45480.682 -59872.2 5176.04 -65048.3 7929.7864
3.14 270.84412 385.47744 45422.692 -60148.1 5151.28 -65299.3 7978.6541
3.15 280.71139 -25.073477 45722.626 -59886.6 5338.95 -65225.6 8039.3099
3.16 272.06384 -123.50075 46039.173 -59914 5174.48 -65088.5 8137.9462
3.17 281.1225 -93.364335 45566.114 -59598.2 5346.77 -64945 8087.8007
3.18 270.56543 143.40182 45325.691 -59961.7 5145.98 -65107.7 8070.5458
3.19 275.15259 792.48028 45455.887 -59952 5233.23 -65185.3 8115.029
3.2 268.41381 233.82782 45559.462 -59987.6 5105.06 -65092.7 8123.2443
3.21 284.16703 -786.03169 46057.035 -59729.7 5404.67 -65134.3 8229.434
3.22 271.31449 -187.21089 45475.815 -59773.2 5160.23 -64933.4 8169.5545
3.23 269.5647 -622.99263 45811.921 -60013.5 5126.95 -65140.4 8241.518
3.24 279.19028 -877.82755 45917.257 -59544.9 5310.02 -64854.9 8286.3042
3.25 274.80814 -266.32317 45755.31 -59993.6 5226.67 -65220.3 8300.7198
3.26 259.58959 -487.5208 45651.085 -60507.3 4937.23 -65444.5 8319.3738
3.27 274.10677 122.47831 45771.028 -59767.4 5213.33 -64980.8 8343.1205
3.28 270.29332 502.43586 45419.523 -59955.9 5140.81 -65096.7 8339.3069
3.29 269.79593 -191.67239 45352.7 -59842.1 5131.35 -64973.4 8363.5981
3.3 261.75341 -230.64748 45530.636 -60333.4 4978.38 -65311.8 8436.8152
3.31 260.52503 -308.29646 45492.519 -59981.4 4955.02 -64936.4 8457.3585
3.32 272.49269 -474.59329 45497.326 -60011.3 5182.64 -65193.9 8460.6871
3.33 273.94372 155.24195 45890.456 -59915.8 5210.23 -65126.1 8534.0483
3.34 257.02277 60.26712 45642.095 -60086.6 4888.41 -64975 8517.1095
3.35 280.83803 95.308924 45602.123 -59723.9 5341.36 -65065.3 8529.0947
3.36 276.09029 180.57234 45478.6 -59851.5 5251.06 -65102.6 8522.761
3.37 269.20331 -404.26797 45596.976 -60116.6 5120.07 -65236.7 8579.9118
3.38 264.57734 -15.487711 45365.935 -60289.9 5032.09 -65322 8562.1044
3.39 270.91121 -149.13541 45521.029 -60004.2 5152.56 -65156.8 8591.9159
3.4 272.00918 79.044135 45365.915 -59775 5173.44 -64948.5 8607.6341
3.41 271.46874 490.35224 45289.171 -60020.2 5163.16 -65183.3 8635.5553
3.42 275.76696 720.15111 45294.355 -59875.6 5244.91 -65120.5 8653.7449
3.43 267.55113 -1066.0955 45803.995 -60210.8 5088.65 -65299.4 8764.5738
3.44 267.84158 471.63257 45370.983 -59970.2 5094.17 -65064.4 8718.4967
3.45 282.1583 -368.87418 45798.633 -59779.1 5366.47 -65145.6 8800.9989
3.46 276.56264 -29.590178 45580.482 -60028.2 5260.04 -65288.3 8770.2796
3.47 266.43391 374.63888 45210.125 -60165.8 5067.4 -65233.2 8753.4501
3.48 282.76879 273.38632 45460.314 -59611.5 5378.08 -64989.6 8829.1289
3.49 267.25253 167.19493 45225.933 -60111.4 5082.97 -65194.4 8836.5055
3.5 274.1507 -35.929848 45769.737 -59893.4 5214.17 -65107.6 8937.4119
3.51 269.81333 -36.119652 45574.875 -60135.4 5131.68 -65267.1 8927.5322
3.52 271.65167 228.71538 45303.726 -59878.6 5166.64 -65045.2 8930.0232
3.53 272.72446 -756.64513 45733.531 -59644.8 5187.04 -64831.8 9024.282
3.54 269.39412 -218.07724 45649.61 -60048 5123.7 -65171.7 9029.2005
3.55 272.96621 434.8842 45310.388 -59807 5191.64 -64998.6 8997.6808
3.56 273.62909 -65.793683 46011.785 -59811.6 5204.25 -65015.9 9109.8358
3.57 272.60688 -692.10943 45468.326 -59859.8 5184.81 -65044.6 9071.9623
3.58 272.24656 713.7729 45240.281 -59715.5 5177.95 -64893.5 9078.7417
3.59 275.8528 79.764335 45881.157 -60060.8 5246.54 -65307.4 9190.3923
3.6 280.43395 -279.19616 45679.447 -59833.2 5333.67 -65166.9 9176.0542
3.61 273.49089 316.84544 45058.612 -59973.5 5201.62 -65175.1 9124.6022
3.62 278.14559 -4.2459108 45321.674 -59953.2 5290.15 -65243.4 9177.3041
3.63 283.94318 479.37417 45303.787 -59689.2 5400.42 -65089.7 9197.8796
3.64 274.80018 260.54692 45379.278 -60036.8 5226.52 -65263.3 9228.3458
3.65 273.56996 632.19694 45379.955 -59935.1 5203.12 -65138.2 9252.2669
3.66 264.69929 404.08483 45497.908 -60190.7 5034.41 -65225.1 9280.5535
3.67 266.85665 -722.78994 46056.89 -59825.4 5075.44 -64900.8 9393.7064
3.68 273.57839 224.94065 45417.715 -59885.8 5203.29 -65089.1 9343.01
3.69 270.27065 447.07911 45268.106 -60006.2 5140.37 -65146.6 9342.3208
3.7 272.48189 300.91888 45483.002 -60181.4 5182.43 -65363.8 9403.6885
3.71 269.34665 275.31895 45516.163 -59850.9 5122.8 -64973.7 9456.3643
3.72 274.12112 54.999211 45624.369 -59819.7 5213.61 -65033.3 9530.4305
3.73 270.83262 213.52398 45465.651 -60105.6 5151.06 -65256.7 9544.8726
3.74 266.92378 518.43601 45535.847 -60178.4 5076.72 -65255.1 9549.4243
3.75 284.97282 282.58368 45423.717 -59886.1 5420 -65306.1 9569.2149
3.76 266.77416 368.30948 45186.469 -60153.1 5073.87 -65227 9562.6301
3.77 268.09376 194.34298 45336.689 -60082.2 5098.97 -65181.2 9594.573
3.78 283.39903 394.04369 45595.036 -59683.5 5390.07 -65073.6 9676.4242
3.79 272.05779 -897.62578 46080.893 -60039.4 5174.36 -65213.8 9756.0936
3.8 273.22022 -90.947723 45732.585 -59648.2 5196.47 -64844.7 9715.0017
3.81 278.45518 1074.693 45384.305 -59591.4 5296.04 -64887.4 9706.8155
3.82 265.31906 346.79932 45432.555 -60095.6 5046.2 -65141.8 9752.9465
3.83 268.69585 -327.41775 45804.821 -59944.8 5110.42 -65055.2 9861.5558
3.84 271.82303 437.12485 45521.564 -60216.6 5169.9 -65386.5 9824.5312
3.85 278.26709 30.497199 45561.353 -60118.8 5292.46 -65411.3 9846.5389
3.86 264.86906 355.9913 45573.366 -60131.6 5037.64 -65169.3 9868.1567
3.87 276.87071 -646.12925 45744.022 -59921.4 5265.9 -65187.3 9927.9197
3.88 270.62451 362.33994 45365.525 -59945.2 5147.1 -65092.3 9921.8509
3.89 276.97232 413.46403 45194.164 -59933.8 5267.84 -65201.6 9938.3751
3.9 274.80625 387.26452 45553.447 -59877 5226.64 -65103.6 10008.141
3.91 275.91041 -203.24249 45577.854 -59872.5 5247.64 -65120.1 9996.8562
3.92 269.59029 -33.746445 45536.067 -60152.3 5127.43 -65279.8 10017.455
3.93 273.09579 1413.0842 45162.057 -59962.1 5194.11 -65156.2 9975.3644
3.94 268.74603 188.47284 45451.403 -60006.9 5111.38 -65118.3 10041.15
3.95 273.18779 374.44459 45575.286 -60065.6 5195.86 -65261.4 10074.057
3.96 264.96256 -362.02971 45678.683 -60051.1 5039.42 -65090.6 10088.218
3.97 276.54851 -304.47792 45759.775 -59646.1 5259.77 -64905.9 10137.12
3.98 271.64637 -349.55088 45522.089 -60092.4 5166.54 -65258.9 10164.352
3.99 275.05812 -358.54386 45754.306 -60245.5 5231.43 -65476.9 10239.016
4 277.88316 -479.44152 45549.66 -59837.4 5285.16 -65122.5 10238.19
4.01 275.30008 -272.01191 45624.665 -59618.4 5236.03 -64854.4 10269.347
4.02 271.07361 -100.17384 45414.151 -59793.3 5155.65 -64948.9 10311.902
4.03 275.94108 -662.59197 45881.901 -59935.3 5248.22 -65183.5 10400.838
4.04 268.15199 -241.58787 45749.544 -60229.5 5100.08 -65329.6 10386.064
4.05 271.88092 -414.09635 45583.31 -60206.7 5171 -65377.7 10411.599
4.06 272.40959 -325.94964 45662.306 -60077.1 5181.06 -65258.1 10447.585
4.07 267.11641 411.54106 45411.253 -59876.4 5080.38 -64956.8 10451.404
4.08 264.18072 -94.168967 45742.619 -60291 5024.55 -65315.5 10490.738
4.09 256.17549 165.29856 45546.295 -60005.4 4872.29 -64877.7 10487.459
4.1 268.89458 386.07495 45860.128 -59842.1 5114.2 -64956.3 10527.482
4.11 270.944 146.97001 45401.031 -60036.4 5153.18 -65189.6 10485.062
4.12 270.97801 102.76685 45667.954 -59788.1 5153.83 -64941.9 10520.379
4.13 274.84787 38.533527 45400.048 -59811.6 5227.43 -65039 10482.935
4.14 273.01045 -33.732282 45419.41 -59962.5 5192.48 -65155 10516.362
4.15 277.3818 -107.44428 45651.823 -59700.1 5275.62 -64975.8 10584.101
4.16 263.86098 -303.71078 45692.804 -59860.5 5018.47 -64879 10575.442
4.17 269.47598 -49.456516 45422.743 -60019.2 5125.26 -65144.4 10544.092
4.18 280.74553 706.84795 45082.198 -59599.6 5339.6 -64939.2 10513.571
4.19 281.40467 -362.736 45563.315 -59807.1 5352.14 -65159.2 10625.011
4.2 272.02379 64.067847 45503.659 -60000.8 5173.72 -65174.6 10641.15
4.21 276.1115 -894.78463 46038.728 -59984.1 5251.46 -65235.6 10775.611
4.22 280.13341 -468.63788 45657.92 -60046.4 5327.96 -65374.4 10767.714
4.23 278.81862 444.58112 45604.509 -59394.4 5302.95 -64697.3 10803.77
4.24 278.79736 -186.37032 45649.568 -59721.5 5302.55 -65024.1 10822.647
4.25 273.96688 -724.43266 45876.526 -59750.9 5210.67 -64961.6 10875.028
4.26 272.714 71.920733 45740.169 -60067.2 5186.84 -65254 10874.36
4.27 267.21599 -260.57945 45777.411 -60213.6 5082.28 -65295.9 10880.056
4.28 272.872 -103.7835 45497.305 -60102.5 5189.85 -65292.4 10877.518
4.29 280.98546 -379.62352 45392.901 -59608.2 5344.16 -64952.3 10905.738
4.3 269.58774 40.904767 45490.04 -60016.7 5127.39 -65144.1 10935.074
4.31 277.30544 -118.64248 45627.06 -59674.4 5274.17 -64948.6 10964.807
4.32 276.74602 199.80647 45519.104 -59819.6 5263.53 -65083.1 10989.14
4.33 275.39694 -750.34591 45859.096 -59573 5237.87 -64810.9 11072.167
4.34 269.49469 270.32172 45115.638 -60032.3 5125.62 -65157.9 10974.835
4.35 272.02265 6.8930438 45494.982 -60032 5173.7 -65205.7 11062.476
4.36 268.04097 418.7507 45484.481 -59918.8 5097.97 -65016.7 11093.175
4.37 270.33478 267.73967 45622.317 -59888.5 5141.59 -65030.1 11142.021
4.38 270.30633 542.4097 45467.984 -60074.9 5141.05 -65215.9 11142.363
4.39 272.46596 -24.544572 45839.751 -59822.9 5182.13 -65005 11216.895
4.4 280.13292 -2.2423159 45501.253 -60066.2 5327.95 -65394.1 11193.313
4.41 269.37765 -14.887371 45723.695 -59865.9 5123.39 -64989.3 11268.378
4.42 265.91432 -843.70015 45823.147 -60044.6 5057.52 -65102.1 11324.692
4.43 273.60655 -593.96071 46032.646 -59697.5 5203.82 -64901.3 11393.13
4.44 273.20856 -422.3262 45789.209 -59877.7 5196.25 -65073.9 11402.87
4.45 278.09508 370.13433 45487.794 -59510.9 5289.19 -64800.1 11386.62
4.46 261.95296 -134.22772 45654.021 -60085.9 4982.18 -65068 11422.405
4.47 274.78907 99.210656 45545.269 -59540.9 5226.31 -64767.2 11451.805
4.48 269.79054 -163.94565 45920.355 -59857.6 5131.24 -64988.8 11533.789
4.49 271.01759 670.39882 45495.168 -59919.2 5154.58 -65073.7 11512.024
4.5 279.96667 -251.5472 45670.325 -59607.3 5324.79 -64932.1 11554.287
4.51 269.74384 -8.3534988 45679.963 -59993 5130.35 -65123.4 11618.72
4.52 276.61354 136.98474 45602.138 -59916.6 5261.01 -65177.6 11667.625
4.53 261.48504 429.12824 45329.437 -60401.4 4973.28 -65374.7 11660.878
4.54 274.08567 457.24467 45408.433 -59881 5212.93 -65093.9 11686.613
4.55 266.16396 -280.75797 45619.569 -60050.6 5062.27 -65112.8 11779.463
4.56 285.62767 -563.49352 45719.235 -59453.7 5432.45 -64886.2 11812.348
4.57 266.47229 625.99154 45146.008 -60039.8 5068.13 -65107.9 11734.871
4.58 260.3676 -321.02801 45672.463 -60166.5 4952.02 -65118.5 11852.869
4.59 269.47749 479.25121 45441.488 -59993.6 5125.29 -65118.9 11847.389
4.6 278.71416 35.299957 45736.779 -59753 5300.96 -65053.9 11941.834
4.61 263.08837 760.03549 45300.978 -60249 5003.77 -65252.8 11890.828
4.62 281.35306 445.37446 45245.469 -59833.6 5351.15 -65184.8 11908.188
4.63 277.2665 418.5948 45480.741 -59689.9 5273.43 -64963.4 11952.535
4.64 266.55741 -104.97128 45676.938 -60172.1 5069.75 -65241.8 12013.967
4.65 266.42005 -120.22757 45802.802 -59835.7 5067.14 -64902.8 12074.345
4.66 262.30483 -47.57336 45402.124 -60185.5 4988.87 -65174.3 12027.988
4.67 265.28961 -311.52484 45646.471 -60248.4 5045.64 -65294.1 12092.461
4.68 280.91371 270.87807 45582.567 -59784.3 5342.8 -65127.1 12107.869
4.69 266.78783 -670.02677 45735.315 -60397 5074.13 -65471.1 12156.423
4.7 271.66039 149.07031 45479.935 -60094.1 5166.81 -65260.9 12132.3
4.71 270.04859 200.04785 45563.774 -59697.6 5136.15 -64833.8 12193.328
4.72 261.12281 71.886401 45440.408 -60329.6 4966.39 -65296 12196.219
4.73 274.43534 -258.15015 45801.979 -59841.8 5219.58 -65061.4 12275.979
4.74 274.46339 201.39236 45288.921 -60103.7 5220.12 -65323.8 12192.656
4.75 274.61021 1145.2893 44953.213 -59961.1 5222.91 -65184 12161.377
4.76 277.36508 -415.22786 45606.306 -59861.9 5275.31 -65137.3 12352.742
4.77 264.5673 277.84673 45553.751 -60293.3 5031.9 -65325.2 12388.979
4.78 275.79722 149.7014 45986.912 -59741 5245.49 -64986.4 12480.55
4.79 275.31345 -157.01583 45582.043 -59745.3 5236.28 -64981.5 12434.916
4.8 267.34419 -383.28489 45542.172 -59882 5084.71 -64966.7 12443.779
4.81 271.80538 -314.14244 45644.433 -60093.1 5169.56 -65262.6 12510.597
4.82 275.44319 -81.597558 45493.831 -60052.1 5238.75 -65290.8 12487.817
4.83 272.05939 -511.62563 45542.053 -59906.2 5174.39 -65080.6 12521.548
4.84 266.56908 -300.97226 45646.336 -60099.8 5069.97 -65169.7 12563.061
4.85 268.49947 701.15062 45272.394 -60146.8 5106.69 -65253.5 12562.964
4.86 277.25199 8.2072059 45682.155 -59836.5 5273.15 -65109.6 12680.438
4.87 273.06838 450.78502 45526.478 -59968.2 5193.58 -65161.8 12687.767
4.88 275.09281 11.681427 45589.37 -59983.7 5232.09 -65215.8 12716.797
4.89 272.34118 -43.33992 45745.361 -59948.8 5179.75 -65128.6 12778.678
4.9 272.60688 459.97352 45392.997 -60038.7 5184.81 -65223.5 12768.598
4.91 277.2438 -980.29952 45656.004 -60075.1 5273 -65348.1 12855.924
4.92 260.57512 -653.34392 45604.894 -59967.4 4955.97 -64923.4 12872.565
4.93 270.12897 -805.19316 45864.729 -59750.4 5137.68 -64888.1 12968.132
4.94 279.16692 839.31875 45495.565 -59726 5309.58 -65035.6 12931.063
4.95 265.6098 -406.86805 45562.586 -60147.6 5051.73 -65199.3 12975.577
4.96 282.08747 241.39286 45485.66 -59777 5365.12 -65142.1 12985.122
4.97 264.8648 270.81028 45349.321 -60237.5 5037.56 -65275 12942.701
4.98 272.50279 500.19937 45294.627 -59916.5 5182.83 -65099.3 12956.574
4.99 264.76382 21.427428 45618.677 -60025.6 5035.64 -65061.3 13019.572
5 285.77272 353.29902 45456.287 -59721.4 5435.21 -65156.6 13039.566
5.01 266.94684 -112.12479 45354.039 -59937.9 5077.16 -65015 13063.887
5.02 274.38837 -1011.1854 45898.498 -59666.7 5218.69 -64885.4 13215.673
5.03 266.30518 313.35599 45416.532 -60030 5064.95 -65095 13120.525
5.04 270.12113 850.07691 45263.33 -59761.9 5137.53 -64899.4 13126.008
5.05 265.50148 -46.239639 45802.362 -60043.5 5049.67 -65093.2 13248.858
5.06 269.37452 197.03474 45557.444 -59915.2 5123.33 -65038.6 13216.315
5.07 272.00793 539.97959 45492.603 -59738.7 5173.42 -64912.1 13237.743
5.08 270.77758 112.3392 45425.356 -60157.8 5150.02 -65307.8 13216.511
5.09 267.05234 335.21674 45393.817 -59863.4 5079.16 -64942.5 13226.733
5.1 267.38213 -315.2673 45746.522 -59854.6 5085.44 -64940 13307.199
5.11 265.07653 574.02548 45171.824 -60207.1 5041.58 -65248.7 13215.928
5.12 279.38484 -117.53469 45814.272 -59777.6 5313.72 -65091.3 13360.08
5.13 274.77779 -598.10234 45638.39 -59985.7 5226.1 -65211.8 13349.806
5.14 272.74891 591.93917 45603.851 -59669.8 5187.51 -64857.3 13393.693
5.15 268.98332 -291.71037 45738.914 -60069.2 5115.89 -65185.1 13487.346
5.16 269.90161 -501.81325 46180.235 -59976 5133.36 -65109.4 13593.598
5.17 276.44668 56.510677 45602.599 -59797.7 5257.84 -65055.5 13535.378
5.18 270.3984 201.27775 45645.216 -59999.9 5142.8 -65142.7 13573.651
5.19 276.73218 267.96932 45058.602 -59634.7 5263.27 -64897.9 13464.908
5.2 269.85574 -954.20914 46160.123 -59919.8 5132.48 -65052.3 13702.172
5.21 277.56963 -291.93781 45877.282 -59723.8 5279.2 -65002.9 13656.853
5.22 272.6227 1040.5047 45310.293 -60070.8 5185.11 -65255.9 13545.107
5.23 264.16369 -95.897921 45688.791 -60121.6 5024.22 -65145.8 13653.785
5.24 273.02992 267.75115 45391.869 -59878.2 5192.85 -65071.1 13630.002
5.25 268.74417 -32.624768 45547.384 -59870.7 5111.34 -64982.1 13692.929
5.26 260.87131 -79.945003 45641.891 -60082 4961.6 -65043.6 13744.637
5.27 274.67847 173.85879 45543.311 -59933.8 5224.21 -65158 13747.343
5.28 267.57035 -1275.1493 45929.841 -60045.5 5089.02 -65134.5 13848.37
5.29 285.96104 -268.67993 45368.784 -59572.7 5438.79 -65011.5 13767.754
5.3 270.8302 1217.047 45260.937 -59924.7 5151.02 -65075.7 13787.102
5.31 276.63382 -350.71397 45697.787 -59862.7 5261.4 -65124.1 13931.742
5.32 274.36998 680.94827 45086.708 -59906.5 5218.34 -65124.8 13854.786
5.33 269.69794 -35.510874 45624.383 -59679.8 5129.48 -64809.2 14011.72
5.34 272.91406 -24.45967 45752.436 -59689.5 5190.65 -64880.2 14036.41
5.35 270.59494 385.26211 45427.926 -59815.4 5146.54 -64961.9 14010.227
5.36 268.42494 -47.367602 45776.473 -60034.4 5105.27 -65139.7 14110.297
5.37 265.02953 -167.6256 45492.543 -60211.6 5040.69 -65252.3 14069.385
5.38 278.78879 -312.10009 45617.628 -59712.5 5302.38 -65014.9 14128.903
5.39 265.49935 845.73885 45429.6 -59879.3 5049.63 -64929 14125.455
5.4 276.41204 -363.40318 45748.177 -59883.5 5257.18 -65140.7 14223.665
5.41 281.64553 -549.62783 45545.794 -59811.5 5356.72 -65168.2 14210.052
5.42 281.23056 881.25882 45517.383 -59737.7 5348.82 -65086.5 14253.08
5.43 266.85216 -895.80251 45832.475 -59894.4 5075.36 -64969.8 14347.554
5.44 266.65525 603.16628 45330.528 -60056.3 5071.61 -65128 14251.206
5.45 272.37792 -270.2786 45770.345 -59937.2 5180.45 -65117.6 14347.706
5.46 271.23195 265.46555 45342.463 -59842 5158.66 -65000.7 14289.385
5.47 269.50323 224.31235 45594.698 -60005.6 5125.78 -65131.4 14392.116
5.48 272.2102 -169.95984 45838.959 -60050.5 5177.26 -65227.8 14498.461
5.49 265.47136 456.79925 45273.971 -60153.3 5049.09 -65202.4 14414.171
5.5 279.03391 575.59999 45547.39 -59861.2 5307.05 -65168.3 14494.656
5.51 273.46338 -54.9146 45765.129 -59965 5201.1 -65166.1 14575.044
5.52 281.92566 -38.655084 45606.228 -59665.4 5362.04 -65027.4 14570.544
5.53 268.1074 -122.95124 45524.227 -60282.3 5099.23 -65381.5 14584.548
5.54 270.6552 -480.40686 46036.478 -59975.2 5147.69 -65122.9 14707.435
5.55 273.35485 85.157042 45342.537 -59852 5199.03 -65051 14569.952
5.56 276.28366 -421.29834 45986.613 -59837.9 5254.74 -65092.7 14741.084
5.57 271.81408 -4.0706568 45199.801 -60129.3 5169.73 -65299.1 14599.607
5.58 266.29284 709.72596 45474.632 -60224.4 5064.72 -65289.1 14673.837
5.59 273.24244 -485.43245 45504.639 -60032.4 5196.9 -65229.3 14710.807
5.6 266.12048 1139.6157 45370.06 -60091.3 5061.44 -65152.8 14735.814
5.61 274.64191 -670.17629 45911.406 -59789 5223.51 -65012.5 14890.388
5.62 264.14703 98.687426 45387.438 -60292.9 5023.91 -65316.9 14787.005
5.63 269.24362 351.16587 45488.749 -59960.4 5120.84 -65081.2 14832.669
5.64 266.32978 -26.663495 45558.018 -60088.4 5065.42 -65153.8 14852.311
5.65 272.1394 -200.28057 45424.26 -60089.9 5175.92 -65265.8 14826.882
5.66 269.7295 174.17362 45405.836 -59741.4 5130.08 -64871.5 14843.358
5.67 269.23285 -958.41991 46199.156 -59762.1 5120.64 -64882.7 15091.843
5.68 268.63466 459.15513 45436.021 -60268.6 5109.26 -65377.8 14942.861
5.69 275.7326 -165.69492 45764.634 -59713.4 5244.26 -64957.7 15053.626
5.7 269.99234 907.39201 45027.338 -59920 5135.08 -65055.1 14890.371
5.71 275.75628 395.54243 45568.723 -59714.7 5244.71 -64959.4 15051.431
5.72 267.53524 65.31437 45597.192 -59968.3 5088.35 -65056.7 15106.132
5.73 279.33769 484.85145 45279.99 -59769.1 5312.82 -65081.9 15069.806
5.74 271.13355 -104.74521 45539.306 -60008.5 5156.79 -65165.3 15118.464
5.75 270.62466 -17.844091 45766.986 -59866.6 5147.11 -65013.7 15197.584
5.76 256.7984 -328.07278 45676.811 -60210.5 4884.14 -65094.6 15205.223
5.77 271.47427 431.32413 45425.354 -60011.9 5163.27 -65175.2 15180.82
5.78 273.20972 5.3805435 45515.618 -59525.5 5196.27 -64721.8 15230.543
5.79 266.12318 -60.069998 45827.115 -59925.8 5061.49 -64987.3 15331.583
5.8 273.49176 508.75933 45416.57 -60102 5201.64 -65303.6 15291.941
5.81 277.89713 -685.90473 45929.803 -59812.7 5285.42 -65098.1 15447.395
5.82 279.17639 909.00772 45349.04 -59859 5309.76 -65168.8 15345.994
5.83 287.4516 35.692847 45592.187 -59519.8 5467.14 -64987 15401.726
5.84 270.03724 660.0122 45308.117 -60032.8 5135.93 -65168.7 15341.746
5.85 266.55813 65.47877 45727.499 -59984 5069.76 -65053.8 15480.023
5.86 276.34101 -189.62199 45699.254 -59854.7 5255.83 -65110.5 15474.227
5.87 275.60343 -611.90302 45557.95 -60000.5 5241.8 -65242.3 15466.883
5.88 270.56726 14.260691 45721.211 -59651.3 5146.01 -64797.4 15520.844
5.89 266.51904 510.28122 45519.556 -60202.2 5069.02 -65271.2 15497.244
5.9 267.53165 -348.8927 45891.964 -59751.6 5088.28 -64839.8 15641.342
5.91 259.62224 -174.41677 45825.942 -60101.4 4937.85 -65039.3 15681.159
5.92 272.66046 -462.16301 45838.755 -59827.8 5185.83 -65013.7 15681.25
5.93 274.53555 390.23619 45362.033 -59995.5 5221.49 -65217 15617.44
5.94 272.73528 -71.848435 45645.993 -59906.8 5187.25 -65094 15729.345
5.95 277.32429 326.12325 45115.691 -59942.8 5274.53 -65217.3 15628.016
5.96 278.93912 -338.9379 45610.43 -59734.1 5305.24 -65039.4 15794.818
5.97 276.0372 328.71826 45475.221 -60005.7 5250.05 -65255.7 15775.318
5.98 275.98636 -173.25942 45440.637 -59773.5 5249.08 -65022.5 15786.333
5.99 260.2227 -639.04984 45922.72 -60232.5 4949.27 -65181.7 15943.091
6 270.32129 -198.0086 45813.079 -59749.5 5141.34 -64890.9 15940
6.01 282.8903 -49.986222 45542.174 -59827.7 5380.39 -65208.1 15897.528
6.02 267.02281 485.25939 45501.262 -59824.1 5078.6 -64902.7 15910.961
6.03 264.58921 228.92447 45643.349 -60117.4 5032.32 -65149.7 15946.786
6.04 284.78809 -153.99771 45753.366 -59738.7 5416.49 -65155.2 15997.621
6.05 263.72122 -438.25902 45628.612 -59867.6 5015.81 -64883.4 15976.442
6.06 275.84511 -395.31191 45477.032 -59958.7 5246.4 -65205.1 15955.814
6.07 270.72352 137.97439 45660.825 -59841.7 5148.99 -64990.7 16038.157
6.08 274.87872 -65.68397 45389.901 -59977.1 5228.02 -65205.1 16012.827
6.09 277.79334 -61.077666 45546.707 -59996.2 5283.45 -65279.7 16086.417
6.1 269.84143 -162.01819 45540.853 -60166.8 5132.21 -65299 16099.449
6.11 275.59885 -300.38239 45709.882 -59865.9 5241.71 -65107.7 16207.672
6.12 273.73662 -352.73428 45741.461 -59605.5 5206.29 -64811.8 16244.631
6.13 271.43199 -199.51829 45546.899 -59799.1 5162.46 -64961.6 16197.113
6.14 271.02364 649.41082 45259.934 -59914.7 5154.7 -65069.4 16142.781
6.15 278.08912 230.40075 45414.019 -59803.5 5289.08 -65092.6 16196.816
6.16 276.45547 225.56389 45586.602 -60018.4 5258.01 -65276.4 16276.835
6.17 276.17275 -376.68583 45536.621 -59834.9 5252.63 -65087.5 16286.677
6.18 272.39332 -425.66791 45737.55 -60086.5 5180.75 -65267.3 16328.238
6.19 272.18242 370.15518 45412.252 -59810.5 5176.73 -64987.2 16275.782
6.2 268.00903 -342.38493 45434.111 -60054.3 5097.36 -65151.6 16341.569
6.21 274.13105 297.12618 45509.271 -60017.6 5213.8 -65231.4 16389.608
6.22 264.41251 -238.28084 45672.313 -59985 5028.96 -65014 16430.282
6.23 266.02992 -466.7794 45720.547 -59995 5059.72 -65054.7 16460.981
6.24 270.76625 283.00324 45536.813 -59847.3 5149.8 -64997.1 16479.58
6.25 265.33104 427.52897 45587.633 -60204.4 5046.43 -65250.8 16524.465
6.26 269.42355 1358.75 45276.26 -59846.6 5124.26 -64970.9 16432.841
6.27 273.35779 33.095421 45645.239 -59656.8 5199.09 -64855.8 16504.885
6.28 276.41189 496.41949 45323.231 -60130.1 5257.18 -65387.3 16455.518
6.29 263.85796 124.19981 45463.794 -60049.3 5018.41 -65067.7 16514.06
6.3 272.86023 -95.400421 45877.345 -59876.1 5189.63 -65065.7 16604.643
6.31 269.1759 -174.27177 45591.04 -59862.3 5119.55 -64981.8 16551.605
6.32 274.67849 -323.31024 45666.299 -59948.5 5224.21 -65172.7 16584.648
6.33 277.29201 -84.856631 45871.488 -59959.7 5273.92 -65233.6 16673.114
6.34 264.00124 415.79347 45281.239 -60044.4 5021.13 -65065.6 16590.264
6.35 274.32067 384.83429 45403.151 -60030.6 5217.4 -65248 16657.566
6.36 280.44306 -1163.541 46022.318 -59620.8 5333.85 -64954.7 16848.696
6.37 269.12038 567.71421 45204.401 -59992.2 5118.5 -65110.7 16695.206
6.38 267.51784 -105.82334 45433.338 -59867.2 5088.02 -64955.2 16766.679
6.39 284.91459 408.04989 45515.016 -59622.6 5418.89 -65041.5 16822.444
6.4 271.79689 314.44246 45308.424 -59796.4 5169.4 -64965.8 16805.745
6.41 277.71037 590.72946 45510.659 -59737.1 5281.87 -65019 16880.549
6.42 260.99456 84.373608 45559.416 -60192.9 4963.95 -65156.8 16928.712
6.43 285.5822 -110.81225 45865.606 -59520.4 5431.59 -64952 17052.828
6.44 266.85557 598.90537 45436.974 -59946.7 5075.42 -65022.1 16971.605
6.45 272.81013 -589.93868 45724.571 -59692.4 5188.67 -64881 17101.069
6.46 270.64063 -802.8556 45774.769 -59759.2 5147.41 -64906.6 17143.639
6.47 278.21209 193.86823 45302.027 -59936.6 5291.41 -65228 17024.501
6.48 267.31661 58.503152 45638.35 -60184.5 5084.19 -65268.7 17135.753
6.49 275.37394 131.04426 45579.662 -59702.1 5237.43 -64939.5 17162.538
6.5 270.42615 -711.80908 45792.882 -60080.7 5143.33 -65224 17255.219
6.51 275.31648 188.72877 45673.832 -60184.6 5236.34 -65421 17231.634
6.52 268.15318 311.55228 45623.793 -59991.1 5100.1 -65091.2 17221.437
6.53 272.77708 550.03896 45387.579 -59886.9 5188.04 -65074.9 17184.014
6.54 281.56923 99.167719 45635.898 -59690.3 5355.27 -65045.5 17239.563
6.55 264.5225 -181.20774 45393.402 -60015.2 5031.05 -65046.3 17182.361
6.56 272.30551 165.57306 45556.828 -59904.9 5179.08 -65084 17216.809
6.57 263.62494 80.523638 45484.964 -60037.5 5013.98 -65051.4 17232.167
6.58 278.74582 351.90328 45457.386 -60077.5 5301.57 -65379.1 17268.93
6.59 271.01793 -171.73608 45652.976 -59833.9 5154.59 -64988.5 17389.198
6.6 268.78823 -23.294384 45716.804 -60120.1 5112.18 -65232.2 17449.672
6.61 278.39172 -95.710905 45420.099 -59900.2 5294.83 -65195 17355.922
6.62 272.43951 36.059724 45407.323 -59932.2 5181.62 -65113.8 17325.302
6.63 263.12212 -464.38441 45720.818 -60358.2 5004.41 -65362.7 17458.813
6.64 271.21667 400.73583 45282.969 -59756.7 5158.37 -64915.1 17343.515
6.65 273.2946 220.77285 45662.934 -59610.6 5197.89 -64808.5 17428.085
6.66 268.7003 -459.66158 45427.052 -59980.7 5110.51 -65091.2 17420.178
6.67 277.20885 68.965698 45600.224 -59828.9 5272.33 -65101.2 17473.462
6.68 266.06183 -126.7509 45656.111 -59967.8 5060.32 -65028.1 17497.385
6.69 280.32298 241.38356 45300.853 -59806.5 5331.56 -65138 17423.709
6.7 281.45891 -94.416267 45648.142 -59876.5 5353.17 -65229.7 17498.384
6.71 272.4162 534.21748 45507.604 -59958 5181.18 -65139.2 17473.728
6.72 279.13984 151.5177 45682.673 -59694.9 5309.06 -65004 17575.865
6.73 263.59032 456.76376 45467.835 -60060.9 5013.32 -65074.3 17546.175
6.74 289.66273 262.15736 45478.819 -59391.2 5509.2 -64900.4 17568.38
6.75 284.78007 636.39464 45067.544 -59957.7 5416.33 -65374.1 17504.646
6.76 275.292 344.48306 45270.366 -59853.1 5235.88 -65088.9 17613.786
6.77 272.12031 -572.59739 45691.303 -60006.2 5175.55 -65181.8 17799.752
6.78 267.16913 -346.99334 45654.477 -59796.3 5081.39 -64877.6 17807.688
6.79 269.98075 -539.26011 45615.839 -60015.7 5134.86 -65150.6 17874.089
6.8 271.32761 -113.15404 45741.972 -59666.8 5160.48 -64827.3 17920.014
6.81 276.35068 146.48116 45494.828 -59775.7 5256.01 -65031.8 17870.732
6.82 272.59015 239.12888 45666.96 -59961.7 5184.49 -65146.2 17976.605
6.83 280.679 95.436368 45644.317 -59812 5338.33 -65150.3 18025.484
6.84 276.13424 -13.94853 45753.743 -59926.1 5251.9 -65178 18094.008
6.85 263.68684 291.93569 45465.817 -60198 5015.15 -65213.1 18012.575
6.86 278.57342 -20.499549 45552.023 -59783.2 5298.29 -65081.5 18048.18
6.87 262.45443 249.29775 45507.754 -59957.7 4991.71 -64949.4 18082.174
6.88 271.4923 -156.64961 45763.22 -60002.5 5163.61 -65166.1 18148.811
6.89 276.7447 -425.30536 45755.608 -59852.7 5263.51 -65116.3 18169.747
6.9 274.24993 -96.354475 45607.119 -59920.4 5216.06 -65136.5 18170.511
6.91 266.22386 -731.87186 45903.042 -60178.7 5063.41 -65242.1 18249.853
6.92 269.54545 -743.30637 45779.767 -59767.5 5126.58 -64894 18258.082
6.93 272.21678 49.057065 45235.507 -60331.2 5177.39 -65508.6 18135.176
6.94 264.88047 244.2285 45359.053 -59759.8 5037.86 -64797.6 18192.836
6.95 268.08465 372.57773 45606.933 -59937.4 5098.8 -65036.2 18298.374
6.96 275.48894 -255.51866 45906.479 -59877.3 5239.62 -65116.9 18413.976
6.97 270.20168 -289.65058 45349.255 -60099.4 5139.06 -65238.5 18275.169
6.98 263.47538 -414.06258 45500.16 -59969.6 5011.13 -64980.7 18368.622
6.99 266.72858 250.47158 45680.96 -60220 5073.01 -65293 18421.538
7 268.04367 603.53115 45229.618 -59952.4 5098.02 -65050.4 18315.114
7.01 287.6881 -73.18439 45768.265 -59537 5471.64 -65008.6 18495.215
7.02 270.85026 -235.82724 45635.471 -60043.5 5151.4 -65194.9 18475.634
7.03 276.88036 -241.22951 46027.793 -59863.5 5266.09 -65129.6 18616.943
7.04 284.58052 755.05297 45363.469 -59638.1 5412.54 -65050.6 18497.433
7.05 271.66079 -106.23229 45350.966 -60047.2 5166.81 -65214 18512.012
7.06 273.24679 179.85173 45469.944 -59700.2 5196.98 -64897.2 18567.99
7.07 275.07653 610.75391 45316.796 -59501.3 5231.78 -64733.1 18560.456
7.08 277.97801 -584.73499 45722.834 -59680.4 5286.96 -64967.3 18725.338
7.09 269.1552 597.04095 45598.811 -60044.9 5119.16 -65164.1 18704.981
7.1 264.35296 -23.704447 45677.38 -59729.1 5027.82 -64757 18734.433
7.11 269.02452 600.13786 45466.77 -59894.1 5116.67 -65010.8 18704.951
7.12 275.24478 71.524801 45348.536 -60049.9 5234.98 -65284.9 18684.791
7.13 279.66828 -135.95337 45745.558 -59658.4 5319.11 -64977.5 18781.617
7.14 277.66003 250.52292 45593.844 -59857.5 5280.92 -65138.4 18752.556
7.15 264.18711 -686.35956 45707.975 -60201.1 5024.67 -65225.8 18834.214
7.16 279.53851 434.75071 45290.736 -59922 5316.64 -65238.7 18770.389
7.17 265.27339 -702.34538 45677.153 -59977.4 5045.33 -65022.7 18869.533
7.18 280.40706 97.426254 45533.318 -59792.7 5333.16 -65125.8 18852.951
7.19 279.14875 -3.2157293 45454.5 -59885.1 5309.23 -65194.4 18876.174
7.2 266.58731 431.99656 45297.461 -60008.1 5070.32 -65078.4 18882.339
7.21 261.74926 199.47452 45347.139 -60143.5 4978.3 -65121.8 18936.696
7.22 262.91069 530.68054 45174.977 -60172.5 5000.39 -65172.9 18916.738
7.23 278.06292 690.34947 44952.091 -59929.6 5288.58 -65218.2 18894.824
7.24 273.21858 567.28761 45607.289 -59638.5 5196.44 -64835 19126.291
7.25 263.12228 -532.92336 45826.884 -60155.9 5004.42 -65160.3 19223.265
7.26 276.13613 -327.57779 45797.562 -59837.4 5251.93 -65089.3 19193.952
7.27 273.82013 -373.40579 45620.738 -60138.8 5207.88 -65346.6 19173.724
7.28 270.70719 -253.95915 45740.039 -59812.9 5148.68 -64961.6 19200.161
7.29 272.61886 -46.134575 45537.902 -60170.3 5185.04 -65355.3 19179.255
7.3 270.26442 -351.34126 45903.917 -59996.2 5140.26 -65136.5 19304.738
7.31 281.30019 612.76607 45329.72 -59654.4 5350.15 -65004.5 19194.156
7.32 264.54714 -655.59546 45834.402 -60040 5031.52 -65071.5 19402.085
7.33 281.3903 -536.75929 45724.951 -59626.4 5351.86 -64978.2 19387.9
7.34 274.49194 661.72113 45476.993 -60201.6 5220.66 -65422.3 19351.819
7.35 270.9579 -188.17368 45671.733 -59760 5153.44 -64913.4 19427.495
7.36 275.14528 460.3462 45240.216 -60047.2 5233.09 -65280.3 19328.688
7.37 278.19481 230.65039 45325.982 -59761.8 5291.09 -65052.9 19366.583
7.38 271.58267 280.83694 45480.389 -60103.6 5165.33 -65269 19413.029
7.39 274.62247 6.063866 45380.424 -59996 5223.14 -65219.2 19417.558
7.4 283.42061 -66.596464 45271.48 -59763.9 5390.48 -65154.4 19414.043
7.41 276.75975 -498.06759 45734.96 -60041.5 5263.79 -65305.3 19592.788
7.42 272.7474 -167.40987 45922.065 -59808.1 5187.48 -64995.6 19680.854
7.43 262.08936 161.25136 45610.284 -60269.7 4984.77 -65254.4 19628.195
7.44 278.50727 -522.67345 45937.766 -59866.1 5297.03 -65163.1 19759.327
7.45 267.83479 190.44558 45865.386 -59951.3 5094.05 -65045.4 19790.2
7.46 276.26718 -778.90955 45899.493 -59587.7 5254.42 -64842.1 19842.506
7.47 267.85775 382.71778 45574.279 -59999.9 5094.48 -65094.4 19777.823
7.48 274.35195 -685.01416 45848.864 -59667 5218 -64885 19886.242
7.49 278.92192 430.04916 45403.726 -59785.2 5304.92 -65090.1 19777.617
7.5 267.47265 -18.465445 45582.093 -60147.6 5087.16 -65234.8 19818.222
7.51 282.80119 -61.188224 45875.707 -59810.2 5378.7 -65188.9 19948.281
7.52 277.33379 -190.25918 45488.179 -59759.5 5274.71 -65034.2 19882.245
7.53 265.26957 1.3813823 45781.111 -60103.8 5045.26 -65149.1 20016.378
7.54 265.08683 -34.688213 45869.052 -60280.2 5041.78 -65322 20112.1
7.55 264.9626 -257.32819 45598.44 -59793.5 5039.42 -64832.9 20088.941
7.56 273.55992 4.1027361 45775.328 -60106.1 5202.93 -65309 20180.27
7.57 274.51385 4.3067633 45630.292 -59759.1 5221.08 -64980.2 20157.589
7.58 265.24133 23.248668 45455.255 -60434.4 5044.72 -65479.1 20138.335
7.59 272.83166 -515.83766 45503.795 -59987.8 5189.08 -65176.9 20176.149
7.6 277.17812 -296.57473 45652.902 -59541.6 5271.75 -64813.3 20256.365
7.61 265.74784 -293.94128 45481.873 -60023.1 5054.35 -65077.5 20207.532
7.62 279.04987 -338.97945 45974.319 -59765.6 5307.35 -65073 20384.87
7.63 265.85291 -194.03692 45652.686 -59772.8 5056.35 -64829.1 20300.955
7.64 272.73512 -564.58937 46034.267 -59948.4 5187.25 -65135.7 20448.881
7.65 273.56136 -631.03381 45828.606 -59767.4 5202.96 -64970.3 20409.892
7.66 264.84675 -668.44902 45593.212 -59888.9 5037.21 -64926.1 20363.733
7.67 275.57693 -406.42839 45688.142 -59724.4 5241.3 -64965.7 20404.08
7.68 271.7699 219.3617 45474.299 -59969.7 5168.89 -65138.6 20343.327
7.69 283.57997 -789.68437 45807.185 -59686.8 5393.51 -65080.3 20465.21
7.7 283.87338 321.11637 45563.812 -59884.6 5399.09 -65283.6 20399.537
7.71 278.80552 50.038798 45580.786 -59901.4 5302.7 -65204.1 20446.52
7.72 276.02632 -1079.1064 45873.093 -59597.3 5249.84 -64847.1 20593.46
7.73 272.21026 -707.61014 45829.167 -59918 5177.26 -65095.3 20562.84
7.74 269.40339 229.10474 45425.624 -59897.9 5123.88 -65021.7 20472.479
7.75 268.52238 475.08265 45135.79 -60036.6 5107.12 -65143.7 20405.62
7.76 267.05934 -247.40405 45720.267 -60127.9 5079.3 -65207.2 20601.322
7.77 284.85633 -78.917459 45763.928 -59532.3 5417.78 -64950.1 20620.183
7.78 265.28252 -53.151119 45470.492 -59786.9 5045.5 -64832.4 20555.026
7.79 267.81837 153.20363 45595.444 -60368.4 5093.73 -65462.1 20566.627
7.8 268.59448 -525.18614 45858.208 -59905.2 5108.49 -65013.7 20690.291
7.81 268.82786 530.99468 45370.15 -60230.2 5112.93 -65343.1 20567.776
7.82 268.06339 760.31091 45451.659 -60001.1 5098.39 -65099.5 20593.723
7.83 274.51195 -273.047 45800.935 -59679.6 5221.04 -64900.7 20732.001
7.84 271.20343 237.01127 45344.97 -59908 5158.11 -65066.2 20615.897
7.85 272.75306 506.69239 45398.813 -59898.2 5187.59 -65085.8 20645.668
7.86 279.78331 503.99661 45485.291 -59431 5321.3 -64752.3 20705.815
7.87 270.90955 -160.61038 45785.303 -59765.8 5152.53 -64918.3 20821.163
7.88 275.00898 -65.070664 45403.189 -60089.3 5230.49 -65319.8 20728.214
7.89 277.80892 719.80068 45378.65 -59893.7 5283.75 -65177.4 20756.158
7.9 277.19362 -313.60095 45591.848 -59853.6 5272.04 -65125.7 20804.923
7.91 275.27425 516.72672 45595.534 -59672.6 5235.54 -64908.1 20812.336
7.92 268.26311 -158.81975 45709.913 -60117.6 5102.19 -65219.8 20905.007
7.93 271.91131 -485.34581 45612.716 -60043.4 5171.58 -65215 20878.863
7.94 280.09112 -267.97101 45780.591 -59857.5 5327.15 -65184.6 20982.592
7.95 266.07322 287.95338 45555.148 -59910 5060.54 -64970.6 20952.994
7.96 263.42167 -234.35511 45455.019 -60087.2 5010.11 -65097.3 20976.526
7.97 265.97506 -157.13514 45884.006 -59754 5058.67 -64812.7 21125.065
7.98 275.24884 -611.76827 45678.604 -59880.3 5235.06 -65115.3 21082.864
7.99 279.47837 500.51824 45435.629 -59923 5315.5 -65238.5 21023.061
8 270.37233 220.17823 45578.848 -59902.6 5142.31 -65044.9 21075.769
8.01 272.72151 -406.0379 45385.819 -59736.5 5186.99 -64923.5 21058.829
8.02 264.96459 -825.76984 45671.339 -59791 5039.46 -64830.5 21174.531
8.03 280.91518 -209.16067 45615.977 -59656.7 5342.83 -64999.5 21140.3
8.04 278.4833 237.15713 45569.272 -59888.4 5296.57 -65185 21162.466
8.05 265.38212 586.34238 45218.637 -60193.2 5047.4 -65240.6 21084.759
8.06 282.97058 311.68386 45754.689 -59720.8 5381.92 -65102.7 21302.251
8.07 275.55819 -301.67857 45975.208 -59777.7 5240.94 -65018.6 21363.006
8.08 266.64896 -40.463733 45605.958 -60014.5 5071.49 -65086 21280.448
8.09 282.40409 -992.53294 45941.01 -59671.3 5371.14 -65042.4 21414.549
8.1 269.67684 -354.30196 45829.319 -59997.9 5129.08 -65126.9 21421.257
8.11 278.83456 -55.625813 45492.261 -59636.4 5303.25 -64939.6 21339.473
8.12 268.43426 -269.40745 45691.059 -59931.1 5105.45 -65036.6 21458.274
8.13 269.6453 -191.97633 45456.287 -59929.4 5128.48 -65057.8 21422.189
8.14 258.85805 495.33187 45388.29 -60162.3 4923.31 -65085.6 21405.415
8.15 279.11478 -51.63126 45513.41 -59782.8 5308.58 -65091.3 21473.03
8.16 263.76549 -798.46842 45888.381 -59927.3 5016.65 -64944 21640.57
8.17 270.01135 -517.20659 45657.554 -60019.1 5135.44 -65154.5 21562.907
8.18 276.0829 -769.67486 45684.561 -59708.1 5250.92 -64959 21605.003
8.19 274.15946 219.98252 45334.044 -60081.3 5214.34 -65295.7 21531.451
8.2 279.3193 -197.66632 45687.476 -59947.4 5312.47 -65259.9 21665.242
8.21 272.79076 -754.52165 45679.039 -60109.8 5188.3 -65298.1 21688.709
8.22 276.55458 -126.22997 45548.738 -59812.3 5259.89 -65072.2 21705.667
8.23 267.30992 714.49622 45161.191 -60275 5084.06 -65359.1 21612.683
8.24 266.42343 -135.86038 45609.987 -59848.7 5067.2 -64915.9 21790.505
8.25 284.81705 109.12993 45628.096 -59594.2 5417.04 -65011.2 21853.109
8.26 268.25039 -379.47123 45793.089 -59917.9 5101.95 -65019.9 21971.999
8.27 276.47719 -33.115158 45726.13 -59850 5258.42 -65108.4 21961.582
8.28 270.30338 638.0775 45379.742 -60036.7 5141 -65177.7 21886.721
8.29 277.08694 -158.31861 45573.022 -60059 5270.02 -65329 21968.397
8.3 271.01202 -835.67931 45693.272 -59938.7 5154.47 -65093.2 22046.892
8.31 280.7719 19.35183 45469.43 -59807 5340.1 -65147.1 21991.562
8.32 266.77111 -883.40542 45786.01 -59725.8 5073.82 -64799.6 22117.952
8.33 280.08691 23.008544 45443.934 -59945.2 5327.07 -65272.2 22045.095
8.34 277.41655 -431.93561 45624.69 -59893.3 5276.28 -65169.5 22109.965
8.35 269.73531 -611.25839 45676.122 -60157.6 5130.19 -65287.8 22131.195
8.36 272.56726 260.64672 45768.989 -59747.3 5184.05 -64931.4 22195.56
8.37 266.2191 -90.02288 45484.444 -60189.8 5063.32 -65253.1 22152.353
8.38 271.61693 -117.55377 45498.069 -59973 5165.98 -65139 22183.544
8.39 266.00782 -389.86431 45885.653 -60023.3 5059.3 -65082.6 22319.223
8.4 265.868 377.24125 45251.254 -60211.7 5056.64 -65268.3 22121.024
8.41 278.59051 -678.76376 46027.505 -59747.5 5298.61 -65046.1 22402.327
8.42 281.35489 485.09103 45213.11 -59866.4 5351.19 -65217.6 22151.627
8.43 264.09908 -282.82459 45568.334 -60285.4 5022.99 -65308.4 22294.03
8.44 270.22234 -339.03162 45628.774 -59925.6 5139.45 -65065.1 22322.372
8.45 274.25904 -394.0104 45493.231 -60109.7 5216.23 -65325.9 22321.941
8.46 278.46002 -532.15104 45988.862 -59630 5296.13 -64926.1 22541.028
8.47 280.21124 484.94142 45484.055 -59955.8 5329.44 -65285.2 22379.996
8.48 271.59895 165.66067 45439.02 -59722.7 5165.64 -64888.3 22350.272
8.49 265.39879 -124.29745 45665.079 -59997 5047.71 -65044.7 22421.621
8.5 278.01704 -67.925251 45461.858 -59776.6 5287.71 -65064.3 22401.779
8.51 276.76016 179.39786 45517.37 -59916 5263.8 -65179.8 22472.29
8.52 260.02768 -116.58449 45725.909 -59793.3 4945.56 -64738.8 22567.37
8.53 264.88347 212.94847 45334.833 -60058.7 5037.91 -65096.6 22465.852
8.54 277.65312 58.896884 45557.614 -59778.7 5280.78 -65059.4 22584.27
8.55 277.91285 706.84545 45397.209 -59679.5 5285.72 -64965.2 22564.07
8.56 265.78653 -294.71936 45623.379 -59850.5 5055.09 -64905.6 22683.801
8.57 270.50214 2.1788358 45533.243 -60109.7 5144.78 -65254.5 22720.402
8.58 278.98782 -10.408527 45401.107 -59847.7 5306.17 -65153.9 22719.062
8.59 264.85178 732.55803 45445.256 -60060.4 5037.31 -65097.7 22764.602
8.6 264.52244 -575.98457 45787.615 -59918.4 5031.05 -64949.4 22904.044
8.61 271.26707 -865.85781 45759.375 -59724.1 5159.33 -64883.4 22974.336
8.62 273.72706 -557.51242 46080.438 -59722.5 5206.11 -64928.6 23087.7
8.63 260.5445 34.848443 45724.196 -60236 4955.39 -65191.3 22960.732
8.64 274.01872 -87.102816 45540.493 -59876.1 5211.66 -65087.7 22941.361
8.65 268.5743 -760.46789 46028.388 -60199.1 5108.11 -65307.2 23129.654
8.66 267.5979 -666.60487 45714.605 -60096.4 5089.54 -65185.9 23076.253
8.67 278.82787 -425.99437 45574.093 -59919.3 5303.13 -65222.5 23025.959
8.68 275.40206 -965.9638 45902.006 -59947.7 5237.97 -65185.7 23121.548
8.69 274.2677 -80.244064 45526.499 -59815.6 5216.4 -65032 23037.676
8.7 276.72176 -26.14803 45922.983 -59911.5 5263.07 -65174.6 23209.57
8.71 276.67994 -461.10694 45985.933 -59908 5262.27 -65170.3 23221.622
8.72 271.09502 -595.86455 45571.589 -59845.4 5156.05 -65001.4 23095.494
8.73 267.80201 -606.26626 45784.313 -59902.8 5093.42 -64996.3 23203.1
8.74 265.56602 -864.27098 45772.219 -60107.9 5050.89 -65158.8 23213.267
8.75 269.23973 189.13924 45230.374 -59847.8 5120.77 -64968.5 23044.164
8.76 274.02078 251.90339 45692.039 -59852.1 5211.7 -65063.8 23210.311
8.77 277.28747 -239.43929 45468.951 -59910.4 5273.83 -65184.3 23153.567
8.78 264.04836 406.79542 45627.063 -59981.8 5022.03 -65003.8 23176.381
8.79 260.63156 330.02457 45461.111 -59927.2 4957.04 -64884.2 23151.366
8.8 270.8158 334.87721 45343.12 -59789.4 5150.74 -64940.1 23168.401
8.81 275.484 412.11053 45479.543 -59976.2 5239.53 -65215.7 23266.911
8.82 267.82098 142.27701 45575.705 -60185.3 5093.78 -65279 23296.774
8.83 274.61602 433.52921 45341.143 -59897.2 5223.02 -65120.2 23232.323
8.84 273.47936 -205.2598 45642.06 -59834 5201.4 -65035.4 23367.753
8.85 269.63196 811.28608 45122.897 -60168.7 5128.23 -65296.9 23241.391
8.86 265.50119 75.339212 45881.566 -59954.3 5049.66 -65003.9 23507.932
8.87 274.72215 332.24499 45520.938 -60012.2 5225.04 -65237.3 23406.061
8.88 267.82712 533.9173 45465.086 -59920.6 5093.9 -65014.5 23404.959
8.89 270.96468 22.763527 45413.091 -59874.3 5153.57 -65027.9 23451.499
8.9 272.5481 -121.27296 45660.186 -59903.5 5183.69 -65087.2 23617.601
8.91 260.39952 -572.04953 45867.199 -60243.6 4952.63 -65196.3 23737.378
8.92 275.47877 -488.38197 45628.051 -59952.4 5239.43 -65191.8 23686.573
8.93 276.12135 294.40337 45477.555 -59702 5251.65 -64953.7 23665.679
8.94 263.56593 -148.62907 45618.354 -60031.8 5012.85 -65044.7 23705.658
8.95 273.56825 -509.51799 45721.633 -59808.6 5203.09 -65011.6 23729.153
8.96 279.03915 -1163.0784 46065.161 -59607 5307.15 -64914.1 23974.258
8.97 278.24316 1241.7981 45080.778 -59856.2 5292.01 -65148.2 23644.965
8.98 269.31749 326.01619 45514.371 -60244.7 5122.25 -65366.9 23812.323
8.99 287.14366 731.16242 45194.11 -59783.9 5461.29 -65245.2 23720.466
9 268.87735 -175.71898 45853.71 -59895.8 5113.87 -65009.7 23943.944
9.01 276.29874 231.59563 45562.063 -59803.6 5255.02 -65058.6 23872.173
9.02 277.14177 420.0793 45429.947 -59606.9 5271.06 -64877.9 23841.607
9.03 274.74181 -770.46444 45693.452 -59863.4 5225.41 -65088.8 23973.923
9.04 269.70155 -269.25674 45612.458 -59903.9 5129.55 -65033.5 23938.697
9.05 266.6723 310.88094 45598.676 -59889.9 5071.94 -64961.8 23907.893
9.06 261.41055 279.3855 45479.137 -60087.3 4971.86 -65059.2 23899.23
9.07 274.3403 359.45911 45545.227 -59954.6 5217.78 -65172.3 23955.674
9.08 273.94499 -610.81037 45720.779 -59715.8 5210.26 -64926.1 24058.59
9.09 291.14756 512.0746 45199.132 -59520.9 5537.44 -65058.3 23874.457
9.1 281.42322 -133.46228 45582.036 -59886.6 5352.49 -65239.1 24028.872
9.11 281.17865 -295.59376 45757.151 -59732.5 5347.84 -65080.4 24116.997
9.12 273.24196 201.57701 45743.323 -60326.4 5196.89 -65523.3 24121.84
9.13 273.92139 395.73306 45339.022 -59730.2 5209.81 -64940 24044.261
9.14 281.71989 261.68782 45552.689 -59870.1 5358.13 -65228.3 24157.078
9.15 269.62966 701.03436 45398.758 -60047.9 5128.18 -65176 24086.918
9.16 276.05018 -661.08594 45730.087 -59972.1 5250.3 -65222.4 24150.468
9.17 268.73273 120.3389 46033.5 -60075.8 5111.12 -65186.9 24319.23
9.18 271.01361 191.30649 45653.027 -59847.5 5154.5 -65002 24217.243
9.19 262.62123 -870.0163 46187.618 -60167.3 4994.89 -65162.2 24456.175
9.2 279.22384 -189.67093 45691.686 -59738 5310.66 -65048.7 24312.144
9.21 270.95605 -171.63152 45660.672 -60012.9 5153.41 -65166.3 24371.63
9.22 275.69931 69.523134 45532.762 -59751.6 5243.62 -64995.2 24342.608
9.23 267.65622 344.36969 45444.889 -60117.8 5090.65 -65208.5 24316.498
9.24 265.13537 -548.66433 45794.276 -59843 5042.7 -64885.7 24478.635
9.25 279.78013 -243.59966 45592.032 -59429.2 5321.24 -64750.4 24398.544
9.26 277.57519 237.20536 45387.385 -59943.4 5279.3 -65222.7 24336.506
9.27 267.9718 -166.45827 45746.347 -60169.7 5096.65 -65266.3 24523.608
9.28 268.10452 483.04249 45390.733 -59884.8 5099.18 -64984 24430.151
9.29 267.85321 109.99712 45895.235 -60100.2 5094.4 -65194.6 24642.714
9.3 270.5676 -244.59906 45513.723 -60039.5 5146.02 -65185.5 24501.285
9.31 270.799 -444.67437 46020.63 -59702.3 5150.42 -64852.7 24717.159
9.32 268.04046 330.21345 45485.52 -59901.5 5097.96 -64999.5 24581.663
9.33 274.07287 368.94386 45527.594 -59835.7 5212.69 -65048.4 24609.74
9.34 272.87643 -74.350145 45642.722 -60054 5189.93 -65243.9 24725.812
9.35 271.63579 173.53187 45483.903 -60251.8 5166.34 -65418.1 24703.956
9.36 270.54462 -193.32537 45526.831 -59847.9 5145.58 -64993.5 24770.515
9.37 268.51525 518.42258 44935.046 -60175.1 5106.99 -65282.1 24576.143
9.38 266.85939 -870.39653 45886.367 -59812.3 5075.49 -64887.8 24973.972
9.39 282.64723 -123.48847 45422.829 -59637.2 5375.77 -65013 24835.886
9.4 278.17109 -243.27273 45752.503 -59850 5290.63 -65140.6 25014.51
9.41 271.85869 721.3649 45832.276 -59751 5170.58 -64921.6 25034.416
9.42 269.13597 -33.041946 45644.086 -59886.2 5118.79 -65005 24974.608
9.43 269.90108 305.83379 45437.203 -60278.8 5133.34 -65412.2 24874.04
9.44 268.78713 -320.03673 45764.929 -59890.7 5112.16 -65002.9 25010.871
9.45 279.71549 120.45483 45421.094 -59920.2 5320.01 -65240.2 24914.484
9.46 263.41122 -296.99329 45693.873 -60077.5 5009.91 -65087.4 25041.312
9.47 275.78024 -304.70088 45532.711 -59784.5 5245.16 -65029.7 25048.156
9.48 262.28932 206.83133 45421.55 -60233.2 4988.57 -65221.7 24976.844
9.49 269.28657 -60.450418 45717.891 -60010 5121.66 -65131.7 25077.925
9.5 271.24823 439.2733 45748.648 -59884.8 5158.97 -65043.8 25111.002
9.51 280.81015 11.225422 45531.853 -59774.7 5340.83 -65115.5 25058.31
9.52 271.33359 128.34454 45736.968 -59964.8 5160.59 -65125.4 25163.049
9.53 273.00506 985.96496 45216.297 -60244.4 5192.38 -65436.8 24983.457
9.54 274.51378 5.7828326 45570.642 -59758.4 5221.08 -64979.5 25128.691
9.55 271.49975 257.2017 45498.544 -59751.5 5163.75 -64915.3 25146.932
9.56 270.30797 14.874655 45803.256 -60078.4 5141.08 -65219.5 25309.936
9.57 269.07819 -623.69756 45909.676 -59837.8 5117.69 -64955.5 25380.488
9.58 273.26414 374.72265 45027.439 -59898.9 5197.31 -65096.2 25051.801
9.59 276.735 -176.83088 45430.531 -59630 5263.32 -64893.3 25263.06
9.6 277.62322 -103.67755 45280.268 -59976.3 5280.22 -65256.5 25162.719
9.61 275.13611 -504.62905 45929.82 -60202 5232.91 -65434.9 25422.449
9.62 277.51516 -120.7709 45683.395 -59910.5 5278.16 -65188.6 25366.508
9.63 276.7828 -709.21947 45883.189 -59665.8 5264.23 -64930.1 25470.622
9.64 268.43875 -273.84783 45414.012 -59876.3 5105.53 -64981.8 25321.928
9.65 268.55388 -161.16001 45579.053 -59946 5107.72 -65053.7 25396.157
9.66 279.31262 436.23526 45659.823 -59984.7 5312.35 -65297.1 25492.115
9.67 271.98231 135.35834 45395.238 -60001.3 5172.93 -65174.2 25409.43
9.68 270.8626 665.33642 45496.612 -59960.5 5151.63 -65112.1 25481.443
9.69 284.40357 640.96913 45187.292 -59711.9 5409.17 -65121.1 25380.344
9.7 277.03031 221.13184 45470.556 -60056.8 5268.94 -65325.8 25484.346
9.71 278.93423 543.06709 45403.753 -59762.5 5305.15 -65067.6 25459.772
9.72 270.76529 191.93133 45528.968 -59929.7 5149.78 -65079.5 25504.765
9.73 281.79348 288.00696 45708.196 -59608.7 5359.53 -64968.3 25548.53
9.74 264.34335 -154.40611 45416.378 -60322.9 5027.64 -65350.6 25485.189
9.75 277.75524 389.17946 45409.917 -59980.5 5282.73 -65263.2 25470.977
9.76 275.14008 -322.06792 45934.072 -59610 5232.99 -64843 25708.61
9.77 277.39565 304.11149 45478.961 -59957.4 5275.89 -65233.3 25565.011
9.78 263.65429 449.46989 45178.197 -60187.3 5014.53 -65201.8 25459.533
9.79 266.33255 -308.61342 45629.291 -60012.6 5065.47 -65078.1 25652.28
9.8 275.9913 105.13676 45887.334 -59760.2 5249.18 -65009.4 25780.15
9.81 284.67985 -13.759178 45476.214 -59708.9 5414.43 -65123.3 25682.653
9.82 274.38344 -154.71297 45714.82 -59953.8 5218.6 -65172.4 25793.119
9.83 273.9891 -362.25233 45567.341 -60181.9 5211.1 -65393 25718.854
9.84 269.1672 -200.39151 45542.725 -59933.8 5119.39 -65053.2 25705.736
9.85 270.51943 644.16231 45478.839 -59963.2 5145.11 -65108.3 25680.829
9.86 282.65899 717.98714 45452.423 -59861.1 5375.99 -65237.1 25685.231
9.87 282.23363 449.5563 45671.541 -60072 5367.9 -65439.9 25794.501
9.88 277.16129 147.15973 45601.592 -59783.7 5271.43 -65055.1 25827.409
9.89 279.53647 -418.48825 45347.535 -59715.8 5316.6 -65032.4 25730.323
9.9 274.41054 -226.58354 45659.613 -59801.4 5219.11 -65020.5 25902.936
9.91 264.77413 804.13508 45327.635 -60227.9 5035.83 -65263.7 25835.975
9.92 267.12949 183.76309 45447.641 -59806.9 5080.63 -64887.5 25916.736
9.93 278.47983 937.93834 45404.954 -59674.8 5296.51 -64971.3 25932.099
9.94 264.77915 362.87542 45285.023 -60197.5 5035.93 -65233.4 25921.748
9.95 273.16161 -844.28977 45624.758 -59823.4 5195.36 -65018.7 26072.139
9.96 275.4429 -308.21644 45526.054 -59889.9 5238.75 -65128.6 26045.041
9.97 274.22248 259.00036 45264.805 -59821.9 5215.54 -65037.5 26023.298
9.98 280.83822 -386.5209 45911.041 -59988.5 5341.36 -65329.8 26308.243
