0 261.71531 164.31014 46210.07 -63525.5 4984.18 -68509.7 9.9582006
0.01 280.68668 1142.2348 45934.708 -63437.4 5345.48 -68782.9 21.746452
0.02 271.7212 -369.58555 46515.577 -63488.9 5174.74 -68663.6 30.878169
0.03 264.29731 -182.49629 46445.63 -63677.9 5033.36 -68711.3 39.746743
0.04 259.32845 295.27568 46280.949 -63473.6 4938.73 -68412.3 46.95374
0.05 276.11465 280.63379 46163.659 -63329.2 5258.41 -68587.6 56.335613
0.06 264.78 62.528978 46159.274 -63613.8 5042.55 -68656.4 67.486125
0.07 281.5808 -73.849654 46229.113 -63583.5 5362.51 -68946 77.40743
0.08 281.87072 452.86543 46170.936 -63301 5368.03 -68669 90.929796
0.09 272.96215 192.19573 46460.36 -63444.2 5198.37 -68642.6 99.683255
0.1 279.78887 470.20454 46241.241 -62730.5 5328.38 -68058.9 113.85085
0.11 274.80194 -143.6493 46490.42 -63187.6 5233.41 -68421 120.87229
0.12 274.4246 602.61454 45838.05 -62856.3 5226.22 -68082.5 128.59089
0.13 270.36664 -103.19721 46394.494 -62583.6 5148.94 -67732.6 144.26505
0.14 272.71003 375.37729 46141.527 -62579.9 5193.57 -67773.5 154.55081
0.15 261.56582 22.285147 46201.993 -62759.2 4981.34 -67740.5 163.89797
0.16 271.42492 791.29918 45963.112 -62389.5 5169.1 -67558.6 177.59281
0.17 266.0565 -688.9415 46313.144 -62535.5 5066.86 -67602.4 192.32538
0.18 272.79773 94.780925 46076.94 -62773.8 5195.24 -67969 205.6333
0.19 274.63653 428.29198 45978.164 -62802.4 5230.26 -68032.7 213.75142
0.2 277.66645 5.8416054 46445.531 -62545.5 5287.96 -67833.5 226.318
0.21 264.93455 315.45286 46188.925 -62462.7 5045.49 -67508.2 235.54164
0.22 263.83071 -21.727234 46154.271 -62532.3 5024.47 -67556.7 246.79622
0.23 278.29318 151.36239 46174.764 -61576.2 5299.9 -66876.1 261.73537
0.24 279.13238 -293.61589 46378.583 -62092.7 5315.88 -67408.6 276.71899
0.25 271.70489 348.52179 45861.359 -61890 5174.43 -67064.4 285.63398
0.26 277.72758 -281.69368 46290.398 -61153.9 5289.13 -66443 299.12212
0.27 272.87258 -841.04841 46475.11 -61600.6 5196.67 -66797.2 315.71144
0.28 265.18203 611.56877 45702.495 -61543.3 5050.21 -66593.5 327.6523
0.29 277.40104 197.25554 45935.892 -61092.6 5282.91 -66375.5 343.19575
0.3 270.1329 515.44375 45798.762 -59882.3 5144.49 -65026.8 362.34148
0.31 265.99444 477.20344 45513.207 -59998.1 5065.68 -65063.7 387.14868
0.32 275.52193 -36.385798 45826.801 -59838.3 5247.12 -65085.4 420.94327
0.33 267.00229 -456.94728 45351.204 -60253.8 5084.87 -65338.7 448.43439
0.34 278.86562 -190.078 45871.505 -59797.1 5310.8 -65107.9 483.26299
0.35 272.58744 -917.19074 45998.896 -59915.5 5191.24 -65106.7 521.00381
0.36 270.94936 307.58745 45453.192 -60162 5160.04 -65322.1 540.712
0.37 271.09433 51.820933 45838.344 -59841.1 5162.8 -65003.9 574.13198
0.38 266.50409 -416.4332 45584.665 -60208.8 5075.38 -65284.2 596.65406
0.39 281.09045 -511.9295 45556.412 -59560.9 5353.17 -64914.1 627.20086
0.4 277.30021 344.16083 45546.466 -59974.3 5280.99 -65255.3 655.76183
0.41 268.85993 1313.0552 45264.871 -60196.2 5120.25 -65316.5 681.50171
0.42 267.85664 801.66874 45209.228 -60087.4 5101.14 -65188.5 700.25232
0.43 268.35336 -94.805025 45631.225 -60073.5 5110.6 -65184.1 735.11562
0.44 265.72438 197.70718 45404.653 -59890.3 5060.54 -64950.8 758.33106
0.45 277.30311 -81.174035 45812.073 -59682 5281.04 -64963.1 799.99417
0.46 272.95421 505.70463 45511.696 -59831.5 5198.22 -65029.7 830.52482
0.47 277.49574 260.69613 45562.598 -59920.6 5284.71 -65205.3 870.66443
0.48 269.84753 -117.92493 45535.97 -59967.6 5139.06 -65106.7 900.35616
0.49 279.53351 181.09145 45469.954 -59689.3 5323.52 -65012.8 936.67541
0.5 272.92833 -164.41591 45681.486 -59941.1 5197.73 -65138.8 972.73723
0.51 264.18265 -612.95566 45847.545 -60218 5031.17 -65249.1 996.1927
0.52 272.5699 156.79142 45738.343 -59772.9 5190.9 -64963.8 1021.7313
0.53 266.50132 172.33187 45418.587 -59986.8 5075.33 -65062.2 1050.4027
0.54 276.03853 -390.7696 45751.875 -59871 5256.96 -65127.9 1078.5247
0.55 264.2197 -116.40966 45603.92 -60270.2 5031.88 -65302.1 1104.2841
0.56 281.49388 -404.75349 45979.378 -59598.5 5360.85 -64959.4 1139.7861
0.57 271.79804 -1386.7477 45853.024 -60013.4 5176.2 -65189.6 1169.0423
0.58 276.76888 -802.39191 45983.801 -59597.2 5270.87 -64868.1 1199.2601
0.59 278.67538 -27.250614 45468.268 -60060.2 5307.18 -65367.4 1221.8722
0.6 265.49356 -489.5788 45616.871 -60324.1 5056.14 -65380.2 1253.0262
0.61 277.73275 652.08801 45474.524 -59755.6 5289.23 -65044.8 1270.7138
0.62 268.68432 -107.34238 45500.301 -60227.6 5116.9 -65344.5 1306.5449
0.63 269.69187 612.56908 45481.56 -59888.7 5136.09 -65024.8 1327.6421
0.64 275.66462 -69.180177 45747.138 -60170.6 5249.84 -65420.4 1354.5192
0.65 277.24479 1039.0011 45533.298 -59864.7 5279.93 -65144.6 1372.8927
0.66 280.14331 72.344178 45403.519 -59675.8 5335.13 -65010.9 1414.5018
0.67 273.6808 -303.38387 45591.479 -59744.6 5212.06 -64956.7 1456.9825
0.68 273.89601 54.02124 45361.559 -59810 5216.16 -65026.1 1473.6904
0.69 268.44477 -658.39273 45769.877 -60020.8 5112.34 -65133.1 1501.6174
0.7 265.99359 -549.93128 45646.731 -60168 5065.66 -65233.6 1531.5094
0.71 274.90431 63.003033 45510.836 -59809.1 5235.36 -65044.5 1558.1127
0.72 283.4763 -293.89551 45799.001 -59539.5 5398.61 -64938.1 1584.0573
0.73 271.75572 -683.37493 46092.841 -60010.1 5175.4 -65185.5 1616.7581
0.74 266.41272 720.49248 45166.824 -60162.5 5073.64 -65236.1 1627.9128
0.75 271.90627 690.86434 45437.395 -60055.9 5178.26 -65234.1 1665.9889
0.76 279.40699 -297.61795 45839.554 -59927 5321.11 -65248.1 1691.9066
0.77 262.70602 -156.64609 45735.016 -60246.4 5003.05 -65249.4 1708.0271
0.78 273.44272 -326.47967 45846.879 -59945.2 5207.53 -65152.8 1726.3663
0.79 275.4448 -242.99678 45575.889 -59987 5245.65 -65232.7 1743.7877
0.8 273.12573 -914.81788 45786.355 -59818.2 5201.49 -65019.6 1772.5602
0.81 281.01303 148.30903 45716.588 -59759.9 5351.7 -65111.6 1792.1871
0.82 277.6963 81.17995 45549.313 -60020.8 5288.53 -65309.3 1815.3712
0.83 269.08816 -893.82578 45982.704 -60044.5 5124.6 -65169.1 1850.5753
0.84 273.81573 -30.020628 45793.767 -60181.3 5214.63 -65395.9 1869.7083
0.85 269.26908 -135.63302 45774.562 -59806.9 5128.04 -64934.9 1909.7273
0.86 264.86894 -41.843569 45297.601 -60205.3 5044.24 -65249.6 1926.1628
0.87 270.29923 -432.18206 45979.296 -59871.9 5147.66 -65019.6 1969.3794
0.88 279.19883 -36.275132 45578.466 -59849.8 5317.15 -65166.9 1984.3167
0.89 279.90598 614.07092 45555.277 -59846 5330.61 -65176.6 2010.9197
0.9 272.49016 67.93202 45468.79 -59933.1 5189.38 -65122.4 2046.0488
0.91 289.1769 80.281038 45504.392 -59465 5507.17 -64972.2 2086.507
0.92 277.5386 -858.04122 45930.066 -59688.9 5285.53 -64974.4 2127.7426
0.93 270.99222 -259.39778 45638.644 -59975.8 5160.86 -65136.7 2133.486
0.94 270.25549 316.81279 45905.675 -60088.5 5146.83 -65235.4 2181.7135
0.95 278.44 199.90831 45370.457 -59765.8 5302.69 -65068.5 2196.9534
0.96 272.85318 -570.41002 45817.987 -60148 5196.3 -65344.3 2236.937
0.97 275.24119 103.35669 45439.622 -59944.9 5241.78 -65186.7 2253.8419
0.98 270.49303 -149.33294 45562.621 -60193.3 5151.35 -65344.7 2285.8019
0.99 280.56259 -169.71639 45782.077 -59634.7 5343.12 -64977.8 2320.7887
1 271.52218 -43.857107 45590.101 -59886.1 5170.95 -65057 2343.2526
1.01 269.81954 627.36642 45431.291 -59849.5 5138.52 -64988 2370.7202
1.02 261.9558 -579.33422 45748.404 -60183.6 4988.76 -65172.3 2403.1994
1.03 277.68331 102.84342 45540.703 -59928.1 5288.28 -65216.3 2422.1942
1.04 270.54312 -324.62766 45765.094 -59965.5 5152.3 -65117.8 2457.0047
1.05 265.7276 -314.92124 45858.72 -60220.5 5060.6 -65281.1 2498.2682
1.06 280.29262 110.73942 45731.78 -59730.7 5337.98 -65068.7 2522.8396
1.07 266.11257 -276.35183 45716.405 -59990 5067.93 -65057.9 2558.452
1.08 287.67552 427.43617 45618.236 -59642.7 5478.58 -65121.3 2571.0569
1.09 273.17103 207.74253 45495.048 -60067 5202.35 -65269.4 2610.2886
1.1 271.49966 478.91062 45680.123 -59955 5170.52 -65125.6 2656.3702
1.11 280.04219 769.60897 45312.971 -59938.1 5333.21 -65271.3 2686.5823
1.12 275.90106 8.8553659 45701.913 -60175.4 5254.34 -65429.8 2738.8643
1.13 272.39065 696.16824 45371.399 -59974.3 5187.49 -65161.8 2769.1979
1.14 270.97496 304.09066 45305.502 -59940.3 5160.53 -65100.8 2777.0304
1.15 276.69644 -54.256877 45823.343 -60096.2 5269.49 -65365.7 2824.9551
1.16 260.98297 707.8065 45423.584 -60373 4970.24 -65343.3 2835.658
1.17 270.59766 968.35524 45653.214 -59935.8 5153.34 -65089.1 2870.1143
1.18 273.65419 -188.13526 45628.755 -60138.6 5211.55 -65350.2 2890.5657
1.19 264.79888 302.25448 45653.936 -60051 5042.91 -65094 2919.7618
1.2 274.34296 162.6792 45537.083 -60103.5 5224.67 -65328.1 2948.648
1.21 273.54156 89.261309 45506.826 -59886.8 5209.41 -65096.2 2976.1534
1.22 268.89151 -236.4887 45627.539 -59948 5120.85 -65068.9 3007.4406
1.23 268.68981 539.84344 45518.574 -59967.4 5117.01 -65084.4 3019.2592
1.24 278.22031 613.60192 45553.625 -59848.6 5298.51 -65147.1 3044.6694
1.25 271.25565 -135.74813 45666.746 -59861.6 5165.87 -65027.5 3068.4357
1.26 266.30089 237.14938 45625.036 -60044.1 5071.51 -65115.6 3084.6662
1.27 289.75375 -134.89819 45732.402 -59439.6 5518.16 -64957.8 3119.7869
1.28 279.86417 -170.12396 45446.519 -60152.3 5329.82 -65482.1 3142.3853
1.29 260.4365 -300.81749 45583.416 -60536 4959.83 -65495.9 3191.5501
1.3 273.68807 -553.01393 46037.391 -59878.1 5212.2 -65090.3 3236.7839
1.31 259.54953 -63.627819 45575.626 -60175.5 4942.94 -65118.5 3246.4249
1.32 275.18902 -245.44331 45486.827 -60022.9 5240.78 -65263.6 3273.3049
1.33 273.7004 555.0689 45369.798 -60008.2 5212.43 -65220.7 3296.8942
1.34 282.16428 -155.9695 45802.838 -59680.8 5373.62 -65054.4 3339.8417
1.35 278.93507 331.13631 45491.275 -59884.8 5312.12 -65196.9 3332.4127
1.36 273.48469 -55.072526 45549.987 -60208.2 5208.32 -65416.5 3385.125
1.37 268.57955 -65.040001 45926.006 -59674.3 5114.91 -64789.2 3428.5578
1.38 264.23072 -421.13314 45673.472 -60074.8 5032.09 -65106.9 3438.434
1.39 273.24474 -277.54534 45640.873 -59894.9 5203.76 -65098.7 3476.3073
1.4 273.05901 -234.06376 45814.148 -60083.4 5200.22 -65283.7 3515.9905
1.41 277.32869 373.50517 45408.588 -59737.6 5281.53 -65019.1 3514.5195
1.42 270.15129 1404.0821 45023.489 -59918.8 5144.84 -65063.7 3529.5023
1.43 275.21927 370.67337 45541.874 -60081 5241.36 -65322.4 3587.6062
1.44 267.73279 -318.15225 45955.878 -60327 5098.78 -65425.8 3642.9252
1.45 270.53972 996.44297 45233.172 -59906.1 5152.24 -65058.3 3630.8235
1.46 273.72943 376.48406 45425.789 -60071.8 5212.99 -65284.8 3663.8492
1.47 272.49968 229.4043 45691.828 -59953.6 5189.57 -65143.1 3715.33
1.48 267.75393 -129.5928 45488.405 -60056.2 5099.19 -65155.4 3721.1784
1.49 273.81583 -132.85926 45750.235 -59916.9 5214.63 -65131.5 3748.5073
1.5 270.32415 -32.080257 45638.176 -59525.9 5148.13 -64674.1 3776.616
1.51 272.71414 509.84076 45222.164 -60162 5193.65 -65355.6 3790.9956
1.52 274.05599 -766.35446 46216.949 -59663.3 5219.2 -64882.5 3879.4277
1.53 274.27741 -540.21179 45837.717 -60000.8 5223.42 -65224.3 3898.6118
1.54 276.61225 254.47455 45589.125 -59726.6 5267.89 -64994.5 3902.3824
1.55 268.41673 84.637168 45325.754 -60137.6 5111.81 -65249.5 3918.0771
1.56 266.55655 -295.96649 45790.031 -60079.2 5076.38 -65155.6 3973.3718
1.57 275.3172 656.58813 45508.579 -59930.1 5243.22 -65173.4 4000.6529
1.58 272.68026 127.99164 45733.23 -60226.6 5193 -65419.6 4048.9552
1.59 274.31248 -576.09804 45735.988 -59954.1 5224.09 -65178.1 4096.6769
1.6 278.26224 576.33313 45340.725 -60078.7 5299.31 -65378 4105.9978
1.61 271.86116 701.26776 45565.299 -60077.9 5177.41 -65255.4 4136.8273
1.62 273.13157 138.93511 45495.712 -59879.2 5201.6 -65080.8 4169.8594
1.63 269.45602 26.340281 45438.696 -60159.4 5131.6 -65291 4198.1653
1.64 276.97225 -347.63019 46089.296 -60051.3 5274.74 -65326 4262.1788
1.65 275.28571 7.633088 45552.299 -59773.4 5242.62 -65016 4254.5344
1.66 275.74373 202.85294 45697.041 -59925.7 5251.35 -65177.1 4276.5464
1.67 270.63115 -202.09245 45620.612 -60273.8 5153.98 -65427.7 4315.9751
1.68 271.49112 -132.85832 45740.292 -59882.2 5170.36 -65052.5 4354.8909
1.69 265.51458 -378.03658 45789.517 -60255.2 5056.54 -65311.8 4380.078
1.7 275.66038 -39.317688 45490.868 -59943.3 5249.76 -65193.1 4390.4045
1.71 275.41583 -54.612133 45733.125 -59778.6 5245.1 -65023.7 4459.0667
1.72 279.05909 -252.02874 45485.246 -60109.7 5314.49 -65424.2 4482.297
1.73 276.72852 -87.512784 45551.232 -59839.5 5270.1 -65109.6 4504.7897
1.74 268.07576 315.55565 45382.881 -60223.1 5105.32 -65328.4 4521.8796
1.75 277.90861 -285.7392 45828.176 -59949.7 5292.58 -65242.2 4568.1065
1.76 274.87826 51.30208 45507.023 -59823.2 5234.86 -65058.1 4569.8325
1.77 281.03767 189.87271 45540.723 -59873.6 5352.17 -65225.7 4611.7386
1.78 267.50105 -783.42721 45718.995 -59935.6 5094.37 -65030 4655.8502
1.79 276.74299 -3.5237489 45722.355 -59577.3 5270.38 -64847.7 4702.918
1.8 268.88477 911.3779 45333.422 -60082.1 5120.72 -65202.8 4700.5397
1.81 274.56976 567.4728 45591.125 -59920.4 5228.99 -65149.4 4756.6092
1.82 275.09149 161.63094 45673.574 -59891.8 5238.92 -65130.7 4799.0525
1.83 266.40778 -205.9066 45604.783 -60350.3 5073.55 -65423.8 4839.4995
1.84 274.01808 -430.10866 45513.583 -60065.1 5218.48 -65283.6 4871.5007
1.85 277.44 -329.71559 45554.549 -59766.2 5283.65 -65049.8 4903.3699
1.86 276.72911 23.58647 45568.991 -60051.9 5270.11 -65322 4943.9302
1.87 274.68892 132.9567 45556.629 -59999.9 5231.26 -65231.2 4975.3157
1.88 270.56459 -289.6655 45641.732 -59680.7 5152.71 -64833.4 5010.3209
1.89 262.15129 -81.003013 45574.641 -59952.8 4992.49 -64945.3 5033.161
1.9 267.48243 -430.80377 46003.453 -59919.3 5094.02 -65013.4 5096.6197
1.91 277.21015 -253.35133 45668.327 -59938.5 5279.27 -65217.8 5083.7069
1.92 273.01155 -257.24433 45676.847 -59892.4 5199.31 -65091.8 5126.5004
1.93 277.01028 -199.00307 45631.352 -60027.7 5275.47 -65303.2 5161.2017
1.94 274.56291 -1133.992 45493.761 -59654.9 5228.86 -64883.7 5178.228
1.95 276.48878 -215.031 45778.483 -59773.1 5265.54 -65038.6 5252.1845
1.96 269.42361 489.51555 45510.58 -59997.8 5130.98 -65128.8 5237.1067
1.97 276.16765 -658.60643 46017.89 -59773.2 5259.42 -65032.6 5307.1639
1.98 272.57162 -366.8506 45535.562 -59930.9 5190.94 -65121.9 5293.13
1.99 274.3714 152.29439 45582.325 -60234.2 5225.21 -65459.5 5327.7477
2 279.44902 -176.86559 45623.758 -59814 5321.91 -65135.9 5361.0938
2.01 284.43167 132.05382 45439.164 -60093.1 5416.8 -65509.9 5388.4347
2.02 273.41131 -146.76269 46044.117 -60075.4 5206.93 -65282.3 5435.328
2.03 278.00011 126.84028 45616.906 -60184.2 5294.32 -65478.5 5416.2193
2.04 270.97058 15.130245 45455.316 -59863.8 5160.45 -65024.2 5445.5613
2.05 257.83198 393.31175 45431.675 -60230.8 4910.23 -65141 5455.6173
2.06 274.51497 25.587975 45704.698 -60102.5 5227.95 -65330.4 5505.4725
2.07 268.15804 39.388408 45352.788 -60229.5 5106.88 -65336.4 5520.0839
2.08 274.13715 315.92464 45123.603 -59937 5220.75 -65157.8 5539.8067
2.09 272.46114 -344.04047 45673.876 -60116.6 5188.83 -65305.5 5586.794
2.1 261.81304 -193.69669 45668.252 -60283.1 4986.05 -65269.2 5604.3698
2.11 277.743 -363.21415 45538.493 -59936.2 5289.42 -65225.7 5625.3911
2.12 277.76265 -196.87995 45606.581 -60071.6 5289.8 -65361.4 5647.297
2.13 268.7299 -264.69671 45644.111 -60078.5 5117.77 -65196.3 5666.6964
2.14 263.31262 -78.711415 45621.42 -60051.6 5014.6 -65066.2 5694.3123
2.15 269.64522 81.80632 45210.127 -60052.7 5135.2 -65187.9 5681.9492
2.16 269.11962 -390.55729 45470.751 -59891.2 5125.19 -65016.4 5719.3627
2.17 280.99083 184.61785 45581.853 -59784.9 5351.27 -65136.2 5765.6082
2.18 278.39108 -279.09252 45846.31 -59917.7 5301.76 -65219.5 5806.4839
2.19 270.47024 628.60055 45500.485 -59952.8 5150.92 -65103.7 5803.6024
2.2 270.05687 -181.46998 45676.419 -59802.4 5143.04 -64945.5 5843.6776
2.21 272.23527 -105.24243 45560.83 -59743.8 5184.53 -64928.3 5853.6454
2.22 268.59898 103.97415 45719.533 -60016.7 5115.28 -65131.9 5906.8049
2.23 273.88411 765.62806 45381.872 -59980 5215.93 -65195.9 5916.9645
2.24 279.79576 73.695017 45614.561 -59810.3 5328.51 -65138.8 5956.6458
2.25 274.10704 -288.201 45523.758 -60060.9 5220.18 -65281.1 5990.4081
2.26 265.567 36.453177 45556.925 -60170.2 5057.54 -65227.7 6020.2956
2.27 275.42671 450.53976 45353.884 -59878.4 5245.31 -65123.7 6017.9818
2.28 279.33164 -236.76681 45812.324 -59941.4 5319.68 -65261.1 6106.6562
2.29 266.62055 -256.10093 45410.626 -60122.7 5077.6 -65200.3 6099.3934
2.3 279.35231 -189.57603 45772.032 -59695.8 5320.07 -65015.8 6172.0717
2.31 280.62263 -70.909703 45601.604 -60039.5 5344.26 -65383.7 6195.0935
2.32 273.52463 630.92182 45589.028 -59928.2 5209.09 -65137.3 6218.3769
2.33 273.51644 -466.34986 45927.221 -59684.7 5208.93 -64893.6 6274.8046
2.34 279.47532 417.50634 45408.868 -59986.7 5322.41 -65309.1 6245.021
2.35 264.09576 -384.98352 45584.744 -60397.6 5029.52 -65427.1 6298.9004
2.36 269.9193 691.43468 45737.679 -60127 5140.42 -65267.4 6344.1962
2.37 281.79096 -436.06952 45627.896 -59854.4 5366.51 -65220.9 6347.1285
2.38 284.0657 121.68713 45717.195 -59676.3 5409.83 -65086.1 6377.9007
2.39 269.10635 292.79594 45439.384 -60187.3 5124.94 -65312.2 6363.5798
2.4 279.33429 160.61887 45783.563 -59718.8 5319.73 -65038.5 6417.7593
2.41 272.98949 560.17749 45397.749 -60024.1 5198.89 -65223 6424.194
2.42 275.09163 -695.83074 45593.001 -59794.5 5238.93 -65033.4 6475.2778
2.43 265.35114 302.07133 45632.304 -60292.5 5053.43 -65346 6509.6611
2.44 281.02313 -513.21231 45421.638 -59799.3 5351.89 -65151.2 6548.0077
2.45 284.81088 -655.84227 45883.728 -59718.2 5424.02 -65142.2 6622.7903
2.46 266.07679 288.86517 45432.896 -59925.6 5067.25 -64992.9 6593.517
2.47 276.96643 -525.24687 45706.363 -60066.5 5274.63 -65341.1 6626.0073
2.48 268.04706 -576.1042 46040.796 -60130 5104.77 -65234.8 6703.8522
2.49 274.22934 -380.37768 45593.037 -59869.6 5222.51 -65092.1 6682.8667
2.5 283.29407 209.31299 45372.56 -59949.5 5395.14 -65344.6 6688.2705
2.51 267.30929 363.78222 45376.705 -60181.9 5090.72 -65272.6 6704.0573
2.52 268.5884 455.80232 45613.723 -59702.6 5115.08 -64817.6 6751.5627
2.53 266.25927 -8.0879007 45504.13 -60017.6 5070.72 -65088.3 6776.8125
2.54 275.45892 -421.96543 45402.585 -60101.6 5245.92 -65347.5 6788.6624
2.55 261.94522 297.6089 45566.924 -60537.2 4988.56 -65525.8 6826.5559
2.56 275.21459 527.63989 45403.751 -59913.3 5241.27 -65154.6 6863.5603
2.57 271.83405 -165.66028 45844.276 -59882.2 5176.89 -65059.1 6917.6623
2.58 272.42391 502.42873 45359.429 -60075.9 5188.12 -65264 6876.6343
2.59 265.43547 -327.01154 45437.918 -60335.3 5055.03 -65390.3 6898.2184
2.6 278.15212 -112.4626 45323.005 -60090.2 5297.21 -65387.4 6893.9341
2.61 266.32528 -523.46339 45948.814 -60016.1 5071.98 -65088 6978.0424
2.62 273.96492 -1168.8562 46025.041 -59994.1 5217.47 -65211.5 7014.0328
2.63 271.50344 143.26334 45683.874 -59779.3 5170.59 -64949.9 7019.2022
2.64 284.2935 687.48904 45681.29 -60005 5414.17 -65419.2 7053.4773
2.65 272.39571 313.19752 45494.935 -59792.7 5187.59 -64980.3 7061.5662
2.66 270.46301 111.28294 45490.288 -60261.6 5150.78 -65412.3 7105.7423
2.67 275.44998 -609.78451 45890.866 -59691.4 5245.75 -64937.1 7171.3018
2.68 262.90357 52.171323 45424.842 -60100 5006.81 -65106.8 7144.7319
2.69 267.91288 -102.9161 45595.684 -60174.7 5102.21 -65276.9 7210.0593
2.7 281.098 -347.34216 45858.326 -60013.2 5353.31 -65366.5 7268.1491
2.71 274.45301 387.93238 45596.697 -59963.6 5226.77 -65190.3 7255.244
2.72 277.83012 -473.66466 45674.47 -59804.9 5291.08 -65096 7288.8927
2.73 273.79124 101.03216 45648.797 -59971.1 5214.16 -65185.3 7318.3274
2.74 269.62944 -560.27994 45702.634 -60193.3 5134.9 -65328.2 7331.5384
2.75 267.31086 117.10275 45639.479 -59857.7 5090.75 -64948.4 7363.2279
2.76 265.25444 -626.9537 45700.89 -60135.8 5051.59 -65187.3 7400.5811
2.77 285.20964 230.93873 45746.438 -59723.5 5431.62 -65155.1 7440.5588
2.78 272.05509 -189.30528 45591.845 -60012.6 5181.1 -65193.7 7445.1619
2.79 271.86706 -188.83438 45791.032 -60190.4 5177.52 -65367.9 7498.0154
2.8 276.25053 450.77309 45506.386 -60195.9 5261 -65456.9 7501.0879
2.81 276.95213 -1169.5411 46123.674 -59605.1 5274.36 -64879.4 7562.4389
2.82 273.94701 -452.96932 45750.979 -60027.3 5217.13 -65244.5 7551.6994
2.83 266.68135 713.76721 45521.466 -60020 5078.76 -65098.7 7555.4133
2.84 278.83982 -221.29088 45448.1 -59803.5 5310.31 -65113.9 7588.5887
2.85 262.0929 202.94868 45899.586 -60168.3 4991.38 -65159.7 7688.9261
2.86 265.66694 180.64 45678.811 -60048.1 5059.44 -65107.6 7677.4143
2.87 276.28929 178.89377 45494.722 -59832.5 5261.74 -65094.3 7677.6185
2.88 267.85031 459.79604 45584.21 -60217.9 5101.02 -65318.9 7715.8495
2.89 274.17898 -696.39391 45623.639 -59857.9 5221.55 -65079.5 7739.7399
2.9 274.05441 770.73536 45256.744 -59880.4 5219.17 -65099.6 7713.713
2.91 271.44878 -514.37499 45573.388 -59984.6 5169.55 -65154.1 7776.2944
2.92 270.98752 377.58426 45295.501 -60112.2 5160.77 -65273 7786.9661
2.93 260.17066 356.46041 45710.702 -60205.3 4954.77 -65160.1 7868.5828
2.94 279.17266 -4.8110931 45629.827 -59966.6 5316.65 -65283.2 7878.359
2.95 274.64008 -477.58208 45586.316 -60071.2 5230.33 -65301.6 7904.795
2.96 268.86712 -130.77821 45523.431 -60304.3 5120.39 -65424.7 7927.2486
2.97 270.66042 189.30993 45527.912 -60133.1 5154.54 -65287.6 7968.6018
2.98 277.63049 247.7955 45592.308 -59855.6 5287.28 -65142.9 8008.5721
2.99 268.1371 -658.79843 45525.403 -60152 5106.48 -65258.5 8026.6649
3 266.56326 -189.34771 45667.351 -60252.8 5076.51 -65329.3 8073.5702
3.01 275.28991 -203.95569 45661.517 -60108.5 5242.7 -65351.2 8090.3551
3.02 277.86529 577.84596 45430.635 -59681 5291.75 -64972.8 8084.9169
3.03 276.57402 1131.3804 45484.695 -60022.2 5267.16 -65289.4 8116.3315
3.04 275.23483 397.06061 45143.728 -60191 5241.65 -65432.7 8104.3963
3.05 284.94378 230.58207 45536.094 -59682.7 5426.56 -65109.3 8174.9455
3.06 267.09799 662.21138 45364.449 -60097.7 5086.69 -65184.4 8203.423
3.07 282.78929 185.7571 45736.559 -59735.3 5385.52 -65120.8 8251.819
3.08 271.24379 -497.1101 45762.148 -60074.7 5165.65 -65240.4 8282.8279
3.09 283.17922 488.59226 45470.765 -59734.9 5392.95 -65127.9 8248.8446
3.1 270.73532 -469.79597 45713.236 -59976.3 5155.96 -65132.3 8349.6369
3.11 269.0463 131.87248 45873.945 -60186.3 5123.8 -65310.1 8376.665
3.12 271.0403 -125.99572 45608.598 -59762.9 5161.77 -64924.7 8359.2539
3.13 268.62833 231.87541 45578.13 -60112 5115.84 -65227.8 8395.8201
3.14 268.96483 43.128428 45513.3 -60409.3 5122.25 -65531.6 8429.1887
3.15 280.39999 424.3608 45304.047 -59906.7 5340.02 -65246.8 8430.3436
3.16 268.04507 409.71571 45640.826 -59958.3 5104.73 -65063 8486.5755
3.17 259.89172 -714.53647 45910.394 -60281.7 4949.46 -65231.2 8528.0743
3.18 266.98236 235.83383 45615.902 -60085 5084.49 -65169.5 8497.6678
3.19 273.80388 439.74003 45429.973 -59680.7 5214.4 -64895.2 8503.3771
3.2 276.17564 -115.42975 45777.202 -59900.5 5259.57 -65160 8576.9373
3.21 268.76597 321.3184 45577.971 -59787.8 5118.46 -64906.3 8564.2499
3.22 275.67612 194.34727 45494.264 -59971 5250.06 -65221.1 8596.9254
3.23 271.50682 50.12551 45720.314 -60099.9 5170.66 -65270.6 8634.1591
3.24 280.17105 388.05493 45742.926 -59878.8 5335.66 -65214.5 8654.4364
3.25 273.76505 116.12628 45532.614 -59904.5 5213.66 -65118.2 8674.1601
3.26 282.15426 -27.160311 45552.906 -59821.6 5373.43 -65195 8700.2229
3.27 270.88474 397.47025 45396.391 -60000 5158.81 -65158.8 8699.7318
3.28 279.60653 173.90364 45660.474 -59531.3 5324.91 -64856.2 8768.4821
3.29 281.54088 67.9722 45665.714 -59857.5 5361.75 -65219.3 8791.4852
3.3 264.81173 -186.36377 45546.256 -60184.3 5043.15 -65227.5 8810.8223
3.31 274.30012 -475.96436 45701.446 -60018.9 5223.85 -65242.8 8823.5013
3.32 269.2927 -520.75166 45685.125 -60061.7 5128.49 -65190.1 8855.4864
3.33 268.78328 -596.4361 45907.299 -59911.1 5118.79 -65029.9 8925.5227
3.34 274.05105 310.53968 45234.548 -59724.2 5219.11 -64943.3 8879.8666
3.35 272.88627 -857.53165 45841.504 -59968.8 5196.93 -65165.7 8973.3564
3.36 280.78727 -235.41071 45524.447 -59791.6 5347.4 -65139 8944.3584
3.37 275.39548 -103.5902 45649.176 -59899.5 5244.71 -65144.2 8976.1203
3.38 276.39441 -285.05611 45615.728 -59986.1 5263.74 -65249.8 9010.1273
3.39 282.6204 91.131381 45617.32 -59775.3 5382.31 -65157.6 9036.4579
3.4 268.82262 431.72909 45693.826 -60029.4 5119.54 -65149 9076.0318
3.41 273.29684 -267.20401 45709.812 -60256.9 5204.75 -65461.7 9102.3351
3.42 270.50844 -131.75978 45439.216 -59932.3 5151.64 -65084 9095.7695
3.43 275.65148 -24.933276 45647.029 -59916.2 5249.59 -65165.8 9150.6432
3.44 266.79262 517.3916 45551.873 -60164.2 5080.88 -65245.1 9168.5056
3.45 277.99312 -298.16333 45686.11 -59885.5 5294.18 -65179.7 9221.5725
3.46 274.18328 -52.666646 45550.267 -60130.4 5221.63 -65352 9216.4198
3.47 277.33186 215.38096 45448.402 -59911.8 5281.59 -65193.4 9204.0318
3.48 280.91792 -216.48168 45821.955 -59697.2 5349.88 -65047.1 9297.513
3.49 276.27102 -101.15596 45738.313 -59915.6 5261.39 -65177 9317.487
3.5 267.31111 -111.44096 45624.213 -60194.8 5090.75 -65285.6 9321.8861
3.51 271.74093 12.586059 45368.597 -59817.2 5175.12 -64992.3 9333.1006
3.52 270.30241 235.3212 45687.084 -60091.1 5147.72 -65238.8 9373.0269
3.53 274.068 -560.16743 45879.499 -60091.2 5219.43 -65310.6 9442.7895
3.54 266.91126 469.99024 45661.921 -59911 5083.14 -64994.1 9427.7552
3.55 272.91708 -115.40334 45474.166 -60136.8 5197.51 -65334.3 9458.2869
3.56 275.80698 24.011846 45735.451 -60113 5252.55 -65365.5 9506.5297
3.57 270.42076 27.375386 45403.898 -59929.7 5149.97 -65079.7 9498.1677
3.58 279.37338 -25.457956 45557.953 -59975.6 5320.47 -65296.1 9557.0018
3.59 263.38604 -273.00634 45787.657 -60247.3 5016 -65263.3 9631.8838
3.6 271.29991 753.63642 45351.949 -60108.1 5166.72 -65274.8 9594.8913
3.61 272.6721 -152.99096 45791.98 -59878.4 5192.85 -65071.2 9707.4692
3.62 272.58821 -635.368 45656.761 -60068.1 5191.25 -65259.4 9721.2252
3.63 269.05879 39.883088 45858.583 -59974.8 5124.04 -65098.9 9780.6649
3.64 275.58116 626.0805 45575.183 -59896.9 5248.25 -65145.1 9792.0078
3.65 271.46403 -773.62484 45527.324 -60173.9 5169.84 -65343.7 9792.6942
3.66 266.06943 -1218.4986 45741.044 -60102.2 5067.11 -65169.3 9834.9311
3.67 271.93305 266.50994 45554.065 -60055 5178.77 -65233.8 9833.2846
3.68 272.39971 243.30267 45770.938 -59990.7 5187.66 -65178.4 9892.0276
3.69 272.2186 -418.691 46007.885 -59708.3 5184.21 -64892.5 9946.4591
3.7 272.33175 125.41124 45898.528 -59813.7 5186.37 -65000 9932.5389
3.71 285.00532 736.96168 45690.668 -59832 5427.73 -65259.7 9911.7233
3.72 271.87098 -70.212557 45666.164 -60120.2 5177.59 -65297.8 9963.4204
3.73 281.50083 311.62755 45606.002 -59764.5 5360.99 -65125.5 10002.794
3.74 273.70023 548.47754 45508.603 -60069.9 5212.43 -65282.3 10021.339
3.75 267.31095 649.88829 45362.91 -60200.8 5090.75 -65291.5 10045.762
3.76 281.57713 291.71401 45342.501 -59854.5 5362.44 -65216.9 10033.989
3.77 270.91897 30.914848 45259.206 -60091.8 5159.46 -65251.2 10036.153
3.78 269.07537 -49.822632 45605.761 -60099.4 5124.35 -65223.7 10138.605
3.79 267.92453 233.5245 45396.395 -59814.4 5102.44 -64916.8 10135.235
3.8 271.71751 416.23794 45684.399 -60106.3 5174.67 -65281 10208.816
3.81 264.73214 148.40138 45552.618 -60336.1 5041.64 -65377.7 10210.465
3.82 276.99858 -66.904643 45731.062 -59831.6 5275.24 -65106.8 10232.46
3.83 272.15625 -485.69405 45737.871 -59902.8 5183.03 -65085.9 10279.201
3.84 268.61206 -203.99067 45911.538 -60123.2 5115.53 -65238.7 10316.591
3.85 263.3122 -674.74187 45488.226 -59978.1 5014.6 -64992.7 10276.657
3.86 256.00476 -184.05344 45712.277 -60174 4875.43 -65049.4 10338.628
3.87 272.30802 -12.846539 45876.804 -60095.4 5185.92 -65281.3 10388.399
3.88 277.09328 -314.75991 45709.011 -60033.9 5277.05 -65311 10409.895
3.89 264.59031 148.81443 45467.331 -60044.1 5038.94 -65083 10417.631
3.9 273.2806 -436.00535 45604.401 -59915.4 5204.44 -65119.8 10448.366
3.91 274.10602 -250.90747 45969.61 -59744.7 5220.16 -64964.9 10541.357
3.92 266.83307 -354.26117 45948.392 -60236.9 5081.65 -65318.5 10550.247
3.93 282.88483 -330.2834 45786.768 -59759.7 5387.34 -65147 10555.159
3.94 277.54209 -312.10417 45314.589 -60033.9 5285.59 -65319.5 10508.136
3.95 272.444 -195.68311 45724.65 -60123.3 5188.51 -65311.8 10608.089
3.96 278.50404 494.11192 45490.655 -60000.1 5303.91 -65304 10625.587
3.97 264.17412 -420.8464 45845.195 -59919.9 5031.01 -64950.9 10690.045
3.98 267.57564 -598.5882 45501.903 -59922.8 5095.79 -65018.6 10705.266
3.99 266.61803 1083.5079 45191.201 -59916.1 5077.55 -64993.7 10671.662
4 275.40475 -48.474817 45699.317 -59986.7 5244.89 -65231.6 10787.799
4.01 269.82637 -650.39493 46183.919 -59925.5 5138.65 -65064.2 10902.187
4.02 268.78158 -115.84187 45755.01 -60269.3 5118.76 -65388 10890.438
4.03 281.37258 227.87787 45565.845 -59828.4 5358.54 -65187 10876.172
4.04 280.75363 91.742443 45512.633 -59798.2 5346.76 -65145 10900.009
4.05 274.6995 -63.475781 45724.677 -60023.7 5231.46 -65255.2 10954.289
4.06 270.19836 509.75627 45516.461 -59668.6 5145.74 -64814.3 10954.601
4.07 279.8492 -491.08732 45940.047 -59955.5 5329.53 -65285 11049.294
4.08 268.31191 -1195.3503 45845.028 -60004.2 5109.81 -65114 11063.99
4.09 284.52566 728.81222 45553.762 -59579.3 5418.59 -64997.9 11048.014
4.1 263.5489 -152.00749 45523.672 -59994.8 5019.1 -65013.9 11075.297
4.11 262.68791 214.10958 45367.052 -60251.3 5002.71 -65254 11081.559
4.12 270.21159 -745.53473 45811.869 -60097.1 5145.99 -65243.1 11191.198
4.13 277.61124 -241.72606 45694.232 -59827.2 5286.91 -65114.1 11214.947
4.14 270.84884 -625.1028 45524.532 -59958.2 5158.13 -65116.4 11223.339
4.15 271.1675 -471.26001 45711.078 -59883.7 5164.2 -65047.9 11281.277
4.16 275.73688 996.01388 45373.864 -59693.6 5251.22 -64944.8 11247.093
4.17 266.21029 -260.32491 45734.124 -59904.4 5069.79 -64974.2 11352.032
4.18 278.01442 -249.70908 45817.391 -60126.6 5294.59 -65421.2 11384.709
4.19 266.05598 -370.48192 46018 -59852.6 5066.85 -64919.5 11406.47
4.2 285.00376 533.15136 45490.163 -59645.4 5427.7 -65073.1 11344.966
4.21 266.69297 -69.694555 45495.384 -60146.9 5078.98 -65225.9 11365.039
4.22 280.09105 -21.616283 45879.134 -59787.6 5334.14 -65121.7 11471.367
4.23 268.04482 -435.74359 45738.929 -59938.6 5104.73 -65043.3 11462.677
4.24 274.18985 303.58469 45485.208 -59793.1 5221.75 -65014.9 11472.181
4.25 271.21995 -138.71777 45670.353 -60016.7 5165.19 -65181.9 11544.121
4.26 278.30809 668.74117 45378.624 -59852.4 5300.18 -65152.6 11534.99
4.27 278.78893 -244.72238 45436.999 -59765.5 5309.34 -65074.8 11548.185
4.28 267.24456 -103.76594 45659.909 -60186.4 5089.49 -65275.9 11618.24
4.29 278.40126 -15.585205 45628.266 -59877.8 5301.96 -65179.7 11644.976
4.3 271.27531 -614.17447 45577.492 -60138.3 5166.25 -65304.5 11679.096
4.31 269.54615 16.03031 45387.868 -60086.2 5133.32 -65219.5 11703.459
4.32 261.42669 -758.31992 45952.713 -60143.3 4978.69 -65122 11836.322
4.33 268.16917 154.44492 45667.051 -59835.2 5107.09 -64942.3 11822.188
4.34 272.16119 260.06562 45398.262 -59867.5 5183.12 -65050.6 11803.408
4.35 282.17029 675.0948 45470.619 -59605.4 5373.74 -64979.1 11827.78
4.36 271.72008 9.3791927 45684.537 -59971 5174.72 -65145.7 11877.462
4.37 275.35063 565.17427 45465.652 -60091.2 5243.86 -65335 11873.476
4.38 284.26288 -55.491803 45425.464 -59916.3 5413.59 -65329.9 11872.618
4.39 279.91709 334.83038 45527.577 -59541.7 5330.83 -64872.5 11895.619
4.4 269.62568 222.65682 45376.662 -60104.7 5134.83 -65239.5 11904.341
4.41 277.3559 -218.49336 45566.242 -59609.9 5282.05 -64891.9 11990.175
4.42 287.45299 228.58381 45616.67 -59748.4 5474.34 -65222.7 12017.534
4.43 268.30669 -283.56351 45730.445 -59995.9 5109.71 -65105.6 12064.038
4.44 271.08871 1043.1116 45334.06 -60101.5 5162.69 -65264.2 12046.653
4.45 278.83859 284.62644 45333.161 -59823.1 5310.29 -65133.4 12045.442
4.46 282.91919 105.39219 45393.214 -59845.1 5388 -65233.1 12088.046
4.47 275.31349 191.26358 45593.061 -59948.7 5243.15 -65191.8 12132.183
4.48 268.18377 9.3299625 45784.743 -60061.5 5107.37 -65168.9 12186.563
4.49 266.43627 -190.61635 45757.902 -60024.8 5074.09 -65098.9 12180.811
4.5 262.57514 -228.13014 45781.965 -60238.9 5000.56 -65239.5 12235.906
4.51 270.74051 134.25427 45553.97 -59855 5156.06 -65011.1 12229.045
4.52 274.83165 -931.55641 45887.044 -60014.2 5233.98 -65248.2 12316.387
4.53 279.01503 653.98058 45431.968 -59788.8 5313.65 -65102.4 12275.759
4.54 267.14341 -63.136041 45515.842 -60151.9 5087.56 -65239.4 12330.222
4.55 278.38627 274.21305 45560.505 -59581.4 5301.67 -64883.1 12377.666
4.56 280.53015 -140.7118 45550.809 -59844.6 5342.5 -65187.1 12395.546
4.57 282.52943 622.30752 45351.502 -59509.9 5380.58 -64890.5 12412.561
4.58 273.8225 586.70315 45254.979 -59871.2 5214.76 -65086 12409.88
4.59 274.50095 489.57972 45708.316 -59791.1 5227.68 -65018.7 12520.343
4.6 264.16287 626.74702 45346.198 -60195.5 5030.8 -65226.3 12452.959
4.61 267.75669 -560.08487 45910.479 -59919 5099.24 -65018.2 12565.584
4.62 279.62161 -545.08254 45705.713 -59714.6 5325.2 -65039.8 12539.263
4.63 268.63068 254.72647 45660.96 -59863.5 5115.88 -64979.4 12522.182
4.64 267.12809 236.77415 45593.635 -60412.9 5087.27 -65500.2 12554.779
4.65 275.94989 161.81553 45548.912 -59885.1 5255.27 -65140.3 12594.254
4.66 268.02351 544.95489 45627.748 -60060.9 5104.32 -65165.2 12637.747
4.67 273.35916 111.95234 45557.704 -59820.2 5205.93 -65026.2 12630.998
4.68 272.23469 -67.830595 45857.368 -59931 5184.52 -65115.5 12682.123
4.69 274.80028 -12.096501 45554.258 -59980.9 5233.38 -65214.3 12663.381
4.7 274.47113 472.95109 45423.844 -59868.2 5227.11 -65095.3 12686.198
4.71 267.05292 -301.51194 45760.742 -59933.2 5085.84 -65019 12774.608
4.72 282.42842 -190.90261 45834.884 -59832.7 5378.65 -65211.3 12796.017
4.73 276.16095 -373.07268 45797.393 -59943.3 5259.29 -65202.6 12829.548
4.74 279.51947 235.76225 45441.787 -59758.8 5323.25 -65082.1 12788.345
4.75 268.18452 453.4256 45336.256 -60057.2 5107.39 -65164.5 12817.63
4.76 265.79612 -376.20184 45615.262 -60351.2 5061.9 -65413.1 12899.792
4.77 273.86823 -236.1889 45768.03 -59885.2 5215.63 -65100.8 12972.297
4.78 262.67897 -316.5245 45572.774 -60116.4 5002.54 -65119 12999.99
4.79 269.18341 18.126902 45341.965 -60101.2 5126.41 -65227.6 12950.704
4.8 279.59231 493.02481 45437.967 -59875.3 5324.64 -65200 12995.657
4.81 267.93407 -89.444613 45911.411 -59987.8 5102.62 -65090.4 13115.819
4.82 259.39894 597.30465 45397.411 -60325.8 4940.07 -65265.9 13072.896
4.83 269.5271 69.845971 45976.088 -59836.1 5132.96 -64969.1 13205.726
4.84 266.96688 -159.52857 45609.435 -60028.5 5084.2 -65112.7 13157.138
4.85 275.16491 -531.95269 45835.176 -60204.8 5240.32 -65445.1 13234.506
4.86 267.4933 -487.92529 45577.055 -60023.7 5094.22 -65117.9 13230.121
4.87 262.02434 -312.4627 45692.827 -60224.2 4990.07 -65214.3 13272.397
4.88 273.05452 189.7796 45559.243 -59858.3 5200.13 -65058.4 13279.468
4.89 273.1538 563.5348 45455.025 -60339.1 5202.02 -65541.1 13314.749
4.9 269.7092 368.28021 45438.702 -59885.6 5136.42 -65022 13365.869
4.91 268.78365 -227.76808 45638.052 -60007.8 5118.8 -65126.6 13452.408
4.92 278.32887 -157.30585 45618.465 -59950.3 5300.58 -65250.9 13487.39
4.93 270.05924 268.38852 45370.014 -59982.6 5143.09 -65125.7 13501.067
4.94 263.43686 273.92852 45720.363 -60167.7 5016.97 -65184.7 13596.426
4.95 278.27597 -302.19964 45650.863 -59986.7 5299.57 -65286.3 13611.85
4.96 275.25757 50.242273 45408.098 -59613.5 5242.09 -64855.6 13613.299
4.97 278.34885 -290.39463 45535.672 -60024.9 5300.96 -65325.8 13647.431
4.98 275.05991 -416.82751 45524.168 -59808.9 5238.32 -65047.2 13670.527
4.99 279.47077 305.7818 45513.997 -59928.3 5322.32 -65250.6 13702.071
5 282.23587 992.71776 45284.247 -59973.5 5374.98 -65348.5 13709.164
5.01 280.83502 -264.94458 45908.417 -59935.5 5348.31 -65283.8 13854.045
5.02 273.87402 -681.46983 45667.614 -59906.7 5215.74 -65122.4 13849.873
5.03 273.84588 15.967864 45366.624 -59901 5215.2 -65116.2 13829.255
5.04 276.14591 -62.913462 45894.565 -59949 5259.01 -65208.1 13948.12
5.05 259.27202 -671.79235 46192.032 -60029.4 4937.65 -64967 14039.046
5.06 270.46865 -160.86638 45720.199 -59923.1 5150.89 -65074 13959.858
5.07 278.37532 110.64412 45791.89 -59687.3 5301.46 -64988.7 13987.459
5.08 265.63962 152.41631 45545.868 -60059.7 5058.92 -65118.6 13977.029
5.09 274.53589 -371.81248 45665.971 -59955.2 5228.34 -65183.6 14005.748
5.1 281.01148 1039.7081 45289.411 -59898.9 5351.67 -65250.5 13947.99
5.11 277.29256 -357.50172 45486.04 -59815.2 5280.84 -65096.1 14010.846
5.12 274.36185 -507.76621 45793.998 -60025.6 5225.03 -65250.6 14106.33
5.13 272.76824 689.24327 45523.359 -59740.9 5194.68 -64935.5 14077.054
5.14 270.65359 -576.13888 45795.012 -59888.4 5154.41 -65042.8 14149.321
5.15 261.89939 -46.033205 45556.602 -60167.5 4987.69 -65155.2 14094.675
5.16 271.65483 148.99122 45971.829 -59871.1 5173.48 -65044.6 14196.48
5.17 275.57658 509.64369 45474.525 -60002.3 5248.16 -65250.5 14119.86
5.18 267.33123 -66.119747 45789.917 -60040 5091.14 -65131.1 14199.195
5.19 277.0135 -133.90369 45576.26 -59652 5275.53 -64927.5 14152.848
5.2 270.3041 -130.46688 45546.58 -60016.2 5147.75 -65164 14130.986
5.21 275.53332 -671.33582 45848.617 -60015.5 5247.34 -65262.8 14224.443
5.22 277.00609 -244.60938 45746.21 -59843.9 5275.39 -65119.2 14234.623
5.23 265.3959 -676.23601 45905.949 -60242.6 5054.28 -65296.9 14304.2
5.24 275.26804 -151.66942 45756.951 -59934.1 5242.29 -65176.3 14312.498
5.25 274.51375 334.76312 45244.66 -60097.2 5227.92 -65325.2 14248.487
5.26 276.83749 -142.10218 45845.129 -59858.8 5272.18 -65131 14406.797
5.27 274.74939 -149.63102 45870.874 -59870.3 5232.41 -65102.7 14452.501
5.28 280.37365 -548.2141 45807.449 -59813.2 5339.52 -65152.7 14489.673
5.29 269.04645 -917.66532 45785.77 -60134.2 5123.8 -65258 14513.849
5.3 282.73955 -772.78131 46017.405 -59728.5 5384.58 -65113.1 14598.926
5.31 270.42541 -783.1657 45711.893 -59969.4 5150.06 -65119.5 14582.31
5.32 277.675 -732.22409 46133.256 -59521.9 5288.13 -64810.1 14698.472
5.33 277.77996 189.59669 45912.942 -59930.5 5290.12 -65220.6 14680.716
5.34 268.71115 108.7127 45780.811 -60107.6 5117.42 -65225 14664.532
5.35 270.48708 408.99199 45495.871 -59913.4 5151.24 -65064.6 14640.55
5.36 276.3536 -314.49568 45550.721 -59921.5 5262.96 -65184.5 14647.753
5.37 266.2272 101.28761 45845.68 -60223.5 5070.11 -65293.7 14733.544
5.38 270.93447 760.60638 45498.253 -59990.3 5159.76 -65150.1 14691.119
5.39 281.25973 271.2413 45793.113 -59876.4 5356.39 -65232.8 14759.881
5.4 265.02545 33.217412 45469.621 -60177 5047.22 -65224.2 14714.135
5.41 279.26081 -549.818 45973.664 -59660.4 5318.33 -64978.8 14842.651
5.42 277.7631 30.417971 45646.725 -59837.7 5289.8 -65127.5 14805.357
5.43 267.82457 -619.39282 45426.183 -60172 5100.53 -65272.5 14752.531
5.44 277.04919 -645.48132 45870.17 -59709.1 5276.21 -64985.3 14864.862
5.45 267.1005 -360.6307 45716.071 -60231.5 5086.74 -65318.2 14885.013
5.46 269.19292 179.92267 45722.782 -60061.4 5126.59 -65188 14919.046
5.47 273.63685 523.39109 45438.553 -60163.7 5211.22 -65374.9 14844.92
5.48 272.59417 -425.90738 45742.864 -59863.4 5191.36 -65054.8 14974.836
5.49 280.37174 -148.78831 45724.673 -59915.2 5339.48 -65254.7 15003.328
5.5 277.6591 287.43197 45397.517 -60007.2 5287.82 -65295 14969.144
5.51 263.7188 441.49053 45318.005 -59949.2 5022.34 -64971.5 14988.198
5.52 283.12254 -265.66033 45873.305 -59517.6 5391.87 -64909.5 15145.62
5.53 269.21424 486.79143 45262.345 -59922.2 5127 -65049.2 14994.888
5.54 280.647 336.08229 45375.054 -59752.7 5344.73 -65097.4 15034.183
5.55 263.36088 208.89899 45404.244 -60095 5015.52 -65110.6 15061.39
5.56 271.71525 118.82466 45483.358 -59974.9 5174.63 -65149.5 15104.934
5.57 273.48265 290.02619 45672.795 -59912.8 5208.29 -65121.1 15160.315
5.58 267.25842 -532.61104 45864.592 -60035.4 5089.75 -65125.1 15233.908
5.59 279.95628 76.021 45665.04 -59831.5 5331.57 -65163.1 15198.461
5.6 273.29457 115.56203 45538.704 -59921 5204.7 -65125.7 15173.657
5.61 269.27661 759.50759 45498.791 -60147.5 5128.18 -65275.7 15201.81
5.62 273.46158 -673.50475 45917.768 -59821.1 5207.88 -65029 15298.114
5.63 268.10741 -215.51579 45703.725 -60112.3 5105.92 -65218.2 15292.884
5.64 278.99643 151.00358 45882.786 -59901.5 5313.29 -65214.8 15338.398
5.65 275.02641 -264.32889 45598.227 -60019.7 5237.69 -65257.4 15292.496
5.66 271.66899 -119.45017 45730.169 -60054.3 5173.75 -65228 15367.58
5.67 272.99441 545.42623 45283.849 -60078.4 5198.99 -65277.4 15299.663
5.68 268.38966 -43.258211 45970.588 -59918.2 5111.29 -65029.5 15441.245
5.69 269.25336 374.0787 45494.318 -60174.2 5127.74 -65301.9 15402.253
5.7 273.09834 -129.44354 45757.55 -59826.3 5200.97 -65027.3 15457.699
5.71 263.87298 -146.61006 45704.119 -60113 5025.28 -65138.3 15480.77
5.72 275.58936 332.21512 45338.348 -60020.7 5248.41 -65269.1 15409.644
5.73 268.95167 -618.15492 45778.489 -60018.2 5122 -65140.2 15570.104
5.74 271.48174 913.81271 45249.608 -60091.1 5170.18 -65261.3 15484.856
5.75 280.72235 13.740665 45563.323 -60056 5346.16 -65402.2 15579.08
5.76 263.88205 -566.1088 45892.668 -60316.2 5025.45 -65341.7 15682.566
5.77 280.06005 422.82011 45538.413 -59978.3 5333.55 -65311.9 15626.619
5.78 275.17574 223.74422 46054.735 -59910.1 5240.53 -65150.6 15775.89
5.79 271.22866 -607.81853 45539.002 -59984.3 5165.36 -65149.6 15694.018
5.8 273.43542 236.36653 45386.173 -60215.4 5207.39 -65422.8 15674.188
5.81 269.69887 -278.80346 45495.583 -60371 5136.23 -65507.2 15753.741
5.82 271.56943 197.65977 45674.156 -59926.4 5171.85 -65098.3 15829.908
5.83 271.93038 316.03062 45573.206 -60214.2 5178.72 -65392.9 15841.308
5.84 278.87319 -800.70101 45692.54 -59955.2 5310.94 -65266.1 15927.471
5.85 268.84481 342.82622 45321.703 -60168.5 5119.96 -65288.4 15895.731
5.86 278.92692 520.68612 45408.032 -59787.3 5311.97 -65099.2 15927.613
5.87 275.28744 -208.51044 45967.082 -60038.4 5242.66 -65281.1 16090.597
5.88 274.71902 156.03063 45440.635 -59607.1 5231.83 -64839 15970.85
5.89 266.55377 -496.67211 45751.305 -59954.7 5076.33 -65031 16085.547
5.9 285.09104 352.92898 45571.721 -59680.9 5429.36 -65110.2 16043.539
5.91 279.1995 -386.06594 45711.473 -59990.6 5317.16 -65307.7 16092.976
5.92 273.01035 456.04155 45497.245 -60157.7 5199.29 -65357 16094.811
5.93 273.20122 564.6018 45482.44 -59848.2 5202.93 -65051.2 16081.664
5.94 269.49287 317.71711 45675.831 -59915.4 5132.3 -65047.7 16185.927
5.95 271.5172 -1123.0079 45620.741 -60319.8 5170.85 -65490.6 16216.418
5.96 264.18457 -958.37458 45624.03 -59914.1 5031.21 -64945.3 16235.258
5.97 279.98418 -29.251483 45739.127 -59816.4 5332.1 -65148.5 16298.391
5.98 267.43379 -80.419261 45594.267 -59979.7 5093.09 -65072.8 16292.574
5.99 270.45075 -215.83732 45658.418 -59740.6 5150.55 -64891.2 16366.82
6 273.37628 -726.63591 46013.672 -60031.3 5206.26 -65237.6 16488.998
6.01 276.72667 81.823472 45655.25 -59935.5 5270.07 -65205.5 16452.664
6.02 275.7484 845.03402 45283.774 -59949.6 5251.44 -65201.1 16399.825
6.03 272.62219 477.34425 45587.457 -60055.1 5191.9 -65247 16517.257
6.04 267.61128 204.84668 45546.052 -60413.3 5096.47 -65509.8 16530.071
6.05 276.83133 -419.63204 45901.553 -59911.9 5272.06 -65183.9 16636.465
6.06 281.43175 -757.87243 45696.703 -60060.9 5359.67 -65420.5 16583.106
6.07 268.53383 -179.79953 45900.41 -60045.3 5114.04 -65159.3 16666.43
6.08 272.45557 -57.984629 45694.5 -60144.9 5188.73 -65333.6 16647.612
6.09 269.88935 173.20788 45686.55 -59898 5139.85 -65037.8 16670.09
6.1 278.62746 499.3683 45582.801 -59914.5 5306.27 -65220.7 16667.725
6.11 262.51579 -75.316283 45421.461 -60336.4 4999.43 -65335.8 16658.178
6.12 279.20447 -1.8963838 45462.354 -59828.4 5317.25 -65145.7 16704.802
6.13 277.328 95.836753 45655.787 -59874.1 5281.52 -65155.7 16776.594
6.14 262.69967 300.67263 45551.791 -60430.5 5002.93 -65433.5 16779.46
6.15 266.87938 -580.1529 45718.967 -60075.6 5082.53 -65158.1 16877.806
6.16 266.05896 -69.540722 45657.658 -59910.2 5066.91 -64977.1 16864.729
6.17 277.74501 -393.93046 45565.543 -59850.4 5289.46 -65139.8 16855.596
6.18 267.04817 -53.730989 45763.137 -60089.1 5085.75 -65174.8 16946.305
6.19 269.58416 -443.36451 45728.259 -59930.3 5134.04 -65064.3 16973.253
6.2 270.91465 -228.72747 45542.744 -59936.3 5159.38 -65095.7 16918.518
6.21 272.4645 11.527091 45758.176 -59769.4 5188.9 -64958.3 17032.741
6.22 259.55955 -390.33783 45688.272 -60171.7 4943.13 -65114.9 17083.73
6.23 269.32727 768.73107 45294.4 -60088.9 5129.15 -65218 17026.04
6.24 271.81902 -112.09549 45499.478 -60162.5 5176.6 -65339.1 17117.13
6.25 271.35871 -1035.6898 45802.796 -59996.6 5167.84 -65164.4 17243.887
6.26 279.97275 428.02463 45592.855 -59942.4 5331.89 -65274.3 17220.644
6.27 271.43643 345.30872 45700.581 -60198.9 5169.32 -65368.2 17284.15
6.28 274.37013 134.28865 45547.886 -59807 5225.19 -65032.2 17270.472
6.29 269.87807 -97.585112 45615.362 -60122.2 5139.64 -65261.9 17311.413
6.3 285.41639 333.14243 45623.17 -59524.3 5435.56 -64959.9 17345.075
6.31 260.18413 -457.44176 45955.111 -59979.6 4955.02 -64934.7 17427.612
6.32 263.77797 -454.04167 45685.618 -60189.6 5023.47 -65213 17415.392
6.33 270.84285 333.25128 45471.804 -60248.6 5158.01 -65406.6 17409.633
6.34 287.10224 228.71165 45552.686 -59612.4 5467.66 -65080.1 17430.347
6.35 271.45675 232.85931 45648.628 -59802.6 5169.7 -64972.4 17523.281
6.36 276.76267 1057.9142 45548.566 -59895.2 5270.75 -65165.9 17514.895
6.37 278.58558 643.01144 45255.866 -59521.3 5305.47 -64826.7 17485.665
6.38 271.63192 230.0907 45491.949 -59899.3 5173.04 -65072.3 17582.21
6.39 267.23348 245.2783 45333.11 -60231.9 5089.27 -65321.1 17543.665
6.4 273.58522 -347.40065 45799.968 -60027.6 5210.24 -65237.8 17659.758
6.41 265.50581 -359.9445 45649.976 -59939.3 5056.37 -64995.7 17647.744
6.42 265.0723 411.49157 45464.254 -60054.8 5048.12 -65102.9 17630.563
6.43 278.67599 -25.430164 45747.471 -59943.8 5307.19 -65251 17769.354
6.44 269.70838 -69.458558 45744.964 -60194.6 5136.41 -65331 17790.609
6.45 272.9109 -102.87454 45626.22 -59964.6 5197.4 -65162 17768.533
6.46 274.31581 -77.729486 45877.995 -59644.5 5224.15 -64868.7 17874.84
6.47 280.15714 -654.45565 45605.823 -59987.9 5335.4 -65323.3 17843.55
6.48 271.85082 -206.98368 45542.402 -60171.6 5177.21 -65348.8 17834.207
6.49 274.09793 -421.83502 45840.968 -59999.1 5220 -65219.1 17955.082
6.5 267.89579 -918.20345 45842.318 -60089.1 5101.89 -65191 17991.272
6.51 287.2151 59.577483 45713.175 -59706.6 5469.81 -65176.4 17973.77
6.52 275.51668 -86.784973 45592.892 -59837.2 5247.02 -65084.2 17943.979
6.53 274.11808 -297.45638 45927.907 -59898 5220.39 -65118.4 18059.249
6.54 270.04984 91.765844 45590.812 -59939.7 5142.91 -65082.6 17977.509
6.55 271.83108 151.27521 45384.258 -59654.5 5176.83 -64831.3 17975.591
6.56 269.30098 -105.30243 45616.633 -60041.8 5128.65 -65170.5 18100.821
6.57 274.92573 695.07545 45509.385 -59896.4 5235.77 -65132.2 18087.028
6.58 273.63638 -200.50927 45623.907 -59839.9 5211.21 -65051.2 18152.1
6.59 259.3497 -327.31844 45748.846 -59907.8 4939.13 -64846.9 18182.461
6.6 264.77449 -39.107891 45555.542 -60160.2 5042.45 -65202.6 18147.049
6.61 276.79606 -110.50833 45707.958 -59875.6 5271.39 -65147 18227.034
6.62 275.68648 217.70253 45565.256 -59725.1 5250.26 -64975.3 18187.778
6.63 272.71088 -373.33796 45898.061 -59993.1 5193.59 -65186.7 18311.269
6.64 273.03837 -153.06287 45452.565 -60103 5199.82 -65302.8 18217.97
6.65 283.32879 518.22982 45414.823 -59522.4 5395.8 -64918.2 18227.086
6.66 278.14298 -496.89409 45674.344 -59911.9 5297.04 -65208.9 18312.015
6.67 270.25919 -775.43986 45964.492 -59739.3 5146.9 -64886.2 18416.273
6.68 269.62697 224.6659 45580.055 -59793.5 5134.86 -64928.3 18344.446
6.69 285.09956 184.4407 45599.704 -59430.1 5429.52 -64859.6 18368.953
6.7 263.31449 170.1451 45399.046 -60085.2 5014.64 -65099.9 18329.193
6.71 267.30358 -11.501142 45597.896 -59837.2 5090.61 -64927.8 18415.982
6.72 270.69761 341.78038 45721.001 -59969.5 5155.25 -65124.7 18474.939
6.73 277.8686 168.13653 45815.912 -59986 5291.81 -65277.8 18562.266
6.74 274.61321 -26.782793 45671.236 -59816.5 5229.82 -65046.3 18505.825
6.75 272.55641 526.16201 45617.427 -60009.1 5190.65 -65199.8 18491.382
6.76 269.47679 52.569742 45773.174 -59951.7 5132 -65083.6 18530.293
6.77 277.38423 16.07823 45832.86 -60010.4 5282.59 -65292.9 18580.72
6.78 264.6616 -361.063 45657.251 -60061.8 5040.29 -65102.1 18543.044
6.79 282.04247 -347.97565 46130.762 -59636.1 5371.3 -65007.4 18703.581
6.8 267.00085 -7.3382367 45809.952 -60098.3 5084.84 -65183.1 18693.233
6.81 275.72968 178.87557 45613.872 -59822.9 5251.08 -65074 18669.743
6.82 268.48845 169.30467 45688.081 -60043.5 5113.17 -65156.6 18724.148
6.83 269.23911 -458.86347 45463.244 -60057.7 5127.47 -65185.2 18637.546
6.84 273.23973 113.27217 45727.303 -59805.8 5203.66 -65009.4 18753.239
6.85 269.87085 362.38956 45549.386 -60047.1 5139.5 -65186.6 18745.1
6.86 266.07854 -436.90786 45765.752 -60027.2 5067.28 -65094.5 18823.973
6.87 280.32505 -75.144304 45661.084 -59676.3 5338.59 -65014.9 18843.201
6.88 269.02748 331.45074 45498.697 -60134.2 5123.44 -65257.6 18822.592
6.89 260.33373 -279.66443 45479.801 -60186.5 4957.87 -65144.3 18826.165
6.9 272.03611 -98.689595 45737.272 -59910.4 5180.74 -65091.2 18900.558
6.91 282.53211 127.63492 45678.934 -59681.4 5380.63 -65062 18938.476
6.92 270.55636 156.74383 45731.629 -59915.8 5152.56 -65068.4 18965.34
6.93 265.87942 117.4974 45399.56 -60125.4 5063.49 -65188.8 18897.144
6.94 272.78926 928.87698 45425.336 -60213.9 5195.08 -65409 18917.83
6.95 271.41171 108.06816 45712.595 -59972.6 5168.85 -65141.4 19018.304
6.96 283.8145 604.71052 45462.593 -59566.1 5405.05 -64971.2 18970.627
6.97 275.29939 -93.259977 45616.514 -59786.9 5242.88 -65029.8 19013.933
6.98 257.50859 -219.95006 45664.027 -60068.5 4904.07 -64972.5 19092.083
6.99 280.01819 -165.59578 45742.778 -59890.3 5332.75 -65223.1 19162.855
7 270.57317 -224.54746 45647.668 -59856.6 5152.88 -65009.5 19196.949
7.01 270.74591 237.38892 45550.924 -59981.9 5156.17 -65138.1 19164.65
7.02 278.33081 -30.933185 45697.568 -59752.8 5300.62 -65053.4 19209.47
7.03 275.32684 706.36814 45420.42 -59844.2 5243.41 -65087.6 19177.499
7.04 278.89448 -560.5122 45651.653 -59672.6 5311.35 -64983.9 19289.029
7.05 269.45027 -110.43535 45830.152 -60114.4 5131.49 -65245.9 19383.894
7.06 267.07114 482.35728 45332.799 -60351.7 5086.18 -65437.9 19257.783
7.07 275.48284 -218.41375 45807.627 -59913.7 5246.38 -65160.1 19443.088
7.08 268.23636 665.03228 45334.94 -60108.5 5108.37 -65216.9 19343.829
7.09 269.91943 99.7908 45660.401 -59930.7 5140.43 -65071.2 19483.11
7.1 271.76122 349.37243 45331.44 -60187.6 5175.5 -65363.2 19425.581
7.11 269.71543 122.80545 45671.79 -60014.3 5136.54 -65150.9 19573.108
7.12 269.27857 -242.93288 45406.215 -60001.4 5128.22 -65129.7 19504.398
7.13 277.71392 -108.38843 45590.958 -60038.4 5288.87 -65327.3 19576.428
7.14 265.6607 -221.66014 45793.678 -59817.2 5059.32 -64876.5 19665.161
7.15 256.97754 -107.46089 45672.574 -60373.8 4893.96 -65267.8 19644.7
7.16 269.86846 667.88793 45560.281 -60027.3 5139.46 -65166.7 19651.779
7.17 264.10875 417.00932 45381.923 -60186 5029.77 -65215.8 19623.8
7.18 278.04527 461.73241 45475.662 -59889.9 5295.18 -65185 19670.041
7.19 279.27685 -628.58753 45737.562 -59702 5318.63 -65020.6 19790.775
7.2 268.41381 -98.732428 45604.47 -59916.9 5111.75 -65028.6 19814.193
7.21 267.52036 -123.16001 45532.004 -59899.4 5094.74 -64994.2 19862.441
7.22 269.1689 768.8246 45589.648 -60187.4 5126.13 -65313.5 19912.95
7.23 275.68667 85.931615 45687.239 -59784.8 5250.26 -65035.1 19952.222
7.24 268.10047 92.964418 45508.465 -60159.1 5105.79 -65264.8 19942.252
7.25 276.10012 24.310369 45730.031 -59896.1 5258.13 -65154.2 20024.673
7.26 278.35338 -339.19542 45774.241 -60006 5301.05 -65307.1 20075.998
7.27 275.06046 331.41025 45578.578 -59945.1 5238.33 -65183.4 20010.465
7.28 278.91087 124.7043 45854.656 -59754.2 5311.66 -65065.8 20108.192
7.29 276.07469 -78.171439 45596.339 -59966.8 5257.65 -65224.5 20086.074
7.3 275.24266 449.84971 45670.614 -60178.7 5241.8 -65420.5 20121.411
7.31 278.37513 -267.37198 45742.796 -59755.1 5301.46 -65056.6 20170.326
7.32 275.71896 235.1183 45683.052 -60035.5 5250.87 -65286.4 20195.414
7.33 264.82882 -355.00087 45411.563 -60314.2 5043.48 -65357.7 20146.731
7.34 270.2363 478.44336 45374.373 -59839.7 5146.46 -64986.2 20149.166
7.35 285.69708 301.8981 45875.143 -59397.4 5440.9 -64838.4 20325.1
7.36 264.60903 316.72115 45439.037 -60005.8 5039.29 -65045.1 20219.116
7.37 267.12678 578.95266 45570.739 -60098.4 5087.24 -65185.7 20290.112
7.38 278.00202 -266.13297 45421.482 -59815.4 5294.35 -65109.7 20253.929
7.39 272.97192 211.65854 45623.288 -59983.3 5198.56 -65181.9 20401.32
7.4 274.50303 184.22229 45525.937 -59584.5 5227.72 -64812.3 20408.849
7.41 275.96465 3.2137866 45459.919 -59844.5 5255.55 -65100.1 20441.477
7.42 283.8875 595.17698 45406.971 -59469.8 5406.44 -64876.3 20484.559
7.43 266.43352 -935.55912 45602.963 -59946.1 5074.04 -65020.1 20565.653
7.44 271.43007 -537.26505 45731.023 -59879.3 5169.2 -65048.5 20606.783
7.45 266.25052 274.56952 45508.631 -60174 5070.55 -65244.5 20562.568
7.46 273.7293 -687.80923 45898.198 -59899.9 5212.98 -65112.9 20705.89
7.47 265.78167 -506.60518 45640.764 -60227.9 5061.63 -65289.5 20693.558
7.48 271.6185 706.00589 45377.821 -59985.7 5172.78 -65158.5 20596.219
7.49 263.86144 240.72517 45704.883 -60334.3 5025.06 -65359.3 20720.169
7.5 275.86612 -577.78105 45813.428 -59847.4 5253.68 -65101.1 20819.706
7.51 270.98652 167.68957 45758.124 -59775.9 5160.75 -64936.6 20827.185
7.52 282.72737 -355.19759 45518.934 -59991.3 5384.34 -65375.7 20762.673
7.53 273.17782 -154.09918 45455.732 -60025.3 5202.48 -65227.8 20746.508
7.54 277.53468 -399.8689 45581.384 -60100.6 5285.45 -65386.1 20864.698
7.55 281.52055 -483.02715 45575.461 -59749.9 5361.36 -65111.2 20887.375
7.56 272.1883 234.98311 45452.333 -60062.6 5183.64 -65246.2 20866.443
7.57 278.329 65.196252 45599.181 -59712 5300.58 -65012.6 20982.288
7.58 268.33495 809.86388 45357.24 -59837.3 5110.25 -64947.5 20935.863
7.59 274.70919 -282.92637 45546.867 -59850.1 5231.64 -65081.8 21007.967
7.6 275.01054 -57.468323 45803.625 -59983.3 5237.38 -65220.6 21103.236
7.61 272.31325 296.09844 45699.321 -59801.8 5186.02 -64987.9 21076.934
7.62 271.93431 -204.35057 45764.948 -59861.3 5178.8 -65040.1 21105.948
7.63 261.61651 179.30184 45652.942 -60225.1 4982.3 -65207.4 21072.952
7.64 272.13899 -244.1976 45958.524 -59892.7 5182.7 -65075.4 21232.153
7.65 266.20607 119.7447 45247.576 -60075 5069.71 -65144.7 21073.389
7.66 267.59988 -680.44758 45784.592 -59824.9 5096.25 -64921.2 21232.352
7.67 276.3242 -317.56423 45483.181 -59807.8 5262.4 -65070.2 21146.372
7.68 278.33785 982.78271 45121.948 -59603.2 5300.75 -64904 21096.564
7.69 266.82824 -188.33793 45658.285 -59807.6 5081.56 -64889.1 21315.286
7.7 275.87246 -24.375994 45713.941 -59964.6 5253.8 -65218.4 21420.932
7.71 279.1695 153.5728 45542.575 -60016.8 5316.59 -65333.4 21415.445
7.72 274.27666 804.66753 45328.418 -59914 5223.41 -65137.4 21346.119
7.73 279.22463 -78.050653 45674.78 -59820.2 5317.64 -65137.9 21454.041
7.74 276.12451 103.84976 45608.204 -60003.4 5258.6 -65262 21464.316
7.75 277.07855 -1281.7589 45909.759 -59709.8 5276.77 -64986.6 21597.726
7.76 277.4643 -94.38916 45609.234 -59747.9 5284.11 -65032 21517.42
7.77 271.96503 -36.186533 45355.13 -60049 5179.38 -65228.3 21474.532
7.78 261.12271 518.23304 45053.741 -60332.9 4972.9 -65305.8 21444.095
7.79 276.20084 406.53591 45489.204 -59914.3 5260.05 -65174.3 21617.927
7.8 267.08046 -743.15444 45869.059 -60277.1 5086.36 -65363.4 21764.086
7.81 274.83742 -614.73713 45733.742 -59867.9 5234.09 -65102 21708.46
7.82 263.26806 443.98617 45324.129 -60247.8 5013.76 -65261.5 21600.102
7.83 278.83103 13.383284 45853.077 -59558.7 5310.14 -64868.8 21826.135
7.84 268.45579 110.86364 45423.915 -59888.3 5112.55 -65000.9 21717.4
7.85 284.12655 -644.55627 45680.576 -59630.3 5410.99 -65041.3 21798.463
7.86 273.14023 -672.73604 45964.937 -59941.5 5201.76 -65143.2 21966.403
7.87 282.7476 -182.28358 45909.237 -59442.8 5384.73 -64827.5 21948.88
7.88 269.05418 -111.38993 45705.26 -59910.5 5123.95 -65034.4 21900.764
7.89 263.92571 255.13279 45668.54 -59892.8 5026.28 -64919.1 21907.63
7.9 276.35338 57.550629 45539.172 -59943.9 5262.96 -65206.8 21937.584
7.91 277.04912 44.918386 45563.234 -60025.6 5276.21 -65301.8 21968.509
7.92 270.91531 122.08248 45590.125 -59868.5 5159.39 -65027.9 21993.671
7.93 270.26405 -294.41554 45977.502 -59903.2 5146.99 -65050.2 22202.608
7.94 260.99644 -33.465799 45556.501 -60202.1 4970.49 -65172.6 22117.002
7.95 263.80034 95.527277 45312.837 -60075.7 5023.89 -65099.6 22098.724
7.96 277.059 476.33567 45966.571 -60116.9 5276.39 -65393.3 22324.682
7.97 265.49685 -588.82217 45676.734 -60024.8 5056.2 -65081 22282.862
7.98 273.88984 -80.593637 45606.596 -60136.2 5216.04 -65352.3 22305.144
7.99 283.02556 819.77801 45417.043 -59674.9 5390.02 -65064.9 22265.05
8 273.40563 -870.38776 45880.983 -59734.5 5206.82 -64941.4 22425.8
8.01 259.78821 -873.65723 45698.005 -60204.6 4947.48 -65152.1 22428.389
8.02 280.00104 215.65628 45534.756 -59904.6 5332.42 -65237 22393.746
8.03 270.53132 13.731537 45457.839 -60077 5152.08 -65229 22392.548
8.04 286.92004 -309.84545 45652.304 -59678.6 5464.19 -65142.8 22532.355
8.05 271.73777 78.955294 45409.859 -60177.5 5175.06 -65352.5 22477.054
8.06 265.67493 -638.79036 46063.072 -60005.6 5059.59 -65065.2 22697.889
8.07 278.89284 391.54065 45312.138 -59791.4 5311.32 -65102.8 22491.504
8.08 268.31914 41.684127 45704.249 -60315 5109.95 -65424.9 22622.917
8.09 265.29713 -384.49821 45568.777 -59912.9 5052.4 -64965.3 22609.904
8.1 277.7997 -13.798703 45564.204 -59804.1 5290.5 -65094.6 22675.642
8.11 261.39162 -249.37353 45641.411 -60140.4 4978.02 -65118.4 22721.461
8.12 262.66495 -66.837508 45415.953 -60110.7 5002.27 -65113 22635.618
8.13 270.97576 -486.71939 45937.523 -59925.5 5160.54 -65086 22823.388
8.14 270.21754 75.833801 45301.586 -59978.7 5146.1 -65124.8 22631.664
8.15 269.45245 10.050727 45732.666 -59767.1 5131.53 -64898.6 22813.877
8.16 267.54277 -534.52024 45768.064 -59895.7 5095.16 -64990.9 22868.861
8.17 269.60557 88.359206 45719.547 -59757.7 5134.45 -64892.1 22851.082
8.18 277.85577 50.923263 45558.754 -60001.6 5291.57 -65293.1 22822.181
8.19 275.04912 208.78108 45704.638 -59652.5 5238.12 -64890.6 22875.729
8.2 279.55136 -333.76914 45479.413 -59916.4 5323.86 -65240.3 22805.734
8.21 271.59731 563.80643 45629.88 -59772.1 5172.38 -64944.5 22902.051
8.22 272.55164 -495.63882 45848.219 -60149.4 5190.56 -65339.9 22973.127
8.23 285.48023 199.85208 45894.969 -59493.3 5436.77 -64930.1 22952.972
8.24 270.44945 -308.71779 45648.167 -59928.2 5150.52 -65078.7 22890.014
8.25 270.6009 327.65042 45565.748 -59934.9 5153.4 -65088.3 22895.977
8.26 272.21028 245.89783 45501.515 -59909.3 5184.05 -65093.4 22918.53
8.27 266.85204 97.688985 45554.347 -60041.1 5082.01 -65123.1 22979.04
8.28 281.77803 -514.14195 45646.703 -59738.8 5366.27 -65105.1 23082.695
8.29 270.70226 659.85252 45413.638 -59992.5 5155.33 -65147.8 23053.911
8.3 273.91885 642.44226 45461.977 -60052.3 5216.59 -65268.9 23115.506
8.31 279.55325 -364.63063 45485.652 -59688.7 5323.9 -65012.6 23167.053
8.32 270.16675 22.99253 45665.228 -60121.3 5145.14 -65266.5 23259.354
8.33 277.38064 290.13467 45686.599 -59911.8 5282.52 -65194.4 23335.69
8.34 267.2633 -1006.4286 46046.305 -59844.3 5089.84 -64934.2 23517.361
8.35 281.53311 -450.88997 45870.401 -59692 5361.6 -65053.6 23464.149
8.36 278.59242 -163.21521 45215.553 -59795.1 5305.6 -65100.7 23254.857
8.37 278.53606 489.22731 45325.024 -59833.8 5304.52 -65138.3 23299.157
8.38 283.87283 -47.913491 45482.796 -59829.6 5406.16 -65235.7 23365.906
8.39 270.36528 -899.15365 45902.507 -60085.9 5148.92 -65234.9 23541.998
8.4 272.37385 -312.96279 45593.073 -60094.4 5187.17 -65281.6 23464.093
8.41 282.06949 -72.787919 45710.476 -60002.2 5371.82 -65374 23512.821
8.42 285.35662 502.42966 45494.259 -59630.2 5434.42 -65064.6 23470.031
8.43 271.96965 -96.045378 45624.224 -60136.3 5179.47 -65315.8 23550.844
8.44 271.17737 -336.78326 45648.66 -59889.5 5164.38 -65053.9 23619.553
8.45 274.19372 332.11304 45784.881 -59977.2 5221.83 -65199 23660.844
8.46 265.17935 107.114 45347.646 -60370.2 5050.16 -65420.4 23550.272
8.47 273.92782 -193.22408 45658.561 -59806.6 5216.76 -65023.4 23665.687
8.48 271.73233 31.708517 45732.312 -59882.9 5174.95 -65057.8 23724.63
8.49 269.97625 534.58872 45481.805 -60094.9 5141.51 -65236.4 23670.086
8.5 275.13546 -130.43294 45345.41 -59895.3 5239.76 -65135.1 23666.561
8.51 278.14248 179.57911 45640.052 -59775.7 5297.03 -65072.8 23779.365
8.52 268.16388 82.957606 45684.049 -59824.2 5106.99 -64931.2 23869.693
8.53 272.6896 148.86327 45307.565 -60016.8 5193.18 -65210 23791.741
8.54 279.9104 -113.10769 45686.946 -59643 5330.7 -64973.7 23921.818
8.55 278.77498 95.343893 45455.325 -60071.5 5309.07 -65380.5 23934.766
8.56 268.72954 -582.75564 45473.208 -60058.9 5117.77 -65176.7 23976.534
8.57 265.57084 -84.353312 45631.662 -60073.6 5057.61 -65131.2 24028.763
8.58 273.3258 -584.19165 45817.466 -59647.2 5205.3 -64852.5 24139.419
8.59 270.59209 753.25947 45766.434 -59932.1 5153.24 -65085.3 24156.151
8.6 275.32618 386.41431 45144.75 -59838.5 5243.39 -65081.9 24012.499
8.61 265.88099 135.63481 45553.928 -60180.6 5063.52 -65244.1 24205.825
8.62 274.43291 821.09209 45428.067 -59934.7 5226.38 -65161.1 24216.283
8.63 272.16736 463.29754 45738.442 -59980.7 5183.24 -65163.9 24332.33
8.64 264.79472 -753.19117 45762.889 -60064 5042.83 -65106.8 24359.755
8.65 275.28139 128.19173 45557.18 -59772.7 5242.54 -65015.3 24306.007
8.66 268.05813 -104.83646 45548.745 -59979.5 5104.98 -65084.5 24282.644
8.67 265.50495 -619.30517 45783.843 -60140.9 5056.36 -65197.2 24394.429
8.68 265.08969 534.51334 45477.277 -59985.5 5048.45 -65034 24322.972
8.69 278.76729 46.030258 45780.838 -59739.5 5308.93 -65048.5 24451.575
8.7 277.66062 -528.1347 45691.868 -60010.4 5287.85 -65298.3 24436.204
8.71 275.21428 292.06096 45392.08 -60031.9 5241.26 -65273.1 24364.82
8.72 268.70538 -443.67136 46211.193 -59982.6 5117.31 -65099.9 24680.701
8.73 273.74084 -343.59474 45861.468 -60007.9 5213.2 -65221.1 24602.688
8.74 269.58863 192.88063 45324.342 -59916.2 5134.13 -65050.3 24459.675
8.75 269.80363 -250.41526 45714.477 -59981.7 5138.22 -65119.9 24617.517
8.76 280.64294 118.47376 45332.786 -59764.1 5344.65 -65108.8 24488.272
8.77 274.53842 244.47753 45603.753 -60175 5228.39 -65403.4 24655.913
8.78 272.93407 56.46413 45819.995 -59960.3 5197.84 -65158.1 24744.52
8.79 261.49804 99.199963 45460.193 -60346.6 4980.05 -65326.6 24652.583
8.8 279.47732 324.3654 45418.97 -59975.4 5322.45 -65297.9 24665.701
8.81 267.8471 259.29485 45506.303 -60148 5100.96 -65249 24720.376
8.82 269.33531 -583.30507 45687.909 -60104.7 5129.3 -65234 24839.314
8.83 277.41753 -708.3394 45768.2 -59719.9 5283.22 -65003.2 24894.937
8.84 271.58967 -541.26633 46134.9 -59988.7 5172.24 -65160.9 25039.762
8.85 279.81389 -93.607773 45650.244 -59890.6 5328.86 -65219.5 24902.758
8.86 263.05599 -739.08778 46048.472 -60127.8 5009.72 -65137.5 25114.384
8.87 272.50712 283.63644 45516.879 -60054.5 5189.71 -65244.2 24949.309
8.88 273.85041 339.07068 45536.613 -59870 5215.29 -65085.2 24991.13
8.89 274.37108 -425.08074 45915.251 -60052.6 5225.21 -65277.8 25183.556
8.9 272.61782 -121.19926 45403.183 -59998 5191.82 -65189.8 25032.45
8.91 267.26557 29.59393 45577.331 -60149.5 5089.89 -65239.4 25148.452
8.92 274.25893 -212.42768 45391.302 -59886.3 5223.07 -65109.4 25123.402
8.93 266.02301 115.98848 45583.967 -60203.7 5066.22 -65270 25224.8
8.94 266.94591 272.19731 45577.808 -59853.1 5083.8 -64936.9 25219.552
8.95 264.5292 -802.60815 45858.63 -59910.4 5037.77 -64948.2 25327.163
8.96 280.49592 -391.15923 45876.341 -59781.1 5341.85 -65122.9 25349.949
8.97 278.34803 -19.380545 45850.112 -59977.2 5300.94 -65278.2 25356.856
8.98 280.45987 224.98956 45495.045 -59567.3 5341.16 -64908.4 25260.022
8.99 274.11073 193.6948 45843.41 -60021.6 5220.25 -65241.9 25443.424
9 263.68862 198.94237 45565.063 -60035.5 5021.77 -65057.3 25400.298
9.01 276.68529 -400.74093 45965.3 -59755.6 5269.28 -65024.9 25567.294
9.02 271.07265 998.53065 45460.233 -60066 5162.39 -65228.4 25395.445
9.03 273.11591 -355.87679 45517.831 -59816.9 5201.3 -65018.2 25451.477
9.04 275.36013 269.16487 45478.554 -60184.5 5244.04 -65428.6 25471.833
9.05 273.0264 271.06279 45488.461 -59747.1 5199.6 -64946.7 25494.799
9.06 271.94506 -270.68417 45742.088 -59961.8 5179 -65140.8 25598.618
9.07 277.56202 9.4697943 45648.546 -59891.1 5285.97 -65177 25556.822
9.08 275.67413 348.83585 45462.247 -59951.2 5250.02 -65201.2 25503.004
9.09 270.57041 -161.26557 45801.813 -60463.8 5152.82 -65616.6 25644.129
9.1 278.0919 -30.880799 45590.224 -59658 5296.07 -64954.1 25579.412
9.11 275.15301 157.31027 45349.097 -60084.9 5240.1 -65325 25513.36
9.12 264.55558 -440.02826 45902.541 -60089.9 5038.28 -65128.2 25734.541
9.13 272.10483 -160.10891 45639.67 -60142.7 5182.05 -65324.8 25656.383
9.14 277.70932 311.37408 45508.786 -59951.7 5288.78 -65240.5 25638.18
9.15 278.23261 -370.47195 45721.601 -59732.7 5298.75 -65031.4 25760.26
9.16 269.78355 -584.94838 45593.762 -59960.3 5137.84 -65098.1 25730.692
9.17 279.33942 -615.72235 45702.119 -60054.3 5319.82 -65374.1 25773.142
9.18 279.27416 377.41812 45600.053 -59794.6 5318.58 -65113.2 25794.046
9.19 265.26303 -446.18458 45653.823 -60034.5 5051.75 -65086.3 25844.233
9.2 279.99792 -548.38661 45714.127 -59766.3 5332.36 -65098.7 25877.47
9.21 275.13788 193.14548 45700.642 -59924.6 5239.81 -65164.4 25891.077
9.22 277.37481 333.22159 45763.796 -59840.5 5282.41 -65122.9 25973.431
9.23 276.50405 -717.13269 45631.494 -60035.6 5265.83 -65301.4 25968.087
9.24 272.17247 79.242445 45605.287 -59884.7 5183.33 -65068 26004.018
9.25 270.2543 1000.8871 45444.694 -59757.6 5146.8 -64904.4 26021.903
9.26 268.39307 839.31561 45436.944 -59958.3 5111.36 -65069.6 26069.987
9.27 271.05367 -359.24159 45837.653 -59870.2 5162.03 -65032.2 26285.353
9.28 273.01777 -218.56516 45667.968 -59776.7 5199.43 -64976.2 26251.736
9.29 273.19886 893.52403 45180.153 -60145.1 5202.88 -65347.9 26090.005
9.3 273.70699 93.319849 45991.223 -59748.7 5212.56 -64961.2 26426.721
9.31 283.1173 1151.5568 45265.936 -59697.8 5391.77 -65089.6 26167.728
9.32 274.25734 202.00469 45382.215 -59695.9 5223.04 -64918.9 26230.412
9.33 261.32755 188.21924 45761.129 -59971.3 4976.8 -64948.1 26370.27
9.34 274.66158 284.36157 45470.329 -59594.3 5230.74 -64825.1 26280.177
9.35 277.23919 -590.32566 45811.686 -59777.7 5279.83 -65057.5 26431.252
9.36 272.96565 -124.86791 45507.949 -60166.7 5198.44 -65365.1 26345.631
9.37 274.4384 -13.842187 45529.683 -59874 5226.49 -65100.5 26385.714
9.38 263.75578 651.77432 45405.62 -60146.7 5023.04 -65169.8 26377.53
9.39 283.375 634.93528 45564.856 -59731.5 5396.68 -65128.2 26475.922
9.4 275.56841 191.18227 45406.597 -59833.7 5248.01 -65081.7 26459.724
9.41 275.8385 224.15298 45457.925 -59915.8 5253.15 -65169 26485.838
9.42 264.29525 -66.118743 45433.651 -60313.6 5033.32 -65346.9 26547.192
9.43 274.1109 122.64744 45563.146 -59755.1 5220.25 -64975.3 26603.449
9.44 268.16896 397.59759 45683.216 -59924.8 5107.09 -65031.9 26659.654
9.45 276.74974 244.38977 45594.538 -59619.3 5270.51 -64889.8 26674.82
9.46 272.50534 -602.64266 45607.987 -59926.6 5189.67 -65116.3 26720.97
9.47 274.4897 -440.60891 45706.642 -59899.5 5227.46 -65127 26737.092
9.48 271.76156 -14.844404 45787.488 -60100.7 5175.51 -65276.2 26781.386
9.49 275.01117 661.14996 45322.096 -59783.8 5237.4 -65021.2 26667.404
9.5 276.42438 -386.8965 45419.242 -59822.8 5264.31 -65087.1 26734.184
9.51 266.02872 -399.08817 45962.321 -59874.9 5066.33 -64941.3 26994.134
9.52 266.12739 -247.90126 45808.624 -60255.4 5068.21 -65323.6 26948.997
9.53 274.01836 255.44819 45589.784 -59956 5218.49 -65174.5 26877.017
9.54 264.29191 56.437506 45596.709 -59858.4 5033.25 -64891.7 26905.136
9.55 265.15386 -723.95094 45694.862 -60132.2 5049.67 -65181.9 26960.876
9.56 284.08498 -170.09654 45438.997 -59796.2 5410.2 -65206.4 26929.715
9.57 276.34571 588.51805 45457.062 -59778.1 5262.81 -65040.9 26975.665
9.58 274.77644 -546.59385 45815.419 -59914.8 5232.93 -65147.7 27121.113
9.59 264.51399 229.94065 45730.751 -60040.3 5037.48 -65077.7 27117.035
9.6 277.63454 696.75265 45207.335 -59952.9 5287.36 -65240.2 26937.068
9.61 273.42807 108.49849 45497.854 -59917.4 5207.25 -65124.7 27072.11
9.62 270.91663 277.51431 45472.945 -60294.7 5159.42 -65454.1 27077.477
9.63 275.41633 -677.8384 45817.347 -59895.2 5245.11 -65140.3 27253.127
9.64 269.89039 -56.653831 45864.449 -60129.4 5139.87 -65269.3 27315.896
9.65 274.82492 -172.94217 46009.741 -59908 5233.85 -65141.9 27395.096
9.66 270.75547 -87.949676 45414.776 -60222.9 5156.35 -65379.3 27149.821
9.67 276.42738 217.95419 45384.748 -59932.6 5264.37 -65197 27172.558
9.68 257.69306 -1085.5745 45838.613 -60343.6 4907.58 -65251.2 27345.144
9.69 271.96287 778.97555 45373.864 -59857.4 5179.34 -65036.7 27198.596
9.7 267.67503 -236.97925 45679.43 -59904.8 5097.68 -65002.5 27338.593
9.71 267.60614 -289.3327 45741.849 -60113.2 5096.37 -65209.6 27415.589
9.72 274.87875 369.55058 45763.585 -59759.2 5234.87 -64994.1 27431.631
9.73 269.36402 -509.11785 45745.127 -60158.8 5129.85 -65288.6 27456.208
9.74 276.12103 -263.58771 45745.703 -59723.8 5258.53 -64982.3 27481.793
9.75 272.02124 -1106.0097 45755.686 -59942.2 5180.45 -65122.7 27521.767
9.76 280.55951 649.30398 45153.287 -59780 5343.06 -65123.1 27273.853
9.77 273.74929 497.11829 45201.483 -59834.7 5213.36 -65048 27357.426
9.78 260.32275 -251.99216 45828.683 -60541.6 4957.66 -65499.3 27647.259
9.79 277.5013 -123.25421 45661.641 -59927.5 5284.82 -65212.3 27597.302
9.8 268.33916 -271.05508 45619.587 -60074 5110.33 -65184.3 27571.484
9.81 268.67404 -601.00037 45930.842 -59969.3 5116.71 -65086 27757.956
9.82 274.14557 228.25494 45603.505 -60182.3 5220.91 -65403.3 27641.653
9.83 286.13299 -23.385527 45439.702 -59932.3 5449.2 -65381.5 27581.45
9.84 271.2574 381.62239 45390.552 -60093.4 5165.91 -65259.3 27607.469
9.85 278.72663 573.75347 45608.157 -60009.8 5308.15 -65318 27739.91
9.86 273.1205 -174.74587 45767.043 -59865.5 5201.39 -65066.9 27863.427
9.87 269.51752 -320.27662 45603.237 -60087.3 5132.77 -65220 27818.166
9.88 276.40275 574.22745 45576.456 -59966.4 5263.9 -65230.3 27812.421
9.89 268.91217 92.759967 45639.461 -60134.2 5121.24 -65255.5 27859.315
9.9 276.60254 149.90591 45798.986 -59719.4 5267.7 -64987.1 27925.892
9.91 264.67202 294.29871 45525.422 -59961.9 5040.49 -65002.4 27832.94
9.92 284.03622 -430.0468 45855.128 -59731.8 5409.27 -65141.1 28026.893
9.93 267.15562 46.374442 45323.05 -59995.5 5087.79 -65083.3 27817.871
9.94 272.98432 382.95219 45686.094 -59954.1 5198.8 -65152.9 27975.777
9.95 260.83374 -110.36027 45712.768 -60183.7 4967.4 -65151.1 28032.308
9.96 274.76081 -199.23391 45596.648 -59848.6 5232.63 -65081.2 28078.468
9.97 271.13578 168.33997 45258.216 -59768.6 5163.59 -64932.2 27954.72
9.98 279.96112 2.3664296 45680.561 -59824.9 5331.66 -65156.6 28187.818
