Step Temp Press Volume TotEng KinEng PotEng c_1[4] 
0    130.11781   -1807.6516    48533.517   -15071.821    592.25683   -15664.078    1530.7923 
50    219.64843   -5.4875382    48022.079   -14711.779    999.77308   -15711.552    1522.1812 
100    245.68938   -70.455904    48018.502   -14531.557    1118.3036    -15649.86    1524.0458 
150    256.95691    -122.6461    48132.008   -14417.332      1169.59   -15586.922    1531.1824 
200    270.62558   -83.106917    48239.835   -14396.744    1231.8056    -15628.55    1535.7436 
250    277.47361   -330.23844    48310.821   -14335.385    1262.9758   -15598.361    1542.4692 
300     266.3454    199.07223    48388.119   -14355.238    1212.3235   -15567.561     1548.865 
350    275.24067    190.11751    48419.603   -14303.045    1252.8121   -15555.857    1552.6792 
400    275.56766    302.72451    48531.826   -14279.976    1254.3005   -15534.276    1554.7744 
450    270.58025     203.1587    48616.945   -14248.099    1231.5993   -15479.699    1558.1497 
500    275.96161    120.97028    48593.641    -14236.91    1256.0936   -15493.003    1559.6637 
550    277.76874   -9.3703975    48522.986    -14234.06    1264.3191   -15498.379    1561.8434 
600    287.07602    94.118988    48418.253   -14253.518    1306.6831   -15560.201    1562.2124 
650    291.68347    246.96033    48485.018   -14184.308    1327.6548   -15511.963    1564.5384 
700     278.7097    109.97673    48610.079   -14226.565    1268.6021   -15495.167    1566.8593 
750    278.92139    183.47247    48517.499    -14255.88    1269.5656   -15525.446    1565.1915 
800    282.33772   -294.71435      48376.5   -14271.223    1285.1157   -15556.339    1563.5926 
850    283.62144   -15.925356    48453.459   -14234.851    1290.9588   -15525.809    1562.0747 
900    295.97532   -286.36651    48346.861   -14223.374      1347.19   -15570.564    1562.0273 
950    275.43474    -139.4526    48248.684    -14284.78    1253.6955   -15538.476    1567.1191 
1000    290.43643    133.13812    48284.343   -14277.345    1321.9786   -15599.324    1577.7401 
1050    291.39276    163.92727    48214.649   -14208.069    1326.3315   -15534.401    1579.9751 
1100    289.76244   -399.16639    48562.696   -14182.251    1318.9108   -15501.162    1589.3419 
1150    284.93252    251.18705    48503.961   -14240.513    1296.9265   -15537.439    1591.0907 
1200    278.14044   -274.98251    48471.929   -14306.518     1266.011   -15572.529    1590.5663 
1250    272.88769    324.24972    48584.304   -14276.151    1242.1021   -15518.253    1597.2732 
1300    275.72597    57.515756    48473.249   -14314.979     1255.021       -15570    1602.6201 
1350    268.37666    204.77445    48346.834    -14312.54    1221.5692   -15534.109    1598.1038 
1400    275.22036   -90.918766     48303.08   -14309.833    1252.7197   -15562.553    1603.1812 
1450    272.84459   -115.66507    48593.536   -14353.835    1241.9059   -15595.741    1613.6964 
1500    281.63988    115.08932    48532.397   -14294.816    1281.9394   -15576.755    1616.5353 
1550     274.3554   -172.19349    48588.587   -14296.426    1248.7827   -15545.209    1618.4534 
1600    284.51929   -157.09489    48388.941    -14245.84    1295.0456   -15540.886    1612.8128 
1650    275.49942    299.59274    48306.506   -14284.488    1253.9899   -15538.478    1608.4622 
1700    279.08177    368.61216    48266.378   -14247.784    1270.2956   -15518.079    1612.2027 
1750    276.29398    44.391997    48418.164    -14277.96    1257.6065   -15535.567    1614.4991 
1800    279.72065   -26.874655    48416.585   -14258.476    1273.2036   -15531.679     1619.919 
1850    279.25448    66.833019    48403.991   -14231.147    1271.0818   -15502.228    1624.2657 
1900    278.27518    392.56245    48374.077   -14294.228    1266.6243   -15560.852     1628.648 
1950    282.28922   -479.75901    48146.527   -14297.416     1284.895   -15582.311    1629.1152 
2000    274.30321    499.39589    48293.471    -14302.73    1248.5451   -15551.275    1634.0844 
2050    277.23441    10.461692    48453.569   -14257.023     1261.887    -15518.91    1642.2807 
2100    284.22149     205.9256    48456.472   -14249.463    1293.6901   -15543.153    1646.9537 
2150    274.81338    302.58402    48466.591   -14230.797    1250.8672   -15481.664    1649.7549 
2200    266.86422     401.5136    48478.443   -14257.478    1214.6851   -15472.163    1651.4115 
2250    289.49945    94.875982     48596.16   -14181.147    1317.7138   -15498.861    1658.8243 
2300    284.20201   -136.37807    48609.776   -14195.752    1293.6014   -15489.353    1661.0268 
2350    285.28944   -102.23764    48565.093   -14213.195    1298.5511   -15511.746    1661.7323 
2400    292.91974   -150.78464    48642.835   -14210.802    1333.2819   -15544.084     1665.596 
2450    286.32767   -264.07326    48538.311   -14252.505    1303.2768   -15555.781    1662.4156 
2500    276.87475    213.24543    48425.137   -14255.198    1260.2499   -15515.448    1663.4413 
2550    280.90748    360.19368    48440.256   -14269.853    1278.6057   -15548.458    1663.8905 
2600    291.00322   -526.20415    48399.171   -14259.079    1324.5585   -15583.637    1665.6844 
2650    276.60403    159.95899    48679.855   -14266.236    1259.0177   -15525.254    1668.4453 
2700    281.64023    -315.5061    48438.957   -14258.442     1281.941   -15540.383    1662.3757 
2750    288.19558    280.76023    48480.567   -14218.898    1311.7789   -15530.677    1666.2909 
2800    279.22275    67.248086    48459.658   -14198.247    1270.9373   -15469.184    1666.0771 
2850    283.96335   -56.237477    48605.134   -14237.391    1292.5151   -15529.906    1671.4154 
2900    280.19343   -112.46743    48516.627   -14225.209    1275.3556   -15500.565    1671.5135 
2950    276.44029   -162.51676    48463.818   -14222.799    1258.2724   -15481.071    1673.1654 
3000    283.77329   -218.25883    48499.914   -14250.183      1291.65   -15541.833    1676.2924 
3050    282.28062     134.4241    48414.901   -14245.291    1284.8558   -15530.146     1672.802 
3100    282.72241    128.64692    48523.586   -14265.604    1286.8667   -15552.471    1676.9224 
3150    280.32465    312.32388     48425.02   -14268.808    1275.9529   -15544.761    1678.0008 
3200    264.59296   -171.50902    48440.507   -14294.841     1204.347   -15499.188    1677.3941 
3250    275.30986    219.43668    48441.449   -14271.629    1253.1271   -15524.756    1679.1462 
3300    270.93868   -496.32804    48494.722   -14287.515    1233.2308   -15520.746    1685.3539 
3350    277.48465    191.62251    48357.621   -14250.352     1263.026   -15513.379    1684.9467 
3400    284.66807     196.6753    48365.221   -14255.985    1295.7228   -15551.708    1688.9247 
3450    285.60936   -306.39545    48622.363   -14228.215    1300.0072   -15528.222    1696.7871 
3500    279.22528   -478.84805    48457.322   -14277.176    1270.9488   -15548.125    1692.4789 
3550    292.23549   -55.679386    48382.523   -14249.219    1330.1674   -15579.387    1696.4569 
3600    270.33889   -213.38313    48429.508   -14315.523    1230.5007   -15546.024    1698.3364 
3650    282.78143    149.03883    48411.268   -14220.573    1287.1354   -15507.709    1698.8521 
3700    282.44962   -119.64343    48498.704   -14272.121    1285.6251   -15557.746    1704.1538 
3750     286.4062    153.63395    48453.189   -14293.121    1303.6342   -15596.755     1703.222 
3800      279.221    51.760883    48540.026   -14310.462    1270.9294   -15581.392    1710.8746 
3850     289.8488    144.57937    48418.618   -14256.126    1319.3039    -15575.43    1716.3878 
3900    285.91292   -68.871321    48685.079    -14258.66    1301.3889   -15560.049    1729.6727 
3950    289.06053   -145.33602    48465.931   -14227.557    1315.7159   -15543.273    1726.6397 
4000    282.51046   -146.65551    48445.187   -14266.349     1285.902   -15552.251    1730.1062 
4050    280.84712   -13.636766    48398.932   -14276.175     1278.331   -15554.506    1728.2018 
4100    286.83116    175.54075    48425.176   -14228.886    1305.5685   -15534.455    1730.0461 
4150    277.75894   -411.68145    48512.336   -14233.674    1264.2745   -15497.948    1734.8101 
4200    290.05337    -56.14651    48502.928   -14251.515    1320.2351    -15571.75    1736.1847 
4250    281.53651    108.54801    48339.631   -14270.065    1281.4689   -15551.534    1735.7064 
4300    275.10161   -29.977999    48346.097   -14279.572    1252.1791   -15531.751    1737.1364 
4350    275.92975    235.36793    48227.554   -14292.775    1255.9486   -15548.723    1734.0198 
4400    280.78109   -260.50168    48463.207   -14288.642    1278.0304   -15566.672    1745.4732 
4450    274.41461    124.47204    48342.981   -14306.166    1249.0521   -15555.218    1742.4228 
4500    277.65685    35.018384    48379.152   -14275.027    1263.8098   -15538.837    1740.8612 
4550    281.81753   -34.363022    48456.873   -14303.557     1282.748   -15586.305    1742.8335 
4600    282.07491   -198.15388    48431.836   -14338.535    1283.9195   -15622.455     1747.112 
4650    278.45628   -24.042206    48242.801   -14324.292    1267.4486    -15591.74    1742.5503 
4700     266.7263    267.35907    48174.053   -14311.489    1214.0573   -15525.547    1740.9547 
4750    284.17856    216.41802     48279.21   -14266.368    1293.4947   -15559.863    1742.0763 
4800    276.60407      154.853    48527.037   -14303.576    1259.0179   -15562.593    1750.5981 
4850    279.22134   -405.11467    48525.333   -14337.382    1270.9309   -15608.313    1751.2411 
4900    280.68428   -289.64635     48156.04   -14344.466    1277.5898   -15622.056    1743.8339 
4950    271.74261   -270.84874    48291.944   -14338.705      1236.89   -15575.595    1747.2822 
5000    277.45808    101.78273    48445.628   -14327.461    1262.9051   -15590.366    1755.1579 
5050    279.25611    155.68939    48408.254   -14282.625    1271.0892   -15553.714    1755.5955 
5100     278.2841   -339.37965    48550.989   -14297.146    1266.6649   -15563.811    1759.0931 
5150    282.95157    208.50929    48441.794   -14282.423    1287.9098   -15570.332    1757.5574 
5200    281.85116    148.44083    48542.625   -14256.771     1282.901   -15539.672     1760.875 
5250    267.87311    3.1975739    48393.898   -14256.547    1219.2772   -15475.824    1758.0138 
5300    283.27152   -71.017966    48458.282   -14202.766    1289.3661   -15492.133    1766.6986 
5350    291.00418    95.649498    48522.718   -14214.766    1324.5629   -15539.329    1769.7936 
5400     285.8978   -161.27946    48486.233   -14251.033    1301.3201   -15552.353    1771.1832 
5450    282.90015   -360.38513    48541.486   -14205.903    1287.6757   -15493.578    1775.6656 
5500    292.76881   -115.57953    48449.007   -14210.755    1332.5949    -15543.35    1777.3765 
5550    285.61698    498.97647    48574.116    -14253.29    1300.0419   -15553.332    1784.4941 
5600    285.46257   -120.21319    48450.326   -14263.498    1299.3391   -15562.837    1784.2175 
5650    285.75583   -239.57222    48540.336   -14254.669    1300.6739   -15555.343    1790.2637 
5700     285.8939   -208.30651    48484.364   -14261.785    1301.3024   -15563.087    1789.7261 
5750    288.74727   -146.71919    48411.894   -14230.874    1314.2901   -15545.164    1789.8006 
5800     275.7072    116.66051    48265.005   -14299.606    1254.9356   -15554.542    1788.8081 
5850    278.54929    201.71676    48281.774   -14324.776    1267.8719   -15592.648     1788.057 
5900    275.75937     271.7719    48259.998   -14319.003    1255.1731   -15574.176    1790.4497 
5950    283.07774    231.29015    48180.368   -14321.979    1288.4841   -15610.463    1794.8451 
6000    278.64443    23.912197    48282.408   -14360.504     1268.305   -15628.809    1800.3474 
6050    266.85338    298.11026     48370.15   -14304.735    1214.6357   -15519.371    1807.3844 
6100    276.29728   -347.78845    48305.446   -14337.412    1257.6215   -15595.034     1809.744 
6150    288.59308    260.19559    48235.374   -14304.039    1313.5882   -15617.627    1817.2941 
6200    280.59367    -68.24622    48358.927   -14297.701    1277.1773   -15574.878    1827.2415 
6250    278.77132   -91.047128    48446.222   -14261.731    1268.8826   -15530.613    1829.5106 
6300    292.21634    255.52574    48569.199   -14236.518    1330.0802   -15566.598    1838.7088 
6350     292.3351   -137.74278    48584.207   -14236.306    1330.6208   -15566.926    1844.0866 
6400    284.80075   -397.80825    48502.521   -14266.156    1296.3267   -15562.482     1846.246 
6450    282.24528      24.1165    48449.133   -14237.681     1284.695   -15522.376    1846.1167 
6500    284.61919    -7.194494    48507.651   -14290.251    1295.5003   -15585.751    1846.9411 
6550    287.33295   -38.996373    48418.686   -14225.923    1307.8525   -15533.775    1848.8563 
6600    279.73025    77.271214     48303.39   -14253.445    1273.2473   -15526.692    1850.7634 
6650    275.13122    225.38395    48459.701   -14311.715    1252.3139   -15564.028    1857.1278 
6700    282.57552   -396.55048    48261.747   -14290.447    1286.1981   -15576.646    1855.3433 
6750    286.55818   -46.757405    48487.896   -14231.275     1304.326   -15535.601    1860.0464 
6800    274.45094    369.80972    48569.356   -14261.328    1249.2175   -15510.546    1866.3315 
6850    279.96191   -190.45361    48455.942   -14240.142    1274.3018   -15514.444    1863.6173 
6900    282.20405   -204.75825    48448.697   -14246.862    1284.5073   -15531.369    1865.8496 
6950    283.42413   -46.265774    48468.121   -14248.808    1290.0608   -15538.869    1866.7765 
7000     272.7693    426.15288    48483.071   -14253.505    1241.5632   -15495.068    1868.4421 
7050    264.13595     61.39185    48470.833   -14309.477    1202.2668   -15511.743    1870.4225 
7100    277.33651   -111.98536    48389.253   -14278.909    1262.3517   -15541.261     1866.744 
7150    281.01817    553.35882    48419.236   -14257.492    1279.1095   -15536.601    1866.7912 
7200    269.50719   -88.636161    48397.139   -14280.108     1226.715   -15506.823    1870.6091 
7250    286.20963   -392.41724    48413.515   -14255.697    1302.7395   -15558.437     1876.102 
7300    282.65279    411.16004    48493.494   -14281.062    1286.5498   -15567.612     1880.173 
7350    279.44454   -177.73021    48534.871   -14299.515    1271.9469   -15571.461    1885.0052 
7400    282.14727   -97.489351     48430.62   -14295.991    1284.2489    -15580.24    1886.2505 
7450     276.2735    227.28419    48575.418   -14306.793    1257.5133   -15564.306     1890.262 
7500    273.12886   -161.53983    48485.714   -14278.369    1243.1998   -15521.568    1891.5542 
7550    276.84874   -229.49895    48532.772   -14275.257    1260.1315   -15535.389    1902.5299 
7600    278.43502    253.25914    48462.629   -14238.818    1267.3519    -15506.17     1910.923 
7650    282.19858   -191.74996    48448.087   -14217.311    1284.4824   -15501.794    1913.6514 
7700    278.24964    294.72165    48445.369   -14297.371     1266.508   -15563.879    1917.4269 
7750     272.6814    20.102671    48570.468   -14306.277    1241.1631   -15547.441    1926.4778 
7800    273.95853   -142.04392    48303.288    -14329.13    1246.9762   -15576.106    1923.7022 
7850    283.22043   -116.31901    48490.333   -14299.658    1289.1335   -15588.792    1929.4825 
7900    281.54198    116.79512    48494.155   -14284.714    1281.4938   -15566.208    1931.9444 
7950     278.3044    14.028646    48489.395   -14283.876    1266.7573   -15550.634    1930.2564 
8000    283.17563    52.854867    48597.401   -14266.582    1288.9296   -15555.512    1940.7582 
8050    287.64212    94.276414    48537.865   -14236.356    1309.2598   -15545.615    1941.1743 
8100    282.17166   -226.37922    48377.163   -14259.276    1284.3599   -15543.636    1939.8503 
8150    280.76525    252.47383    48347.141   -14304.777    1277.9583   -15582.735    1942.3757 
8200    277.77761    135.05764    48254.174    -14306.86    1264.3595    -15571.22    1945.4585 
8250    280.17307    166.12677    48504.335   -14222.594    1275.2629   -15497.857    1950.3574 
8300    282.24746   -57.565196    48541.478   -14261.211    1284.7049   -15545.916    1950.9058 
8350    280.91796   -137.05346    48601.479   -14251.528    1278.6534   -15530.182    1954.8815 
8400    278.71504   -39.025159    48534.778   -14259.779    1268.6264   -15528.405    1956.1224 
8450    275.11586    410.58699    48533.972   -14257.085     1252.244   -15509.329    1954.8944 
8500    287.31463   -359.43728    48523.568   -14236.532    1307.7691   -15544.301    1957.0974 
8550    274.69031    250.06528    48451.595   -14260.513    1250.3071    -15510.82    1952.7596 
8600     286.8304    338.04437    48330.497   -14252.458     1305.565   -15558.023    1951.0581 
8650    263.93161    155.19134    48416.461   -14329.174    1201.3367   -15530.511    1955.1384 
8700    275.40554    206.32163     48436.81   -14333.237    1253.5626     -15586.8    1956.1087 
8750    275.87445   -124.12716    48364.008   -14320.816    1255.6969   -15576.513    1959.7434 
8800    279.34147   -84.257889    48393.072    -14240.63    1271.4777   -15512.108    1960.5425 
8850      289.633    289.21824    48409.895   -14273.604    1318.3216   -15591.925    1965.9334 
8900     280.2079   -284.51146    48572.511   -14284.131    1275.4215   -15559.552    1977.7718 
8950    279.61659    99.796337    48389.114   -14308.014      1272.73   -15580.744    1975.1878 
9000    270.42593   -442.30607    48229.531   -14322.292    1230.8969   -15553.189    1973.4392 
9050    280.72339    233.81112    48380.059   -14285.252    1277.7678    -15563.02    1981.7661 
9100    269.97857    365.98964    48279.628   -14330.648    1228.8606   -15559.509    1981.9808 
9150    281.81155   -586.50157    48371.369   -14290.294    1282.7208   -15573.015    1987.6449 
9200    280.10603     42.47995    48393.944    -14261.81    1274.9577   -15536.768    1987.1884 
9250    282.36599   -188.12144    48253.222   -14288.514    1285.2444   -15573.759     1985.719 
9300    279.14991   -202.17716    48338.937   -14323.281    1270.6058   -15593.887    1989.0672 
9350    278.18905    70.803075    48371.087   -14325.646    1266.2323   -15591.878    1985.7551 
9400    272.59718    19.490266    48462.869   -14352.488    1240.7797   -15593.268    1989.4961 
9450    268.15028    80.120557     48529.63   -14320.166    1220.5388   -15540.704    1989.8712 
9500    271.33349    196.97626    48328.402   -14302.592    1235.0278    -15537.62     1988.832 
9550     277.1214   -301.47191    48423.764   -14300.386    1261.3726   -15561.759    1998.3765 
9600     280.0734    96.101822    48221.933   -14286.232    1274.8092   -15561.041    1993.9009 
9650    291.27465    417.09966    48547.395    -14232.16    1325.7939   -15557.954    2003.2845 
9700    277.04848   -100.09772    48643.362   -14241.866    1261.0407   -15502.907    2006.7418 
9750    281.59109    307.73082    48465.736   -14262.729    1281.7173   -15544.446      1999.86 
9800     285.3876    86.689843     48651.66   -14233.571    1298.9978   -15532.569     2004.035 
9850    280.88897    -7.520724    48631.113   -14298.678    1278.5214   -15577.199    2006.7434 
9900    270.33546   -264.47158    48458.406   -14281.847    1230.4851   -15512.332    2006.9677 
9950    279.14517   -43.092454    48467.627   -14355.944    1270.5842   -15626.528    2011.8833 
10000    265.02715    492.89741     48405.21   -14330.907    1206.3233    -15537.23    2016.2791 
10050    278.48467   -243.66636    48514.133   -14301.461    1267.5778   -15569.038    2018.0388 
10100    269.32366   -508.22619    48239.678   -14342.553    1225.8797   -15568.433    2013.0389 
10150    287.56929    312.76128    48398.131   -14275.436    1308.9282   -15584.365    2015.6736 
10200    284.78281    90.339184    48245.369   -14231.377     1296.245   -15527.622    2017.0835 
10250    269.61564    285.60114    48374.568   -14272.633    1227.2087   -15499.842    2019.2249 
10300    276.94067   -225.30137    48647.389   -14236.661      1260.55   -15497.211    2023.0301 
10350    288.90664   -322.94386    48485.925   -14272.785    1315.0155     -15587.8    2023.9952 
10400    285.23595   -66.163826    48338.833   -14277.674    1298.3076   -15575.982    2021.0369 
10450    276.27704   -88.541074    48484.207   -14294.634    1257.5294   -15552.163    2026.9468 
10500    277.51881   -23.389069    48489.425   -14257.905    1263.1815   -15521.086    2027.7022 
10550    285.96431   -204.96775    48447.567   -14244.507    1301.6229    -15546.13    2027.6286 
10600    281.97341    152.01412    48529.665   -14199.707    1283.4575   -15483.164    2032.2243 
10650    283.78248    102.97988    48540.361   -14238.952    1291.6919   -15530.644    2031.9426 
10700    276.92992   -198.43916    48461.648   -14265.657    1260.5011   -15526.158    2026.8974 
10750    287.46402    38.597167    48526.395    -14231.04    1308.4491   -15539.489    2028.4465 
10800    273.37069    244.48607    48481.275   -14229.235    1244.3005   -15473.535    2028.8811 
10850    277.99412    150.84503    48394.883   -14303.408     1265.345   -15568.753      2028.43 
10900    280.58781    123.74017    48354.631   -14238.743    1277.1507   -15515.894    2028.7984 
10950    282.24974    457.42868    48296.264   -14255.554    1284.7153    -15540.27     2034.654 
11000    298.21669   -90.202582     48474.03   -14247.723     1357.392   -15605.115    2046.1039 
11050    278.73423    181.70374    48542.674   -14269.473    1268.7137   -15538.186    2046.1932 
11100    278.17454    86.012093     48409.34   -14290.231    1266.1662   -15556.397    2044.0066 
11150    294.18175   -133.11254    48463.705   -14207.162    1339.0262   -15546.189    2049.2118 
11200     292.8131    4.5714064    48488.201   -14202.272    1332.7965   -15535.069    2047.6417 
11250    286.46153    296.81626    48429.059   -14210.846    1303.8861   -15514.732    2049.8018 
11300    282.10075   -84.875645    48445.723   -14242.111    1284.0371   -15526.148    2059.9589 
11350    293.44462   -32.521453    48560.175   -14222.235     1335.671   -15557.906    2063.8935 
11400    283.16306   -145.43518    48549.891   -14279.086    1288.8725   -15567.959    2066.4115 
11450    278.39833   -51.354354    48378.348   -14301.413    1267.1848   -15568.598    2065.6432 
11500    267.72486    91.740898    48342.443   -14351.977    1218.6024    -15570.58    2066.8263 
11550    286.01854     102.2334    48249.557   -14293.212    1301.8697   -15595.081    2067.0563 
11600    288.09082    262.99381    48622.642   -14196.837    1311.3021   -15508.139    2077.4066 
11650    280.91085   -246.99586    48577.357   -14234.705    1278.6211   -15513.326    2075.8281 
11700    272.03858   -52.763543    48465.653   -14251.594    1238.2372   -15489.831    2074.5481 
11750    281.65989    136.30836    48383.996   -14262.395    1282.0305   -15544.426    2072.6833 
11800    270.82583   -142.04103    48477.859   -14288.268    1232.7171   -15520.985    2077.3061 
11850    280.53761   -63.726273    48281.405   -14285.801    1276.9222   -15562.723    2072.6386 
11900    285.60488   -205.48438    48318.274   -14292.108    1299.9869   -15592.095    2078.4668 
11950    278.16993   -10.718524    48362.503   -14324.724    1266.1452   -15590.869    2082.2479 
12000    292.81869   -58.524967    48273.737   -14278.259     1332.822   -15611.081    2079.5384 
12050    273.86724   -73.747664    48292.548   -14274.556    1246.5607   -15521.116    2078.3609 
12100    276.78773    119.12236    48264.341   -14264.694    1259.8539   -15524.548    2074.6658 
12150    293.40839    302.25866    48460.884   -14281.719    1335.5061   -15617.225      2083.47 
12200    283.79754   -22.027501     48510.77   -14279.739    1291.7604   -15571.499    2087.0483 
12250    280.39216    79.275504    48577.054   -14241.712    1276.2601   -15517.972    2095.1438 
12300    277.46573   -290.97944    48433.551   -14239.381    1262.9399   -15502.321    2096.8861 
12350    275.03525   -76.846242    48502.442   -14276.685    1251.8771   -15528.562    2105.3927 
12400    275.64751   -235.64907    48507.866   -14294.456    1254.6639    -15549.12    2106.0263 
12450    281.70346    65.977275    48535.034   -14300.565    1282.2288   -15582.793    2109.2151 
12500     277.5953    214.73707    48388.808   -14269.043    1263.5297   -15532.573    2104.5195 
12550     282.2134   -52.280212    48469.762    -14270.35    1284.5499     -15554.9    2108.1945 
12600    281.43425   -164.90226    48468.623   -14276.654    1281.0034   -15557.658    2109.8652 
12650    285.06095   -204.63474    48403.105   -14298.522    1297.5111   -15596.033    2111.4609 
12700    276.45398    356.50992    48350.717   -14297.313    1258.3347   -15555.647    2109.4944 
12750    274.12594    382.32925    48313.532   -14353.393    1247.7382   -15601.131    2114.2456 
12800    281.60544    395.88452    48484.863   -14315.748    1281.7826   -15597.531    2120.9318 
12850    274.71096   -72.970967    48517.772   -14303.992     1250.401   -15554.394    2125.2269 
12900    281.75484   -4.1649233    48534.549   -14229.338    1282.4626     -15511.8    2123.1957 
12950    286.56469   -114.70086    48441.129   -14253.744    1304.3556     -15558.1    2121.1275 
13000    291.89277    316.97934    48628.925   -14210.385    1328.6074   -15538.993    2127.0682 
13050    284.22333    121.02146    48588.429   -14224.434    1293.6985   -15518.132    2125.7604 
13100    279.14228   -42.768457    48587.785   -14188.788    1270.5711   -15459.359    2125.2127 
13150    280.49524   -237.89531    48542.354   -14219.827    1276.7293   -15496.557    2122.8185 
13200    285.88873   -7.9188762    48516.251   -14226.262    1301.2789   -15527.541    2119.1769 
13250    286.99601    85.491383    48408.332   -14246.301    1306.3188    -15552.62    2118.4249 
13300    283.23974    767.64665    48398.784   -14218.969    1289.2215    -15508.19    2119.3187 
13350    273.47517   -73.904231    48559.262   -14284.355    1244.7761   -15529.131    2125.2118 
13400    279.90091   -177.28799    48619.519   -14267.759    1274.0241   -15541.783    2130.1233 
13450    272.93322   -257.57859    48575.068    -14264.91    1242.3093    -15507.22    2124.8542 
13500    262.61552    291.64265     48659.81   -14297.192    1195.3463   -15492.539    2131.0839 
13550    274.01764    65.458445    48657.964   -14280.538    1247.2452   -15527.783     2133.152 
13600    281.19225    77.116332     48461.14    -14215.29    1279.9019   -15495.192    2128.0996 
13650     289.2176    262.29668    48523.829   -14172.149    1316.4309    -15488.58    2130.3957 
13700    293.45112   -118.77707    48488.447   -14232.481    1335.7006   -15568.182    2131.6901 
13750    285.78444   -150.92469    48232.182   -14250.235    1300.8042   -15551.039     2131.784 
13800    273.01772    228.73915    48380.524    -14268.87    1242.6939   -15511.564    2140.8604 
13850    278.94707   -269.59348     48482.99   -14325.025    1269.6825   -15594.708    2148.2558 
13900    270.42074   -167.34906    48334.996    -14343.33    1230.8732   -15574.204    2144.1474 
13950    275.71527   -201.55946    48284.184   -14323.773    1254.9724   -15578.745    2146.6528 
14000    281.63412    554.63281    48396.281   -14271.794    1281.9132   -15553.707    2149.2999 
14050    276.55846    21.206905    48375.526   -14303.259    1258.8103   -15562.069    2150.3573 
14100    261.94632    258.84859     48322.69   -14329.611    1192.3003   -15521.911     2150.987 
14150    277.22878   -171.19038    48463.885   -14345.214    1261.8614   -15607.075    2152.5701 
14200    275.26991    45.857673    48374.846   -14379.543    1252.9452   -15632.488     2151.146 
14250    270.82897   -287.87579    48374.257   -14369.491    1232.7314   -15602.223    2151.6098 
14300    269.22799   -138.13539    48352.623   -14362.953    1225.4442   -15588.397    2155.3078 
14350    266.18153    403.16972    48451.158   -14350.589    1211.5777   -15562.167    2159.5251 
14400    272.31032    496.06183    48495.265   -14304.902     1239.474   -15544.376    2168.2904 
14450    277.57451   -2.6324593     48510.34    -14273.28    1263.4351   -15536.715    2175.5501 
14500    273.07329   -408.81545    48527.305   -14340.242    1242.9468   -15583.189    2175.1905 
14550    281.15981    351.69108    48476.876   -14308.633    1279.7543   -15588.387     2172.724 
14600    273.11153   -107.04194    48631.293   -14312.886    1243.1209   -15556.007    2175.3883 
14650    283.96961   -308.17616    48399.165   -14294.508    1292.5436   -15587.052    2168.5149 
14700    275.51894    3.0739336    48397.579     -14284.2    1254.0787   -15538.279    2176.8555 
14750    285.04247   -229.74674    48314.881   -14278.304    1297.4269   -15575.731     2177.756 
14800    279.24111   -25.062405    48438.168   -14245.542    1271.0209   -15516.563    2188.5346 
14850    272.42508    -233.5562    48555.951   -14276.689    1239.9964   -15516.686    2193.3064 
14900    273.50671     22.62419    48413.573   -14274.227    1244.9197   -15519.147    2191.0591 
14950    274.56893    12.395629    48341.914   -14285.813    1249.7545   -15535.567    2191.8903 
15000    271.97892    11.065344    48288.147   -14330.796    1237.9656   -15568.762    2193.7355 
15050    275.07844   -51.123714    48507.694   -14271.383    1252.0737   -15523.456    2198.4749 
15100    279.52433   -478.94867    48450.449   -14278.889    1272.3101     -15551.2      2206.86 
15150    282.61665   -330.29245    48400.385   -14266.431    1286.3853   -15552.816    2208.0864 
15200    273.05844     23.23486    48395.831   -14249.146    1242.8793   -15492.025    2213.4325 
15250    284.17411    4.0351356    48398.251   -14239.874    1293.4744   -15533.348    2214.0808 
15300    296.26675   -59.989486    48610.518   -14159.702    1348.5165   -15508.218    2221.8169 
15350    290.49228    82.082354    48654.863   -14212.689    1322.2328   -15534.922    2218.9072 
15400    290.29874     312.6032    48635.156   -14192.553    1321.3519   -15513.905    2219.4276 
15450    285.97301    67.972515    48694.312   -14220.997    1301.6625    -15522.66    2226.8958 
15500    291.53334   -255.80991     48556.87   -14252.069    1326.9714    -15579.04    2227.4739 
15550    293.47114    216.06396    48457.293   -14213.275    1335.7917   -15549.067    2227.3071 
15600    284.97112   -7.5331724    48556.597   -14204.362    1297.1022   -15501.464    2231.4548 
15650    280.92971    23.457324    48594.684   -14270.172    1278.7069   -15548.879    2235.6616 
15700    273.64926   -391.99566    48419.863   -14273.256    1245.5685   -15518.824    2231.3272 
15750    291.04302   -288.90621    48323.864   -14268.247    1324.7396   -15592.987    2228.4862 
15800    283.44244   -64.108531    48444.658   -14305.689    1290.1441   -15595.833    2234.2614 
15850    266.29651   -7.9252603    48447.762   -14340.334     1212.101   -15552.435    2230.2247 
15900    273.32857   -215.53609    48227.643   -14337.056    1244.1088   -15581.165    2226.7329 
15950    277.13163    114.67092    48221.807   -14297.185    1261.4192   -15558.604    2228.6742 
16000    281.15048    112.97756    48404.227   -14286.699    1279.7118   -15566.411    2235.2968 
16050    273.54942    464.72957    48457.283   -14292.967    1245.1141   -15538.081    2242.9459 
16100    276.88021    -24.33912    48346.367   -14306.513    1260.2748   -15566.788    2244.8757 
16150    274.32018    163.15345    48334.791   -14329.395    1248.6223   -15578.018    2248.6432 
16200    288.93793    276.24721    48399.767   -14267.283    1315.1579    -15582.44    2253.8649 
16250    283.71868    46.063493    48352.874   -14310.496    1291.4015   -15601.898    2254.8281 
16300    282.06759    167.25518    48311.017   -14273.445    1283.8862   -15557.331    2254.5043 
16350     287.9342    254.43108    48489.427    -14266.25    1310.5892   -15576.839    2260.7927 
16400    285.17458    37.944675    48610.331   -14287.698    1298.0283   -15585.726    2270.1156 
16450    268.81666   -629.70232    48506.555   -14314.588    1223.5719    -15538.16    2272.3419 
16500    268.56853    493.01915    48437.247   -14306.591    1222.4426   -15529.034    2275.4598 
16550    269.08332   -238.04892    48333.326   -14290.608    1224.7857   -15515.394    2275.5418 
16600    275.11138    125.54919    48411.346   -14279.282    1252.2236   -15531.506    2276.5907 
16650    274.61185    469.07558    48419.965   -14278.821    1249.9499   -15528.771    2277.2137 
16700    276.95919    79.369975    48291.568   -14266.018    1260.6343   -15526.652    2274.5486 
16750     276.7082   -433.96846    48224.509   -14262.722    1259.4919   -15522.214    2275.6632 
16800    273.32154    -318.2429    48351.981   -14260.452    1244.0768   -15504.529    2281.9623 
16850    281.59279    28.731342    48407.899   -14206.525     1281.725    -15488.25    2288.0163 
16900    280.72813   -67.633025    48530.329   -14244.442    1277.7894   -15522.231    2291.8207 
16950    282.57284   -291.80475    48455.686   -14270.382    1286.1859   -15556.568    2290.3779 
17000    289.01517   -53.710442    48511.328   -14288.014    1315.5095   -15603.524    2293.9607 
17050    274.16658   -117.82951    48306.367   -14364.176    1247.9232   -15612.099    2289.3571 
17100    268.12137    84.620454    48338.561   -14327.329    1220.4072   -15547.736    2294.9511 
17150     269.4959   -330.36162    48334.474   -14295.764    1226.6636   -15522.428    2295.1754 
17200    288.02917   -202.75851    48293.959   -14284.083    1311.0215   -15595.105    2299.9071 
17250    286.56003    134.94282    48456.139   -14254.453    1304.3344   -15558.788    2302.9309 
17300    270.98207   -51.675442    48379.307   -14293.106    1233.4283   -15526.534    2301.6991 
17350    281.64229   -27.135602    48383.327   -14288.579    1281.9503    -15570.53    2304.5494 
17400    264.53981    132.29873     48450.46   -14287.136     1204.105   -15491.241    2305.7462 
17450    286.81634   -63.858182     48426.53   -14234.991    1305.5011   -15540.492    2300.7528 
17500     281.5768    357.50147    48482.817   -14251.098    1281.6523    -15532.75    2303.7641 
17550    276.81742    428.27014    48661.842   -14218.708     1259.989   -15478.697    2309.8765 
17600    285.73782   -40.442303    48499.257   -14267.519     1300.592   -15568.111    2307.9115 
17650    278.38187   -198.96527    48402.649   -14313.025    1267.1099   -15580.135    2310.1075 
17700    275.55596    81.791845    48295.442   -14331.003    1254.2472   -15585.251    2304.7804 
17750    278.07443   -49.813777    48359.674   -14332.929    1265.7106    -15598.64    2309.9511 
17800    275.80209    211.42053    48083.225   -14358.077    1255.3675   -15613.445    2298.6678 
17850    278.24624    223.07206    48158.471   -14317.466    1266.4926   -15583.958    2303.9718 
17900      280.783   -39.242474    48445.826   -14319.383    1278.0391   -15597.422    2314.2501 
17950    284.80277   -453.91738    48518.783   -14320.484    1296.3359    -15616.82       2311.6 
18000    276.02379    253.51932    48450.022   -14330.517    1256.3766   -15586.894    2312.7613 
18050    265.08542   -375.38895    48429.713   -14298.942    1206.5885   -15505.531    2315.4419 
18100    267.36219   -6.9091609    48375.918   -14270.968    1216.9517   -15487.919    2319.5895 
18150    284.69864    18.856978    48410.284   -14253.905    1295.8619   -15549.767     2318.707 
18200    273.27806    253.10736    48363.794   -14299.615    1243.8789   -15543.494    2317.9839 
18250    265.38401    83.066662    48443.704   -14283.748    1207.9476   -15491.696    2322.9565 
18300    278.39926   -178.66537    48402.522    -14290.37     1267.189   -15557.559    2325.2343 
18350    276.41162   -116.38728     48319.71   -14304.785    1258.1419   -15562.927    2335.9424 
18400    281.07223    99.965479    48487.789   -14268.115    1279.3556   -15547.471    2343.8218 
18450    288.81702   -138.01939    48340.895   -14252.655    1314.6076   -15567.262    2341.0215 
18500    297.60147   -114.18587    48575.139   -14214.286    1354.5917   -15568.878    2351.4073 
18550    281.33129    60.260273    48383.628   -14248.281    1280.5348   -15528.816    2345.0681 
18600     280.0801    83.174531    48453.016   -14250.566    1274.8397   -15525.406    2354.4664 
18650    286.51843   -328.64539    48361.252   -14256.158    1304.1451   -15560.303    2355.3943 
18700    278.73294   -185.51606    48546.014   -14294.549    1268.7079   -15563.257    2370.2976 
18750    283.55825   -168.56895    48602.245   -14301.661    1290.6712   -15592.332    2377.5919 
18800    272.11646   -67.907797    48359.653   -14299.857    1238.5917   -15538.448    2371.9347 
18850     281.0929    152.37594    48336.614   -14252.121    1279.4497   -15531.571    2373.8229 
18900    282.04892    67.843932    48229.152   -14256.532    1283.8012   -15540.333    2376.7781 
18950    282.26878    205.53282    48548.976   -14238.279    1284.8019   -15523.081    2385.5382 
19000     288.9589    41.019781    48572.147   -14237.128    1315.2534   -15552.381    2390.8463 
19050     294.1628    78.208135    48590.774   -14246.869    1338.9399   -15585.809    2393.9726 
19100    275.16022      -350.23    48468.874   -14251.174    1252.4459    -15503.62    2397.2527 
19150    274.16341   -396.90243    48387.919   -14272.053    1247.9088   -15519.962    2391.7629 
19200    287.74978    6.8942991    48427.265   -14238.902    1309.7498   -15548.652    2394.4623 
19250    282.31996   -32.851534    48609.031   -14233.272    1285.0349   -15518.307    2399.6387 
19300    278.41513    239.30574    48495.508   -14286.456    1267.2613   -15553.718    2398.2413 
19350    280.42605   -334.78133    48431.808   -14332.074    1276.4144   -15608.489    2401.3215 
19400    272.66954    385.62914    48336.327    -14320.74    1241.1091   -15561.849    2397.0607 
19450    275.34599    323.67101    48370.223   -14280.703    1253.2915   -15533.994    2399.7853 
19500     281.8348    386.28558    48450.087   -14245.009    1282.8266   -15527.835    2402.0057 
19550    279.89723    51.848804    48644.502   -14234.975    1274.0074   -15508.983    2412.2294 
19600     286.6864   -21.050694    48429.559   -14265.545    1304.9096   -15570.455    2405.1168 
19650    274.63949   -10.708621      48266.5   -14262.015    1250.0757   -15512.091    2400.5512 
19700    293.70908    182.81132    48423.637    -14268.37    1336.8747   -15605.245    2405.7278 
19750    295.12727   -335.55169    48423.995   -14217.428    1343.3299   -15560.758    2409.8387 
19800    296.57074   -277.65825    48311.658   -14231.157    1349.9001   -15581.057    2409.3463 
19850    271.81603   -81.799155    48448.029   -14256.308    1237.2242   -15493.532    2417.8605 
19900    278.71748    227.21772    48403.889   -14274.682    1268.6375    -15543.32    2423.1705 
19950    284.43614   0.17310245     48502.69   -14255.109    1294.6671   -15549.776     2436.014 
20000      287.289   -140.26507    48573.933   -14183.232    1307.6525   -15490.884    2435.3649 
20050    277.33939    57.466263    48448.554   -14250.377    1262.3649   -15512.742    2432.2712 
20100    282.01181   -72.227627    48480.306   -14267.783    1283.6323   -15551.415    2431.2145 
20150    281.82276    46.066958    48362.072   -14263.202    1282.7718   -15545.974    2426.2989 
20200    287.84336    143.52938    48277.888   -14305.989    1310.1757   -15616.165    2429.3322 
20250    280.87263    32.978945    48456.896   -14278.689    1278.4471   -15557.136    2435.3635 
20300    282.64082    491.62136    48387.265   -14277.734    1286.4954   -15564.229    2432.7781 
20350    272.38035   -452.69977    48436.106   -14254.146    1239.7928   -15493.939    2440.4297 
20400    282.25833   -219.35762     48402.18   -14234.153    1284.7544   -15518.908    2439.4429 
20450    283.15621    127.39132    48469.297   -14193.839    1288.8413    -15482.68    2445.0477 
20500    289.96259   -160.83575    48479.277   -14190.265    1319.8218   -15510.086    2450.2258 
20550    282.09663    89.153359    48458.787    -14233.49    1284.0184   -15517.508    2451.8736 
20600    281.71296   -153.98898    48626.709   -14243.748     1282.272    -15526.02    2464.2868 
20650    271.78722    363.31689    48538.191   -14247.983    1237.0931   -15485.076    2460.7461 
20700    286.87144    114.39675    48728.982   -14209.379    1305.7518   -15515.131    2469.7672 
20750    280.71977   -68.926961    48490.429   -14298.866    1277.7513   -15576.617    2467.5745 
20800    283.28244   -116.94372    48353.275   -14265.854    1289.4158    -15555.27    2466.5561 
20850    281.23064    121.57986    48505.879   -14254.815    1280.0766   -15534.892    2474.8308 
20900    280.64972   -150.24276    48575.847   -14290.979    1277.4325   -15568.411    2476.7388 
20950    284.20484   -268.96699    48512.573   -14304.495    1293.6143   -15598.109    2474.4636 
21000    278.84381    3.1203951    48422.436   -14286.839    1269.2125   -15556.052    2470.3824 
21050     269.3846    58.721771    48492.837   -14295.939    1226.1571   -15522.096    2469.1909 
21100    288.28776   -88.669942     48505.49   -14299.622    1312.1985   -15611.821    2471.7749 
21150    286.71786    377.00381    48365.074   -14244.837    1305.0528    -15549.89     2466.561 
21200    292.65257    17.806352    48585.927   -14219.916    1332.0658   -15551.981    2478.5625 
21250    270.36787    -87.56199    48474.004    -14245.62    1230.6326   -15476.253     2475.976 
21300    290.44658    298.45251    48560.217   -14221.092    1322.0248   -15543.116    2476.0521 
21350    284.71663    178.99699    48579.656   -14228.492    1295.9438   -15524.436    2481.2545 
21400    275.09793    344.10188    48475.637   -14229.423    1252.1624   -15481.586    2481.7046 
21450    272.21647   -641.08837    48515.056   -14275.952    1239.0469   -15514.999    2487.5678 
21500    271.30305    86.976212    48497.695   -14314.949    1234.8893   -15549.839    2483.2248 
21550    280.12646     2.570461    48412.319   -14298.616    1275.0508   -15573.666    2479.1932 
21600    272.86247   -83.249989    48433.252   -14300.856    1241.9873   -15542.843    2479.4086 
21650     289.1269   -372.70267    48411.014   -14297.173     1316.018   -15613.191      2478.61 
21700    276.63954   -230.59114    48480.526   -14266.103    1259.1794   -15525.282    2477.8751 
21750    282.20295    381.15261    48457.166   -14246.814    1284.5023   -15531.316    2479.3641 
21800    271.89774   -261.62746    48431.889   -14268.873    1237.5961   -15506.469    2482.2923 
21850    274.23186    210.29928    48365.192   -14324.399    1248.2203   -15572.619    2482.5553 
21900    289.02296    167.24207    48414.582   -14262.133    1315.5449   -15577.678    2485.8867 
21950    275.62625    3.5288817     48557.26     -14283.8    1254.5672   -15538.367    2485.3565 
22000    284.25833   -421.89658    48303.303   -14289.001    1293.8578   -15582.859    2475.4717 
22050     278.4504    175.85438    48325.446   -14302.652    1267.4218   -15570.074    2479.8428 
22100     275.3534   -148.75564    48412.585   -14300.122    1253.3252   -15553.447     2486.023 
22150    272.63743   -246.84948    48691.774   -14269.863     1240.963   -15510.826    2494.7248 
22200    275.31716   -388.19021    48509.213   -14235.959    1253.1603    -15489.12    2484.5374 
22250    278.30854    126.77147    48596.593   -14226.297    1266.7761   -15493.074    2489.7102 
22300    295.64261    -30.62699    48734.873   -14154.371    1345.6756   -15500.046    2493.2736 
22350    275.90827   -271.02175    48588.519   -14242.475    1255.8508   -15498.326    2487.2566 
22400    274.58573   -48.754138    48341.194   -14265.692     1249.831   -15515.523    2479.4474 
22450    273.19908    347.89293    48268.901   -14282.193    1243.5194   -15525.713    2479.2408 
22500     290.7398   -7.5220997     48463.46   -14293.799    1323.3594   -15617.158    2490.4394 
22550    266.67038   -220.49076    48324.529   -14329.381    1213.8027   -15543.183     2495.339 
22600    280.03827    -56.65418    48386.866   -14286.589    1274.6493   -15561.239    2504.3447 
22650    287.83289   -12.231617    48642.144   -14272.325    1310.1281   -15582.453    2513.5232 
22700    264.19747     150.4312    48612.315   -14306.244    1202.5468   -15508.791     2510.293 
22750     265.3525   -303.73355    48469.063   -14341.454    1207.8042   -15549.258    2506.8412 
22800    276.01399   -156.87781    48357.096   -14343.067     1256.332   -15599.399    2511.2294 
22850    272.05085   -181.73418    48271.963   -14331.803     1238.293   -15570.096    2506.3767 
22900    283.70754   -194.85537    48312.704   -14294.236    1291.3507   -15585.587    2507.6317 
22950    278.27897   -342.28321    48339.563   -14314.939    1266.6416   -15581.581    2511.8054 
23000    272.46415    249.28192    48224.669   -14299.172    1240.1742   -15539.346    2504.8863 
23050    272.65976    163.42819    48262.528     -14310.4    1241.0646   -15551.465    2506.1377 
23100    281.80704   -182.08369    48284.074    -14260.26    1282.7003   -15542.961    2508.9764 
23150    275.96485   -29.340427      48428.9   -14295.273    1256.1083   -15551.381    2516.9496 
23200    272.45725    125.73529    48276.012   -14298.468    1240.1428    -15538.61    2511.4792 
23250    273.49458   -146.82776    48392.386   -14356.801    1244.8645   -15601.666    2519.7037 
23300    274.38709    168.16858    48379.447   -14259.677    1248.9269   -15508.604    2517.8399 
23350    270.79815    136.65519    48355.163   -14290.861    1232.5911   -15523.452    2522.3678 
23400    273.97456    66.119951    48525.462   -14310.053    1247.0492   -15557.102    2527.6272 
23450    274.74405   -38.430439     48268.35   -14346.189    1250.5517   -15596.741    2525.5297 
23500    277.95791    435.22407    48344.842   -14288.121    1265.1802   -15553.301    2531.8954 
23550     275.4218    276.31821    48373.535   -14296.483    1253.6366   -15550.119    2533.1045 
23600    286.24592    39.018537    48340.627   -14268.361    1302.9047   -15571.265    2532.0137 
23650    276.30786    42.022824    48513.613   -14286.579    1257.6696   -15544.249    2534.1722 
23700    278.57943   -564.27477    48383.376   -14285.614    1268.0091   -15553.623    2526.6218 
23750    279.00788    21.340535    48366.149   -14288.246    1269.9593   -15558.205    2529.6118 
23800    269.44705    413.33766    48474.258   -14309.478    1226.4413    -15535.92    2539.0447 
23850    288.15417     544.7709    48414.517   -14276.973    1311.5905   -15588.564    2538.6928 
23900    278.78645    34.730522    48360.238   -14288.227    1268.9514   -15557.179    2536.4267 
23950    273.81984    126.60378    48343.461   -14299.967     1246.345   -15546.312    2534.7439 
24000    279.50752      218.026     48385.61   -14324.242    1272.2335   -15596.476    2538.0257 
24050    273.90827   -229.20595    48302.491   -14310.501    1246.7474   -15557.249    2540.6704 
24100    275.00304    88.304528    48220.422   -14320.256    1251.7305   -15571.987    2539.9724 
24150    266.56576    40.462033    48299.115   -14342.858    1213.3266   -15556.184    2542.6323 
24200    275.12236    11.615281    48492.766   -14296.092    1252.2736   -15548.366    2550.7996 
24250    279.85539    -459.5419    48339.519   -14287.072    1273.8169   -15560.889    2546.4154 
24300    268.06461     103.8462    48281.989   -14341.519    1220.1489   -15561.668     2544.351 
24350    263.37445    202.42466    48323.787   -14298.346    1198.8007   -15497.147     2545.319 
24400    279.00167    163.13736    48475.149   -14304.784    1269.9311   -15574.715    2550.4321 
24450    280.05584    156.27034    48502.094   -14256.228    1274.7293   -15530.957    2553.3425 
24500    286.88127    207.72622    48449.335    -14275.89    1305.7966   -15581.686    2553.8146 
24550    281.43866    -91.06675    48518.913    -14288.82    1281.0235   -15569.844    2557.1247 
24600    267.29285    266.93078    48421.367    -14322.41     1216.636   -15539.046    2557.5019 
24650    282.20168    -87.44246    48476.715   -14278.019    1284.4965   -15562.515    2562.8973 
24700     273.7858    582.76571    48417.363   -14223.366      1246.19   -15469.556    2560.4682 
24750    279.39398    52.411767     48437.11   -14215.403    1271.7167    -15487.12    2565.9291 
24800    290.10964   -429.39843    48480.576   -14225.351    1320.4911   -15545.842    2567.1425 
24850    279.16367    73.447448    48429.723   -14265.404    1270.6684   -15536.072    2570.6642 
24900    271.15896    22.883892    48507.262   -14283.513    1234.2334   -15517.746    2577.4552 
24950    277.99545   -264.38503    48317.045   -14298.967     1265.351   -15564.319    2573.6573 
25000    279.87698    75.999469    48155.027   -14306.976    1273.9152   -15580.891    2574.3608 
25050    276.71098   -198.27722    48375.092   -14286.128    1259.5045   -15545.632    2587.5833 
25100    272.47648    267.97585    48510.825   -14292.121    1240.2304   -15532.351    2593.1555 
25150    283.92326   -4.0335783    48558.335   -14232.008    1292.3326    -15524.34    2596.2498 
25200    276.71582   -268.47931    48627.293   -14231.431    1259.5265   -15490.958    2600.8168 
25250    293.96172    19.194931    48662.571   -14241.827    1338.0247   -15579.852    2610.5666 
25300    276.82146   -335.34009    48453.029   -14271.234    1260.0074   -15531.242    2605.5172 
25350    278.18235    247.35026    48444.423   -14262.387    1266.2018   -15528.589    2611.8448 
25400    284.02414   -669.01366    48583.077   -14222.285    1292.7918   -15515.077    2614.0732 
25450    282.18758   -172.76111    48349.518   -14244.545    1284.4324   -15528.978    2604.4549 
25500     282.1377   -202.20399      48403.8   -14256.184    1284.2053    -15540.39    2612.5633 
25550    280.89601    288.77717    48485.733   -14278.267    1278.5535   -15556.821    2611.9602 
25600    289.61558   -280.78897    48549.871   -14259.399    1318.2424   -15577.642    2617.1922 
25650    292.57953   -367.09003    48539.108   -14256.431    1331.7334   -15588.165    2615.1151 
25700    284.18292    47.003614    48489.811   -14290.274    1293.5145   -15583.789    2613.8772 
25750    283.05867    4.3384471    48612.508   -14301.099    1288.3973   -15589.496     2616.211 
25800    281.44857    -233.2413    48590.559   -14270.388    1281.0686   -15551.457    2611.9057 
25850    273.22873   -155.85534    48522.863   -14263.947    1243.6544   -15507.602    2606.3003 
25900    280.41791   -102.28789    48398.108   -14261.126    1276.3773   -15537.504    2603.8539 
25950    271.57131    28.311538    48497.371   -14323.988    1236.1103   -15560.098    2612.9842 
26000    273.68907    159.07439    48428.852   -14292.476    1245.7497   -15538.226    2608.1124 
26050    283.45748   -452.92802    48432.069   -14263.627    1290.2126    -15553.84     2613.181 
26100    269.77362    261.80094     48393.19   -14286.206    1227.9278   -15514.134    2616.6694 
26150     269.4099    121.76765      48229.3   -14317.537    1226.2722   -15543.809    2612.1255 
26200     271.4866    46.996914    48424.088   -14280.956    1235.7247   -15516.681    2622.1741 
26250    284.97974    389.20319    48540.711   -14272.648    1297.1414    -15569.79    2629.6382 
26300    281.66988   -255.07121    48553.492   -14259.136    1282.0759   -15541.212    2631.4522 
26350    275.77479   -181.09486    48546.364   -14277.267    1255.2433    -15532.51    2636.6393 
26400    286.01349     96.81181    48395.857   -14260.514    1301.8467   -15562.361    2632.6383 
26450    280.27002   -701.77848      48526.9   -14263.284    1275.7042   -15538.988    2639.8748 
26500    287.04531   -327.58541    48247.916   -14262.969    1306.5433   -15569.512    2632.1122 
26550    275.16225    487.63686    48442.076   -14252.327    1252.4552   -15504.782    2645.3007 
26600    280.39757   -80.552911    48376.818   -14248.985    1276.2848    -15525.27    2646.0528 
26650    288.95145   -434.66726    48522.983   -14242.573    1315.2194   -15557.793     2657.279 
26700    283.02452    380.79843    48582.398   -14222.177    1288.2418   -15510.419    2665.1082 
26750    284.39676   -97.380574     48610.15   -14213.403    1294.4878   -15507.891    2674.2373 
26800    283.65438   -7.8696582    48700.729   -14249.834    1291.1088   -15540.942    2679.5583 
26850    281.55811   -121.75101    48606.455     -14322.1    1281.5672   -15603.667    2677.9843 
26900    275.05989    297.23456    48454.585   -14266.914    1251.9892   -15518.903    2673.8671 
26950    287.26514   -134.79448    48477.881   -14211.567    1307.5438   -15519.111    2675.6159 
27000    287.13081   -447.95811    48702.481   -14260.862    1306.9324   -15567.794    2676.7652 
27050     265.0789   -28.434895    48706.369   -14293.628    1206.5588   -15500.187    2678.8069 
27100     276.7659    287.14209     48405.67    -14297.56    1259.7545   -15557.314    2678.6392 
27150    288.17905    241.34903    48389.243   -14248.732    1311.7037   -15560.436    2679.7632 
27200    287.48775   -279.76461    48420.335   -14252.272    1308.5571   -15560.829    2680.2275 
27250    274.95532     476.2098    48380.617   -14260.394    1251.5133   -15511.907    2680.4356 
27300    272.42768    17.309083    48546.418   -14262.729    1240.0082   -15502.737    2690.1398 
27350    276.71562   -330.42639    48475.473   -14289.533    1259.5257   -15549.058    2689.8651 
27400    289.11452    -43.86996    48444.758   -14264.494    1315.9617   -15580.456    2690.0231 
27450    277.73679    455.48564    48581.145   -14270.573    1264.1737   -15534.747    2692.0805 
27500    270.06758    -169.3845    48554.479   -14320.884    1229.2658    -15550.15    2693.5303 
27550    278.18098    46.558032    48519.804   -14259.902    1266.1955   -15526.097    2695.2327 
27600    278.51885    183.44534     48511.59   -14303.595    1267.7334   -15571.328    2694.3449 
27650    284.72123    114.61529    48555.441   -14271.386    1295.9648   -15567.351     2702.473 
27700    281.56262   -225.61052    48474.271   -14273.574    1281.5877   -15555.162    2699.7664 
27750    282.14138    118.58858     48383.29   -14244.724     1284.222   -15528.946    2698.0518 
27800    279.20558   -110.52652     48518.82   -14257.102    1270.8592   -15527.961    2701.0778 
27850     270.5842   -51.831279    48403.668   -14304.456    1231.6173   -15536.073    2699.6641 
27900    279.45162   -321.71271    48227.829   -14350.223    1271.9791   -15622.202    2693.8637 
27950    272.93406     196.8541    48263.306   -14324.851    1242.3131   -15567.165     2699.546 
28000    279.28123    21.071208    48320.202    -14330.31    1271.2035   -15601.514    2700.0935 
28050    281.54662    206.54169    48415.722    -14298.47    1281.5149   -15579.985     2708.331 
28100    285.35308   -212.62645     48435.94   -14284.101    1298.8407   -15582.942      2720.84 
28150     275.7284    -73.74037    48400.179   -14288.294    1255.0321   -15543.327    2724.3209 
28200    274.47149    340.40262    48409.015   -14281.672    1249.3111   -15530.983    2727.2271 
28250    273.93513    -87.38844    48547.106   -14263.904    1246.8697   -15510.774    2734.1755 
28300    288.54934   -266.32941    48576.788    -14235.18    1313.3892   -15548.569    2735.1442 
28350    280.56359    617.22266    48561.012   -14283.627    1277.0404   -15560.668    2738.3117 
28400    272.73946    34.440811    48547.228   -14296.198    1241.4274   -15537.625     2741.906 
28450    270.16578    129.55894    48351.023   -14275.414    1229.7128   -15505.127    2733.8507 
28500    272.14592    218.61015    48524.959   -14299.755    1238.7258   -15538.481    2738.1194 
28550    265.80578   -81.259841    48556.343   -14351.243    1209.8673   -15561.111    2736.2794 
28600    282.63334   -61.785581    48434.856   -14267.949    1286.4613   -15554.411    2736.3741 
28650    285.73929    -199.6467    48475.914   -14272.375    1300.5986   -15572.974    2737.0011 
28700     267.8427    187.86822    48540.738   -14286.268    1219.1388   -15505.407    2742.9806 
28750     273.3454   -35.205351     48441.15   -14280.854    1244.1854    -15525.04    2741.2654 
28800    273.57884    -20.01827    48578.985   -14289.972     1245.248    -15535.22    2749.4381 
28850    275.08262   -105.20332    48495.188   -14280.557    1252.0927    -15532.65     2746.383 
28900    280.69795    -71.23285    48378.975   -14290.227     1277.652   -15567.879    2743.8998 
28950    278.78347   -261.43002    48345.543   -14316.537    1268.9379   -15585.475    2745.8927 
29000    269.63577    51.925091    48319.556   -14291.334    1227.3003   -15518.634    2748.7847 
29050    275.82147    123.74661     48428.91   -14236.616    1255.4557   -15492.071    2754.3041 
29100    276.10297    107.83403    48371.642   -14248.042     1256.737   -15504.779    2748.4003 
29150    284.13545    164.07644    48472.062   -14301.246    1293.2985   -15594.544    2756.7082 
29200    277.73288    -172.9011    48542.868   -14283.416    1264.1559   -15547.572    2765.5754 
29250    285.22981   -39.204975    48557.133   -14259.939    1298.2796   -15558.218    2772.9066 
29300    288.96338    84.394122    48586.555   -14238.246    1315.2737    -15553.52    2777.0103 
29350    288.85957    319.24835    48497.813   -14236.981    1314.8012   -15551.782    2778.0739 
29400    278.25644    60.469591    48538.527   -14243.481     1266.539    -15510.02    2777.7499 
29450    280.94278    225.49247    48482.059    -14235.13    1278.7664   -15513.897     2779.848 
29500    290.55659     213.7987    48592.262   -14175.207    1322.5255   -15497.733    2790.1545 
29550    277.03238    125.42648    48618.958   -14226.728    1260.9674   -15487.695    2802.4567 
29600    293.67813   -26.839164    48534.385   -14181.529    1336.7339   -15518.263    2803.0066 
29650     275.8967    39.992252    48665.289   -14212.607    1255.7982   -15468.405    2808.7931 
29700    285.75268   -68.032482    48823.207   -14189.305    1300.6596   -15489.964    2823.3572 
29750    288.08525   -454.65411    48624.388   -14232.411    1311.2768   -15543.688    2812.3427 
29800    294.69446   -144.76709    48543.617   -14192.923    1341.3599   -15534.283    2810.2955 
29850    287.40011    243.67631    48661.319   -14177.903    1308.1582   -15486.061    2817.2808 
29900    282.65372   -207.34179    48506.299   -14259.178    1286.5541   -15545.732    2812.8813 
29950    273.42719    81.588637    48535.643   -14278.131    1244.5577   -15522.689     2815.462 
30000    276.55821   -29.596069    48392.511   -14272.495    1258.8092   -15531.304    2808.6507 
30050    269.64677    132.23411    48381.128    -14286.79    1227.3504   -15514.141    2809.9047 
30100    288.10736      55.4181    48452.601   -14230.954    1311.3774   -15542.332     2818.291 
30150    280.92218   -123.58304    48521.588   -14269.921    1278.6727   -15548.594    2827.8615 
30200    276.74097    329.85593    48538.573    -14252.49     1259.641   -15512.131    2837.3391 
30250    284.40038    175.33439    48634.833   -14248.612    1294.5044   -15543.116    2841.3915 
30300    285.96016    311.10477    48494.189   -14292.389     1301.604   -15593.993    2845.3323 
30350    279.89515    180.54316    48507.808   -14258.209    1273.9979   -15532.207    2853.9772 
30400    291.84125   -584.62137    48511.706   -14288.374    1328.3729   -15616.747    2855.9689 
30450    289.12095   -27.438502    48552.647   -14274.623    1315.9909   -15590.614    2859.2979 
30500    279.81402   -211.84395    48416.022   -14279.465    1273.6286   -15553.094    2856.4035 
30550    285.71418    237.28252    48288.091   -14292.491    1300.4844   -15592.975    2855.6548 
30600    279.10946   -79.322111    48436.312   -14260.049    1270.4217   -15530.471      2863.64 
30650    277.28936     790.5252    48396.508   -14258.833    1262.1371    -15520.97    2860.9879 
30700    272.74548    15.997428    48435.403   -14283.273    1241.4548   -15524.728    2862.6463 
30750    287.87264    208.01554    48433.336   -14239.342     1310.309   -15549.652    2860.1685 
30800     287.8446   -31.414589    48491.221   -14231.163    1310.1814   -15541.344    2869.6016 
30850    281.51668     136.1091     48466.55   -14251.577    1281.3786   -15532.956     2872.687 
30900    276.85732    173.99338    48474.495   -14246.069    1260.1706    -15506.24     2873.274 
30950    288.29565     332.1499    48525.734   -14245.192    1312.2344   -15557.426    2876.9768 
31000    292.12378    40.213018    48587.269   -14228.661    1329.6589    -15558.32    2883.0375 
31050    285.42448    55.382262    48533.807   -14234.263    1299.1657   -15533.429    2886.9662 
31100    289.17709    36.485419    48565.988   -14212.457    1316.2465   -15528.703    2888.1482 
31150    292.83125   -91.917754    48471.667   -14200.528    1332.8791   -15533.407     2888.927 
31200    277.80746   -63.683481    48589.302   -14229.188    1264.4954   -15493.683     2892.412 
31250    269.42559    483.89029    48368.578   -14283.747    1226.3436   -15510.091    2885.2873 
31300    281.05735   -192.21794     48313.01   -14276.318    1279.2879   -15555.606    2878.6831 
31350    268.11759     124.3892    48234.646   -14316.589      1220.39   -15536.979    2877.9234 
31400    283.58725   -262.09283    48370.144   -14247.117    1290.8032    -15537.92    2883.0109 
31450    292.02918    2.5220798    48503.646   -14206.301    1329.2283    -15535.53    2895.0754 
31500    290.55716   -121.09643     48599.96   -14235.487    1322.5281   -15558.016    2897.8599 
31550    286.31788    -264.1187    48353.662   -14260.009    1303.2322   -15563.241    2892.1451 
31600     280.2422   -298.35171    48402.308   -14236.557    1275.5776   -15512.134    2900.1978 
31650     284.3072   -15.188778     48544.23   -14179.414    1294.0802   -15473.494    2910.6696 
31700    281.25036    204.30995    48519.328   -14240.767    1280.1664   -15520.934    2917.8181 
31750    282.94883    560.67385    48532.362    -14252.74    1287.8973   -15540.638    2918.3511 
31800    285.50368      56.8564    48379.743    -14269.45    1299.5262   -15568.976    2914.8665 
31850    283.29074   -34.480645    48348.911   -14289.953    1289.4536   -15579.407    2924.2596 
31900    278.90381      262.952    48450.681   -14278.853    1269.4856   -15548.338      2941.12 
31950    273.86124    300.94431    48474.846   -14286.587    1246.5334   -15533.121    2944.3224 
32000    280.18096    425.80359    48682.836   -14261.876    1275.2988   -15537.175    2953.5042 
32050     287.1273   -222.66338    48469.459   -14242.858    1306.9165   -15549.774    2942.7988 
32100    278.36764    139.02988    48496.308   -14298.976    1267.0451   -15566.021    2948.6615 
32150    279.20568   -396.19987    48345.067   -14323.174    1270.8596   -15594.034    2944.0043 
32200    265.80275    470.21684    48372.858   -14320.141    1209.8536   -15529.995    2950.6178 
32250     273.2184   -65.756848    48377.668   -14310.389    1243.6074   -15553.997     2952.195 
32300    281.40105    336.55888    48555.773   -14257.702    1280.8523   -15538.555    2964.8775 
32350    279.07457   -230.61015    48508.796    -14295.96    1270.2629   -15566.223    2969.8806 
32400    287.83621    251.97629    48678.846   -14220.959    1310.1432   -15531.102    2976.8915 
32450    282.72505   -325.80107     48506.11   -14228.301    1286.8788    -15515.18     2975.977 
32500    280.08016    97.318147    48431.131   -14257.806      1274.84   -15532.646    2976.5925 
32550    276.32602    108.68524     48399.56   -14268.445    1257.7523   -15526.197    2974.6111 
32600    279.52428    42.607063    48375.362   -14265.895    1272.3098   -15538.205    2977.8472 
32650    284.67075   -151.63185    48329.352   -14256.209     1295.735   -15551.944    2969.9987 
32700    273.20309    76.182884    48468.923   -14294.631    1243.5377   -15538.169    2971.2551 
32750     281.4466    41.505551    48452.833   -14263.517    1281.0596   -15544.577    2978.8407 
32800    279.37662    -326.5584    48486.662   -14274.806    1271.6377   -15546.443    2987.0307 
32850    268.67114    280.87035    48601.691   -14294.796    1222.9096   -15517.705    2991.5674 
32900    268.05065     48.63337    48439.611     -14336.8    1220.0853   -15556.885    2980.8174 
32950    280.90643   -192.52231    48400.571   -14327.222    1278.6009   -15605.823    2981.9479 
33000     274.1342    102.85768    48441.423   -14305.226    1247.7758   -15553.002    2987.0072 
33050    284.68552    72.099319    48327.409   -14294.876    1295.8022   -15590.678    2986.3128 
33100    276.85689     305.2338    48354.105   -14285.047    1260.1686   -15545.216    2988.5881 
33150    287.75255    431.95631    48498.574   -14246.914    1309.7624   -15556.676    2999.5678 
33200    285.37181    100.28256    48527.961   -14221.333     1298.926   -15520.259    3003.3624 
33250    284.36199    168.39102    48564.044   -14197.542    1294.3296   -15491.872    3006.5473 
33300    275.82314   -687.58038    48401.902   -14240.664    1255.4634   -15496.128    2999.0198 
33350    285.66894   -158.54515    48633.462   -14195.901    1300.2784    -15496.18    3013.1509 
33400    285.96596   -236.32367    48588.459   -14231.671    1301.6304   -15533.301    3011.6323 
33450    267.93924    95.950638    48415.036   -14293.102    1219.5782    -15512.68    3000.5497 
33500    281.24591   -104.06143     48308.82   -14278.699    1280.1462   -15558.845    2998.1478 
33550    282.95259    391.40343    48441.379   -14294.055    1287.9144   -15581.969    3007.9026 
33600    279.45752   -210.00526    48350.026    -14277.79     1272.006   -15549.796    3005.9135 
33650    286.92849   -151.61438    48335.258   -14283.178    1306.0115    -15589.19    2999.3785 
33700    272.96322    134.06762     48236.65   -14296.413    1242.4459   -15538.859    2998.1284 
33750    267.59407   -17.423874    48318.626   -14349.145    1218.0071   -15567.153    3000.4052 
33800    267.58869    411.91019    48099.664   -14369.172    1217.9826   -15587.155    2991.9317 
33850    281.26823    179.70716    48292.325   -14326.817    1280.2477   -15607.065    3003.8321 
33900    276.14707   -298.24972    48388.573   -14308.112    1256.9378    -15565.05    3009.8668 
33950    277.83019    593.80245    48318.546   -14286.878    1264.5988   -15551.477    3005.9368 
34000     281.6635    62.941722    48349.187   -14316.111    1282.0469   -15598.158    3012.2334 
34050     272.0041   -243.79192    48341.661    -14319.89    1238.0803    -15557.97    3010.9891 
34100    282.60509    408.33757    48483.419   -14222.854    1286.3327   -15509.187    3024.3697 
34150    292.12428   -166.97379    48455.123   -14211.898    1329.6612   -15541.559    3036.2636 
34200    279.35473    235.70118    48635.111   -14280.464    1271.5381   -15552.002    3049.9988 
34250    286.54499   -274.55496    48504.337   -14290.995     1304.266   -15595.261    3051.6708 
34300    273.19029    178.46749    48399.258   -14277.013    1243.4794   -15520.492    3050.8111 
34350    281.45262   -189.53387    48476.768   -14290.704     1281.087   -15571.791    3056.0778 
34400    257.37107   -511.93937    48471.343   -14333.401    1171.4751   -15504.876    3058.3817 
34450     287.7588    12.082199    48318.845   -14296.143    1309.7909   -15605.934    3054.5868 
34500    273.09298   -112.71516    48368.104   -14315.334    1243.0365    -15558.37    3059.8985 
34550     273.6334   -436.92839    48496.899   -14277.094    1245.4963    -15522.59    3070.8448 
34600    276.62953   -78.686638    48316.602   -14321.022    1259.1338   -15580.156    3063.2241 
34650    286.51922   -317.43745    48468.017   -14279.683    1304.1487   -15583.832    3078.1279 
34700    286.88183    180.81833    48355.422   -14281.208    1305.7992   -15587.007    3073.4993 
34750    286.23605   -273.75101    48547.916   -14204.391    1302.8597   -15507.251    3085.4757 
34800     296.1635    25.445037    48544.284   -14213.272    1348.0465   -15561.319    3089.1594 
34850    290.38739   -218.71338    48474.832    -14243.62    1321.7554   -15565.375    3089.8998 
34900    279.69617   -243.16826    48517.501   -14285.069    1273.0922   -15558.161    3097.1697 
34950    285.34756    242.35169    48499.788   -14218.274    1298.8156    -15517.09    3101.2203 
35000    284.27218    184.76153    48606.335   -14202.924    1293.9208   -15496.845    3112.9311 
35050    284.82684    363.91264    48632.022   -14189.098    1296.4454   -15485.544    3117.4507 
35100    273.48611    146.82941    48661.218   -14253.969    1244.8259   -15498.795    3116.8872 
35150    282.47175   -144.63475    48644.436   -14211.895    1285.7258   -15497.621    3121.8967 
35200    277.90727   -235.07661    48585.162   -14295.747    1264.9497   -15560.696    3122.8574 
35250    275.15666   -230.65373    48495.572   -14297.298    1252.4297   -15549.728    3122.4554 
35300    273.52071   -268.18453    48473.937   -14309.174    1244.9834   -15554.157    3126.7004 
35350    277.21491   -141.57528    48405.741   -14329.769    1261.7983   -15591.567    3132.2723 
35400    278.81587    374.06064    48360.111   -14259.337    1269.0853   -15528.423    3131.8666 
35450    295.36063    -178.3756    48387.652   -14246.746    1344.3921   -15591.138    3134.7789 
35500    288.73244    228.57692    48644.127   -14246.791    1314.2226   -15561.013      3153.23 
35550    282.90219   -235.21709    48633.891    -14298.32     1287.685   -15586.005    3158.2284 
35600    283.08035   -99.207673    48625.963   -14273.348     1288.496   -15561.844    3161.7975 
35650    281.06647   -249.14962    48765.377     -14270.3    1279.3294    -15549.63    3173.8489 
35700    280.02048   -99.893973    48448.832   -14265.229    1274.5684   -15539.798     3166.817 
35750    274.17126    7.6471319    48315.816   -14262.731    1247.9445   -15510.675    3167.7408 
35800    280.05065    288.56046    48337.717   -14278.003    1274.7057   -15552.709    3177.8886 
35850    283.54061    -240.5922    48537.308   -14303.773    1290.5909   -15594.364    3196.6647 
35900    283.93083    64.922278    48485.687   -14232.639    1292.3671   -15525.006    3201.6556 
35950    280.55194   -379.38985    48586.274   -14240.284    1276.9874   -15517.272    3207.3406 
36000    287.02123    182.50076    48613.836   -14214.688    1306.4336   -15521.122    3216.3121 
36050    282.85382    45.643587    48380.328   -14267.553    1287.4649   -15555.018    3208.7989 
36100    275.68654    58.307335    48299.593   -14248.027    1254.8416   -15502.868    3213.8254 
36150    278.43304   -267.19772    48401.107   -14233.369    1267.3428   -15500.711    3226.9434 
36200    291.98111   -225.69821    48414.405   -14271.912    1329.0095   -15600.921    3231.7399 
36250    279.49942    106.48277    48263.936   -14323.894    1272.1967   -15596.091    3225.0283 
36300    272.73377    291.39761    48272.742   -14313.753    1241.4015   -15555.155    3224.7859 
36350    276.36762   -99.856697    48394.863    -14294.09    1257.9416   -15552.032    3235.8907 
36400    280.98829    124.60979    48365.951   -14291.556    1278.9735    -15570.53    3242.2855 
36450    295.47921    262.84868    48491.458   -14219.956    1344.9318   -15564.887    3251.7809 
36500    281.87612   -210.54245    48623.834   -14229.295    1283.0147    -15512.31    3259.2869 
36550    282.39637   -216.19223    48417.338   -14270.054    1285.3827   -15555.437     3253.216 
36600    281.25238    33.748591     48396.95   -14281.043    1280.1756   -15561.218    3255.3334 
36650    267.94306    140.56627    48422.871   -14278.579    1219.5956   -15498.174    3260.6737 
36700    288.89131    30.482339    48291.766   -14276.278    1314.9457   -15591.224    3251.2794 
36750     280.6803    209.98735     48374.39   -14280.349    1277.5717   -15557.921    3260.1315 
36800    290.19786   -207.15672    48257.946   -14306.048    1320.8927    -15626.94    3257.9824 
36850    280.13723   -130.89226    48377.701    -14317.09    1275.0998    -15592.19    3269.2089 
36900    273.93691   -184.66782    48326.771   -14382.731    1246.8778   -15629.609    3264.4632 
36950    272.62199    87.674032    48336.357   -14284.607    1240.8927     -15525.5    3263.5183 
37000    274.38877    111.24002     48597.54    -14266.76    1248.9345   -15515.695    3278.0436 
37050    295.19672   -170.77099    48569.151   -14195.451     1343.646   -15539.097    3281.3838 
37100    292.01704    248.80055    48549.543   -14152.215    1329.1731   -15481.388    3280.0439 
37150    283.12753    31.520155    48589.952   -14145.997    1288.7107   -15434.708    3282.9146 
37200    287.96294    87.947828    48591.955   -14163.974      1310.72   -15474.694    3283.9457 
37250    284.02883   -51.130706    48436.885   -14203.788    1292.8132   -15496.601    3282.3774 
37300    279.18115   -30.667123    48355.634   -14279.866     1270.748   -15550.614     3281.371 
37350    276.47375    76.474945    48336.627   -14265.363    1258.4247   -15523.788    3284.5292 
37400    305.50267   -72.512983    48355.072   -14175.848    1390.5555   -15566.404    3293.3375 
37450    281.46532    118.25163    48581.959   -14183.039    1281.1449   -15464.184    3310.5565 
37500    288.34511    201.81996    48687.769   -14196.002    1312.4596   -15508.462    3318.7266 
37550    282.05483    415.50241    48538.798    -14223.28    1283.8281   -15507.108    3316.7907 
37600    275.93372   -245.49941    48462.782   -14283.226    1255.9667   -15539.193     3311.547 
37650    279.03775    270.95573    48541.212   -14240.588    1270.0953   -15510.684    3314.6916 
37700    280.51335   -2.5036473    48448.471   -14293.757    1276.8118   -15570.568    3313.9291 
37750    294.03389   -25.717204    48386.173   -14244.276    1338.3532   -15582.629    3310.4281 
37800    286.39506   -236.55572    48498.259   -14241.737    1303.5835    -15545.32     3318.433 
37850    289.61693   -289.32574    48515.209   -14272.075    1318.2485   -15590.324    3317.9127 
37900    282.37581    4.3831546    48443.727   -14287.099    1285.2891   -15572.388    3309.0921 
37950    279.29297   -136.13133    48511.507   -14279.927     1271.257   -15551.184    3310.5388 
38000    285.33011    363.44076    48872.829    -14205.87    1298.7362   -15504.607    3333.5177 
38050    287.42944   -449.14491     48683.25    -14230.34    1308.2917   -15538.631    3326.9155 
38100    287.61549    360.99544    48618.358   -14219.033    1309.1385   -15528.171    3326.7249 
38150    281.30769    155.25581    48537.765   -14252.894    1280.4274   -15533.322    3322.8357 
38200    287.18942   -214.35468    48460.249   -14267.078    1307.1992   -15574.277    3322.8769 
38250    286.94509    180.57523    48500.511   -14272.533    1306.0871    -15578.62     3323.264 
38300    287.92012   -141.36625    48559.291   -14237.804    1310.5251   -15548.329     3329.152 
38350    285.56376    49.089308    48555.095   -14228.017    1299.7997   -15527.817    3332.2878 
38400    289.02049    199.12321    48378.708   -14201.273    1315.5337   -15516.807     3328.763 
38450    283.28568   -437.16648    48387.193   -14235.345    1289.4306   -15524.775    3336.9959 
38500    274.34173   -218.81505    48339.424   -14274.881    1248.7204   -15523.602     3336.896 
38550    266.46816     358.8062    48260.713   -14337.827    1212.8823    -15550.71    3334.1222 
38600    282.21472    325.93463    48318.587   -14302.861    1284.5559   -15587.417    3350.1992 
38650    280.83695    188.45173    48450.947   -14290.574    1278.2847   -15568.859    3358.6319 
38700     280.9331    218.53633     48336.45   -14271.906    1278.7223   -15550.628    3361.5858 
38750    279.44301    62.652946    48442.601   -14288.946    1271.9399   -15560.886    3360.5206 
38800    279.76632   -367.27844    48231.644   -14250.466    1273.4115   -15523.878     3347.869 
38850    278.05687   -328.00297    48325.735   -14264.295    1265.6306   -15529.926    3354.7905 
38900    275.15688   -54.085781    48290.177   -14280.084    1252.4307   -15532.515    3359.3068 
38950    281.48296    112.98472    48416.931   -14315.716    1281.2252   -15596.942    3369.5803 
39000    265.62243   -50.493666    48139.957   -14325.353    1209.0328   -15534.386    3356.4777 
39050    274.49145    266.92005    48260.996    -14330.03    1249.4019   -15579.432    3358.0229 
39100    280.50401     226.2974    48479.071   -14257.683    1276.7692   -15534.452    3365.5924 
39150    278.77366    191.08696    48459.316   -14310.531    1268.8932   -15579.424    3370.8928 
39200    270.57634   -222.49336    48643.223   -14307.012    1231.5815   -15538.593    3381.9192 
39250    277.77178   -105.28784    48428.746    -14278.09     1264.333   -15542.423    3379.6982 
39300    283.14595   -55.819894    48525.389   -14280.308    1288.7945   -15569.102    3384.7004 
39350    265.75556   -266.52375    48386.006   -14328.994    1209.6388   -15538.633    3381.4989 
39400    280.44953   -9.6188716     48363.23    -14270.81    1276.5213   -15547.332    3380.0132 
39450    280.46825    274.76168    48385.518   -14268.244    1276.6065   -15544.851    3379.9775 
39500    282.49358    95.404682    48441.183   -14241.579    1285.8251   -15527.404    3380.8147 
39550    284.94634    114.57512    48578.836   -14238.818    1296.9894   -15535.808    3386.1941 
39600    283.34448   -347.07473    48453.371   -14240.759    1289.6982   -15530.457    3386.9321 
39650    299.74107     -21.1956    48448.218    -14263.62    1364.3305    -15627.95    3386.8767 
39700    281.59913   -98.235355     48448.94   -14284.333    1281.7539   -15566.087    3386.5285 
39750    273.14801    310.69368    48467.734   -14297.247     1243.287   -15540.534    3390.2768 
39800    274.86241   -324.68472    48473.196   -14250.261    1251.0904   -15501.352     3396.631 
39850    283.64988   -378.42377    48554.415   -14234.374    1291.0883   -15525.462    3405.7042 
39900    267.82466    343.68104    48481.065   -14250.319    1219.0567   -15469.376    3407.9727 
39950    273.08026    44.815215    48350.599   -14308.221    1242.9786     -15551.2    3405.6259 
40000    275.37326   -130.46058    48345.369   -14305.047    1253.4156   -15558.462    3412.3633 
40050    272.71531    411.69472    48313.723   -14317.096    1241.3174   -15558.413    3411.1614 
40100    278.93667   -38.785027    48396.972   -14298.202    1269.6352   -15567.837    3413.2864 
40150     269.2406   -77.743315    48598.626   -14274.404    1225.5016   -15499.905    3420.8156 
40200    278.23298    13.367696     48607.43    -14190.02    1266.4322   -15456.452    3417.1135 
40250    269.65323   -232.64928    48412.291   -14256.029    1227.3798   -15483.409    3407.7166 
40300    284.33622    388.57648    48465.265    -14240.44    1294.2123   -15534.652    3418.6947 
40350     282.3812   -93.794068    48491.424   -14307.214    1285.3137   -15592.527    3423.6278 
40400    277.66555   -162.12848    48512.305   -14272.334    1263.8494   -15536.184    3426.2675 
40450    270.53483    188.08912    48385.501   -14310.063    1231.3926   -15541.455    3415.8811 
40500    292.63855    -76.65711    48403.747   -14229.912     1332.002   -15561.914    3414.2972 
40550    266.40418    187.24573    48341.658   -14286.331    1212.5911   -15498.922    3406.8734 
40600    286.80354    305.99548    48470.726   -14246.766    1305.4428   -15552.209    3419.7285 
40650    287.29101    163.31732    48471.326   -14240.353    1307.6616   -15548.015    3424.2348 
40700    289.40302   -299.67482    48468.798   -14241.018    1317.2748   -15558.292    3425.9871 
40750    272.75567    386.46824    48450.479   -14237.838    1241.5012   -15479.339    3430.0335 
40800    280.39603   -250.33206    48386.208   -14231.139    1276.2778   -15507.417    3431.8493 
40850    279.34117    -326.9378    48451.242    -14246.99    1271.4763   -15518.467     3437.982 
40900    278.46031   -271.82139    48520.032   -14266.482    1267.4669   -15533.949    3447.7853 
40950    274.12022    70.012042    48325.056   -14324.127    1247.7121   -15571.839    3444.2314 
41000    280.10895    226.54105    48285.094   -14306.781    1274.9711   -15581.752    3442.2787 
41050    284.37557   -213.28933    48324.988   -14298.889    1294.3914   -15593.281    3446.7807 
41100    267.04529    533.20232    48342.451    -14272.05    1215.5092   -15487.559    3453.6727 
41150    281.63733   -163.47366    48370.398   -14240.069    1281.9278   -15521.997     3455.727 
41200    285.43077   -74.564311    48438.708   -14285.742    1299.1944   -15584.936    3461.0984 
41250    283.44558   -355.55886      48357.7   -14294.987    1290.1584   -15585.145    3462.4818 
41300    275.63646   -37.538994    48345.415   -14266.637    1254.6136    -15521.25    3467.0276 
41350    279.18796    131.36445    48422.006   -14301.513     1270.779   -15572.292    3472.5475 
41400    283.19031    21.770568    48490.467   -14278.802    1288.9965   -15567.798    3481.1814 
41450     287.6335    44.294877    48513.045    -14266.91    1309.2205    -15576.13    3478.0775 
41500    279.81888    -146.2324    48579.272   -14312.553    1273.6507   -15586.203    3479.7371 
41550    280.27075   -151.01088    48396.145   -14310.688    1275.7075   -15586.396    3472.6311 
41600    263.35024   -154.16164     48433.05   -14356.234    1198.6905   -15554.925    3480.1047 
41650    263.14748   -402.03411    48318.943    -14370.26    1197.7676   -15568.027    3480.1749 
41700    270.36367    255.31344    48562.316   -14312.215    1230.6135   -15542.829    3492.5416 
41750    281.49153   -2.1574557    48618.894     -14262.8    1281.2641   -15544.064    3501.0452 
41800    279.85669    355.70422    48730.127   -14266.691    1273.8228   -15540.514      3510.78 
41850    274.83234    118.13929     48556.72   -14230.917    1250.9535   -15481.871    3502.1523 
41900    275.53248    189.98141    48537.308   -14238.877    1254.1403   -15493.017    3508.6399 
41950    268.83773    331.31811    48398.669   -14317.705    1223.6679   -15541.373     3502.303 
42000    264.51313   -191.43748     48370.32    -14309.35    1203.9836   -15513.334    3506.2236 
42050    262.35127    224.84727    48156.879   -14367.699    1194.1435   -15561.843    3498.7619 
42100    269.83563   -78.680606    48384.633   -14342.734      1228.21   -15570.944    3506.8203 
42150    269.66002    71.192827    48350.433    -14338.76    1227.4107    -15566.17    3510.7558 
42200    272.43594   -434.47258    48133.808   -14350.991    1240.0459   -15591.037    3506.8358 
42250    272.33462    388.49398    48435.636   -14329.134    1239.5846   -15568.719     3522.804 
42300    276.43712    57.813138     48421.86   -14268.037     1258.258   -15526.295    3522.6571 
42350    276.48388   -46.978764    48436.506   -14268.735    1258.4708   -15527.206    3526.2452 
42400    275.51979   -179.88004    48494.739   -14273.644    1254.0826   -15527.727    3526.5661 
42450    284.94025    83.679746    48412.689   -14233.174    1296.9617   -15530.136    3522.4824 
42500    292.25802   -342.72907    48491.735   -14137.305      1330.27   -15467.575    3520.9454 
42550     283.8626    43.875792    48557.607   -14182.313    1292.0565   -15474.369    3526.5793 
42600    283.79926    322.56698    48464.515   -14236.258    1291.7682   -15528.026    3524.5437 
42650    279.19531   -121.53824    48545.905   -14221.476    1270.8124   -15492.288    3528.6174 
42700    269.14999    147.16685    48492.352   -14255.303    1225.0892   -15480.392    3528.9683 
42750    285.30318   -177.92099    48510.488   -14235.582    1298.6136   -15534.195    3537.7608 
42800    277.09767   -58.514495    48510.207   -14291.279    1261.2646   -15552.544     3540.879 
42850    289.20321   -394.46264    48616.795   -14238.138    1316.3654   -15554.503     3546.855 
42900    287.27622   -157.35187    48500.269    -14237.66    1307.5943   -15545.255    3544.5474 
42950    276.92202    46.581207    48803.393   -14202.259    1260.4651   -15462.724    3556.1062 
43000    286.99565    106.22458     48707.86   -14236.233    1306.3172    -15542.55    3551.2491 
43050    276.62329   -129.53907    48416.927   -14300.099    1259.1054   -15559.204     3538.544 
43100    267.54878   -499.59889    48314.748   -14361.146     1217.801   -15578.947    3536.8987 
43150    266.39514    176.00654    48239.942   -14361.859    1212.5499   -15574.409    3530.1788 
43200     278.5782   -197.43145    48376.933   -14310.388    1268.0036   -15578.391    3539.9065 
43250    279.82636   -283.41212    48318.349   -14301.104    1273.6848   -15574.788    3544.9821 
43300    280.63071   -371.38449    48509.692   -14330.277    1277.3459   -15607.623    3559.8728 
43350    271.87897   -117.43926    48397.237   -14315.591    1237.5107   -15553.102    3560.6435 
43400    277.69384    64.163352     48384.72   -14283.945    1263.9782   -15547.923    3563.1678 
43450    275.17971    482.04406    48500.955   -14275.359    1252.5347   -15527.893    3572.2455 
43500     280.7969   -319.62561    48466.544   -14293.919    1278.1024   -15572.021    3572.9552 
43550    277.86965     578.2457    48473.569   -14285.683    1264.7784   -15550.461    3579.5977 
43600    273.02381   -100.15656    48457.275   -14350.654    1242.7216   -15593.376     3589.294 
43650    276.27174    183.13325    48464.033    -14342.28    1257.5052   -15599.785    3590.5775 
43700     276.7557    133.65976    48417.557   -14351.181    1259.7081   -15610.889    3589.2626 
43750    288.84328    35.459317    48278.169   -14312.012    1314.7271   -15626.739    3584.3426 
43800    286.34788     252.8148    48467.568   -14290.861    1303.3688    -15594.23    3597.0275 
43850    284.50641    81.917254    48474.311   -14232.425     1294.987   -15527.412    3600.0987 
43900    281.27021    -55.97877    48481.159   -14300.809    1280.2568   -15581.065    3598.6689 
43950    282.21625    24.733473    48642.449   -14254.285    1284.5628   -15538.847    3609.9884 
44000     282.8783    327.97046    48425.424   -14214.852    1287.5763   -15502.428    3601.1428 
44050    275.31726   -294.83817    48611.514   -14286.547    1253.1607   -15539.707    3612.5773 
44100    281.58783   -1.3205352     48604.19    -14263.61    1281.7025   -15545.313    3611.8035 
44150    286.96718   -200.56235    48488.124   -14250.755    1306.1876   -15556.943    3601.1565 
44200     283.3259   -457.13065    48310.305   -14305.447    1289.6136   -15595.061    3592.0605 
44250    273.09493   -187.91099    48336.457   -14339.721    1243.0454   -15582.766    3599.9055 
44300    267.64218   -176.09859    48349.874   -14313.118    1218.2261   -15531.344    3597.8933 
44350    272.61503   -9.1829515    48357.278    -14283.63     1240.861   -15524.491    3600.3811 
44400    284.03879   -31.531811    48298.668   -14281.315    1292.8585   -15574.173    3596.0254 
44450    280.96635    335.11436    48328.083   -14256.471    1278.8737   -15535.345    3600.6051 
44500    282.51813    91.721371    48529.224   -14266.427    1285.9369   -15552.364    3609.8141 
44550    277.96328   -392.99715    48690.086   -14190.845    1265.2046   -15456.049    3611.1378 
44600    298.05795    -362.1693    48502.121   -14186.986    1356.6695   -15543.656    3603.4741 
44650    281.34497   -208.31866    48394.485   -14193.133     1280.597    -15473.73    3596.7403 
44700    287.35622   -189.13877    48412.015   -14210.614    1307.9584   -15518.572    3602.8843 
44750    294.01541   -376.87411    48423.305   -14228.107    1338.2691   -15566.376    3598.5224 
44800    289.62925   -148.68582     48263.89   -14264.168    1318.3046   -15582.473    3595.7741 
44850    268.17538   -353.70603    48467.315   -14293.307    1220.6531    -15513.96    3601.8694 
44900    280.18129    75.553215    48335.283   -14283.072    1275.3003   -15558.372     3600.727 
44950    280.79556   -525.06046    48368.438    -14267.13    1278.0963   -15545.226    3601.3756 
45000    285.75105    416.76417    48362.512   -14255.911    1300.6522   -15556.563    3606.8192 
45050    282.88502   -247.02251    48412.804   -14320.127    1287.6069   -15607.733    3614.9504 
45100    286.24202   -123.85409     48374.85   -14286.578    1302.8869   -15589.465    3612.7019 
45150    272.53669    174.71746    48310.058   -14295.214    1240.5044   -15535.718      3612.57 
45200    280.95433   -330.95526    48352.563    -14307.04     1278.819   -15585.859    3616.1509 
45250    276.77101   -255.32754    48307.704   -14308.777    1259.7778   -15568.555    3612.6411 
45300    279.81301   -561.67156    48227.125   -14248.089     1273.624   -15521.713    3610.2786 
45350    280.09004    365.00006    48431.187    -14234.67     1274.885   -15509.555    3624.3679 
45400    283.88111   -61.960456    48416.726   -14222.353    1292.1408   -15514.494     3622.935 
45450    283.32313    15.704165    48438.953    -14234.58     1289.601   -15524.181    3627.5918 
45500    283.46941    -223.6362    48407.386   -14235.321    1290.2669   -15525.588    3625.7112 
45550    280.28557   -2.8403586    48305.374   -14263.207     1275.775   -15538.982    3624.6118 
45600    275.48142    205.48147    48471.739   -14270.937     1253.908   -15524.845    3627.5577 
45650    284.58292   -366.26576    48382.882   -14313.075    1295.3352    -15608.41    3623.8127 
45700    278.58587    267.31846    48558.984   -14301.791    1268.0384   -15569.829    3635.3251 
45750    274.72005   -215.05091    48533.022   -14272.204    1250.4424   -15522.646    3633.7742 
45800    277.42138   -163.12294    48404.121   -14317.036     1262.738   -15579.774    3621.6307 
45850    290.58512    54.962614    48438.152   -14272.578    1322.6554   -15595.233    3623.9712 
45900    273.48628   -473.27015     48495.07   -14304.406    1244.8267   -15549.232    3624.3818 
45950    269.51293     341.8274    48358.264   -14299.859    1226.7412     -15526.6    3617.5821 
46000      283.754   -67.772045        48504   -14262.406    1291.5622   -15553.968    3627.6553 
46050    280.87188   -9.1408007    48636.542   -14249.471    1278.4437   -15527.914    3629.5644 
46100    278.57007   -362.77571    48553.186   -14260.599    1267.9665   -15528.566      3636.77 
46150    283.03358   -283.00702    48509.197   -14249.695    1288.2831   -15537.978     3638.317 
46200    279.74999     193.8413    48488.078   -14287.074    1273.3372   -15560.411    3640.7692 
46250    281.47312    402.65911    48392.401   -14281.216    1281.1804   -15562.397    3636.7497 
46300    287.84972   0.63195655    48392.851   -14245.807    1310.2047   -15556.012    3646.1537 
46350    299.84493   -137.18569    48334.414   -14266.463    1364.8033   -15631.267    3656.2748 
46400    274.99228    20.893334    48334.884   -14298.291    1251.6815   -15549.972    3660.2302 
46450    277.59601    -243.8381    48284.828   -14287.412    1263.5329   -15550.944    3663.3265 
46500    290.80809    304.87821     48330.77   -14274.399    1323.6703   -15598.069    3677.0424 
46550    278.52437   -100.63964    48333.874   -14236.065    1267.7585   -15503.824     3683.026 
46600    283.54337   -168.59972     48492.17   -14217.091    1290.6035   -15507.694    3696.7925 
46650    285.86171     244.3032    48665.941   -14232.946    1301.1559   -15534.102    3700.0259 
46700     294.6289   -244.95915    48523.879   -14233.538    1341.0615   -15574.599    3688.0626 
46750    289.20284   -709.23844    48649.623   -14252.909    1316.3637   -15569.273    3696.3904 
46800    289.50617   -98.972616    48635.571   -14248.287    1317.7444   -15566.032    3707.7885 
46850    284.31208   -259.63007    48537.366   -14219.113    1294.1024   -15513.216    3705.6593 
46900    282.34883    360.99798     48410.59   -14264.635    1285.1663   -15549.801    3706.1503 
46950    281.69797    38.539905    48366.282   -14301.327    1282.2038   -15583.531    3716.9114 
47000    279.25349    161.40206    48340.373    -14335.88    1271.0773   -15606.957    3721.7621 
47050    269.91702   -91.586454    48543.148   -14280.167    1228.5805   -15508.747    3737.3528 
47100    282.23843    264.86642    48371.682   -14260.142    1284.6638   -15544.806    3734.2187 
47150    281.03272   -98.214881    48481.991   -14261.034    1279.1758    -15540.21     3740.328 
47200    279.58012    -438.3492    48320.136   -14305.965     1272.564   -15578.529    3735.5959 
47250    285.91451   -395.00606    48452.918   -14306.641    1301.3962   -15608.038    3743.7478 
47300    266.93243    89.696349    48496.452   -14333.599    1214.9955   -15548.594    3745.2921 
47350    278.42753   -194.12259    48587.438   -14257.029    1267.3177   -15524.347    3757.6834 
47400    278.86598    366.58983    48454.305    -14292.82    1269.3134   -15562.134    3746.9909 
47450    268.06873   -12.673054    48466.637   -14332.978    1220.1676   -15553.145    3751.1989 
47500    286.08209    -93.84108    48402.911   -14339.433     1302.159   -15641.592    3757.5379 
47550    275.69023   -654.09756    48325.487   -14324.828    1254.8584   -15579.687    3761.4342 
47600    270.23631   -282.86039    48380.608    -14373.42    1230.0338   -15603.454    3774.4783 
47650     283.8999    366.09955     48241.92   -14291.392    1292.2263   -15583.618    3770.0693 
47700    273.73477   -72.181684    48522.251   -14267.073    1245.9577    -15513.03    3781.0665 
47750    269.84524     133.0296    48547.027   -14250.553    1228.2538   -15478.807    3778.7678 
47800    271.93877   -100.98444     48442.23   -14250.627    1237.7829    -15488.41    3776.1411 
47850    289.02747    162.33339    48497.789   -14211.298    1315.5655   -15526.863      3777.75 
47900    278.50233   -16.550211    48592.254    -14242.77    1267.6582   -15510.429    3789.2015 
47950    282.69129   -183.44134    48549.963   -14276.816    1286.7251   -15563.541     3784.384 
48000    276.49701    -292.3186     48412.38   -14281.907    1258.5306   -15540.437    3778.4654 
48050    273.92062   -70.442513    48340.845   -14291.222    1246.8037   -15538.025    3773.6355 
48100    280.41152    78.113314     48525.12   -14263.834    1276.3483   -15540.183     3782.503 
48150    283.69577    -264.2363    48581.798   -14225.942    1291.2972   -15517.239    3790.8534 
48200    282.86765   -197.49209    48635.378   -14225.629    1287.5278   -15513.157    3801.1534 
48250    279.68724   -224.17219    48567.884   -14185.096    1273.0516   -15458.147    3808.3894 
48300     295.6002   -349.92728    48361.118   -14242.333    1345.4825   -15587.816    3805.4535 
48350    277.73881    382.61229    48559.799   -14218.758    1264.1829   -15482.941    3824.2032 
48400    285.34277   -412.30391    48483.256   -14277.482    1298.7938   -15576.276    3822.1931 
48450    270.01483    354.93764    48358.514   -14323.077    1229.0257   -15552.103    3820.2179 
48500    277.58562    80.660395    48570.017   -14248.424    1263.4856    -15511.91    3834.0058 
48550    279.45774    158.92939    48588.894   -14260.576    1272.0069   -15532.583    3832.7516 
48600    271.34479   -128.62648    48583.616   -14328.752    1235.0792   -15563.832    3830.2779 
48650    270.10572    162.10865    48502.806   -14302.393    1229.4394   -15531.833    3829.7034 
48700     265.2018    405.44872    48430.182   -14344.061    1207.1182    -15551.18    3830.4034 
48750    278.91903   -31.264084    48487.155   -14331.977    1269.5549   -15601.532    3833.1479 
48800    286.49058    418.67328    48624.429   -14263.447    1304.0183   -15567.465    3842.2233 
48850    281.81811    40.591114    48483.223   -14270.211    1282.7506   -15552.962    3837.4928 
48900    284.13633    193.98854    48430.584   -14238.069    1293.3025   -15531.371    3832.2621 
48950    280.87539    106.78314     48484.08   -14284.006    1278.4597   -15562.466     3832.862 
49000    274.37263   -100.39151     48343.09   -14262.535     1248.861   -15511.396    3829.4268 
49050     292.3928   -31.256323     48468.47   -14232.486    1330.8834    -15563.37    3842.3754 
49100    287.37326   -28.823902    48544.778   -14189.201     1308.036   -15497.237     3847.395 
49150    274.81336   -206.74279    48485.893     -14279.2    1250.8671   -15530.067    3852.1696 
49200    259.32422    -487.4841    48511.152   -14349.475    1180.3652    -15529.84    3851.9156 
49250    279.49305    157.57281    48267.115   -14287.641    1272.1677   -15559.808    3830.2117 
49300    275.83064   -84.485692      48244.3    -14300.72    1255.4975   -15556.217    3834.0768 
49350    276.81408    117.32976    48259.387   -14334.528    1259.9738   -15594.502    3840.1909 
49400    282.92999    169.75363    48293.224   -14290.261    1287.8116   -15578.073    3840.7631 
49450    270.11949    111.42188    48493.682   -14329.564    1229.5021   -15559.066    3852.3898 
49500    270.66825    -214.7901    48242.616   -14279.053    1231.9999   -15511.053    3836.0198 
49550    271.33386    490.56712    48319.455   -14279.357    1235.0295   -15514.387    3841.5551 
49600    279.43616   -64.722442    48358.599   -14293.408    1271.9087   -15565.317    3843.8588 
49650    280.62005    131.76605    48415.009   -14256.809    1277.2974   -15534.107    3850.2938 
49700    284.21728    354.30394    48544.576    -14239.57    1293.6709    -15533.24    3859.4684 
49750    286.21451    185.02899    48454.823   -14272.443    1302.7617   -15575.205    3853.6615 
49800    279.11294    420.66222    48452.977   -14277.479    1270.4375   -15547.917    3857.0633 
49850    271.25182    20.757193    48427.204   -14258.252    1234.6561   -15492.908    3854.8414 
