0 263.6438 -178.12056 46502.092 -63877.9 5030.78 -68908.7 9.3093037
0.01 257.39792 -178.4784 46432.19 -64241.9 4911.59 -69153.5 20.063301
0.02 265.17795 135.12781 46283.703 -63726.2 5060.05 -68786.3 31.382328
0.03 269.14739 219.98228 46335.681 -64008.6 5135.79 -69144.4 40.046626
0.04 257.21334 104.7705 46283.182 -63889.4 4908.07 -68797.5 47.255458
0.05 275.13788 519.32924 46165.623 -63256.4 5250.1 -68506.5 55.145522
0.06 264.05671 -796.93953 46606.28 -63308.9 5038.65 -68347.5 64.281562
0.07 269.4136 400.12378 46023.484 -63533.5 5140.87 -68674.4 73.299694
0.08 272.68417 -245.51986 46373.311 -63226.6 5203.28 -68429.9 83.961398
0.09 275.86482 196.48677 46224.399 -63200 5263.97 -68463.9 92.158275
0.1 271.36782 -154.41441 46392.354 -63583.7 5178.16 -68761.9 101.27047
0.11 267.75773 -395.35531 46689.864 -63587.3 5109.28 -68696.6 112.0595
0.12 271.64688 661.27389 46116.332 -63708.3 5183.49 -68891.8 120.11396
0.13 268.05837 -252.49334 46725.638 -63941 5115.01 -69056 128.93255
0.14 270.33233 47.804772 46586.465 -63734.7 5158.4 -68893.1 138.30509
0.15 272.04764 146.20125 46394.34 -64016.2 5191.14 -69207.3 147.16226
0.16 267.84551 630.07573 46266.324 -64134.5 5110.95 -69245.4 153.72926
0.17 265.64714 112.82147 46417.074 -63890.4 5069 -68959.4 160.79305
0.18 263.67027 -451.45584 46955.327 -64177.5 5031.28 -69208.8 170.69136
0.19 265.52819 72.189086 46325.132 -64204.4 5066.73 -69271.2 173.9236
0.2 278.92761 -756.71613 46727.418 -64233.3 5322.42 -69555.8 182.05288
0.21 263.05668 -122.78015 46560.34 -64439.8 5019.57 -69459.4 189.24851
0.22 273.69926 42.298629 46651.653 -64233 5222.65 -69455.6 196.08884
0.23 263.95576 409.04556 46317.637 -64609.4 5036.73 -69646.1 198.58419
0.24 262.93015 340.78765 46356.378 -64450.6 5017.16 -69467.8 208.26288
0.25 267.55297 378.18712 46275.509 -64894.3 5105.37 -69999.6 214.64937
0.26 272.16527 -27.082034 46632.084 -64475.4 5193.38 -69668.7 223.33616
0.27 262.77003 -882.35733 46893.101 -64693 5014.1 -69707.1 234.05156
0.28 256.60433 -756.56367 46723.791 -64484.2 4896.45 -69380.7 238.38662
0.29 273.40849 -95.857957 46422.954 -64135.2 5217.1 -69352.3 245.43405
0.3 260.38729 -192.42095 46538.235 -64299.4 4968.64 -69268 253.75424
0.31 269.65483 52.370094 46542.187 -64455.9 5145.48 -69601.4 261.09079
0.32 277.81254 553.23163 46158.397 -64051.2 5301.14 -69352.4 266.105
0.33 266.43444 -118.03174 46572.436 -64461.7 5084.03 -69545.7 272.86235
0.34 273.22026 -258.87052 46454.519 -63979.3 5213.51 -69192.8 281.24212
0.35 272.95818 364.72849 46478.5 -64060.3 5208.51 -69268.8 289.22863
0.36 263.04534 216.12867 46249.331 -63971 5019.36 -68990.3 294.36365
0.37 262.98513 229.60485 46529.253 -64484.7 5018.21 -69502.9 301.46875
0.38 267.06288 -21.470487 46539.635 -64062 5096.02 -69158.1 309.28794
0.39 273.68902 -253.22496 46648.248 -64267.5 5222.46 -69489.9 312.9601
0.4 271.74906 -431.25391 46746.544 -64196.4 5185.44 -69381.8 318.90994
0.41 264.3975 81.071816 46324.605 -64603.2 5045.16 -69648.4 321.38085
0.42 264.82099 -25.869336 46374.134 -64390.7 5053.24 -69443.9 326.29819
0.43 259.8169 240.37622 46538.324 -64313.8 4957.75 -69271.5 334.68261
0.44 263.37397 63.161086 46269.958 -64326.4 5025.63 -69352.1 337.08482
0.45 262.25109 -40.909134 46553.398 -64309.5 5004.2 -69313.7 344.61687
0.46 264.60319 309.69953 46373.919 -64266 5049.08 -69315.1 352.97024
0.47 271.21836 -87.496847 46561.404 -64416 5175.31 -69591.3 361.68267
0.48 265.41262 527.8839 46347.518 -64326 5064.53 -69390.5 366.997
0.49 275.34426 198.79716 46461.033 -64334.7 5254.04 -69588.7 371.2832
0.5 265.23557 717.76466 46226.53 -64579 5061.15 -69640.2 376.80153
0.51 257.2515 -646.91469 47027.839 -64351.2 4908.8 -69260 383.27222
0.52 271.30307 30.642521 46380.417 -64673.9 5176.93 -69850.9 382.7627
0.53 261.37001 203.79626 46594.655 -65077.6 4987.39 -70065 388.90724
0.54 263.29244 -694.63596 46915.825 -64900.8 5024.07 -69924.8 397.49107
0.55 261.64108 -679.56801 46842.562 -64856.2 4992.56 -69848.8 398.9793
0.56 267.05922 -365.49034 46778.638 -65175.5 5095.95 -70271.5 398.53316
0.57 261.58601 -201.2725 46788.605 -65459.4 4991.51 -70450.9 403.97244
0.58 264.66369 -18.214235 46623.502 -65225.4 5050.24 -70275.6 407.18868
0.59 276.05585 51.707311 46608.554 -65019.7 5267.62 -70287.4 411.01082
0.6 267.32073 -179.87241 46698.059 -65539 5100.94 -70640 416.8075
0.61 269.82115 -317.02988 46768.101 -65649.1 5148.65 -70797.8 421.07263
0.62 260.76358 184.52568 46672.517 -66098.6 4975.82 -71074.4 421.72318
0.63 266.00414 -46.440857 46860.562 -66246.4 5075.82 -71322.3 423.33836
0.64 266.92373 -235.20496 46990.998 -66456.8 5093.36 -71550.2 427.25618
0.65 269.95313 -159.96682 46990.258 -66476 5151.17 -71627.2 426.08499
0.66 265.32249 -402.02418 46864.971 -66367.1 5062.81 -71429.9 426.43359
0.67 268.53412 -127.56136 46899.974 -66486 5124.09 -71610.1 431.21008
0.68 270.84898 -613.24765 47147.442 -66103 5168.26 -71271.2 431.24045
0.69 258.7962 -612.42727 46989.788 -66570.6 4938.28 -71508.9 430.15412
0.7 273.59933 -4.9639591 46919.915 -66262 5220.74 -71482.7 429.50274
0.71 269.5811 488.97886 46701.063 -66334.3 5144.07 -71478.3 430.27734
0.72 273.56108 538.64217 46419.973 -66572 5220.01 -71792 430.85963
0.73 260.11715 160.19049 46581.89 -66763.3 4963.48 -71726.7 431.52998
0.74 279.51719 -299.76048 46989.587 -66158.7 5333.67 -71492.3 434.47288
0.75 279.56189 324.69412 46693.621 -66420.7 5334.52 -71755.2 433.05309
0.76 274.79483 112.85056 46533.105 -66267.2 5243.56 -71510.8 435.4304
0.77 274.07587 -214.87274 46867.546 -66210.2 5229.84 -71440 439.54154
0.78 273.71392 433.27321 46677.864 -66272.5 5222.93 -71495.4 441.77011
0.79 270.9595 -108.12453 46784.058 -66509.8 5170.37 -71680.2 442.58735
0.8 257.34824 450.26557 46549.386 -66465.4 4910.65 -71376.1 443.12831
0.81 271.88978 201.09959 46643.4 -66184.4 5188.12 -71372.5 446.10616
0.82 263.77564 -559.34743 47191.038 -66638.3 5033.29 -71671.6 451.28995
0.83 273.66963 209.35408 46461.674 -66243.8 5222.09 -71465.9 446.68405
0.84 267.66198 452.50733 46438.081 -66312.8 5107.45 -71420.2 449.15911
0.85 275.57721 359.47286 46750.041 -66265.7 5258.49 -71524.2 449.85264
0.86 268.6335 -3.4268479 46770.902 -66108.5 5125.99 -71234.5 450.82955
0.87 254.945 -5.1572741 46559.547 -66602.5 4864.79 -71467.3 452.07512
0.88 273.48991 59.548808 46620.191 -66265.6 5218.66 -71484.3 453.42851
0.89 271.32328 44.120097 46661.776 -66078.4 5177.31 -71255.7 459.53402
0.9 261.7235 192.76242 46458.14 -66523.3 4994.13 -71517.4 460.80506
0.91 267.38848 -343.9612 46878.235 -66328.4 5102.23 -71430.6 463.42225
0.92 268.04722 596.57103 46549.279 -66276 5114.8 -71390.8 461.7055
0.93 261.84815 142.55161 46663.661 -66656.7 4996.51 -71653.2 460.26028
0.94 284.85469 -286.9091 46890.548 -66087.4 5435.52 -71522.9 465.68497
0.95 262.8153 -271.19919 47021.103 -66685.9 5014.97 -71700.8 468.24363
0.96 271.35523 -740.4987 47238.731 -66410.2 5177.92 -71588.1 471.22006
0.97 263.00835 534.81313 46516.871 -66800.3 5018.65 -71819 467.83682
0.98 269.47187 71.358537 46693.398 -66685.1 5141.99 -71827.1 470.17668
0.99 258.94315 -165.76446 46891.126 -66865.3 4941.08 -71806.4 470.79025
1 275.13249 -6.428418 46785.88 -66537.8 5250 -71787.8 469.75118
1.01 276.28139 -50.463063 46814.438 -66331.5 5271.92 -71603.4 469.13952
1.02 260.84478 -238.53636 46822.097 -66711.7 4977.37 -71689.1 471.40493
1.03 270.76973 -442.13624 46801.116 -66491.1 5166.75 -71657.9 473.60634
1.04 264.15248 -700.30582 47151.348 -66564.3 5040.48 -71604.8 478.29445
1.05 270.86474 262.68004 46601.579 -66021.3 5168.56 -71189.8 477.65605
1.06 261.93421 -566.8434 47012.399 -66456.3 4998.15 -71454.4 481.29976
1.07 271.32948 -173.62654 46927.368 -66496.7 5177.43 -71674.1 483.50851
1.08 265.37765 191.46971 46664.702 -66469.8 5063.86 -71533.7 482.51937
1.09 268.42769 -63.000196 46855.705 -66446.6 5122.06 -71568.7 485.82704
1.1 265.08436 327.13398 46692.896 -66035.1 5058.26 -71093.3 487.0091
1.11 263.54785 489.97415 46326.945 -66359.5 5028.94 -71388.5 488.34432
1.12 269.39422 -768.56559 47137.71 -66330 5140.5 -71470.5 493.73635
1.13 254.76496 -737.86847 47113.801 -66206.9 4861.35 -71068.3 497.02062
1.14 263.81906 -86.0258 46715.208 -66456.4 5034.12 -71490.6 495.17343
1.15 271.43013 -697.20424 47254.046 -66588.3 5179.35 -71767.7 502.02889
1.16 260.11171 807.54944 46347.638 -66858.8 4963.38 -71822.2 497.19911
1.17 278.89294 -501.78724 47022.145 -66427.3 5321.76 -71749 501.01474
1.18 266.78152 -125.78958 46906.921 -66271.6 5090.65 -71362.3 502.86529
1.19 259.09689 -671.72421 47335.843 -66685.4 4944.01 -71629.4 506.83987
1.2 257.56747 -98.523912 46812.407 -66832.6 4914.83 -71747.5 502.70374
1.21 276.34226 741.57099 46395.571 -66444.8 5273.08 -71717.9 500.18625
1.22 266.0904 143.05045 46786.007 -66542 5077.46 -71619.5 503.46645
1.23 262.88376 -872.41791 47184.822 -66569 5016.27 -71585.2 504.18532
1.24 265.38277 38.83343 46712.826 -66581.1 5063.96 -71645 503.05562
1.25 280.42518 -280.01831 46956.864 -66354.9 5350.99 -71705.9 505.7935
1.26 265.21305 -657.77415 47032.659 -66657.6 5060.72 -71718.4 508.56496
1.27 272.86963 -457.08932 47080.435 -66307.9 5206.82 -71514.7 510.8886
1.28 256.73676 -374.24203 46796.259 -66777.7 4898.98 -71676.7 511.15378
1.29 272.15144 74.496218 46783.929 -66389.8 5193.12 -71583 512.30056
1.3 268.07166 -335.35973 46915.07 -66526.8 5115.27 -71642.1 513.5542
1.31 263.74909 20.723542 46748.569 -66720 5032.79 -71752.7 511.61841
1.32 257.9006 199.63458 46525.681 -66634.4 4921.19 -71555.6 512.04409
1.33 268.17961 -562.30986 47029.832 -66550.6 5117.33 -71667.9 519.06657
1.34 256.26121 -486.75552 46912.84 -66917.3 4889.9 -71807.2 518.64613
1.35 267.19998 -660.56511 47190.276 -66175.5 5098.63 -71274.2 523.24593
1.36 262.76957 -534.79011 46974.22 -66445.7 5014.09 -71459.8 524.03053
1.37 264.27654 125.64558 46864.871 -66443.1 5042.85 -71486 525.35362
1.38 270.53423 -588.32414 46998.856 -66249.8 5162.26 -71412.1 526.96247
1.39 266.50021 -462.41889 46841.713 -66711.9 5085.28 -71797.1 527.10999
1.4 284.22873 252.12197 46579.938 -66158.9 5423.57 -71582.5 526.3033
1.41 270.09727 -469.82347 46898.162 -66405.1 5153.92 -71559 529.69253
1.42 272.63545 614.18321 46302.623 -66279.8 5202.35 -71482.1 529.427
1.43 275.88664 286.70828 46457.822 -66313 5264.39 -71577.4 532.249
1.44 267.76481 185.61636 46681.502 -66414.1 5109.41 -71523.5 534.85933
1.45 273.69239 693.07186 46409.894 -66256.2 5222.52 -71478.7 532.69108
1.46 267.27096 269.92134 46738.397 -66504.6 5099.99 -71604.5 536.44104
1.47 269.15116 343.27629 46610.924 -66250.9 5135.87 -71386.7 536.91528
1.48 271.20523 -55.283554 46693.396 -66376.3 5175.06 -71551.3 540.80421
1.49 269.34313 -9.7985661 46960.411 -66250.8 5139.53 -71390.3 541.07635
1.5 262.85243 72.162887 46688.495 -66630.6 5015.68 -71646.3 539.68534
1.51 276.89534 189.98546 46488.869 -66241.2 5283.64 -71524.8 543.16791
1.52 270.20286 303.84995 46630.826 -66515.1 5155.93 -71671 544.66468
1.53 254.41706 -427.51761 46981.04 -66867.8 4854.71 -71722.6 548.18485
1.54 266.82367 -364.10195 46976.658 -66629.3 5091.45 -71720.7 551.02094
1.55 270.044 784.60508 46395.887 -66538.1 5152.9 -71691 548.77512
1.56 265.55649 588.8679 46514.666 -66694.1 5067.27 -71761.4 549.61856
1.57 260.31536 -531.33237 47128.853 -66798.1 4967.26 -71765.4 554.18906
1.58 275.12416 -222.65963 47161.121 -66677.9 5249.84 -71927.8 556.30079
1.59 265.2101 489.29642 46510.044 -66504.8 5060.66 -71565.5 556.14612
1.6 255.17399 -385.64636 46911.88 -67099.2 4869.16 -71968.4 560.59852
1.61 263.66624 -384.40884 47140.691 -66705.6 5031.2 -71736.8 562.17765
1.62 259.29988 706.79623 46543.716 -67111.8 4947.89 -72059.7 557.9421
1.63 267.44452 -86.52785 47007.919 -66740.5 5103.3 -71843.8 562.70918
1.64 261.81831 62.643291 46816.939 -66659.9 4995.94 -71655.9 560.16466
1.65 264.01525 654.62377 46355.477 -66763.8 5037.86 -71801.7 560.02084
1.66 264.70338 95.184525 46612.7 -66696.9 5050.99 -71747.9 563.32108
1.67 257.09565 -148.15149 46790.01 -66939.6 4905.83 -71845.4 567.42784
1.68 261.26208 347.79565 46529.037 -66620.9 4985.33 -71606.2 564.78066
1.69 265.08739 -416.59654 46947.301 -66634.8 5058.32 -71693.1 567.64018
1.7 262.97038 -286.52207 47114.784 -66613.9 5017.93 -71631.8 568.83505
1.71 267.59263 -25.480424 46794.111 -66376.4 5106.13 -71482.5 568.0769
1.72 263.71054 -61.395225 46821.7 -66383 5032.05 -71415.1 569.42697
1.73 268.88447 452.80973 46714.646 -66420.4 5130.78 -71551.1 573.74077
1.74 271.134 -459.24051 46914.927 -66253.5 5173.7 -71427.2 573.49403
1.75 267.88086 -35.323022 46741.882 -66565.4 5111.63 -71677 573.21784
1.76 261.37733 149.7556 46664.221 -66793.1 4987.53 -71780.6 577.4797
1.77 270.17737 -15.571075 46907.545 -66581.9 5155.45 -71737.4 580.38656
1.78 255.43816 -49.098073 46489.494 -66805.1 4874.2 -71679.3 574.86337
1.79 274.03425 436.58024 46555.244 -66824.9 5229.04 -72053.9 579.03716
1.8 273.43387 -113.89572 46910.015 -66889.4 5217.59 -72107 582.43637
1.81 269.63733 -774.7769 47256.285 -66571.1 5145.14 -71716.2 587.02509
1.82 269.95102 283.00662 46587.894 -66462.7 5151.13 -71613.8 582.5842
1.83 272.96046 178.85829 46638.43 -66400.6 5208.55 -71609.1 585.05535
1.84 269.58328 -592.57513 47076.183 -66648.9 5144.11 -71793 590.60691
1.85 267.70074 -14.477089 46963.482 -66416.6 5108.19 -71524.8 589.22778
1.86 268.33057 -104.7129 46901.77 -66907.7 5120.21 -72027.9 587.50209
1.87 265.52324 -308.0927 46947.835 -66568.4 5066.64 -71635 588.62073
1.88 278.95817 438.09155 46647.406 -66779.9 5323 -72102.9 588.64826
1.89 272.41885 9.2407431 46756.549 -66517.3 5198.22 -71715.5 588.49738
1.9 269.30953 -165.49555 46760.762 -66692.3 5138.89 -71831.2 587.49152
1.91 277.16218 -807.59085 47333.819 -66778.6 5288.73 -72067.3 596.02909
1.92 262.78312 -680.38615 47351.719 -67011.6 5014.35 -72025.9 598.23424
1.93 265.13388 -277.91727 47079.164 -66624.7 5059.21 -71683.9 596.71996
1.94 262.78734 8.1926495 46819.385 -66975.1 5014.43 -71989.5 595.65071
1.95 263.71484 -164.03894 47021.924 -66902 5032.13 -71934.1 595.52936
1.96 263.89138 -173.73787 46959.006 -66712.7 5035.5 -71748.2 596.14478
1.97 266.38078 -488.89627 46991.86 -66469.5 5083 -71552.5 597.42419
1.98 268.95846 54.594726 46698.728 -66636.5 5132.19 -71768.7 596.96169
1.99 273.04658 -213.91415 46673.287 -66284 5210.2 -71494.2 596.64552
2 258.95341 -86.320463 46777.499 -66901.3 4941.28 -71842.6 598.06983
2.01 272.26856 -269.614 46943.229 -66589.5 5195.35 -71784.8 601.27266
2.02 271.253 527.33765 46570.035 -66894 5175.97 -72069.9 596.48957
2.03 259.89446 109.79693 46674.216 -66660.4 4959.23 -71619.6 599.53381
2.04 276.4434 626.62557 46369.312 -66262.3 5275.01 -71537.3 597.68245
2.05 267.66001 212.5179 46408.35 -66307.1 5107.41 -71414.5 599.74676
2.06 262.21455 110.30844 46642.491 -66679.3 5003.5 -71682.8 604.81719
2.07 275.47762 -454.03534 46977.708 -66460.1 5256.59 -71716.7 609.87909
2.08 262.37284 -0.27604028 46649.676 -66413.7 5006.52 -71420.3 608.1097
2.09 262.59349 294.69679 46625.574 -66834.4 5010.73 -71845.1 607.73904
2.1 264.81962 -802.97125 47196.968 -66641.1 5053.21 -71694.3 614.18376
2.11 265.60534 474.97151 46654.707 -67074.3 5068.21 -72142.5 612.24451
2.12 264.70234 544.65821 46455.655 -66844.1 5050.97 -71895.1 610.81491
2.13 263.44702 -363.24959 47009.226 -66735 5027.02 -71762 616.96335
2.14 261.6507 -195.91244 46963.282 -66538.1 4992.74 -71530.9 616.62101
2.15 261.30405 165.11849 46609.596 -66883.3 4986.13 -71869.4 613.2734
2.16 262.89083 -241.8589 46942.926 -66442.3 5016.41 -71458.7 615.98587
2.17 274.08812 602.00699 46439.547 -66712.1 5230.07 -71942.2 614.57557
2.18 269.53371 542.93408 46550.161 -66792.2 5143.17 -71935.4 615.23945
2.19 270.24023 453.3725 46486.737 -66795.7 5156.65 -71952.4 616.26675
2.2 261.96798 -68.595893 46860.317 -66804 4998.8 -71802.8 618.5396
2.21 272.24557 -574.913 47210.027 -66497 5194.91 -71691.9 621.81519
2.22 261.44198 -745.57079 47103.118 -66589.7 4988.76 -71578.5 623.41396
2.23 272.4347 76.100301 46654.78 -66321.4 5198.52 -71519.9 621.36067
2.24 267.33635 -425.25643 46977.014 -66630.4 5101.24 -71731.6 623.29306
2.25 258.80545 -692.06645 47268.854 -66906.2 4938.45 -71844.7 624.89945
2.26 261.05001 165.31118 46717.745 -66730.6 4981.28 -71711.9 622.09296
2.27 270.20852 581.90982 46370.416 -66606.2 5156.04 -71762.3 620.05167
2.28 263.28885 -150.13434 46829.899 -66361 5024 -71385 625.91905
2.29 266.69389 -190.16452 46816.771 -66787.1 5088.98 -71876 626.00059
2.3 261.11029 544.65625 46422.365 -66864 4982.43 -71846.4 626.07316
2.31 263.67058 -786.08576 47119.231 -66399.2 5031.29 -71430.5 632.30267
2.32 284.75982 564.47516 46562.923 -66148.4 5433.71 -71582.1 629.84479
2.33 257.14581 184.52786 46533.884 -66663.3 4906.78 -71570.1 630.3301
2.34 261.06604 -108.21281 46823.117 -66403.7 4981.59 -71385.3 632.02653
2.35 276.91918 152.33895 46750.535 -65876 5284.09 -71160.1 633.37599
2.36 270.76337 28.285626 46878.421 -66218.9 5166.63 -71385.5 633.87748
2.37 269.84695 -396.51764 46942.568 -66325.1 5149.14 -71474.3 636.00285
2.38 267.39644 -404.82144 47044.903 -65997.9 5102.38 -71100.3 638.05485
2.39 263.60657 -174.37088 46924.271 -66079.3 5030.07 -71109.4 639.63168
2.4 272.54065 599.0745 46432.907 -65708.8 5200.54 -70909.4 641.7057
2.41 265.06042 25.25887 46710.107 -66111.6 5057.81 -71169.4 644.43004
2.42 265.01956 -44.127809 46624.988 -66257.6 5057.03 -71314.6 645.07943
2.43 269.76396 694.84058 46374.588 -66221.2 5147.56 -71368.8 647.77241
2.44 260.76219 220.8108 46601.793 -66313.2 4975.79 -71289 648.44222
2.45 269.56434 -246.75578 46836.417 -66000.2 5143.75 -71144 652.70139
2.46 264.90873 214.78316 46732.178 -66409.4 5054.91 -71464.3 653.19756
2.47 270.11646 -113.95575 46947.462 -66513.2 5154.29 -71667.5 655.77242
2.48 262.47229 208.03412 46681.652 -66412.2 5008.42 -71420.7 654.11053
2.49 270.22764 568.80817 46566.989 -66088.8 5156.41 -71245.2 651.18428
2.5 272.3248 -454.70384 46909.745 -66187.5 5196.42 -71383.9 659.30613
2.51 258.67169 -84.65567 46692.573 -66533.3 4935.9 -71469.2 660.65587
2.52 277.33543 325.36845 46653.361 -66274.7 5292.04 -71566.8 659.29647
2.53 263.36878 243.37676 46611.039 -66453.5 5025.53 -71479 660.25123
2.54 268.16089 -473.49606 47107.922 -66559.9 5116.97 -71676.9 665.96705
2.55 268.04766 150.48753 46667.643 -66311.7 5114.81 -71426.5 661.17563
2.56 271.33374 -15.108844 46836.257 -66664.8 5177.51 -71842.3 663.20961
2.57 263.74419 -116.46044 46792.769 -66883.2 5032.69 -71915.9 663.04388
2.58 273.82048 294.69674 46654.187 -66590.9 5224.96 -71815.9 661.78545
2.59 267.36876 -154.39527 46973.137 -66866.5 5101.85 -71968.4 666.51574
2.6 268.56288 -406.22769 46925.711 -66515.6 5124.64 -71640.2 668.0661
2.61 270.84258 211.7086 46503.61 -66569.1 5168.14 -71737.2 666.08158
2.62 265.75302 711.15749 46351.612 -66652.6 5071.02 -71723.6 669.62929
2.63 269.95887 -107.39964 46881.902 -66428.1 5151.28 -71579.4 676.61757
2.64 268.41006 481.50689 46521.022 -66717.2 5121.72 -71838.9 671.62343
2.65 268.54435 657.72378 46509.203 -66789.3 5124.29 -71913.6 673.56979
2.66 268.27104 306.04622 46690.471 -66610.5 5119.07 -71729.6 673.98154
2.67 261.49696 326.56873 46426.203 -66899 4989.81 -71888.8 673.3907
2.68 269.2985 468.33114 46561.223 -66387 5138.68 -71525.7 674.88513
2.69 257.69024 -182.02851 46990.033 -66966.8 4917.17 -71884 679.74447
2.7 268.88412 -255.02729 46910.339 -66661.6 5130.77 -71792.4 676.25503
2.71 269.74694 381.48883 46506.229 -66668.3 5147.23 -71815.6 675.65805
2.72 259.50662 162.54832 46654.297 -66485.3 4951.83 -71437.2 678.91573
2.73 272.23262 324.6838 46550.172 -66442.5 5194.67 -71637.2 678.54961
2.74 250.62105 -849.0296 47062.743 -66637.9 4782.28 -71420.2 685.51277
2.75 262.54005 576.92446 46344.283 -66438.7 5009.71 -71448.4 681.18995
2.76 269.94418 444.3453 46710.738 -66251.4 5151 -71402.4 689.03233
2.77 266.95494 -532.04056 46892.985 -66226.8 5093.96 -71320.8 690.48759
2.78 261.04854 -57.932804 46789.681 -65811 4981.25 -70792.2 692.45517
2.79 266.78299 -206.36897 46713.316 -65744.6 5090.68 -70835.3 694.41008
2.8 280.73019 464.4056 46624.16 -65683.6 5356.81 -71040.4 694.81861
2.81 261.75232 -580.62169 46934.981 -66171 4994.68 -71165.7 703.3969
2.82 269.58014 569.16261 46434.555 -65746.4 5144.05 -70890.4 699.8213
2.83 265.65096 266.4633 46425.249 -65943.3 5069.08 -71012.4 705.17851
2.84 274.05411 -702.32313 47214.233 -66068.2 5229.42 -71297.6 716.33021
2.85 265.18849 409.6233 46528.761 -66185.4 5060.25 -71245.6 712.93175
2.86 287.49257 52.140204 46777.84 -65751.4 5485.85 -71237.3 715.16932
2.87 263.78474 671.29387 46426.959 -66275.2 5033.47 -71308.7 712.2325
2.88 266.37012 81.039598 46721.193 -66504.3 5082.8 -71587.1 716.03278
2.89 278.5545 29.926272 46711.553 -66226 5315.3 -71541.3 718.63669
2.9 277.19643 28.463635 46766.745 -66309.3 5289.38 -71598.6 722.87419
2.91 262.28411 553.50926 46517.671 -66310.1 5004.83 -71314.9 721.98646
2.92 265.26295 -209.98751 46836.249 -66717.1 5061.67 -71778.7 725.54687
2.93 265.74555 913.60927 46414.455 -66512.7 5070.88 -71583.6 721.30463
2.94 267.66191 389.80443 46581.9 -66210.6 5107.45 -71318.1 726.37642
2.95 265.57226 201.22862 46744.746 -66798.8 5067.57 -71866.4 729.28341
2.96 268.90352 374.24188 46598.718 -66355.6 5131.14 -71486.8 727.46834
2.97 272.71134 -291.71214 46993 -66565.8 5203.8 -71769.6 732.92059
2.98 272.9799 -111.13697 46866.218 -66778.4 5208.92 -71987.3 730.95309
2.99 263.87633 224.07503 46766.837 -66785.3 5035.21 -71820.5 734.05726
3 272.06537 443.99899 46462.692 -66364 5191.47 -71555.4 729.40424
3.01 275.80802 183.03547 46746.861 -66297.9 5262.89 -71560.7 734.34817
3.02 264.76249 -22.051568 46991.937 -66495.6 5052.12 -71547.7 740.16049
3.03 273.69664 -388.90053 47125.912 -66604.2 5222.6 -71826.8 744.45035
3.04 264.78761 -53.250585 46798.401 -66652.1 5052.6 -71704.7 742.3187
3.05 272.30747 680.19958 46575.384 -66897.6 5196.09 -72093.7 739.73214
3.06 261.39986 -402.15288 46895.035 -66658.8 4987.96 -71646.8 745.04642
3.07 270.59307 -546.85466 47117.385 -66915.6 5163.38 -72078.9 748.24493
3.08 258.02603 317.55172 46523.499 -67086.9 4923.58 -72010.5 742.93396
3.09 275.06111 532.76642 46485.619 -66768.3 5248.64 -72017 742.99929
3.1 270.32261 275.62484 46735.82 -66729.1 5158.22 -71887.3 745.84111
3.11 263.95046 -635.92074 47097.719 -67045.7 5036.63 -72082.3 752.68597
3.12 271.13324 -689.04226 47338.047 -66603.7 5173.69 -71777.3 756.97404
3.13 263.35126 -23.024599 46840.017 -66923.6 5025.19 -71948.8 753.69363
3.14 262.18861 264.09897 46516.702 -66648.1 5003.01 -71651.1 754.44237
3.15 266.73 520.94994 46533.425 -66802.5 5089.67 -71892.1 755.06116
3.16 267.68447 608.35558 46509.213 -66748.3 5107.88 -71856.2 755.8022
3.17 272.36956 486.19874 46511.277 -66575 5197.28 -71772.3 757.83219
3.18 259.3848 314.61036 46502.558 -66850.3 4949.51 -71799.8 758.08972
3.19 267.34289 443.31468 46588.978 -66575.3 5101.36 -71676.7 760.57654
3.2 268.22963 -449.25655 47030.285 -66867.9 5118.28 -71986.2 766.15138
3.21 270.73651 86.85198 46700.907 -66895.7 5166.12 -72061.9 762.9471
3.22 262.11158 -261.31669 47036.299 -66837.3 5001.54 -71838.8 767.15717
3.23 258.76784 772.8187 46536.491 -66988.4 4937.73 -71926.1 761.70954
3.24 276.89307 41.843842 46817.194 -66706.8 5283.59 -71990.4 766.44946
3.25 268.63381 660.33075 46376.195 -67004.5 5125.99 -72130.5 763.54301
3.26 270.11111 475.9559 46656.477 -66850.8 5154.18 -72005 768.96532
3.27 260.90423 -200.04825 46936.549 -67027.5 4978.5 -72006 774.13333
3.28 270.41004 -325.33742 47039.597 -66693.8 5159.89 -71853.7 778.78387
3.29 266.67999 -240.43197 46813.874 -66812.9 5088.71 -71901.6 777.16697
3.3 273.56209 47.863835 46639.47 -66464.6 5220.03 -71684.6 776.57578
3.31 265.13549 759.73139 46341.399 -66721.4 5059.24 -71780.6 774.96132
3.32 269.69219 -361.90914 46880.38 -66695.8 5146.19 -71842 782.57774
3.33 265.85858 -89.328597 46946.026 -66995.4 5073.04 -72068.4 784.54425
3.34 272.66444 -547.73057 47037.315 -66571.4 5202.91 -71774.3 785.64353
3.35 266.72532 371.3816 46485.079 -67052.6 5089.58 -72142.2 779.23889
3.36 263.39831 481.60341 46539.143 -66571.8 5026.09 -71597.9 781.45311
3.37 255.42874 587.77737 46463.941 -66823.3 4874.02 -71697.4 782.14269
3.38 273.25048 -182.29187 46916.982 -66507.3 5214.09 -71721.4 787.15608
3.39 265.48389 -133.44562 46849.869 -66664.7 5065.89 -71730.6 787.65202
3.4 266.9617 -0.82863504 46575.98 -66362.9 5094.09 -71457 790.18011
3.41 264.38098 61.384048 46807.824 -66530.9 5044.84 -71575.7 792.54611
3.42 268.7955 450.86365 46539.61 -66423 5129.08 -71552.1 789.99502
3.43 272.77144 -431.39378 47047.164 -66446.5 5204.95 -71651.4 799.9314
3.44 261.57127 -35.412358 46567.151 -66778.4 4991.23 -71769.7 796.11773
3.45 279.67477 377.58637 46835.258 -66899.8 5336.67 -72236.4 800.64836
3.46 276.00417 372.91778 46642.715 -66702.9 5266.63 -71969.6 800.04531
3.47 262.18994 189.97867 46705.659 -67066.2 5003.03 -72069.2 802.0431
3.48 267.37178 654.86688 46459.181 -66856.6 5101.91 -71958.5 799.20498
3.49 266.9965 -515.31075 47208.582 -66769.9 5094.75 -71864.7 809.72635
3.5 273.63119 -62.922582 46818.438 -66644.9 5221.35 -71866.2 803.16825
3.51 261.15279 -431.11722 46861.273 -66841.1 4983.24 -71824.3 804.21147
3.52 260.33422 197.90096 46643.944 -66556.9 4967.62 -71524.5 803.20007
3.53 264.16703 517.66087 46414.286 -66232.3 5040.76 -71273 802.91761
3.54 269.30093 -436.21074 47195.167 -66587.6 5138.72 -71726.3 813.82442
3.55 262.67398 -454.60706 47140.05 -67109.9 5012.27 -72122.2 813.37075
3.56 262.24715 -16.737052 46719.916 -66628.9 5004.13 -71633 810.41337
3.57 272.04967 380.2357 46596.598 -66196.4 5191.17 -71387.5 809.72691
3.58 264.92189 -582.68298 47216.009 -66479 5055.16 -71534.2 819.6276
3.59 266.02433 403.04615 46635.505 -66142.5 5076.2 -71218.7 811.12206
3.6 263.1217 -31.474834 46942.28 -66400 5020.81 -71420.8 817.11426
3.61 264.93311 297.69813 46618.629 -66538.7 5055.38 -71594.1 817.47328
3.62 265.98279 36.187125 46706.67 -66373.7 5075.41 -71449.1 821.2384
3.63 269.59883 505.98669 46386.24 -66322.2 5144.41 -71466.6 818.80683
3.64 265.67811 348.64612 46458.671 -66555.4 5069.59 -71625 817.55152
3.65 273.41676 -800.31754 47216.459 -66067.1 5217.26 -71284.3 825.90088
3.66 258.45569 -92.276066 46802.496 -66250.7 4931.78 -71182.4 820.92375
3.67 271.77395 84.662432 46491.003 -65985.4 5185.91 -71171.3 819.75052
3.68 258.25761 -414.91226 46926.666 -65938.6 4928 -70866.6 828.38098
3.69 265.64076 -361.35657 47020.591 -65844.4 5068.88 -70913.3 832.70031
3.7 269.81909 41.017578 46725.319 -65898.5 5148.61 -71047.1 831.18797
3.71 265.30025 255.41418 46436.973 -66142 5062.38 -71204.4 829.35765
3.72 265.18858 45.70673 46552.015 -66116.6 5060.25 -71176.9 835.84107
3.73 272.40083 -400.30379 46967.753 -65912.1 5197.88 -71110 838.58418
3.74 261.33073 -659.3499 47171.498 -66263.6 4986.64 -71250.3 840.54984
3.75 261.07394 -413.40571 46879.265 -66419.8 4981.74 -71401.5 838.1825
3.76 268.37454 -615.11005 47158.224 -66139.5 5121.05 -71260.6 844.24998
3.77 270.9337 -279.9451 46930.072 -66387.9 5169.88 -71557.8 841.63406
3.78 267.14492 -608.93516 47067.5 -66438.2 5097.58 -71535.7 843.96044
3.79 275.06761 -306.14147 46871.999 -66369.7 5248.76 -71618.5 841.84893
3.8 268.17246 -209.65178 46882.488 -66659.4 5117.19 -71776.6 844.36207
3.81 263.43361 -224.81544 46764.551 -66601.4 5026.77 -71628.2 842.91616
3.82 271.42576 -185.11704 46934.177 -66554.8 5179.27 -71734 845.30739
3.83 265.60457 395.10689 46660.223 -66606.1 5068.19 -71674.3 844.81298
3.84 269.33627 803.48544 46179.693 -66183.2 5139.4 -71322.6 842.023
3.85 274.72435 -274.87809 46869.016 -66364.5 5242.21 -71606.7 850.11872
3.86 259.82634 17.108269 46779.665 -66456 4957.93 -71413.9 853.04441
3.87 265.98021 -318.25881 46989.704 -66082.7 5075.36 -71158.1 855.04722
3.88 267.29331 482.91055 46657.908 -65960.5 5100.41 -71060.9 850.55702
3.89 264.08653 97.681297 46615.712 -66339.7 5039.22 -71378.9 848.7515
3.9 273.95295 -199.24386 46948.224 -66014.2 5227.49 -71241.7 853.14633
3.91 262.56619 93.782154 46590.924 -66227.8 5010.21 -71238 846.42879
3.92 262.96101 -262.56877 46753.572 -66554.6 5017.75 -71572.3 850.36397
3.93 275.33508 -144.48942 46865.427 -66254.3 5253.87 -71508.1 851.89837
3.94 263.1253 -474.46209 47007.832 -66601.1 5020.88 -71622 856.77188
3.95 275.70122 -307.29146 46937.695 -66266 5260.85 -71526.8 857.84894
3.96 270.7544 40.983533 46726.061 -66642.2 5166.46 -71808.6 856.8639
3.97 262.62276 510.85513 46546.919 -66561.8 5011.29 -71573.1 856.93038
3.98 263.08896 653.47994 46341.348 -66443.9 5020.19 -71464.1 856.48421
3.99 269.23377 -215.11324 46786.549 -66474.7 5137.44 -71612.2 865.22927
4 264.60203 -624.03953 47225.967 -66783.5 5049.06 -71832.5 873.75288
4.01 272.65782 141.07815 46678.297 -66471.4 5202.78 -71674.2 866.44991
4.02 262.64414 393.09722 46555.914 -66688 5011.7 -71699.7 864.82358
4.03 263.99677 -709.1317 47128.659 -66415.1 5037.51 -71452.7 872.64397
4.04 266.86139 -57.095269 46847.366 -66443.3 5092.17 -71535.4 868.51994
4.05 267.84364 -453.30599 46994.151 -66328.5 5110.92 -71439.4 870.88896
4.06 268.62058 356.58993 46682.112 -66544.7 5125.74 -71670.4 865.77684
4.07 250.50138 674.01794 46434.829 -67006.6 4780 -71786.6 867.6414
4.08 255.03095 -104.10182 46828.422 -66487.5 4866.43 -71353.9 873.62883
4.09 273.6693 17.751465 46762.031 -66292.9 5222.08 -71515 875.30969
4.1 276.32745 95.597168 46872.514 -66124.2 5272.8 -71397 877.89264
4.11 272.9607 -798.4349 47202.158 -66032.8 5208.56 -71241.4 886.27559
4.12 269.47668 -517.17969 47035.742 -66312.5 5142.08 -71454.5 885.33934
4.13 270.46195 -474.86953 46834.99 -66090.9 5160.88 -71251.8 883.52256
4.14 261.53882 379.34403 46506.029 -66540.3 4990.61 -71530.9 881.9953
4.15 263.10915 -309.85255 46967.733 -66249.2 5020.57 -71269.8 888.34422
4.16 262.74608 440.0069 46531.467 -66388.9 5013.65 -71402.6 883.58403
4.17 266.92078 534.95788 46615.112 -66501.8 5093.31 -71595.1 886.6323
4.18 269.22743 -94.275781 46938.267 -66590.9 5137.32 -71728.2 890.41552
4.19 267.54822 -661.32231 47122.657 -66592.8 5105.28 -71698.1 894.7811
4.2 271.47308 -127.32819 46839.218 -66801.9 5180.17 -71982.1 892.67616
4.21 273.35953 695.13965 46545.685 -66492.8 5216.17 -71709 890.21092
4.22 271.3238 204.17803 46760.717 -66495.4 5177.32 -71672.8 892.10713
4.23 267.56759 -79.811998 46743.176 -66492.9 5105.65 -71598.5 891.28055
4.24 267.72791 820.36407 46401.916 -66645.5 5108.71 -71754.2 887.16904
4.25 273.09645 -501.35871 47011.578 -66473.9 5211.15 -71685 897.40349
4.26 283.49176 104.00795 46721.872 -66147.3 5409.51 -71556.8 897.39857
4.27 260.27489 52.836328 46677.128 -66635.1 4966.49 -71601.6 896.65852
4.28 265.94852 -865.53305 47091.248 -66384.3 5074.75 -71459 905.09656
4.29 263.26736 -139.32268 46871.624 -66598.7 5023.59 -71622.3 902.55472
4.3 259.18821 -43.710693 46804.668 -66639.6 4945.76 -71585.4 903.28025
4.31 276.48392 606.15495 46490.509 -66556.4 5275.79 -71832.1 900.0444
4.32 264.28532 -159.13269 46832.137 -66785.7 5043.02 -71828.8 905.24477
4.33 263.88088 -344.11625 46929.009 -66638 5035.3 -71673.3 907.99963
4.34 265.21736 501.82649 46591.307 -66831.5 5060.8 -71892.3 903.50303
4.35 263.99445 63.568983 46731.025 -66830.5 5037.47 -71868 905.42765
4.36 260.51509 -136.87668 46827.105 -66487.8 4971.07 -71458.9 906.89445
4.37 267.2646 -168.78893 46671.823 -66549.9 5099.87 -71649.7 906.83057
4.38 269.91004 -271.31725 46765.099 -66317.8 5150.35 -71468.1 909.86198
4.39 263.15056 -156.7783 46813.068 -66350.4 5021.36 -71371.8 912.70231
4.4 265.26732 234.17674 46559.159 -66652.5 5061.76 -71714.3 912.94866
4.41 277.35264 -381.43257 46992.121 -66252.8 5292.36 -71545.2 922.51927
4.42 263.50919 64.824588 46756.571 -66606.1 5028.21 -71634.3 919.83923
4.43 264.2371 -338.51145 46842.043 -66414.6 5042.1 -71456.7 922.39472
4.44 269.3003 512.6256 46485.993 -66366.4 5138.71 -71505.1 920.39061
4.45 259.74694 -260.18424 46704.639 -66667.2 4956.42 -71623.6 927.34797
4.46 273.10616 -431.88395 46890.348 -66368.8 5211.33 -71580.1 931.30849
4.47 258.77326 793.22771 46208.287 -67127.1 4937.84 -72064.9 924.39759
4.48 271.05274 574.5324 46496.451 -66683.4 5172.15 -71855.5 929.83399
4.49 265.31229 776.69455 46337.527 -66657.6 5062.61 -71720.2 925.47352
4.5 268.09866 -311.70622 46731.149 -66734.7 5115.78 -71850.4 932.61515
4.51 257.6425 222.56495 46615.643 -66944.3 4916.26 -71860.6 932.47962
4.52 270.74748 220.99826 46681.04 -66641 5166.33 -71807.3 934.74883
4.53 269.47912 324.30302 46675.615 -66726.5 5142.12 -71868.6 933.97695
4.54 277.31252 -176.33572 46726.768 -66800.8 5291.6 -72092.4 936.46496
4.55 272.79297 -457.02875 47167.547 -66631.5 5205.36 -71836.9 943.30451
4.56 274.38238 -245.51635 47117.571 -66481.9 5235.69 -71717.6 943.01178
4.57 259.29571 703.23207 46291.562 -66802.2 4947.81 -71750 935.22481
4.58 269.25831 71.929828 46804.603 -66565.7 5137.91 -71703.6 942.80052
4.59 268.29839 -188.22553 46822.667 -66647.6 5119.59 -71767.2 947.17245
4.6 262.50883 -316.40584 46872.545 -66586.2 5009.12 -71595.4 947.83564
4.61 261.84028 -509.3325 46941.722 -66472.2 4996.36 -71468.6 950.51217
4.62 268.66292 195.91367 46600.968 -66307.8 5126.55 -71434.3 951.20713
4.63 270.77279 103.40571 46616.269 -66313.3 5166.81 -71480.1 950.02877
4.64 263.86688 -42.703001 46892.345 -66404.8 5035.03 -71439.8 955.58588
4.65 263.2909 -700.24149 47029.125 -66352.1 5024.04 -71376.2 959.53445
4.66 271.32588 148.44617 46760.383 -66512.8 5177.36 -71690.1 959.13327
4.67 265.97446 -17.473504 46811.865 -66569.9 5075.25 -71645.2 962.10013
4.68 258.88762 -323.09038 46815.766 -66661.9 4940.02 -71601.9 963.06285
4.69 272.70191 766.52927 46262.765 -66544.8 5203.62 -71748.4 956.16521
4.7 268.91278 501.16114 46572.988 -66935.3 5131.32 -72066.6 964.6598
4.71 250.26931 -224.49917 46965.655 -67012.2 4775.57 -71787.7 970.18196
4.72 269.23218 -520.40078 47170.737 -66686.6 5137.41 -71824 971.24635
4.73 269.96472 -605.15738 47065.952 -66694.1 5151.39 -71845.5 973.81348
4.74 268.07921 185.32432 46722.044 -66727.1 5115.41 -71842.5 970.61725
4.75 267.19988 167.16049 46674.603 -66587.8 5098.63 -71686.4 970.91504
4.76 267.23971 -69.619241 46877.398 -66237.1 5099.39 -71336.5 979.44442
4.77 267.06443 -779.2446 46995.424 -66527.8 5096.05 -71623.9 982.20324
4.78 270.20466 -832.05428 47201.861 -65937.2 5155.97 -71093.2 985.69572
4.79 265.37874 123.31055 46719.016 -66433.2 5063.88 -71497.1 981.85158
4.8 264.31628 541.34453 46455.806 -66724.6 5043.61 -71768.2 978.39926
4.81 264.07551 -692.98353 47134.327 -67115.4 5039.01 -72154.4 985.80649
4.82 264.9109 656.73728 46513.934 -67017.6 5054.95 -72072.6 977.30576
4.83 279.7607 -171.8155 46941.56 -66530.3 5338.31 -71868.6 982.45722
4.84 263.81147 -527.21157 47120.18 -67066.6 5033.98 -72100.6 985.92014
4.85 271.75373 -375.02507 47090.46 -66578.3 5185.53 -71763.8 985.52099
4.86 274.17918 81.236826 46834.631 -66426.6 5231.81 -71658.4 983.12499
4.87 258.71982 -431.79598 47001.974 -66858.9 4936.82 -71795.7 983.39885
4.88 278.57026 -238.16885 46896.391 -66532.3 5315.6 -71847.9 980.94964
4.89 268.52973 400.36001 46492.536 -66680.5 5124.01 -71804.5 978.77104
4.9 257.41092 361.80134 46629.77 -66896.8 4911.84 -71808.6 982.20082
4.91 263.92626 942.41949 46519.591 -66698.7 5036.17 -71734.8 982.36946
4.92 273.85213 229.87162 46689.557 -66642.1 5225.57 -71867.7 987.08854
4.93 268.5928 29.581244 46894.115 -66882.5 5125.21 -72007.7 989.39776
4.94 263.6755 -224.58117 46907.543 -66848.5 5031.38 -71879.9 991.22505
4.95 261.4 -66.427186 46785.681 -67002.6 4987.96 -71990.5 990.20474
4.96 265.18287 -210.63983 46926.702 -66814.6 5060.14 -71874.8 989.73603
4.97 261.04244 91.820055 46751.75 -67046.2 4981.14 -72027.3 989.88001
4.98 272.41229 -656.48035 47166.799 -66849.3 5198.09 -72047.4 997.88089
4.99 263.87302 -185.82129 46913.13 -66781.1 5035.15 -71816.2 994.3464
5 272.69507 928.51433 46290.445 -66601.5 5203.49 -71805 985.79445
5.01 265.65218 -66.396313 46836.226 -66733 5069.1 -71802.1 990.95424
5.02 270.21392 516.91419 46359.931 -66493.8 5156.15 -71650 986.68706
5.03 264.80249 141.35867 46576.206 -66967.4 5052.89 -72020.3 991.06235
5.04 272.30275 211.502 46555.388 -66570.7 5196 -71766.7 991.89083
5.05 270.42572 166.07412 46643.535 -66660.2 5160.19 -71820.4 993.12102
5.06 262.80549 -584.11535 47176.487 -66813.1 5014.78 -71827.8 999.51928
5.07 274.12741 22.341298 46824.13 -66615.8 5230.82 -71846.6 994.79963
5.08 271.96887 573.97804 46287.45 -66696.9 5189.63 -71886.6 987.72379
5.09 264.03913 27.081845 46742.388 -66538.3 5038.32 -71576.6 997.08941
5.1 261.24715 -203.41891 46822.144 -66720 4985.04 -71705.1 999.39392
5.11 275.36595 147.15825 46559.571 -66538.8 5254.45 -71793.3 998.69565
5.12 265.85617 47.841956 46649.643 -66788 5072.99 -71861 1001.6839
5.13 256.37956 -443.82025 47178.723 -66820 4892.16 -71712.1 1009.5794
5.14 262.67967 -329.06573 46830.092 -66622.4 5012.38 -71634.8 1004.6262
5.15 262.56138 151.17963 46652.887 -66774.4 5010.12 -71784.6 1004.0697
5.16 269.24627 125.49343 46795.274 -66762.4 5137.68 -71900.1 1007.2782
5.17 266.00466 -189.74779 46843.616 -66623.2 5075.83 -71699 1007.598
5.18 269.40908 865.53118 46240.4 -66932.5 5140.79 -72073.3 1002.5813
5.19 271.78752 -267.0098 46850.194 -66535 5186.17 -71721.2 1012.825
5.2 273.69328 -494.54391 47225.587 -66654.2 5222.54 -71876.8 1016.5812
5.21 254.45083 33.148524 46922.108 -67033.1 4855.36 -71888.5 1011.2194
5.22 258.21139 -489.98351 47004.188 -66917.3 4927.12 -71844.5 1011.6196
5.23 268.2509 -179.15378 47165.705 -66884.8 5118.69 -72003.5 1014.6527
5.24 269.21786 470.66335 46719.181 -66955.8 5137.14 -72092.9 1009.4227
5.25 266.98362 -114.95191 46869.34 -66736.7 5094.51 -71831.2 1011.5058
5.26 268.70147 -495.8011 47072.955 -66662 5127.28 -71789.3 1016.3891
5.27 266.22004 -354.31557 46988.53 -66962.3 5079.93 -72042.3 1015.2664
5.28 270.91105 -152.59545 46965.065 -66447.6 5169.45 -71617 1014.748
5.29 268.95125 -281.20818 46912.389 -66611.7 5132.05 -71743.7 1012.4657
5.3 270.49327 57.966332 46573.242 -66435.3 5161.48 -71596.8 1007.9164
5.31 270.84735 -159.74069 46763.077 -66558.8 5168.23 -71727 1009.8388
5.32 256.1828 -91.285384 46657.286 -66838.6 4888.41 -71727 1010.974
5.33 274.39185 -583.84021 47206.347 -66642.4 5235.87 -71878.2 1018.5667
5.34 261.07913 -589.32474 47080.431 -66582 4981.84 -71563.9 1019.1801
5.35 274.79027 424.39772 46725.894 -66686.9 5243.47 -71930.4 1017.982
5.36 276.75002 1002.4599 46322.925 -66731.2 5280.86 -72012.1 1013.1955
5.37 263.93009 -546.49476 47317.928 -66804.7 5036.24 -71840.9 1026.2183
5.38 267.28938 -526.98333 47122.86 -66979.7 5100.34 -72080 1024.1722
5.39 271.05117 -96.301338 46731.13 -66705.4 5172.12 -71877.5 1018.636
5.4 276.16666 635.13941 46493.281 -66278.3 5269.73 -71548.1 1016.6592
5.41 269.65878 133.29936 46741.96 -66618.6 5145.55 -71764.2 1021.7711
5.42 269.6692 790.16568 46525.038 -66319.5 5145.75 -71465.2 1018.8945
5.43 259.07639 -292.97047 46876.656 -66522.2 4943.62 -71465.8 1023.0758
5.44 262.06181 -743.29366 47119.846 -66857.6 5000.59 -71858.2 1029.4936
5.45 267.25311 -644.08598 47142.718 -66841.1 5099.65 -71940.8 1028.8125
5.46 265.37832 -67.151822 46836.613 -67035.3 5063.87 -72099.1 1025.0512
5.47 260.08689 -84.496741 46868.412 -66883.1 4962.9 -71846 1028.2265
5.48 275.84428 301.30585 46514.127 -66365.2 5263.58 -71628.7 1022.7087
5.49 270.07159 -104.56077 46870.32 -66445.4 5153.43 -71598.8 1031.4578
5.5 264.01843 -76.007119 46803.831 -66548.6 5037.92 -71586.5 1028.8837
5.51 270.65043 364.62862 46405.137 -66387.6 5164.47 -71552.1 1022.3179
5.52 264.77126 611.18791 46323.56 -66741.8 5052.29 -71794.1 1023.5754
5.53 268.4634 234.92875 46730.397 -66690 5122.74 -71812.7 1033.0696
5.54 273.07744 -95.527492 46937.332 -66561.1 5210.79 -71771.9 1037.2976
5.55 267.17378 702.0663 46509.569 -66961.3 5098.13 -72059.4 1031.0548
5.56 269.33818 581.90594 46514.906 -66833.2 5139.43 -71972.6 1033.6757
5.57 263.36426 -436.39312 47141.582 -66857.5 5025.44 -71883 1043.2508
5.58 248.47876 -641.92674 47096.718 -66892 4741.4 -71633.4 1044.2843
5.59 261.55665 371.7897 46498.819 -66708.6 4990.95 -71699.5 1035.3389
5.6 277.48168 431.09365 46527.775 -66589.4 5294.83 -71884.2 1040.6086
5.61 265.20448 -430.52449 46782.578 -66700.3 5060.56 -71760.8 1044.2898
5.62 263.37289 265.6991 46561.864 -66617.5 5025.61 -71643.1 1039.5274
5.63 249.75747 -541.45464 46903.761 -66650 4765.8 -71415.8 1047.0998
5.64 265.35051 384.36083 46486.128 -66329.2 5063.34 -71392.5 1041.1949
5.65 274.89865 447.31902 46507.47 -66218 5245.54 -71463.5 1041.5198
5.66 261.3746 -387.12343 47084.23 -66538.4 4987.48 -71525.9 1049.7006
5.67 266.26018 -732.9552 47258.73 -66475.2 5080.7 -71555.9 1055.3269
5.68 264.37828 -146.86471 46959.231 -66443.7 5044.79 -71488.5 1052.1099
5.69 267.39297 240.82845 46560.32 -66089.4 5102.32 -71191.7 1043.6056
5.7 265.89546 -343.42278 46789.769 -66357.3 5073.74 -71431 1049.3308
5.71 262.94224 0.09631731 46788.871 -66648.9 5017.39 -71666.3 1050.3485
5.72 271.66057 -460.30853 47025.544 -66320.6 5183.75 -71504.3 1056.8851
5.73 258.12965 21.48836 46731.454 -66615.4 4925.56 -71541 1052.8272
5.74 260.03053 -617.53491 47083.816 -66977.5 4961.83 -71939.3 1060.7674
5.75 265.34287 261.67731 46659.772 -66429.8 5063.2 -71493 1056.2797
5.76 270.7108 -72.554734 46890.287 -66391 5165.63 -71556.6 1062.6416
5.77 267.55377 28.005904 46940.94 -66468 5105.38 -71573.3 1060.7438
5.78 267.87923 673.57606 46453.941 -66523.3 5111.6 -71634.9 1053.4609
5.79 265.13668 374.57088 46551.873 -66547.6 5059.26 -71606.9 1057.9208
5.8 268.5439 -287.49977 46901.836 -66240.1 5124.28 -71364.4 1063.9717
5.81 277.95923 425.18597 46703.594 -66078.8 5303.94 -71382.8 1062.4049
5.82 266.98161 -285.94932 46763.65 -66011.8 5094.47 -71106.3 1063.3327
5.83 278.56452 702.87369 46406.63 -66520.3 5315.49 -71835.8 1058.0334
5.84 265.99164 -146.39286 47074.568 -66707.8 5075.58 -71783.4 1067.524
5.85 271.84947 -229.64247 46873.081 -66832.8 5187.35 -72020.2 1066.9813
5.86 266.27534 -514.30753 47136.332 -66581.1 5080.99 -71662.1 1071.1071
5.87 285.8134 -112.31157 46731.768 -66473.9 5453.81 -71927.7 1068.1525
5.88 277.58103 297.00133 46573.952 -66576.2 5296.72 -71872.9 1068.0168
5.89 262.08447 187.78754 46654.927 -66988.3 5001.02 -71989.3 1071.7489
5.9 268.468 204.38557 46695.281 -66585.8 5122.83 -71708.6 1077.1602
5.91 272.94288 -326.18726 47050.473 -66525.3 5208.22 -71733.5 1084.4401
5.92 272.97716 826.91917 46547.587 -66441 5208.87 -71649.8 1080.3481
5.93 259.47783 -402.82271 46925.802 -66596.6 4951.28 -71547.9 1085.2136
5.94 272.05716 91.50699 46727.087 -66617.7 5191.32 -71809.1 1082.2299
5.95 269.64719 -93.217694 46722.859 -66304.3 5145.33 -71449.7 1083.2128
5.96 265.49571 169.16759 46654.474 -66102.4 5066.11 -71168.5 1084.6547
5.97 254.43514 53.079183 46709.54 -66704.1 4855.06 -71559.2 1084.301
5.98 261.99238 -116.48937 46798.497 -66874.2 4999.26 -71873.4 1087.5533
5.99 270.18512 -412.86093 47014.398 -66590.3 5155.6 -71745.9 1092.3536
6 264.63263 -127.14078 46903.39 -66731.5 5049.64 -71781.2 1092.0461
6.01 272.8408 -307.1452 47029.024 -66670.2 5206.27 -71876.4 1098.5359
6.02 270.82216 182.82892 46869.57 -66756.2 5167.75 -71923.9 1097.5812
6.03 267.10121 92.682606 46790.846 -66945.4 5096.75 -72042.2 1099.7745
6.04 278.57104 599.79848 46533.505 -66650.3 5315.61 -71965.9 1095.662
6.05 266.97246 -520.7903 46887.645 -66832.7 5094.29 -71927 1102.3733
6.06 275.9858 -312.95907 46926.523 -66365.1 5266.28 -71631.4 1103.4037
6.07 268.76738 485.95558 46491.059 -66348 5128.54 -71476.6 1094.3787
6.08 264.18726 236.5099 46668.19 -66370.7 5041.15 -71411.9 1096.2181
6.09 265.39015 -661.81465 47181.17 -66937.3 5064.1 -72001.4 1107.168
6.1 264.29326 -369.93151 46893.411 -66741.8 5043.17 -71785 1103.7586
6.11 269.42661 725.88021 46209.807 -66910.7 5141.12 -72051.9 1094.8257
6.12 268.85063 197.64535 46685.379 -66843.2 5130.13 -71973.4 1102.5513
6.13 267.78363 -305.71207 46988.36 -66593.3 5109.77 -71703.1 1109.6546
6.14 263.65899 228.7646 46752.915 -66934.4 5031.07 -71965.5 1107.5869
6.15 267.06832 271.90978 46661.863 -66597.7 5096.12 -71693.8 1110.0108
6.16 262.77587 356.382 46602.397 -66464.8 5014.21 -71479 1106.1452
6.17 262.99028 -460.65152 46880.872 -66552.4 5018.31 -71570.7 1111.0677
6.18 271.8504 -260.18735 47064.193 -66548.2 5187.37 -71735.5 1113.5571
6.19 264.60812 -260.69518 46906.685 -66586 5049.18 -71635.2 1112.9704
6.2 273.52304 -535.43872 46939.148 -66558.2 5219.29 -71777.5 1113.2273
6.21 271.53527 328.9953 46775.182 -66626.9 5181.36 -71808.3 1110.0044
6.22 265.95263 -570.26344 47163.71 -66669.3 5074.83 -71744.1 1119.4427
6.23 266.91146 -440.50884 47173.13 -66821.2 5093.13 -71914.3 1122.6998
6.24 262.83971 205.95265 46791.4 -66830.5 5015.43 -71845.9 1117.2324
6.25 266.73066 314.11533 46722.499 -66415.5 5089.68 -71505.2 1119.2428
6.26 262.72182 412.13675 46521.674 -66419.8 5013.18 -71433 1118.4195
6.27 261.4158 690.13667 46429.742 -66331 4988.26 -71319.2 1120.3846
6.28 268.44582 268.89953 46595.735 -66641.3 5122.41 -71763.7 1124.6692
6.29 269.33544 10.341109 46875.301 -66280.6 5139.38 -71420 1127.9598
6.3 262.18866 344.0385 46692.378 -66617.2 5003.01 -71620.2 1129.0842
6.31 266.53753 -279.83938 46810.693 -66653.9 5085.99 -71739.9 1132.957
6.32 265.78985 -33.091374 46876.68 -66562.4 5071.73 -71634.1 1133.9046
6.33 258.25155 -703.49017 46994.217 -66808.5 4927.88 -71736.4 1136.9506
6.34 268.08984 -101.06082 46700.535 -66275.3 5115.61 -71390.9 1133.937
6.35 276.14531 770.21481 46380.964 -66497.8 5269.33 -71767.1 1130.3049
6.36 268.25872 -38.276168 46716.936 -66415.8 5118.84 -71534.7 1135.2367
6.37 263.37518 -496.55981 46907.947 -66639.5 5025.65 -71665.2 1139.3604
6.38 264.32024 616.58664 46391.314 -66763.6 5043.68 -71807.3 1135.2008
6.39 271.43098 436.38857 46463.013 -66588.3 5179.37 -71767.7 1136.6624
6.4 269.88435 460.62244 46438.459 -66677.4 5149.86 -71827.3 1133.8992
6.41 271.60116 382.28773 46504.685 -66699.1 5182.62 -71881.7 1133.7898
6.42 273.68966 244.52367 46766.299 -66300.9 5222.47 -71523.4 1139.0047
6.43 269.29911 -91.086609 46830.889 -66852.5 5138.69 -71991.2 1140.237
6.44 269.60999 -341.96895 47016.621 -66358.7 5144.62 -71503.3 1147.218
6.45 275.34102 413.77537 46386.657 -66495 5253.98 -71748.9 1139.0049
6.46 269.76721 118.07749 46666.003 -66198.2 5147.62 -71345.8 1147.1016
6.47 264.98398 94.617212 46695.979 -66695.4 5056.35 -71751.8 1149.539
6.48 273.11927 712.42675 46357.846 -66435.5 5211.58 -71647.1 1148.6479
6.49 270.80464 25.234728 46748.198 -66647.3 5167.42 -71814.7 1156.6741
6.5 273.10417 -123.53768 46993.994 -66497 5211.3 -71708.3 1164.6323
6.51 272.14486 -455.90749 47040.354 -66127.4 5192.99 -71320.3 1171.5191
6.52 264.57774 140.66536 46785.603 -66449 5048.6 -71497.6 1170.3414
6.53 271.0843 -191.34984 46801.363 -66069.1 5172.75 -71241.9 1169.8038
6.54 269.06065 65.337971 46604.781 -66162.8 5134.14 -71297 1166.9436
6.55 262.80622 -524.30832 47181.076 -66266.8 5014.79 -71281.6 1173.3278
6.56 261.54384 110.67201 46749.238 -66532.7 4990.7 -71523.5 1166.0407
6.57 265.14457 151.59209 46681.632 -66462.7 5059.41 -71522.1 1162.6868
6.58 260.65093 468.07698 46486.366 -66596.3 4973.67 -71570 1166.4849
6.59 270.23795 -524.44295 47083.595 -66390.4 5156.6 -71547 1176.5014
6.6 264.57223 -315.63956 46953.815 -66675.3 5048.49 -71723.7 1178.1186
6.61 284.8762 115.008 46646.807 -66260.9 5435.93 -71696.8 1173.218
6.62 263.43931 -250.30717 46865.278 -66844.2 5026.87 -71871.1 1175.1685
6.63 268.62555 42.563191 46834.057 -66777.7 5125.84 -71903.5 1175.7422
6.64 259.66912 -334.74707 47046.492 -66625.2 4954.93 -71580.2 1183.2984
6.65 266.58842 315.8904 46624.97 -66700.5 5086.96 -71787.4 1176.4514
6.66 266.51405 287.98128 46530.415 -66383.7 5085.54 -71469.2 1179.5665
6.67 264.52073 205.4196 46528.312 -66532.3 5047.51 -71579.8 1180.4027
6.68 272.29372 -129.26178 46865.95 -66411.2 5195.83 -71607 1188.5289
6.69 268.30863 -130.32525 46804.565 -66421.6 5119.79 -71541.3 1188.6785
6.7 272.44059 432.04578 46662.111 -66279.9 5198.63 -71478.5 1187.8095
6.71 265.29384 364.69969 46627.944 -66549 5062.26 -71611.3 1189.6017
6.72 265.08544 3.6488006 46671.808 -66492.7 5058.28 -71551 1196.3468
6.73 255.58076 -426.1082 46902.441 -66649.8 4876.92 -71526.7 1199.6139
6.74 269.29924 -320.20346 47183.197 -66360.8 5138.69 -71499.5 1210.737
6.75 270.9221 279.40502 46678.153 -66445.1 5169.66 -71614.8 1203.628
6.76 258.9137 46.84029 46761.636 -66757 4940.52 -71697.5 1208.7398
6.77 263.11614 -304.7603 46932.601 -66591.3 5020.71 -71612 1211.9305
6.78 272.06165 36.297349 46807.534 -66194.9 5191.4 -71386.3 1212.0105
6.79 266.89021 -208.81403 46855.697 -66623 5092.72 -71715.7 1215.6229
6.8 254.81559 -377.21978 46850.871 -66637.6 4862.32 -71499.9 1215.3586
6.81 255.70657 215.04202 46812.161 -67026.4 4879.32 -71905.7 1216.2976
6.82 264.24093 -892.2073 47315.394 -66628.3 5042.17 -71670.5 1225.7198
6.83 275.99915 -61.652235 47004.306 -66671.6 5266.54 -71938.1 1219.7631
6.84 259.63994 -115.84116 46847.996 -66598.1 4954.38 -71552.4 1218.0546
6.85 267.9077 7.3855637 46578.848 -66694.9 5112.14 -71807.1 1215.8962
6.86 253.69302 511.84408 46421.009 -67006.2 4840.9 -71847.1 1215.9624
6.87 265.70077 479.83264 46525.757 -66683.7 5070.03 -71753.7 1217.0111
6.88 260.54495 127.62928 46693.945 -66922.8 4971.64 -71894.5 1219.1919
6.89 272.32352 154.18936 46610.174 -66633.4 5196.4 -71829.8 1218.5119
6.9 273.96613 605.94013 46495.613 -66223.3 5227.74 -71451 1217.5377
6.91 264.41391 270.33634 46567.816 -66578.5 5045.47 -71624 1218.036
6.92 275.11592 36.072172 46623.545 -66516.8 5249.68 -71766.5 1218.0744
6.93 266.56821 124.70475 46773.745 -66910.7 5086.58 -71997.3 1222.0242
6.94 267.7616 -660.9196 47222.077 -66884.4 5109.35 -71993.7 1232.7545
6.95 263.23738 -127.40798 47024.066 -66769.2 5023.02 -71792.2 1229.7915
6.96 267.21419 -277.82098 47031.27 -66621.7 5098.91 -71720.7 1233.0916
6.97 270.59276 259.75623 46770.439 -66628.2 5163.37 -71791.6 1228.762
6.98 270.93476 297.17397 46660.776 -66830 5169.9 -71999.9 1226.7973
6.99 274.19608 304.07054 46597.105 -66603.9 5232.13 -71836.1 1226.7812
7 268.75276 230.50994 46511.195 -66895 5128.26 -72023.3 1222.166
7.01 262.95105 -456.66267 47013.851 -66791.1 5017.56 -71808.6 1234.769
7.02 267.97408 -215.0368 46845.384 -66559.2 5113.4 -71672.6 1233.5479
7.03 270.93597 -285.3964 46980.344 -66280.7 5169.92 -71450.6 1237.7388
7.04 258.8273 -429.38847 46952.307 -66816.6 4938.87 -71755.4 1238.3251
7.05 269.13019 583.74376 46573.592 -66618.8 5135.47 -71754.3 1231.5841
7.06 274.7447 460.32817 46540.431 -66490.8 5242.6 -71733.4 1228.4612
7.07 263.24478 -20.496205 46691.127 -66782.3 5023.16 -71805.4 1232.1563
7.08 256.11686 -367.10678 46965.433 -67052.9 4887.15 -71940.1 1239.0569
7.09 276.70001 40.843074 46914.98 -66782.1 5279.91 -72062 1236.5838
7.1 264.81727 57.601694 46735.586 -67077.7 5053.17 -72130.8 1236.4236
7.11 262.69723 -870.03023 47204.588 -66518.2 5012.71 -71530.9 1247.0502
7.12 272.96373 404.49532 46604.352 -66382.6 5208.62 -71591.3 1242.5132
7.13 263.15357 430.07704 46834.637 -66560.7 5021.42 -71582.2 1246.4484
7.14 262.15418 194.8681 46612.802 -66648.2 5002.35 -71650.6 1244.2041
7.15 269.93491 302.95876 46401.468 -66765.2 5150.82 -71916 1242.0546
7.16 262.50045 -654.80788 46958.162 -66352.2 5008.96 -71361.2 1252.8274
7.17 261.05104 -359.50837 46901 -66764.4 4981.3 -71745.7 1254.5678
7.18 256.41719 157.11219 46643.7 -66626.4 4892.88 -71519.3 1252.8217
7.19 264.98009 -241.86106 46925.886 -66608.9 5056.27 -71665.1 1258.9895
7.2 264.1371 32.51901 46736.697 -66454.7 5040.19 -71494.9 1256.3351
7.21 265.50377 751.48393 46293.586 -66146.7 5066.27 -71213 1249.1837
7.22 273.37262 712.73589 46464.749 -65890 5216.42 -71106.4 1247.5566
7.23 264.6491 -418.29921 47051.952 -66222.9 5049.96 -71272.9 1264.5047
7.24 259.76429 -481.83801 47139.352 -66071.1 4956.75 -71027.9 1266.5873
7.25 274.83377 -13.07567 46722.216 -66029.6 5244.3 -71273.9 1260.9382
7.26 267.40559 292.21463 46512.914 -66081.3 5102.56 -71183.9 1266.3366
7.27 259.65193 -650.98377 47080.57 -66366.4 4954.6 -71321 1279.6046
7.28 266.88141 -233.11164 46919.313 -66087.8 5092.56 -71180.4 1280.669
7.29 259.15442 -589.28997 46792.567 -66409.2 4945.11 -71354.3 1281.0412
7.3 260.74101 127.82411 46676.237 -66607 4975.39 -71582.4 1278.9586
7.31 275.0592 216.31979 46812.112 -66472.7 5248.6 -71721.3 1279.9322
7.32 274.38477 -103.04228 46701.655 -66136.8 5235.73 -71372.6 1279.5942
7.33 263.4525 -471.79792 47041.146 -66706 5027.13 -71733.1 1285.8671
7.34 264.96245 -744.26788 47189.303 -66638.4 5055.94 -71694.4 1291.1839
7.35 265.45819 -548.67734 47073.791 -66482.3 5065.4 -71547.7 1293.5827
7.36 275.90934 -237.61417 46771.92 -66290.6 5264.82 -71555.4 1292.3598
7.37 269.51901 170.62936 46537.277 -66469.4 5142.88 -71612.3 1291.2831
7.38 272.91346 754.24297 46577.787 -66205.8 5207.66 -71413.4 1292.8198
7.39 264.90729 273.38883 46625.64 -66580.7 5054.89 -71635.6 1295.37
7.4 271.38019 316.76235 46526.175 -66362.8 5178.4 -71541.2 1295.9197
7.41 267.03634 218.29292 46688.007 -66662.4 5095.51 -71757.9 1298.9329
7.42 264.05734 -208.87468 46873.517 -66424.2 5038.67 -71462.9 1303.9011
7.43 263.04845 285.10474 46709.344 -66665.9 5019.42 -71685.3 1303.373
7.44 272.78848 -540.46297 47217.713 -66400.4 5205.27 -71605.6 1311.431
7.45 262.13234 -405.12168 46977.491 -66695.3 5001.93 -71697.2 1307.3697
7.46 275.87781 467.70101 46521.538 -66478.2 5264.22 -71742.4 1297.6053
7.47 253.87146 -541.94756 47040.065 -66854.4 4844.3 -71698.7 1307.0175
7.48 264.9548 -102.59858 46843.218 -66351.8 5055.79 -71407.5 1306.2
7.49 266.86129 203.25475 46599.75 -66543.3 5092.17 -71635.5 1304.0385
7.5 260.63198 643.09049 46356.246 -66444.4 4973.31 -71417.7 1304.6244
7.51 269.79764 -147.92897 46742.236 -66163.9 5148.2 -71312.1 1310.7705
7.52 256.56328 -349.10676 46903.481 -66399.2 4895.67 -71294.9 1315.0769
7.53 262.15532 -233.16652 46975.685 -66588 5002.37 -71590.3 1318.8796
7.54 268.15926 -268.88116 46951.883 -66357.1 5116.94 -71474 1320.2491
7.55 262.07844 163.15853 46713.667 -66797 5000.91 -71797.9 1319.7392
7.56 270.06034 -314.18908 46982.81 -66618.9 5153.21 -71772.1 1328.3149
7.57 270.26616 -58.236282 46945.805 -66351.7 5157.14 -71508.8 1327.145
7.58 267.03343 -989.82196 47312.639 -66654.9 5095.46 -71750.3 1337.1986
7.59 270.75963 -641.32434 47115.875 -66334.1 5166.56 -71500.7 1333.7882
7.6 264.75043 326.75344 46725.284 -66100.1 5051.89 -71152 1324.3979
7.61 261.76928 341.36953 46591.958 -66462.7 4995.01 -71457.7 1321.5912
7.62 267.28347 -642.99668 47212.949 -66070.3 5100.23 -71170.6 1337.1131
7.63 261.29567 -8.5379033 46920.332 -66449.1 4985.97 -71435.1 1331.8439
7.64 260.57324 -42.542083 46830.633 -66115.5 4972.18 -71087.7 1333.8796
7.65 269.50991 422.659 46457.821 -65958.8 5142.71 -71101.5 1328.3183
7.66 265.61169 283.275 46549.887 -66188.4 5068.33 -71256.7 1335.9887
7.67 260.53238 -619.80559 47038.26 -66008.6 4971.4 -70980 1343.5535
7.68 261.58539 -644.30081 47015.737 -66050.3 4991.5 -71041.8 1347.5047
7.69 256.34342 -104.21028 46635.946 -66407.4 4891.47 -71298.9 1341.5938
7.7 265.36598 -620.48338 47181.198 -66220.2 5063.64 -71283.8 1347.2475
7.71 261.65078 268.13184 46472.176 -66699.6 4992.75 -71692.4 1334.5364
7.72 255.84584 -135.72675 46781.468 -66305.8 4881.98 -71187.8 1339.9022
7.73 265.04016 -239.15492 46931.759 -66437.8 5057.42 -71495.2 1344.9349
7.74 271.25614 222.52852 46557.576 -66544.1 5176.03 -71720.1 1338.9266
7.75 265.27018 184.85147 46626.884 -66612.5 5061.81 -71674.3 1341.9064
7.76 269.03433 -90.152354 46823.308 -66395.8 5133.64 -71529.5 1348.1684
7.77 259.3964 -133.60745 46721.94 -66951.8 4949.73 -71901.5 1347.2519
7.78 274.20211 -132.69067 46804.005 -66580.8 5232.25 -71813 1348.0031
7.79 271.42485 161.15731 46639.365 -66781.9 5179.25 -71961.2 1345.5777
7.8 265.68183 -683.64714 47127.744 -66777.2 5069.66 -71846.8 1355.9371
7.81 268.24101 -410.20303 47104.299 -66543.4 5118.5 -71661.9 1359.1865
7.82 280.06902 -533.5864 47017.279 -66455 5344.2 -71799.2 1358.8824
7.83 263.55782 449.78731 46452.553 -66757.5 5029.14 -71786.6 1351.206
7.84 269.47078 499.34594 46414.897 -66563.4 5141.96 -71705.4 1352.8135
7.85 257.20611 216.05456 46581.124 -66734.4 4907.93 -71642.3 1360.2662
7.86 266.7211 611.99044 46347.922 -66505.5 5089.5 -71595 1355.8583
7.87 282.14471 398.66008 46674.139 -66349 5383.81 -71732.8 1363.7063
7.88 266.93296 635.87697 46609.159 -66920 5093.54 -72013.5 1363.9218
7.89 271.4215 30.418236 46711.999 -66654 5179.19 -71833.2 1367.2476
7.9 273.47399 -760.8447 47388.184 -66582.4 5218.35 -71800.7 1381.67
7.91 263.29972 15.4759 46713.677 -66893.6 5024.21 -71917.9 1369.145
7.92 265.20834 -394.14856 47014.217 -66705.8 5060.63 -71766.4 1372.1541
7.93 272.36573 353.61611 46627.557 -66519.2 5197.21 -71716.5 1368.1706
7.94 264.91987 -150.72762 46790.342 -66764.4 5055.13 -71819.5 1372.0778
7.95 271.87256 40.806914 46792.031 -66344.6 5187.79 -71532.4 1375.7493
7.96 267.83633 54.97992 46703.024 -66592.2 5110.78 -71703 1372.2279
7.97 272.34231 446.36224 46455.948 -66480.5 5196.76 -71677.3 1369.6167
7.98 263.30226 316.09554 46688.545 -66829.8 5024.26 -71854 1375.0761
7.99 268.51641 -274.53151 46811.969 -66702.8 5123.75 -71826.5 1378.9845
8 274.20102 342.56973 46756.91 -66461.9 5232.23 -71694.2 1377.4149
8.01 264.73716 431.0665 46616.553 -66826 5051.64 -71877.6 1376.7069
8.02 269.22144 486.75263 46591.985 -66531.5 5137.21 -71668.7 1379.9863
8.03 260.12016 576.46185 46427.456 -67007.7 4963.54 -71971.3 1377.3857
8.04 271.66094 138.8538 46663.624 -66421.1 5183.76 -71604.8 1384.7426
8.05 269.85181 -662.00455 47194.29 -66642.8 5149.24 -71792 1395.7976
8.06 262.44134 389.79154 46617.71 -66605.5 5007.83 -71613.4 1388.9334
8.07 267.01421 364.42593 46733.911 -66419 5095.09 -71514.1 1394.5422
8.08 260.3749 -420.82865 46959.056 -66600.3 4968.4 -71568.7 1402.2965
8.09 268.27594 -314.70919 46860.846 -66252.9 5119.17 -71372.1 1404.8471
8.1 255.24926 -111.35764 46730.912 -66537.6 4870.59 -71408.2 1403.2714
8.11 263.33504 73.120985 46569.257 -66182.9 5024.88 -71207.8 1403.45
8.12 268.53589 -163.4107 46697.306 -66056.2 5124.13 -71180.4 1407.8018
8.13 269.22804 631.07232 46505.572 -66343.3 5137.33 -71480.6 1408.0674
8.14 260.30588 -496.54731 46913.258 -66519.2 4967.08 -71486.3 1419.4733
8.15 260.89814 -275.41736 46801.593 -66130.7 4978.38 -71109.1 1421.3817
8.16 264.97752 -338.24185 46947.9 -66439 5056.23 -71495.3 1427.5887
8.17 271.92255 -594.72655 47164.815 -66063.4 5188.75 -71252.1 1430.8186
8.18 261.95742 404.90196 46498.749 -66502.8 4998.6 -71501.3 1415.2852
8.19 272.43482 344.15344 46596.719 -66285.9 5198.52 -71484.4 1418.8796
8.2 261.83793 -323.44727 46780.043 -66249.3 4996.32 -71245.7 1427.6847
8.21 265.20197 688.48103 46243.319 -66513.5 5060.51 -71574 1416.8203
8.22 275.49864 -102.44653 46809.239 -66307.2 5256.99 -71564.2 1432.5199
8.23 267.24583 376.89225 46620.181 -66722.2 5099.51 -71821.7 1428.5232
8.24 264.1756 363.46795 46692.209 -66677.4 5040.92 -71718.3 1431.9686
8.25 268.69705 -17.668073 46696.844 -66260 5127.2 -71387.2 1432.7974
8.26 263.08171 -133.43825 46864.603 -66848.2 5020.05 -71868.2 1438.2213
8.27 263.39785 -129.62523 46987.834 -66604.4 5026.08 -71630.5 1440.1888
8.28 261.45604 -605.61476 47103.345 -66775.7 4989.03 -71764.7 1444.3826
8.29 265.99943 -407.47187 46900.266 -66420.2 5075.73 -71496 1440.1433
8.3 268.1276 132.39433 46568.623 -66665.3 5116.33 -71781.7 1436.0199
8.31 272.41785 332.33465 46688.232 -66642.3 5198.2 -71840.5 1438.3343
8.32 265.49212 -149.798 46878.494 -66563.2 5066.04 -71629.2 1442.5816
8.33 265.43389 136.00421 46589.245 -66709.4 5064.93 -71774.3 1438.7336
8.34 266.36321 445.43372 46546.556 -66665.7 5082.67 -71748.3 1441.5961
8.35 259.73428 -340.54258 46951.013 -66600.6 4956.18 -71556.8 1450.2042
8.36 258.83295 -14.820715 46749.01 -66228.4 4938.98 -71167.4 1447.7471
8.37 258.86628 566.80126 46353.827 -66446.5 4939.61 -71386.1 1442.9222
8.38 274.59133 17.182404 46839.34 -66235.5 5239.67 -71475.2 1453.2962
8.39 266.27348 -349.6489 46802.494 -66447.5 5080.95 -71528.4 1451.1677
8.4 268.21902 -268.06894 46997.597 -66455.2 5118.08 -71573.3 1455.2451
8.41 259.19564 -525.60967 47105.423 -66783.7 4945.9 -71729.6 1459.5323
8.42 269.53821 -208.04087 46891.842 -66341.8 5143.25 -71485.1 1455.1946
8.43 275.19495 242.69282 46738.215 -66370.1 5251.19 -71621.3 1450.7574
8.44 269.90256 -625.42188 47041.372 -66368.7 5150.2 -71518.9 1460.4427
8.45 278.76337 -58.358165 46680.606 -66583.3 5319.28 -71902.6 1449.4515
8.46 279.98639 390.85135 46522.007 -66463.1 5342.62 -71805.7 1445.8659
8.47 278.37876 -525.27275 47125.738 -66580 5311.94 -71891.9 1454.3472
8.48 267.1292 -336.97805 47017.803 -66909.8 5097.28 -72007.1 1456.5893
8.49 270.73526 -492.77222 47029.817 -66587.7 5166.09 -71753.8 1455.4088
8.5 263.29789 231.75602 46693.619 -66808.6 5024.18 -71832.8 1446.1132
8.51 269.69876 306.58851 46564.821 -66387.6 5146.31 -71533.9 1446.7074
8.52 261.2283 -331.48607 46913.047 -66473.2 4984.68 -71457.9 1453.2506
8.53 271.40664 99.019578 46608.359 -66287.8 5178.9 -71466.7 1449.1119
8.54 263.8709 145.62284 46756.288 -66503.2 5035.11 -71538.3 1454.1637
8.55 268.57907 -114.06758 46862.392 -66246.1 5124.95 -71371.1 1456.7539
8.56 272.75091 530.65049 46456.952 -65986 5204.56 -71190.6 1445.2596
8.57 273.46854 403.42361 46601.525 -66411.9 5218.25 -71630.1 1455.4453
8.58 258.06571 157.33464 46643.973 -66606.5 4924.34 -71530.8 1459.9323
8.59 263.60199 -504.49385 47077.316 -66602.8 5029.98 -71632.8 1470.5832
8.6 264.0603 -203.14322 46780.824 -66462.7 5038.72 -71501.4 1463.1105
8.61 274.8837 577.90853 46527.838 -66251.4 5245.25 -71496.6 1458.1259
8.62 262.63602 139.25575 46720.178 -66353.7 5011.55 -71365.2 1462.0261
8.63 274.3374 121.53859 46722.618 -66395.2 5234.83 -71630 1466.5962
8.64 261.28372 -79.719202 46774.276 -66770.2 4985.74 -71756 1466.9662
8.65 268.95724 -751.48696 47264.66 -66359.3 5132.17 -71491.4 1475.5771
8.66 261.42462 -777.71526 47288.405 -66851.1 4988.43 -71839.5 1478.1931
8.67 270.67121 -692.79837 47155.805 -66548.8 5164.87 -71713.6 1478.402
8.68 262.41527 518.67121 46449.545 -66370.2 5007.33 -71377.5 1464.4658
8.69 268.55294 -647.58356 47121.465 -66196 5124.45 -71320.5 1478.9129
8.7 266.57918 -219.85025 46797.375 -66236.7 5086.79 -71323.5 1474.2207
8.71 264.35807 -731.12644 47060.968 -66675.1 5044.41 -71719.5 1483.7364
8.72 272.21501 229.61903 46683.746 -66409 5194.33 -71603.3 1473.6533
8.73 265.25869 -773.95264 47156.189 -66518.8 5061.59 -71580.4 1486.0244
8.74 263.64391 330.66719 46634.382 -66578.2 5030.78 -71609 1476.5826
8.75 265.05204 222.85949 46661.415 -66774.7 5057.65 -71832.3 1478.617
8.76 266.4068 -482.50092 47000.358 -66727.1 5083.5 -71810.6 1484.9216
8.77 264.09323 235.40867 46583.033 -66862.3 5039.35 -71901.7 1477.4195
8.78 263.69607 -268.95126 47095.996 -66638.9 5031.77 -71670.7 1490.1462
8.79 265.69173 304.91691 46707.323 -66881.2 5069.85 -71951 1481.6206
8.8 265.98376 -29.698181 46896.25 -66607.8 5075.43 -71683.3 1488.962
8.81 267.34082 -66.99811 46857.666 -66945 5101.32 -72046.3 1487.7192
8.82 274.79801 223.50084 46584.15 -66680.9 5243.62 -71924.5 1485.6193
8.83 265.91134 -77.609712 46795.808 -66933.6 5074.04 -72007.6 1489.8322
8.84 268.12908 -139.20697 46913.374 -66608.4 5116.36 -71724.7 1492.0851
8.85 262.81092 -40.78597 46882.913 -66944.9 5014.88 -71959.8 1493.2159
8.86 258.62299 -650.42065 47110.392 -66703.5 4934.97 -71638.4 1499.7082
8.87 270.79321 14.025248 46731.265 -66424.7 5167.2 -71591.9 1493.4783
8.88 268.84699 -53.635144 46758.733 -66519.7 5130.06 -71649.7 1494.9306
8.89 268.41918 390.24697 46553.099 -66132.2 5121.9 -71254.1 1489.8592
8.9 261.30203 -490.22874 46877.057 -66531.1 4986.09 -71517.2 1493.9112
8.91 266.84928 60.56812 46644.563 -66441.5 5091.94 -71533.4 1495.8329
8.92 283.23261 918.85806 46219.192 -65952.6 5404.56 -71357.1 1482.5852
8.93 265.87174 -149.57832 46784.52 -66423.9 5073.29 -71497.2 1501.9201
8.94 263.80584 -527.29736 47129.443 -66442.6 5033.87 -71476.5 1511.4907
8.95 264.2247 -399.96406 46968.782 -66555.4 5041.86 -71597.3 1503.0124
8.96 278.47237 116.64924 46798.979 -66189 5313.73 -71502.8 1500.9183
8.97 267.17297 586.09963 46459.448 -66669.5 5098.12 -71767.6 1495.5054
8.98 264.81846 -46.264944 46620.908 -66321.2 5053.19 -71374.4 1499.9249
8.99 262.62662 -74.573301 46834.662 -66334.3 5011.37 -71345.7 1507.4146
9 266.53341 -344.41756 46860.559 -66362.8 5085.91 -71448.7 1509.8142
9.01 262.36052 -98.45822 46896.287 -66678.9 5006.29 -71685.2 1513.7614
9.02 275.62051 46.523618 46854.118 -66194.1 5259.31 -71453.4 1512.6557
9.03 262.73383 -54.800054 46784.804 -66586.7 5013.41 -71600.1 1506.1377
9.04 272.39943 8.224325 46868.107 -66601.2 5197.85 -71799.1 1512.6602
9.05 261.33209 -662.60093 47119.488 -66758.5 4986.66 -71745.1 1517.571
9.06 261.45735 235.27303 46783.52 -66535.8 4989.05 -71524.8 1511.4013
9.07 271.37706 -464.54551 47051.233 -66516.7 5178.34 -71695 1518.3355
9.08 270.20855 241.1953 46556.608 -66543.2 5156.04 -71699.3 1510.1687
9.09 267.87523 160.20319 46808.971 -66449.6 5111.52 -71561.1 1515.503
9.1 266.71877 146.17132 46689.766 -66593.8 5089.45 -71683.3 1513.0946
9.11 277.13784 508.08923 46474.943 -66374.1 5288.27 -71662.4 1514.7219
9.12 261.0354 -2.2547538 46775.589 -66675.6 4981 -71656.6 1520.4925
9.13 277.03168 -621.4913 47122.031 -66445.5 5286.24 -71731.7 1530.3105
9.14 261.5994 -550.25527 47055.891 -66676.1 4991.77 -71667.8 1529.6831
9.15 265.35155 788.60008 46479.238 -66810.4 5063.36 -71873.8 1516.2055
9.16 269.18546 601.7783 46412.599 -66835.5 5136.52 -71972 1517.0839
9.17 268.10085 -335.89898 46959.601 -66872.5 5115.82 -71988.3 1531.5864
9.18 269.98608 -47.086734 46993.822 -66585.3 5151.8 -71737.1 1532.3541
9.19 267.95745 531.68941 46350.129 -66886.3 5113.09 -71999.4 1519.1962
9.2 265.31445 -251.03685 46915.783 -66541.8 5062.65 -71604.4 1534.099
9.21 263.06466 107.94311 46614.573 -66682 5019.73 -71701.7 1528.9694
9.22 267.20763 37.907797 46858.081 -66785.4 5098.78 -71884.1 1533.9964
9.23 262.66524 -569.55895 47144.716 -67039.4 5012.1 -72051.5 1539.4316
9.24 267.4757 -349.67167 47062.315 -66717.6 5103.9 -71821.5 1536.4669
9.25 269.52896 691.21703 46460.411 -66814.7 5143.07 -71957.7 1523.8171
9.26 265.91261 -411.03652 46941.127 -66742.2 5074.07 -71816.3 1533.8497
9.27 266.28516 -137.38256 46918.642 -66617.5 5081.18 -71698.7 1537.7456
9.28 265.02269 -281.92006 47061.776 -66863.5 5057.09 -71920.6 1541.1026
9.29 257.93271 -238.61853 46956.206 -66992.3 4921.8 -71914.1 1544.3347
9.3 269.36205 320.52364 46793.688 -66606.8 5139.89 -71746.7 1542.167
9.31 266.8811 457.12911 46467.698 -66348.7 5092.55 -71441.3 1537.3477
9.32 259.74848 -348.39353 47095.899 -66672.9 4956.45 -71629.3 1554.4283
9.33 257.03001 -420.46963 46995.52 -66868.1 4904.57 -71772.7 1551.7601
9.34 267.32414 299.90543 46540.246 -66458.8 5101 -71559.8 1547.3431
9.35 263.01268 203.82996 46649.677 -66814 5018.73 -71832.7 1552.0597
9.36 269.03026 -718.35518 47074.926 -66488.2 5133.56 -71621.7 1562.1864
9.37 266.00042 577.33539 46461.004 -66793.5 5075.74 -71869.2 1550.6382
9.38 264.35597 280.33768 46538.87 -66494.4 5044.37 -71538.8 1555.0523
9.39 265.23771 -22.786638 46771.77 -66663.4 5061.19 -71724.6 1559.8835
9.4 272.70692 0.64780816 46960.052 -66668.4 5203.72 -71872.1 1563.2479
9.41 272.773 -326.18641 46885.082 -66438 5204.98 -71643 1558.7627
9.42 277.82899 96.796261 46636.547 -66409.4 5301.45 -71710.8 1559.1672
9.43 269.64445 449.39484 46460.019 -66608 5145.28 -71753.3 1555.0523
9.44 279.32332 223.94187 46719.938 -66314.9 5329.97 -71644.8 1562.1249
9.45 262.94698 -330.20406 46843.752 -66325.5 5017.48 -71343 1567.2481
9.46 271.90977 -307.08397 46848.092 -66233 5188.5 -71421.5 1568.2107
9.47 268.30637 -200.85165 46817.731 -66161.7 5119.75 -71281.4 1562.444
9.48 265.81635 596.26517 46435.626 -66502.3 5072.23 -71574.5 1558.3171
9.49 265.29945 -214.29979 46962.258 -66181 5062.37 -71243.3 1571.8483
9.5 270.40891 73.991786 46747.796 -66258.4 5159.87 -71418.3 1569.7842
9.51 267.60194 732.94809 46530.073 -66481.7 5106.3 -71588 1565.3968
9.52 274.44585 -535.61034 47062.646 -66136.8 5236.9 -71373.7 1575.543
9.53 271.40204 -38.362966 46602.645 -66561.6 5178.82 -71740.4 1564.8758
9.54 269.89298 -286.13413 47126.929 -66456.3 5150.02 -71606.3 1577.3744
9.55 267.07568 -170.11261 47038.298 -66307.2 5096.26 -71403.4 1575.549
9.56 263.41759 697.46653 46418.286 -66768.7 5026.46 -71795.2 1562.2485
9.57 264.52952 29.095504 46601.749 -66429 5047.68 -71476.6 1565.3206
9.58 266.39857 27.398902 46823.521 -66501.1 5083.34 -71584.4 1568.5606
9.59 263.06463 38.64675 46671.579 -66707.8 5019.72 -71727.6 1566.3927
9.6 257.01757 375.509 46549.872 -66547.6 4904.34 -71451.9 1565.7389
9.61 274.05104 -131.0762 46850.73 -66399.3 5229.36 -71628.6 1570.9704
9.62 265.78819 384.92067 46445.903 -66862.8 5071.69 -71934.5 1563.3016
9.63 273.42336 -234.75226 46930.43 -66749.2 5217.39 -71966.6 1575.5025
9.64 260.97599 -265.68452 46897.062 -67012 4979.87 -71991.9 1573.2552
9.65 267.31183 -246.66363 46962.592 -66733.1 5100.77 -71833.8 1577.5353
9.66 253.19023 360.48527 46665.095 -67250.6 4831.3 -72081.9 1573.1642
9.67 263.62771 115.87953 46609.033 -66818 5030.47 -71848.5 1574.3226
9.68 263.72913 -101.76271 46726.581 -67144.4 5032.4 -72176.8 1576.914
9.69 266.87518 -430.65619 47096.629 -66715.9 5092.44 -71808.3 1584.3805
9.7 270.6345 -467.76339 46953.314 -66285.5 5164.17 -71449.6 1583.691
9.71 269.14308 -205.96303 46850.632 -66541.3 5135.71 -71677 1580.4964
9.72 265.94154 -514.6695 46954.882 -66457 5074.62 -71531.7 1584.6796
9.73 263.47729 -46.132895 46774.27 -66624.8 5027.6 -71652.4 1584.0099
9.74 271.14652 233.29116 46678.352 -66915.6 5173.94 -72089.5 1584.4081
9.75 270.12376 557.67461 46732.945 -66576.3 5154.42 -71730.8 1584.6769
9.76 260.07898 510.68009 46646.877 -66941.5 4962.75 -71904.3 1586.2835
9.77 256.71398 155.83959 46696.7 -67000 4898.54 -71898.5 1587.7123
9.78 267.66288 434.93934 46732.18 -66479.1 5107.47 -71586.6 1592.0005
9.79 268.17662 566.20062 46444.697 -66741.2 5117.27 -71858.5 1582.9771
9.8 268.67182 225.22517 46660.136 -66610.9 5126.72 -71737.6 1590.9346
9.81 265.79159 -126.67214 46711.253 -66708.5 5071.76 -71780.2 1588.5994
9.82 258.10093 329.46475 46580.085 -66965.7 4925.01 -71890.7 1590.2334
9.83 277.89969 470.7468 46564.281 -66718.3 5302.8 -72021.1 1588.1983
9.84 264.54259 324.77658 46630.375 -66637.8 5047.93 -71685.7 1589.4725
9.85 267.47726 12.261417 46750.434 -66453.3 5103.92 -71557.2 1594.5388
9.86 264.08172 -157.48268 47010.741 -66750.4 5039.13 -71789.6 1598.2641
9.87 270.64865 131.14683 46748.787 -66327.1 5164.44 -71491.5 1589.4069
9.88 269.48803 -776.8049 47227.291 -66575.3 5142.29 -71717.6 1601.8425
9.89 264.0783 -599.11291 47069.192 -66916.7 5039.07 -71955.8 1597.7218
9.9 268.17862 -119.60778 46894.853 -66496.2 5117.31 -71613.5 1597.557
9.91 270.34576 335.86719 46606.685 -66609.7 5158.66 -71768.4 1587.2779
9.92 263.52851 -494.4612 47044.944 -66777 5028.58 -71805.6 1596.3857
9.93 266.80169 -246.32601 46932.716 -66473.7 5091.03 -71564.7 1596.579
9.94 270.69645 111.47472 46683.588 -66391.2 5165.35 -71556.5 1592.062
9.95 269.05116 339.8691 46620.395 -66775 5133.96 -71909 1594.586
9.96 267.27028 -383.34076 47075.273 -66752.9 5099.98 -71852.9 1606.7011
9.97 271.45151 261.51208 46618.953 -66435.3 5179.76 -71615 1599.251
9.98 270.15375 708.31081 46355.884 -66588.9 5155 -71743.9 1597.3619
