0 270.5848 -134.07038 46487.044 -63646.5 5169.97 -68816.5 10.102924
0.01 268.60714 5.7183963 46549.377 -63708.3 5132.18 -68840.5 22.633695
0.02 273.21831 -559.01527 46776.227 -63766.1 5220.29 -68986.4 34.017534
0.03 263.27128 -717.92623 46599.364 -63700.1 5030.23 -68730.4 45.422917
0.04 272.88039 8.3246558 46351.641 -63539.7 5213.83 -68753.5 54.509905
0.05 259.87226 -284.07861 46686.216 -63614.9 4965.29 -68580.1 62.814316
0.06 275.06239 381.24786 46270.429 -63257.1 5255.52 -68512.6 72.007002
0.07 277.13765 260.09659 46348.563 -63371.3 5295.17 -68666.5 81.456786
0.08 263.36231 119.46884 46266.782 -63617.3 5031.97 -68649.2 89.605494
0.09 274.99604 -303.80387 46624.034 -63427.8 5254.26 -68682 100.48511
0.1 265.47673 -314.91401 46540.441 -63508.4 5072.37 -68580.8 111.92971
0.11 265.47346 -231.77709 46647.19 -63541 5072.31 -68613.3 121.30348
0.12 270.94004 623.22909 46155.182 -63917 5176.76 -69093.8 133.66929
0.13 267.05911 -555.61818 46949.163 -63446.3 5102.61 -68548.9 144.56965
0.14 269.34582 347.28135 46342.992 -63683.3 5146.3 -68829.6 155.29997
0.15 272.65956 21.698745 46589.515 -63608.5 5209.61 -68818.2 168.61825
0.16 271.62363 128.37636 46247.548 -63818.8 5189.82 -69008.7 173.21568
0.17 265.03792 80.384078 46334.071 -63889.4 5063.99 -68953.4 180.63049
0.18 280.09428 346.4462 46433.253 -63820.7 5351.67 -69172.3 187.14906
0.19 278.0863 171.76298 46496.485 -63893.6 5313.3 -69206.9 191.82657
0.2 260.22424 189.26796 46536.416 -63868.8 4972.02 -68840.8 201.92029
0.21 270.35693 390.44116 46460.386 -64238.4 5165.62 -69404 206.30535
0.22 272.34635 664.489 46258.046 -64374 5203.63 -69577.7 210.91469
0.23 272.94287 -381.34616 46595.784 -64267.8 5215.03 -69482.8 217.7829
0.24 260.89056 0.055098213 46651.026 -64412.2 4984.75 -69396.9 226.99837
0.25 270.44662 -697.21622 46808.278 -63950.8 5167.33 -69118.1 233.71252
0.26 270.77575 408.0255 46355.06 -64104.7 5173.62 -69278.3 240.26602
0.27 279.01426 84.039263 46521.412 -63917.4 5331.03 -69248.4 246.98014
0.28 266.41651 -461.5758 46753.638 -64230.4 5090.33 -69320.8 255.41856
0.29 269.63172 -19.953134 46566.711 -64222.2 5151.76 -69374 263.53041
0.3 259.03277 294.81958 46527.336 -64594.5 4949.25 -69543.7 268.7081
0.31 270.909 -564.83293 46806.122 -64439.6 5176.17 -69615.7 275.65193
0.32 279.96697 103.15345 46549.745 -64479.6 5349.23 -69828.9 281.2688
0.33 277.16502 143.51948 46425.827 -64754.2 5295.7 -70049.9 285.22165
0.34 262.38449 -282.26598 46710.744 -64680.2 5013.29 -69693.5 294.71718
0.35 273.00243 98.088846 46449.878 -64566.5 5216.16 -69782.7 299.34149
0.36 275.90255 387.25561 46585.178 -64803.3 5271.58 -70074.9 308.93948
0.37 267.96585 594.73688 46174.382 -65056.4 5119.93 -70176.3 314.26848
0.38 257.90053 -481.43122 46668.285 -65045.3 4927.62 -69972.9 318.38522
0.39 270.77466 -237.01158 46767.672 -64642.1 5173.6 -69815.7 322.03153
0.4 267.10189 83.872503 46383.988 -64830.8 5103.42 -69934.2 328.3278
0.41 273.98026 -223.97478 46983.978 -64761 5234.85 -69995.9 333.52358
0.42 263.26119 -119.49874 46859.902 -65269.2 5030.04 -70299.3 336.13036
0.43 274.14366 198.45172 46858.263 -65122.2 5237.97 -70360.2 341.58715
0.44 273.86895 -429.5735 47069.448 -65115 5232.72 -70347.7 345.49523
0.45 273.56202 253.46566 46467.052 -65133.3 5226.86 -70360.2 348.69164
0.46 267.75951 -37.261933 46825.774 -64855.3 5115.99 -69971.3 354.87842
0.47 269.38032 90.487014 46802.755 -65315.1 5146.96 -70462.1 362.53977
0.48 274.37808 534.30104 46215.15 -65096.8 5242.45 -70339.2 363.53805
0.49 271.93694 317.96975 46504.947 -65316.3 5195.81 -70512.2 369.15088
0.5 271.0782 230.47304 46591.894 -65170.5 5179.4 -70349.9 371.66572
0.51 271.43904 534.24312 46506.44 -65008.4 5186.29 -70194.7 371.79349
0.52 260.80387 -850.87814 47281.273 -65905 4983.09 -70888.1 378.02564
0.53 273.9066 -676.36875 47196.142 -65801.4 5233.44 -71034.9 381.92147
0.54 265.96694 -372.60622 46830.327 -66014.9 5081.74 -71096.6 381.78212
0.55 267.78461 1.4555194 46591.149 -66083.7 5116.47 -71200.1 381.4843
0.56 265.8433 145.94363 46547.455 -66184.5 5079.38 -71263.8 382.49488
0.57 268.43053 192.7438 46668.544 -66206.6 5128.81 -71335.4 384.4677
0.58 274.97105 279.2848 46784.503 -65876.5 5253.78 -71130.3 388.80441
0.59 274.44381 -653.37823 47198.217 -65515.2 5243.7 -70758.9 390.08139
0.6 275.88286 230.02342 46512.249 -65872.9 5271.2 -71144.1 390.47871
0.61 273.36019 122.90454 46531.55 -65983.8 5223 -71206.8 392.18807
0.62 269.13087 -390.12973 47098.88 -66210 5142.19 -71352.2 399.0626
0.63 267.92769 37.166826 46826.277 -66026.7 5119.2 -71145.9 398.63179
0.64 271.93561 -582.67642 47242.17 -65887.1 5195.78 -71082.9 399.51004
0.65 273.48929 -651.02352 47265.613 -66167.2 5225.47 -71392.7 400.84983
0.66 265.67508 69.11312 46757.775 -66195.2 5076.16 -71271.3 401.27345
0.67 270.64527 -626.39086 47085.944 -65961.7 5171.13 -71132.8 406.17426
0.68 270.65627 874.47026 46385.642 -66504.8 5171.34 -71676.1 404.3019
0.69 286.11233 213.30861 46871.135 -66184.2 5466.65 -71650.8 410.60708
0.7 270.01799 -338.97914 47059.473 -66519.9 5159.14 -71679.1 414.22878
0.71 265.47815 15.188644 46984.275 -66040.9 5072.4 -71113.3 413.7393
0.72 267.22986 259.18101 46711.969 -65815.8 5105.87 -70921.6 415.03279
0.73 278.37229 -102.42813 46960.87 -65482 5318.76 -70800.8 419.86296
0.74 274.97692 588.22103 46547.495 -65771.5 5253.89 -71025.4 424.71027
0.75 274.0342 186.30106 46568.047 -65573 5235.88 -70808.9 427.85012
0.76 273.50103 -812.85625 46964.79 -65375.4 5225.69 -70601.1 435.67757
0.77 262.0195 192.34416 46683.879 -65798.4 5006.32 -70804.7 434.4787
0.78 269.60401 181.63391 46598.554 -65715.5 5151.23 -70866.7 435.43655
0.79 266.15804 -471.11836 46970.175 -65954 5085.39 -71039.4 442.21447
0.8 268.57261 201.08184 46718.839 -66191 5131.52 -71322.6 442.27666
0.81 270.94998 179.51439 46792.867 -65813.2 5176.95 -70990.2 447.32039
0.82 265.25913 -21.711549 46855.345 -65996 5068.22 -71064.2 449.04074
0.83 274.96437 148.39887 46654.613 -65776.8 5253.65 -71030.5 448.70895
0.84 272.88214 475.35171 46479.113 -66063.2 5213.87 -71277.1 449.85958
0.85 270.76995 -140.135 46848.749 -66161.1 5173.51 -71334.6 456.02622
0.86 275.91447 -6.9394949 46795.037 -66169.6 5271.8 -71441.4 456.97237
0.87 269.61587 49.933446 46733.638 -66514.5 5151.46 -71665.9 456.949
0.88 275.49855 -921.71971 47253.261 -66439.1 5263.86 -71703 459.28421
0.89 266.836 353.64116 46636.999 -66383.2 5098.34 -71481.6 457.46234
0.9 266.70301 -576.58446 47255.889 -66558.6 5095.8 -71654.4 464.41723
0.91 269.99685 -437.70876 46952.738 -66166.9 5158.74 -71325.7 464.37962
0.92 272.53769 380.99253 46645.367 -66452.5 5207.28 -71659.7 464.5167
0.93 275.7627 445.64877 46511.601 -66429.5 5268.9 -71698.4 465.31112
0.94 275.53299 571.12699 46608.482 -66519.5 5264.51 -71784 467.97219
0.95 267.59167 -287.00937 47060.423 -65908.8 5112.78 -71021.6 473.48541
0.96 261.6655 185.87884 46715.32 -66266.4 4999.55 -71265.9 474.01265
0.97 270.01843 -70.1621 46938.293 -65997.4 5159.15 -71156.5 478.82613
0.98 269.02145 -115.01784 46935.827 -66200.4 5140.1 -71340.5 481.11693
0.99 258.90664 -419.18804 46936.086 -66565 4946.84 -71511.8 481.88066
1 284.04513 189.55926 46837.527 -66117.3 5427.15 -71544.4 482.7086
1.01 264.04877 535.86125 46584.908 -66390.4 5045.09 -71435.5 482.35951
1.02 272.98935 -260.22167 46937.213 -66408.4 5215.91 -71624.3 484.75553
1.03 264.01618 -688.31566 47151.669 -66682.9 5044.47 -71727.4 486.09838
1.04 274.39547 181.15964 46833.527 -66337.4 5242.78 -71580.2 485.84735
1.05 268.26589 369.53626 46667.128 -66499 5125.66 -71624.6 487.14655
1.06 280.40631 100.44005 46863.789 -66301.1 5357.63 -71658.7 492.2406
1.07 267.84387 -479.29476 47279.798 -66528.1 5117.6 -71645.7 495.24683
1.08 274.13987 -376.07773 46904.333 -66086.8 5237.9 -71324.6 493.48712
1.09 267.09052 -451.17185 47006.104 -66331.1 5103.21 -71434.3 494.35082
1.1 272.86727 163.51852 46672.627 -66072.5 5213.58 -71286.1 492.19383
1.11 261.82374 556.16189 46597.541 -66524.7 5002.58 -71527.3 491.60988
1.12 272.23482 -285.47072 46810.414 -66683 5201.5 -71884.5 496.79058
1.13 272.75119 -476.43082 47118.533 -66594.1 5211.36 -71805.5 498.88126
1.14 263.73751 -797.31863 47281.042 -66806.6 5039.14 -71845.8 500.79612
1.15 273.4016 -321.57842 47105.353 -66762.3 5223.79 -71986.1 498.24713
1.16 271.55193 693.33508 46470.757 -66867.8 5188.45 -72056.2 494.70408
1.17 275.56857 492.36824 46745.891 -66480.6 5265.19 -71745.8 498.52722
1.18 273.38745 -219.40278 46874.717 -66651.5 5223.52 -71875 497.38703
1.19 267.34618 514.08039 46599.125 -66854.4 5108.09 -71962.5 496.01896
1.2 267.53233 -367.54934 47128.314 -66773.2 5111.65 -71884.8 500.63783
1.21 270.31434 -38.228385 46748.436 -66428.6 5164.8 -71593.4 499.01969
1.22 276.56858 434.95214 46536.657 -66527.6 5284.3 -71811.9 498.58297
1.23 254.50763 187.98595 46556.734 -67041.3 4862.79 -71904.1 501.40401
1.24 272.2005 182.15306 46539.464 -66513.1 5200.84 -71713.9 503.31329
1.25 275.98642 191.18375 46732.947 -66659.5 5273.18 -71932.7 505.31961
1.26 266.07657 116.42116 46806.908 -66587.7 5083.83 -71671.5 508.28444
1.27 268.73837 -358.58448 47032.677 -66524.7 5134.69 -71659.4 512.44293
1.28 271.10518 543.36403 46416.974 -66768.8 5179.91 -71948.7 509.61392
1.29 268.33085 31.128489 46799.331 -66463.5 5126.91 -71590.4 514.54049
1.3 272.48311 -384.87654 47173.97 -66621.6 5206.24 -71827.8 520.5578
1.31 281.74961 -262.61509 47066.346 -66412.1 5383.29 -71795.4 519.34967
1.32 260.08397 -680.40749 47195.62 -66787.4 4969.34 -71756.8 519.52896
1.33 276.86159 290.17079 46718.663 -66454.6 5289.9 -71744.5 516.96048
1.34 279.59503 -59.758883 46904.876 -66278.5 5342.13 -71620.6 518.98566
1.35 264.20214 -422.59013 47038.605 -66728.3 5048.02 -71776.3 518.51309
1.36 268.93028 -512.62463 47049.415 -66343.5 5138.36 -71481.8 522.1257
1.37 274.24201 -297.42953 46957.117 -66532 5239.85 -71771.8 523.6674
1.38 277.24544 74.663794 46709.146 -66253.8 5297.23 -71551 524.42042
1.39 265.73035 284.93174 46586.713 -66086.7 5077.22 -71163.9 525.6267
1.4 273.08434 -365.39147 46937.908 -66032 5217.73 -71249.7 532.37073
1.41 270.15558 -487.94367 47126.584 -66022.8 5161.77 -71184.6 534.02434
1.42 272.88998 34.881664 46839.612 -66349.7 5214.02 -71563.7 533.00129
1.43 274.5324 -8.4695566 46928.605 -65828.9 5245.4 -71074.3 535.73475
1.44 273.66388 -279.56079 46962.793 -66238.5 5228.8 -71467.3 539.08088
1.45 275.84916 -535.87571 46906.248 -66082.2 5270.56 -71352.8 541.08801
1.46 266.62367 -0.25218904 46786.616 -65938.3 5094.29 -71032.6 540.32249
1.47 272.17496 424.39074 46602.275 -66169.9 5200.35 -71370.2 539.32108
1.48 268.15485 -40.820315 46893.553 -65649.3 5123.54 -70772.9 543.74332
1.49 274.85553 332.14285 46491.107 -65800.4 5251.57 -71052 541.21143
1.5 265.25975 -425.99506 46872.12 -65996.5 5068.23 -71064.7 546.84379
1.51 262.43468 -142.72574 46817.913 -65943.9 5014.25 -70958.1 545.83388
1.52 267.95367 383.4616 46510.198 -65897.3 5119.7 -71017 543.38431
1.53 283.03981 333.26945 46621.75 -65425.3 5407.95 -70833.2 547.65263
1.54 270.25983 961.3704 46155.212 -65621 5163.76 -70784.8 549.28908
1.55 264.00799 197.9659 46606.028 -65187.7 5044.31 -70232 553.87875
1.56 274.07569 404.16656 46664.299 -65388.9 5236.67 -70625.5 559.96251
1.57 274.9638 -138.91818 47026.102 -65323.2 5253.64 -70576.8 566.85033
1.58 272.78125 -837.83811 47098.79 -65481.9 5211.94 -70693.9 570.61811
1.59 268.54349 -89.931375 46914.323 -65846.7 5130.97 -70977.7 575.64699
1.6 274.57943 105.55847 46645.458 -65751.7 5246.3 -70998 575.84759
1.61 278.61949 -84.575765 46781.365 -65294.1 5323.49 -70617.6 584.0888
1.62 267.09764 -506.10413 47072.782 -65881.4 5103.34 -70984.7 588.36855
1.63 265.34255 -401.5793 47110.815 -65507.8 5069.81 -70577.6 592.75446
1.64 268.43476 -464.38843 46994.534 -65486.9 5128.89 -70615.8 590.52283
1.65 271.49705 -34.654136 46897.851 -65575.3 5187.4 -70762.7 596.05885
1.66 264.78236 -119.12254 46767.427 -65737.5 5059.11 -70796.6 598.99237
1.67 272.98407 -278.72371 47001.433 -65704.3 5215.81 -70920.1 606.7673
1.68 272.28508 304.79548 46601.477 -65561.3 5202.46 -70763.8 604.66451
1.69 274.21829 607.07781 46349.737 -65623.2 5239.4 -70862.6 606.9223
1.7 258.03227 -426.3739 46788.738 -66166.8 4930.13 -71097 615.54265
1.71 268.38663 413.10847 46503.979 -65490.1 5127.97 -70618 619.94454
1.72 269.78559 -258.34066 46695.874 -65359.1 5154.7 -70513.8 623.53823
1.73 269.16563 -458.72039 47114.237 -65795.2 5142.86 -70938 628.69758
1.74 270.44903 -330.30409 46908.038 -65654.7 5167.38 -70822.1 624.19624
1.75 263.68415 -15.159878 46680.399 -65947.8 5038.12 -70985.9 626.7498
1.76 271.0034 231.38688 46809.947 -65505.6 5177.97 -70683.5 632.83065
1.77 259.40854 740.90489 46246.808 -65635.4 4956.43 -70591.8 629.47842
1.78 271.00418 -401.23271 47117.028 -65303.3 5177.98 -70481.2 645.15454
1.79 273.18242 154.89701 46502.656 -65682.2 5219.6 -70901.8 644.63056
1.8 272.58649 262.51725 46594.94 -65178.6 5208.22 -70386.8 646.37658
1.81 268.37547 277.91602 46490.698 -65540.8 5127.76 -70668.6 651.02982
1.82 277.34367 173.69871 46806.07 -65133.3 5299.11 -70432.4 655.88011
1.83 269.43464 -214.05782 46959.716 -65537.1 5148 -70685.1 661.69552
1.84 260.23433 -199.9119 46886.571 -65872.5 4972.21 -70844.8 663.74571
1.85 265.81943 217.31157 46652.127 -65413.5 5078.92 -70492.4 662.4384
1.86 268.38171 4.7048135 46804.838 -65287.5 5127.88 -70415.3 670.45951
1.87 273.21716 106.33284 46694.403 -65479.6 5220.27 -70699.9 672.85986
1.88 264.45077 -300.65957 46871.798 -65588.4 5052.77 -70641.1 679.88486
1.89 268.4184 -136.10366 46819.125 -65470.8 5128.58 -70599.4 682.30613
1.9 268.10746 575.58068 46350.785 -65656.5 5122.64 -70779.1 681.32716
1.91 263.93186 -279.42606 46878.648 -65661.5 5042.86 -70704.3 687.94184
1.92 263.20194 -505.5014 46948.654 -65699.1 5028.91 -70728 690.58799
1.93 260.56183 -368.98313 46746.165 -65582.3 4978.47 -70560.7 690.60962
1.94 285.96914 214.88005 46564.693 -65223.7 5463.91 -70687.6 690.10538
1.95 272.71013 -109.47222 46817.54 -65587.9 5210.58 -70798.5 691.95366
1.96 271.76861 -30.122904 46716.605 -65598.8 5192.59 -70791.4 695.76636
1.97 272.10465 -257.58746 46938.511 -65637.7 5199.01 -70836.7 702.26602
1.98 271.38886 54.442863 46648.626 -65722.7 5185.33 -70908 697.08939
1.99 276.40478 71.086509 46724.953 -65790.3 5281.17 -71071.5 696.58415
2 272.3151 598.93853 46442.463 -65907.2 5203.03 -71110.2 694.20274
2.01 277.05779 130.95908 46722.054 -65608.4 5293.65 -70902 698.87714
2.02 270.27369 180.12281 46879.53 -65819.1 5164.03 -70983.1 705.06759
2.03 276.0088 -789.48453 47191.442 -65583.1 5273.61 -70856.8 709.41858
2.04 267.5949 250.76491 46584.188 -65709.8 5112.84 -70822.6 712.93361
2.05 267.51119 -516.22426 46864.924 -65381.3 5111.25 -70492.6 715.83468
2.06 270.5292 -125.46902 46811.478 -65360.3 5168.91 -70529.2 716.08181
2.07 278.94977 -140.84472 46779.626 -65089 5329.8 -70418.8 720.42643
2.08 274.25624 -139.20511 46910.949 -64835.4 5240.12 -70075.5 722.38033
2.09 273.12248 91.830471 46395.086 -65018.1 5218.46 -70236.6 720.07995
2.1 270.32103 -44.961033 46711.491 -64675.5 5164.93 -69840.5 725.23214
2.11 265.1871 -747.9832 46977.019 -64877.4 5066.84 -69944.3 732.46822
2.12 266.83383 791.1301 46562.243 -65367.2 5098.3 -70465.5 729.69882
2.13 276.99459 195.76985 46601.123 -64954.5 5292.44 -70247 736.40436
2.14 279.08362 149.51245 46460.72 -65272.6 5332.36 -70604.9 744.68944
2.15 266.13556 -163.78361 46773.739 -65431 5084.96 -70516 753.57871
2.16 273.0312 -577.77955 47059.871 -65363.7 5216.71 -70580.4 764.46044
2.17 269.74082 -616.64409 47041.878 -65979 5153.85 -71132.9 765.36731
2.18 278.61115 -156.52592 47017.297 -65789 5323.33 -71112.3 771.15162
2.19 263.02383 -303.33272 47082.662 -66140.3 5025.51 -71165.8 773.83823
2.2 270.3437 253.55416 46782.936 -65986.2 5165.36 -71151.5 771.94683
2.21 276.03068 -31.3706 46778.476 -65802.3 5274.02 -71076.3 772.69006
2.22 263.26783 -381.26464 46875.671 -66208.1 5030.17 -71238.2 774.23591
2.23 266.84253 131.99693 46703.711 -66076.1 5098.47 -71174.6 770.91315
2.24 272.64287 338.2044 46531.772 -66448.7 5209.29 -71658 769.60422
2.25 268.81356 790.3716 46329.833 -66690.9 5136.13 -71827 767.99959
2.26 271.0067 13.226428 46677.346 -66465.5 5178.03 -71643.5 773.45216
2.27 272.38208 20.122772 46753.808 -66525.7 5204.31 -71730 775.67484
2.28 267.45817 -247.5333 46927.308 -66675.6 5110.23 -71785.8 779.18567
2.29 264.81172 245.97231 46714.748 -66473 5059.67 -71532.6 776.90028
2.3 275.73861 -260.11601 46918 -66238.8 5268.44 -71507.3 781.55226
2.31 274.56089 -275.8499 46734.289 -66219.4 5245.94 -71465.4 784.05207
2.32 274.40699 98.44798 46670.909 -66434.4 5243 -71677.4 782.52305
2.33 271.95825 7.7130885 46686.137 -66268.6 5196.21 -71464.8 784.8717
2.34 275.62589 303.0862 46624.743 -66431.5 5266.29 -71697.8 786.1516
2.35 273.9978 197.63257 46781.926 -65970.2 5235.18 -71205.3 789.20402
2.36 270.63068 -753.28621 47139.807 -66173.3 5170.85 -71344.1 794.3771
2.37 275.02337 432.4203 46987.834 -66070 5254.78 -71324.7 795.73156
2.38 277.90413 84.688684 46767.347 -66281.7 5309.82 -71591.5 798.46048
2.39 277.67933 -318.49656 46977.544 -66338.8 5305.52 -71644.3 801.83221
2.4 277.02979 -670.38791 47127.376 -66375.6 5293.11 -71668.7 804.75566
2.41 263.52604 -413.50341 47197.859 -66358.1 5035.1 -71393.2 805.79221
2.42 271.78824 573.7712 46536.387 -66157.2 5192.97 -71350.1 798.11363
2.43 283.64288 31.873622 46802.55 -65815.9 5419.47 -71235.4 803.30693
2.44 271.19475 -794.68015 47176.109 -66262 5181.63 -71443.6 805.59566
2.45 276.07617 -149.49451 47006.532 -66305.9 5274.89 -71580.8 806.84586
2.46 270.72231 423.17555 46562.662 -66209.6 5172.6 -71382.2 802.90714
2.47 258.49579 839.84368 46235.006 -66563 4938.99 -71502 803.24525
2.48 272.66779 525.54726 46426.542 -66113.7 5209.77 -71323.5 803.77421
2.49 269.17436 -305.58096 47212.444 -66217.6 5143.02 -71360.7 814.6771
2.5 275.90484 878.59072 46484.77 -66038.5 5271.62 -71310.1 809.26804
2.51 272.15579 -398.42657 47024.439 -66376.3 5199.99 -71576.3 815.86561
2.52 267.75816 92.909343 46609.629 -66143.7 5115.96 -71259.7 812.57243
2.53 274.72865 -570.6029 47195.151 -66466.6 5249.15 -71715.7 820.28468
2.54 263.94929 -606.23673 47018.435 -66528.3 5043.19 -71571.5 820.24356
2.55 262.54501 -273.3718 47065.941 -66092.1 5016.36 -71108.5 821.05979
2.56 273.54182 -433.89386 47111.578 -66061.2 5226.47 -71287.6 822.20282
2.57 273.55578 -276.3548 47061.561 -66279.4 5226.74 -71506.1 825.20716
2.58 265.34498 110.41689 46841.793 -66479.7 5069.86 -71549.6 821.95623
2.59 268.66497 -29.164039 46798.88 -66118.3 5133.29 -71251.5 822.2422
2.6 276.85218 -564.71119 47183.259 -66244.9 5289.72 -71534.6 828.69186
2.61 265.50258 231.26318 46829.488 -66793.4 5072.87 -71866.2 825.6472
2.62 269.62743 377.11752 46499.248 -66530.8 5151.68 -71682.4 823.05494
2.63 268.17668 -601.03811 47190.149 -66336.6 5123.96 -71460.5 830.39684
2.64 265.26944 -80.682247 47003.539 -66725.2 5068.41 -71793.6 828.32083
2.65 280.539 241.94922 46924.302 -66431.7 5360.16 -71791.8 832.22467
2.66 268.33921 203.5786 46599.568 -66448.9 5127.07 -71575.9 828.26474
2.67 271.67934 -14.147886 46696.665 -66442.8 5190.88 -71633.7 831.46454
2.68 274.24842 924.62156 46424.921 -66427.4 5239.97 -71667.4 829.58585
2.69 267.23504 -226.41641 46847.024 -66630.5 5105.97 -71736.4 836.82523
2.7 270.03554 -140.28497 46908.184 -66413.4 5159.48 -71572.9 836.86153
2.71 269.51785 102.87546 46891.512 -66282.3 5149.59 -71431.9 838.01574
2.72 272.39817 -678.55893 47205.647 -66256.2 5204.62 -71460.8 840.44459
2.73 271.30673 710.32744 46503.031 -66443.8 5183.77 -71627.5 833.85459
2.74 273.70241 202.26265 46765.296 -66403.8 5229.54 -71633.4 838.06288
2.75 268.62003 -157.80269 46928.662 -66130 5132.43 -71262.4 843.61493
2.76 255.77428 59.848157 46625.244 -66376.4 4886.99 -71263.4 838.767
2.77 270.30038 61.258717 46875.616 -66079.3 5164.54 -71243.8 846.29436
2.78 281.07883 480.04271 46646.128 -65682.5 5370.48 -71053 844.99339
2.79 276.29279 -286.87055 47010.904 -65959.4 5279.03 -71238.4 850.59249
2.8 270.9357 646.92663 46393.956 -66161.8 5176.68 -71338.4 845.78493
2.81 270.89459 -729.51017 47178.677 -66168.7 5175.89 -71344.6 858.36612
2.82 264.74006 152.93873 46535.574 -66416.5 5058.3 -71474.7 851.71207
2.83 264.70426 338.57509 46656.257 -66671.2 5057.61 -71728.9 854.56603
2.84 261.45998 114.29534 46881.677 -66829.4 4995.63 -71825.1 854.66828
2.85 270.72588 -370.3564 47159.075 -67120.4 5172.67 -72293 859.15755
2.86 273.90935 -14.187099 47014.418 -66551.1 5233.49 -71784.6 858.60772
2.87 267.89745 53.729133 46743.591 -66570.9 5118.63 -71689.6 855.74722
2.88 277.75835 -225.13437 46879.847 -66237.8 5307.03 -71544.8 858.29357
2.89 264.47064 -512.94377 47189.982 -66626 5053.15 -71679.1 863.45499
2.9 278.21236 38.435189 46841.731 -66231.1 5315.71 -71546.8 858.43099
2.91 261.84241 408.09684 46630.292 -66581.2 5002.93 -71584.1 857.84157
2.92 272.75197 85.656652 46708.62 -66403 5211.38 -71614.4 858.32116
2.93 260.93182 375.44345 46665.013 -66576 4985.54 -71561.5 852.4286
2.94 266.15936 379.86506 46513.243 -66380.4 5085.42 -71465.8 850.52396
2.95 273.35564 -182.79835 46835.561 -66181.8 5222.91 -71404.7 857.95039
2.96 275.48442 582.99616 46482.797 -66203 5263.59 -71466.6 854.6463
2.97 276.69654 768.7176 46334.18 -66511.9 5286.75 -71798.7 854.77194
2.98 268.55407 419.51346 46542.298 -66960.2 5131.17 -72091.3 856.11619
2.99 274.08771 368.39933 46692.168 -66592.2 5236.9 -71829.1 858.47132
3 264.81639 512.09755 46543.274 -66738.1 5059.76 -71797.9 855.55609
3.01 270.79022 542.81526 46511.101 -66547.9 5173.9 -71721.8 857.79444
3.02 268.61651 83.749553 46717.316 -66419.9 5132.36 -71552.3 864.21297
3.03 264.97022 51.767611 46820.732 -66352.9 5062.7 -71415.6 866.98978
3.04 271.60454 -191.20764 46774.468 -66211.7 5189.46 -71401.2 864.65098
3.05 268.10579 -647.10814 47244.349 -66457.1 5122.61 -71579.7 873.31542
3.06 273.69297 -631.31975 47132.616 -66054.4 5229.36 -71283.7 878.86976
3.07 272.15549 -951.11759 47342.449 -66027.9 5199.98 -71227.9 880.64616
3.08 279.63124 -34.413337 46865.699 -65866.6 5342.82 -71209.5 874.44621
3.09 266.21547 156.0694 46710.347 -65884.2 5086.49 -70970.7 873.23068
3.1 274.48944 390.0311 46620.066 -65556.5 5244.58 -70801.1 874.42642
3.11 266.17375 461.58906 46715.256 -65917.9 5085.69 -71003.6 878.29941
3.12 279.40952 80.13997 46860.109 -65993.5 5338.58 -71332.1 882.41598
3.13 269.56162 -66.01887 46711.086 -65934.2 5150.42 -71084.7 884.11417
3.14 261.47514 -397.39771 46990.93 -66210.9 4995.92 -71206.8 889.07673
3.15 262.69635 -354.90155 46880.135 -65994.4 5019.25 -71013.6 891.80756
3.16 276.73651 263.8921 46501.855 -65798.7 5287.51 -71086.2 887.84481
3.17 276.48877 -88.317268 46856.587 -65972.1 5282.78 -71254.9 896.08308
3.18 265.43328 507.57471 46547.534 -66009.9 5071.54 -71081.5 892.43905
3.19 263.98106 -296.37369 46895.124 -66111.1 5043.8 -71154.9 896.47467
3.2 272.80825 231.38777 46832.853 -66012.9 5212.45 -71225.4 895.33177
3.21 274.55796 541.8541 46467.515 -65827.6 5245.89 -71073.5 890.45572
3.22 257.44117 -305.65628 46944.737 -66316.4 4918.84 -71235.2 899.24209
3.23 267.35779 -118.68537 46858.818 -66028.5 5108.31 -71136.8 901.8905
3.24 269.80941 -81.765071 46689.302 -66271.1 5155.16 -71426.2 899.1007
3.25 266.97715 757.1236 46342.693 -66094.4 5101.04 -71195.4 898.10531
3.26 270.82913 -507.53546 47118.393 -66258.5 5174.64 -71433.1 912.38332
3.27 272.15721 350.28432 46793.905 -66265.5 5200.01 -71465.5 908.57377
3.28 266.63579 530.72652 46481.399 -66501.1 5094.52 -71595.7 909.90105
3.29 276.03697 538.03039 46500.435 -66407 5274.14 -71681.2 908.91739
3.3 263.32829 -137.04986 46808.182 -66687.2 5031.32 -71718.6 913.17083
3.31 265.67186 -269.17456 46982.97 -66413.2 5076.1 -71489.3 917.71683
3.32 265.02667 -414.99963 47039.917 -66394.1 5063.77 -71457.9 921.5981
3.33 278.17139 -465.14178 47094.039 -66078.2 5314.93 -71393.2 921.30491
3.34 269.17151 8.650643 46785.256 -66205.8 5142.97 -71348.8 918.50564
3.35 270.12903 210.0522 46809.425 -66350 5161.26 -71511.3 918.27169
3.36 266.56355 131.14771 46754.047 -66290.4 5093.14 -71383.5 917.37393
3.37 277.54025 -329.98487 47064.7 -66148.4 5302.87 -71451.2 920.77603
3.38 267.70917 4.082926 46771.822 -66602.6 5115.03 -71717.6 918.64191
3.39 270.11585 532.74749 46436.817 -66830.2 5161.01 -71991.2 913.50145
3.4 273.89963 380.27038 46740.208 -66710.6 5233.31 -71943.9 919.78658
3.41 271.48851 655.34688 46338.339 -66674.4 5187.24 -71861.6 915.35328
3.42 264.25834 142.25787 46846.92 -66938.5 5049.09 -71987.6 920.61138
3.43 263.84514 373.27634 46732.596 -66915.2 5041.2 -71956.4 923.22831
3.44 277.03678 146.16272 46735.444 -66449.7 5293.25 -71743 923.65155
3.45 271.3813 350.37251 46687.165 -66686.3 5185.19 -71871.5 925.04134
3.46 263.32998 67.163114 46736.466 -66482.8 5031.36 -71514.1 927.9918
3.47 268.19699 -483.11195 47063.267 -66116.5 5124.35 -71240.9 935.34538
3.48 263.63699 -848.8803 47244.165 -66349.3 5037.22 -71386.5 940.92304
3.49 265.95566 100.61102 46630.814 -66459.6 5081.52 -71541.1 931.43407
3.5 277.16033 17.019317 46909.844 -66324.3 5295.61 -71619.9 935.70934
3.51 276.20736 68.235112 46831.277 -66033.6 5277.4 -71311 937.39527
3.52 276.65109 -78.640153 46891.249 -66121.2 5285.88 -71407.1 941.62901
3.53 263.41022 -270.75709 46917.204 -66142.9 5032.89 -71175.8 943.77939
3.54 279.86257 382.0921 46573.924 -65910 5347.24 -71257.2 942.27987
3.55 257.77177 -283.58792 46845.667 -66268.2 4925.16 -71193.3 947.85233
3.56 265.64588 -622.14492 47341.571 -66078.2 5075.6 -71153.8 959.10069
3.57 268.14347 -16.575727 46880.725 -65944.5 5123.33 -71067.8 960.13685
3.58 272.19909 371.40748 46573.519 -65863.1 5200.81 -71063.9 955.33343
3.59 268.95383 -175.57477 46970.497 -65931.8 5138.81 -71070.6 964.89238
3.6 260.47408 668.51692 46460.434 -66260.6 4976.79 -71237.4 960.63708
3.61 272.99508 325.446 46585.956 -65921.2 5216.02 -71137.2 963.18735
3.62 261.99605 -232.08507 46949.229 -66034 5005.87 -71039.9 972.11185
3.63 275.1375 -350.41875 46991.298 -65885.8 5256.96 -71142.8 971.21792
3.64 275.31069 344.95023 46733.001 -66301 5260.27 -71561.3 973.30234
3.65 274.29943 74.334316 46638.207 -66299.4 5240.95 -71540.3 970.3652
3.66 266.13249 123.59315 46831.97 -66069.8 5084.9 -71154.7 974.79128
3.67 259.76782 -92.861414 46765.006 -66300.7 4963.3 -71264 973.26689
3.68 271.16871 269.55732 46735.491 -66239.6 5181.13 -71420.7 976.43445
3.69 279.19028 173.66182 46803.728 -66178.1 5334.39 -71512.5 982.2374
3.7 269.45695 869.27045 46418.683 -66446.3 5148.42 -71594.7 979.7449
3.71 260.16375 -398.71517 46971.284 -66645.1 4970.86 -71615.9 990.23492
3.72 278.29786 401.95899 46718.643 -66236.2 5317.34 -71553.5 988.28854
3.73 269.82966 -296.73129 46921.596 -66499.3 5155.54 -71654.8 994.43182
3.74 267.96757 71.211992 46737.216 -66324.1 5119.96 -71444.1 994.00706
3.75 270.69396 -564.43247 47104.197 -65784 5172.06 -70956 1004.0478
3.76 270.45086 289.55479 46497.736 -65934.4 5167.41 -71101.8 996.14178
3.77 272.07578 -411.77197 46841.841 -65776.8 5198.46 -70975.2 1001.3712
3.78 265.5062 101.38466 46815.148 -66117 5072.94 -71190 1000.6724
3.79 268.8934 -1.6013665 46820.169 -65916.2 5137.65 -71053.9 1006.6076
3.8 268.08017 -622.46652 47191.831 -65876.3 5122.12 -70998.5 1012.4624
3.81 267.8616 1115.8498 46391.675 -66110.1 5117.94 -71228 1008.9342
3.82 262.3853 282.22671 46620.575 -66345.3 5013.31 -71358.7 1020.1175
3.83 275.06012 224.12606 46762.645 -66269.7 5255.48 -71525.2 1025.0249
3.84 273.44427 -429.70573 47072.301 -65949.5 5224.61 -71174.1 1033.6022
3.85 265.09617 299.71573 46538.078 -66396 5065.1 -71461.1 1027.1324
3.86 262.07093 -10.08699 46624.268 -66535.5 5007.3 -71542.8 1027.1436
3.87 264.66547 -610.54776 47282.62 -66432.2 5056.87 -71489.1 1039.7037
3.88 267.5098 -526.7063 47102.832 -66324.5 5111.22 -71435.7 1036.6266
3.89 269.41536 141.83575 46804.303 -66507.8 5147.63 -71655.5 1034.3911
3.9 265.20836 252.55981 46607.253 -66548.5 5067.25 -71615.7 1034.7487
3.91 260.89517 -733.97311 47197.562 -66400.7 4984.83 -71385.5 1043.8851
3.92 258.77145 -119.15348 46858.673 -66391.5 4944.26 -71335.8 1040.3356
3.93 267.65525 542.20106 46557.288 -66246.5 5114 -71360.5 1039.5276
3.94 254.46067 719.50002 46388.008 -66761.9 4861.89 -71623.8 1043.3362
3.95 270.02474 212.81925 46711.097 -66409.6 5159.27 -71568.9 1045.3146
3.96 273.07417 775.6665 46346.982 -66252 5217.54 -71469.6 1041.5845
3.97 266.50566 -439.22377 47217.323 -66566.9 5092.03 -71659 1054.9544
3.98 261.14861 146.62378 46929.139 -66441.2 4989.68 -71430.8 1049.6785
3.99 277.03969 91.668022 46634.933 -66367 5293.3 -71660.3 1045.7319
4 259.72616 -397.42594 47138.939 -66475.8 4962.5 -71438.3 1054.0944
4.01 270.24531 -373.29299 46917.057 -66321.6 5163.48 -71485.1 1051.7078
4.02 272.83467 -72.410445 47015.028 -65761.1 5212.96 -70974 1054.6658
4.03 268.20995 -181.43921 46653.98 -66381.5 5124.6 -71506.1 1050.5013
4.04 269.47856 -635.73371 47213.285 -66049.4 5148.84 -71198.2 1061.2936
4.05 264.11377 -416.425 47017.997 -66468.1 5046.33 -71514.4 1061.7333
4.06 280.24253 179.41763 46800.902 -66107.7 5354.5 -71462.2 1060.6328
4.07 263.37481 613.2236 46436.012 -66304.9 5032.21 -71337.2 1060.3324
4.08 267.37928 580.93352 46604.43 -66419.6 5108.72 -71528.4 1061.7913
4.09 279.8011 308.04396 46533.803 -66093.7 5346.06 -71439.8 1063.0265
4.1 272.13633 83.257396 46940.869 -66459.9 5199.62 -71659.5 1069.2968
4.11 267.73464 -345.08014 46988.048 -66337.4 5115.51 -71453 1071.6118
4.12 262.58805 -279.23318 47001.782 -66403.3 5017.18 -71420.5 1073.1025
4.13 264.21006 -418.08798 47029.496 -66760.6 5048.17 -71808.8 1077.2546
4.14 267.05876 348.63034 46746.243 -66361.9 5102.6 -71464.5 1075.2191
4.15 274.33464 445.95905 46463.06 -66465.3 5241.62 -71706.9 1073.1655
4.16 264.12623 121.35569 46738.175 -66628.4 5046.57 -71675 1078.3876
4.17 272.43036 -40.832162 46852.766 -66586.9 5205.23 -71792.1 1077.1831
4.18 274.03666 -24.343103 47015.085 -66461.8 5235.92 -71697.8 1077.3605
4.19 267.39221 538.06254 46471.099 -66756.7 5108.97 -71865.7 1069.3703
4.2 267.80963 -119.93615 46920.142 -66874.8 5116.95 -71991.7 1077.1103
4.21 263.86218 -100.92945 46945.239 -66732.4 5041.52 -71773.9 1078.976
4.22 263.86283 -672.76594 47197.952 -66839 5041.54 -71880.5 1086.3615
4.23 268.00322 -5.0367421 46765.066 -66727.8 5120.65 -71848.5 1078.2327
4.24 274.70314 -501.4334 47068.822 -66452.9 5248.66 -71701.6 1082.4793
4.25 265.65745 574.8764 46396.959 -66818.6 5075.83 -71894.4 1075.5186
4.26 275.38951 361.68887 46769.269 -66475.6 5261.77 -71737.4 1082.5629
4.27 265.75199 -609.38055 47097.261 -66876.5 5077.63 -71954.1 1088.8798
4.28 275.93906 -232.11741 46976.211 -66347.1 5272.27 -71619.4 1091.0067
4.29 267.55331 -282.60298 46992.805 -66533 5112.05 -71645.1 1088.2318
4.3 269.95051 -108.05715 46864.862 -66276.4 5157.85 -71434.3 1083.89
4.31 278.42176 140.99161 46733.741 -65994.6 5319.71 -71314.3 1083.3694
4.32 275.71526 194.51238 46774.897 -66079.1 5268 -71347.1 1088.2058
4.33 258.42903 -130.81267 46840.809 -66746.8 4937.72 -71684.5 1090.0345
4.34 266.08891 -373.76976 46990.759 -66289.9 5084.07 -71374 1096.9436
4.35 277.95595 -286.98775 47071.942 -66300.1 5310.81 -71610.9 1098.6041
4.36 272.9681 -241.77823 46963.639 -66614.8 5215.51 -71830.3 1101.3578
4.37 273.6269 -176.24627 47103.106 -66591.4 5228.1 -71819.5 1103.6015
4.38 263.44221 -399.09364 47079.688 -66707.2 5033.5 -71740.7 1102.0141
4.39 266.25416 -11.597523 46803.389 -66336.5 5087.23 -71423.8 1098.3701
4.4 268.64447 373.91814 46604.259 -66254.3 5132.9 -71387.2 1095.3528
4.41 280.77053 419.68845 46594.127 -66143.8 5364.59 -71508.4 1096.7868
4.42 277.27483 98.884282 46688.475 -66144.2 5297.8 -71442 1101.4395
4.43 273.0439 484.00939 46511.976 -65482.1 5216.96 -70699.1 1100.6357
4.44 265.26166 -167.81962 46923.538 -65595.6 5068.26 -70663.9 1109.0662
4.45 273.25101 217.74454 46747.415 -65708.3 5220.91 -70929.2 1107.843
4.46 263.45066 430.20377 46437.81 -65540 5033.66 -70573.6 1109.811
4.47 285.04194 -93.226948 46963.22 -64969.8 5446.2 -70416 1120.7332
4.48 268.92006 31.324536 46696.561 -65629.3 5138.16 -70767.5 1120.5244
4.49 258.20384 -437.39406 46889.155 -66180 4933.41 -71113.4 1125.3172
4.5 267.13301 309.3737 46630.892 -65707.1 5104.02 -70811.1 1127.6097
4.51 266.50179 276.25234 46739.086 -65360.7 5091.96 -70452.6 1134.5013
4.52 276.99271 30.250066 46832.928 -65464 5292.41 -70756.4 1132.0743
4.53 265.9276 -99.079596 46881.501 -65138.7 5080.99 -70219.7 1135.2298
4.54 267.5437 -427.29646 46824.922 -65489.2 5111.87 -70601.1 1142.5329
4.55 279.61794 41.181683 46568.319 -64994.2 5342.56 -70336.8 1142.8661
4.56 271.80558 173.53407 46997.363 -65479 5193.3 -70672.3 1157.9243
4.57 272.80437 251.77794 46656.89 -65229.7 5212.38 -70442.1 1156.1614
4.58 260.71464 -495.08222 47031.259 -65597.2 4981.39 -70578.6 1162.2567
4.59 267.51208 -131.7743 46757.795 -65087.7 5111.26 -70199 1163.1906
4.6 270.56057 -245.97789 46834.845 -64946.9 5169.51 -70116.4 1165.5242
4.61 269.58745 -421.49782 46901.803 -64869.2 5150.92 -70020.1 1176.2925
4.62 270.11867 246.48485 46227.083 -64469.9 5161.07 -69631 1165.2181
4.63 265.49559 406.08786 46545.824 -64811 5072.73 -69883.7 1174.3049
4.64 272.94679 -117.29298 46616.59 -64913.5 5215.1 -70128.6 1181.6728
4.65 265.05982 -234.42267 46935.405 -65180.9 5064.41 -70245.3 1188.1574
4.66 262.23926 -99.556963 46697.222 -65463.9 5010.52 -70474.5 1189.7963
4.67 275.17551 -59.15355 46655.242 -65258.1 5257.68 -70515.8 1192.2409
4.68 272.34549 -913.70935 47062.692 -64901 5203.61 -70104.6 1205.8531
4.69 271.71335 -25.487771 46744.957 -65223.8 5191.53 -70415.3 1208.5817
4.7 269.04294 -409.88695 46801.137 -64726.9 5140.51 -69867.4 1214.2252
4.71 273.90612 -202.24968 46754.435 -65041 5233.43 -70274.4 1216.3794
4.72 262.57099 335.03417 46525.255 -65344.4 5016.85 -70361.2 1216.7444
4.73 267.60143 222.59893 46562.55 -65092.4 5112.97 -70205.3 1220.3881
4.74 275.51596 -356.60775 47066.937 -64805.4 5264.19 -70069.6 1227.312
4.75 261.61077 -254.77116 46982.145 -65203.1 4998.51 -70201.6 1235.3827
4.76 271.61758 520.28839 46339 -64739.7 5189.7 -69929.4 1223.2044
4.77 259.986 -448.53969 46721.146 -65146.3 4967.46 -70113.8 1238.9411
4.78 258.64611 264.97487 46316.362 -65146.1 4941.86 -70087.9 1236.6211
4.79 272.79584 -111.8946 46510.364 -64748.7 5212.22 -69960.9 1239.153
4.8 266.9316 164.33548 46530.73 -64763.1 5100.17 -69863.2 1243.0931
4.81 269.83046 -409.02256 47005.797 -64891.3 5155.56 -70046.9 1260.4466
4.82 267.41 -228.54072 46618.72 -64972.4 5109.31 -70081.7 1261.7337
4.83 265.00049 488.59113 46377.948 -64822.3 5063.27 -69885.5 1262.7558
4.84 269.30566 416.35711 46288.372 -64572.7 5145.53 -69718.2 1272.0746
4.85 266.88523 298.4034 46637.234 -64882.7 5099.28 -69982 1280.9226
4.86 269.28056 -227.98872 46935.82 -65217.7 5145.05 -70362.8 1290.8273
4.87 265.58177 -480.81122 46748.333 -65218.7 5074.38 -70293.1 1287.8917
4.88 268.43483 -649.557 47224.757 -64981.4 5128.89 -70110.2 1299.3751
4.89 273.5251 460.18475 46509.886 -65465.1 5226.15 -70691.3 1289.4188
4.9 261.67888 -23.308447 46856.709 -65958.7 4999.81 -70958.5 1296.6667
4.91 267.35116 -434.16753 47224.181 -65411.3 5108.19 -70519.5 1301.5646
4.92 267.33065 -194.51026 46753.733 -65698.8 5107.8 -70806.6 1301.3046
4.93 271.75191 -904.83252 47233.869 -65531.9 5192.27 -70724.2 1315.5777
4.94 268.11072 546.44558 46519.893 -65481.7 5122.7 -70604.4 1306.7207
4.95 260.84549 730.00887 46545.409 -65613.5 4983.89 -70597.4 1311.2858
4.96 274.43454 -174.30978 46924.381 -65424.4 5243.53 -70667.9 1318.2966
4.97 273.33726 167.63095 46645.549 -65587.1 5222.56 -70809.6 1315.1884
4.98 271.35259 70.249064 46535.627 -65236.6 5184.64 -70421.2 1315.851
4.99 268.37087 -40.899924 46698.17 -64790.4 5127.67 -69918.1 1321.6255
5 268.19356 -15.793206 46774.608 -65107.8 5124.28 -70232.1 1327.9536
5.01 266.79976 -605.58583 47104.337 -65211.8 5097.65 -70309.4 1337.6171
5.02 263.65483 -662.34582 47345.611 -64995 5037.56 -70032.5 1339.9788
5.03 259.88208 -211.99637 46755.773 -65612 4965.48 -70577.4 1334.3703
5.04 275.82065 817.77757 46330.735 -65149.4 5270.01 -70419.4 1329.6512
5.05 267.06195 249.3475 46485.518 -65361.8 5102.66 -70464.4 1332.0711
5.06 278.47526 186.5413 46587.658 -65429.5 5320.73 -70750.2 1337.5114
5.07 264.49941 -178.71528 46798.349 -65407.7 5053.7 -70461.4 1348.2378
5.08 266.45431 -331.85602 46908.042 -65082.1 5091.05 -70173.1 1350.9212
5.09 264.66189 277.88822 46268.62 -65051.9 5056.8 -70108.7 1343.0886
5.1 271.68887 269.28817 46617.49 -65005.6 5191.07 -70196.7 1359.3471
5.11 269.57767 472.98502 46366.663 -65180.3 5150.73 -70331 1360.3364
5.12 265.62153 125.06147 46638.381 -64904.9 5075.14 -69980 1364.7022
5.13 266.58875 -196.75543 46797.758 -65174.5 5093.62 -70268.1 1373.8345
5.14 258.38411 112.13633 46602.887 -65287.3 4936.86 -70224.1 1367.9031
5.15 269.36798 450.49638 46382.9 -64999.4 5146.72 -70146.1 1363.9049
5.16 263.95801 -190.22935 46739.695 -65354.8 5043.36 -70398.2 1380.3268
5.17 260.94606 94.040988 46691.409 -64757.9 4985.81 -69743.7 1381.2526
5.18 259.10929 -628.68836 46884.025 -64989.1 4950.71 -69939.8 1390.2759
5.19 266.99179 -245.2734 46937.472 -64544.1 5101.32 -69645.4 1399.7593
5.2 269.86135 358.48733 46448.432 -64979.1 5156.15 -70135.3 1397.5302
5.21 270.04278 -496.59079 46988.273 -64623.6 5159.62 -69783.2 1413.048
5.22 269.66262 -445.06199 46953.994 -64870.2 5152.35 -70022.5 1422.2163
5.23 262.60578 -473.82909 46822.766 -65328.5 5017.52 -70346 1429.3592
5.24 276.95881 -258.65463 46820.177 -64706.5 5291.76 -69998.3 1429.9952
5.25 270.59916 -390.02321 46760.681 -64985.3 5170.25 -70155.5 1427.4061
5.26 269.94346 -7.4251944 46789.49 -64970.1 5157.72 -70127.8 1429.0117
5.27 279.567 488.20824 46610.56 -64602.2 5341.59 -69943.8 1435.9428
5.28 266.80246 -57.089287 46915.171 -64907.6 5097.7 -70005.3 1438.7622
5.29 267.9615 560.1893 46276.73 -65257.2 5119.85 -70377 1434.5147
5.3 265.4353 -59.300121 46690.501 -65186.7 5071.58 -70258.3 1447.982
5.31 266.74424 -548.91179 46914.735 -64865.4 5096.59 -69962 1454.1899
5.32 269.63208 393.05891 46459.837 -64735.6 5151.77 -69887.4 1451.208
5.33 259.99448 216.85064 46524.434 -65062.9 4967.63 -70030.6 1459.346
5.34 264.68401 -299.12872 46775.284 -64839.4 5057.23 -69896.6 1470.919
5.35 261.64649 207.71071 46544.473 -65063.5 4999.19 -70062.7 1467.2646
5.36 284.81119 632.00975 46558.029 -64475.8 5441.79 -69917.6 1473.4625
5.37 276.39519 -408.82868 46669.032 -64931.1 5280.99 -70212.1 1479.348
5.38 270.73583 -351.40356 46890.203 -64914.1 5172.86 -70087 1493.6297
5.39 268.52417 -399.45898 46826.195 -65175.8 5130.6 -70306.4 1497.1578
5.4 278.84545 145.60991 46490.684 -64708.4 5327.8 -70036.2 1492.7074
5.41 272.91037 -31.90114 46529.016 -65067.2 5214.41 -70281.6 1503.7644
5.42 265.55502 -122.73184 46725.637 -65531.4 5073.87 -70605.2 1509.468
5.43 273.23767 211.77809 46610.15 -65371.5 5220.66 -70592.2 1511.9834
5.44 264.11445 -617.43635 46990.76 -65216.5 5046.34 -70262.9 1531.023
5.45 275.5248 -41.107664 46629.518 -65436.9 5264.36 -70701.2 1527.0281
5.46 269.40867 296.11375 46603.388 -65540.6 5147.5 -70688.1 1533.9954
5.47 275.33003 632.7078 46354.908 -65578.6 5260.64 -70839.2 1534.3733
5.48 275.66929 -601.46893 47157.507 -65328.8 5267.12 -70595.9 1554.2492
5.49 265.96617 255.84393 46833.606 -65863.6 5081.72 -70945.3 1551.576
5.5 271.34136 0.78344626 46892.681 -65562.5 5184.43 -70747 1555.4743
5.51 265.56687 -185.29077 46855.024 -65701.6 5074.1 -70775.7 1557.6484
5.52 267.46882 155.91582 46751.213 -66063.8 5110.44 -71174.2 1555.1967
5.53 270.47269 -37.408758 46684.692 -65877.1 5167.83 -71044.9 1553.2388
5.54 270.36544 -767.72951 46878.31 -65687.6 5165.78 -70853.3 1561.4476
5.55 272.90443 -493.59815 47042.086 -65625.6 5214.29 -70839.9 1564.0137
5.56 270.74264 89.281396 46773.138 -66299 5172.99 -71472 1560.5869
5.57 268.54488 -748.97731 47072.024 -65992.6 5131 -71123.6 1569.2044
5.58 268.8111 192.4705 46715.202 -65869.6 5136.08 -71005.7 1564.6417
5.59 276.86817 135.95454 46956.983 -65961.7 5290.03 -71251.8 1573.1952
5.6 272.64635 113.55414 46726.601 -65725.7 5209.36 -70935 1565.1706
5.61 267.91259 17.590049 46700.113 -65792.6 5118.91 -70911.5 1565.0148
5.62 267.42377 78.073883 46883.431 -65700.7 5109.57 -70810.3 1571.4122
5.63 272.92733 185.76553 46803.252 -65610.1 5214.73 -70824.9 1577.1432
5.64 274.69904 658.21732 46522.929 -65335.8 5248.58 -70584.4 1577.6478
5.65 267.26487 -659.94162 47159.975 -65710 5106.54 -70816.5 1597.1232
5.66 267.87418 -431.61166 46926.847 -65698.4 5118.18 -70816.6 1595.7829
5.67 266.48546 -524.6487 47159.3 -65673.3 5091.65 -70764.9 1594.1153
5.68 263.58033 -809.85465 47166.759 -66126.7 5036.14 -71162.9 1595.4934
5.69 267.49463 -334.76828 46951.556 -66222.5 5110.93 -71333.5 1594.4942
5.7 283.46601 -568.84747 47212.405 -65983.8 5416.09 -71399.9 1607.5475
5.71 270.15222 377.34456 46639.021 -66373.3 5161.71 -71535.1 1594.8563
5.72 269.1105 104.93621 46704.61 -66184 5141.8 -71325.8 1599.066
5.73 265.57358 256.30107 46663.979 -66680.9 5074.22 -71755.1 1602.7559
5.74 270.28916 -82.503407 46803.656 -66161.9 5164.32 -71326.2 1611.0184
5.75 270.16608 184.44148 46733.481 -66459.7 5161.97 -71621.7 1610.7672
5.76 276.34352 -6.0577674 46931.86 -66270.1 5280 -71550.1 1615.5792
5.77 274.60854 -862.59969 47243.199 -66307.9 5246.85 -71554.7 1621.5039
5.78 271.58909 -446.6065 47106.663 -65971.7 5189.16 -71160.8 1619.8287
5.79 274.45764 381.19771 46648.579 -66233.9 5243.97 -71477.9 1606.7403
5.8 266.11608 -115.06405 46828.323 -66438.3 5084.59 -71522.9 1613.2909
5.81 274.41516 -328.78703 47080.165 -66118.9 5243.16 -71362.1 1621.7148
5.82 258.15488 87.91584 46847.82 -66542.8 4932.48 -71475.3 1614.5465
5.83 274.24541 -69.101127 46677.12 -66179.7 5239.91 -71419.6 1610.7419
5.84 269.49937 205.55197 46697.572 -66603.8 5149.23 -71753 1610.6707
5.85 268.33244 -216.24424 46765.807 -66299.2 5126.94 -71426.2 1615.2606
5.86 276.94976 -87.344425 46892.471 -66463.7 5291.58 -71755.3 1620.4696
5.87 272.06644 303.55476 46645.328 -66652.7 5198.28 -71851 1613.4377
5.88 264.81316 -338.05933 46929.099 -66863.7 5059.69 -71923.4 1622.7626
5.89 259.01829 -73.66806 47026.055 -66483.3 4948.97 -71432.3 1625.8193
5.9 263.22623 -767.0324 47283.224 -66597.9 5029.37 -71627.3 1637.1287
5.91 260.03761 -583.62382 47165.483 -66667.8 4968.45 -71636.3 1634.657
5.92 265.03449 -117.39224 46912.967 -66487 5063.92 -71550.9 1632.7049
5.93 280.85757 167.02086 46646.924 -66224 5366.25 -71590.3 1629.1812
5.94 259.29062 -487.61501 46989.837 -66440.8 4954.18 -71394.9 1638.1678
5.95 267.84769 23.306984 47017.843 -66674.4 5117.67 -71792 1639.3127
5.96 276.92942 584.51199 46607.839 -66453.8 5291.2 -71745 1628.7724
5.97 279.37589 407.53637 46690.765 -66514.9 5337.94 -71852.8 1635.0922
5.98 272.84949 -256.28859 46889.143 -66477.5 5213.24 -71690.7 1635.7187
5.99 270.44664 -512.94482 47297.229 -66343 5167.33 -71510.3 1646.1967
6 264.76059 -128.87719 46742.422 -66836.2 5058.69 -71894.9 1639.8179
6.01 273.81987 468.73007 46635.809 -66323.3 5231.78 -71555.1 1637.1516
6.02 267.20867 -57.438379 46759.557 -66536.1 5105.46 -71641.6 1640.3846
6.03 264.13845 13.20025 46712.107 -66569.1 5046.8 -71615.9 1637.8034
6.04 273.35577 218.60282 46667.47 -66339.6 5222.92 -71562.5 1637.3901
6.05 269.25303 314.48372 46651.01 -66348.5 5144.53 -71493 1638.3332
6.06 269.29105 304.93272 46631.743 -66608.6 5145.25 -71753.9 1640.1416
6.07 267.79151 356.18423 46694.364 -66590.7 5116.6 -71707.3 1641.209
6.08 257.74834 90.932746 46710.896 -66640.2 4924.71 -71564.9 1645.8581
6.09 274.64391 -528.30336 47228.39 -66635.8 5247.53 -71883.3 1659.6337
6.1 270.68402 -281.0853 47047.696 -66432.5 5171.87 -71604.4 1655.7893
6.11 270.82305 -397.81613 47143.568 -66576.5 5174.52 -71751 1655.9124
6.12 255.25522 -552.69668 47164.554 -67125.8 4877.07 -72002.8 1659.3164
6.13 263.05941 270.04037 46734.198 -66721.3 5026.19 -71747.4 1652.8115
6.14 281.46831 520.36733 46621.32 -66131.3 5377.92 -71509.2 1650.2248
6.15 267.54615 301.88175 46610.398 -66703.8 5111.91 -71815.7 1648.1895
6.16 265.88606 197.1706 46670.496 -66887.2 5080.19 -71967.4 1651.6028
6.17 271.97905 549.51989 46612.341 -66355.7 5196.61 -71552.3 1651.4575
6.18 269.36398 86.314108 46938.664 -66453.7 5146.65 -71600.4 1661.3738
6.19 275.02602 -674.05247 47200.233 -66597.6 5254.83 -71852.4 1673.1236
6.2 259.04108 212.84432 46734.312 -66874 4949.41 -71823.4 1665.6717
6.21 273.22634 169.81947 46708.698 -66455.9 5220.44 -71676.4 1668.1245
6.22 263.88169 516.67081 46737.345 -66863.5 5041.9 -71905.4 1673.9448
6.23 270.77731 92.79542 46782.887 -66504.4 5173.65 -71678.1 1676.5007
6.24 267.27487 -684.39495 47183.754 -66638.7 5106.73 -71745.4 1686.0639
6.25 274.24984 289.74862 46705.465 -66568.9 5240 -71808.9 1677.6514
6.26 269.53942 -13.270638 46926.537 -66746.5 5150 -71896.5 1687.3232
6.27 266.62856 205.37457 46732.275 -66911.6 5094.38 -72005.9 1682.2215
6.28 274.06157 -426.34203 47105.889 -66517 5236.4 -71753.4 1693.7828
6.29 255.4603 -363.57386 47138.171 -66908.5 4880.99 -71789.5 1692.1769
6.3 270.26531 -516.99288 47097.357 -66652.2 5163.87 -71816.1 1691.8602
6.31 265.70965 -23.534639 46820.925 -66988.3 5076.82 -72065.1 1685.3614
6.32 275.14519 271.02109 46695.2 -66310.5 5257.11 -71567.6 1689.0941
6.33 265.22517 107.86643 46689.697 -66306.8 5067.57 -71374.3 1693.7537
6.34 272.17662 553.99894 46460.881 -66552.6 5200.39 -71753 1690.2345
6.35 278.19027 -516.19248 47194.094 -65954.5 5315.29 -71269.8 1711.9759
6.36 267.97822 -323.01507 46867.77 -66208.6 5120.17 -71328.7 1701.4747
6.37 268.47316 -861.86097 47423.486 -66301.4 5129.63 -71431 1719.448
6.38 265.42337 -616.37476 47012.842 -66623.7 5071.35 -71695 1706.3057
6.39 274.42346 144.4775 46710.562 -66360.9 5243.32 -71604.3 1700.8675
6.4 262.208 -559.42133 46985.52 -66748 5009.92 -71757.9 1708.3216
6.41 259.80336 -472.18706 46971.044 -66564.7 4963.97 -71528.7 1709.492
6.42 275.95665 -644.44322 47074.571 -66231.6 5272.61 -71504.2 1713.5559
6.43 269.50299 686.37849 46520.28 -66438.5 5149.3 -71587.8 1706.6454
6.44 263.69796 -188.50114 46904.063 -66529.1 5038.39 -71567.5 1714.772
6.45 272.96409 -83.782465 46964.7 -66201.5 5215.43 -71416.9 1718.7775
6.46 272.38671 -37.549392 46894.779 -66526.4 5204.4 -71730.8 1716.5559
6.47 270.30002 295.97049 46603.556 -66317 5164.53 -71481.6 1706.0917
6.48 267.76702 65.659331 46914.069 -66240.1 5116.13 -71356.2 1714.3731
6.49 269.54478 -327.11598 46989.361 -65981.5 5150.1 -71131.6 1711.8456
6.5 268.53239 -257.93209 46914.322 -66372.4 5130.76 -71503.2 1712.1735
6.51 266.79224 53.31312 46921.927 -66046.2 5097.51 -71143.7 1712.9597
6.52 275.6346 -44.853242 46759.659 -66108.4 5266.46 -71374.9 1712.6817
6.53 270.13731 543.90271 46672.665 -66316.3 5161.42 -71477.8 1711.5118
6.54 271.31511 431.98747 46601.9 -66304.8 5183.92 -71488.7 1713.6423
6.55 268.66177 -87.048488 47002.414 -66314.4 5133.23 -71447.6 1724.6016
6.56 263.61824 281.18343 46653.282 -66592.4 5036.86 -71629.2 1716.4113
6.57 273.827 -512.90727 47279.145 -66233 5231.92 -71464.9 1729.9413
6.58 270.47292 264.94689 46799.803 -66400.1 5167.83 -71568 1718.855
6.59 259.0012 -293.34798 46972.831 -66703.9 4948.65 -71652.6 1726.8866
6.6 262.42838 33.394518 46719.608 -66889.2 5014.13 -71903.3 1721.5335
6.61 269.26661 384.00223 46639.066 -66554.6 5144.79 -71699.3 1722.2964
6.62 277.23662 246.48819 46694.778 -66630.6 5297.07 -71927.7 1727.7171
6.63 260.70715 107.5344 46680.862 -67053.5 4981.24 -72034.8 1724.8989
6.64 260.20998 -270.05372 47099.905 -66910.2 4971.74 -71882 1736.9149
6.65 281.14922 -440.06243 47165.667 -66515.8 5371.82 -71887.6 1741.5671
6.66 272.50152 -436.52307 47040.824 -66352.5 5206.59 -71559.1 1737.2933
6.67 264.92262 -378.7531 47115.881 -66613.3 5061.79 -71675 1741.4216
6.68 273.8005 -174.06096 46979.566 -66294.2 5231.41 -71525.6 1737.6062
6.69 272.02723 -151.44327 46813.047 -66447.4 5197.53 -71644.9 1733.6305
6.7 269.29963 -197.43533 46919.627 -65993.1 5145.42 -71138.5 1741.3701
6.71 260.28589 -203.75477 46902.604 -66682.8 4973.19 -71656 1743.942
6.72 271.87507 -467.42712 47007.822 -66356.5 5194.62 -71551.1 1751.2914
6.73 268.72849 327.85632 46665.31 -66379.2 5134.5 -71513.7 1747.0019
6.74 267.49124 -161.82437 47018.224 -66324.7 5110.86 -71435.5 1760.1547
6.75 264.03219 -402.13746 47066.415 -66354.5 5044.77 -71399.3 1762.3445
6.76 271.09972 314.41959 46633.075 -66256.8 5179.81 -71436.6 1754.3312
6.77 275.86788 -40.808471 46620.064 -66170.9 5270.91 -71441.8 1754.3138
6.78 269.4326 -45.387178 46686.955 -66344.1 5147.96 -71492.1 1754.9795
6.79 266.4611 -32.176577 46766.753 -66258 5091.18 -71349.2 1758.4879
6.8 276.43058 268.66947 46642.579 -66129.8 5281.66 -71411.4 1764.2065
6.81 285.76809 547.5632 46635.284 -66301.7 5460.07 -71761.7 1764.2512
6.82 267.20357 143.52187 46771.885 -66595.4 5105.37 -71700.7 1772.1705
6.83 269.10482 -79.567492 46815.949 -66407.2 5141.69 -71548.9 1776.4898
6.84 257.00635 -532.24331 47095.201 -66670.2 4910.53 -71580.7 1784.0182
6.85 277.19443 -29.99682 46972.182 -66376.7 5296.26 -71673 1777.7187
6.86 273.92102 -145.25739 46939.648 -66457.8 5233.72 -71691.6 1777.7108
6.87 263.05816 -269.98353 47019.207 -67000 5026.16 -72026.2 1774.5181
6.88 272.21113 -463.26614 46998.596 -66350.7 5201.05 -71551.8 1777.0254
6.89 271.15635 11.570907 46986.758 -66884.3 5180.89 -72065.2 1777.2218
6.9 267.809 -280.70748 47101.776 -66527.4 5116.93 -71644.4 1781.3391
6.91 269.6774 -29.974997 46748.346 -66483.1 5152.63 -71635.8 1780.0681
6.92 270.27416 -54.476402 46949.719 -66454.9 5164.04 -71618.9 1793.2571
6.93 271.91715 -228.24287 46898.966 -66498.8 5195.43 -71694.2 1796.5813
6.94 282.05983 70.879311 46749.69 -66251.3 5389.22 -71640.5 1790.7734
6.95 273.76779 -245.13115 47107.552 -66670 5230.79 -71900.8 1800.0974
6.96 260.17874 301.38716 46728.184 -66451.3 4971.15 -71422.4 1792.4312
6.97 274.68743 63.850127 46976.64 -66162.3 5248.36 -71410.6 1800.2594
6.98 274.60674 457.35094 46514.535 -66289 5246.82 -71535.8 1791.6996
6.99 270.66411 257.80615 46731.883 -66680.2 5171.49 -71851.7 1798.2338
7 268.25759 458.64238 46486.615 -66824.6 5125.51 -71950.1 1792.0223
7.01 270.98937 623.62159 46399.072 -66782.7 5177.7 -71960.4 1791.1302
7.02 272.64732 531.90359 46566.139 -66724.3 5209.38 -71933.7 1795.4966
7.03 272.86039 -328.72231 47104.377 -66448.9 5213.45 -71662.4 1808.4616
7.04 270.49207 -165.83142 46786.388 -66574.5 5168.2 -71742.7 1804.6893
7.05 270.88031 -417.49161 47125.458 -66191.3 5175.62 -71366.9 1814.0664
7.06 268.27479 -883.72168 47053.103 -66177.5 5125.83 -71303.4 1819.5799
7.07 271.49643 409.0948 46600.494 -66140.6 5187.39 -71328 1809.4616
7.08 266.34746 -121.06573 46801.375 -66041.2 5089.01 -71130.2 1816.6105
7.09 273.36032 -57.885354 46967.636 -65720.5 5223 -70943.5 1818.5803
7.1 281.16179 364.0791 46630.158 -65689 5372.06 -71061 1808.7674
7.11 268.43088 105.74967 46600.343 -65776.8 5128.82 -70905.6 1809.2912
7.12 260.73576 -413.44943 46900.065 -65656.9 4981.79 -70638.7 1826.5295
7.13 269.37413 733.61593 46300.71 -65734.6 5146.84 -70881.5 1811.8022
7.14 270.43774 -64.29408 46743.222 -65390 5167.16 -70557.2 1824.6451
7.15 264.83896 208.01085 46641.973 -65648.4 5060.19 -70708.6 1830.4422
7.16 271.83163 59.509228 46686.871 -65597.1 5193.79 -70790.9 1839.4173
7.17 265.27835 50.629809 46866.45 -65927.5 5068.58 -70996.1 1849.7749
7.18 266.58592 -170.31166 46881.499 -65813.3 5093.57 -70906.9 1847.0594
7.19 267.89753 -155.23859 46892.092 -65725.6 5118.63 -70844.2 1851.7697
7.2 281.93394 -374.30991 46902.65 -65358.9 5386.82 -70745.7 1855.0986
7.21 262.04569 381.03016 46654.361 -65649.3 5006.82 -70656.1 1851.7098
7.22 262.77423 473.20499 46666.42 -65741.7 5020.74 -70762.5 1855.5376
7.23 272.80146 46.42825 46593.226 -65280.8 5212.32 -70493.1 1863.837
7.24 260.88 -130.01082 46703.271 -65475.3 4984.55 -70459.9 1870.6135
7.25 267.62701 -560.7125 46893.513 -65274.5 5113.46 -70388 1873.9404
7.26 265.44008 73.390266 46539.592 -65380 5071.67 -70451.6 1869.9917
7.27 269.86205 -197.37061 46922.636 -65372.3 5156.16 -70528.4 1881.4551
7.28 261.18274 -177.36261 46805.632 -65449.9 4990.33 -70440.3 1884.2464
7.29 272.40645 -19.630339 46681.496 -64835.5 5204.78 -70040.3 1885.43
7.3 268.93927 -431.0812 46904.674 -64837.1 5138.53 -69975.6 1902.5039
7.31 271.69621 -170.02054 46666.386 -64315.3 5191.21 -69506.6 1901.7735
7.32 274.0269 -111.94378 46693.031 -64477.9 5235.74 -69713.6 1910.0938
7.33 269.96314 432.06662 46595.271 -64498.9 5158.09 -69657 1912.2874
7.34 272.93829 326.36152 46668.633 -64610.8 5214.94 -69825.8 1927.2221
7.35 276.68271 -102.14317 46447.954 -64359.8 5286.48 -69646.3 1926.5096
7.36 265.33062 -66.073146 46299.517 -64152.5 5069.58 -69222.1 1926.2702
7.37 274.5123 -305.70458 46360.452 -64157.1 5245.01 -69402.1 1929.399
7.38 280.2166 552.83785 46429.385 -63768.1 5354 -69122.1 1938.8339
7.39 265.91722 119.90252 46479.863 -63861.8 5080.79 -68942.6 1944.3227
7.4 272.06526 -103.77137 46665.715 -63599.6 5198.26 -68797.9 1963.7688
7.41 262.09019 125.21865 46693.192 -63745 5007.67 -68752.6 1974.1557
7.42 263.6353 -190.5411 46448.332 -63787.5 5037.19 -68824.6 1976.3312
7.43 269.7098 -65.282759 46492.052 -63524.6 5153.25 -68677.8 1989.0963
7.44 260.22489 -524.60476 46557.815 -63759.1 4972.03 -68731.1 1993.4418
7.45 273.57927 276.7511 46377.631 -63626.2 5227.19 -68853.4 1997.3651
7.46 268.46142 255.92986 46206.402 -63744 5129.4 -68873.4 2012.3964
7.47 262.49701 -413.62943 46675.189 -63828.6 5015.44 -68844.1 2028.0772
7.48 267.57293 -82.549336 46501.667 -63514.4 5112.42 -68626.8 2025.8352
7.49 274.71804 -117.41744 46566.372 -63748 5248.94 -68997 2035.4148
7.5 266.66219 43.909826 46515.59 -63802.9 5095.02 -68897.9 2048.1541
7.51 264.1841 -166.46947 46435.544 -64149.2 5047.68 -69196.9 2055.0833
7.52 263.60872 -283.90818 46525.601 -63853.9 5036.68 -68890.6 2065.9437
7.53 272.12065 912.74102 45934.949 -63910.1 5199.32 -69109.5 2059.3438
7.54 266.54073 -84.971997 46370.824 -63414.7 5092.7 -68507.4 2091.6104
7.55 268.55357 -259.81699 46672.015 -63143.6 5131.16 -68274.8 2109.2259
7.56 264.27528 171.93344 46256.887 -63199.8 5049.42 -68249.2 2102.0843
7.57 262.35022 -215.29503 46510.489 -63213.5 5012.64 -68226.2 2117.941
7.58 266.99861 -593.80243 46510.898 -63156.4 5101.45 -68257.9 2130.5983
7.59 270.08844 -513.70836 46748.588 -63214.3 5160.49 -68374.7 2147.3578
7.6 279.84444 -559.97171 46679.365 -62787 5346.89 -68133.9 2160.9269
7.61 273.88701 -193.7706 46446.266 -62844.7 5233.07 -68077.8 2171.0257
7.62 271.12512 13.549263 46364.417 -62992.5 5180.29 -68172.8 2177.692
7.63 263.94346 -472.11591 46656.909 -63385 5043.08 -68428.1 2189.6232
7.64 271.82166 347.57849 46260.707 -63245.6 5193.6 -68439.2 2184.7475
7.65 274.20619 285.37279 46262.267 -63619.7 5239.16 -68858.8 2200.368
7.66 266.4976 203.57937 46344.829 -63828.4 5091.88 -68920.2 2216.9085
7.67 273.93231 -180.43726 46655.927 -63785 5233.93 -69019 2232.8993
7.68 268.61211 95.5204 46377.867 -63831.6 5132.28 -68963.9 2229.3646
7.69 269.85852 -62.541974 46290.037 -63764.7 5156.09 -68920.8 2237.1702
7.7 265.32314 -75.958347 46503.927 -63700.6 5069.44 -68770 2258.9158
7.71 272.16031 -48.204854 46639.037 -64014.3 5200.07 -69214.3 2271.1785
7.72 271.11593 -528.08341 46815.524 -63576.9 5180.12 -68757 2282.8148
7.73 270.78305 183.294 46377.537 -63992 5173.76 -69165.8 2269.8852
7.74 267.75853 385.51907 46358.526 -63814.7 5115.97 -68930.7 2279.6676
7.75 265.34547 -401.83435 46650.72 -64031.5 5069.87 -69101.4 2302.4872
7.76 272.605 -794.15071 46700.725 -64025.4 5208.57 -69234 2306.4044
7.77 263.87339 218.6379 46438.677 -63980.4 5041.74 -69022.1 2302.0876
7.78 270.63346 839.90156 46000.277 -63734.5 5170.9 -68905.4 2293.6813
7.79 263.51764 45.299788 46470.881 -63891 5034.94 -68926 2319.0516
7.8 269.41821 477.63629 46520.291 -64290.9 5147.68 -69438.6 2333.3067
7.81 267.66979 99.768126 46584.492 -64350.1 5114.28 -69464.3 2347.0113
7.82 268.96734 79.02016 46448.134 -64312.1 5139.07 -69451.1 2348.2127
7.83 265.74952 -531.47342 46553.018 -64467.7 5077.59 -69545.3 2357.7995
7.84 272.19461 378.32495 46510.839 -64833.9 5200.73 -70034.6 2355.5482
7.85 274.62227 108.79737 46739.153 -64300.7 5247.11 -69547.8 2371.2918
7.86 267.11815 -54.627928 46611.741 -64635.9 5103.74 -69739.7 2381.1705
7.87 267.79987 8.3051381 46506.589 -64561.2 5116.76 -69678 2382.0834
7.88 268.34032 -457.44033 46688.927 -64360.1 5127.09 -69487.1 2390.6507
7.89 275.08226 -355.58153 46745.021 -63861.2 5255.9 -69117.1 2399.2813
7.9 265.79773 327.78353 46414.556 -64158.1 5078.51 -69236.6 2391.4289
7.91 268.89619 -50.892569 46427.198 -64024.7 5137.71 -69162.4 2404.1619
7.92 268.47141 448.20673 46405.368 -64449 5129.59 -69578.6 2415.6123
7.93 280.777 -463.43158 46857.326 -64411.5 5364.71 -69776.2 2436.4163
7.94 255.77196 10.097382 46451.977 -64759.9 4886.95 -69646.9 2430.4636
7.95 266.83287 -202.74212 46681.197 -64702.1 5098.28 -69800.4 2445.4805
7.96 273.3485 223.66393 46576.877 -64868.9 5222.78 -70091.7 2444.733
7.97 265.92734 -223.12494 46640.519 -64927.4 5080.98 -70008.4 2450.3234
7.98 265.67832 748.90686 46356.778 -65308.9 5076.23 -70385.1 2447.4996
7.99 270.87335 -680.7513 46896.628 -64818.3 5175.48 -69993.8 2475.2578
8 269.44709 -260.21568 46951.85 -65035.3 5148.23 -70183.5 2482.7148
8.01 266.33744 -835.31214 47195.537 -64615.8 5088.82 -69704.7 2502.3273
8.02 273.25215 -93.465686 46838.015 -65104.9 5220.94 -70325.8 2496.0446
8.03 274.43301 114.22943 46668.345 -65264.8 5243.5 -70508.3 2494.0426
8.04 270.80809 -211.26449 46610.658 -65225.1 5174.24 -70399.4 2499.2959
8.05 261.95702 -153.46926 46739.081 -65526.6 5005.12 -70531.7 2508.4365
8.06 269.93716 -333.01055 46895.001 -65162.1 5157.6 -70319.7 2520.5855
8.07 265.48472 484.11635 46341.829 -65539.3 5072.53 -70611.8 2502.3554
8.08 269.19374 -35.803516 46829.569 -65097.1 5143.39 -70240.4 2524.1789
8.09 268.71706 257.3461 46551.48 -65280.3 5134.29 -70414.6 2524.9575
8.1 279.2586 -68.973216 46566.277 -64830 5335.7 -70165.7 2533.9393
8.11 261.35844 96.549159 46829.653 -65487 4993.69 -70480.7 2549.5942
8.12 272.26549 -295.07047 46958.631 -65309.2 5202.08 -70511.3 2559.28
8.13 272.92396 429.68238 46758.253 -65357.9 5214.66 -70572.6 2551.0551
8.14 275.8107 501.22474 46637.654 -65401 5269.82 -70670.8 2551.5036
8.15 280.90075 -468.3641 47091.75 -65230.1 5367.07 -70597.2 2567.528
8.16 266.62508 15.625923 46852.883 -65138.5 5094.31 -70232.8 2565.9713
8.17 264.98304 -18.221782 46713.792 -65454.7 5062.94 -70517.6 2558.951
8.18 276.8816 711.16463 46352.889 -64967 5290.28 -70257.3 2548.7154
8.19 273.84046 700.64659 46099.775 -64853.4 5232.18 -70085.6 2535.6879
8.2 271.93067 124.92659 46728.335 -65185.1 5195.69 -70380.8 2570.2158
8.21 278.69551 -622.29826 46972.05 -65336 5324.94 -70661 2585.3335
8.22 260.35127 -753.79742 47017.99 -65741.6 4974.44 -70716 2599.1947
8.23 264.69809 -301.57915 46870.262 -65453.3 5057.5 -70510.8 2589.8551
8.24 266.31406 184.89086 46725.074 -65665.2 5088.37 -70753.6 2584.9846
8.25 266.69361 280.18137 46548.252 -65728.3 5095.62 -70824 2574.031
8.26 266.31635 -9.5360167 46756.521 -65851.7 5088.42 -70940.1 2579.0892
8.27 270.66818 -388.20937 46782.803 -65861.1 5171.56 -71032.7 2581.8807
8.28 269.11798 351.4748 46590.073 -65955.1 5141.95 -71097 2579.5446
8.29 268.5133 -98.017285 46940.855 -66020.4 5130.39 -71150.8 2596.9236
8.3 279.62958 -669.42683 47189.736 -65799.5 5342.79 -71142.2 2609.9187
8.31 270.14816 -189.26942 46808.177 -65923.1 5161.63 -71084.7 2597.7029
8.32 276.46552 -187.74051 46835.424 -65689.8 5282.33 -70972.1 2600.7767
8.33 272.07584 252.00458 46695.77 -66248.2 5198.46 -71446.6 2603.1159
8.34 268.79275 25.667987 46708.121 -66346.5 5135.73 -71482.3 2602.8474
8.35 275.99149 100.38852 46670.965 -66267.2 5273.28 -71540.5 2600.1335
8.36 265.49757 -202.89037 46892.559 -66468.8 5072.77 -71541.6 2609.8862
8.37 266.08539 -111.52164 46811.223 -66113.3 5084 -71197.3 2609.0646
8.38 258.29138 223.22743 46510.84 -66235 4935.09 -71170.1 2604.2376
8.39 274.13948 725.84562 46431.988 -65849.6 5237.89 -71087.5 2603.4415
8.4 267.20144 492.56108 46698.932 -66066.1 5105.33 -71171.4 2617.2265
8.41 268.82713 -308.15483 47019.626 -66315.9 5136.39 -71452.3 2628.8721
8.42 265.2195 -557.75413 47004.084 -66224.7 5067.46 -71292.1 2626.412
8.43 282.163 -211.48964 46963.91 -65974.3 5391.19 -71365.5 2629.8096
8.44 264.99001 96.113261 46834.723 -66335.6 5063.07 -71398.7 2629.0348
8.45 265.49663 -30.881317 46871.564 -66139.8 5072.75 -71212.6 2634.4964
8.46 262.2862 -846.46131 47107.278 -66479.6 5011.41 -71491 2650.131
8.47 272.55786 -691.17544 47221.742 -66204.5 5207.67 -71412.2 2652.2824
8.48 266.72038 322.58588 46573.088 -66353.8 5096.14 -71449.9 2623.3987
8.49 263.32861 50.687164 46831.935 -66414.2 5031.33 -71445.5 2630.6882
8.5 263.07676 -243.88588 46939.769 -66761.6 5026.52 -71788.2 2635.2604
8.51 270.4083 -67.223439 46862.122 -66338.8 5166.6 -71505.4 2635.0814
8.52 266.10634 -770.41369 47222.712 -66718.2 5084.4 -71802.6 2651.3221
8.53 276.2437 -774.3786 47225.811 -66497.3 5278.09 -71775.4 2653.0289
8.54 265.50493 -508.72947 47222.178 -66346.1 5072.91 -71419 2656.9927
8.55 273.82651 315.11104 46625.169 -66289.3 5231.91 -71521.3 2636.8274
8.56 275.9398 314.6006 46577.705 -66483.1 5272.29 -71755.4 2642.4645
8.57 274.37273 346.62863 46680.414 -66092.6 5242.35 -71334.9 2648.5073
8.58 263.72953 -518.05845 47051.386 -66537.1 5038.99 -71576.1 2670.1526
8.59 268.24299 -163.35575 46687.657 -66485.1 5125.23 -71610.3 2657.1323
8.6 267.78709 83.482765 46710.311 -66581.8 5116.52 -71698.3 2664.4999
8.61 282.46247 289.0955 46649.183 -66431.4 5396.91 -71828.3 2662.3303
8.62 272.06224 725.0271 46445.435 -66624.3 5198.2 -71822.5 2659.4415
8.63 278.62816 222.8529 46644.535 -66381.1 5323.65 -71704.7 2668.1437
8.64 268.74581 395.89336 46529.623 -66689 5134.83 -71823.8 2663.2302
8.65 275.36034 3.7377363 46720.113 -66362 5261.22 -71623.2 2674.9864
8.66 265.34666 -789.49653 47259.168 -66634.6 5069.89 -71704.5 2695.0895
8.67 277.19258 280.17191 46719.511 -66360.5 5296.22 -71656.7 2674.3262
8.68 270.69271 -277.45799 47149.21 -66421.3 5172.03 -71593.4 2694.7048
8.69 274.59904 -393.33115 46997.76 -65821.3 5246.67 -71068 2698.6302
8.7 269.96098 -485.53302 47066.321 -66328.7 5158.05 -71486.7 2703.849
8.71 267.46243 31.377491 46728.588 -66457.5 5110.31 -71567.8 2693.4262
8.72 276.8233 442.2326 46567.847 -66438.6 5289.17 -71727.7 2691.2015
8.73 265.4087 192.34594 46744.453 -66618.4 5071.07 -71689.4 2698.6532
8.74 271.74208 -36.958185 46816.443 -66486.3 5192.08 -71678.4 2705.9954
8.75 277.24786 448.13234 46603.408 -66339.7 5297.28 -71637 2699.2793
8.76 265.25893 166.32538 46695.953 -66603.3 5068.21 -71671.5 2704.508
8.77 276.64216 209.58646 46760.281 -65984.3 5285.71 -71270 2704.9685
8.78 271.15036 513.55032 46483.443 -66525.3 5180.78 -71706.1 2693.2976
8.79 269.77185 -438.16598 47026.554 -66466.2 5154.44 -71620.6 2713.3001
8.8 257.95078 -362.78121 47040.893 -66303.1 4928.58 -71231.7 2715.8117
8.81 270.1603 360.71231 46829.391 -66322.9 5161.86 -71484.7 2707.0144
8.82 266.51558 79.698204 46859.884 -66371 5092.22 -71463.2 2704.6835
8.83 280.9406 -273.55511 46872.514 -65923.4 5367.84 -71291.3 2706.3965
8.84 270.20821 -25.453574 46846.983 -66466.4 5162.78 -71629.2 2708.2744
8.85 270.14538 458.71175 46516.809 -66615.5 5161.58 -71777 2693.26
8.86 270.12264 -237.35011 46884.946 -66198.9 5161.14 -71360.1 2712.35
8.87 272.18406 -540.28752 47264.236 -66327.2 5200.53 -71527.7 2724.8246
8.88 262.50994 56.846833 46712.421 -66789.8 5015.69 -71805.5 2706.8861
8.89 280.15095 765.18366 46511.936 -66212.9 5352.75 -71565.7 2697.6208
8.9 264.39061 -717.37656 47200.441 -66747.1 5051.62 -71798.7 2724.7719
8.91 272.2757 494.9891 46541.356 -66882.7 5202.28 -72085 2699.4963
8.92 273.66109 242.6802 46800.06 -66361.7 5228.75 -71590.4 2714.2829
8.93 269.65843 -384.40379 47103.765 -66672.9 5152.27 -71825.2 2724.6602
8.94 277.68091 285.52242 46712.274 -66448.5 5305.55 -71754.1 2706.5174
8.95 269.76014 -434.1948 47172.831 -66574.8 5154.21 -71729 2723.806
8.96 279.68984 44.665471 46704.894 -66460.1 5343.94 -71804.1 2708.7172
8.97 277.73719 403.17525 46607.062 -66244 5306.63 -71550.6 2706.9712
8.98 264.65842 -210.87124 46930.712 -66423 5056.74 -71479.7 2720.6873
8.99 270.63407 -714.41875 47295.21 -66087.4 5170.91 -71258.3 2737.9358
9 268.36858 -59.055551 46895.742 -66220.4 5127.63 -71348 2721.5142
9.01 264.20614 -63.586662 46883.957 -66426.3 5048.1 -71474.4 2722.4551
9.02 271.94543 -237.31589 46825.645 -66082.2 5195.97 -71278.1 2720.6362
9.03 271.18881 255.51115 46582.764 -66372.7 5181.51 -71554.2 2712.8216
9.04 275.9157 331.37481 46644.429 -66250.9 5271.83 -71522.8 2716.4203
9.05 267.07013 -499.06202 47085.283 -66290.6 5102.82 -71393.4 2734.789
9.06 274.92661 -70.682029 46971.862 -66383.7 5252.93 -71636.6 2733.3249
9.07 276.22788 260.92909 46736.807 -66105.1 5277.79 -71382.9 2725.7731
9.08 276.38556 311.28061 46671.854 -66492.9 5280.8 -71773.7 2725.0026
9.09 271.07492 -122.45459 46893.989 -66237.7 5179.34 -71417 2732.0477
9.1 273.62726 75.046038 46650.297 -66113.3 5228.1 -71341.4 2722.1566
9.11 273.35229 148.14508 46514.05 -65944.3 5222.85 -71167.1 2722.1016
9.12 271.18095 -428.41585 47116.429 -66384.5 5181.36 -71565.9 2751.1338
9.13 277.32853 317.12711 46696.598 -66330.5 5298.82 -71629.3 2734.9941
9.14 274.72884 236.37978 46741.478 -66243.8 5249.15 -71493 2736.4177
9.15 281.26915 595.68861 46460.708 -66347.2 5374.11 -71721.3 2720.359
9.16 271.31743 162.96247 46794.178 -66104 5183.97 -71288 2738.3791
9.17 273.19426 422.06794 46576.563 -66027.2 5219.83 -71247 2735.1203
9.18 265.12965 -95.878229 47033.076 -66482.7 5065.74 -71548.5 2754.179
9.19 261.48682 -539.81864 47133.742 -66738.2 4996.14 -71734.4 2762.1933
9.2 269.00135 587.16471 46682.464 -66577.6 5139.72 -71717.3 2746.3956
9.21 261.7845 272.35525 46671.921 -66641 5001.83 -71642.9 2744.1604
9.22 276.0818 -221.46238 46902.18 -66183.9 5275 -71458.9 2755.4469
9.23 266.33116 63.583105 46992.686 -66541.1 5088.7 -71629.8 2764.1611
9.24 283.64519 104.79789 46708.598 -66106.1 5419.51 -71525.6 2753.1512
9.25 262.39665 -222.63658 46911.156 -66332.5 5013.52 -71346 2761.5029
9.26 267.76275 -343.47468 46931.713 -66259.8 5116.05 -71375.9 2765.8313
9.27 270.1112 -200.86488 46987.834 -66354.9 5160.92 -71515.8 2766.6947
9.28 271.34241 -256.68221 46843.652 -66457.9 5184.45 -71642.3 2764.422
9.29 282.5446 469.13728 46658.068 -66329.8 5398.48 -71728.3 2760.6925
9.3 261.31739 1.6445489 46686.712 -66648 4992.9 -71640.9 2759.5277
9.31 269.02281 100.17327 46911.725 -66885.3 5140.13 -72025.5 2768.9098
9.32 266.37875 -102.08417 46871.768 -66438.7 5089.61 -71528.3 2771.6552
9.33 273.75989 -62.142277 46780.587 -66678.2 5230.64 -71908.9 2764.4074
9.34 261.00276 -541.65967 47169.213 -66834.5 4986.89 -71821.4 2780.8796
9.35 270.52184 -13.870777 46962.255 -66687.3 5168.77 -71856.1 2770.295
9.36 268.59988 -77.831722 47029.737 -66903.5 5132.05 -72035.5 2775.43
9.37 277.09668 -665.12985 47454.055 -66463.2 5294.39 -71757.6 2790.0278
9.38 270.17191 -488.49948 46962.53 -66718.2 5162.08 -71880.3 2772.6191
9.39 272.55686 -150.89698 46859.301 -66726.4 5207.65 -71934 2769.0634
9.4 277.52145 114.04143 46840.159 -66330.3 5302.51 -71632.8 2774.2035
9.41 268.30501 543.10939 46464.6 -66707 5126.41 -71833.5 2761.9564
9.42 272.49302 -242.25087 46950.933 -66311.5 5206.43 -71517.9 2786.2186
9.43 264.00789 -375.65595 46883.816 -66538.4 5044.31 -71582.8 2785.0294
9.44 270.95525 -33.545287 46873.275 -66256.9 5177.05 -71434 2787.8344
9.45 275.13668 498.92782 46584.606 -66392.2 5256.94 -71649.1 2777.5862
9.46 274.7382 -115.45568 46874.309 -66098 5249.33 -71347.3 2786.9926
9.47 276.08357 456.02246 46662.093 -66118.8 5275.03 -71393.8 2781.2969
9.48 279.38132 -116.06356 47017.594 -65784.1 5338.04 -71122.2 2802.7857
9.49 268.22011 -366.04657 47055.828 -65764.8 5124.79 -70889.6 2815.6626
9.5 264.38471 66.837723 46968.025 -66255.4 5051.51 -71306.9 2817.4428
9.51 274.80237 -512.65546 47067.278 -66079 5250.56 -71329.6 2829.0323
9.52 264.02975 -158.07712 46984.416 -66407.8 5044.73 -71452.6 2826.6137
9.53 269.40263 53.980151 46843.619 -66348.1 5147.38 -71495.4 2817.4638
9.54 269.27606 -521.01847 46841.127 -66543.7 5144.97 -71688.7 2819.5065
9.55 278.87911 486.96154 46509.153 -66108.8 5328.45 -71437.3 2804.9948
9.56 275.8014 450.39025 46637.788 -66251.3 5269.64 -71521 2807.7824
9.57 286.89369 -658.5662 47019.595 -65949.4 5481.58 -71430.9 2826.7963
9.58 262.05827 -60.348706 46898.821 -66466.7 5007.06 -71473.7 2824.5279
9.59 272.23547 100.15848 46708.621 -66261.1 5201.51 -71462.6 2821.2511
9.6 268.53624 542.27652 46517.829 -66141 5130.83 -71271.8 2813.3515
9.61 263.70299 538.66295 46434.818 -66367.7 5038.48 -71406.2 2815.0511
9.62 278.18793 627.30496 46501.984 -66434.9 5315.24 -71750.2 2825.1743
9.63 263.00435 531.85313 46614.809 -66320.3 5025.13 -71345.4 2831.3295
9.64 273.16066 135.03107 46921.371 -66288.8 5219.19 -71507.9 2848.7168
9.65 262.86142 -105.15797 46871.727 -66381 5022.4 -71403.4 2850.3398
9.66 273.14364 -425.07327 47122.196 -66051.8 5218.86 -71270.7 2860.4283
9.67 268.4334 -154.49456 46767.754 -66317 5128.87 -71445.8 2844.7738
9.68 269.25554 332.59575 46676.533 -66198.3 5144.57 -71342.9 2843.4146
9.69 267.48868 201.50075 46646.229 -65989 5110.81 -71099.8 2835.0699
9.7 264.40832 -400.95067 46914.948 -66271.5 5051.96 -71323.5 2847.8152
9.71 268.1533 104.35831 46666.466 -66382.9 5123.51 -71506.5 2838.8425
9.72 270.9413 796.6869 46496.887 -66247.2 5176.78 -71424 2835.791
9.73 271.41488 480.89296 46625.716 -66493.4 5185.83 -71679.2 2846.5416
9.74 268.64355 567.13194 46434.359 -66332.6 5132.88 -71465.5 2839.1538
9.75 278.4272 147.04894 46849.524 -66087 5319.81 -71406.8 2862.4989
9.76 277.106 -34.433082 46892.998 -66216.1 5294.57 -71510.7 2865.2986
9.77 277.53645 -188.5314 46934.651 -65805.6 5302.79 -71108.4 2869.2953
9.78 264.8409 -119.98849 46796.934 -66152.1 5060.22 -71212.3 2867.2419
9.79 265.23516 539.87248 46486.831 -66469.3 5067.76 -71537 2859.556
9.8 266.65592 177.53688 46727.474 -66080 5094.9 -71174.9 2875.9491
9.81 270.26971 475.08584 46617.803 -66306.3 5163.95 -71470.3 2869.2597
9.82 267.84489 715.25845 46375.923 -66212.8 5117.62 -71330.4 2862.1587
9.83 273.52286 1.0711867 46771.069 -65839.6 5226.11 -71065.7 2884.1167
9.84 265.92043 -243.06333 47080.638 -66474.8 5080.85 -71555.7 2898.1764
9.85 274.79318 -478.03906 47072.245 -66018.3 5250.38 -71268.6 2897.696
9.86 274.2665 30.405071 46914.376 -66268.2 5240.32 -71508.5 2896.1179
9.87 271.88367 -494.92726 47125.374 -65996.6 5194.79 -71191.4 2906.4141
9.88 273.15719 626.5483 46716.869 -65714 5219.12 -70933.1 2897.8759
9.89 265.57104 300.4537 46704.067 -66057.2 5074.18 -71131.4 2904.6221
9.9 264.73079 507.80859 46530.893 -66414.2 5058.12 -71472.3 2903.0499
9.91 264.89839 208.17656 46778.699 -66168.6 5061.32 -71230 2915.2199
9.92 274.91715 323.69067 46514.874 -66222 5252.75 -71474.7 2901.2762
9.93 278.65002 495.20193 46572.64 -66525.5 5324.07 -71849.5 2903.4829
9.94 282.02482 -293.58599 47116.523 -66089.8 5388.55 -71478.3 2925.7802
9.95 269.36779 -354.35184 46892.17 -66342.5 5146.72 -71489.2 2917.7593
9.96 270.85036 -811.78638 47203.876 -66200 5175.05 -71375 2934.5308
9.97 275.53012 -30.897261 46786.755 -66194.7 5264.46 -71459.2 2921.572
9.98 264.06646 -244.33105 47087.671 -66458 5045.43 -71503.5 2938.9042
