0 267.12418 -52.584036 21898.064 -29867 2395.34 -32262.4 6.5086043
0.01 267.50692 639.75695 21729.806 -29758.5 2398.78 -32157.3 15.860603
0.02 267.21748 -113.34053 21731.899 -30099.3 2396.18 -32495.5 25.197327
0.03 269.99704 -155.66378 21780.916 -29671.1 2421.11 -32092.2 35.941057
0.04 261.76637 -321.0942 21808.003 -29707.1 2347.3 -32054.4 47.09954
0.05 274.46828 467.87076 21594.212 -29630.2 2461.2 -32091.4 56.411597
0.06 275.43358 -655.46478 22060.513 -29654.4 2469.86 -32124.3 68.963632
0.07 256.73852 1102.2812 21691.007 -29834.1 2302.22 -32136.3 84.550311
0.08 265.16054 847.58669 21531.439 -29608 2377.74 -31985.7 97.272662
0.09 267.33454 94.271837 21806.198 -29845 2397.23 -32242.3 112.55168
0.1 274.21672 -106.8388 21895.635 -29608.9 2458.94 -32067.8 121.054
0.11 266.36092 89.868122 21665.029 -29671.1 2388.5 -32059.6 131.70621
0.12 269.61499 57.638981 21841.661 -29854.7 2417.68 -32272.4 149.16777
0.13 275.43822 -447.38328 21816.81 -29654.5 2469.9 -32124.4 161.86955
0.14 265.99518 -535.34576 21878.616 -29723.6 2385.22 -32108.8 168.03805
0.15 267.58645 581.11284 21601.731 -29779 2399.49 -32178.4 186.06455
0.16 253.78173 -86.79943 21817.818 -29698.8 2275.7 -31974.5 194.60732
0.17 274.52391 -293.14856 21964.351 -29663.9 2461.7 -32125.6 210.44013
0.18 283.11508 113.33826 21742.146 -29951.4 2538.74 -32490.1 220.91406
0.19 262.78349 160.82212 21885.77 -30097.3 2356.42 -32453.8 241.80378
0.2 276.83981 67.944344 21916.641 -30354.2 2482.47 -32836.6 240.58141
0.21 259.29653 56.918902 21870.563 -30249.4 2325.15 -32574.5 255.24133
0.22 254.24417 863.45061 21661.106 -30429.2 2279.85 -32709 253.83957
0.23 264.04386 679.41817 21689.873 -30383.1 2367.72 -32750.8 261.98753
0.24 269.5883 -288.55388 21977.832 -30449.9 2417.44 -32867.3 267.01014
0.25 272.75456 -854.15288 21961.302 -30658.4 2445.83 -33104.2 274.93594
0.26 255.68627 -452.04471 22069.439 -30739.9 2292.78 -33032.7 272.37703
0.27 258.22267 -108.85514 21924.59 -30711 2315.52 -33026.5 273.34809
0.28 274.03835 -48.989526 21981.255 -30507.7 2457.35 -32965.1 275.83415
0.29 264.20688 598.03882 21808.082 -30699.5 2369.19 -33068.7 276.88627
0.3 271.1816 183.42239 21922.83 -30844.7 2431.73 -33276.4 281.00926
0.31 259.53054 -242.67696 21920.361 -31040.9 2327.25 -33368.1 279.77043
0.32 264.82227 19.251755 21972.387 -31255 2374.7 -33629.7 285.46384
0.33 261.01338 -142.73556 22068.466 -31708.4 2340.55 -34048.9 287.48256
0.34 273.51528 -668.17262 22168.861 -32145.2 2452.65 -34597.9 288.40658
0.35 273.27532 -217.03059 22084.293 -32000.1 2450.5 -34450.6 286.75709
0.36 255.55334 -137.79705 22015.094 -32364.6 2291.59 -34656.1 286.2117
0.37 266.41797 72.755895 21988.511 -32039.2 2389.01 -34428.2 285.51317
0.38 276.14267 119.2737 21970.292 -31978.7 2476.22 -34454.9 284.92559
0.39 269.41902 166.34322 21944.902 -32162.2 2415.92 -34578.2 284.55791
0.4 278.51105 464.34243 21872.111 -31895 2497.45 -34392.5 284.02444
0.41 262.62224 634.47392 21773.704 -32152.9 2354.98 -34507.9 283.45588
0.42 251.03603 155.62786 21902.177 -32280.3 2251.08 -34531.3 284.98051
0.43 264.85892 708.991 21819.014 -32130.4 2375.03 -34505.4 283.8169
0.44 270.55866 289.84457 21904.21 -32263.7 2426.14 -34689.8 284.97576
0.45 280.51701 201.97147 21960.818 -32116.8 2515.44 -34632.2 286.08212
0.46 270.21213 -0.048390739 21993.908 -31989.2 2423.04 -34412.2 286.40587
0.47 271.70348 -278.00445 22064.492 -32058.6 2436.41 -34495 286.79153
0.48 274.35145 -311.37228 22096.977 -32036.2 2460.15 -34496.3 286.76007
0.49 270.04344 -501.07543 22150.368 -32098.8 2421.52 -34520.3 287.50617
0.5 273.42737 -858.39353 22248.027 -32022.4 2451.87 -34474.3 288.27135
0.51 261.37251 -147.39436 22017.439 -32187.9 2343.77 -34531.6 285.81674
0.52 267.84764 303.11694 21897.029 -32095.9 2401.83 -34497.8 284.14705
0.53 261.40689 182.35367 21939.385 -32107.7 2344.08 -34451.7 284.28719
0.54 257.12786 291.37524 21887.313 -32182 2305.71 -34487.7 283.95011
0.55 280.02333 -101.01239 22045.783 -32029.6 2511.01 -34540.6 285.96018
0.56 264.23669 -204.39053 22073.097 -32141.7 2369.45 -34511.2 287.03676
0.57 262.52071 -495.65133 22121.779 -32235 2354.06 -34589.1 287.25886
0.58 252.38189 -903.18502 22218.824 -32050.3 2263.15 -34313.5 288.15742
0.59 260.02004 -142.42288 22013.372 -32003.2 2331.64 -34334.9 286.22676
0.6 267.70143 -467.52747 22105.78 -31992.9 2400.52 -34393.4 286.71034
0.61 274.87235 373.72012 21901.465 -32130.1 2464.82 -34595 284.81131
0.62 268.24413 194.1986 21942.838 -31965.6 2405.39 -34371 284.17076
0.63 280.06885 699.49936 21793.699 -32066.9 2511.42 -34578.4 283.5355
0.64 256.66011 62.198176 21968.186 -32138.9 2301.51 -34440.4 284.66259
0.65 260.08196 394.60854 21866.743 -32178.7 2332.2 -34510.9 284.41159
0.66 267.54227 792.54147 21746.224 -32218 2399.09 -34617.1 283.91825
0.67 264.20264 78.226725 21967.994 -32079.2 2369.15 -34448.4 285.77613
0.68 263.22871 -290.1456 22070.925 -32305.3 2360.41 -34665.7 286.89211
0.69 267.8611 -427.73803 22127.658 -32078.7 2401.95 -34480.6 287.24392
0.7 259.58929 -888.52792 22205.302 -32261.1 2327.78 -34588.8 288.50679
0.71 272.39586 -301.46289 22078.794 -32137.2 2442.62 -34579.8 287.21213
0.72 266.46307 -322.09393 22068.815 -32195.1 2389.42 -34584.5 285.64719
0.73 260.60841 -272.08589 22051.655 -32254 2336.92 -34590.9 285.50462
0.74 274.37729 -123.4226 22014.864 -32087.3 2460.38 -34547.7 285.24983
0.75 267.46547 274.1456 21927.138 -32201.5 2398.41 -34599.9 284.75791
0.76 281.93713 452.94478 21878.959 -31923.4 2528.18 -34451.6 284.10476
0.77 268.2635 444.51521 21860.565 -32157.3 2405.56 -34562.8 284.07154
0.78 280.69416 357.94119 21901.328 -32080.8 2517.03 -34597.8 285.49699
0.79 271.03231 441.49681 21872.957 -32030.6 2430.39 -34460.9 284.56132
0.8 269.31134 214.27741 21936.43 -32055.3 2414.96 -34470.3 286.29589
0.81 274.20087 150.68331 21955.504 -32142.1 2458.8 -34600.9 285.71831
0.82 261.44447 55.541974 21952.706 -32054.1 2344.41 -34398.5 286.11673
0.83 268.87124 191.5109 21928.007 -32079.2 2411.01 -34490.2 285.93345
0.84 280.98581 161.42502 21946.797 -32148.9 2519.64 -34668.5 285.94692
0.85 256.57006 -63.277513 22018.621 -32018.4 2300.7 -34319.1 285.56136
0.86 263.63983 -179.32011 22018.137 -32172.1 2364.1 -34536.2 284.67286
0.87 280.53752 -81.505242 22038.047 -32008.2 2515.62 -34523.9 285.11616
0.88 274.42847 -394.15397 22058.499 -32151.3 2460.84 -34612.2 285.22541
0.89 275.52635 -421.20955 22105.822 -32126.7 2470.69 -34597.4 286.50082
0.9 268.47579 -13.219607 22017.957 -32191.4 2407.47 -34598.9 285.62732
0.91 288.42614 -244.56242 22095.848 -31896.3 2586.36 -34482.7 287.01425
0.92 266.65592 203.23193 21913.21 -32196.6 2391.15 -34587.7 286.32292
0.93 255.02362 285.51796 21924.416 -31985.7 2286.84 -34272.5 286.67517
0.94 253.67903 152.9676 21935.07 -32235.1 2274.78 -34509.9 285.98608
0.95 277.54389 914.17251 21723.834 -32050.8 2488.78 -34539.6 284.15702
0.96 260.8383 696.83456 21810.982 -32148.3 2338.98 -34487.3 284.32829
0.97 255.26626 107.87313 21954.085 -32217.9 2289.01 -34506.9 285.79801
0.98 270.35936 -217.75313 22048.739 -32148.8 2424.36 -34573.2 286.43592
0.99 261.50874 -35.56662 22013.291 -32197.6 2344.99 -34542.6 286.26074
1 269.78546 -633.97939 22186.142 -31935.6 2419.21 -34354.8 287.01159
1.01 263.29847 -68.83434 22028.411 -32175.1 2361.04 -34536.1 285.46175
1.02 272.99339 -261.27446 22051.199 -32059.1 2447.98 -34507.1 285.1257
1.03 254.03742 100.23946 21969.344 -32245.8 2277.99 -34523.8 284.78395
1.04 273.3285 365.31868 21931.277 -32004.1 2450.98 -34455.1 283.96291
1.05 270.93072 66.386367 21956.473 -32155.8 2429.48 -34585.3 284.91158
1.06 284.53206 436.30626 21884.948 -31963.4 2551.44 -34514.9 284.69084
1.07 272.46035 620.55197 21825.005 -32119.3 2443.2 -34562.5 284.83711
1.08 272.79772 419.61664 21907.515 -32010 2446.22 -34456.2 285.4028
1.09 269.39841 -22.562051 21997.888 -32199 2415.74 -34614.7 286.84276
1.1 254.8902 -158.17794 22068.601 -32094 2285.64 -34379.6 286.92534
1.11 269.9393 -363.66001 22125.236 -32021.9 2420.59 -34442.5 287.28786
1.12 258.47576 -276.6865 22016.038 -32212.6 2317.79 -34530.4 286.16042
1.13 271.07667 -617.91681 22163.108 -32133.5 2430.79 -34564.3 286.76341
1.14 264.13004 -467.39558 22095.567 -32123.8 2368.5 -34492.3 286.29583
1.15 270.34586 -473.31437 22152.438 -31948 2424.23 -34372.3 286.74494
1.16 274.7931 -465.25417 22161.521 -32037.6 2464.11 -34501.7 286.46139
1.17 258.07822 -184.2368 22052.93 -32335.3 2314.23 -34649.6 286.05695
1.18 259.65901 -79.721111 22003.087 -32097.2 2328.4 -34425.6 285.01965
1.19 263.07385 -601.99086 22154.436 -32348.6 2359.03 -34707.6 286.97798
1.2 275.75067 -242.42849 22036.151 -32191.3 2472.7 -34664 286.35903
1.21 263.60418 -520.29889 22133.562 -32158.8 2363.78 -34522.5 287.241
1.22 260.14032 -599.31023 22158.636 -32282.8 2332.72 -34615.5 288.15279
1.23 268.00209 -126.83561 22055.329 -32096 2403.22 -34499.2 286.8768
1.24 271.14704 -412.21183 22091.832 -32137.5 2431.42 -34568.9 287.27516
1.25 263.99584 -177.14311 22018.86 -32186 2367.29 -34553.3 286.24792
1.26 264.02729 -139.50377 22022.707 -32031.3 2367.57 -34398.9 286.33533
1.27 268.41865 47.688298 21977.907 -32205 2406.95 -34611.9 286.13262
1.28 278.06447 46.333012 21977.574 -31993.8 2493.45 -34487.2 285.21789
1.29 257.21653 -307.70942 22075.009 -32263.3 2306.5 -34569.8 285.94496
1.3 283.51702 -23.598892 22015.975 -32007.8 2542.34 -34550.2 285.72411
1.31 275.05929 220.73815 21943.153 -32141.4 2466.5 -34607.9 284.09521
1.32 279.27844 534.37306 21883.619 -31921.1 2504.33 -34425.5 282.93242
1.33 263.47774 152.57739 21959.108 -32135.7 2362.65 -34498.4 285.64367
1.34 268.61837 146.53071 21950.243 -32134 2408.74 -34542.7 285.7828
1.35 261.93233 42.521244 21993.842 -32229.8 2348.79 -34578.6 286.00465
1.36 273.51336 -425.59315 22095.529 -32127.3 2452.64 -34580 287.69337
1.37 272.88284 -240.81725 22094.525 -31968.6 2446.98 -34415.5 287.97871
1.38 261.29502 -800.50927 22182.768 -32122.3 2343.07 -34465.4 288.0897
1.39 266.43754 -898.9426 22251.681 -32062.6 2389.19 -34451.8 288.85895
1.4 268.76316 -375.99099 22091.739 -32274.2 2410.04 -34684.2 286.91996
1.41 278.23611 -41.206728 21999.725 -32073.7 2494.99 -34568.7 285.56331
1.42 261.31386 13.912512 21987.148 -32030.1 2343.24 -34373.3 284.56601
1.43 282.75894 -18.678861 21989.241 -31985.4 2535.54 -34520.9 284.58871
1.44 264.40763 100.75219 21947.403 -32106.8 2370.99 -34477.8 284.62891
1.45 270.80993 242.21562 21919.266 -32243.8 2428.4 -34672.2 285.23476
1.46 257.60327 322.77466 21923.03 -32215 2309.97 -34524.9 285.30722
1.47 262.98164 614.36117 21815.017 -32237.6 2358.2 -34595.8 284.8507
1.48 269.87466 112.55654 21954.82 -32084.2 2420.01 -34504.2 286.10467
1.49 253.08324 167.43542 21960.89 -32148.1 2269.44 -34417.6 285.60003
1.5 276.70614 384.22946 21914.887 -31993 2481.27 -34474.3 285.19219
1.51 266.79082 477.04076 21870.038 -32144.1 2392.36 -34536.4 284.28454
1.52 271.11831 138.83641 21969.128 -31969.5 2431.16 -34400.7 285.48516
1.53 276.85757 238.25397 21953.404 -32182.8 2482.63 -34665.4 285.27595
1.54 263.30979 684.61162 21786.967 -32164.8 2361.14 -34525.9 283.46535
1.55 275.83326 257.00392 21904.101 -32075.4 2473.44 -34548.8 284.80666
1.56 248.69382 102.59156 21917.242 -32236.9 2230.08 -34466.9 285.33689
1.57 275.34218 387.73001 21878.348 -31951.4 2469.04 -34420.4 284.91931
1.58 260.10147 222.78208 21925.939 -32196.5 2332.37 -34528.8 285.58432
1.59 272.75575 175.67024 21957.815 -31971.8 2445.84 -34417.6 286.18941
1.6 260.61709 -94.138573 22012.953 -32239.2 2336.99 -34576.2 286.93204
1.61 273.29422 -177.70032 22040.553 -32081.3 2450.67 -34532 286.63501
1.62 272.47419 -565.98463 22168.38 -32060.9 2443.32 -34504.3 286.64043
1.63 260.48921 -90.857999 22008.932 -32328.5 2335.85 -34664.3 284.95949
1.64 261.00338 -362.35312 22074.864 -32082.6 2340.46 -34423.1 285.16925
1.65 269.57296 -12.827914 21975.712 -32273.4 2417.3 -34690.7 284.49675
1.66 278.28798 -190.47827 22095.725 -32008.1 2495.45 -34503.5 285.69777
1.67 281.8649 61.835681 21973.328 -32068.7 2527.53 -34596.3 284.55214
1.68 272.51484 24.343915 21995.604 -31976.7 2443.68 -34420.4 285.01097
1.69 262.29009 237.2434 21884.31 -32149.4 2352 -34501.4 284.1894
1.7 283.32019 211.05212 21929.315 -31903.1 2540.58 -34443.7 285.64999
1.71 263.72023 826.13419 21774.605 -32187.8 2364.82 -34552.6 284.35773
1.72 258.12901 208.66203 21909.029 -32328.3 2314.68 -34643 285.49486
1.73 280.63281 218.73214 21938.507 -32083.5 2516.48 -34599.9 285.99069
1.74 258.96378 42.993019 21968.666 -32329.7 2322.17 -34651.9 285.54299
1.75 271.27257 -95.991373 22056.167 -32022.4 2432.54 -34455 286.69598
1.76 283.13806 -400.71216 22106.08 -31996.7 2538.94 -34535.7 286.74012
1.77 254.71038 -91.478203 22028.48 -32200 2284.03 -34484 285.26605
1.78 282.91257 -28.45082 22013.776 -31961.5 2536.92 -34498.4 285.59898
1.79 274.21082 -411.53898 22089.3 -32152.2 2458.89 -34611.1 285.86185
1.8 272.34179 -259.38746 22101.464 -31922.7 2442.13 -34364.8 286.34937
1.81 253.63722 -201.1704 22007.109 -32182 2274.41 -34456.4 286.24909
1.82 290.53311 -240.82707 22087.12 -31987.5 2605.26 -34592.8 287.05215
1.83 267.09732 -240.61023 22037.303 -32175.9 2395.1 -34571 286.25632
1.84 274.08966 -332.82625 22084.599 -32055.9 2457.81 -34513.7 287.10221
1.85 254.27132 -203.97491 22002.073 -32279.2 2280.09 -34559.3 285.9306
1.86 270.58034 -115.42626 22009.503 -32161.6 2426.34 -34587.9 285.27908
1.87 280.9515 -260.02566 22058.113 -31903.5 2519.34 -34422.8 286.00247
1.88 271.27115 125.95957 21963.343 -32152.8 2432.53 -34585.3 284.55077
1.89 271.07936 517.00004 21874.056 -31856.3 2430.81 -34287.2 284.54008
1.9 274.84675 -55.092384 21991.345 -32134.8 2464.59 -34599.4 284.63122
1.91 289.05894 -198.03046 22040.878 -31966.2 2592.04 -34558.2 285.67767
1.92 263.55756 -112.84132 22033.279 -32181.7 2363.36 -34545.1 285.85862
1.93 266.35347 -632.12915 22163.754 -32164.2 2388.43 -34552.7 287.91443
1.94 253.17311 -410.05839 22098.16 -32318.2 2270.24 -34588.4 287.2864
1.95 267.31593 -300.3567 22052.993 -32099.5 2397.06 -34496.5 286.69662
1.96 267.97466 -619.20611 22160.995 -32101.7 2402.97 -34504.6 287.74672
1.97 268.27973 -232.5837 22078.463 -31948.2 2405.71 -34353.9 287.35208
1.98 274.00522 -227.66928 22060.138 -32184.2 2457.05 -34641.2 286.63789
1.99 271.34516 -158.38235 22047.967 -32007 2433.2 -34440.2 286.75648
2 259.57585 -155.08656 22017.626 -32048.7 2327.66 -34376.3 286.18689
2.01 261.77038 48.762204 21969.085 -32355.4 2347.34 -34702.7 285.71309
2.02 263.94311 80.635116 21975.339 -32065.6 2366.82 -34432.5 286.14162
2.03 263.43872 -12.900911 21998.978 -32055.5 2362.3 -34417.8 285.26569
2.04 254.2712 269.04807 21913.039 -32177.6 2280.09 -34457.7 284.86849
2.05 278.00874 439.05692 21898.69 -31920.4 2492.95 -34413.4 284.84391
2.06 270.09096 482.45276 21841.285 -32145.7 2421.95 -34567.7 284.00868
2.07 278.37101 144.28981 22008.625 -31913.1 2496.2 -34409.3 285.14854
2.08 279.22314 122.90193 21988.66 -32160 2503.84 -34663.9 285.56593
2.09 268.50241 -304.1694 22064.483 -31993.8 2407.7 -34401.5 286.44817
2.1 263.02504 -344.63424 22084.365 -32176.5 2358.59 -34535.1 286.49488
2.11 260.0911 -173.32626 22031.953 -32141.3 2332.28 -34473.6 286.70828
2.12 260.10056 -249.53803 22050.362 -32116.8 2332.36 -34449.2 286.96759
2.13 266.60567 130.85498 21957.268 -32258.3 2390.7 -34649 286.30594
2.14 273.04055 475.83832 21849.705 -32200.2 2448.4 -34648.6 285.35569
2.15 284.00193 278.62163 21944.718 -31966 2546.69 -34512.7 285.55964
2.16 259.87309 402.62765 21861.905 -32171.1 2330.32 -34501.4 284.55798
2.17 278.09403 165.6692 21966.481 -31976.6 2493.71 -34470.3 285.36211
2.18 267.6179 645.75069 21806.316 -32018.3 2399.77 -34418 283.77606
2.19 254.17642 -178.9311 22004.558 -32105 2279.24 -34384.2 285.428
2.2 274.13722 -247.25368 22106.921 -31983.4 2458.23 -34441.7 286.06172
2.21 257.78389 -253.5555 22059.588 -32168.5 2311.59 -34480.1 285.87247
2.22 261.42908 -723.57756 22227.465 -31888.1 2344.28 -34232.3 288.30748
2.23 276.41386 -632.75784 22176.208 -32129.9 2478.65 -34608.5 287.89224
2.24 260.26641 -340.01568 22083.069 -32184.4 2333.85 -34518.3 287.3449
2.25 253.17893 -458.53556 22118.636 -32152.8 2270.3 -34423.1 287.6449
2.26 269.05839 -9.1755786 21992.985 -32060.4 2412.69 -34473 286.01438
2.27 254.26887 501.68611 21796.282 -32252.2 2280.07 -34532.3 284.00803
2.28 263.84329 366.0148 21881.434 -32135.9 2365.92 -34501.9 284.78565
2.29 276.48381 398.37447 21883.045 -31889.6 2479.27 -34368.8 284.65075
2.3 257.356 195.16784 21931.571 -32173.4 2307.75 -34481.1 285.48287
2.31 278.69029 23.179328 21977.796 -32057.6 2499.06 -34556.6 285.88468
2.32 259.19937 116.85633 21964.023 -32299.1 2324.28 -34623.3 286.12864
2.33 272.16822 15.461104 22004.606 -32151.4 2440.58 -34591.9 286.30794
2.34 274.53863 -182.45354 22019.881 -31890.8 2461.83 -34352.6 286.02983
2.35 263.8938 -31.181307 21953.984 -32129.1 2366.38 -34495.4 285.30902
2.36 273.0665 -135.29932 22031.633 -31999.4 2448.63 -34448 285.98372
2.37 266.18306 20.22551 21973.503 -32144.3 2386.91 -34531.2 285.08458
2.38 275.97147 8.4557376 22004.046 -31961.9 2474.68 -34436.5 285.93558
2.39 257.48342 27.926238 21977.269 -32219.8 2308.89 -34528.7 285.51801
2.4 263.03561 89.760327 21962.719 -32086.6 2358.68 -34445.2 285.78109
2.41 264.17653 331.5645 21889.5 -32314.6 2368.91 -34683.5 285.30053
2.42 266.03448 887.21061 21749.735 -32048.5 2385.57 -34434.1 283.68536
2.43 262.29809 14.928933 21981.012 -32228.2 2352.07 -34580.2 285.93523
2.44 262.65534 468.43588 21876.254 -32196.6 2355.27 -34551.9 284.29924
2.45 269.02595 150.05483 21956.066 -32123.5 2412.4 -34535.9 284.70985
2.46 263.58143 -78.124008 22021.3 -32100.6 2363.58 -34464.2 286.24706
2.47 261.55842 -38.869428 21969.13 -32210 2345.44 -34555.4 285.35169
2.48 269.50044 -577.6627 22114.309 -32139 2416.65 -34555.7 287.33281
2.49 269.1626 13.531368 21955.798 -32152.5 2413.62 -34566.1 286.34929
2.5 252.04398 50.479945 21941.652 -32295.8 2260.12 -34555.9 285.75302
2.51 261.16535 88.894573 21980.018 -32085.4 2341.91 -34427.3 286.32638
2.52 260.50571 42.450417 21969.971 -32413.2 2336 -34749.2 285.59036
2.53 267.36876 53.128355 21986.524 -32047.7 2397.54 -34445.2 285.87121
2.54 267.25956 -304.5737 22069.581 -32007.5 2396.56 -34404 286.26919
2.55 256.83554 -299.71996 22043.644 -32399.7 2303.09 -34702.8 285.91009
2.56 274.5968 -310.51868 22082.015 -32022.7 2462.35 -34485 287.06208
2.57 258.9059 -1029.1758 22229.432 -32189.8 2321.65 -34511.5 286.91339
2.58 267.61937 -364.64979 22079.864 -31972.2 2399.79 -34372 285.34141
2.59 271.1874 -128.03734 22028.278 -32242.9 2431.78 -34674.7 285.22893
2.6 272.05519 -134.75777 22068.566 -32046 2439.56 -34485.6 286.25427
2.61 258.74276 814.01903 21767.799 -32219.8 2320.19 -34540 283.92344
2.62 275.19003 453.08179 21886.057 -32051.9 2467.67 -34519.6 284.54459
2.63 270.16694 404.32081 21857.884 -32190 2422.63 -34612.6 285.49349
2.64 268.69467 567.43105 21822.119 -32131.8 2409.43 -34541.3 285.00183
2.65 275.02239 186.70492 21961.708 -31902.1 2466.17 -34368.3 285.84678
2.66 262.79984 87.97644 21967.995 -32117.3 2356.57 -34473.8 285.55331
2.67 262.58893 -459.95678 22099.414 -32125.8 2354.68 -34480.4 286.0137
2.68 274.6752 -69.847612 22008.575 -32011.9 2463.06 -34475 285.05712
2.69 273.17826 422.34939 21879.845 -32078.7 2449.63 -34528.3 283.97123
2.7 262.8963 303.34795 21884.401 -32249.6 2357.43 -34607 284.00501
2.71 274.64622 322.86625 21897.729 -31997.1 2462.8 -34459.9 284.52928
2.72 259.18498 241.82059 21905.198 -32349.4 2324.15 -34673.6 284.95168
2.73 269.86151 -68.540326 21988.512 -32068.9 2419.89 -34488.8 285.31696
2.74 262.33507 9.4950471 21988.081 -32204.8 2352.4 -34557.2 286.46884
2.75 266.56011 115.39966 21948.503 -32177.1 2390.29 -34567.3 286.09892
2.76 286.13679 202.74242 21942.469 -31961 2565.83 -34526.9 286.18294
2.77 260.48675 -228.95497 22016.872 -32140.7 2335.83 -34476.5 286.69392
2.78 279.47993 -317.58322 22117.441 -31962.9 2506.14 -34469 287.10368
2.79 273.36794 -216.10381 22041.13 -32136 2451.33 -34587.4 286.08858
2.8 258.48202 -89.45456 22021.189 -32210.4 2317.85 -34528.3 285.56542
2.81 271.80178 -43.603425 22027.295 -32079.3 2437.29 -34516.6 285.01969
2.82 254.57712 -94.165604 21996.269 -32274.3 2282.83 -34557.2 285.11844
2.83 268.36252 -5.9381229 21995.055 -32192.8 2406.45 -34599.2 285.06862
2.84 263.19324 -350.22508 22076.041 -32204.8 2360.1 -34564.9 286.21055
2.85 278.55581 -119.99454 22034.07 -31952.4 2497.85 -34450.2 286.81827
2.86 266.15502 -434.68481 22072.214 -32077.6 2386.65 -34464.2 288.11088
2.87 270.1276 -330.25928 22112.866 -32106.6 2422.28 -34528.9 288.30646
2.88 271.20703 -249.19814 22071.196 -31909 2431.96 -34340.9 287.74557
2.89 262.34908 -133.71569 22010.267 -32150.4 2352.53 -34502.9 285.91955
2.9 261.70776 141.44121 21959.253 -32215.5 2346.78 -34562.3 284.37357
2.91 273.11235 207.15843 21946.634 -32050.9 2449.04 -34500 283.50241
2.92 266.33471 328.42474 21925.249 -32192 2388.27 -34580.3 283.70975
2.93 277.50962 514.73859 21873.044 -32044.6 2488.47 -34533.1 284.48057
2.94 279.14348 68.832103 21959.559 -32192.8 2503.12 -34695.9 285.88276
2.95 268.28897 -169.64138 22000.744 -32147.7 2405.79 -34553.5 286.26881
2.96 252.30503 -179.72143 22012.057 -32358.2 2262.46 -34620.7 286.42272
2.97 263.07473 -448.68058 22119.111 -32076 2359.03 -34435.1 287.33873
2.98 279.64983 -253.58117 22076.243 -31903.2 2507.66 -34410.9 285.91969
2.99 265.8771 -1007.1376 22255.583 -32152.1 2384.16 -34536.2 287.92215
3 283.07121 -508.64972 22150.216 -32007.5 2538.34 -34545.8 286.60822
3.01 265.99031 -248.65989 22056.177 -32203.2 2385.18 -34588.4 285.54172
3.02 271.09633 -599.83154 22162.383 -32046.9 2430.96 -34477.9 286.73555
3.03 272.86341 -286.0477 22033.861 -32137.7 2446.81 -34584.5 285.95421
3.04 276.61917 290.90653 21959.407 -32019.3 2480.49 -34499.8 285.60204
3.05 277.00825 411.91157 21901.014 -32002.5 2483.98 -34486.5 285.55226
3.06 250.18708 369.22212 21885.37 -32191.5 2243.47 -34435 285.1774
3.07 266.27554 190.15313 21938.758 -31965.9 2387.74 -34353.6 286.5845
3.08 272.8851 323.81988 21905.688 -32154.9 2447 -34601.9 285.94784
3.09 257.99361 211.94197 21906.082 -32286.3 2313.47 -34599.8 285.47275
3.1 271.30564 93.900676 21950.388 -32133.9 2432.84 -34566.7 286.01551
3.11 267.42828 -127.1403 22019.864 -32050.5 2398.07 -34448.6 285.82413
3.12 255.98659 77.039145 21966.645 -32135.9 2295.47 -34431.3 285.47645
3.13 258.48502 393.71468 21877.281 -32132.7 2317.88 -34450.6 284.98032
3.14 261.2437 0.5956926 21969.27 -32247.8 2342.61 -34590.4 284.91465
3.15 269.68893 -40.187474 22004.093 -31983.7 2418.34 -34402 285.26226
3.16 264.25289 -202.70105 22050.746 -31983.4 2369.6 -34353 285.59466
3.17 257.25991 -144.51123 22023.674 -32215.4 2306.89 -34522.2 285.80169
3.18 257.57312 -58.269578 21979.806 -32112.2 2309.7 -34421.9 286.83861
3.19 252.1086 -337.82636 22050.324 -32265.1 2260.7 -34525.8 287.17873
3.2 274.75544 -98.799502 22040.264 -32072.4 2463.78 -34536.2 287.06417
3.21 272.02041 254.97377 21926.929 -32054.1 2439.25 -34493.4 285.33875
3.22 265.22499 175.91728 21942.359 -32131.8 2378.31 -34510.1 284.69183
3.23 276.4898 -118.99517 22002.356 -31917.8 2479.33 -34397.1 284.89874
3.24 269.17888 -102.41708 22030.768 -32035.8 2413.77 -34449.6 284.65996
3.25 268.44898 133.72603 21964.775 -32043.8 2407.22 -34451 283.99557
3.26 266.12827 591.28423 21856.975 -32044.6 2386.41 -34431.1 283.53651
3.27 268.32341 614.36888 21814.127 -32119.1 2406.1 -34525.2 284.11408
3.28 277.59998 335.45719 21942.206 -31982.1 2489.28 -34471.4 285.37504
3.29 269.57766 419.02706 21887.512 -32045.1 2417.35 -34462.4 285.35173
3.3 267.74819 391.36516 21874.948 -32137.5 2400.94 -34538.4 285.19452
3.31 269.74088 -219.67665 22030.235 -32092.4 2418.81 -34511.2 286.27003
3.32 263.44294 -233.57575 22021.009 -32257.4 2362.33 -34619.7 286.2321
3.33 271.05838 -178.11857 22057.904 -32003.5 2430.62 -34434.2 287.36196
3.34 268.73215 -733.37082 22193.233 -32143.2 2409.76 -34553 288.10188
3.35 274.25661 -438.88663 22157.711 -31837.2 2459.3 -34296.5 287.44912
3.36 268.88988 -294.722 22051.572 -32097.9 2411.18 -34509 286.501
3.37 265.83182 -128.26124 22023.462 -32051.8 2383.76 -34435.6 285.83294
3.38 258.7233 -138.24098 21990.859 -32253.3 2320.01 -34573.3 285.46108
3.39 263.21578 165.54963 21932.404 -32292.4 2360.3 -34652.7 284.87614
3.4 265.12007 177.43514 21951.007 -32019.7 2377.37 -34397.1 285.23567
3.41 265.80714 619.71665 21818.81 -32202.9 2383.53 -34586.5 284.26689
3.42 270.24284 -106.83768 21980.098 -32066.9 2423.31 -34490.2 285.27468
3.43 264.84918 -462.52897 22143.547 -32091.6 2374.94 -34466.6 287.23143
3.44 260.65525 -41.633922 21980.967 -32250.9 2337.34 -34588.2 285.62154
3.45 273.56731 217.61865 21956.669 -32056.8 2453.12 -34510 285.10983
3.46 263.84171 280.12235 21902.067 -32226.8 2365.91 -34592.7 284.9918
3.47 259.44571 203.96658 21904.368 -32087.4 2326.49 -34413.9 284.47833
3.48 252.76387 206.61916 21915.619 -32304.2 2266.57 -34570.8 285.3957
3.49 275.8091 609.83907 21817.214 -32116.6 2473.22 -34589.8 283.60432
3.5 266.55828 381.08155 21872.291 -32157.8 2390.27 -34548 284.40329
3.51 268.62194 235.6239 21909.802 -32305.9 2408.78 -34714.7 284.97306
3.52 263.53634 455.26939 21871.308 -32060.8 2363.17 -34424 284.58609
3.53 257.39836 220.53018 21926.815 -32405.4 2308.13 -34713.5 285.40351
3.54 273.97081 160.73364 21969.992 -32037.1 2456.74 -34493.8 285.43686
3.55 269.70163 -24.666006 21968.388 -32125.9 2418.46 -34544.4 285.66482
3.56 273.773 20.280101 21977.586 -32144.5 2454.97 -34599.4 285.87196
3.57 272.31547 188.38714 21948.756 -32053.1 2441.9 -34495 285.4911
3.58 262.9036 -52.036882 21976.383 -32351.8 2357.5 -34709.3 286.04309
3.59 263.43014 49.237792 21985.055 -31989.9 2362.22 -34352.1 285.63429
3.6 266.12302 -14.468935 21993.329 -32169 2386.37 -34555.4 286.20367
3.61 264.20849 -44.246389 22009.533 -32047.3 2369.2 -34416.5 286.09956
3.62 252.63567 -577.7939 22139.651 -32276.4 2265.42 -34541.8 286.5046
3.63 268.44009 16.106883 21979.338 -32036.4 2407.14 -34443.5 285.56759
3.64 248.66095 265.89305 21878.812 -32306.9 2229.78 -34536.6 284.47752
3.65 282.89133 163.6119 21935.816 -32091.9 2536.73 -34628.7 284.94511
3.66 266.04259 323.48266 21887.686 -32268.7 2385.65 -34654.3 284.63445
3.67 265.55352 129.47435 21929.587 -32149.7 2381.26 -34531 285.00937
3.68 267.70327 340.09994 21912.591 -32202.1 2400.54 -34602.7 284.70627
3.69 277.03914 -22.536799 22022.529 -32111.6 2484.25 -34595.9 285.95389
3.7 276.2056 -148.07721 22035.559 -31986.3 2476.78 -34463 286.1242
3.71 276.36463 -136.83078 22033.856 -32084.8 2478.21 -34563 285.73957
3.72 263.95421 54.561183 22001.894 -32198.3 2366.92 -34565.2 285.44474
3.73 270.02628 -11.731665 22009.642 -32154.7 2421.37 -34576.1 285.97187
3.74 263.78009 193.31237 21964.973 -32004.6 2365.36 -34369.9 286.36599
3.75 269.00772 76.743512 21974.84 -32165.1 2412.23 -34577.3 286.06912
3.76 285.10704 -336.5573 22098.04 -31967.5 2556.6 -34524.1 287.23406
3.77 274.33091 -161.1016 22014.012 -32193.1 2459.97 -34653.1 286.54404
3.78 272.15339 -595.24375 22170.365 -32112.1 2440.44 -34552.5 287.25882
3.79 270.43183 98.810033 21969.667 -32102.1 2425.01 -34527.1 285.41153
3.8 279.08015 572.64316 21823.188 -31975.9 2502.56 -34478.4 283.56561
3.81 272.19743 -29.392175 21969.103 -32144.4 2440.84 -34585.2 285.85847
3.82 274.35106 385.71213 21887.855 -32006 2460.15 -34466.2 285.03799
3.83 272.17312 66.956491 21976.253 -32167.4 2440.62 -34608 285.9243
3.84 272.43031 -207.27953 22055.439 -32100.8 2442.93 -34543.8 286.43363
3.85 257.13578 -144.25727 22023.153 -32129.4 2305.78 -34435.2 285.22759
3.86 258.45486 -332.64793 22046.887 -32198.4 2317.61 -34516 285.87736
3.87 271.86266 -197.36488 22038.838 -32072.3 2437.84 -34510.2 286.11433
3.88 270.29785 -310.81433 22090.379 -32113.4 2423.8 -34537.2 286.53087
3.89 263.94517 -55.994667 21992.526 -32153.2 2366.84 -34520 285.86124
3.9 248.01684 -301.70408 22065.307 -32305.6 2224.01 -34529.6 286.56456
3.91 278.52715 -86.762688 22036.669 -32086 2497.6 -34583.6 286.23509
3.92 259.92457 -549.01528 22106.733 -32425.7 2330.78 -34756.4 286.77685
3.93 264.84662 -40.233558 22040.379 -32032.2 2374.92 -34407.1 286.55903
3.94 281.03466 -38.581003 21997.671 -31964.6 2520.08 -34484.6 286.46096
3.95 275.83867 590.37793 21832.969 -32140.5 2473.49 -34614 284.93655
3.96 288.41349 300.95272 21919.863 -31919.4 2586.25 -34505.6 285.27045
3.97 258.20955 296.73278 21881.507 -32187.1 2315.41 -34502.5 284.45047
3.98 274.01712 500.58904 21838.014 -32070.9 2457.16 -34528 283.699
3.99 262.70491 344.22625 21881.099 -32292 2355.72 -34647.7 283.8905
4 274.20132 91.402498 22002.989 -32149.2 2458.81 -34608 284.67157
4.01 268.17928 -177.71461 22080.562 -31998.3 2404.81 -34403.1 285.54572
4.02 264.86163 -313.00066 22095.313 -32117.4 2375.06 -34492.4 285.95522
4.03 255.32602 -366.41686 22098.299 -32113 2289.55 -34402.5 287.31204
4.04 256.32191 -269.59953 22053.95 -32213.5 2298.48 -34512 287.2086
4.05 275.43587 -223.27306 22101.451 -32024.7 2469.88 -34494.6 288.14721
4.06 259.4949 -481.04165 22137.719 -32278.6 2326.93 -34605.5 288.43398
4.07 258.00916 -221.80792 22056.619 -32092.5 2313.61 -34406.1 287.44341
4.08 248.66258 46.380349 21944.136 -32280.3 2229.8 -34510.1 286.31247
4.09 268.05405 235.94216 21894.235 -32113.9 2403.68 -34517.6 285.89951
4.1 260.85238 171.39743 21924.509 -32193.8 2339.1 -34532.9 284.44638
4.11 262.18589 465.24086 21881.42 -32048.8 2351.06 -34399.9 284.20296
4.12 262.11971 296.05133 21906.992 -32219.6 2350.47 -34570 284.04466
4.13 260.23098 324.61199 21898.587 -31934.1 2333.53 -34267.7 283.75399
4.14 264.22373 483.57942 21839.859 -32181 2369.34 -34550.3 283.49112
4.15 249.84521 131.47198 21947.026 -32223.7 2240.4 -34464.1 284.64784
4.16 261.62042 -483.53169 22128.032 -32276.8 2345.99 -34622.8 287.28535
4.17 264.25196 -509.44866 22119.367 -32095.3 2369.59 -34464.9 287.60193
4.18 253.74812 -358.86312 22067.519 -32355.2 2275.4 -34630.6 287.17947
4.19 260.02062 -981.58309 22270.131 -32099.4 2331.65 -34431.1 289.28409
4.2 265.80583 -323.85913 22094.588 -32206.3 2383.52 -34589.8 287.65498
4.21 281.28905 -231.30776 22045.576 -31947.3 2522.36 -34469.7 287.43872
4.22 268.89484 -15.08363 21988.858 -32093.8 2411.22 -34505 285.77389
4.23 264.43721 88.065085 21987.179 -32112 2371.25 -34483.2 286.51075
4.24 249.71814 -55.756891 21995.641 -32347.4 2239.26 -34586.7 285.40876
4.25 266.58465 -494.40708 22104.081 -32183.5 2390.51 -34574 285.92179
4.26 273.24492 -59.033047 22009.599 -32043.7 2450.23 -34493.9 285.28873
4.27 268.7845 75.29568 21986.333 -32119.6 2410.23 -34529.8 284.77073
4.28 269.11004 -37.310492 22004.914 -32048.6 2413.15 -34461.8 285.63887
4.29 269.90287 10.857763 21992.672 -32185.7 2420.26 -34605.9 286.09136
4.3 271.70812 137.35469 21969.966 -32029 2436.45 -34465.4 285.41431
4.31 270.71918 323.08446 21923.177 -32197.1 2427.58 -34624.7 285.70517
4.32 257.742 17.509487 22004.661 -31985.9 2311.21 -34297.1 286.46509
4.33 261.31736 349.97436 21894.953 -32096.6 2343.27 -34439.9 285.15689
4.34 273.97635 134.78581 21931.968 -32006.5 2456.79 -34463.3 286.23026
4.35 282.25416 643.46716 21811.651 -32149.8 2531.02 -34680.8 284.27788
4.36 264.79777 350.17316 21894.868 -32096.6 2374.48 -34471.1 284.57579
4.37 272.50206 212.08669 21964.087 -31969.2 2443.57 -34412.8 285.25949
4.38 262.80453 123.14712 21931.921 -32300.4 2356.61 -34657 285.10066
4.39 273.39239 -17.362118 22003.817 -32093.1 2451.55 -34544.6 285.69717
4.4 267.51068 -400.31162 22079.835 -32187.3 2398.81 -34586.1 286.23654
4.41 270.54386 53.140571 21990.585 -31943.2 2426.01 -34369.2 285.05861
4.42 265.49261 624.7986 21797.625 -32225.5 2380.71 -34606.2 283.62812
4.43 275.9065 87.454718 21972.103 -32001.7 2474.1 -34475.8 285.28992
4.44 262.03664 -397.24792 22117.058 -32259.4 2349.72 -34609.1 287.46331
4.45 272.44228 -80.209715 22025.723 -32080.3 2443.03 -34523.3 286.54329
4.46 263.85516 -106.22393 22019.372 -32174.3 2366.03 -34540.3 287.39356
4.47 262.25319 -166.07697 22037.088 -32112.1 2351.67 -34463.8 287.29681
4.48 264.5311 -406.12073 22089.684 -32285.2 2372.09 -34657.3 287.63919
4.49 263.41057 -269.74558 22078.148 -32160.2 2362.04 -34522.3 286.94253
4.5 276.90779 -395.60048 22127.01 -32073.4 2483.08 -34556.5 288.17728
4.51 285.337 -224.42132 22060.537 -31882.9 2558.66 -34441.5 286.74157
4.52 274.08224 -568.17226 22167.597 -31960.4 2457.74 -34418.1 286.62472
4.53 258.72985 -596.51917 22161.627 -32143.3 2320.07 -34463.4 286.1934
4.54 275.23948 -111.8756 22047.424 -32057 2468.12 -34525.1 285.63086
4.55 243.62819 -769.39557 22198.651 -32388.6 2184.65 -34573.3 287.19957
4.56 260.0887 -129.74082 22053.048 -32039.1 2332.26 -34371.4 285.78228
4.57 274.26736 -163.98686 22004.04 -32200 2459.4 -34659.4 285.6064
4.58 282.91876 -108.12931 22040.928 -31974.9 2536.98 -34511.9 285.91763
4.59 264.13 -125.34003 22026.012 -32141.3 2368.5 -34509.8 286.53478
4.6 275.78016 188.62041 21966.964 -32064.3 2472.96 -34537.3 285.96665
4.61 278.83099 471.80128 21860.617 -32045.6 2500.32 -34545.9 284.41735
4.62 263.10216 97.494788 21934.013 -32197.7 2359.28 -34557 285.13143
4.63 281.78928 146.14559 21924.016 -32161.5 2526.85 -34688.3 285.1556
4.64 260.66285 208.41043 21887.03 -32166.2 2337.41 -34503.6 284.74227
4.65 271.22708 -504.84266 22147.223 -31943.3 2432.14 -34375.4 287.04756
4.66 276.39856 -200.26654 22059.838 -32145.9 2478.51 -34624.4 286.26753
4.67 284.2435 -517.58998 22147.907 -31916 2548.86 -34464.9 286.79329
4.68 270.72539 -49.749583 22017.54 -32181.6 2427.64 -34609.2 285.90228
4.69 272.47943 -491.86717 22118.164 -32280.7 2443.37 -34724.1 286.23036
4.7 264.86874 69.591451 21969.157 -32153.8 2375.12 -34528.9 285.29825
4.71 275.31764 483.24395 21887.232 -32057.6 2468.82 -34526.5 285.26809
4.72 273.8327 383.82964 21893.964 -32110.8 2455.5 -34566.3 285.54629
4.73 275.74925 101.95546 21933.334 -32007.4 2472.69 -34480.1 285.12639
4.74 258.87844 663.76331 21788.746 -32295.6 2321.4 -34617 283.97262
4.75 268.4782 223.2378 21934.307 -32054.5 2407.49 -34462 284.74758
4.76 260.92708 319.33681 21888.364 -32289.8 2339.77 -34629.6 285.17608
4.77 278.02555 207.99212 21952.686 -32007 2493.1 -34500.1 285.20866
4.78 276.03382 -6.0711067 21992.407 -32157.8 2475.24 -34633 285.54695
4.79 268.25323 -589.56618 22151.456 -32247.7 2405.47 -34653.2 287.32254
4.8 262.82146 -185.78279 22043.344 -32226 2356.76 -34582.7 285.96263
4.81 284.9644 -245.92511 22074.548 -31889.6 2555.32 -34444.9 286.74398
4.82 263.61226 -138.77732 22018.962 -32126.5 2363.85 -34490.4 285.48646
4.83 269.01527 298.64821 21934.835 -32118.1 2412.3 -34530.4 285.41111
4.84 276.30476 420.63239 21900.471 -32028.6 2477.67 -34506.3 284.68481
4.85 278.27933 697.62064 21798.119 -32109.9 2495.38 -34605.3 283.85614
4.86 273.28389 302.45067 21917.484 -31989.4 2450.58 -34440 284.95406
4.87 272.99744 388.73755 21885.873 -32118.1 2448.01 -34566.1 285.11508
4.88 278.01934 351.96491 21915.613 -31909.3 2493.04 -34402.4 285.41526
4.89 277.45997 -27.07645 21992.658 -32173.9 2488.03 -34661.9 286.18929
4.9 261.75187 52.428786 21983.934 -32157.9 2347.17 -34505 286.12982
4.91 267.06268 373.08002 21875.976 -32192.3 2394.79 -34587.1 285.16747
4.92 269.51545 256.14192 21952.358 -32115.7 2416.79 -34532.5 285.23137
4.93 278.16751 637.32237 21853.029 -32102.2 2494.37 -34596.5 284.42972
4.94 279.13754 550.06987 21810.673 -31869.4 2503.07 -34372.5 283.975
4.95 260.42303 222.69977 21903.305 -32188.2 2335.25 -34523.5 284.00979
4.96 276.83151 91.967058 21978.139 -31984.3 2482.39 -34466.7 285.51285
4.97 256.06173 -164.73829 22009.154 -32289.7 2296.15 -34585.8 285.85917
4.98 272.86889 -175.05745 22055.66 -32111.9 2446.86 -34558.8 286.06352
4.99 253.52306 -267.21349 22031.926 -32219.1 2273.38 -34492.5 285.90382
5 267.57276 -216.76059 22057.034 -32296.7 2399.37 -34696.1 286.22729
5.01 278.03223 -766.84267 22215.289 -32061 2493.16 -34554.2 287.8629
5.02 267.2013 -932.15341 22226.354 -32030.5 2396.04 -34426.5 288.50841
5.03 263.57677 -374.50559 22103.448 -32114.1 2363.53 -34477.6 286.75083
5.04 270.10433 -321.62523 22110.298 -32130.4 2422.07 -34552.5 286.90862
5.05 261.54677 -646.29848 22155.96 -32290.3 2345.33 -34635.7 286.90756
5.06 262.03631 -551.63812 22123.564 -32105.8 2349.72 -34455.5 285.9494
5.07 265.48559 201.47422 21950.155 -32127.7 2380.65 -34508.3 284.9807
5.08 275.25961 214.72221 21933.322 -32063.1 2468.3 -34531.4 284.85999
5.09 267.25176 -84.206441 22014.961 -32214.8 2396.49 -34611.3 285.38144
5.1 282.70009 -358.95278 22109.199 -31959.5 2535.02 -34494.5 287.28256
5.11 260.51932 -537.06136 22117.772 -32112.8 2336.12 -34448.9 287.30875
5.12 252.62271 -793.83323 22191.872 -32224.4 2265.31 -34489.7 288.00625
5.13 260.0928 -27.18405 22008.716 -32062.5 2332.29 -34394.7 286.73891
5.14 261.40945 -33.38543 21990.353 -32284.3 2344.1 -34628.4 286.69125
5.15 262.85614 -113.0156 22003.361 -32161.2 2357.07 -34518.3 286.32504
5.16 280.69109 -93.67805 22032.954 -31922.4 2517 -34439.4 286.46576
5.17 267.53558 16.947964 21985.638 -32164.9 2399.03 -34564 284.97436
5.18 289.18558 424.2495 21941.188 -31949.7 2593.17 -34542.9 285.52365
5.19 270.02846 272.09714 21910.989 -32078.3 2421.39 -34499.7 284.82403
5.2 258.26564 207.14962 21886.136 -32337.6 2315.91 -34653.6 284.16268
5.21 274.7467 315.47313 21949.052 -32034.1 2463.7 -34497.8 284.74912
5.22 271.01695 370.2723 21918.146 -32137.2 2430.25 -34567.4 284.62766
5.23 277.41287 784.09671 21813.372 -31975.1 2487.61 -34462.7 283.93948
5.24 253.64611 177.98226 21912.066 -32310.1 2274.48 -34584.6 284.74183
5.25 269.05264 -35.576244 21993.602 -32088.9 2412.64 -34501.5 286.07302
5.26 261.0439 -227.77625 22032.898 -32173.9 2340.82 -34514.7 286.29081
5.27 267.39033 -99.60062 22022.302 -32024.2 2397.73 -34421.9 286.32363
5.28 266.11721 -31.57833 21982.456 -32102.3 2386.32 -34488.6 286.14912
5.29 280.97666 -731.65313 22230.254 -31962.7 2519.56 -34482.2 288.09106
5.3 262.15927 -428.40407 22086.751 -32234.5 2350.82 -34585.4 286.90378
5.31 265.13447 -262.47076 22080.878 -32113.1 2377.5 -34490.6 286.08166
5.32 253.32003 -94.64117 21984.133 -32265.9 2271.56 -34537.4 285.71189
5.33 270.06397 -362.57319 22071.656 -32090.1 2421.71 -34511.9 286.29912
5.34 262.40855 -293.41308 22085.141 -32154.6 2353.06 -34507.7 286.88824
5.35 253.72151 -427.51376 22088.984 -32213.1 2275.16 -34488.3 286.92562
5.36 273.73037 -206.84871 22063.872 -32021.1 2454.58 -34475.7 286.79522
5.37 264.85101 -289.03799 22049.144 -32195.4 2374.96 -34570.4 286.9718
5.38 266.18102 -343.48562 22103.818 -32151.2 2386.89 -34538.1 287.39284
5.39 272.76962 -55.711851 21981.346 -32101.1 2445.97 -34547 286.25721
5.4 252.87406 251.19299 21905.808 -32220.6 2267.56 -34488.2 285.63489
5.41 256.39176 903.06793 21700.393 -32222.3 2299.11 -34521.4 283.89348
5.42 272.7916 565.76807 21821.466 -32128.1 2446.17 -34574.3 284.15499
5.43 262.64083 169.58572 21936.037 -32108.3 2355.14 -34463.4 284.89892
5.44 273.55828 248.06062 21893.956 -32213.1 2453.04 -34666.1 284.34537
5.45 268.96465 315.71518 21892.732 -32087.9 2411.85 -34499.7 284.85412
5.46 266.15554 -64.571587 21957.519 -32184.9 2386.66 -34571.6 285.64101
5.47 254.27455 -24.502407 21948.553 -32283 2280.12 -34563.2 285.49522
5.48 268.877 -57.466064 22028.01 -32029.6 2411.06 -34440.7 285.74319
5.49 248.49177 -294.20831 22051.053 -32364.7 2228.27 -34593 286.41976
5.5 276.28862 -602.60454 22166.983 -32079.4 2477.52 -34556.9 286.92955
5.51 260.65904 -83.983733 22013.807 -32253.2 2337.37 -34590.6 285.77873
5.52 273.38675 -296.58825 22069.82 -32002 2451.5 -34453.5 286.4464
5.53 274.94658 -169.37174 22023.301 -32181.8 2465.49 -34647.3 287.0713
5.54 275.66256 138.5425 21966.939 -31918.9 2471.91 -34390.8 286.25509
5.55 274.54563 139.76687 21939.176 -32169.6 2461.89 -34631.5 285.98485
5.56 258.8168 593.28138 21792.067 -32347.7 2320.85 -34668.5 283.8387
5.57 270.65658 14.745456 21986.503 -32086.6 2427.02 -34513.6 285.71462
5.58 263.34801 539.90162 21834.705 -32349.5 2361.48 -34711 283.74136
5.59 262.54747 252.9998 21940.512 -32064.7 2354.3 -34419 284.57972
5.6 268.63805 445.2698 21881.53 -31960.1 2408.92 -34369.1 283.54212
5.61 270.42489 621.61846 21847.981 -32088.7 2424.94 -34513.6 283.76438
5.62 255.3339 406.05638 21877.755 -32189.3 2289.62 -34478.9 284.16539
5.63 261.10939 256.01337 21915.446 -32100.7 2341.41 -34442.1 285.41264
5.64 268.54645 408.18867 21845.279 -32347.5 2408.1 -34755.6 284.61524
5.65 272.77855 826.12249 21746.695 -32015.3 2446.05 -34461.3 284.82485
5.66 281.36418 385.17978 21890.912 -32027.7 2523.04 -34550.7 285.4548
5.67 262.05809 180.01735 21907.303 -32413.2 2349.92 -34763.1 285.4415
5.68 269.79334 -245.31009 22067.937 -32005.6 2419.28 -34424.9 286.51529
5.69 257.54587 -133.97084 21989.402 -32300.1 2309.45 -34609.6 285.76235
5.7 267.27476 -219.58219 22047.55 -32208.9 2396.7 -34605.6 285.63814
5.71 270.90394 -26.263766 22072.371 -31979.3 2429.24 -34408.5 285.66596
5.72 268.40786 -431.71129 22135.569 -32002 2406.86 -34408.9 285.98706
5.73 257.96579 -320.07871 22054.814 -32272 2313.22 -34585.3 285.92153
5.74 268.77696 -70.270365 22003.91 -32050.3 2410.17 -34460.5 286.22242
5.75 260.77284 232.29685 21910.376 -32240.1 2338.39 -34578.5 284.63726
5.76 270.34972 278.82992 21928.483 -31967.4 2424.27 -34391.7 285.46022
5.77 257.54189 442.53059 21892.055 -32058.8 2309.42 -34368.3 286.11076
5.78 255.6584 29.009025 21977.96 -32202.9 2292.53 -34495.5 286.14266
5.79 275.27553 201.87833 21922.649 -32046 2468.44 -34514.5 285.95961
5.8 265.58044 -37.418274 22010.909 -32242.5 2381.5 -34624 287.02336
5.81 264.79703 266.29783 21929.289 -32110.5 2374.48 -34485 285.26855
5.82 280.07876 88.653938 22004.331 -31886.6 2511.51 -34398.1 285.22544
5.83 258.54042 357.96244 21880.236 -32138.2 2318.37 -34456.6 284.24444
5.84 273.78464 197.31542 21930.215 -32029.8 2455.07 -34484.9 284.43587
5.85 264.10931 703.52118 21799.773 -32220.1 2368.31 -34588.4 283.58362
5.86 258.43236 71.893318 21975.032 -32136.3 2317.4 -34453.7 285.58695
5.87 269.04038 168.71432 21965.08 -32157.5 2412.53 -34570 285.45721
5.88 267.80187 -128.08582 22048.884 -32045.2 2401.42 -34446.6 285.95239
5.89 265.73954 -251.74546 22005.752 -32308.6 2382.93 -34691.5 286.08751
5.9 274.80553 -278.04615 22057.147 -32158.7 2464.22 -34622.9 287.05401
5.91 266.01362 -638.31766 22170.756 -32029.3 2385.39 -34414.6 287.30335
5.92 268.61092 -533.46779 22147.174 -32105 2408.68 -34513.6 287.60478
5.93 270.18849 -124.24908 22045.825 -32068.5 2422.82 -34491.4 286.20919
5.94 262.16098 -129.54268 22008.14 -32358.5 2350.84 -34709.4 285.98651
5.95 272.23406 -59.653496 22038.903 -32098.8 2441.17 -34539.9 285.93581
5.96 256.85469 223.94427 21909.696 -32206.8 2303.26 -34510.1 285.15533
5.97 264.93956 181.57811 21962.732 -32162 2375.76 -34537.7 285.01042
5.98 277.39842 443.35704 21904.272 -31982.4 2487.48 -34469.9 285.02685
5.99 258.64131 99.915557 21895.43 -32261.8 2319.28 -34581.1 284.66815
6 276.21421 373.97332 21902.161 -31897 2476.86 -34373.9 284.74521
6.01 265.8728 539.93828 21819.288 -32138.5 2384.12 -34522.7 283.94372
6.02 275.55577 100.46016 21949.667 -32135.7 2470.95 -34606.7 285.35288
6.03 251.42756 -63.966099 22011.82 -32295.5 2254.59 -34550.1 286.10587
6.04 278.49146 -4.9918551 22039.08 -32028.5 2497.28 -34525.8 286.15731
6.05 274.83786 -701.5671 22211.699 -32215.6 2464.51 -34680.1 287.52758
6.06 255.63967 -474.99441 22133.16 -32054.6 2292.36 -34347 286.95411
6.07 258.01984 -295.10448 22024.095 -32290.4 2313.7 -34604.1 286.34175
6.08 274.04323 -491.47349 22122.183 -32076 2457.39 -34533.4 287.26622
6.09 256.60127 -146.95984 22010.874 -32306.4 2300.98 -34607.3 286.21321
6.1 273.50703 -541.99144 22132.402 -32200.7 2452.58 -34653.3 286.765
6.11 262.43923 -137.6207 22000.552 -32259.3 2353.33 -34612.7 285.17091
6.12 262.59696 -2.8035332 21997.276 -32032.7 2354.75 -34387.5 284.81973
6.13 252.22612 -120.08179 22030.945 -32237.7 2261.75 -34499.4 286.16357
6.14 264.7083 -391.29426 22085.972 -32166.3 2373.68 -34540 286.28583
6.15 249.82008 -730.19188 22189.584 -32163.9 2240.18 -34404.1 287.93164
6.16 275.15593 -157.22558 22056.036 -32135.2 2467.37 -34602.5 286.87634
6.17 253.05572 -249.82934 22062.733 -32320.4 2269.19 -34589.6 287.33483
6.18 273.91065 -357.7031 22121.846 -32084 2456.2 -34540.2 287.23765
6.19 255.05471 14.407242 21982.679 -32329.3 2287.12 -34616.4 285.93334
6.2 277.15789 -92.367187 22017.611 -32038.1 2485.32 -34523.4 286.37772
6.21 263.90412 31.06563 21944.019 -32231.1 2366.47 -34597.5 285.80482
6.22 284.56346 297.4501 21928.488 -31820.4 2551.73 -34372.1 285.84434
6.23 265.16374 903.74119 21735.663 -32141.1 2377.77 -34518.8 283.79425
6.24 278.83446 154.5276 21963.135 -31990.5 2500.35 -34490.8 285.54547
6.25 267.60934 210.97515 21938.347 -32038 2399.7 -34437.7 285.76551
6.26 274.6862 282.83645 21936.066 -32047.5 2463.15 -34510.6 284.53957
6.27 267.36713 -210.81521 22027.095 -32071 2397.52 -34468.5 285.40184
6.28 262.20022 -115.4316 22035.459 -32133.3 2351.19 -34484.5 285.81199
6.29 268.65653 -446.57432 22106.298 -32091 2409.09 -34500.1 286.18306
6.3 266.32907 -225.06767 22014.869 -32198.9 2388.22 -34587.1 285.38478
6.31 274.22587 -255.41721 22083.28 -31910.4 2459.03 -34369.4 286.43488
6.32 262.78635 173.43948 21951.659 -32139 2356.45 -34495.4 285.47107
6.33 294.85771 469.2392 21899.805 -31683.1 2644.04 -34327.2 285.87506
6.34 268.66202 662.70466 21808.676 -32118.6 2409.14 -34527.7 284.53279
6.35 279.5699 65.626089 21951.728 -31992.6 2506.95 -34499.5 285.9946
6.36 260.0208 403.72964 21869.519 -32182.5 2331.65 -34514.2 284.90968
6.37 281.95985 86.654088 21953.673 -32107.3 2528.38 -34635.7 285.23356
6.38 253.21163 -164.73842 22001.096 -32257 2270.59 -34527.6 285.96784
6.39 272.63145 -142.57665 22052.871 -32044.3 2444.73 -34489 286.39015
6.4 263.76895 -703.25623 22197.058 -32189.7 2365.26 -34555 287.61853
6.41 268.3267 -445.05691 22106.432 -32144.1 2406.13 -34550.2 286.36073
6.42 268.0112 -80.241107 21999.625 -32024.4 2403.3 -34427.7 285.85982
6.43 259.35482 105.71183 21930.691 -32228.4 2325.68 -34554.1 284.92251
6.44 278.46115 300.26402 21912.452 -31894.8 2497.01 -34391.8 284.79794
6.45 268.21169 148.48698 21933.511 -32145.7 2405.1 -34550.8 285.29892
6.46 265.87086 50.725553 21976.527 -32054.7 2384.11 -34438.8 286.01531
6.47 263.51198 2.6787748 22008.404 -32058.5 2362.95 -34421.5 285.97098
6.48 258.98233 270.22894 21876.001 -32314.3 2322.34 -34636.7 285.46945
6.49 266.02642 12.038254 21972.497 -32067.2 2385.5 -34452.7 285.4822
6.5 260.19692 350.41568 21842.87 -32234.6 2333.23 -34567.8 284.66255
6.51 279.69836 290.83063 21924.844 -31993.5 2508.1 -34501.6 285.38283
6.52 264.66063 336.52015 21881.076 -32132.6 2373.25 -34505.9 284.29814
6.53 268.92274 15.19605 21997.345 -32127.9 2411.47 -34539.4 285.68399
6.54 271.68419 -100.88264 22007.76 -32008.7 2436.24 -34445 285.68272
6.55 266.79238 -27.918899 21964.5 -32204.9 2392.37 -34597.3 285.2981
6.56 262.81312 17.877375 21944.859 -32135.2 2356.69 -34491.9 285.00627
6.57 263.74949 594.05989 21805.833 -32310.8 2365.08 -34675.9 284.41303
6.58 260.31793 54.578798 21978.554 -32071.3 2334.31 -34405.6 286.47624
6.59 256.13945 -168.35173 21987.243 -32388.3 2296.84 -34685.2 286.46018
6.6 266.71591 -415.78266 22127.926 -32088.9 2391.68 -34480.5 287.38431
6.61 273.83829 -678.04055 22194.557 -32254.4 2455.55 -34710 288.0676
6.62 257.60081 -218.07283 22057.829 -32204.6 2309.95 -34514.5 286.08434
6.63 265.24258 8.3581807 21964.859 -32116 2378.47 -34494.5 285.20375
6.64 267.24194 556.89698 21859.523 -32153.4 2396.4 -34549.8 284.24975
6.65 258.5496 248.58768 21932.887 -32238.6 2318.46 -34557.1 284.62367
6.66 265.58069 87.958329 21910.932 -32063.7 2381.5 -34445.2 284.89395
6.67 275.01471 297.55208 21920.55 -32011.9 2466.1 -34478 285.09144
6.68 261.74623 306.62315 21886.439 -32054.6 2347.12 -34401.7 284.93103
6.69 270.00177 598.51021 21827.087 -32175.1 2421.15 -34596.3 284.52752
6.7 276.83728 411.77605 21899.371 -31922.2 2482.44 -34404.6 285.01547
6.71 272.70343 679.57667 21824.43 -32046.6 2445.37 -34491.9 284.11974
6.72 271.74961 504.31038 21850.558 -32120.6 2436.82 -34557.5 284.29538
6.73 270.7265 58.531736 21964.074 -32034.4 2427.65 -34462.1 285.35589
6.74 266.33254 452.40153 21865.965 -32189.3 2388.25 -34577.6 284.47901
6.75 262.64167 -43.088754 22004.95 -32074.5 2355.15 -34429.6 285.12168
6.76 271.69385 -194.017 22065.392 -32036.8 2436.32 -34473.1 285.85607
6.77 268.88887 -191.00306 22041.52 -32230.8 2411.17 -34642 285.84091
6.78 269.38371 -386.14455 22109.566 -32057.3 2415.61 -34472.9 287.2088
6.79 268.12922 -68.568495 22007.704 -31992.7 2404.36 -34397.1 286.04072
6.8 264.93771 31.647967 21981.759 -32106.2 2375.74 -34481.9 286.23341
6.81 270.16735 147.48677 21965.981 -32108.1 2422.63 -34530.7 286.27636
6.82 281.91702 329.56393 21920.076 -31969.1 2527.99 -34497.1 285.75104
6.83 269.85349 407.29957 21868.67 -32257.3 2419.82 -34677.2 285.05526
6.84 278.9112 846.46951 21782.228 -32086.1 2501.04 -34587.2 284.44047
6.85 257.58215 169.76879 21929.112 -32208.1 2309.78 -34517.8 285.62739
6.86 272.81539 483.10182 21860.662 -31977.7 2446.38 -34424.1 284.31529
6.87 251.58049 104.89474 21929.935 -32218.9 2255.96 -34474.8 284.90663
6.88 254.74585 107.46619 21948.209 -32085.5 2284.35 -34369.8 284.6417
6.89 252.39899 664.63108 21786.132 -32355.2 2263.3 -34618.5 283.85438
6.9 269.91234 367.62355 21895.082 -32050.7 2420.35 -34471 284.98663
6.91 274.37837 291.11953 21921.46 -32044 2460.39 -34504.4 285.39482
6.92 267.47891 355.75432 21859.045 -32150.1 2398.53 -34548.6 284.68472
6.93 285.43359 27.502511 21992.387 -31896.9 2559.53 -34456.4 285.97474
6.94 256.96868 -286.52186 22038.72 -32177 2304.28 -34481.3 286.66246
6.95 264.53865 -305.75947 22053.235 -32273 2372.16 -34645.1 286.43149
6.96 267.72607 -153.73583 22029.002 -32072.6 2400.74 -34473.4 286.37876
6.97 257.87378 -311.04371 22065.251 -32191 2312.4 -34503.4 286.2522
6.98 271.82866 -73.599605 22042.092 -31994.1 2437.53 -34431.6 285.98518
6.99 265.49661 72.14322 21943.779 -32207.6 2380.75 -34588.3 285.23461
7 271.50908 50.143063 21957.371 -32048.6 2434.67 -34483.2 285.41024
7.01 255.32259 64.852605 21968.365 -32221.8 2289.52 -34511.3 285.24769
7.02 268.33569 634.0642 21824.349 -32207.9 2406.21 -34614.1 284.44814
7.03 279.79237 234.03304 21960.111 -32010.4 2508.94 -34519.4 286.19101
7.04 256.99415 521.42961 21808.405 -32277.6 2304.51 -34582.1 284.97437
7.05 270.55747 8.7676416 21962.258 -32078.6 2426.13 -34504.8 285.9107
7.06 257.89649 -105.3008 22008.461 -32220.4 2312.6 -34533 286.05581
7.07 261.73057 -583.94812 22125.771 -32114.7 2346.98 -34461.6 287.02643
7.08 272.31477 193.06611 22000.216 -31962.7 2441.89 -34404.6 285.61337
7.09 272.98336 607.93248 21816.181 -32155.1 2447.89 -34602.9 284.46955
7.1 270.30081 348.13593 21919.49 -32058.1 2423.83 -34482 285.56063
7.11 256.92692 310.9412 21879.191 -32228.2 2303.9 -34532.1 284.66407
7.12 275.67698 -27.337496 22015.901 -31970.2 2472.04 -34442.2 285.58877
7.13 262.13606 -546.14619 22163.637 -32229.1 2350.62 -34579.7 287.18685
7.14 271.57168 -312.40716 22092.456 -31853.2 2435.23 -34288.4 286.74102
7.15 267.10154 -344.30529 22054.028 -32213.1 2395.14 -34608.2 286.76755
7.16 256.99577 -426.23023 22089.412 -32229.3 2304.52 -34533.9 286.98264
7.17 268.45492 -69.560066 22019.981 -32070.9 2407.28 -34478.2 286.31464
7.18 247.92995 -167.78223 21991.188 -32163.8 2223.23 -34387 286.14523
7.19 280.98187 -424.37495 22097.426 -31958.5 2519.61 -34478.1 286.56022
7.2 270.3881 -259.65466 22055.335 -32113.5 2424.61 -34538.1 286.13779
7.21 268.0482 17.737774 22001.055 -31975.1 2403.63 -34378.7 286.03793
7.22 268.03606 -93.700094 21992.251 -32178.1 2403.52 -34581.6 285.39285
7.23 286.16216 3.6124915 21994.775 -31953.4 2566.06 -34519.4 284.98906
7.24 269.11993 268.49879 21906.328 -32220 2413.24 -34633.2 284.4393
7.25 280.37942 -150.77508 22032.787 -31830.6 2514.21 -34344.8 285.87193
7.26 255.90461 -479.06795 22117.464 -32194.2 2294.74 -34488.9 286.84131
7.27 284.01989 -166.13513 22099.997 -31943.7 2546.85 -34490.6 286.9728
7.28 276.4687 -609.66279 22155.783 -32018.3 2479.14 -34497.4 286.99083
7.29 288.6587 -333.59633 22130.152 -32033.5 2588.45 -34621.9 287.48157
7.3 256.78976 -66.625125 21997.24 -32285.5 2302.67 -34588.2 286.0504
7.31 268.88167 312.12879 21882.699 -32083.8 2411.1 -34494.9 284.71078
7.32 263.32345 82.300943 21971.707 -32275.7 2361.26 -34636.9 285.59877
7.33 269.89306 -385.96113 22116.937 -32031.3 2420.17 -34451.5 287.25349
7.34 268.85945 -538.33514 22137.282 -32140.3 2410.91 -34551.2 287.06378
7.35 279.41749 -909.22343 22265.686 -31912 2505.58 -34417.6 287.83126
7.36 270.02351 -154.41874 22038.418 -32190.8 2421.34 -34612.1 286.20664
7.37 267.96549 -137.24957 22030.859 -32053.4 2402.89 -34456.3 286.01422
7.38 272.01996 44.503944 21962.519 -32077.1 2439.25 -34516.3 285.0994
7.39 290.55453 429.29264 21917.942 -32020.6 2605.45 -34626.1 284.88718
7.4 272.78142 440.80887 21902.573 -32178.3 2446.07 -34624.4 284.83299
7.41 266.42721 230.67086 21957.989 -32100.5 2389.1 -34489.6 285.11935
7.42 255.83607 577.53737 21783.457 -32313.8 2294.12 -34607.9 283.90086
7.43 274.99511 239.82346 21921.142 -31935.1 2465.92 -34401 285.51825
7.44 277.3173 403.70573 21837.752 -32155.8 2486.75 -34642.6 284.88648
7.45 269.52308 29.54904 21983.353 -31965.7 2416.86 -34382.5 286.15866
7.46 259.77895 -48.75426 22012.192 -32202.3 2329.48 -34531.8 285.8606
7.47 259.84114 -463.49148 22120.21 -32273.7 2330.04 -34603.7 286.76171
7.48 270.92921 -335.95942 22093.244 -32125.6 2429.47 -34555.1 286.62533
7.49 251.52011 -708.15468 22211.053 -31980.8 2255.42 -34236.2 287.24175
7.5 265.56849 -96.961339 22011.832 -32195.3 2381.39 -34576.7 285.16087
7.51 271.2878 -386.67507 22122.068 -31937.2 2432.68 -34369.9 285.89362
7.52 284.6661 -119.41294 22027.563 -32101.8 2552.65 -34654.4 285.77362
7.53 254.18887 -459.8143 22058.334 -32262.6 2279.35 -34542 286.04518
7.54 285.55709 -411.10906 22104.21 -32046 2560.64 -34606.6 286.6147
7.55 241.68405 -406.13999 22077.754 -32366.5 2167.22 -34533.7 287.60631
7.56 268.34394 100.43175 22000.717 -32063.3 2406.28 -34469.5 287.07406
7.57 271.67482 -70.163466 22021.984 -32008.8 2436.15 -34445 286.53579
7.58 273.62338 45.996575 21968.129 -32162.4 2453.62 -34616 285.56641
7.59 272.27535 557.6083 21854.127 -32087.9 2441.54 -34529.5 283.8565
7.6 267.8454 402.74468 21884.268 -32087.1 2401.81 -34488.9 283.81078
7.61 261.6351 820.27554 21766.482 -32167.3 2346.12 -34513.4 282.92655
7.62 269.02974 329.96644 21905.355 -32011.7 2412.43 -34424.1 283.96029
7.63 271.11959 -7.4588913 21997.081 -32056.8 2431.17 -34488 284.9606
7.64 257.90077 -127.86091 21987.587 -32152 2312.64 -34464.6 285.4283
7.65 277.14504 -293.18482 22112.16 -31985.1 2485.2 -34470.3 286.91535
7.66 279.79833 -322.34912 22059.178 -32183.6 2509 -34692.6 286.75928
7.67 276.7111 -78.592699 22049.787 -31953.4 2481.31 -34434.7 287.19215
7.68 265.11576 -389.52987 22099.381 -32241.6 2377.34 -34618.9 287.10627
7.69 274.10421 13.04591 21998.549 -32221.4 2457.94 -34679.4 285.90827
7.7 269.03132 12.662597 21973.903 -32121.6 2412.45 -34534 285.51168
7.71 256.48947 396.65786 21833.828 -32290.7 2299.98 -34590.7 284.23215
7.72 275.01419 213.54536 21924.488 -32030.6 2466.1 -34496.7 284.56924
7.73 259.47383 500.33883 21835.645 -32252.9 2326.74 -34579.6 284.23138
7.74 270.78596 276.76691 21924.072 -32043.1 2428.18 -34471.3 284.17775
7.75 265.91859 131.85235 21956.478 -32139.6 2384.53 -34524.1 284.78235
7.76 266.9228 -215.78327 22025.787 -31991.2 2393.54 -34384.7 286.48519
7.77 269.04599 -205.21948 22078.187 -32122.5 2412.58 -34535.1 286.4613
7.78 269.68808 -678.33989 22189.564 -31984.9 2418.34 -34403.2 287.92739
7.79 263.00983 -282.53032 22049.986 -32126.4 2358.45 -34484.9 286.19412
7.8 275.3348 -491.61812 22142.616 -32084.4 2468.97 -34553.4 286.80907
7.81 268.22888 -166.61334 22005.271 -32262.5 2405.25 -34667.8 285.53246
7.82 272.75194 -73.116318 21988.54 -32054.6 2445.81 -34500.4 285.76718
7.83 268.20604 90.820041 21938.269 -32254.1 2405.05 -34659.2 285.43075
7.84 274.65405 897.99618 21690.995 -32004.8 2462.87 -34467.7 283.2711
7.85 255.65749 619.99498 21812.766 -32230.8 2292.52 -34523.3 284.41883
7.86 275.59923 240.99355 21940.04 -31983.4 2471.34 -34454.8 285.41927
7.87 268.93476 277.20545 21947.642 -32168.6 2411.58 -34580.2 284.76642
7.88 263.00405 260.24424 21940.751 -32124.8 2358.4 -34483.2 285.4171
7.89 249.27383 -240.16712 22055.805 -32311.7 2235.28 -34547 286.71018
7.9 274.02942 -157.37387 22066.138 -32090.9 2457.27 -34548.2 286.09701
7.91 248.37432 -331.09753 22067.368 -32355 2227.21 -34582.2 286.45614
7.92 279.71505 -753.39309 22221.463 -32029.8 2508.25 -34538 287.14942
7.93 268.15411 -351.6867 22066.901 -32171.8 2404.58 -34576.4 286.16599
7.94 273.18536 -214.8251 22076.801 -32018.9 2449.7 -34468.6 286.46902
7.95 263.44872 -363.40114 22061.547 -32267.7 2362.39 -34630.1 285.99601
7.96 274.28701 -30.980864 21987.623 -32073.7 2459.58 -34533.3 285.63241
7.97 260.59766 -328.5229 22049.139 -32263 2336.82 -34599.8 286.26577
7.98 267.60924 -366.7951 22101.971 -32067.8 2399.69 -34467.5 286.94054
7.99 268.58048 -644.58927 22175.911 -32258.7 2408.4 -34667.1 287.24902
8 276.93807 -478.62925 22122.508 -32034.8 2483.35 -34518.1 286.73323
8.01 265.7768 -423.40684 22105.11 -32180.7 2383.26 -34563.9 285.83576
8.02 272.41574 -295.42636 22087.532 -31983.5 2442.8 -34426.3 286.40944
8.03 270.58426 -232.28158 22041.364 -32175.6 2426.37 -34602 285.82077
8.04 276.51911 -459.2667 22113.696 -31991.6 2479.59 -34471.2 287.33083
8.05 274.11405 -167.28682 22027.881 -32089.7 2458.02 -34547.8 286.11005
8.06 267.50977 -138.46985 21981.533 -32295.2 2398.8 -34694 286.04174
8.07 265.47558 -153.7863 22023.445 -32072.8 2380.56 -34453.4 287.01139
8.08 255.31488 -61.070448 21982.889 -32301.1 2289.45 -34590.5 286.07635
8.09 276.52863 -49.568458 22033.076 -31998.5 2479.68 -34478.1 285.94854
8.1 266.98309 -64.051187 22012.281 -32073.9 2394.08 -34468 284.82482
8.11 260.14182 214.96656 21934.438 -32139.9 2332.73 -34472.7 284.71031
8.12 277.34295 867.52099 21757.278 -32062.7 2486.98 -34549.7 282.88972
8.13 272.19909 490.27774 21840.692 -32144.8 2440.85 -34585.6 284.03451
8.14 284.09259 433.37968 21910.581 -31965.5 2547.5 -34513 285.40725
8.15 262.21324 384.90143 21915.739 -32035.2 2351.31 -34386.5 285.38633
8.16 271.9394 515.63697 21851.849 -32097.8 2438.52 -34536.3 284.2425
8.17 273.99771 256.57011 21921.771 -32143.8 2456.98 -34600.8 285.26029
8.18 263.87456 323.68143 21898.705 -32152 2366.21 -34518.3 285.34911
8.19 272.8946 18.129172 21992.381 -32007.4 2447.09 -34454.5 286.26425
8.2 270.68741 223.04286 21937.782 -32213 2427.3 -34640.3 285.80216
8.21 266.09833 -215.64117 22026.066 -32120.2 2386.15 -34506.3 286.90327
8.22 258.89237 -227.99795 22059.197 -32267.3 2321.53 -34588.8 286.36925
8.23 266.19371 -438.21758 22106.426 -32092 2387 -34479 286.61721
8.24 253.42986 -69.008456 21991.24 -32288.3 2272.55 -34560.8 285.04567
8.25 266.42212 -182.61318 22009.177 -32213.6 2389.05 -34602.7 285.3917
8.26 270.93133 -532.13569 22100.05 -32083.6 2429.48 -34513.1 286.36747
8.27 267.433 -82.941205 22018.005 -32030.8 2398.11 -34428.9 285.76494
8.28 259.99886 53.122281 21945.645 -32212 2331.45 -34543.4 285.42414
8.29 279.63485 166.19142 21957.317 -31880.8 2507.53 -34388.3 285.61797
8.3 271.74181 921.80862 21740.167 -32163.6 2436.75 -34600.3 284.1206
8.31 276.16643 443.74496 21909.907 -32006.9 2476.43 -34483.3 285.81229
8.32 268.95725 303.01781 21913.644 -32076.4 2411.78 -34488.2 285.65765
8.33 259.9559 320.71704 21867.274 -32214.8 2331.07 -34545.9 284.81067
8.34 273.65561 35.725701 21943.49 -32162.9 2453.91 -34616.9 285.06313
8.35 275.71231 590.54553 21822.341 -32145.1 2472.36 -34617.5 283.78653
8.36 271.01218 92.157532 21985.984 -32004 2430.21 -34434.2 285.2999
8.37 265.94252 -424.78482 22102.603 -32145.3 2384.75 -34530 286.27874
8.38 283.49679 52.436823 22008.728 -31912 2542.16 -34454.1 285.93275
8.39 265.54036 602.03151 21826.741 -32109.5 2381.14 -34490.7 284.93765
8.4 257.00156 213.00457 21895.95 -32309.8 2304.57 -34614.4 285.72403
8.41 275.87052 548.10654 21840.823 -32020.5 2473.77 -34494.2 285.24479
8.42 255.73261 37.019034 21943.242 -32207.9 2293.19 -34501.1 285.82531
8.43 284.50042 -231.15042 22077.674 -31839.1 2551.16 -34390.3 286.16959
8.44 263.8021 -141.92139 22016.25 -32189.8 2365.56 -34555.4 285.10707
8.45 273.58079 153.6571 21946.983 -31949.8 2453.24 -34403 285.11288
8.46 265.6538 475.47725 21851.89 -32093 2382.16 -34475.1 285.0731
8.47 268.66477 221.1608 21913.103 -32261.5 2409.16 -34670.7 285.3501
8.48 277.58152 526.92364 21859.377 -32049.5 2489.12 -34538.6 284.24698
8.49 260.1216 -54.781699 21978.294 -32231 2332.55 -34563.5 285.59152
8.5 281.87211 24.362176 21992.814 -31932.2 2527.59 -34459.8 286.00666
8.51 249.87932 -182.66484 22049.126 -32137.7 2240.71 -34378.4 286.96624
8.52 259.11738 -173.7403 22055.743 -32186.5 2323.55 -34510.1 286.75717
8.53 259.76691 -248.62478 22040.882 -32258.3 2329.37 -34587.7 286.82183
8.54 255.59061 -99.091163 22007.683 -32191.3 2291.92 -34483.2 285.92973
8.55 272.08819 308.68533 21940.136 -31949.7 2439.86 -34389.6 284.84852
8.56 261.11793 37.713087 21965.75 -32220.8 2341.49 -34562.3 284.50561
8.57 257.81592 342.7402 21905.931 -32080.4 2311.88 -34392.3 284.20072
8.58 250.58822 -640.61587 22150.817 -32336.9 2247.06 -34584 286.60435
8.59 262.13914 -366.05453 22086.019 -32053 2350.64 -34403.7 286.41042
8.6 266.02835 -231.0163 22052.872 -32225.3 2385.52 -34610.8 286.7682
8.61 273.90839 -337.50598 22074.997 -32205.9 2456.18 -34662 286.22559
8.62 264.93576 -787.46928 22168.631 -32076.2 2375.72 -34452 286.80566
8.63 256.89832 -572.33038 22123.886 -32302.5 2303.65 -34606.2 286.97478
8.64 271.57017 92.455394 21972.84 -31964.6 2435.21 -34399.8 285.06282
8.65 271.54739 245.25815 21918.713 -32189.8 2435.01 -34624.8 284.57982
8.66 269.00483 1.4768193 21983.725 -32053.4 2412.21 -34465.6 285.04624
8.67 263.1649 -557.32848 22119.369 -32138.6 2359.84 -34498.4 286.89307
8.68 275.31239 -149.04082 22063.675 -32116.3 2468.77 -34585 286.89809
8.69 257.02141 -487.10877 22146.185 -32072.5 2304.75 -34377.2 287.53227
8.7 267.33106 -113.22391 22037.471 -32173 2397.2 -34570.2 287.03117
8.71 273.23328 -249.95977 22057.48 -32096.1 2450.13 -34546.3 287.22992
8.72 257.49927 3.4747317 21981.568 -32187.2 2309.04 -34496.2 285.67161
8.73 287.24613 258.02443 21938.555 -31917.5 2575.78 -34493.3 285.47671
8.74 260.08096 90.273966 21935.958 -32178 2332.19 -34510.2 284.80875
8.75 271.07197 333.40671 21922.124 -32051.1 2430.75 -34481.8 284.48886
8.76 263.85944 -140.53993 22016.475 -32252.7 2366.07 -34618.8 286.01077
8.77 275.376 -200.83219 22081.712 -32068.6 2469.34 -34538 286.47797
8.78 257.65835 -393.46776 22063.903 -32383.1 2310.46 -34693.6 286.56812
8.79 271.30691 -538.59382 22122.277 -32086.7 2432.85 -34519.6 286.85583
8.8 256.16819 -499.92191 22112.576 -32288.4 2297.1 -34585.5 286.80187
8.81 270.77036 -102.0855 22008.676 -32084.7 2428.04 -34512.7 285.53491
8.82 269.66872 47.141318 21960.319 -32192 2418.16 -34610.2 285.74407
8.83 274.96788 102.22083 21937.616 -32042.2 2465.68 -34507.9 285.46767
8.84 268.36885 326.522 21881.981 -32138.7 2406.51 -34545.2 285.30992
8.85 270.30758 380.77683 21889.796 -31937.8 2423.89 -34361.7 285.10431
8.86 266.90534 805.6842 21751.256 -32179.4 2393.38 -34572.8 283.9071
8.87 265.19433 182.84006 21916.171 -32117.2 2378.04 -34495.3 284.92238
8.88 261.81092 242.98068 21891.56 -32326 2347.7 -34673.7 284.46023
8.89 267.48053 314.4136 21908.554 -32115.1 2398.54 -34513.6 284.3988
8.9 270.98538 89.737249 21993.24 -32130.7 2429.97 -34560.7 285.17593
8.91 270.75557 -178.42942 22029.389 -32017 2427.91 -34444.9 286.30605
8.92 265.55096 -132.68655 21994.481 -32237.1 2381.24 -34618.3 285.64324
8.93 264.05296 -448.63635 22143.363 -31957.8 2367.8 -34325.6 287.49254
8.94 272.06802 82.079184 21967.38 -32185.5 2439.68 -34625.2 285.52613
8.95 282.37256 192.71993 21990.22 -31873 2532.08 -34405 285.94676
8.96 266.14636 272.35779 21929.462 -32217.2 2386.58 -34603.8 285.54718
8.97 273.3565 287.63142 21932.145 -31959.3 2451.23 -34410.5 285.71961
8.98 258.8017 287.25991 21882.384 -32214.6 2320.72 -34535.3 285.13093
8.99 276.2603 422.28263 21886.076 -32014.9 2477.27 -34492.2 285.33961
9 258.38576 113.74139 21920.43 -32278.2 2316.99 -34595.2 285.6452
9.01 278.91762 957.47383 21720.982 -32062.2 2501.1 -34563.3 283.55906
9.02 256.42794 260.26321 21902.156 -32313.4 2299.43 -34612.8 285.06712
9.03 262.68198 98.941621 21945.81 -32146.8 2355.51 -34502.3 285.48777
9.04 272.14224 -33.582244 22005.332 -32117.7 2440.34 -34558.1 285.18166
9.05 275.40061 -367.5938 22094.414 -32028.6 2469.56 -34498.2 285.80766
9.06 278.20489 -153.6281 22046.35 -31912.3 2494.71 -34407 285.41565
9.07 260.7847 -668.3661 22162.345 -32175.5 2338.5 -34514 287.35455
9.08 269.97931 -355.13039 22067.701 -31900 2420.95 -34321 286.97983
9.09 260.06047 24.582507 21990.111 -32085.7 2332 -34417.7 285.93079
9.1 262.94181 132.78662 21953.629 -32189 2357.84 -34546.8 285.79828
9.11 271.90457 502.65527 21866.511 -32089.2 2438.21 -34527.5 285.0369
9.12 262.64451 316.16017 21876.292 -32163 2355.18 -34518.1 285.3144
9.13 262.71561 722.36533 21786.739 -32160.9 2355.81 -34516.7 283.92472
9.14 275.51144 376.16314 21908.193 -32043.1 2470.55 -34513.6 284.53633
9.15 274.72532 173.8739 21926.298 -32138 2463.51 -34601.5 284.27267
9.16 259.38663 60.806267 21933.885 -32184.3 2325.96 -34510.2 284.58767
9.17 270.72187 -111.51167 22011.922 -32106.5 2427.61 -34534.1 284.95921
9.18 263.37599 -133.78327 22018.969 -32255.9 2361.73 -34617.6 285.217
9.19 271.30002 -512.6357 22134.482 -31982.1 2432.79 -34414.9 286.52715
9.2 275.90742 -804.94131 22209.73 -32096.1 2474.11 -34570.2 287.31333
9.21 268.03517 -354.91511 22094.627 -32054 2403.51 -34457.5 286.23193
9.22 255.18127 -190.01191 22022.408 -32330.4 2288.25 -34618.7 286.12174
9.23 261.69694 -715.7016 22191.142 -32085.5 2346.68 -34432.1 287.85708
9.24 263.34502 -392.09541 22046.604 -32367.8 2361.46 -34729.3 286.46848
9.25 263.72254 -85.429133 22000.961 -32140 2364.84 -34504.9 286.76489
9.26 260.50658 -171.49537 22032.261 -32196.9 2336 -34533 286.37274
9.27 277.06464 8.9543632 21993.283 -31943.7 2484.48 -34428.2 285.71797
9.28 261.52417 341.52498 21924.77 -32201.9 2345.13 -34547 285.51865
9.29 264.61961 82.086984 21969.498 -31949.1 2372.89 -34322 285.17957
9.3 254.97187 680.59639 21816.147 -32207.8 2286.37 -34494.2 283.65509
9.31 257.97574 233.68889 21904.669 -32311.7 2313.31 -34625 283.97041
9.32 273.59604 166.46084 21930.912 -32057.4 2453.38 -34510.8 284.12644
9.33 260.80408 113.09487 21954.594 -32214.8 2338.67 -34553.5 285.10725
9.34 264.60468 28.537663 21983.321 -32034 2372.75 -34406.7 285.50355
9.35 263.91181 -328.03802 22061.044 -32168 2366.54 -34534.5 286.06649
9.36 264.50695 -293.8972 22046.136 -32102.8 2371.88 -34474.7 286.42871
9.37 266.14152 -306.86587 22068.045 -32218.4 2386.53 -34605 286.53256
9.38 266.91223 -30.163913 21971.801 -32157.8 2393.44 -34551.3 285.93552
9.39 268.69811 580.46583 21822.727 -32174.2 2409.46 -34583.7 284.41739
9.4 266.44868 304.72245 21888.565 -32087.6 2389.29 -34476.9 284.83153
9.41 277.25961 306.98063 21900.029 -32076.9 2486.23 -34563.1 285.08434
9.42 261.84279 139.33775 21905.063 -32220.9 2347.99 -34568.9 284.96472
9.43 275.79868 -31.666152 21990.849 -32127.5 2473.13 -34600.6 286.06235
9.44 256.75628 -280.08221 22081.721 -32355 2302.37 -34657.4 286.53348
9.45 267.70745 -90.116573 22018.648 -32101.7 2400.58 -34502.3 285.50835
9.46 265.47553 -137.03824 21999.352 -32248.6 2380.56 -34629.2 285.15221
9.47 269.39481 455.63456 21892.41 -32042.7 2415.71 -34458.4 283.83396
9.48 275.81059 317.82338 21895.127 -32085.9 2473.24 -34559.2 284.33034
9.49 267.71812 356.92347 21890.464 -32148.8 2400.67 -34549.5 284.78036
9.5 277.89169 421.46539 21877.285 -31939.6 2491.9 -34431.5 285.3143
9.51 279.84345 147.76636 21964.384 -32046 2509.4 -34555.4 286.25933
9.52 264.33319 476.83926 21875.854 -32231.5 2370.32 -34601.8 286.00332
9.53 267.37417 194.2919 21941.77 -32164.6 2397.59 -34562.1 285.65266
9.54 268.47495 377.94546 21901.292 -32070.9 2407.46 -34478.3 285.2826
9.55 266.13599 15.529026 21968.341 -32250.1 2386.48 -34636.6 285.99358
9.56 268.88752 -73.237242 22050.623 -31970.4 2411.16 -34381.6 286.79425
9.57 270.71541 -418.57561 22137.566 -32145.3 2427.55 -34572.8 287.0965
9.58 266.02885 -218.92779 22061.758 -32003.4 2385.52 -34388.9 285.50472
9.59 269.54606 -168.44919 22044.24 -32206.8 2417.06 -34623.9 284.95936
9.6 283.67215 -304.30844 22071.371 -32135.5 2543.73 -34679.2 285.80266
9.61 275.95303 -274.57056 22063.752 -32093.7 2474.51 -34568.3 284.85063
9.62 254.30799 52.675085 21949.043 -32250.9 2280.42 -34531.3 284.44405
9.63 268.64813 304.15776 21886.547 -32204.7 2409.01 -34613.7 284.92774
9.64 271.18342 464.51333 21914.18 -32063.2 2431.74 -34494.9 285.25597
9.65 271.70598 255.52024 21914.393 -32199.7 2436.43 -34636.1 285.72301
9.66 269.12511 603.79376 21853.029 -32015.7 2413.29 -34429 286.2984
9.67 276.37446 972.2049 21736.174 -32127.5 2478.29 -34605.8 285.17051
9.68 280.41715 280.94214 21932.888 -32026.9 2514.55 -34541.4 285.99084
9.69 269.16589 103.21381 21966.916 -32119.9 2413.65 -34533.6 285.7505
9.7 276.05032 13.080881 22039.201 -31978.5 2475.39 -34453.9 286.0069
9.71 261.80683 -491.73994 22099.335 -32202.7 2347.66 -34550.4 286.1304
9.72 264.51066 -104.56583 22004.284 -32088.8 2371.91 -34460.7 284.92543
9.73 265.15295 -282.11791 22060.573 -32222.9 2377.67 -34600.6 285.56621
9.74 273.65738 -164.98747 22035.389 -31947.7 2453.93 -34401.7 285.00237
9.75 267.68132 -583.17681 22129.217 -32155.9 2400.34 -34556.2 286.18554
9.76 287.66819 74.494968 22015.909 -31895.5 2579.57 -34475.1 285.64347
9.77 266.87002 116.97765 21976.949 -32100.7 2393.07 -34493.7 285.82639
9.78 258.78923 -60.26695 21979.756 -32125.9 2320.6 -34446.5 286.19994
9.79 269.65504 170.22944 21921.113 -32230.4 2418.04 -34648.5 285.48244
9.8 263.82678 301.94802 21936.302 -32013.1 2365.78 -34378.9 285.42304
9.81 277.5645 686.35917 21821.433 -32187.9 2488.96 -34676.9 284.75839
9.82 273.19215 375.31034 21871.728 -32047.7 2449.76 -34497.5 284.55966
9.83 255.65511 309.88146 21915.372 -32270.2 2292.5 -34562.7 285.05882
9.84 269.79527 395.0388 21895.567 -32065 2419.3 -34484.3 284.76528
9.85 259.73361 610.16716 21798.079 -32193 2329.07 -34522.1 283.63668
9.86 258.67301 312.62427 21875.273 -32272.9 2319.56 -34592.4 285.12398
9.87 266.96595 59.518141 21979.556 -32101.8 2393.93 -34495.7 285.5593
9.88 252.0885 -200.32867 22008 -32315.8 2260.52 -34576.3 285.82193
9.89 259.28752 -602.231 22156.789 -32170.1 2325.07 -34495.2 286.7694
9.9 276.64469 -497.28257 22164.863 -31907.8 2480.72 -34388.5 287.95284
9.91 275.28014 -302.09303 22060.417 -32146.9 2468.48 -34615.4 286.78852
9.92 273.66336 -461.83996 22155.669 -31956.2 2453.98 -34410.1 287.31627
9.93 265.01382 -479.95151 22126.031 -32056.3 2376.42 -34432.7 287.15976
9.94 257.48285 -343.71549 22061.668 -32340.4 2308.89 -34649.3 286.00187
9.95 276.93761 -173.82188 22066.726 -32100.7 2483.34 -34584 286.76543
9.96 266.78308 -32.859488 22008.95 -32184.5 2392.29 -34576.8 286.30066
9.97 267.99484 -157.95599 22004.459 -32211.7 2403.15 -34614.8 286.09158
9.98 256.5879 -61.673481 21940.402 -32222.3 2300.86 -34523.1 285.40706
