Step Temp Press Volume TotEng KinEng PotEng c_1[4] 
0    130.58948   -2025.5154    48531.421   -15174.803    595.57152   -15770.375    1520.2896 
50     229.5635    280.73602    47939.709   -14771.259    1046.9564   -15818.216    1507.7763 
100    255.06893   -4.6817266    47946.701   -14553.336    1163.2774   -15716.613    1511.8087 
150     265.0781    235.32926    48238.909   -14411.297    1208.9256   -15620.222     1520.566 
200    279.17085   -542.42699    48327.351   -14341.508    1273.1976   -15614.705    1522.0353 
250    277.71787   -130.56758    48356.302   -14403.247     1266.571   -15669.818       1524.8 
300    285.32114    381.95571    48446.512   -14268.419    1301.2468   -15569.665    1524.8441 
350     278.0846    -99.60182    48532.037   -14305.248    1268.2436   -15573.492    1525.8178 
400    283.64759   -199.17874    48284.038   -14296.826    1293.6144   -15590.441    1524.4522 
450    282.71465   -159.32565     48400.01    -14315.76    1289.3596    -15605.12      1533.02 
500    280.01549   -311.83688    48301.387     -14336.1    1277.0497    -15613.15    1536.4567 
550    278.64626    14.237411    48262.474   -14307.612    1270.8051   -15578.417    1541.0696 
600    274.14219    150.95984    48279.839    -14363.59    1250.2637   -15613.854    1541.4222 
650     274.5141    201.54657    48394.548   -14299.906    1251.9598   -15551.866    1541.5211 
700    277.79309    -139.2771    48486.906   -14335.116    1266.9141    -15602.03    1545.7737 
750    289.99901   -101.78203     48560.17   -14286.731    1322.5809   -15609.312     1551.312 
800    296.01933   -399.41142     48397.95   -14275.293    1350.0374   -15625.331    1548.6707 
850    272.65646    248.20719    48450.952   -14316.298    1243.4878   -15559.785    1553.4595 
900    285.90766    551.22624    48567.321   -14293.002    1303.9217   -15596.923    1558.7775 
950    270.83505   -95.285544    48522.439   -14333.048     1235.181   -15568.229    1559.8019 
1000    286.59314    98.591696    48501.276   -14292.713     1307.048   -15599.761    1557.6932 
1050    278.23164   -168.01236    48470.965   -14302.616    1268.9142    -15571.53    1560.7073 
1100    283.62661    290.23924     48502.27   -14264.702    1293.5187    -15558.22    1565.8135 
1150    270.80213    71.405502     48548.09   -14293.579    1235.0309    -15528.61    1566.4907 
1200    282.72405   -229.89024    48448.631   -14302.102    1289.4024   -15591.505    1568.3143 
1250    274.25568   -170.49447    48518.465     -14296.4    1250.7813   -15547.182    1571.6005 
1300    271.88299    25.833209    48309.602   -14288.497    1239.9603   -15528.457    1570.0823 
1350    286.35435   -223.70958    48476.002   -14252.091    1305.9589    -15558.05    1577.1527 
1400    275.89503   -139.45869    48338.073   -14303.934    1258.2577   -15562.191    1579.2404 
1450    286.88113    27.285408    48412.687   -14272.767    1308.3614   -15581.128    1583.8304 
1500     288.1838    177.23283     48522.51    -14235.07    1314.3024   -15549.373    1590.7303 
1550    276.61154   -330.56913    48535.787   -14305.395    1261.5255    -15566.92    1586.1752 
1600    269.24643    42.703149    48383.026   -14337.664    1227.9359     -15565.6    1585.9852 
1650    278.00352    167.79559    48466.269   -14332.121    1267.8738   -15599.995    1591.0248 
1700    277.67803    -20.47426    48430.094   -14319.177    1266.3894   -15585.567    1596.6641 
1750     270.7693   -376.88054    48312.728   -14332.361    1234.8811   -15567.242    1601.0057 
1800    274.28859    12.243664    48370.316   -14342.583    1250.9313   -15593.515    1603.4906 
1850    270.19591     401.1067    48507.942   -14333.075    1232.2661   -15565.341    1611.4271 
1900     269.5132   -140.95415    48370.495   -14335.894    1229.1525   -15565.047    1610.9421 
1950     290.2192   -320.49049    48560.196    -14301.53    1323.5851   -15625.115    1617.9225 
2000    281.40911    100.93489    48693.514   -14297.514    1283.4054   -15580.919    1627.6262 
2050     286.7881   -78.876698    48560.143   -14282.777    1307.9371   -15590.714     1628.178 
2100    289.21986   -144.26856    48528.409   -14264.399    1319.0275   -15583.426    1625.5403 
2150    287.31863   -38.738884    48401.034   -14270.965    1310.3567   -15581.322      1625.73 
2200    289.96955    439.32037    48484.724   -14254.206    1322.4466   -15576.653    1629.5968 
2250    274.97881    190.71857    48516.223   -14291.787    1254.0792   -15545.866     1631.412 
2300    277.24307    40.683183    48503.929   -14305.979    1264.4057   -15570.384     1631.666 
2350    276.84766    32.940956    48398.498   -14300.619    1262.6023   -15563.222    1633.7139 
2400    277.15017    86.974404    48393.436   -14264.798     1263.982    -15528.78    1635.7442 
2450    283.05664    14.548124    48573.572   -14271.754    1290.9192   -15562.673    1638.4073 
2500    279.51329    50.197829    48643.829   -14289.141    1274.7593     -15563.9    1641.3005 
2550    281.41181    2.5295694    48526.657   -14296.482    1283.4178     -15579.9    1639.6921 
2600    265.89372    185.89471    48629.623   -14300.766    1212.6454   -15513.411    1639.2973 
2650    280.84806   -4.0013182    48565.889   -14307.156    1280.8467   -15588.003    1634.1194 
2700    269.43995    113.84133    48322.649   -14303.962    1228.8184   -15532.781     1628.553 
2750    281.27961   -163.69553    48276.179   -14315.475    1282.8149    -15598.29    1627.1454 
2800    279.04189   -23.770844    48484.939   -14299.432    1272.6094   -15572.041    1631.9194 
2850    273.29567   -28.941616    48496.026   -14296.517     1246.403    -15542.92    1638.9569 
2900    277.40758    -140.0425    48469.315   -14323.664    1265.1559    -15588.82    1639.4715 
2950    280.62336    92.549224    48479.218   -14318.015    1279.8219   -15597.837    1639.5638 
3000    274.75605   -285.57501    48415.067   -14352.099    1253.0633   -15605.162    1635.8405 
3050    291.11666    -278.7124    48380.125   -14280.961    1327.6781   -15608.639    1638.8251 
3100    276.44214   -83.294617    48222.089   -14353.478    1260.7529   -15614.231    1639.1425 
3150    285.07644   -214.92177    48217.779   -14311.228    1300.1308   -15611.359    1642.6792 
3200    272.64065    463.33571    48235.272   -14344.037    1243.4157   -15587.452    1645.5904 
3250    275.66575    162.01165    48453.171   -14318.422    1257.2121   -15575.634    1655.5452 
3300    280.62205   -99.953082     48479.29   -14317.221     1279.816   -15597.037    1659.6646 
3350    283.59229   -82.126438    48440.096   -14317.067    1293.3622   -15610.429    1663.8356 
3400    282.58472    82.972083    48511.204   -14312.048     1288.767   -15600.815     1668.644 
3450    272.61114    133.85484    48563.535   -14305.752    1243.2811   -15549.033    1675.6675 
3500    280.44557   -434.75163    48562.505   -14330.724    1279.0111   -15609.735    1676.2576 
3550    288.67066   -542.93636    48501.259   -14311.843    1316.5228   -15628.366    1677.7466 
3600     283.8406   -114.04357    48465.475   -14344.062    1294.4946   -15638.557    1684.9817 
3650    280.83847   -193.05199    48271.198   -14348.645     1280.803   -15629.448    1681.8469 
3700    283.16411    192.78151    48288.138   -14308.515    1291.4094   -15599.924    1683.8008 
3750    278.92339   -169.93816    48353.715   -14312.438     1272.069   -15584.507    1688.0258 
3800    283.74394    181.78022    48340.841   -14341.351    1294.0538   -15635.405     1690.521 
3850    280.22904    69.448609    48487.529   -14296.096    1278.0236    -15574.12    1697.9774 
3900    286.78327    -190.3573    48281.262   -14309.652    1307.9151   -15617.567    1694.4671 
3950    274.30248    326.37162    48308.881   -14310.332    1250.9947   -15561.327    1704.3932 
4000    283.03224   -208.37948    48423.444   -14314.255     1290.808   -15605.063    1714.5705 
4050    276.55194    68.829627    48505.459   -14314.349    1261.2537   -15575.602     1720.656 
4100    276.46698    51.822731    48281.273   -14366.699    1260.8662   -15627.565    1716.9308 
4150    285.09945   -407.59988    48429.505   -14322.889    1300.2358   -15623.124    1720.8196 
4200    281.12603   -168.06519    48365.895   -14350.921    1282.1144   -15633.035    1720.8835 
4250    271.97572    292.81965    48403.058   -14355.554    1240.3832   -15595.937     1729.968 
4300    273.87186   -68.156896    48467.588    -14369.83    1249.0308    -15618.86    1732.6889 
4350    274.18356    195.87403     48372.66   -14358.673    1250.4523   -15609.125    1731.5193 
4400    284.19395   -195.01374    48451.947   -14372.326    1296.1061   -15668.433    1740.6926 
4450    270.54446     70.27462    48354.814   -14366.053    1233.8557   -15599.909    1743.0087 
4500    285.02778   -30.577549    48362.707   -14333.081    1299.9089    -15632.99    1747.8741 
4550    289.86071   -62.346616    48395.336   -14259.039    1321.9501   -15580.989    1749.0934 
4600    285.56809    27.646033     48486.31    -14258.74    1302.3731   -15561.113    1758.9221 
4650    286.65599   -287.95288    48451.601   -14246.103    1307.3346   -15553.438    1762.9099 
4700    283.14188   -51.836716    48582.665   -14275.034     1291.308   -15566.342    1767.2192 
4750    289.02613   -66.650352    48479.972   -14240.688    1318.1439   -15558.832    1768.5528 
4800    286.50417   -221.31862    48485.508   -14242.547    1306.6422   -15549.189     1773.193 
4850    287.91968   -175.84804    48460.298   -14257.421    1313.0978   -15570.519    1773.4139 
4900    288.15706   -119.46949    48437.075   -14298.052    1314.1804   -15612.232    1774.9697 
4950    281.04852   -257.56687    48510.317   -14273.696    1281.7609   -15555.457    1779.4337 
5000    277.12814   -61.250421    48455.596   -14308.819    1263.8815   -15572.701    1781.7303 
5050    279.79386    224.61799    48226.715   -14313.638    1276.0389   -15589.677    1777.0532 
5100    271.81854      73.2001    48131.836    -14335.69    1239.6663   -15575.357    1780.3687 
5150    269.31835    797.93509    48407.661   -14277.806    1228.2639    -15506.07    1790.6178 
5200    284.30413    280.93586    48414.005   -14318.478    1296.6086   -15615.086    1788.5802 
5250     276.8022   0.62532225    48424.489   -14288.145     1262.395    -15550.54    1786.6775 
5300    284.60971   -238.14284     48335.42   -14298.287    1298.0023   -15596.289    1788.0025 
5350    286.37353    123.56336    48323.442   -14297.059    1306.0464   -15603.106    1791.3774 
5400    283.60179   -139.89196    48462.377   -14275.875    1293.4055   -15569.281    1795.4688 
5450    273.93999    146.05221    48548.822   -14282.694    1249.3415   -15532.036    1800.8136 
5500    285.18929    161.70219    48604.794   -14312.468    1300.6455   -15613.113    1807.8139 
5550    283.24966   -118.97609     48375.77   -14311.813    1291.7996   -15603.612    1808.5726 
5600    279.44207   -312.43533    48427.147   -14336.984    1274.4345   -15611.419    1813.0637 
5650     279.3438    25.925701    48325.879   -14293.878    1273.9863   -15567.864    1814.5915 
5700     266.1378   -3.1330775    48409.724   -14334.897    1213.7586   -15548.655    1820.1365 
5750    281.97496   -270.17623    48303.726   -14331.564    1285.9861    -15617.55    1819.9749 
5800    282.63354    330.57125    48364.837   -14324.823    1288.9897   -15613.813    1822.5782 
5850    286.27878   -192.64531    48390.501    -14285.44    1305.6143   -15591.054    1823.0098 
5900     285.1178    49.958236     48353.59    -14310.57    1300.3195   -15610.889    1823.4339 
5950    286.88588   -172.70584    48488.739   -14293.902    1308.3831   -15602.285    1829.8712 
6000    270.85908    186.88746    48496.047   -14309.849    1235.2906    -15545.14    1834.9723 
6050    275.90153    192.42566    48648.431   -14314.391    1258.2874   -15572.678    1841.9597 
6100    267.99818    332.31624    48582.678   -14342.394     1222.243   -15564.637    1847.4273 
6150    272.03188   -173.55909    48453.956   -14313.586    1240.6393   -15554.226    1843.7526 
6200    283.16454    69.586643    48360.192   -14286.101    1291.4113   -15577.512    1841.1775 
6250    283.54838    5.6402195    48526.676   -14296.002    1293.1619   -15589.164    1847.6196 
6300     286.0451    114.97403    48371.051   -14272.984    1304.5486   -15577.533    1844.9705 
6350    284.04666    138.11875    48366.142    -14294.32    1295.4344   -15589.754    1847.5219 
6400    279.83966   -329.66843    48354.364   -14312.876    1276.2478   -15589.124    1849.8569 
6450    285.91696    6.4893407    48258.528    -14317.26    1303.9642   -15621.224    1848.1169 
6500    280.33369   -279.58165    48337.838   -14357.693    1278.5009   -15636.194     1856.026 
6550    268.88486    316.99942    48239.901   -14358.384    1226.2869   -15584.671    1855.6117 
6600    290.76118    45.696014    48406.665   -14306.083    1326.0569   -15632.139    1866.1806 
6650    279.12731   -467.53354    48284.288   -14300.354     1272.999   -15573.353    1867.9194 
6700     270.3683    219.07736    48375.286    -14296.46    1233.0523   -15529.513    1873.7363 
6750    277.75571   -225.77158     48416.93   -14277.296    1266.7436    -15544.04    1872.5823 
6800    278.89636   -346.32628    48481.842   -14307.271    1271.9457   -15579.217    1878.7746 
6850    286.11337   -169.39232    48514.722   -14320.957    1304.8599   -15625.817    1885.6923 
6900    278.63516     241.0777    48453.032   -14328.366    1270.7545    -15599.12    1885.3194 
6950    279.13258   -33.264996    48646.689    -14327.03    1273.0231   -15600.053    1893.2689 
7000    282.41312    -145.5533    48592.008   -14299.548    1287.9844   -15587.532    1894.5647 
7050    286.53131   -361.27488    48357.491   -14339.603     1306.766   -15646.369    1885.0266 
7100    273.10519    314.10811    48394.296    -14295.64    1245.5343   -15541.174     1888.503 
7150    280.54746   -376.18347    48444.177   -14328.163    1279.4758   -15607.638    1895.7086 
7200    279.93175   -144.32448    48465.804   -14319.047    1276.6677   -15595.715    1897.8189 
7250    280.41248   -412.25954    48478.383   -14287.266    1278.8602   -15566.126    1901.6471 
7300    282.86086    12.819851    48290.066   -14313.605    1290.0264   -15603.632    1899.9288 
7350     278.6406     -33.2569    48245.567   -14324.254    1270.7793   -15595.033    1901.5989 
7400    284.43353    262.51107    48389.047   -14295.754    1297.1988   -15592.953    1907.8636 
7450    287.22683    147.35879    48503.253   -14314.658     1309.938   -15624.596    1916.6332 
7500    278.25941   -404.77881      48466.7   -14321.445    1269.0408   -15590.486    1920.7377 
7550    277.63743    164.45549    48372.002   -14311.637    1266.2042   -15577.841    1919.9588 
7600    279.71747   -120.17315    48322.449   -14351.482    1275.6905   -15627.173    1918.0941 
7650    277.71485   -23.726603    48375.258   -14310.693    1266.5573    -15577.25    1925.2724 
7700    269.04241   -55.641478    48353.237   -14344.389    1227.0054   -15571.395    1924.5483 
7750    274.67919   -329.48749    48294.343   -14375.293    1252.7127   -15628.006    1927.9046 
7800    282.41643    412.09824    48396.913   -14322.013    1287.9995   -15610.013    1928.5132 
7850    277.33956   -149.97952    48461.721   -14280.711    1264.8457   -15545.557    1932.3936 
7900    277.37173   -141.47594    48472.683   -14302.056    1264.9924   -15567.048    1932.8614 
7950    283.71243   -254.36314    48473.355   -14289.697    1293.9101   -15583.607    1935.2802 
8000    284.87536   -31.482027    48537.027   -14308.189    1299.2138   -15607.402    1939.1951 
8050    270.59955    1.6847529    48428.163   -14326.685     1234.107   -15560.792    1941.5076 
8100    273.58602   -260.36304    48455.868   -14304.279    1247.7272   -15552.007    1947.2631 
8150    276.67765    166.52696    48463.393   -14307.206     1261.827   -15569.033     1950.073 
8200    275.84876    173.68616    48481.574   -14281.283    1258.0467    -15539.33    1951.5847 
8250    284.58326   -421.43129      48468.5   -14273.039    1297.8816    -15570.92    1956.5474 
8300    279.33353   -51.273332    48380.078   -14276.202    1273.9395   -15550.142    1953.6007 
8350    293.42233   -226.23871    48584.351   -14250.565    1338.1934   -15588.758    1958.6211 
8400    279.55109    127.23557    48627.391   -14250.913    1274.9317   -15525.844    1963.1986 
8450    295.74833   -94.640319    48575.182   -14232.892    1348.8015   -15581.694    1964.7325 
8500    279.31724   -433.88946     48501.06   -14256.864    1273.8652   -15530.729    1963.3704 
8550     283.7879   -41.526956    48398.282   -14272.479    1294.2543   -15566.733    1961.4151 
8600    284.22668   -131.17481     48590.15   -14285.266    1296.2554   -15581.522     1973.269 
8650     268.5021    199.85852    48515.351   -14294.625    1224.5412   -15519.167    1973.8607 
8700     264.9894   -137.51581    48300.783   -14322.931    1208.5211   -15531.452    1973.8632 
8750    285.10037   -177.30755    48409.283   -14288.759      1300.24   -15588.999    1975.5314 
8800    281.42541    16.746718    48318.251   -14303.798    1283.4798   -15587.278    1972.5031 
8850    280.78721    128.89995    48436.793   -14298.424    1280.5692   -15578.993    1980.5583 
8900    278.84338   -239.24079    48360.439   -14352.332    1271.7041   -15624.036    1984.5895 
8950    272.10714   -152.28463    48369.759   -14335.565    1240.9825   -15576.547    1987.2882 
9000    279.22762   -294.25193    48448.124   -14327.125    1273.4565   -15600.581     1986.446 
9050    289.42882   -133.13633    48498.362   -14332.379    1319.9805   -15652.359    1987.2789 
9100    277.95233    296.82809    48409.979   -14296.146    1267.6403   -15563.787    1984.8273 
9150    287.99247   -125.04011    48502.209   -14303.798    1313.4298   -15617.228    1987.5931 
9200    269.15997    533.88787    48441.786   -14341.378    1227.5416   -15568.919    1989.1412 
9250    263.86273   -110.90269    48448.515   -14374.335    1203.3828   -15577.718    1989.8336 
9300    283.09479   -175.82861    48239.367   -14375.465    1291.0933   -15666.558    1982.4136 
9350    278.83939   -235.28733      48205.2   -14388.165    1271.6859   -15659.851    1992.7522 
9400    280.73317   -207.51161    48533.683   -14314.342    1280.3228   -15594.665    2008.3303 
9450     284.6634    278.67076    48452.024   -14304.425    1298.2471   -15602.672     2004.658 
9500    285.15641    118.69398    48383.284   -14368.237    1300.4955   -15668.732    2007.1695 
9550    265.18018    260.61596     48378.34   -14371.136    1209.3912   -15580.527    2006.6296 
9600    277.91824    244.36868    48374.108   -14371.674    1267.4849   -15639.159    2011.1976 
9650    272.29047    215.25279    48324.594   -14348.971    1241.8186    -15590.79    2013.3321 
9700    282.57961   -8.5265993    48427.137   -14298.427    1288.7437   -15587.171    2013.9519 
9750    269.37979    -201.8228    48473.346   -14315.033    1228.5441   -15543.578    2019.8914 
9800    270.26256    46.044498    48402.613   -14317.973    1232.5701   -15550.543    2016.2408 
9850    278.42458    95.393524    48347.865    -14345.93    1269.7941   -15615.724    2019.7469 
9900     274.6103   -41.418483    48380.954   -14336.024    1252.3986   -15588.422     2024.895 
9950    292.60338    192.42855    48431.766   -14227.126    1334.4585   -15561.584    2035.4764 
10000    300.31959   -88.441214    48532.936     -14222.6    1369.6494   -15592.249    2040.7684 
10050    291.49961     144.5636    48547.682   -14262.243    1329.4246   -15591.668    2040.3781 
10100    277.81565   -102.85749    48471.348   -14281.467     1267.017   -15548.484    2044.2503 
10150    283.60756   -162.20088    48610.975   -14250.673    1293.4318   -15544.104    2051.5129 
10200    280.84724    47.202041    48742.583   -14269.184     1280.843   -15550.027    2058.9509 
10250    294.46429   -85.594699     48522.35   -14258.539    1342.9454   -15601.485    2061.9346 
10300    285.15138     351.8953    48419.626   -14293.977    1300.4726   -15594.449    2065.2273 
10350    279.63824    78.080741    48399.726   -14294.891    1275.3292   -15570.221    2066.3483 
10400    290.78238   -403.34531    48477.927   -14266.445    1326.1536   -15592.599    2069.2002 
10450    291.06942    353.80561     48587.45    -14249.67    1327.4627   -15577.133    2079.2433 
10500    286.30105    -15.58228    48471.611   -14256.756    1305.7159   -15562.472    2080.7969 
10550    284.50855    -84.67429    48421.908   -14263.035    1297.5409   -15560.576    2084.0071 
10600     280.9612   -144.48391    48376.467   -14313.574    1281.3627   -15594.937    2084.3572 
10650    283.49065    399.43549    48410.442   -14328.013    1292.8986   -15620.912    2086.3745 
10700    284.79148   -121.39281    48497.167    -14339.46    1298.8312   -15638.291    2090.0517 
10750    287.38421    169.02449    48428.599   -14275.187    1310.6557   -15585.843    2084.9733 
10800    285.63146    38.975666    48651.472   -14231.303    1302.6621   -15533.966     2093.413 
10850    296.74336    -136.2151    48463.307   -14280.564    1353.3394   -15633.904    2090.2652 
10900    280.10663   -215.23758    48332.197   -14344.477    1277.4653   -15621.942    2088.4993 
10950     280.0934   -293.80162    48336.983   -14343.436     1277.405   -15620.841    2092.6083 
11000    276.42198     126.9879    48344.396   -14358.548     1260.661   -15619.209    2098.2715 
11050     283.9222   -457.16562    48285.213   -14297.864    1294.8668    -15592.73    2094.7638 
11100    292.07397   -159.48233    48417.642   -14254.034    1332.0441   -15586.079    2104.8746 
11150    276.63272    2.5237053    48429.439   -14308.591    1261.6221   -15570.213    2109.1638 
11200     275.4942    291.01328    48393.455   -14351.118    1256.4297   -15607.548    2108.2728 
11250    283.29831    71.149754    48239.108   -14305.765    1292.0214   -15597.786    2103.5446 
11300    296.82168   -126.66413    48537.327   -14223.529    1353.6966   -15577.226    2112.3324 
11350    280.41984    -93.40963    48610.138   -14260.678    1278.8937   -15539.572    2116.4774 
11400    290.03219   -310.76705    48358.484   -14270.062    1322.7322   -15592.794     2107.211 
11450    279.52471    84.949373     48425.84   -14260.293    1274.8114   -15535.104    2107.7731 
11500    283.72835    247.50362     48470.89   -14290.581    1293.9827   -15584.564    2111.1752 
11550    283.09432    270.24273    48490.726   -14253.508    1291.0911   -15544.599    2116.8481 
11600     282.6351   -67.312643     48364.05   -14259.915    1288.9968   -15548.912    2116.5154 
11650    291.02549    79.582302    48307.851   -14290.192    1327.2623   -15617.454    2110.6853 
11700    283.62169    91.912976    48481.221    -14275.54    1293.4962   -15569.036    2115.6813 
11750    283.67215    250.02693    48680.509   -14242.516    1293.7264   -15536.243    2122.9645 
11800    278.15623   -265.69546    48473.062   -14252.394    1268.5703   -15520.964    2120.9262 
11850    293.40396   -100.05988    48472.564   -14222.814    1338.1097   -15560.924    2125.8483 
11900    293.49015    80.364871    48429.543   -14223.712    1338.5027   -15562.214    2128.0516 
11950    281.77541   -185.15368      48550.3   -14279.038     1285.076   -15564.114     2136.599 
12000     283.8527    166.62541    48577.336   -14301.269    1294.5498   -15595.819    2137.8652 
12050    275.97976    221.54139    48412.035   -14361.276    1258.6441    -15619.92    2133.5513 
12100    280.49248    54.368097    48482.013   -14305.478     1279.225   -15584.703    2132.3306 
12150    284.83252    417.95473    48614.424   -14272.362    1299.0184    -15571.38     2135.543 
12200    277.10785    225.78402    48646.278   -14278.005     1263.789   -15541.794    2141.2478 
12250    276.02262   -414.64178     48608.41    -14335.12    1258.8396    -15593.96    2142.3779 
12300     280.7197     247.8157    48750.965    -14311.16    1280.2613   -15591.422    2152.4382 
12350    269.79566   -498.49443    48438.454   -14359.775    1230.4407   -15590.216    2144.1313 
12400    267.72228    37.995918     48357.01   -14408.359    1220.9848   -15629.343    2145.5427 
12450    271.30802   -8.6167183    48506.544   -14400.035    1237.3381   -15637.373    2150.7279 
12500     265.5617   -207.90794    48351.016   -14395.732    1211.1311   -15606.863    2150.4625 
12550     275.3442   -91.379163    48382.655   -14366.622    1255.7456   -15622.368    2157.3534 
12600    275.72726   -201.90223    48392.373   -14367.548    1257.4926    -15625.04    2161.5702 
12650    274.06388    280.75656    48345.047   -14330.428    1249.9065   -15580.335     2163.113 
12700    278.88976   -33.147407    48429.389   -14276.468    1271.9156   -15548.384    2175.4144 
12750    278.85279    104.57595    48548.381   -14277.323     1271.747    -15549.07    2180.8644 
12800    279.95527    342.77805    48565.853   -14274.706     1276.775   -15551.481    2185.5832 
12850     279.1651   -338.43238    48459.794   -14301.858    1273.1714    -15575.03    2187.9242 
12900    281.82021   -140.35415    48497.147   -14293.939    1285.2803   -15579.219    2192.8298 
12950    290.45695   -299.06906    48427.645   -14258.418    1324.6694   -15583.087    2195.2017 
13000     285.5765    233.48534    48494.095   -14275.568    1302.4114    -15577.98    2197.1335 
13050    279.05897   -241.81428    48214.086     -14302.6    1272.6873   -15575.287    2191.4478 
13100    275.92592    211.16264    48371.043   -14300.962    1258.3986    -15559.36    2197.8951 
13150    271.46241    256.63811    48472.577   -14352.384    1238.0422   -15590.426     2196.811 
13200    274.28709   -67.891577    48265.854   -14385.709    1250.9245   -15636.633    2193.8819 
13250    276.53014   -206.92692    48315.838   -14333.613    1261.1542   -15594.767    2196.3561 
13300    274.28351   -93.375266    48413.609   -14334.061    1250.9082   -15584.969    2200.8089 
13350    273.40911   -230.88978    48458.363   -14347.302    1246.9204   -15594.223    2205.2153 
13400     280.9592   -184.84872     48365.46   -14288.276    1281.3536    -15569.63    2204.7576 
13450    283.19744   -17.604051    48413.362   -14290.218    1291.5614    -15581.78    2208.9686 
13500    279.35884   -80.069832    48400.112   -14298.802    1274.0549   -15572.857    2210.6932 
13550    280.23009    105.27362    48341.626   -14313.829    1278.0284   -15591.858    2214.0058 
13600    273.69185   -53.225202    48238.898   -14364.021    1248.2098   -15612.231     2211.393 
13650    277.95941    221.38186    48316.591   -14337.945    1267.6726   -15605.617    2215.8722 
13700    279.92054    -197.1494    48458.215   -14323.006    1276.6166   -15599.623    2221.1883 
13750    290.40658   -167.20369    48455.409    -14289.03    1324.4397    -15613.47    2224.8967 
13800    282.35406   -343.40065    48421.496   -14370.584     1287.715   -15658.299    2227.4171 
13850    275.52964   -23.637829    48550.774   -14366.379    1256.5913   -15622.971    2236.7685 
13900    274.95461   -134.61435    48415.489   -14368.078    1253.9688   -15622.047    2234.4591 
13950    278.11242     288.0837    48546.067   -14306.053    1268.3704   -15574.423    2238.5784 
14000    269.32896    185.68186     48430.22   -14323.922    1228.3123   -15552.234    2242.2006 
14050    288.39406    285.08525    48356.953   -14307.328    1315.2613   -15622.589    2240.6805 
14100    285.42962    -385.4246    48498.284   -14322.157    1301.7416   -15623.899    2250.1029 
14150    277.03312    242.89911    48496.304   -14340.477    1263.4481   -15603.925    2254.2269 
14200    279.31288   -165.07235    48362.211   -14365.453    1273.8453   -15639.299    2252.4265 
14250    280.36495    -195.0007    48346.414   -14328.319    1278.6434   -15606.962    2261.6355 
14300    269.32683   -70.277741    48294.011   -14319.896    1228.3025   -15548.199    2265.3137 
14350    282.42523   -149.63978    48470.337   -14327.058    1288.0396   -15615.098    2272.4844 
14400    268.70583    608.24161    48289.693    -14337.16    1225.4704    -15562.63     2269.529 
14450     278.4241    -114.1815    48426.518   -14307.836    1269.7919   -15577.628    2275.7559 
14500    288.27819   -352.92201    48348.427   -14302.143    1314.7329   -15616.875    2276.9697 
14550    279.00156   -238.29106    48425.567    -14305.49    1272.4255   -15577.916    2283.9359 
14600    286.28098     307.4911    48350.772   -14337.534    1305.6243   -15643.158    2283.8941 
14650    275.28549    449.04293    48666.547   -14337.312    1255.4779    -15592.79    2301.1043 
14700    281.84323   -201.06874    48560.431   -14297.817    1285.3853   -15583.203     2299.343 
14750     282.1153   -150.94356    48454.959   -14319.878    1286.6262   -15606.504    2292.5196 
14800    282.29567   -123.43872    48284.045     -14302.3    1287.4487   -15589.749    2288.9815 
14850    280.44286   -44.613642    48329.974   -14328.263    1278.9988   -15607.262    2289.9031 
14900     282.9687    202.98084     48446.86   -14261.767    1290.5182   -15552.286    2295.6341 
14950    281.16196    133.75821    48649.614   -14287.007    1282.2783   -15569.286     2305.699 
15000    281.44399   -324.64144    48430.912   -14323.109    1283.5646   -15606.674    2299.0004 
15050    273.52196    115.83448    48413.401   -14307.813     1247.435   -15555.248     2295.674 
15100    274.55121    44.062657    48423.748   -14366.402    1252.1291   -15618.531    2299.3914 
15150    271.49008   -120.52046    48368.268   -14357.269    1238.1684   -15595.438     2300.421 
15200    278.02326   -64.548489    48356.675   -14370.414    1267.9638   -15638.378    2300.9928 
15250    268.26298   -253.79025      48441.9   -14378.736    1223.4507   -15602.187    2303.6744 
15300       271.23    -579.0567    48463.467   -14380.281    1236.9822   -15617.263    2305.7429 
15350    279.07632    88.625393    48215.561   -14370.037    1272.7664   -15642.804    2298.9382 
15400    269.70769    341.27257    48344.605    -14360.67    1230.0395   -15590.709    2307.4768 
15450    289.09542    194.09676    48445.305   -14324.079    1318.4599   -15642.539     2310.096 
15500    278.42252    76.847226    48447.705   -14314.588    1269.7847   -15584.373     2306.166 
15550    275.54526    131.76076    48385.348   -14343.543    1256.6626   -15600.205    2302.7593 
15600    271.03427        158.7    48194.966   -14370.906    1236.0896   -15606.996    2299.2683 
15650    280.23006  -0.86654218    48219.155   -14330.066    1278.0282   -15608.094    2304.2076 
15700    275.77388    40.219031    48294.561    -14351.18    1257.7052   -15608.885     2310.569 
15750    285.37386    131.00855    48511.953   -14319.553    1301.4873    -15621.04     2320.834 
15800    285.91854    55.072392    48509.531   -14293.715    1303.9713   -15597.686     2328.793 
15850    275.20818     305.8291    48407.979   -14353.888    1255.1253   -15609.013    2326.9753 
15900    271.66348    236.11693    48232.458   -14382.905    1238.9592   -15621.864    2318.7719 
15950    270.66915   -48.820485    48369.905   -14393.786    1234.4244    -15628.21    2327.1264 
16000     278.7784    315.26407    48409.949   -14340.098    1271.4078   -15611.506     2335.735 
16050    258.49924     43.97732     48340.46   -14401.235    1178.9218   -15580.157    2336.0567 
16100    269.29604    185.24339    48284.359   -14378.512    1228.1621   -15606.674    2334.2501 
16150    271.06317   -156.60956    48449.515   -14347.333    1236.2214   -15583.554    2338.7011 
16200    281.19593   -88.862437    48317.916   -14325.474    1282.4332   -15607.908    2336.7349 
16250    276.46725   -356.10117    48411.596   -14364.358    1260.8674   -15625.226    2342.5868 
16300    285.95861    102.85065    48534.388    -14357.68    1304.1541   -15661.834    2349.2969 
16350    285.04024   -221.87448    48439.224    -14282.25    1299.9658   -15582.216    2353.3299 
16400    278.98143   -100.46969    48389.774   -14273.619    1272.3337   -15545.953    2352.5817 
16450    289.43349    50.155638    48509.834   -14301.665    1320.0018   -15621.667    2357.2004 
16500    288.83702   -29.145688    48425.491   -14326.752    1317.2815   -15644.034    2357.2179 
16550    288.01769   -193.44805    48590.144   -14320.515    1313.5448    -15634.06    2366.4752 
16600    282.32053   -46.150828    48267.729   -14347.592    1287.5621   -15635.155    2358.3178 
16650    288.70214   -116.24503    48471.381   -14244.073    1316.6664    -15560.74    2365.9181 
16700    277.29356    217.81894    48478.477   -14263.193    1264.6359   -15527.829    2365.5424 
16750    281.29288    390.02722    48453.944    -14303.43    1282.8754   -15586.305    2367.7538 
16800    283.43339   -41.641907    48524.778   -14246.998    1292.6375   -15539.636    2369.9877 
16850    283.50432   -256.92271    48498.917    -14263.64     1292.961   -15556.601    2369.3801 
16900    290.45395   -175.43504    48338.679   -14280.729    1324.6557   -15605.385    2360.3394 
16950    283.75523    20.366643    48592.517   -14277.803    1294.1053   -15571.908    2372.7154 
17000    294.88616   -109.99559    48640.885   -14249.515    1344.8694   -15594.384    2375.7656 
17050    278.56828   -415.27429    48638.779   -14288.417    1270.4494   -15558.867    2374.4162 
17100     280.1392   -90.184821    48564.791   -14236.297    1277.6139   -15513.911     2375.212 
17150     288.9251    119.12137     48453.65   -14251.806    1317.6832   -15569.489    2373.2846 
17200    292.23139   -222.13339    48354.647   -14238.488     1332.762    -15571.25    2374.0193 
17250    283.82245    115.32414    48362.312   -14278.979    1294.4118    -15573.39    2372.7079 
17300    276.79451     439.9581     48277.11   -14307.952    1262.3599   -15570.312    2370.7824 
17350     281.8873    149.34061    48389.103   -14321.175    1285.5863   -15606.761    2377.6073 
17400    277.06032   -167.71074     48306.75   -14348.467    1263.5722    -15612.04    2379.7311 
17450    272.51189   -53.522618    48198.129   -14330.223    1242.8284   -15573.051    2379.5425 
17500    280.51454    51.534513    48289.851    -14325.73    1279.3256   -15605.056    2380.3489 
17550    275.11888   -544.85069    48232.785   -14311.185     1254.718   -15565.903    2379.4625 
17600    287.25168    226.79944    48312.259   -14336.589    1310.0513    -15646.64    2388.6467 
17650    274.83119   -192.08861    48565.636   -14302.665    1253.4059   -15556.071    2399.2667 
17700    275.05945    113.12969    48450.321   -14344.416     1254.447   -15598.863    2401.4246 
17750    276.36011   -396.79691    48282.839   -14317.788    1260.3788   -15578.166    2401.4887 
17800    282.60751   -337.01212    48196.546   -14310.123     1288.871   -15598.994    2406.7076 
17850    276.14792    426.77063     48267.38   -14302.057    1259.4111   -15561.468    2413.8216 
17900    275.34212    -467.0013     48327.95   -14344.513    1255.7361   -15600.249    2422.2929 
17950    271.99548   -134.07997    48258.376   -14379.548    1240.4733   -15620.022    2423.5817 
18000    280.74252   -113.84437    48501.916   -14347.561    1280.3654   -15627.926    2434.4946 
18050    276.48727    19.367149    48345.993   -14292.145    1260.9587   -15553.104    2428.0947 
18100    278.78828    30.787862    48435.408   -14306.111    1271.4528   -15577.564    2433.6617 
18150    299.73561    422.77888    48564.197    -14276.51     1366.986   -15643.496    2443.3434 
18200     262.4437    307.40222    48589.989   -14286.202    1196.9111   -15483.113     2442.136 
18250    281.10602   -149.46398    48521.603   -14271.409    1282.0232   -15553.432    2438.9297 
18300    280.08626   -17.837158     48503.53   -14329.912    1277.3724   -15607.284    2439.9384 
18350    290.36921   -207.26892    48546.497   -14263.525    1324.2692   -15587.794    2445.7913 
18400    272.66175   -453.23265    48515.859   -14336.957    1243.5119   -15580.469    2443.8182 
18450     271.7832    307.50797    48465.777   -14348.523    1239.5051   -15588.028    2444.5485 
18500    264.77958   -185.86849    48398.729   -14337.411    1207.5642   -15544.975    2449.4094 
18550    264.90866     184.5877    48520.737   -14307.675    1208.1528   -15515.828    2459.6602 
18600    283.47263   -248.32106    48412.117   -14300.438    1292.8165   -15593.254    2451.5341 
18650    285.87604   -426.29595    48406.492   -14335.223    1303.7775       -15639    2454.0648 
18700    272.92864    187.53461    48395.781   -14350.688    1244.7291   -15595.417    2458.0993 
18750    283.09541   -106.48373    48317.543   -14317.063    1291.0961    -15608.16    2452.7157 
18800    275.07631    6.1431445    48347.452    -14352.75    1254.5239   -15607.273    2454.3136 
18850    275.92191   -25.191984    48356.329   -14351.865    1258.3803   -15610.246    2459.3213 
18900    287.90439  -0.36037142    48334.097   -14316.508    1313.0281   -15629.536    2461.1382 
18950    273.83926    138.10412      48471.9   -14371.438    1248.8821    -15620.32    2470.3038 
19000    282.36829   -305.46206    48381.954   -14355.863      1287.78   -15643.643    2468.5521 
19050    275.37666    235.97882    48498.218   -14350.054    1255.8937   -15605.947    2474.3322 
19100    280.96899   -162.11967     48428.61   -14380.922    1281.3982   -15662.321    2472.4619 
19150    265.18583   -264.91133    48321.175   -14406.179    1209.4169   -15615.596    2465.3123 
19200     276.1839   -143.67732     48142.56   -14377.682    1259.5752   -15637.257    2456.0686 
19250    265.48469    122.81052    48411.691   -14380.008    1210.7799   -15590.788    2467.6387 
19300    278.08123    182.19352    48339.463   -14383.819    1268.2282   -15652.047    2466.7714 
19350    281.58353     200.8965    48211.926   -14351.909    1284.2009    -15636.11     2461.782 
19400     282.4392   -153.22038    48567.363   -14296.753    1288.1033   -15584.856    2481.8896 
19450    285.64782   -310.31874    48532.708     -14284.2    1302.7367   -15586.937    2480.6337 
19500    286.18968   -394.63708    48430.592   -14294.873    1305.2079   -15600.081     2478.885 
19550    288.85886   -186.61166    48498.512   -14249.786    1317.3811   -15567.167    2486.2356 
19600    286.77433   -432.63589    48429.096   -14337.621    1307.8743   -15645.495    2487.6756 
19650     275.0918    232.83695    48411.234   -14309.036    1254.5945   -15563.631    2486.3409 
19700    274.26134    195.45442    48566.057   -14315.451    1250.8071   -15566.258    2493.0439 
19750    271.20642   -225.24386     48666.11   -14325.128    1236.8747   -15562.003    2499.3316 
19800    276.62305    -231.7453    48343.418   -14356.371     1261.578   -15617.949    2492.3236 
19850    281.11886   -6.8762785    48357.384   -14383.343    1282.0817   -15665.425    2494.0235 
19900    279.96951    85.649332    48541.352     -14346.6      1276.84    -15623.44    2505.8566 
19950    280.08321    425.87918    48309.698   -14351.426    1277.3585   -15628.785    2502.0458 
20000    272.20004    145.03905    48286.138   -14316.507    1241.4062   -15557.914    2507.8767 
20050    300.21807    232.95318    48190.622   -14278.696    1369.1864   -15647.882    2502.4694 
20100    275.48816    53.505355    48472.082   -14322.224    1256.4022   -15578.626    2517.1358 
20150    280.95782    68.914644    48567.668   -14281.746    1281.3473   -15563.094     2526.476 
20200    279.17814    199.69313    48431.714   -14331.391    1273.2308   -15604.622    2520.3538 
20250    280.67654   -171.34622    48408.032   -14301.387    1280.0645   -15581.452    2519.2298 
20300    280.10745    240.78157     48419.34   -14335.769     1277.469   -15613.238    2528.3904 
20350    276.97276   -239.51511    48444.144   -14343.048    1263.1729   -15606.221    2530.9088 
20400    276.77488    168.01746    48404.218   -14355.731    1262.2704   -15618.001    2530.6488 
20450    274.54826   -46.109401    48366.071    -14287.11    1252.1156   -15539.226    2525.3687 
20500    281.32536   -62.388629    48419.768   -14267.327    1283.0235    -15550.35    2528.8243 
20550    279.35448   -128.99103    48614.009   -14270.932     1274.035   -15544.967    2543.9671 
20600    278.93092    395.70651    48436.823   -14290.141    1272.1033   -15562.244    2541.1297 
20650     285.5208    49.051359     48591.45   -14292.643    1302.1574   -15594.801    2548.7204 
20700    268.70776   -104.79964     48578.71   -14337.929    1225.4792   -15563.409    2552.4682 
20750    274.11432    92.480703    48416.023   -14304.237    1250.1366   -15554.373     2547.938 
20800    283.82366   -118.60474    48336.588   -14324.889    1294.4174   -15619.306    2546.5633 
20850     290.1866   -188.28947     48293.77    -14309.42    1323.4365   -15632.857    2543.3045 
20900    294.01891    103.82213    48388.374   -14277.425    1340.9142    -15618.34    2551.6432 
20950    277.96657    127.01445    48358.817   -14319.344    1267.7053   -15587.049    2554.0264 
21000    271.95292    164.88661    48407.475    -14327.88    1240.2792   -15568.159    2562.8874 
21050     283.3476    130.14565    48538.113   -14284.265    1292.2462   -15576.511    2574.7836 
21100    279.50064    102.52961    48535.545   -14279.089    1274.7016   -15553.791    2575.6339 
21150    276.80487   -159.12936    48392.689    -14352.58    1262.4072   -15614.988    2569.9014 
21200    283.43663     199.1454    48414.034   -14321.671    1292.6523   -15614.323     2572.886 
21250    276.81465   -343.66986    48345.589   -14336.075    1262.4518   -15598.527    2567.6976 
21300    275.93092   -114.07554      48476.3   -14297.601    1258.4214   -15556.022    2569.8926 
21350    285.98162   -1.1151312    48416.244    -14273.91     1304.259    -15578.17    2565.7369 
21400    276.11603   -130.47704    48353.988   -14297.749    1259.2656   -15557.015    2566.0965 
21450    278.41662   -92.390952     48512.97   -14267.923    1269.7578   -15537.681    2573.9302 
21500    288.07925   -389.90322    48347.393   -14264.575    1313.8256   -15578.401    2570.9551 
21550    286.63389    275.05222    48485.879   -14208.818    1307.2338   -15516.052    2582.0408 
21600    274.82943   -227.29422    48480.239    -14259.89    1253.3979   -15513.288    2585.6476 
21650    282.71879    49.818807    48588.198   -14281.523    1289.3784   -15570.902     2590.742 
21700    270.53241   -121.07294    48467.557   -14338.353    1233.8008   -15572.154    2588.4096 
21750    283.65184    1.5839573     48656.08   -14267.615    1293.6338   -15561.249    2601.8982 
21800    286.23434   -803.98228    48614.814   -14259.114    1305.4116   -15564.525    2598.9023 
21850    280.17252   -96.343818    48489.404   -14253.676    1277.7658   -15531.442    2597.1719 
21900    272.03951    327.93035    48566.313   -14264.313    1240.6741   -15504.987    2599.9777 
21950     283.5888    116.97824    48428.602   -14259.242    1293.3463   -15552.588    2595.3598 
22000    288.10153   -3.1379882    48667.952   -14228.854    1313.9272   -15542.781    2608.0681 
22050    295.51114   -544.98289    48554.911   -14203.289    1347.7198   -15551.009    2605.0869 
22100    288.79721   -120.61825    48607.581   -14225.428    1317.0999   -15542.528    2613.3672 
22150     283.0683    200.18553    48660.776   -14292.532    1290.9724   -15583.505     2614.903 
22200    273.42331    72.464607    48429.253   -14333.767    1246.9851   -15580.752    2613.4065 
22250    273.41215    135.41524    48319.045   -14328.792    1246.9342   -15575.726      2614.66 
22300     284.2337   -525.21886    48403.278   -14296.593    1296.2874    -15592.88    2618.5068 
22350    276.63039    217.45268    48450.262   -14278.867    1261.6114   -15540.478    2622.3187 
22400    282.36621   -219.58622    48496.039    -14306.37    1287.7705    -15594.14    2627.4167 
22450    264.64898     279.2883     48567.48   -14321.886    1206.9686   -15528.854     2632.709 
22500    278.23167    428.94092    48652.361    -14286.47    1268.9143   -15555.384    2637.1277 
22550    289.15159   -235.14721     48461.02   -14266.406    1318.7161   -15585.122    2632.5567 
22600    277.57956   -126.82051    48485.353   -14317.023    1265.9403   -15582.963    2633.3347 
22650    273.98525    162.36631    48277.099   -14372.347    1249.5479   -15621.895    2631.7765 
22700    279.71554   -223.05373    48345.271    -14357.35    1275.6817   -15633.032    2637.2288 
22750    276.65993    170.15745    48361.656   -14389.239    1261.7462   -15650.986    2640.0681 
22800    268.09423    123.62791    48323.256   -14387.318    1222.6811   -15609.999    2644.1181 
22850    279.19765    185.70389    48303.043   -14344.725    1273.3198   -15618.045     2637.635 
22900    279.64296    312.00661    48345.334   -14310.389    1275.3507   -15585.739    2638.1166 
22950    274.70657   -339.71336    48571.097   -14382.915    1252.8376   -15635.753    2647.6893 
23000    266.59377    51.443856     48425.46   -14382.254     1215.838   -15598.092    2642.9629 
23050    277.00426    191.71413    48460.209   -14344.024    1263.3165    -15607.34    2646.7764 
23100    262.89208    -189.7817    48679.336   -14356.017     1198.956   -15554.973    2658.7948 
23150     276.2583   -151.25534    48538.879   -14321.493    1259.9145   -15581.407    2663.8782 
23200    281.26463    97.746989    48530.694     -14294.1    1282.7466   -15576.847    2667.5384 
23250    281.65158   -264.84886    48536.023   -14321.878    1284.5113   -15606.389     2679.197 
23300    270.55098    290.72955    48442.518   -14371.898    1233.8855   -15605.783    2679.3901 
23350    270.68463   -121.55953    48254.135   -14397.521     1234.495   -15632.016    2678.6028 
23400    282.62369    -76.30525    48431.963   -14348.944    1288.9447   -15637.889    2685.1624 
23450    283.38804    80.342949    48387.878   -14346.325    1292.4307   -15638.756    2683.9678 
23500    270.28064    207.50718    48611.786   -14307.169    1232.6525   -15539.821    2694.9659 
23550    276.88966     307.3769    48350.449   -14382.073    1262.7939   -15644.867    2694.0635 
23600    273.96102    94.627237    48435.174   -14376.642    1249.4374   -15626.079    2703.2334 
23650    257.56478    194.62037    48548.887    -14342.92    1174.6601    -15517.58    2708.8392 
23700    290.33697   -496.78913    48366.058   -14282.659    1324.1222   -15606.781    2712.2198 
23750    279.27064    164.42879    48262.966   -14320.065    1273.6527   -15593.718    2707.5011 
23800     284.5815   -576.50421    48167.102   -14330.797    1297.8736   -15628.671    2702.1578 
23850    276.54369    140.60843    48263.478   -14373.657     1261.216   -15634.873    2707.3679 
23900    276.27596   -298.19278    48325.263    -14361.89     1259.995   -15621.885    2719.5025 
23950    276.26488   -41.443251    48436.675   -14327.986    1259.9445   -15587.931    2724.9176 
24000    284.82537    8.7234492    48487.114   -14323.125    1298.9858   -15622.111    2724.6407 
24050    287.02616   -21.801697    48413.323   -14279.419    1309.0228   -15588.442    2719.6676 
24100    275.28552   -379.77087    48432.049   -14293.218     1255.478   -15548.696    2718.3527 
24150    273.07393    56.773906     48489.75   -14344.618    1245.3917    -15590.01    2724.3124 
24200    280.70328    85.538873    48488.779   -14324.281    1280.1864   -15604.468    2727.6204 
24250    292.75027    96.838741    48667.476   -14291.055    1335.1284   -15626.184    2743.0067 
24300    271.34656    24.452232     48556.76   -14376.692    1237.5138   -15614.206     2745.326 
24350    290.23819   -217.59318    48440.401   -14297.535    1323.6717   -15621.207    2739.6449 
24400    296.07055     416.0123    48670.721   -14263.821     1350.271   -15614.092    2750.8255 
24450    280.09042   -223.97421    48514.739   -14279.682    1277.3914   -15557.074    2749.2509 
24500    278.75519    79.677394     48426.31   -14282.798    1271.3019   -15554.099    2748.8166 
24550    290.04085      443.857    48226.313    -14309.93    1322.7717   -15632.702    2744.2721 
24600    290.74903   -155.80298    48317.136   -14279.447    1326.0015   -15605.449    2750.2666 
24650    288.01998    203.03727     48324.97   -14274.385    1313.5553    -15587.94    2752.5776 
24700     272.6609   -190.34952    48277.162   -14309.007     1243.508   -15552.515    2746.7819 
24750     286.4081    371.10939    48490.778   -14286.965     1306.204   -15593.169    2751.4983 
24800    274.95888   -301.00696    48563.942    -14290.57    1253.9883   -15544.559    2757.5295 
24850    287.81442   -256.24447    48584.994   -14252.943    1312.6178    -15565.56    2757.5253 
24900    289.20184    251.40923    48510.299   -14274.587    1318.9453   -15593.533    2755.6299 
24950    284.89902    204.67936    48420.922   -14247.953    1299.3217   -15547.275    2755.1058 
25000    292.15302    51.416375    48424.267   -14221.352    1332.4046   -15553.756    2757.7252 
25050    282.18232    35.137938    48371.262   -14253.805    1286.9318   -15540.737    2759.7564 
25100    288.83844    405.06577    48424.634   -14243.409     1317.288   -15560.697    2764.2052 
25150     284.4506    429.46484    48612.656   -14233.524    1297.2766     -15530.8    2770.5044 
25200    281.51494    60.486096    48556.457   -14284.579    1283.8881   -15568.467    2775.9625 
25250    274.17944   -96.442961    48562.839   -14344.702    1250.4336   -15595.135    2774.9427 
25300    284.94656     17.33442    48629.768   -14310.818    1299.5385   -15610.356    2781.6078 
25350    269.41535    -292.7614    48488.832   -14342.586    1228.7062   -15571.293    2775.3449 
25400    282.77601    155.29665    48399.371   -14300.313    1289.6394   -15589.953    2775.3408 
25450    275.68907   -230.82451    48355.668   -14325.956    1257.3185   -15583.275    2774.2294 
25500    289.62417   -100.47673    48519.734    -14332.58    1320.8714   -15653.452    2785.1776 
25550    279.56485   -52.157907    48393.609   -14302.078    1274.9945   -15577.073    2787.8665 
25600    283.68608    175.52774    48522.041   -14279.572    1293.7899   -15573.361    2794.4505 
25650    277.19468    144.66822      48426.5    -14361.57     1264.185   -15625.755    2794.2162 
25700    281.03061    122.54828    48262.086   -14330.949    1281.6792   -15612.629    2788.0842 
25750    266.02382    201.49855    48404.277   -14354.042    1213.2387   -15567.281    2798.3859 
25800    272.26255   -406.87512    48423.107   -14382.281    1241.6913   -15623.972    2801.3833 
25850     265.4438    139.15357    48243.536   -14399.929    1210.5934   -15610.522    2798.8919 
25900    266.23563   -42.401463     48245.71    -14398.55    1214.2047   -15612.755    2798.6487 
25950    289.01979   -150.85198    48198.581   -14335.794    1318.1151   -15653.909     2796.127 
26000    268.82214     73.83665    48329.697   -14345.853    1226.0009   -15571.854    2801.5332 
26050    285.56017    55.318651    48368.232   -14336.843    1302.3369    -15639.18     2806.253 
26100    280.80326   -246.59009    48475.431   -14306.004    1280.6424   -15586.646    2815.7776 
26150    276.90502   -345.37272    48592.129   -14292.966    1262.8639    -15555.83    2821.7288 
26200    262.86042   -173.15081    48584.024   -14392.097    1198.8116   -15590.908    2824.6496 
26250    270.82493   -227.83437    48517.845   -14379.063    1235.1349   -15614.197    2821.4705 
26300    272.68411    437.17919    48456.649   -14331.705    1243.6139   -15575.319    2817.0693 
26350     279.8385    514.89117    48341.433   -14280.624    1276.2425   -15556.866    2813.8728 
26400    266.65973   -518.12481    48427.333   -14284.714    1216.1389   -15500.853    2820.8707 
26450    293.37476    221.45146     48500.66   -14240.134    1337.9765    -15578.11     2826.155 
26500    290.74058   -296.11246    48588.636   -14262.635    1325.9629   -15588.598    2830.2966 
26550     292.5389   -4.7636386    48300.705   -14275.114    1334.1644   -15609.278    2817.2543 
26600    271.72781    259.43558    48321.571   -14302.265    1239.2526   -15541.518    2821.9439 
26650    292.49976    38.703743    48463.052   -14267.405    1333.9859    -15601.39     2834.597 
26700    285.05679   -166.62186    48579.138   -14279.694    1300.0412   -15579.735    2844.9563 
26750    278.79048    362.81612    48478.102   -14312.254    1271.4628   -15583.717     2842.815 
26800    277.71653    166.66702    48535.729   -14352.764    1266.5649   -15619.329    2846.9722 
26850    282.71231    355.54092    48312.709   -14318.621    1289.3489    -15607.97    2837.5861 
26900    277.34375   -83.016305    48400.611   -14293.014    1264.8648   -15557.879    2843.4801 
26950    283.35239    192.45921    48558.613   -14325.197    1292.2681   -15617.465    2850.4405 
27000     297.2852   -323.03868      48515.9   -14296.112    1355.8106   -15651.922    2854.5435 
27050    281.77041   -144.47005    48425.298   -14301.617    1285.0532    -15586.67    2852.0371 
27100    280.84559    12.344359    48486.875   -14334.803    1280.8355   -15615.638    2857.5131 
27150    282.79504    -182.3498    48385.509   -14313.166    1289.7262   -15602.892    2862.5357 
27200    282.71218   -133.57655    48345.622   -14339.294    1289.3483   -15628.643    2868.3022 
27250    280.36129   -121.62535    48519.759   -14341.992    1278.6267   -15620.619    2874.4925 
27300    269.99703    58.836574    48532.147   -14356.366    1231.3591   -15587.725    2876.7291 
27350    272.28029   -100.77415    48544.332    -14345.94    1241.7722   -15587.712    2878.5618 
27400    292.63516   -252.04455    48349.233   -14317.979    1334.6034   -15652.583    2875.4026 
27450    279.54316   -292.70519    48492.561    -14333.56    1274.8956   -15608.455    2890.7411 
27500    276.95297    30.822061    48516.453   -14329.004    1263.0826   -15592.087    2893.7856 
27550    277.86172   -347.14868    48420.392    -14324.18    1267.2271   -15591.407     2897.212 
27600    282.22836   -113.17463    48426.411   -14359.468    1287.1418    -15646.61    2900.4711 
27650    278.38725    43.459039     48450.03    -14384.39    1269.6239   -15654.014    2897.1937 
27700    275.03896     399.2662     48595.96   -14357.198    1254.3535   -15611.551    2906.9203 
27750    274.26594   -494.51382    48375.756   -14374.655     1250.828   -15625.483    2903.2394 
27800    280.54403   -40.123667    48267.946   -14367.444    1279.4601   -15646.904    2899.4224 
27850    269.26654   -223.00142    48297.354   -14421.062    1228.0276   -15649.089    2901.7046 
27900    270.45816   -55.195618     48396.96   -14389.462    1233.4621   -15622.924    2905.9226 
27950    272.20672     213.3581    48150.072   -14399.643    1241.4367    -15641.08    2892.4901 
28000    258.64956   -113.52176    48288.645   -14442.398    1179.6074   -15622.006    2902.1578 
28050    290.59929   -296.40717    48385.558   -14340.992    1325.3186   -15666.311    2910.4108 
28100     275.0996   -242.85581     48345.68   -14350.763    1254.6301   -15605.393     2905.933 
28150    272.94432   -38.917444    48377.861   -14351.813    1244.8006   -15596.614    2904.5491 
28200    273.91563    32.220091    48482.592   -14358.392    1249.2304   -15607.622    2914.6002 
28250    280.32384   -148.90635    48548.456   -14284.062     1278.456   -15562.518    2923.9363 
28300    278.91239     11.57092    48553.533   -14248.808    1272.0188   -15520.827    2926.8692 
28350    276.05454     59.50855    48408.578   -14261.788    1258.9852   -15520.774     2920.772 
28400       299.09   -243.86352    48599.741   -14239.223    1364.0416   -15603.265    2933.2569 
28450    294.04382    106.57031    48500.474     -14250.8    1341.0278   -15591.828    2930.9293 
28500    285.74798    -81.73626    48404.715   -14276.193    1303.1935   -15579.386    2933.7924 
28550     285.8011    59.685741    48458.059   -14284.698    1303.4358   -15588.134    2943.7394 
28600    268.69271    9.1507788        48500   -14339.762    1225.4105   -15565.172     2951.339 
28650    277.22989   -34.028851    48385.978   -14332.781    1264.3456   -15597.127     2950.407 
28700    284.09344     -247.936    48415.851   -14269.588    1295.6477   -15565.235    2952.3268 
28750    281.46486    5.0175759    48384.355   -14303.455    1283.6597   -15587.115    2952.9843 
28800    283.18169    -208.8662    48506.485   -14298.253    1291.4896   -15589.743    2963.4002 
28850    281.57263   -56.756275    48374.837   -14358.906    1284.1512   -15643.057    2965.2698 
28900     277.3606   -358.18755    48306.789   -14351.374    1264.9417   -15616.316    2963.3994 
28950    265.05639   -156.97366    48367.839   -14414.861    1208.8266   -15623.687    2964.8548 
29000    278.79541    228.79233    48386.287   -14356.659    1271.4853   -15628.144    2963.2596 
29050    296.19287    397.93538    48312.284    -14294.22    1350.8289   -15645.049    2964.0482 
29100    272.25436     115.3022    48481.991   -14295.561    1241.6539   -15537.215    2972.3031 
29150    269.55785    48.156594    48444.799     -14339.1    1229.3561   -15568.457     2979.171 
29200    288.01011    36.807356    48504.017   -14314.432    1313.5102   -15627.942    2984.2271 
29250     282.7947    45.960123    48420.141   -14324.165    1289.7246    -15613.89    2987.5103 
29300     280.4179    9.9085731    48435.958   -14320.542    1278.8849   -15599.427    2987.2939 
29350     274.0298   -169.93591    48436.352   -14358.474    1249.7511   -15608.225    2986.7949 
29400    278.60267   -49.008893    48401.608   -14324.294    1270.6063     -15594.9    2985.9784 
29450     278.4152   -274.23487    48134.929   -14359.226    1269.7513   -15628.978    2983.7534 
29500    265.13325    181.94223    48226.203   -14390.023    1209.1772     -15599.2    2990.4428 
29550    281.29961   -88.028427    48276.395   -14342.424    1282.9061    -15625.33    2994.9444 
29600    274.91433    258.90161     48490.75   -14341.633    1253.7851   -15595.418    3010.8133 
29650    283.46902   -9.3512192    48380.511   -14320.657       1292.8   -15613.457    3013.1977 
29700    282.32049    -279.5974    48523.305   -14274.062     1287.562   -15561.624    3024.5068 
29750    290.04788   -244.18711    48748.044   -14219.911    1322.8038   -15542.715    3037.4474 
29800    288.94238   -143.01869    48452.272   -14241.609     1317.762   -15559.371    3028.9707 
29850    289.72739    247.47048    48537.773     -14249.4    1321.3421   -15570.742     3041.855 
29900    286.16169   -39.278232    48496.695   -14276.192    1305.0803   -15581.272    3050.2895 
29950    294.51514    -138.4794    48484.174   -14186.337    1343.1774   -15529.514    3058.5278 
30000    297.91582    22.702648    48715.175   -14180.171    1358.6866   -15538.858    3077.2038 
30050    291.17302   -154.04199    48617.287   -14248.988    1327.9351   -15576.923    3072.1782 
30100    284.30115    622.63556    48532.418   -14193.473     1296.595   -15490.068    3077.4325 
30150    285.90336    9.7160155    48593.078   -14242.244    1303.9021   -15546.146    3085.1783 
30200    287.06242   -397.94914    48645.828   -14253.856    1309.1882   -15563.044    3093.3434 
30250    286.65967   -366.64644    48498.382   -14283.665    1307.3514   -15591.016    3085.9993 
30300    285.38414   -322.89369    48522.755   -14303.048    1301.5342   -15604.582     3088.954 
30350    282.86961   -225.08148    48468.343   -14370.004    1290.0663   -15660.071    3090.1763 
30400    285.46144   -160.91357    48440.141   -14346.248    1301.8867   -15648.135    3089.8996 
30450    275.26947   -15.688266     48296.36   -14337.618    1255.4048   -15593.023     3087.516 
30500    279.93423   -5.0446802    48292.451   -14319.272    1276.6791   -15595.951    3091.8206 
30550    287.86758    115.60397    48337.694   -14268.594    1312.8602   -15581.454    3093.1133 
30600    277.10633   -415.87727     48293.32   -14299.902     1263.782   -15563.684    3089.7915 
30650    277.76216    143.48264    48310.934   -14337.627    1266.7731     -15604.4    3089.3579 
30700    286.46306    186.23676    48354.118   -14320.909    1306.4547   -15627.364    3090.0779 
30750    280.84459     -307.962    48451.526   -14315.016    1280.8309   -15595.847    3098.2591 
30800    285.51384    103.38278    48417.147   -14285.305    1302.1257   -15587.431    3099.5886 
30850    291.01874   -112.82475     48440.61   -14266.239    1327.2315   -15593.471     3099.062 
30900    278.36202    119.82674     48323.84   -14354.686    1269.5088   -15624.194    3096.4308 
30950    274.42232    31.701741    48245.409   -14403.477    1251.5413   -15655.018    3090.2106 
31000    275.29457   -366.25725     48436.68    -14357.85    1255.5193   -15613.369    3098.0242 
31050     280.4672    19.534024    48315.436   -14324.415    1279.1098   -15603.525    3091.4539 
31100    276.86495    72.122713    48337.994   -14358.887    1262.6812   -15621.568    3094.0768 
31150    273.48748   -12.312497     48492.59   -14281.366    1247.2778   -15528.643    3103.1243 
31200    277.79482   -418.09022    48454.953   -14310.275     1266.922   -15577.197     3099.156 
31250     281.6445   -41.846597      48394.8   -14301.353     1284.479   -15585.832    3094.0437 
31300    275.43006   -91.984136    48504.074   -14314.358    1256.1372   -15570.496    3100.2072 
31350    272.61917   -161.47318     48298.47    -14262.65    1243.3177   -15505.968    3090.4245 
31400    289.70043    274.67489    48380.932    -14243.76    1321.2192   -15564.979    3094.5359 
31450    289.28962    226.61729    48544.777   -14252.706    1319.3456   -15572.052    3109.5795 
31500    286.67589   -387.00161    48317.337   -14238.661    1307.4254   -15546.086    3107.0317 
31550    283.78531   -96.657371    48399.389   -14259.152    1294.2425   -15553.394    3113.0789 
31600    284.02554     139.1833    48435.414   -14311.048    1295.3381   -15606.386    3118.2098 
31650    283.49757    302.22874    48483.828   -14302.592    1292.9302   -15595.522    3127.3348 
31700    276.64337    299.52576    48320.338   -14341.399    1261.6706   -15603.069    3129.4194 
31750     275.1153   -46.108989     48386.17   -14333.748    1254.7017   -15588.449     3139.862 
31800    277.53132    33.882382    48473.159   -14337.746    1265.7203   -15603.466    3147.4944 
31850    283.03698    462.52691    48420.804   -14334.786    1290.8296   -15625.615    3155.7924 
31900    267.16464    268.95629     48476.16   -14343.203    1218.4416   -15561.645    3163.9856 
31950    282.26555   -59.233724    48417.394   -14329.237    1287.3114   -15616.549    3167.1787 
32000    275.17541    331.50064    48318.366   -14367.373    1254.9758   -15622.349    3162.2941 
32050    279.28885    0.4227177    48312.036   -14356.535    1273.7357   -15630.271    3157.5472 
32100    282.73089    4.0337043    48340.184   -14343.686    1289.4336   -15633.119    3166.6088 
32150    267.83585    -268.8517    48419.152   -14355.082    1221.5027   -15576.585    3178.8355 
32200    275.10961    110.42378    48178.982   -14278.643    1254.6757   -15533.319    3176.1432 
32250    274.09982    143.09261    48414.395    -14324.94    1250.0704    -15575.01    3191.7174 
32300    281.05615    23.520413    48490.624   -14304.806    1281.7958   -15586.601    3193.8209 
32350    282.42207    421.50007    48464.989   -14282.705    1288.0252    -15570.73    3192.9297 
32400    284.09315    170.32637    48461.028   -14289.881    1295.6464   -15585.527    3197.9298 
32450    274.56997    97.075951    48481.693   -14339.194    1252.2146   -15591.408    3202.5855 
32500     278.2118   -49.788411    48443.826    -14325.07    1268.8237   -15593.894     3202.812 
32550    287.12113   -226.91368    48509.034   -14268.951    1309.4559   -15578.406    3208.4074 
32600    282.10005    250.51808    48588.178   -14256.621    1286.5566   -15543.178    3221.6448 
32650    288.60073   -205.06847    48560.945   -14260.077    1316.2039   -15576.281    3224.6818 
32700    285.30246   -436.55914     48340.87   -14229.703    1301.1616   -15530.864    3212.7169 
32750    301.04722   -324.72942    48542.099    -14204.07    1372.9678   -15577.038    3216.6356 
32800    296.88534    229.03392    48618.777   -14230.245     1353.987   -15584.232    3224.5461 
32850    285.61661   -144.10522    48499.739   -14281.773    1302.5944   -15584.367    3224.1265 
32900    266.63154   -287.25581    48374.193    -14325.46    1216.0103   -15541.471    3216.2837 
32950    293.09355    4.0213335    48410.998   -14278.208     1336.694   -15614.902    3217.2721 
33000    280.46535   -43.059874    48411.071    -14300.17    1279.1013   -15579.272     3217.468 
33050    280.84456    24.507841    48391.505   -14266.421    1280.8308   -15547.252    3215.9775 
33100    285.30388   -170.37343    48440.701   -14269.026    1301.1681   -15570.194    3216.3787 
33150    266.16148    294.43127    48456.052   -14292.021    1213.8665   -15505.888    3214.9542 
33200    283.79872     76.34334    48534.038   -14284.293    1294.3036   -15578.597     3218.884 
33250    279.67691   -187.84961    48370.179   -14321.394    1275.5055     -15596.9    3215.3641 
33300     277.1921    74.119165    48247.287   -14319.194    1264.1732   -15583.367    3211.3851 
33350     272.2729     316.5528    48606.491   -14319.843    1241.7385   -15561.582    3227.3496 
33400    282.42764   -261.46334    48476.668   -14314.655    1288.0506   -15602.705    3217.6908 
33450    278.77971    162.77667    48467.424   -14327.884    1271.4137   -15599.298    3218.1807 
33500    275.81377   -266.04262    48419.682   -14291.393    1257.8871    -15549.28    3222.0351 
33550    292.15134   -32.661367    48330.983   -14317.445    1332.3969   -15649.842    3224.4761 
33600    282.28009   -459.04823    48434.964   -14296.227    1287.3777   -15583.605     3238.499 
33650    272.33568     210.3574    48415.892   -14278.136    1242.0248   -15520.161    3244.5613 
33700     277.9599    -264.5546    48625.418   -14325.356    1267.6749   -15593.031    3254.1475 
33750    277.42083   -234.12473     48453.15   -14326.543    1265.2164    -15591.76    3250.1362 
33800      287.241    21.086712    48324.109   -14321.036    1310.0026   -15631.039    3251.6572 
33850     274.7309   -331.74854    48357.599    -14327.98    1252.9486   -15580.928    3258.7268 
33900    277.87084    135.73757    48248.891   -14352.994    1267.2687   -15620.262    3252.0957 
33950    272.61307    228.33364     48405.58    -14329.41    1243.2899     -15572.7    3271.9125 
34000    271.05504    152.53956    48471.854   -14343.488    1236.1843   -15579.673    3272.3443 
34050    276.59908    -212.3858     48447.71    -14335.78    1261.4687   -15597.249     3272.251 
34100    274.58038   -317.27091    48336.758   -14379.848    1252.2621    -15632.11    3271.1205 
34150    274.13669    80.271795    48403.083   -14323.037    1250.2386   -15573.275    3275.7858 
34200     276.5961    148.88802    48342.501   -14331.869    1261.4551   -15593.325    3278.7447 
34250    270.90387    271.36809    48221.808   -14338.239    1235.4948   -15573.734     3269.957 
34300    271.85716    196.31826    48267.217   -14324.612    1239.8425   -15564.454    3276.2512 
34350    278.41838    337.66855    48420.587   -14267.185    1269.7658    -15536.95    3279.5175 
34400     294.1284    324.49874      48605.6   -14238.487    1341.4136   -15579.901    3288.5661 
34450    282.12688   -546.40384    48537.256   -14234.517    1286.6789   -15521.196    3282.4359 
34500    280.64197   -561.70736     48430.74   -14328.214    1279.9068   -15608.121    3278.9522 
34550    285.65388   -10.020329    48459.067   -14300.634    1302.7643   -15603.398    3276.2286 
34600    274.90879   -34.182696    48511.727   -14308.426    1253.7598   -15562.186    3274.8875 
34650     278.5226   -146.49291    48406.528   -14354.179    1270.2412    -15624.42     3276.168 
34700    269.40809    90.352934    48267.388   -14344.093    1228.6732   -15572.766    3270.3555 
34750    271.99878   -161.77182    48390.112   -14340.644    1240.4883   -15581.133    3277.9848 
34800    290.21989    16.538786    48393.868   -14336.956    1323.5882   -15660.544    3277.1831 
34850    286.25338    32.387185    48352.974   -14282.418    1305.4985   -15587.916    3279.9918 
34900    285.52677    335.70934    48341.119   -14280.916    1302.1846   -15583.101    3278.4723 
34950    276.23748   -30.351978     48533.95   -14298.276    1259.8195   -15558.095    3288.5762 
35000    284.42399   -114.79448    48477.866   -14320.657    1297.1553   -15617.812    3290.6369 
35050    277.91324    201.61235    48356.401   -14263.954    1267.4621   -15531.416    3290.0959 
35100     285.4312   -269.83994    48434.551   -14262.397    1301.7488   -15564.145       3295.6 
35150    274.48517    16.205727    48392.698    -14346.02    1251.8279   -15597.848    3300.6808 
35200    278.22339    556.82307    48451.925   -14307.702    1268.8765   -15576.579    3310.5166 
35250    272.39769    233.17991    48475.356   -14342.062    1242.3076   -15584.369    3311.2186 
35300    282.62114    106.92276    48449.561   -14343.956    1288.9331   -15632.889    3313.4007 
35350    271.31003    339.60971    48588.892   -14329.047    1237.3472   -15566.395    3324.0534 
35400    284.02836   -36.546744    48341.643   -14342.595    1295.3509   -15637.946    3311.0875 
35450    292.25684   -297.65586    48304.775   -14308.855    1332.8781   -15641.733    3313.0594 
35500    286.85292    107.32747    48442.285    -14317.46    1308.2327   -15625.693    3322.4804 
35550    281.97485   -217.48585     48232.35   -14349.914    1285.9856     -15635.9    3312.8862 
35600    269.60148    303.23546    48291.156   -14385.221    1229.5551   -15614.776    3316.6888 
35650    273.46196    125.51018    48366.503   -14350.047    1247.1614   -15597.208    3324.1147 
35700    273.70319   -278.29477    48562.496   -14291.982    1248.2615   -15540.243    3334.0022 
35750    290.37685   -278.29362    48499.955   -14280.593    1324.3041   -15604.897    3328.1454 
35800    292.38827   -109.21608    48488.852   -14225.657    1333.4775   -15559.135    3333.7972 
35850    284.24182   -214.76361    48528.713   -14246.748    1296.3245   -15543.072    3343.9538 
35900    282.44542    355.28593    48506.947   -14273.869    1288.1317   -15562.001    3340.8472 
35950    280.33367   -20.617273    48567.928   -14320.058    1278.5008   -15598.559    3352.4882 
36000    282.48331    5.2111354    48560.995     -14327.4    1288.3045   -15615.704    3355.6575 
36050    273.56448    -125.7359    48390.181   -14371.209     1247.629   -15618.838    3350.1324 
36100    278.23456   -24.947469    48113.017   -14362.763    1268.9275    -15631.69    3343.0586 
36150    282.06164    149.68203    48291.696   -14350.175    1286.3814   -15636.557    3347.5716 
36200    276.87218   -266.68927    48338.832   -14388.337    1262.7142   -15651.051    3346.9465 
36250    280.13008   -341.53316    48276.416   -14371.749    1277.5723   -15649.321    3345.0285 
36300    276.92462   -6.0644208     48334.76    -14364.52    1262.9533   -15627.473    3355.2655 
36350    281.11207   -133.44419    48262.061   -14317.445    1282.0508   -15599.496    3356.2165 
36400    291.31255   -167.94679    48597.073   -14309.358    1328.5715    -15637.93    3370.1047 
36450    263.29674    158.81221    48367.868   -14316.679    1200.8015   -15517.481    3357.8849 
36500    276.07622    163.72278    48497.516    -14277.19    1259.0841   -15536.274    3368.3345 
36550    284.21827   -467.49561    48516.195   -14304.482     1296.217   -15600.699    3370.5411 
36600    292.47692   -55.543055    48533.456   -14297.955    1333.8817   -15631.837    3375.5582 
36650    284.62495    215.19167    48533.933   -14273.441    1298.0718   -15571.513    3381.8079 
36700    289.37231    34.256035    48594.762   -14279.934    1319.7228   -15599.656    3392.3685 
36750    281.20848   -76.959748    48561.984   -14281.311    1282.4904   -15563.801    3397.4869 
36800    293.33675     288.2735    48543.346    -14239.31    1337.8031   -15577.113    3399.3948 
36850    277.99008    44.244821    48487.727   -14307.463    1267.8125   -15575.276    3400.3387 
36900    275.36907   -178.70796    48470.496   -14335.666     1255.859   -15591.525    3401.8412 
36950    277.46625   -199.80903    48388.406   -14378.141    1265.4235   -15643.564    3400.4887 
37000    283.35433    105.38898    48354.926   -14341.134    1292.2769   -15633.411    3407.8488 
37050    274.79512   -140.80588    48349.665   -14352.763    1253.2414   -15606.004    3408.3255 
37100    276.63821   -160.60741    48400.208   -14354.723    1261.6471    -15616.37    3405.9776 
37150    276.87669    -19.62687    48245.038   -14299.999    1262.7347   -15562.734    3396.4017 
37200    275.30184    301.57946    48466.402   -14359.172    1255.5524   -15614.724    3411.1789 
37250    277.87066   -8.3210466     48334.66   -14389.212    1267.2679    -15656.48     3401.854 
37300    274.24457     91.60494    48355.842   -14335.378    1250.7306   -15586.108     3403.697 
37350    276.69329    314.86283    48494.359   -14352.573    1261.8983   -15614.471    3408.8521 
37400    284.16871    147.31109    48439.719   -14315.878     1295.991   -15611.869    3409.3728 
37450    287.57811    -151.8163    48344.367     -14323.4      1311.54    -15634.94    3408.8102 
37500     287.1042    56.612038     48372.35   -14290.901    1309.3787    -15600.28    3412.7202 
37550     277.7927    89.977839    48460.783   -14300.574    1266.9123   -15567.486    3424.6481 
37600    273.71307    222.94045     48573.26   -14330.684    1248.3066   -15578.991    3435.6904 
37650    279.30949   -177.25032    48466.369   -14310.942    1273.8299   -15584.771    3438.2595 
37700    287.04215    80.821749    48308.556    -14256.27    1309.0958   -15565.366    3423.6863 
37750     279.1774    -477.4462    48312.584   -14287.102    1273.2274    -15560.33     3419.394 
37800    279.59867   -91.785982    48357.758   -14307.415    1275.1487   -15582.564    3424.4957 
37850    282.15231    -250.3747    48279.222   -14357.473     1286.795   -15644.268    3420.4485 
37900    273.28968    78.560935    48368.764   -14359.357    1246.3757   -15605.732    3423.5712 
37950    275.91299    259.18824    48360.821   -14343.626    1258.3397   -15601.966    3426.6749 
38000     269.3608   -278.76051     48331.51   -14384.102    1228.4575   -15612.559    3429.4145 
38050    279.23905    301.00067    48211.771   -14350.126    1273.5086   -15623.635    3431.6558 
38100    273.25806    5.8305475    48212.251    -14365.42    1246.2315   -15611.652    3433.2042 
38150    276.14108    6.9232365    48400.773   -14323.192    1259.3799   -15582.572    3443.9738 
38200    284.30078   -197.72052    48324.419   -14285.677    1296.5933   -15582.271     3445.099 
38250    288.21093    41.059703    48402.968   -14267.756    1314.4261   -15582.182    3453.9938 
38300    271.40841   -36.262772    48635.661   -14324.079    1237.7959   -15561.875    3464.8662 
38350    283.30475   -288.13577    48197.518   -14327.044    1292.0508   -15619.095    3445.5834 
38400    273.34491   -477.66845    48237.784   -14385.094    1246.6276   -15631.722    3449.0699 
38450    283.02965    115.15292    48236.993   -14344.623    1290.7962   -15635.419     3446.709 
38500    283.44859   -55.341691    48343.142   -14312.814    1292.7068   -15605.521    3453.9951 
38550    281.52049    87.853363    48229.367   -14312.522    1283.9134   -15596.435    3448.6004 
38600     281.4033   -452.40379    48515.205   -14308.281     1283.379    -15591.66     3454.489 
38650    286.36548   -330.07425    48499.031    -14308.93    1306.0097   -15614.939     3455.816 
38700    278.66478    64.081003    48550.581   -14306.412    1270.8896   -15577.301    3455.3257 
38750    280.53313    2.8490183    48483.995   -14321.189    1279.4105     -15600.6    3453.2467 
38800     280.7434    72.956797    48511.881   -14320.182    1280.3694   -15600.552    3449.4712 
38850    273.51182    100.57876    48342.734    -14354.92    1247.3888   -15602.308    3437.6352 
38900    279.33125     214.8923    48387.358   -14262.229    1273.9291   -15536.158    3437.6308 
38950     286.3263    150.55434    48684.321    -14199.95     1305.831   -15505.781    3448.8053 
39000    294.94578   -537.08564    48615.397   -14232.489    1345.1413   -15577.631      3443.72 
39050    289.10167   -208.58856    48540.451   -14252.243    1318.4885   -15570.732    3441.7871 
39100    289.79678    -180.8663    48544.369   -14251.014    1321.6586   -15572.672    3448.2466 
39150    297.08379    -275.0625    48574.215   -14237.726     1354.892   -15592.618    3448.0808 
39200    285.68942   -200.21246    48476.642   -14272.876    1302.9264   -15575.802    3449.5429 
39250    282.31254   -116.94603    48613.435   -14283.193    1287.5257   -15570.719    3458.3787 
39300     275.9141   -371.19964    48410.055   -14285.902    1258.3447   -15544.246    3450.2453 
39350       267.32   -206.40853    48307.758   -14374.485    1219.1501   -15593.635    3447.5833 
39400    277.07391   -138.85052    48276.256   -14321.571    1263.6342   -15585.205    3451.0421 
39450    278.59582   -294.05657    48482.938   -14309.829    1270.5751   -15580.404    3454.6994 
39500    293.42078   -286.26555    48415.988   -14252.192    1338.1864   -15590.378    3452.4592 
39550    272.41703    367.29262    48276.805   -14319.949    1242.3959   -15562.345    3449.9658 
39600    274.72776    204.14479      48502.6   -14326.129    1252.9343   -15579.063    3462.2495 
39650    290.26757   -256.21337    48535.848   -14247.348    1323.8057   -15571.154    3465.6543 
39700     285.9106    54.581077        48535   -14270.316    1303.9351   -15574.251    3461.0126 
39750    288.43041   -14.341726    48631.024   -14295.469    1315.4271   -15610.896    3460.8242 
39800    286.53924   -416.53281    48437.917   -14283.273    1306.8021   -15590.075    3457.8064 
39850    269.56383    433.79814    48389.402   -14300.755    1229.3834   -15530.139    3455.2582 
39900    277.41007   -334.54312    48489.299   -14321.605    1265.1673   -15586.772    3468.8694 
39950    270.94085   -31.468868    48579.274   -14331.309    1235.6635   -15566.973    3470.5591 
40000    279.75788   -26.462625    48489.421    -14296.97    1275.8748   -15572.845     3468.749 
40050    275.61278    296.88743    48505.855   -14330.791    1256.9705   -15587.762    3474.2154 
40100    278.30001   -294.33359     48420.68   -14320.251     1269.226   -15589.477    3471.2126 
40150    275.10067    -40.61949    48585.555   -14280.662    1254.6349   -15535.297    3478.8337 
40200    276.03557   -35.453818    48567.721   -14299.257    1258.8987   -15558.156    3484.8187 
40250    282.96559   -74.877762    48523.522   -14288.864     1290.504   -15579.368    3490.9484 
40300    287.15224   -59.907186    48452.254   -14243.883    1309.5978   -15553.481    3483.5796 
40350    281.32929   -334.73294    48490.036   -14274.246    1283.0414   -15557.287    3477.6283 
40400     277.8251   -22.562224    48365.014   -14328.305    1267.0601   -15595.365     3475.046 
40450    273.80798   -53.491205    48351.745   -14317.804    1248.7394   -15566.544    3475.4382 
40500     282.1239   -286.14985    48489.291   -14276.128    1286.6654   -15562.794    3485.2543 
40550    288.96938   -98.404152    48548.348   -14255.971    1317.8851   -15573.856    3486.2251 
40600    285.87511   -320.14086    48429.141   -14296.841    1303.7733   -15600.615    3476.7728 
40650    279.06105    204.35945    48501.028   -14313.431    1272.6968   -15586.128    3484.2145 
40700     272.5254    81.116802    48462.511   -14329.104    1242.8901   -15571.994     3486.087 
40750    274.69779   -79.999499    48388.165   -14294.243    1252.7976   -15547.041    3485.3221 
40800    280.58301   -37.555072     48538.46   -14292.978    1279.6379   -15572.616    3489.0383 
40850     284.1126    -273.6993    48617.693   -14301.402    1295.7351   -15597.137    3499.0244 
40900    273.93674   -36.697696    48480.269    -14303.28    1249.3267   -15552.607    3503.9217 
40950    289.69339    296.92956    48410.422   -14283.991    1321.1871   -15605.178    3500.2079 
41000    279.66247    185.27864     48565.19   -14240.837    1275.4397   -15516.277    3511.0005 
41050    282.27274   -21.688876    48443.216   -14275.829    1287.3442   -15563.173    3505.2827 
41100     280.6836   -325.87447    48439.094   -14304.976    1280.0967   -15585.073    3505.0234 
41150    282.56853   -99.677672    48213.217    -14381.98    1288.6932   -15670.673    3495.0039 
41200     271.2691    212.89517    48311.897   -14331.046    1237.1606   -15568.206    3504.7924 
41250    265.66638    1171.9641     48453.27   -14386.874    1211.6085   -15598.483    3517.8593 
41300    280.17858   -237.66229    48465.426   -14285.009    1277.7935   -15562.802    3519.7387 
41350    275.17178    434.30276    48654.898   -14290.877    1254.9593   -15545.836    3535.3979 
41400    280.65421   -23.699836    48415.047   -14285.029    1279.9626   -15564.992    3527.2207 
41450      295.735    189.11842     48409.27   -14252.083    1348.7407   -15600.823    3521.2791 
41500     300.0992    3.7358507    48550.972   -14243.925    1368.6442   -15612.569    3523.8972 
41550    282.82957     216.5948    48427.267   -14269.066    1289.8837    -15558.95    3516.0843 
41600    281.73621   -171.10228    48561.257   -14301.637    1284.8973   -15586.534    3520.3267 
41650    281.00685   -254.48217    48505.297   -14342.909    1281.5709   -15624.479    3520.9645 
41700    270.86148    38.295856    48449.726   -14384.455    1235.3015   -15619.756    3520.3876 
41750     273.2392    135.51181    48214.892   -14389.704    1246.1455   -15635.849    3510.8937 
41800    271.04959    23.736093    48295.585   -14393.185    1236.1594   -15629.345    3508.3161 
41850    287.79631   -544.28882    48261.869   -14317.173    1312.5352   -15629.708     3509.633 
41900    281.94098    401.95204    48231.002   -14329.015    1285.8311   -15614.846    3516.3923 
41950    282.09133   -76.613285    48350.942   -14332.443    1286.5168    -15618.96    3524.2538 
42000    293.15139   -140.58339    48559.604   -14287.472    1336.9578   -15624.429    3541.0919 
42050    278.87154   -43.278784    48416.764   -14304.258    1271.8325   -15576.091    3533.1795 
42100    277.24384   -247.55744    48420.258   -14329.358    1264.4092   -15593.768     3534.885 
42150    283.66872   -192.08422    48319.584   -14321.153    1293.7107   -15614.864    3539.4552 
42200    267.11569    220.98966    48308.691   -14315.793    1218.2184   -15534.011    3541.6557 
42250    290.53083    16.937487    48477.463   -14309.747    1325.0063   -15634.754    3551.0593 
42300    271.99524     212.8141    48369.849   -14311.314    1240.4722   -15551.786    3543.7827 
42350    272.10723    141.76933     48450.36   -14346.592     1240.983   -15587.575    3549.0789 
42400    274.77007    53.972019    48447.076   -14326.022    1253.1272   -15579.149    3551.0344 
42450    277.18158    286.41781    48258.287   -14361.761    1264.1253   -15625.886    3545.6335 
42500    278.76373   -406.02965    48370.621   -14342.461    1271.3409   -15613.802     3549.994 
42550    262.79703   -230.08121    48451.335   -14326.825    1198.5225   -15525.348    3557.0114 
42600    280.39926    29.314226    48175.923   -14340.876    1278.7999   -15619.676    3547.6642 
42650    284.88975       -367.1    48320.852   -14329.097    1299.2794   -15628.376    3553.8068 
42700      281.003   -42.475574    48325.817   -14274.588    1281.5533   -15556.141    3553.6461 
42750    286.73753   -77.434278      48480.2   -14277.838    1307.7065   -15585.544    3564.7912 
42800    285.83223   -381.79955    48442.632    -14290.01    1303.5777   -15593.588    3564.1775 
42850    284.96313   -30.275145    48307.784   -14283.332    1299.6141   -15582.946    3565.5022 
42900     274.4413    196.22098    48480.862   -14292.689    1251.6278   -15544.316    3578.6903 
42950    276.40584   -222.35167    48545.454   -14309.014    1260.5874   -15569.601    3581.2755 
43000    275.42735   -515.08551    48340.115   -14358.673    1256.1248   -15614.798     3572.899 
43050    270.71421    351.82495    48375.767   -14345.538    1234.6299   -15580.168    3576.8394 
43100    256.27547   -388.47168     48301.35   -14427.013      1168.78   -15595.793    3575.8677 
43150    270.17643   -18.687057    48334.847    -14442.67    1232.1772   -15674.847    3582.0098 
43200    271.17146    -161.2693    48327.777   -14400.224    1236.7152   -15636.939    3579.4343 
43250    282.66815    294.08236     48315.81   -14363.304    1289.1475   -15652.451    3572.3859 
43300    273.82103    18.435015     48342.23   -14368.577     1248.799   -15617.376    3573.3627 
43350    271.96503   -168.64031     48320.24   -14353.369    1240.3344   -15593.703    3574.5582 
43400    278.68796   -194.97196    48397.654   -14346.445    1270.9953    -15617.44    3573.7832 
43450    279.15842    -102.9889    48424.518   -14342.228    1273.1409   -15615.369    3579.4877 
43500    287.92205   -305.69503    48259.151   -14368.533    1313.1087   -15681.642    3579.0646 
43550    273.23135    278.71379    48399.702    -14347.77    1246.1096    -15593.88    3590.9014 
43600      274.011   -62.593408    48323.694   -14369.876    1249.6653   -15619.541    3587.0997 
43650    277.38111   -203.40612    48277.414   -14336.502    1265.0352   -15601.537    3583.5149 
43700    270.79477   -223.24198    48246.178   -14348.853    1234.9973    -15583.85    3580.8158 
43750    275.13315    153.65064     48435.84   -14334.226    1254.7831   -15589.009    3587.5137 
43800    283.49206   -503.59591    48309.988   -14292.452    1292.9051   -15585.357    3580.8975 
43850    276.80772    4.5211902    48318.398   -14337.213    1262.4202   -15599.633    3590.1286 
43900    292.36646    195.93224    48446.187   -14324.653     1333.378   -15658.031    3600.4475 
43950    273.48638    37.844823    48349.869   -14350.992    1247.2728   -15598.264    3587.1097 
44000     269.6138   -153.98494    48312.621    -14391.68    1229.6113   -15621.291    3579.2482 
44050    271.88004   -192.31868    48421.064   -14319.949    1239.9468   -15559.896    3586.9928 
44100    286.71652    358.13845    48402.492   -14299.981    1307.6107   -15607.592    3586.0093 
44150    274.79157   -308.57833    48322.017   -14316.586    1253.2253   -15569.811    3586.4289 
44200    280.15209   -219.26973    48235.046    -14319.52    1277.6726   -15597.192    3589.1385 
44250    269.11586    141.03969    48408.135   -14357.324    1227.3404   -15584.664    3600.9943 
44300     279.6178    513.05466    48539.214   -14321.577     1275.236   -15596.813    3607.0988 
44350    278.01125   -269.71446    48410.196   -14347.611    1267.9091    -15615.52    3601.1826 
44400    275.12176    49.508519    48357.485   -14349.065    1254.7311   -15603.796    3588.7458 
44450     278.0082   -34.311138    48417.512   -14357.472    1267.8952   -15625.367    3593.1079 
44500    268.63506    268.23183    48497.603   -14361.957    1225.1476   -15587.104    3599.7499 
44550    273.83525   -324.69691    48182.848   -14362.863    1248.8638   -15611.727    3582.9859 
44600    268.09248    481.26506      48340.9   -14394.061    1222.6731   -15616.735    3586.7153 
44650    282.29402    313.94507    48456.451    -14286.15    1287.4412   -15573.591    3594.9507 
44700    284.84458    395.05407     48675.65   -14286.215    1299.0734   -15585.288    3615.5001 
44750    280.01608   -110.05416    48409.664   -14302.997    1277.0524    -15580.05    3605.8876 
44800    283.02133   -182.28407    48331.159   -14300.928    1290.7582   -15591.686    3604.0311 
44850    288.33755   -241.62449    48495.539   -14282.235    1315.0036   -15597.239    3618.3938 
44900    277.10576   -236.86075    48492.328   -14314.387    1263.7794   -15578.166    3620.4978 
44950    278.12366    215.96424    48386.889   -14290.464    1268.4217   -15558.886    3618.1472 
45000    278.78766   -228.11196    48433.146   -14291.803      1271.45   -15563.253    3626.6823 
45050    277.58511   -263.87083    48417.264   -14305.198    1265.9656   -15571.164    3631.5862 
45100    284.30844   -353.65556    48330.895   -14332.936    1296.6282   -15629.565     3627.552 
45150     269.7194   -89.590998    48210.159   -14300.733    1230.0929   -15530.826    3620.9031 
45200    283.69012   -215.51472    48372.284   -14301.971    1293.8084    -15595.78    3632.2246 
45250    286.77785    150.79661    48328.961   -14262.755    1307.8904   -15570.646    3631.4526 
45300    275.11417    386.84726    48517.134   -14276.096    1254.6965   -15530.793    3636.6016 
45350    297.15005    -206.9959    48529.181   -14274.312    1355.1942   -15629.506    3640.3294 
45400    281.48342    103.23924    48389.972   -14327.464    1283.7444   -15611.208    3633.2334 
45450    282.24377    97.785126    48401.302   -14328.669    1287.2121   -15615.881    3638.5853 
45500    283.25988    215.93331    48546.755   -14253.033    1291.8462   -15544.879    3648.3485 
45550    279.83757    196.30932    48460.878   -14314.673    1276.2382   -15590.912    3647.8141 
45600     280.7311    178.30245    48467.838   -14341.624    1280.3133   -15621.937    3654.6039 
45650    278.54622   -170.13175    48418.814   -14400.737    1270.3489   -15671.085    3651.1779 
45700    272.08832    172.18225    48404.429   -14386.047    1240.8967   -15626.944    3650.1981 
45750    271.16353   -601.19608    48573.227   -14345.034    1236.6791   -15581.713    3666.7505 
45800    281.10705     30.41947    48342.055   -14317.631    1282.0279   -15599.659    3655.8255 
45850    278.67906     118.8984    48386.945   -14311.554    1270.9547   -15582.509    3655.3216 
45900    293.91913    320.02584    48486.815   -14256.099    1340.4592   -15596.558    3665.7718 
45950    278.98942   -312.29365    48540.372   -14308.935    1272.3701   -15581.305    3672.7798 
46000    273.20254    185.47927    48717.222   -14281.298    1245.9783   -15527.276    3682.6298 
46050    284.76246    96.439133    48672.982   -14264.594    1298.6989   -15563.292      3681.94 
46100    274.62817   -242.97396    48494.663   -14311.926    1252.4801   -15564.406    3668.6245 
46150     280.6764   -104.44411    48414.238   -14278.649    1280.0639   -15558.713    3660.8705 
46200     287.3813    101.25245     48486.25   -14211.692    1310.6425   -15522.334    3668.0299 
46250    280.28481    325.73012    48563.611   -14237.247    1278.2779   -15515.525    3674.3227 
46300     279.9798   -72.666785    48490.952   -14282.032    1276.8869   -15558.919    3671.5067 
46350    295.99133   -72.230296    48452.178   -14241.928    1349.9097   -15591.838    3676.4134 
46400    284.63142    310.97702     48518.58   -14290.791    1298.1013   -15588.892    3681.1746 
46450    281.33703   -100.08456    48267.306   -14301.365    1283.0767   -15584.441    3673.0055 
46500    274.62538    566.88359    48593.881   -14281.668    1252.4673   -15534.135    3687.1613 
46550    277.69266    10.195598    48641.704   -14339.583    1266.4561    -15606.04    3689.6827 
46600    274.69529    62.181477    48497.596   -14289.838    1252.7861   -15542.624    3681.8467 
46650    279.20823   -297.99567    48392.135   -14310.217     1273.368   -15583.585    3684.2099 
46700    278.25291     387.5719    48352.573   -14317.173    1269.0112   -15586.184    3687.2741 
46750    282.93177   -312.25617    48500.518   -14318.626    1290.3498   -15608.975    3692.2801 
46800    283.30434    152.89751    48443.747   -14293.115    1292.0489   -15585.164    3690.7678 
46850    273.60973    1.8236755    48234.253   -14332.085    1247.8353   -15579.921    3680.7417 
46900    274.01065    240.64833    48302.609   -14327.598    1249.6638   -15577.262    3689.0089 
46950    286.19341    36.458748    48435.263   -14267.383    1305.2249   -15572.607    3696.2609 
47000    285.67874   -424.16705      48459.3   -14231.751    1302.8777   -15534.629    3704.5406 
47050    284.13607    -26.47554    48415.927   -14292.256    1295.8422   -15588.098    3706.4925 
47100    292.72907   -419.62297    48556.717   -14335.427    1335.0317   -15670.459    3717.3306 
47150    274.64369   -12.962978    48369.479   -14332.557    1252.5508   -15585.108    3712.9093 
47200    283.65838   -97.877961    48202.123    -14325.04    1293.6636   -15618.703    3709.8824 
47250    288.05444    -250.2395    48193.861   -14288.803    1313.7124   -15602.515    3718.6431 
47300    285.26182    -329.7734    48273.799   -14273.426    1300.9763   -15574.403    3724.5962 
47350    283.12614   -244.47941    48359.385   -14231.946    1291.2362   -15523.182    3736.0259 
47400    275.01181    375.18092    48591.476   -14244.596    1254.2297   -15498.826    3752.6399 
47450    292.89984    144.74998    48673.689   -14259.489    1335.8105   -15595.299    3760.3553 
47500    283.57095   -298.06699    48610.241   -14246.945    1293.2649    -15540.21    3758.6741 
47550    283.51967    295.78694    48668.104   -14246.636     1293.031   -15539.667    3762.1015 
47600    287.10902   -66.668434    48439.947   -14302.137    1309.4007   -15611.537    3757.3375 
47650    283.91454    88.293101    48482.129   -14266.796    1294.8318   -15561.628    3758.4692 
47700    272.81959    134.89544    48424.189   -14303.436    1244.2318   -15547.668    3752.6323 
47750    277.47597    155.69664     48370.32   -14317.891    1265.4678   -15583.359       3753.9 
47800    271.76303     177.6262    48184.801   -14350.827    1239.4132    -15590.24    3737.6092 
47850    266.29839    285.88489    48271.447   -14334.942    1214.4909   -15549.433     3741.712 
47900     278.3394   -406.55837    48129.971   -14359.981    1269.4056   -15629.387    3731.8042 
47950    286.38268    605.80373    48326.529   -14287.092    1306.0881    -15593.18    3741.2305 
48000    271.92943   -254.47578     48353.62   -14348.116    1240.1721   -15588.288    3749.6128 
48050    276.73504   -224.32117    48381.932   -14315.816    1262.0887   -15577.904    3750.8266 
48100    288.77035     154.2877    48446.001   -14243.793    1316.9774    -15560.77    3761.8369 
48150    285.30289   -598.09417     48491.08   -14283.794    1301.1636   -15584.958    3765.0714 
48200     280.3664   -366.88954     48503.52   -14279.278    1278.6501   -15557.928    3765.9374 
48250    283.21506    96.113447    48527.714   -14273.109    1291.6418    -15564.75    3761.5231 
48300    275.43511    10.423671     48320.78   -14299.398    1256.1602   -15555.558    3756.0061 
48350    277.73518   -150.27338    48297.397   -14309.101      1266.65   -15575.751    3758.2208 
48400    276.67145    640.99924     48371.01   -14324.227    1261.7987   -15586.026     3770.758 
48450    273.63727    133.79941    48596.866   -14280.781    1247.9609   -15528.742    3784.3492 
48500    280.69682    63.422813      48577.8    -14295.96     1280.157   -15576.117    3784.4039 
48550    278.30457    188.07304    48554.712   -14262.988    1269.2468   -15532.235    3782.4102 
48600    274.85095   -89.711447     48356.59   -14287.049    1253.4961   -15540.545     3776.634 
48650    280.54515    112.64554    48451.241   -14342.172    1279.4653   -15621.638    3780.6294 
48700    277.56275    377.35628     48453.19   -14336.256    1265.8636    -15602.12    3778.9495 
48750    277.61959     37.78518     48379.04   -14341.322    1266.1228   -15607.445    3786.3637 
48800    266.40411    108.17563    48249.464   -14353.701    1214.9731   -15568.674    3777.6059 
48850    279.43698     338.1366    48448.591   -14344.468    1274.4113   -15618.879    3792.9362 
48900    268.81584    -23.50924    48433.173   -14344.063    1225.9721   -15570.035    3801.5679 
48950    276.76529    101.31515    48298.037   -14338.022    1262.2267   -15600.248    3795.8369 
49000    281.41044    141.80203    48281.442   -14353.462    1283.4115   -15636.874    3801.4701 
49050    277.74674      417.908    48322.499   -14329.719    1266.7027   -15596.422    3808.5665 
49100    278.78715     266.2602    48534.667   -14269.433    1271.4476   -15540.881    3825.5772 
49150    296.32116   -10.731293    48278.005   -14265.574    1351.4139   -15616.988    3812.7163 
49200    283.22759    490.02126     48436.26    -14269.28    1291.6989   -15560.979    3820.7685 
49250    290.20183  -0.54193015    48562.147   -14222.334    1323.5059    -15545.84    3832.2625 
49300    275.19914    684.87509    48412.103   -14231.154     1255.084   -15486.238    3825.2671 
49350    290.45575    72.919482    48435.915   -14235.388    1324.6639   -15560.052    3831.3026 
49400    283.70115    295.53371     48559.53   -14222.265    1293.8586   -15516.123    3845.7891 
49450    287.21185   -239.26337    48549.993   -14224.307    1309.8697   -15534.177    3854.7765 
49500    290.23217   -198.06707    48458.666   -14281.449    1323.6443   -15605.093    3850.1599 
49550     277.7326    59.986006    48378.254   -14330.298    1266.6382   -15596.936    3847.4445 
49600    279.15412   -392.47157    48394.687   -14348.252    1273.1212   -15621.373    3849.2751 
49650    269.49454   -30.274244    48313.575   -14354.536    1229.0674   -15583.604    3847.2651 
49700    277.19823   -39.954111    48235.215   -14327.849    1264.2012    -15592.05    3844.7245 
49750    284.83318   -56.174388    48539.597   -14315.437    1299.0214   -15614.458     3868.287 
49800    288.63167    316.81042    48335.477   -14322.025     1316.345    -15638.37    3861.4209 
49850    272.61908    104.87445    48621.878   -14340.707    1243.3173   -15584.024    3890.2738 
