0 267.37153 48.735332 46467.317 -63583.4 5101.91 -68685.4 10.492415
0.01 276.0609 151.59633 46536.556 -63690.4 5267.72 -68958.1 20.023079
0.02 261.57081 -155.52905 46702.058 -64111.4 4991.22 -69102.6 28.863116
0.03 276.91037 -710.86963 46750.223 -63938.5 5283.92 -69222.5 37.982805
0.04 270.37152 108.72796 46412.209 -63861.6 5159.15 -69020.8 46.478225
0.05 264.91024 295.48789 46405.609 -63981.2 5054.94 -69036.1 53.484122
0.06 268.12018 -212.95695 46392.424 -64050.1 5116.19 -69166.3 61.070441
0.07 272.44642 -32.368871 46357.13 -63698.5 5198.75 -68897.3 70.222338
0.08 265.08443 -441.04164 46573.26 -64019.7 5058.27 -69078 81.034701
0.09 281.23814 -382.06035 46684.429 -63525.7 5366.51 -68892.2 88.167255
0.1 271.67393 -634.17055 46929.054 -63806.8 5184 -68990.8 98.001743
0.11 279.39899 461.42273 46247.619 -64428.9 5331.41 -69760.4 104.94161
0.12 271.07799 137.00066 46495.892 -63982.1 5172.63 -69154.8 114.08924
0.13 266.3465 81.02531 46328.586 -64386.9 5082.35 -69469.3 119.3211
0.14 271.34628 111.92253 46428.385 -63719.9 5177.75 -68897.6 126.07186
0.15 274.91993 23.355495 46866.368 -63796.4 5245.94 -69042.4 133.08582
0.16 271.34716 -215.67492 46553.647 -63967.1 5177.77 -69144.9 139.51564
0.17 276.09549 -98.579389 46644.873 -63690.9 5268.38 -68959.3 148.74582
0.18 273.05702 814.01028 46265.135 -64002.4 5210.4 -69212.8 157.84375
0.19 265.99229 211.02141 46395.793 -64099.9 5075.59 -69175.5 164.50302
0.2 273.16229 120.0274 46749.53 -63770.5 5212.41 -68982.9 169.39998
0.21 262.32897 -289.05427 46646.903 -64150.5 5005.69 -69156.2 178.51009
0.22 260.90217 -589.16414 46897.901 -64187.8 4978.46 -69166.3 185.11372
0.23 279.68834 -106.85934 46830.462 -64549.9 5336.93 -69886.8 192.80191
0.24 278.77112 28.211747 46660.311 -64337.1 5319.43 -69656.5 197.40601
0.25 274.09651 388.05982 46558.907 -63914.2 5230.23 -69144.4 202.05774
0.26 271.65835 -109.44069 46581.106 -64634.1 5183.71 -69817.8 207.08549
0.27 275.97724 266.63998 46452.729 -64413.1 5266.12 -69679.2 216.05615
0.28 271.15337 -341.72114 46848.637 -64255.2 5174.07 -69429.2 225.08693
0.29 266.09903 253.6636 46342.377 -64368.6 5077.63 -69446.2 230.56541
0.3 268.27778 61.011695 46714.922 -64181 5119.2 -69300.2 239.33546
0.31 275.28837 -710.08412 46934.761 -63861 5252.97 -69114 243.10933
0.32 274.46667 96.343389 46475.439 -64354.5 5237.29 -69591.8 248.82966
0.33 273.24241 -162.27366 46642.066 -63984.7 5213.93 -69198.6 255.20682
0.34 274.1208 409.98763 46578.615 -63787 5230.69 -69017.7 264.73854
0.35 273.01406 -82.685949 46553.76 -63997.4 5209.58 -69207 272.77319
0.36 273.82936 808.86121 46155.574 -63713.7 5225.13 -68938.9 275.38107
0.37 273.95589 -528.90303 46794.179 -64042.3 5227.55 -69269.9 285.0029
0.38 256.92333 910.4932 46132.54 -63957.7 4902.54 -68860.2 292.7062
0.39 269.93157 -160.1335 46642.97 -63634.8 5150.76 -68785.6 302.5514
0.4 269.66586 280.18847 46288.216 -63669.5 5145.69 -68815.2 312.04878
0.41 275.22693 -581.57125 46405.34 -63838 5251.8 -69089.8 318.66651
0.42 266.56804 321.14536 46192.472 -63650.9 5086.58 -68737.4 326.9968
0.43 268.94851 243.78138 46306.692 -63379.2 5132 -68511.2 336.53742
0.44 266.81444 875.38342 46001.88 -63438.6 5091.28 -68529.9 342.0756
0.45 271.55469 -380.73486 46651.641 -63363.9 5181.73 -68545.6 357.91712
0.46 282.52753 -762.66237 46829.118 -63377 5391.11 -68768.1 368.22278
0.47 263.73524 -188.86403 46230.014 -63294.8 5032.52 -68327.3 377.94372
0.48 272.42313 192.00813 46458.325 -63162.2 5198.3 -68360.5 386.152
0.49 270.68827 127.56953 46351.689 -63546 5165.2 -68711.2 394.28842
0.5 266.73767 280.85645 46292.496 -63377 5089.81 -68466.8 401.28237
0.51 286.38257 -285.89922 46485.556 -62653.9 5464.67 -68118.5 411.29259
0.52 279.06586 -352.1642 46507.877 -62977 5325.06 -68302 416.63507
0.53 268.79587 -50.52116 46249.094 -63154.4 5129.09 -68283.4 430.2605
0.54 271.94918 556.49063 45829.493 -63147.6 5189.26 -68336.9 439.50031
0.55 261.81661 -495.83457 46587.664 -63333.6 4995.91 -68329.5 454.54321
0.56 267.37579 -181.57765 46556.264 -63295.2 5101.99 -68397.2 464.15114
0.57 258.77718 -308.17706 46598.696 -63115.2 4937.91 -68053.1 470.07493
0.58 278.97702 -199.95991 46478.004 -63158.6 5323.36 -68482 477.7187
0.59 268.99104 -73.903894 46379.269 -63240.9 5132.81 -68373.7 491.79682
0.6 271.78435 88.230958 46461.308 -63426.1 5186.11 -68612.2 502.96105
0.61 270.37155 126.99184 46428.985 -63411.3 5159.15 -68570.4 509.47031
0.62 272.3387 -200.22346 46291.116 -63666.5 5196.69 -68863.2 512.40684
0.63 274.7286 866.61265 46021.374 -63308.3 5242.29 -68550.6 520.80648
0.64 271.47404 -107.46668 46527.646 -63229.8 5180.19 -68410 532.13186
0.65 279.01992 301.01249 46261.294 -63390.9 5324.18 -68715.1 540.22997
0.66 275.17195 -151.04301 46570.788 -63707.1 5250.75 -68957.8 549.15795
0.67 275.72777 970.6929 45967.582 -63733.9 5261.36 -68995.3 553.31119
0.68 268.70382 316.38917 46672.281 -63608.4 5127.33 -68735.7 570.96006
0.69 274.6306 90.670051 46426.727 -64010.6 5240.42 -69251 575.34127
0.7 260.61664 -161.44856 46638.309 -64276.8 4973.01 -69249.8 590.06694
0.71 269.81953 296.48934 46538.886 -63906.8 5148.62 -69055.4 598.58423
0.72 275.88903 739.4478 46028.647 -63502.3 5264.44 -68766.7 604.66302
0.73 266.59287 -285.57113 46363.589 -63969 5087.05 -69056.1 611.00309
0.74 266.39758 -272.12258 46591.52 -64148.8 5083.32 -69232.1 619.35831
0.75 269.78687 502.51893 46329.717 -63954.6 5148 -69102.6 623.04231
0.76 285.91944 -320.86124 46563.87 -63503.4 5455.83 -68959.2 634.80012
0.77 269.2851 -12.933874 46297.676 -63904.5 5138.42 -69042.9 638.77068
0.78 276.45351 -510.80909 46584.972 -63479.4 5275.21 -68754.6 645.94004
0.79 278.89183 -26.423793 46561.328 -62971.4 5321.73 -68293.2 646.43742
0.8 268.53439 -423.15743 46516.628 -63360 5124.1 -68484 656.80438
0.81 266.04543 206.52825 46479.178 -63211.9 5076.6 -68288.5 666.1953
0.82 272.99789 -301.06337 46527.553 -63253.1 5209.27 -68462.3 674.34761
0.83 271.50173 109.07538 46347.37 -63058.2 5180.72 -68239 677.17299
0.84 268.24338 474.08113 46148.442 -63287.9 5118.54 -68406.4 689.95207
0.85 275.26816 288.10098 46416.352 -63187.1 5252.59 -68439.7 701.90074
0.86 262.7238 628.43758 46326.487 -63555.1 5013.22 -68568.3 707.7181
0.87 261.61146 691.30574 46195.825 -63206.2 4992 -68198.2 717.63081
0.88 264.13066 -350.42399 46612.721 -62890.6 5040.07 -67930.7 728.24309
0.89 266.92315 208.3806 46117.415 -62942.7 5093.35 -68036 733.25751
0.9 269.57506 371.90717 46153.741 -63246.9 5143.95 -68390.8 744.20475
0.91 262.09907 42.361455 46567.696 -63886.6 5001.3 -68887.9 761.01906
0.92 277.07846 518.02826 46323.621 -63327.4 5287.13 -68614.5 760.44756
0.93 265.48459 243.8381 46351.962 -63548.4 5065.9 -68614.3 768.30192
0.94 277.10379 -389.53809 46545.808 -63062.1 5287.62 -68349.7 783.42258
0.95 269.91908 364.37079 46285.264 -62886.1 5150.52 -68036.6 789.93029
0.96 275.67285 -80.665151 46292.863 -62949.6 5260.31 -68209.9 796.30742
0.97 278.0885 509.9293 46259.127 -62622.4 5306.41 -67928.8 807.96987
0.98 266.60503 265.81013 46228.368 -62935.9 5087.28 -68023.2 815.04707
0.99 258.85871 -28.484381 46361.924 -62797.1 4939.47 -67736.6 824.72577
1 275.93946 -177.1635 46275.979 -62518.5 5265.4 -67783.9 827.93333
1.01 265.99178 145.43681 46364.117 -62955.1 5075.58 -68030.7 838.50221
1.02 272.24037 -109.34394 46496.59 -62856.8 5194.81 -68051.6 852.28689
1.03 275.8199 1.460397 46375.131 -62572.2 5263.12 -67835.3 862.58142
1.04 262.94728 443.88735 46263.815 -63037.7 5017.49 -68055.2 866.97553
1.05 270.23588 -94.595491 46368.995 -62817.1 5156.56 -67973.7 881.04558
1.06 269.23012 -463.61577 46545.203 -63288.4 5137.37 -68425.8 890.87425
1.07 272.21012 772.15401 45850.841 -63129.1 5194.24 -68323.4 891.65083
1.08 279.02242 -234.91203 46628.753 -62822.7 5324.23 -68147 907.17302
1.09 258.93852 112.47859 46201.814 -63362 4940.99 -68303 911.01471
1.1 275.45267 766.45371 46062.852 -63152.5 5256.11 -68408.6 923.72071
1.11 274.19628 -33.944432 46503.248 -62900 5232.14 -68132.1 937.14945
1.12 270.38651 -442.30261 46616.278 -63228 5159.44 -68387.4 954.15504
1.13 263.19858 346.10769 45997.503 -63363.1 5022.28 -68385.4 949.93415
1.14 275.16225 -392.54346 46696.209 -63104.8 5250.57 -68355.3 962.27555
1.15 268.3078 103.92155 46174.951 -63358.8 5119.77 -68478.6 970.81173
1.16 270.60903 -246.15789 46439.197 -63796.7 5163.68 -68960.4 978.99429
1.17 266.21873 -272.75196 46539.175 -63617 5079.91 -68696.9 993.08925
1.18 266.70236 -797.75411 46760.335 -63796.3 5089.14 -68885.4 1007.273
1.19 272.65253 -651.73723 46620.554 -63185 5202.68 -68387.7 1007.7208
1.2 266.60959 -189.20035 46541.261 -63362 5087.37 -68449.4 1016.4971
1.21 269.33158 117.07198 46544.901 -63781.3 5139.31 -68920.6 1030.5699
1.22 277.2408 -115.62769 46605.301 -63455.9 5290.23 -68746.2 1047.0786
1.23 267.54401 737.75343 46147.562 -63968.2 5105.2 -69073.4 1047.1587
1.24 275.77904 339.41024 46367.068 -64112.6 5262.34 -69375 1047.6757
1.25 283.59731 365.62154 46458.087 -63763.3 5411.52 -69174.8 1050.865
1.26 278.89753 120.19703 46505.156 -63943.8 5321.84 -69265.7 1053.7371
1.27 274.45693 341.10695 46344.804 -64088.8 5237.11 -69325.9 1045.7781
1.28 281.2017 540.651 46247.829 -64172.1 5365.81 -69537.9 1053.762
1.29 275.27433 -358.29653 46674.731 -64220.9 5252.71 -69473.6 1063.8217
1.3 271.455 41.31227 46483.688 -64399.6 5179.83 -69579.4 1070.1203
1.31 272.45643 -332.62319 46741.578 -63616.8 5198.94 -68815.7 1079.6251
1.32 264.7455 251.74403 46438.693 -63967 5051.8 -69018.8 1083.419
1.33 276.56241 320.21805 46287.208 -63703.5 5277.29 -68980.8 1088.4527
1.34 270.99128 -359.41317 46431.033 -63496.4 5170.98 -68667.4 1100.6516
1.35 276.20908 -325.84828 46583.528 -63459.5 5270.54 -68730 1114.5322
1.36 270.52731 349.57708 46239.852 -63776.2 5162.13 -68938.4 1104.5591
1.37 267.67883 239.22265 46237.428 -63893.1 5107.77 -69000.9 1111.433
1.38 263.16625 -827.23225 46892.503 -64030.1 5021.66 -69051.7 1134.4996
1.39 269.8969 -21.973017 46506.774 -63813.7 5150.1 -68963.8 1135.7508
1.4 277.85357 -55.358818 46546.249 -63683 5301.92 -68985 1140.6605
1.41 267.44686 276.33504 46363.605 -63877.7 5103.34 -68981 1146.4151
1.42 265.26558 205.21874 46387.864 -63967.8 5061.72 -69029.5 1147.3728
1.43 263.6602 -335.81564 46697.127 -64024 5031.09 -69055.1 1157.8436
1.44 276.22869 11.589291 46638.022 -63259.6 5270.92 -68530.5 1171.022
1.45 271.15837 152.8913 46327.085 -63705.9 5174.17 -68880 1171.4158
1.46 270.82443 382.12069 46652.612 -63846.2 5167.79 -69014 1182.7393
1.47 277.25941 -253.99652 46654.264 -64041.3 5290.59 -69331.9 1187.7312
1.48 275.2427 148.07319 46532.426 -64223.6 5252.1 -69475.7 1195.1784
1.49 275.08396 -374.76397 46763.62 -64525.8 5249.07 -69774.8 1200.7131
1.5 280.33292 376.68143 46390.235 -63933.3 5349.23 -69282.5 1200.62
1.51 266.28038 602.77126 46242.681 -64291.1 5081.09 -69372.2 1202.4953
1.52 268.528 50.047542 46441.77 -64071.7 5123.97 -69195.7 1213.7889
1.53 278.03931 132.7479 46544.467 -63907.1 5305.47 -69212.6 1221.6896
1.54 270.06892 94.64169 46480.581 -64462.2 5153.38 -69615.6 1226.4636
1.55 282.09777 186.597 46353.54 -64057.5 5382.91 -69440.4 1229.6451
1.56 264.15875 596.83732 46094.914 -64492.6 5040.6 -69533.2 1235.1068
1.57 276.42807 -7.7357683 46483.957 -63846.9 5274.72 -69121.6 1251.109
1.58 282.18906 98.222057 46187.335 -64086 5384.65 -69470.7 1254.2453
1.59 275.37855 -209.79939 46496.91 -63762.1 5254.7 -69016.8 1264.8132
1.6 265.95375 -614.17443 46689.403 -64127.1 5074.85 -69202 1271.7583
1.61 268.22515 424.88813 46362.471 -64414.4 5118.2 -69532.6 1273.4343
1.62 268.71925 388.98597 46334.695 -64583.9 5127.62 -69711.5 1280.6682
1.63 277.45402 -225.57226 46721.406 -64319 5294.3 -69613.3 1295.642
1.64 262.19428 721.71414 46102.811 -64003.4 5003.12 -69006.6 1292.4451
1.65 272.39402 -417.61542 46621.263 -63851.9 5197.75 -69049.6 1312.7148
1.66 263.32938 250.94744 46394.389 -63850.4 5024.78 -68875.1 1320.9633
1.67 265.56807 -231.77647 46533.774 -64238.4 5067.49 -69305.9 1330.187
1.68 271.26959 100.00278 46742.279 -64105 5176.29 -69281.3 1342.9839
1.69 276.4278 820.7398 46119.195 -63920.7 5274.72 -69195.4 1336.6256
1.7 260.93818 -37.746203 46699.585 -64575.8 4979.15 -69555 1357.7414
1.71 273.92957 -919.79452 47060.654 -64390.2 5227.05 -69617.3 1367.0122
1.72 274.05687 259.88046 46252.995 -64688.1 5229.47 -69917.5 1360.5188
1.73 272.33993 746.24719 46319.228 -64472.3 5196.71 -69669 1363.5419
1.74 266.39733 579.09511 46412.044 -64431.5 5083.32 -69514.8 1369.6591
1.75 275.82347 212.68974 46275.134 -64243.5 5263.18 -69506.7 1379.5959
1.76 268.26458 155.67567 46412.452 -64179.4 5118.95 -69298.3 1390.2542
1.77 261.59228 -116.23579 46523.776 -64570.1 4991.63 -69561.7 1395.439
1.78 276.0784 -241.65733 46570.164 -64460.3 5268.05 -69728.3 1396.4692
1.79 270.28216 -255.37 46536.379 -64647.4 5157.45 -69804.8 1405.0293
1.8 274.47975 -613.4697 46699.469 -64533.5 5237.54 -69771.1 1416.7126
1.81 271.28748 550.08768 46231.227 -64709.1 5176.63 -69885.8 1413.4499
1.82 271.53684 113.5673 46676.361 -64591.2 5181.39 -69772.6 1428.7667
1.83 263.90322 -611.30542 46873.381 -64954.7 5035.73 -69990.5 1432.3203
1.84 269.84802 -394.43086 46723.461 -65136 5149.16 -70285.2 1438.5907
1.85 271.12914 -524.4913 46973.877 -65074.9 5173.61 -70248.5 1444.6159
1.86 261.50577 937.19007 46179.872 -65442.1 4989.98 -70432.1 1436.0732
1.87 273.30414 -170.6064 46886.789 -64798.6 5215.11 -70013.7 1456.3764
1.88 273.6432 -331.8921 46723.839 -65121 5221.58 -70342.6 1453.0804
1.89 269.03896 -484.62332 46706.881 -65263.6 5133.72 -70397.3 1458.455
1.9 266.62044 -168.73446 46799.446 -65242.3 5087.58 -70329.9 1467.2698
1.91 271.94308 313.96846 46594.657 -65223.4 5189.14 -70412.5 1469.1459
1.92 271.60645 434.78024 46611.547 -65187.1 5182.72 -70369.8 1471.2867
1.93 274.23094 220.17687 46577.299 -64932.4 5232.8 -70165.2 1476.2184
1.94 266.27195 -651.20531 46866.226 -65123.8 5080.93 -70204.7 1490.1141
1.95 274.45011 -377.19412 47053.363 -65591 5236.98 -70828 1497.0281
1.96 273.67412 584.55781 46436.071 -65196.7 5222.17 -70418.8 1485.9075
1.97 275.05027 -148.49412 46850.927 -65538.7 5248.43 -70787.1 1493.8499
1.98 268.94413 307.62309 46712.172 -65462.5 5131.92 -70594.4 1492.5399
1.99 274.3215 48.112614 46744.822 -65846.8 5234.52 -71081.3 1490.3959
2 269.32177 -104.92533 46763.122 -65779.7 5139.12 -70918.8 1494.6
2.01 275.02389 689.47038 46367.6 -65978.3 5247.93 -71226.2 1486.2098
2.02 274.36581 -381.02053 46913.538 -65739.2 5235.37 -70974.5 1503.8176
2.03 272.47591 -585.14997 46926.041 -65314.5 5199.31 -70513.8 1504.385
2.04 270.79292 417.11249 46674.793 -65440.9 5167.19 -70608.1 1501.1917
2.05 261.0064 -289.81389 46854.194 -65902.6 4980.45 -70883.1 1513.0271
2.06 279.36911 -82.972757 46973.39 -65113.7 5330.84 -70444.5 1513.7569
2.07 269.03598 -84.468192 46739.718 -65528.2 5133.67 -70661.9 1511.3688
2.08 275.4937 447.41773 46533.624 -65128.8 5256.89 -70385.7 1511.4378
2.09 277.33095 474.47689 46317.683 -65249.8 5291.95 -70541.8 1512.4235
2.1 271.79084 -3.5859253 46843.194 -65185.2 5186.24 -70371.4 1528.6907
2.11 273.57794 237.65753 46433.323 -65476.3 5220.34 -70696.7 1524.4371
2.12 277.28068 272.21986 46605.791 -65298 5290.99 -70589 1529.8439
2.13 267.98869 221.62615 46425.93 -65637.4 5113.68 -70751.1 1531.6621
2.14 278.00598 348.35289 46438.319 -65238.1 5304.83 -70542.9 1533.3276
2.15 263.40083 -330.98534 46863.36 -65535.8 5026.14 -70561.9 1537.9416
2.16 260.67498 29.806728 46666.972 -65855.6 4974.13 -70829.7 1538.371
2.17 269.20793 354.2546 46580.739 -65713.2 5136.95 -70850.1 1549.3412
2.18 262.92654 279.21371 46466.816 -65971.6 5017.09 -70988.6 1545.7214
2.19 277.03644 79.663702 46698.519 -65696.2 5286.33 -70982.6 1554.307
2.2 271.07209 -289.4188 47029.115 -65712.5 5172.52 -70885 1558.9089
2.21 269.5738 613.13343 46450.9 -66398.8 5143.93 -71542.7 1550.3314
2.22 262.97186 -519.50823 47108.469 -66079.3 5017.95 -71097.2 1563.7386
2.23 263.19704 -483.96716 46887.013 -65698.1 5022.25 -70720.3 1559.2118
2.24 274.67613 274.1167 46660.699 -65587.3 5241.29 -70828.5 1560.3896
2.25 262.01071 -257.54559 46906.409 -65790.7 4999.61 -70790.3 1566.8746
2.26 262.56055 -274.99323 46857.232 -66118.3 5010.11 -71128.4 1567.2374
2.27 259.12651 594.46712 46403.73 -66448.1 4944.58 -71392.7 1561.9484
2.28 263.17478 -324.70502 46897.757 -66078 5021.83 -71099.9 1571.9024
2.29 265.21082 -499.96369 47074.03 -66131.7 5060.68 -71192.4 1577.7149
2.3 274.0707 -360.83392 46965.787 -65532.5 5229.74 -70762.2 1575.3348
2.31 276.83783 181.15069 46710.299 -65982.6 5282.54 -71265.2 1568.9191
2.32 267.43157 -254.36774 46906.62 -66340.9 5103.05 -71443.9 1577.1072
2.33 274.60804 -43.811922 46834.825 -66185.1 5239.99 -71425.1 1576.7999
2.34 274.21556 -23.52386 46878.414 -65931.9 5232.5 -71164.4 1575.7553
2.35 269.68781 -349.10922 46930.654 -66076.2 5146.11 -71222.3 1576.2138
2.36 273.4766 90.73843 46696.614 -66209.9 5218.4 -71428.3 1573.6785
2.37 272.30347 241.17294 46603.078 -66541.1 5196.02 -71737.1 1573.0329
2.38 269.16687 443.9194 46583.075 -66782.4 5136.17 -71918.6 1576.0377
2.39 266.11563 689.03234 46305.633 -66658.3 5077.94 -71736.2 1568.5695
2.4 273.02251 458.3702 46594.015 -66670.5 5209.74 -71880.2 1577.8916
2.41 269.40638 -145.51479 46800.728 -66618 5140.74 -71758.7 1579.9551
2.42 264.71004 74.408278 46629.069 -66842 5051.12 -71893.2 1577.6371
2.43 270.75887 407.93962 46632.227 -66283.8 5166.54 -71450.3 1579.85
2.44 284.74354 286.24645 46524.709 -66138.6 5433.4 -71571.9 1580.2817
2.45 264.51624 241.98328 46610.726 -66383.4 5047.42 -71430.8 1582.4705
2.46 273.24551 -154.45239 46760.665 -66509.5 5213.99 -71723.5 1589.2937
2.47 260.19447 -569.35726 46992.71 -66185.6 4964.96 -71150.5 1597.7796
2.48 264.54138 -564.24914 46932.595 -66607.5 5047.9 -71655.4 1602.733
2.49 267.40166 270.50848 46641.561 -66455.4 5102.48 -71557.9 1596.0189
2.5 273.44952 -274.20144 47135.088 -66445.5 5217.89 -71663.4 1606.4545
2.51 268.65774 -711.89731 47199.204 -66655.6 5126.45 -71782 1609.631
2.52 282.62737 -745.68653 47143.196 -66342.2 5393.01 -71735.2 1609.2638
2.53 274.13155 -515.63922 47144.601 -66577.7 5230.9 -71808.6 1612.7857
2.54 268.24604 498.96039 46646.906 -66321.1 5118.59 -71439.7 1600.9734
2.55 283.83074 70.830232 46665.441 -65826.7 5415.98 -71242.7 1600.7891
2.56 270.55688 798.49115 46366.276 -66083.8 5162.69 -71246.5 1595.5277
2.57 278.98734 522.97444 46637.085 -66230.2 5323.56 -71553.8 1605.6942
2.58 275.86194 508.86853 46593.327 -65979.3 5263.92 -71243.2 1605.6836
2.59 265.85567 -230.29325 46874.753 -66378.3 5072.98 -71451.2 1613.1628
2.6 272.08636 81.567579 46797.392 -66113.5 5191.87 -71305.4 1614.0121
2.61 266.03308 1181.3413 46249.648 -66390.4 5076.37 -71466.7 1601.5839
2.62 274.6488 542.41349 46458.858 -66136.6 5240.77 -71377.4 1606.8869
2.63 263.25728 -42.784799 46812.44 -66230.8 5023.4 -71254.2 1619.1871
2.64 282.36649 346.29223 46529.957 -65887.6 5388.04 -71275.6 1614.335
2.65 276.34501 -105.32254 46712.068 -66156.2 5273.14 -71429.3 1617.7866
2.66 263.20651 -833.56987 47254.569 -66581.8 5022.43 -71604.2 1629.9454
2.67 268.78033 -726.97294 47201.251 -66482.6 5128.79 -71611.3 1626.4287
2.68 267.66452 -115.42064 46919.779 -66444.8 5107.5 -71552.3 1620.6807
2.69 265.43027 -185.76575 46904.884 -66573.2 5064.86 -71638 1619.6423
2.7 280.86772 503.90545 46582.236 -66203.4 5359.44 -71562.8 1612.3885
2.71 270.8438 533.42043 46512.267 -66243.3 5168.16 -71411.5 1612.7342
2.72 274.39851 -288.84714 46850.239 -65987.2 5235.99 -71223.2 1624.5807
2.73 274.10651 -276.18239 46888.26 -66262.8 5230.42 -71493.2 1628.399
2.74 269.80023 -838.10539 47257.691 -66177 5148.25 -71325.2 1634.136
2.75 264.51352 586.64057 46451.173 -66272.4 5047.37 -71319.8 1612.6708
2.76 263.05266 -31.00828 46673.575 -66625.2 5019.5 -71644.7 1617.3723
2.77 274.43976 353.77036 46677.949 -66332.3 5236.78 -71569.1 1616.3413
2.78 284.44947 92.627315 46735.557 -66035.1 5427.78 -71462.9 1618.0794
2.79 269.7352 369.54693 46641.209 -66457 5147.01 -71604 1615.4236
2.8 282.45231 622.45002 46351.182 -66032.1 5389.67 -71421.8 1608.6926
2.81 272.9878 340.58271 46433.745 -66185.3 5209.08 -71394.3 1612.6935
2.82 271.11921 44.910205 46642.435 -65839.8 5173.42 -71013.2 1611.8473
2.83 258.45389 -294.77026 46740.84 -66142.5 4931.74 -71074.3 1618.2322
2.84 274.02975 -368.62834 47006.576 -66259.1 5228.96 -71488 1624.2874
2.85 269.5043 92.573391 46638.54 -66432.9 5142.6 -71575.5 1615.0304
2.86 271.14373 -661.55028 47099.192 -66314 5173.89 -71487.8 1624.6992
2.87 282.55007 -222.84837 47019.997 -65894.5 5391.54 -71286.1 1622.4351
2.88 266.49533 242.7066 46683.26 -65860.6 5085.19 -70945.8 1616.6198
2.89 271.25778 25.146476 46662.208 -65496.4 5176.06 -70672.5 1621.48
2.9 273.37883 51.375769 46816.721 -65765.8 5216.54 -70982.4 1633.5657
2.91 277.57785 199.04793 46547.444 -65553.2 5296.66 -70849.8 1630.8988
2.92 280.65864 736.23702 46318.596 -65071 5355.45 -70426.5 1627.0593
2.93 274.33709 399.75614 46524.508 -65486.4 5234.82 -70721.2 1628.8101
2.94 269.13987 -10.571241 46821.898 -65351.7 5135.65 -70487.4 1641.1175
2.95 276.45527 284.85562 46447.744 -65357.4 5275.24 -70632.7 1630.2436
2.96 263.60692 -102.65582 46778.279 -65485.9 5030.07 -70516 1638.2139
2.97 275.11648 -0.10875682 46821.098 -65255.9 5249.69 -70505.6 1642.2546
2.98 274.52233 -112.90125 46913.829 -65560.1 5238.36 -70798.4 1646.3566
2.99 271.44492 442.81593 46532.714 -65745 5179.63 -70924.7 1643.3999
3 287.81968 -269.90123 47002.419 -65725.9 5492.09 -71218 1655.2101
3.01 279.05542 307.921 46687.836 -66110 5324.86 -71434.8 1652.1515
3.02 262.07515 399.22304 46440.433 -66300.2 5000.84 -71301 1651.0266
3.03 268.8073 290.43674 46582.991 -66024.1 5129.3 -71153.4 1652.8617
3.04 279.16866 132.66117 46693.096 -65737.3 5327.02 -71064.4 1652.6317
3.05 260.9342 -249.03088 46836.692 -66013.9 4979.07 -70993 1658.6742
3.06 272.85747 -241.59959 46683.934 -65699.7 5206.59 -70906.3 1660.3278
3.07 272.45034 -491.9859 47017.831 -65738.9 5198.82 -70937.7 1671.6914
3.08 270.62254 -283.58272 46730.109 -65257.4 5163.94 -70421.4 1666.2322
3.09 267.36048 -164.98578 46655.938 -65467.3 5101.7 -70569 1668.9763
3.1 269.52472 -236.52669 47074.064 -65596.1 5142.99 -70739.1 1684.2065
3.11 275.09699 312.42921 46442.213 -65180.9 5249.32 -70430.2 1669.0814
3.12 279.85866 -302.17182 46769.194 -65112.5 5340.18 -70452.6 1678.6066
3.13 264.07735 -431.67237 46703.1 -65385.3 5039.05 -70424.4 1680.5211
3.14 259.99405 -2.7997834 46567.451 -65140.4 4961.13 -70101.6 1681.8706
3.15 281.04266 274.00979 46380.289 -64769.9 5362.78 -70132.6 1678.9256
3.16 260.86979 -482.92928 46578.134 -65167.4 4977.84 -70145.2 1688.5364
3.17 271.08483 -493.08376 46835.626 -64542.8 5172.76 -69715.6 1697.5279
3.18 274.57294 493.0052 46370.08 -64700.2 5239.32 -69939.5 1692.5159
3.19 277.51551 -296.00302 46962.555 -64663.1 5295.47 -69958.6 1711.2405
3.2 268.93138 -515.77204 46811.519 -64910.9 5131.67 -70042.5 1720.5249
3.21 274.88533 40.912449 46740.042 -65098.5 5245.28 -70343.8 1726.2542
3.22 270.37658 -4.0860846 46494.571 -65087.6 5159.25 -70246.8 1718.3869
3.23 262.82048 -720.30631 47205.881 -64781.5 5015.07 -69796.5 1743.3904
3.24 278.29365 -679.32352 46942.845 -64704.9 5310.32 -70015.2 1740.8368
3.25 270.40718 -41.773013 46650.711 -64870.1 5159.83 -70029.9 1733.8517
3.26 263.6334 356.52241 46456.623 -64962.7 5030.58 -69993.3 1738.2407
3.27 268.90655 -252.27223 46570.909 -64406.1 5131.2 -69537.3 1744.7259
3.28 271.29784 556.30541 46164.624 -64388.9 5176.83 -69565.8 1734.5056
3.29 270.94838 -453.44264 46876.592 -64513.4 5170.16 -69683.5 1754.4302
3.3 273.08444 -116.67078 46663.03 -64376.1 5210.92 -69587 1751.8456
3.31 260.09425 -849.62392 46969.268 -64491.2 4963.04 -69454.2 1760.4383
3.32 266.71273 -206.32461 46651.375 -64503.5 5089.34 -69592.9 1758.775
3.33 263.82484 -371.0983 46830.364 -64414.3 5034.23 -69448.5 1774.2661
3.34 278.13794 336.52522 46449.614 -63979.3 5307.35 -69286.6 1767.1494
3.35 272.64493 112.88804 46312.883 -64285.9 5202.53 -69488.4 1768.6955
3.36 269.93877 -283.61931 46670.412 -64055 5150.89 -69205.8 1788.8857
3.37 266.75029 -248.94321 46551.243 -64176.2 5090.05 -69266.3 1789.7614
3.38 278.79559 -296.56617 46818.244 -63767.7 5319.9 -69087.6 1795.503
3.39 271.37035 327.06408 46219.177 -63892.7 5178.21 -69070.9 1782.9474
3.4 280.43277 250.77374 46456.073 -63252.7 5351.14 -68603.8 1792.8389
3.41 270.26085 -169.64205 46495.152 -63136.9 5157.04 -68294 1801.1373
3.42 268.05847 -192.92232 46398.621 -63254 5115.02 -68369 1804.1749
3.43 265.2646 66.684585 46321.944 -63505.5 5061.7 -68567.2 1816.8767
3.44 275.65694 68.042068 46136.011 -62940.7 5260.01 -68200.7 1820.5813
3.45 267.01337 -473.3956 46501.045 -63105.5 5095.07 -68200.6 1854.7423
3.46 281.92175 -220.16592 46609.648 -63215.6 5379.55 -68595.1 1863.2433
3.47 276.45684 -184.09618 46535.071 -63102.9 5275.27 -68378.2 1872.1161
3.48 277.8901 158.30976 46228.545 -62882.2 5302.62 -68184.8 1876.474
3.49 271.45739 -69.420896 46257.273 -62994.4 5179.87 -68174.3 1888.3982
3.5 266.41556 327.73003 46153.305 -63081.5 5083.67 -68165.2 1896.671
3.51 271.55918 323.44603 46174 -62865.4 5181.81 -68047.2 1907.7758
3.52 278.37157 -132.71358 46561.535 -62808.1 5311.81 -68120 1931.2082
3.53 277.34094 174.68129 46306.365 -63283 5292.14 -68575.1 1935.6065
3.54 280.46594 672.76901 45876.88 -62923.7 5351.77 -68275.4 1921.679
3.55 274.21541 454.33791 45986.664 -62675.3 5232.5 -67907.8 1925.625
3.56 276.00932 -96.52185 46553.555 -62896.6 5266.73 -68163.3 1953.3773
3.57 274.02373 -53.752756 46366.341 -63232.5 5228.84 -68461.3 1954.0613
3.58 273.60604 23.431328 46365.285 -63296.1 5220.87 -68517 1958.0316
3.59 270.23402 365.20533 46256.912 -63223.9 5156.53 -68380.4 1969.1116
3.6 265.01044 178.67806 46312.254 -63449 5056.85 -68505.9 1987.0039
3.61 274.15319 -425.5882 46769.615 -63073.5 5231.31 -68304.8 2007.4471
3.62 268.75591 366.88126 46164.706 -63313.9 5128.32 -68442.3 2003.6444
3.63 267.04075 -17.371966 46358.758 -63114.9 5095.6 -68210.5 2020.5039
3.64 272.65326 -492.21514 46684.181 -62673.5 5202.69 -67876.2 2035.5004
3.65 272.18599 -626.30757 46570.548 -63103.8 5193.78 -68297.6 2050.8985
3.66 263.18413 105.3918 46154.938 -63282.3 5022 -68304.3 2047.9908
3.67 273.8212 43.814398 46470.44 -63088 5224.98 -68313 2060.331
3.68 281.4616 382.35169 46310.299 -62818.3 5370.77 -68189 2063.7567
3.69 273.47139 6.8184785 46343.029 -62398.7 5218.3 -67617 2070.9724
3.7 265.45274 550.21608 45909.798 -62494.1 5065.29 -67559.4 2070.1923
3.71 275.98414 -677.69167 46656.917 -62399.4 5266.25 -67665.7 2098.2545
3.72 269.84325 -896.39415 46611.5 -62487.7 5149.07 -67636.8 2108.3691
3.73 274.52815 -542.68013 46454.058 -62334.3 5238.47 -67572.8 2113.1067
3.74 273.89823 -118.48799 46468.765 -62591.8 5226.45 -67818.3 2124.908
3.75 272.90226 17.530685 46586.197 -62591.5 5207.44 -67798.9 2134.9144
3.76 271.30256 641.68716 45943.909 -62842.3 5176.92 -68019.2 2124.6081
3.77 274.6268 -462.6153 46655.836 -63203.6 5240.35 -68444 2161.05
3.78 276.38651 -842.15606 46586.214 -62776.7 5273.93 -68050.6 2173.2502
3.79 273.70727 -110.32474 46252.978 -63077.1 5222.8 -68299.9 2158.6344
3.8 271.2252 -521.39207 46528.443 -63043.2 5175.44 -68218.7 2181.484
3.81 271.05479 1120.7551 45925.104 -63184.9 5172.19 -68357.1 2173.076
3.82 267.80259 175.72269 46286.864 -63314.5 5110.13 -68424.6 2192.1677
3.83 263.39459 -549.27925 46362.807 -63132.3 5026.02 -68158.3 2200.9393
3.84 274.42542 -102.95487 46427.654 -62926.6 5236.51 -68163.1 2211.2467
3.85 278.35933 614.77549 45931.208 -62307.1 5311.57 -67618.7 2205.6035
3.86 267.41515 -720.58656 46409.215 -62589.7 5102.74 -67692.5 2235.1891
3.87 266.78586 50.070472 46324.855 -62750 5090.73 -67840.7 2246.2071
3.88 264.4159 520.93865 46032.583 -62957.3 5045.51 -68002.8 2238.6704
3.89 268.85545 168.19749 46153.284 -62347.7 5130.22 -67478 2260.4272
3.9 268.78996 -441.30316 46499.259 -62244.1 5128.97 -67373.1 2280.4273
3.91 270.24312 -27.37393 45990.99 -62494 5156.7 -67650.7 2275.1921
3.92 278.78684 -284.49412 46428.698 -62298 5319.73 -67617.7 2295.7032
3.93 270.98299 -98.61791 46380.349 -62614.3 5170.82 -67785.1 2303.7291
3.94 274.80666 185.4005 46255.989 -62326.7 5243.78 -67570.5 2316.1843
3.95 271.06588 294.12918 46209.506 -62716.4 5172.4 -67888.8 2327.6105
3.96 276.29282 -102.91361 46355.452 -62419.1 5272.14 -67691.3 2340.4711
3.97 261.49628 -307.38109 46283.192 -62968.7 4989.8 -67958.5 2348.4787
3.98 260.43263 130.15017 46342.484 -63121 4969.5 -68090.5 2356.9633
3.99 276.67835 -139.79178 46328.808 -62578.1 5279.5 -67857.6 2377.3653
4 263.8877 71.799416 46289.459 -62867.3 5035.43 -67902.8 2383.7542
4.01 271.3045 -263.878 45986.546 -62259 5176.96 -67435.9 2382.8803
4.02 281.32942 365.0364 45996.633 -61644 5368.25 -67012.2 2386.9892
4.03 281.07807 -73.500885 46030.277 -61870.5 5363.45 -67234 2386.8769
4.04 260.06933 71.543377 46064.927 -62250.3 4962.57 -67212.9 2407.0767
4.05 265.01466 -534.52516 46271.884 -62208.6 5056.93 -67265.5 2417.2863
4.06 275.85008 461.54696 46009.822 -62250.9 5263.69 -67514.6 2428.2357
4.07 268.83723 -74.134109 46092.077 -62331.5 5129.88 -67461.3 2427.1652
4.08 277.61353 -234.47893 46119.644 -61849.4 5297.34 -67146.7 2448.7134
4.09 269.12536 317.93516 46469.32 -61599.7 5135.37 -66735.1 2468.4768
4.1 270.16499 392.22476 46041.835 -61887.9 5155.21 -67043.1 2465.2635
4.11 278.89782 -210.57342 46155.857 -61659.4 5321.85 -66981.2 2486.8879
4.12 263.72099 -161.53393 46126.887 -62428.5 5032.25 -67460.7 2498.3685
4.13 276.42434 77.773046 46359.484 -62174.2 5274.65 -67448.8 2511.5955
4.14 262.28538 160.02946 45953.652 -62359.8 5004.85 -67364.7 2521.5848
4.15 270.70973 -375.50475 46479.449 -62413.7 5165.61 -67579.3 2555
4.16 276.2385 -293.92468 46107.96 -61858.7 5271.1 -67129.9 2558.1902
4.17 271.28275 63.51143 46222.665 -62398.9 5176.54 -67575.4 2564.9236
4.18 278.38403 529.12609 46394.629 -62224.8 5312.04 -67536.9 2583.3465
4.19 264.26836 -27.879419 46198.419 -62440.9 5042.69 -67483.6 2576.0606
4.2 272.94442 407.65016 46028.859 -62208.1 5208.25 -67416.3 2582.5799
4.21 275.40443 -427.70179 46491.78 -62242.9 5255.19 -67498.1 2610.8265
4.22 278.47862 685.46957 46153.156 -62371.7 5313.85 -67685.5 2602.5931
4.23 279.45775 -776.27249 46494.923 -61985 5332.53 -67317.6 2619.2338
4.24 269.6074 -440.33819 46352.734 -62632.3 5144.57 -67776.9 2628.6093
4.25 271.072 -258.79021 46347.213 -61932 5172.52 -67104.5 2631.8697
4.26 267.90313 471.24295 46182.511 -62198 5112.05 -67310 2645.8487
4.27 271.13983 277.70696 45889.854 -61706.2 5173.81 -66880 2636.2655
4.28 260.39476 646.23353 46021.303 -61947.2 4968.78 -66916 2658.0649
4.29 267.95121 577.67727 45930.236 -61471.4 5112.97 -66584.4 2665.5576
4.3 271.36588 431.01878 45684.749 -61181.8 5178.13 -66359.9 2671.5844
4.31 270.60707 -680.71225 46091.201 -61053.3 5163.65 -66216.9 2703.3349
4.32 262.21362 302.95558 45701.651 -60512.4 5003.49 -65515.9 2697.7632
4.33 274.65949 -50.361536 45724.724 -60372.7 5240.97 -65613.7 2718.8231
4.34 271.91677 -240.44518 45851.438 -60071.4 5188.64 -65260 2743.0032
4.35 255.77257 -236.51037 45712.378 -60839.5 4880.58 -65720 2778.8099
4.36 270.91674 572.66199 45741.909 -60138.7 5169.56 -65308.2 2808.1929
4.37 264.35919 -180.53782 45636.681 -60281.6 5044.43 -65326 2831.4391
4.38 266.82911 -475.80948 45772.383 -60177.7 5091.56 -65269.3 2874.6976
4.39 277.06428 25.540412 45764.754 -59653.3 5286.86 -64940.1 2917.5838
4.4 267.84671 -464.44009 46014.977 -60128.5 5110.97 -65239.4 2966.1758
4.41 271.06769 -59.611006 45619.789 -60353.2 5172.44 -65525.7 2978.0222
4.42 262.95974 -429.97071 45935.207 -60602.1 5017.72 -65619.8 3021.1212
4.43 264.62156 835.03353 45251.342 -60059.3 5049.43 -65108.7 3018.3604
4.44 268.42844 384.58265 45693.834 -60361.9 5122.07 -65484 3071.3728
4.45 266.84378 35.987076 45421.046 -60178.9 5091.84 -65270.7 3097.6399
4.46 264.18252 152.76594 45629.496 -60143.3 5041.06 -65184.3 3129.7267
4.47 277.0864 427.46168 45527.434 -59934.7 5287.28 -65222 3156.2752
4.48 279.19647 557.70544 45495.457 -60187.9 5327.55 -65515.5 3163.5008
4.49 264.02227 -988.90285 46215.238 -60433.3 5038 -65471.3 3225.7271
4.5 269.33727 -192.43824 45725.091 -59995.6 5139.42 -65135 3228.0766
4.51 273.28735 181.70218 45822.025 -60254.2 5214.79 -65469 3267.4738
4.52 265.36278 387.18032 45542.096 -60467.8 5063.58 -65531.4 3285.3823
4.53 271.80929 221.12606 45419.093 -60273.4 5186.59 -65460 3306.908
4.54 259.57675 -82.628661 45755.894 -60264.1 4953.17 -65217.2 3350.5896
4.55 269.41761 -488.10629 45929.745 -60258.5 5140.95 -65399.4 3382.3648
4.56 264.41689 -243.39696 45510.507 -60407.2 5045.53 -65452.7 3392.8305
4.57 285.86419 393.54864 45709.582 -59931.5 5454.78 -65386.3 3423.1168
4.58 263.76815 -363.29544 45904.791 -60240.5 5033.15 -65273.7 3460.4868
4.59 271.81317 255.97995 45638.213 -60286.8 5186.66 -65473.5 3470.3002
4.6 278.99873 690.25811 45385.521 -60053.3 5323.77 -65377.1 3478.9767
4.61 289.79056 253.44621 45594.162 -59736.6 5529.7 -65266.3 3528.3442
4.62 264.19309 -444.23127 45624.786 -60297.5 5041.26 -65338.7 3576.8556
4.63 281.77775 262.84459 45677.826 -59799.8 5376.8 -65176.6 3616.2596
4.64 268.14961 540.36675 45697.527 -60382.8 5116.75 -65499.5 3656.4076
4.65 281.40398 448.33271 45482.503 -60053.3 5369.67 -65422.9 3664.0136
4.66 264.61847 -182.0237 45897.478 -60345.5 5049.37 -65394.9 3720.3612
4.67 267.20279 36.851007 45601.511 -60199.7 5098.69 -65298.4 3736.4494
4.68 270.38252 -342.36233 45799.76 -60317.5 5159.36 -65476.8 3772.0775
4.69 281.07316 1099.8607 45469.788 -59957.4 5363.36 -65320.8 3803.9665
4.7 268.17965 -199.04472 45878.927 -60329.3 5117.33 -65446.7 3861.1365
4.71 273.8433 160.48836 45450.814 -60169 5225.4 -65394.4 3884.2844
4.72 273.68857 360.90683 45583.856 -60212.5 5222.45 -65435 3908.8641
4.73 258.54907 -823.28903 45821.099 -60771.3 4933.56 -65704.8 3931.9236
4.74 261.99635 -519.97308 45399.59 -60391.1 4999.34 -65390.4 3950.8778
4.75 271.89215 -225.83225 46074.07 -60084 5188.17 -65272.2 3998.5723
4.76 275.14286 247.81344 45658.883 -59932.8 5250.2 -65183 4019.9212
4.77 262.15012 -196.00546 45391.41 -60512.9 5002.27 -65515.2 4009.5173
4.78 262.63201 -183.59242 45932.371 -60142.9 5011.47 -65154.4 4062.9835
4.79 270.68316 316.68458 45634.068 -60267.3 5165.1 -65432.4 4059.1806
4.8 271.72354 522.43737 45589.954 -60215.3 5184.95 -65400.3 4095.8386
4.81 263.60805 -194.51589 45947.074 -60510.4 5030.09 -65540.5 4152.2809
4.82 265.37947 -241.55564 45853.407 -60358.3 5063.9 -65422.2 4177.3491
4.83 273.41767 483.27625 45532.84 -60265.4 5217.28 -65482.7 4185.4571
4.84 263.39282 -26.312228 45732.892 -60293.5 5025.99 -65319.5 4229.6172
4.85 270.4015 -5.8557684 45664.495 -60382.8 5159.72 -65542.6 4251.4305
4.86 276.55971 -78.949228 45739.297 -59983.5 5277.23 -65260.8 4279.5879
4.87 268.67082 171.19474 45898.636 -60353.5 5126.7 -65480.2 4305.8268
4.88 276.50298 68.928023 45676.392 -60096.2 5276.15 -65372.3 4309.5279
4.89 267.00436 -359.86451 45674.602 -60250.3 5094.9 -65345.2 4328.8247
4.9 264.11266 -112.8838 45975.782 -60376.1 5039.72 -65415.8 4380.2266
4.91 272.01677 549.4044 45415.376 -60062.3 5190.55 -65252.8 4372.9238
4.92 269.46578 820.51786 45428.409 -60230 5141.87 -65371.9 4403.7589
4.93 270.92569 312.98867 45661.897 -60229 5169.73 -65398.7 4424.3235
4.94 275.20402 -318.33627 45873.606 -59781.5 5251.36 -65032.8 4481.5143
4.95 270.01233 -296.97082 45702.161 -60262.1 5152.3 -65414.4 4492.8887
4.96 275.20142 118.30557 45862.396 -60087.9 5251.31 -65339.3 4516.6405
4.97 270.55533 -234.25197 45676.53 -59946.9 5162.66 -65109.6 4530.4016
4.98 267.26815 89.846409 45836.854 -60248.6 5099.93 -65348.6 4542.0383
4.99 266.14158 -472.2651 45877.269 -60204.8 5078.44 -65283.2 4589.3799
5 274.73839 205.65239 45816.367 -60086.9 5242.48 -65329.4 4627.5482
5.01 267.00927 -360.02681 45682.495 -60315.8 5094.99 -65410.8 4643.9946
5.02 283.73841 -163.20294 45889.917 -60211.9 5414.22 -65626.1 4700.3181
5.03 282.66539 -85.185117 45727.709 -59746.2 5393.74 -65140 4729.4741
5.04 267.67078 -577.7331 45628.466 -60086.6 5107.62 -65194.3 4770.0106
5.05 264.57643 -234.80677 46054.115 -60140.4 5048.57 -65189 4842.336
5.06 265.19699 -514.1207 46111.24 -60127.9 5060.41 -65188.3 4861.1472
5.07 273.81536 5.6691054 45609.147 -60110.3 5224.87 -65335.1 4860.1064
5.08 276.17328 -279.66424 45847.552 -60295.8 5269.86 -65565.7 4895.0997
5.09 272.1449 109.8838 45570.559 -60359.8 5192.99 -65552.8 4896.6553
5.1 271.82321 249.87216 45666.157 -60140.5 5186.85 -65327.4 4939.6471
5.11 270.24714 -446.32016 46118.797 -60107.9 5156.78 -65264.7 5000.6639
5.12 272.26304 408.19938 45602.253 -60164.7 5195.25 -65359.9 4988.4411
5.13 267.46941 179.29566 45733.249 -60331.7 5103.77 -65435.5 5017.5599
5.14 271.6797 777.93398 45569.026 -60379 5184.11 -65563.2 5038.5559
5.15 257.94448 512.18017 45568.951 -60539.6 4922.02 -65461.6 5065.2686
5.16 280.05051 -359.91175 46079.596 -60151.6 5343.84 -65495.5 5111.2699
5.17 275.05178 657.49266 45523.182 -60135.3 5248.46 -65383.8 5110.1754
5.18 267.25592 -377.80541 45949.929 -60276 5099.7 -65375.7 5176.5806
5.19 275.50513 -14.208197 45915.702 -60046.9 5257.11 -65304 5208.8045
5.2 268.14417 -180.33932 45530.498 -60303.1 5116.65 -65419.7 5202.9801
5.21 272.74252 -158.45206 45502.05 -60167.3 5204.4 -65371.7 5203.5882
5.22 273.26068 520.27082 45558.984 -60249 5214.28 -65463.3 5233.7768
5.23 270.93751 -427.02989 45751.205 -60015.5 5169.95 -65185.5 5281.4106
5.24 269.94277 -46.082672 45660.226 -60373.1 5150.97 -65524.1 5306.1366
5.25 279.20166 315.81488 45453.485 -59953.4 5327.65 -65281.1 5317.2972
5.26 271.68841 -17.848697 45685.455 -60397.5 5184.28 -65581.7 5374.0448
5.27 280.29158 -163.44687 45712.859 -60101.1 5348.44 -65449.6 5409.5524
5.28 260.30594 -69.516081 45643.866 -60414.8 4967.08 -65381.9 5430.4479
5.29 273.29625 -311.43834 45828.909 -60277.8 5214.96 -65492.8 5461.0276
5.3 265.33064 27.286444 45795.842 -60270.7 5062.96 -65333.7 5481.0095
5.31 271.58993 -465.77406 45895.297 -60060.7 5182.4 -65243.1 5511.4992
5.32 273.65022 710.63564 45441.679 -60235.7 5221.72 -65457.4 5518.553
5.33 269.12551 -533.48971 46156.711 -60350.7 5135.38 -65486 5595.675
5.34 268.04205 90.824303 45580.641 -60241.1 5114.7 -65355.8 5575.5017
5.35 266.06588 -234.37418 45683.841 -60277.5 5076.99 -65354.5 5615.1439
5.36 259.75563 283.07878 45570.129 -60302.6 4956.58 -65259.1 5630.7647
5.37 282.86333 -462.87975 45537.202 -59980 5397.52 -65377.5 5671.9786
5.38 262.16225 -228.33586 45530.75 -60540.3 5002.51 -65542.8 5699.7226
5.39 270.80414 -203.76973 45797.491 -60224.6 5167.41 -65392 5755.2579
5.4 263.07714 -188.55764 45907.914 -60324.7 5019.96 -65344.6 5778.4687
5.41 279.34834 119.94192 45627.908 -59917.3 5330.45 -65247.8 5798.533
5.42 279.98686 237.86894 45820.785 -59894.3 5342.63 -65236.9 5831.3144
5.43 269.05101 -414.71574 45870.664 -60339.1 5133.95 -65473 5851.2053
5.44 265.10795 -536.36523 46052.32 -60085.7 5058.71 -65144.4 5911.3714
5.45 272.49236 -16.876605 45763.428 -60425.6 5199.62 -65625.2 5903.3938
5.46 271.93639 869.23832 45487.554 -60293 5189.01 -65482 5905.4303
5.47 274.06923 672.36571 45528.773 -60171 5229.71 -65400.7 5937.904
5.48 272.6888 584.4793 45482.977 -60395.4 5203.37 -65598.7 5963.0434
5.49 276.87998 -940.35619 45802.607 -59979.4 5283.34 -65262.8 6012.7546
5.5 275.64844 202.65352 45570.981 -59953.6 5259.84 -65213.4 6021.6581
5.51 263.13548 111.78857 45943.959 -60264.9 5021.08 -65286 6071.6884
5.52 275.71716 -286.53968 46118.576 -59990.1 5261.16 -65251.2 6109.7424
5.53 264.19652 202.33028 45550.164 -60412.3 5041.32 -65453.6 6084.3788
5.54 274.82504 328.45912 45614.234 -60032.9 5244.13 -65277 6107.701
5.55 272.83398 -903.98872 45786.558 -60295.5 5206.14 -65501.6 6133.2828
5.56 262.32136 -625.57366 45784.862 -60323.9 5005.54 -65329.5 6159.4491
5.57 270.16564 -127.22067 45587.794 -59929 5155.22 -65084.3 6163.8868
5.58 276.19478 -7.6785483 45462.355 -60224.5 5270.27 -65494.7 6166.2045
5.59 266.92789 -56.719868 45741.423 -60048.7 5093.44 -65142.1 6247.0142
5.6 268.45193 157.67206 45759.741 -60246.5 5122.52 -65369.1 6272.6019
5.61 268.67385 924.87264 45647.991 -60348.4 5126.76 -65475.1 6273.637
5.62 270.71503 411.46144 45740.654 -60124.3 5165.71 -65290 6315.3831
5.63 267.82869 538.11678 45767.308 -60141.1 5110.63 -65251.7 6322.4775
5.64 269.03772 548.53769 45598.844 -60111.5 5133.7 -65245.2 6348.4663
5.65 276.97557 -639.78226 45495.488 -60111.4 5285.17 -65396.6 6365.2228
5.66 274.64757 469.84029 45165.223 -60450.7 5240.75 -65691.4 6368.4873
5.67 267.97684 535.12901 45670.401 -60248.6 5113.46 -65362.1 6447.1217
5.68 273.68311 200.78533 45749.893 -60124.7 5222.34 -65347 6488.0977
5.69 270.84927 268.68915 45472.402 -60360.9 5168.27 -65529.2 6468.8304
5.7 283.7573 557.05955 45664.176 -59872.1 5414.58 -65286.7 6515.75
5.71 264.3788 -57.746242 45742.26 -60281.2 5044.8 -65326 6548.1427
5.72 271.62343 -30.402264 45723.43 -60148.3 5183.04 -65331.4 6577.4097
5.73 260.37018 -220.86344 45714.84 -60538.9 4968.31 -65507.2 6613.6388
5.74 266.81854 -72.973392 45698.792 -60196.4 5091.36 -65287.7 6641.4958
5.75 267.38408 555.3512 45671.851 -60371.7 5102.15 -65473.8 6691.6976
5.76 266.89273 -61.72031 45437.197 -60275.8 5092.77 -65368.6 6678.2987
5.77 270.43746 586.39883 45581.415 -60248.2 5160.41 -65408.6 6738.0228
5.78 272.31808 -865.60773 45846.056 -60213.1 5196.3 -65409.4 6786.5363
5.79 260.41137 84.746771 45581.512 -60267.1 4969.1 -65236.2 6781.2769
5.8 276.7767 -237.98204 45679.032 -60107.3 5281.37 -65388.7 6801.9714
5.81 267.54882 307.12324 45684.202 -60340.2 5105.29 -65445.5 6840.1165
5.82 263.96055 -619.33722 45934.971 -60329.7 5036.82 -65366.5 6926.448
5.83 277.57816 -298.14695 45679.246 -60117.8 5296.67 -65414.4 6922.9559
5.84 267.89893 -161.85997 45670.608 -60259.3 5111.97 -65371.3 6948.4496
5.85 272.51133 572.06103 45685.122 -60323 5199.98 -65523 6976.69
5.86 271.18312 634.52671 45345.539 -60274 5174.64 -65448.6 6962.3521
5.87 264.95044 -240.6271 45528.267 -60032.3 5055.71 -65088 7019.8346
5.88 268.60154 -446.87444 46054.658 -60196.7 5125.38 -65322 7108.3654
5.89 266.82929 -528.41093 45866.332 -60340.6 5091.56 -65432.2 7109.7223
5.9 271.79763 409.8113 45866.621 -60042.4 5186.37 -65228.7 7119.4108
5.91 262.6892 -529.14605 46019.94 -60301.1 5012.56 -65313.6 7139.451
5.92 262.73453 29.366001 45992.31 -60065.5 5013.43 -65078.9 7169.1321
5.93 279.85207 -542.97812 45745.265 -60036.2 5340.06 -65376.2 7163.1694
5.94 268.87016 696.3376 45610.612 -60452.6 5130.5 -65583.1 7192.2813
5.95 277.0997 235.45837 45729.936 -60116 5287.54 -65403.5 7225.6593
5.96 269.79515 -89.175246 45623.411 -60313.2 5148.15 -65461.3 7222.7163
5.97 271.09446 533.798 45589.234 -60056.4 5172.95 -65229.4 7250.7987
5.98 275.85812 41.708292 45500.855 -60175.7 5263.85 -65439.5 7266.751
5.99 277.05515 -768.237 45926.282 -60118.2 5286.69 -65404.9 7349.1329
6 266.04138 201.20941 45584.754 -60270.9 5076.53 -65347.4 7350.2038
6.01 277.55625 380.28688 45743.952 -60293.6 5296.25 -65589.9 7398.7137
6.02 271.76269 316.65449 45678.992 -60172.2 5185.7 -65357.9 7446.512
6.03 280.31773 -32.345163 46005.719 -59813.4 5348.94 -65162.3 7517.2329
6.04 276.19536 799.99975 45560.736 -60350.1 5270.28 -65620.4 7487.5763
6.05 270.55283 376.10961 45522.42 -59843.6 5162.61 -65006.2 7521.595
6.06 271.32102 13.722578 45778.791 -60181 5177.27 -65358.3 7572.7844
6.07 271.705 534.31039 45573.608 -59976.9 5184.6 -65161.5 7577.452
6.08 274.86797 298.24007 45768.413 -60351.1 5244.95 -65596 7594.1888
6.09 264.00529 -953.92917 45943.152 -60180.2 5037.67 -65217.9 7644.781
6.1 273.26233 501.15413 45656.127 -60333.7 5214.31 -65548 7634.9432
6.11 268.97595 897.82882 45392.179 -60291.9 5132.52 -65424.4 7637.928
6.12 272.12369 263.95869 45745.245 -59669.3 5192.59 -64861.9 7706.8876
6.13 274.90982 -76.786946 45918.198 -60108.3 5245.75 -65354.1 7760.5588
6.14 263.11814 -271.28079 45374.105 -60139.6 5020.75 -65160.4 7728.3821
6.15 259.60498 76.624461 45551.305 -60458.2 4953.71 -65411.9 7749.9267
6.16 269.45462 -244.42082 45698.219 -60364.1 5141.66 -65505.8 7780.5083
6.17 267.83894 342.47413 45392.686 -60379.1 5110.83 -65490 7748.6398
6.18 269.13276 -10.12606 45732.444 -60086.4 5135.51 -65221.9 7817.8073
6.19 279.00087 203.84271 45361.524 -60235.2 5323.82 -65559 7797.4904
6.2 270.41388 62.423041 46067.798 -59922.8 5159.96 -65082.8 7904.8015
6.21 267.18733 416.41176 45622.112 -60181.5 5098.39 -65279.9 7886.4372
6.22 261.0525 628.62834 45630.977 -60420.3 4981.33 -65401.7 7919.1256
6.23 265.60453 -116.50775 46030.941 -60354.9 5068.19 -65423.1 8005.976
6.24 276.75179 767.21549 45393.501 -59797.6 5280.9 -65078.5 7983.7508
6.25 266.1455 -7.0939838 46078.538 -60214.3 5078.51 -65292.9 8089.1809
6.26 274.95003 29.378052 45833.779 -60247.6 5246.52 -65494.1 8079.4044
6.27 272.13763 401.51548 45315.714 -59976.3 5192.85 -65169.2 8055.9467
6.28 277.27468 224.37906 45828.488 -59938.6 5290.88 -65229.5 8133.233
6.29 268.79274 -727.83462 45832.84 -60037.1 5129.03 -65166.2 8163.8849
6.3 266.84771 478.68596 45613.151 -60376.6 5091.91 -65468.5 8177.5911
6.31 266.33603 299.23694 45529.912 -60341.9 5082.15 -65424.1 8190.4663
6.32 269.67296 -170.85983 46033.377 -60206 5145.82 -65351.8 8280.9096
6.33 265.74089 407.19656 45675.208 -60279.1 5070.79 -65349.8 8271.451
6.34 265.28574 602.974 45319.067 -60403.8 5062.11 -65465.9 8266.3899
6.35 271.44858 -406.69938 45578.718 -60184.1 5179.7 -65363.8 8334.4776
6.36 266.41076 212.06605 45520.311 -60197.6 5083.57 -65281.2 8339.3135
6.37 264.3304 -472.15929 46054.092 -60441.4 5043.88 -65485.3 8435.3772
6.38 263.69609 -67.262409 45988.899 -60297.5 5031.77 -65329.3 8431.7472
6.39 273.2629 459.51201 45688.521 -59939.2 5214.33 -65153.6 8415.6604
6.4 272.56432 -650.88912 45946.706 -60137.8 5200.99 -65338.8 8487.0277
6.41 258.65062 -415.63084 45808.366 -60342.3 4935.5 -65277.8 8486.0907
6.42 279.22584 342.21886 45716.02 -60027.1 5328.11 -65355.2 8502.4192
6.43 271.18145 38.666838 45709.301 -60122.9 5174.61 -65297.5 8519.4986
6.44 278.20495 294.93538 45555.513 -60104.2 5308.63 -65412.9 8548.2326
6.45 268.81678 712.54348 45176.103 -60010.4 5129.49 -65139.9 8516.2677
6.46 274.47997 1061.9797 45273.912 -60120.4 5237.55 -65358 8554.3929
6.47 273.23524 -552.4253 46160.362 -60024 5213.8 -65237.8 8654.7377
6.48 269.25726 -90.848889 45874.835 -60227.6 5137.89 -65365.5 8649.4519
6.49 273.80736 197.38213 45730.751 -60109.7 5224.71 -65334.4 8661.8117
6.5 258.30253 650.88203 45387.769 -60680.7 4928.86 -65609.6 8664.1057
6.51 274.02139 570.53959 45638.302 -60246.3 5228.8 -65475.1 8706.8865
6.52 266.30895 -186.05456 45829.805 -60294.2 5081.63 -65375.8 8740.9082
6.53 265.68893 253.45877 45466.135 -60085.7 5069.8 -65155.5 8705.8732
6.54 274.97097 -644.08562 46052.214 -59828.9 5246.92 -65075.8 8806.0559
6.55 269.73567 23.133013 45905.845 -60156.9 5147.02 -65303.9 8816.2962
6.56 275.12045 -719.44582 45689.095 -59964.9 5249.77 -65214.7 8798.9522
6.57 275.01928 -405.76273 45869.482 -60006 5247.84 -65253.8 8856.4142
6.58 276.41997 1255.244 45296.212 -60265.1 5274.57 -65539.6 8827.1204
6.59 274.73568 700.27419 45589.542 -60202.8 5242.43 -65445.2 8884.6913
6.6 281.4109 -450.0747 45766.109 -60003.5 5369.8 -65373.3 8939.992
6.61 270.37137 -488.9704 45774.148 -60715 5159.15 -65874.2 8983.696
6.62 273.15592 -399.38122 45991.91 -60078.7 5212.28 -65291 9039.3465
6.63 283.45979 426.77205 45341.665 -59856.7 5408.9 -65265.6 9018.1397
6.64 278.3244 -415.88156 45855.957 -60127.1 5310.91 -65438 9125.2761
6.65 270.56911 -315.2737 45847.597 -60032.1 5162.92 -65195.1 9178.5391
6.66 271.53918 -152.82125 45685.551 -60260.7 5181.43 -65442.1 9171.9081
6.67 276.15237 -321.96116 45815.23 -59992.8 5269.46 -65262.3 9218.2161
6.68 269.64579 -1119.9185 45726.325 -60306.1 5145.3 -65451.4 9221.4205
6.69 261.00693 -237.95064 45630.59 -60147.6 4980.46 -65128 9250.7135
6.7 266.13468 -29.00294 45747.489 -60305.3 5078.31 -65383.6 9285.7873
6.71 276.90228 -262.83803 45926.481 -59912.5 5283.77 -65196.3 9322.6345
6.72 273.01076 189.2769 45763.124 -60248.1 5209.51 -65457.6 9318.3318
6.73 273.9981 -36.325488 45806.045 -60161 5228.35 -65389.3 9370.0533
6.74 269.79775 -327.21425 45676.226 -60492.8 5148.2 -65641.1 9358.755
6.75 276.99677 -347.36704 45946.38 -60322.1 5285.57 -65607.6 9402.7185
6.76 265.54554 -236.50721 45889.294 -60329.8 5067.06 -65396.8 9416.3847
6.77 276.33613 -54.680384 45756.179 -59995.7 5272.97 -65268.7 9422.08
6.78 262.19849 183.10237 45621.826 -60317.7 5003.2 -65320.9 9444.4068
6.79 267.46226 -339.55234 45872.17 -60310 5103.64 -65413.6 9497.6998
6.8 271.52197 -235.73429 45914.722 -60219 5181.1 -65400.1 9534.8408
6.81 261.33692 183.5874 45555.437 -60342.7 4986.76 -65329.4 9515.7175
6.82 272.58077 774.82076 45439.532 -60242.3 5201.31 -65443.6 9546.8993
6.83 265.39688 94.739893 45380.801 -60354.2 5064.23 -65418.4 9584.2155
6.84 273.30922 346.66463 45579.447 -60354.9 5215.21 -65570.2 9644.9325
6.85 263.29499 283.91395 45542.953 -60372.8 5024.12 -65396.9 9671.5384
6.86 259.18407 -264.70464 45802.179 -60084.9 4945.68 -65030.6 9728.3568
6.87 260.49814 325.07166 45450.465 -60257.9 4970.75 -65228.7 9714.0414
6.88 268.69969 -133.67851 45544.749 -60282 5127.25 -65409.2 9719.981
6.89 274.53738 282.12755 45740.138 -60204.2 5238.64 -65442.8 9767.1021
6.9 275.60685 -38.8565 45923.513 -59913.4 5259.05 -65172.4 9806.5875
6.91 262.67011 223.27779 45872.75 -60233.8 5012.2 -65246 9838.9744
6.92 275.75013 -229.22881 45654.886 -60307.4 5261.79 -65569.2 9863.422
6.93 274.21974 313.56266 45633.782 -60355.4 5232.58 -65588 9894.5121
6.94 266.81015 -24.161697 45557.73 -60317.6 5091.2 -65408.8 9898.5741
6.95 276.35933 -463.46179 45868.289 -60194.5 5273.41 -65467.9 9947.7868
6.96 275.96044 276.83948 45420.92 -60242.9 5265.8 -65508.7 9951.9325
6.97 265.6885 -601.91866 45857.884 -60302.3 5069.79 -65372.1 10047.656
6.98 264.69965 388.48904 45576.717 -59963.5 5050.92 -65014.4 10041.113
6.99 275.33056 -146.90166 45610.225 -60052.4 5253.78 -65306.2 10098.378
7 264.48335 342.71332 45371.047 -60425.5 5046.8 -65472.3 10076.675
7.01 267.15094 -35.312647 46022.415 -60125.9 5097.7 -65223.6 10211.507
7.02 265.79605 -330.73897 45787.523 -60399.7 5071.84 -65471.5 10193.873
7.03 270.91372 -128.31328 45446.437 -60259.1 5169.5 -65428.6 10168.494
7.04 272.48465 689.71037 45298.949 -60123.8 5199.47 -65323.3 10179.085
7.05 270.44654 215.19648 45678.414 -60171.5 5160.58 -65332.1 10267.865
7.06 277.85297 -289.94087 45767.642 -60050.5 5301.91 -65352.4 10331.975
7.07 277.05936 -411.35529 45804.586 -59818.4 5286.77 -65105.1 10362.04
7.08 271.9658 428.76969 45461.282 -60241 5189.57 -65430.6 10346.095
7.09 274.58567 -638.49677 45734.878 -60172.7 5239.57 -65412.2 10413.541
7.1 270.08649 -311.548 45802.606 -60121.4 5153.71 -65275.1 10427.456
7.11 276.56303 458.02943 45489.415 -59989.9 5277.3 -65267.2 10398.008
7.12 275.58093 197.68204 45796.886 -60002 5258.56 -65260.5 10455.933
7.13 269.15214 583.31406 45521.874 -60470.7 5135.88 -65606.6 10440.061
7.14 273.50378 -412.10638 46132.462 -60237.1 5218.92 -65456 10564.601
7.15 267.04104 330.01078 45683.32 -60102.6 5095.6 -65198.2 10488.115
7.16 277.41271 947.56095 45551.933 -59829.9 5293.51 -65123.4 10512.95
7.17 276.25133 562.89403 45466.055 -59986.6 5271.35 -65257.9 10515.716
7.18 271.06403 414.45621 45823.293 -60096.2 5172.37 -65268.5 10576.419
7.19 273.58144 541.75625 45498.005 -60089 5220.4 -65309.4 10546.177
7.2 281.3253 -199.12268 45827.31 -59878.9 5368.17 -65247.1 10613.028
7.21 276.65818 376.91695 45459.902 -60256.2 5279.11 -65535.3 10577.665
7.22 277.3704 -21.950006 45738.086 -59839.3 5292.7 -65132 10636.581
7.23 277.1054 747.5511 45544.84 -60089.9 5287.65 -65377.6 10606.785
7.24 281.57099 -21.784721 45888.484 -59781.1 5372.86 -65154 10667.182
7.25 270.54451 141.60174 45539.435 -60353.7 5162.45 -65516.2 10625.498
7.26 267.84735 -245.28041 45778.285 -60167.7 5110.99 -65278.6 10676.724
7.27 259.22896 -162.64006 45715.263 -60461.9 4946.53 -65408.5 10686.315
7.28 279.82171 -477.79174 45833.595 -60014.7 5339.48 -65354.2 10740.536
7.29 277.03303 136.51848 45692.994 -60056.4 5286.27 -65342.7 10743.368
7.3 274.02414 53.861125 45450.416 -60221 5228.85 -65449.9 10734.135
7.31 269.62225 501.63822 45756.202 -59939.1 5144.86 -65084 10813.893
7.32 281.52341 398.61112 45721.522 -59699.6 5371.95 -65071.5 10832.153
7.33 276.14827 -495.52318 45885.479 -60125.8 5269.38 -65395.2 10893.352
7.34 267.17477 -166.96947 45722.934 -60091.2 5098.15 -65189.4 10898.956
7.35 277.57543 -38.780244 45776.593 -60065.5 5296.62 -65362.1 10951.743
7.36 270.31956 75.182387 45833.634 -60248.5 5158.16 -65406.6 10981.711
7.37 263.69547 -92.982554 45688.232 -60442.2 5031.76 -65473.9 10974.336
7.38 270.59922 621.8736 45496.953 -60262.5 5163.5 -65426 10975.769
7.39 275.04693 -132.95089 45723.841 -59994 5248.37 -65242.3 11014.259
7.4 268.02732 68.289559 45892.195 -60102 5114.42 -65216.5 11098.751
7.41 282.95152 111.03627 45794.309 -59813.2 5399.2 -65212.4 11116.13
7.42 275.21813 43.586967 45589.108 -60257.4 5251.63 -65509 11121.816
7.43 279.50539 633.926 45427.937 -59988.5 5333.44 -65322 11133.695
7.44 265.91263 277.9583 45427.983 -60421 5074.07 -65495.1 11152.099
7.45 282.40431 130.87825 45539.466 -60228.4 5388.76 -65617.1 11186.366
7.46 270.90214 -366.3656 45759.272 -60287.5 5169.28 -65456.8 11247.473
7.47 274.09263 37.946662 45311.511 -59981.8 5230.16 -65212 11204.856
7.48 279.57348 -569.10632 45774.889 -59845.7 5334.74 -65180.4 11305.832
7.49 277.70061 176.86624 45805.344 -59932.1 5299 -65231.1 11324.056
7.5 263.65828 -159.1011 45809.723 -60415.4 5031.05 -65446.4 11332.352
7.51 272.65675 -234.96315 45637.988 -60260.3 5202.76 -65463 11330.588
7.52 271.89895 397.87736 45576.893 -60287.2 5188.3 -65475.5 11354.266
7.53 272.58407 -467.63806 45930.686 -60164.8 5201.37 -65366.1 11425.415
7.54 268.26389 112.02706 45668.362 -60372.9 5118.94 -65491.8 11437.228
7.55 266.93248 266.07867 45678.149 -60282.3 5093.53 -65375.8 11459.669
7.56 271.45805 252.12133 45667.217 -60215.1 5179.89 -65395 11480.696
7.57 270.24247 -421.74117 45749.858 -60119.3 5156.69 -65275.9 11527.571
7.58 269.8983 427.75996 45619.204 -60060.5 5150.12 -65210.7 11553.249
7.59 274.03908 -927.86653 45832.475 -59903.3 5229.14 -65132.4 11599.174
7.6 274.55572 620.90391 45875.713 -60164.6 5238.99 -65403.6 11660.987
7.61 274.00217 100.26307 45506.65 -60084.9 5228.43 -65313.3 11647.833
7.62 274.75488 -237.29323 45815.209 -60234.8 5242.79 -65477.5 11711.617
7.63 269.85713 -311.48562 45866.485 -60190 5149.34 -65339.4 11739.17
7.64 276.56846 -192.61029 45695.958 -60072.8 5277.4 -65350.2 11768.848
7.65 258.95493 -36.752003 45688.975 -60741.5 4941.3 -65682.8 11797.97
7.66 269.16045 -130.26406 45869.496 -59985.3 5136.04 -65121.3 11866.987
7.67 268.50158 -488.78236 45586.788 -60546.6 5123.47 -65670.1 11838.619
7.68 266.84677 -2.5039107 45766.896 -60098.7 5091.89 -65190.6 11889.789
7.69 269.0151 -933.03171 46054.951 -59910.2 5133.27 -65043.5 11948.946
7.7 271.47988 471.27127 45466.354 -60505.7 5180.3 -65686 11896.111
7.71 274.14296 -260.4092 45901.157 -60129.3 5231.12 -65360.4 12010.65
7.72 266.0724 -209.07207 45695.913 -60360.3 5077.12 -65437.4 12039.341
7.73 268.49752 200.58606 45527.079 -60130 5123.39 -65253.4 12054.531
7.74 273.9815 -439.93937 46029.983 -59906.3 5228.04 -65134.3 12176.923
7.75 270.96683 430.88612 45653.63 -60150 5170.51 -65320.5 12128.191
7.76 275.13739 -18.449565 45351.873 -59804.2 5250.09 -65054.3 12117.841
7.77 274.74637 739.70569 45638.786 -60184.8 5242.63 -65427.4 12193.866
7.78 267.06388 341.57553 45573.088 -60423.2 5096.04 -65519.2 12189.756
7.79 270.57384 -921.86824 45824.13 -60014 5163.01 -65177 12256.352
7.8 277.45381 -253.9822 45716.965 -60358.8 5294.29 -65653.1 12259.614
7.81 272.0785 -430.34703 45883.353 -60327.3 5191.72 -65519 12327.791
7.82 272.34047 39.371783 46040.377 -60052.3 5196.72 -65249 12383.369
7.83 267.74055 370.47939 45825.093 -60212.7 5108.95 -65321.7 12352.009
7.84 266.70815 -322.46685 45661.302 -60399.8 5089.25 -65489 12332.875
7.85 272.38821 532.94624 45608.078 -60266.3 5197.63 -65463.9 12345.295
7.86 280.57439 402.1641 45495.055 -60205 5353.84 -65558.9 12380.529
7.87 258.02632 28.382257 45761.125 -60484.4 4923.58 -65408 12437.89
7.88 271.09498 -108.81775 45838.319 -60297.4 5172.96 -65470.4 12508.539
7.89 263.81814 -149.99939 45648.909 -60320.9 5034.1 -65355 12528.735
7.9 274.80208 -609.25644 45729.534 -59878.4 5243.7 -65122.1 12531.154
7.91 265.17413 -392.44136 46015.593 -60311 5059.98 -65371 12595.666
7.92 269.01548 262.52897 45379.477 -60161.5 5133.28 -65294.8 12516.421
7.93 266.1076 226.00103 45868.173 -60425.8 5077.79 -65503.5 12643.969
7.94 272.54006 -235.93722 45995.663 -60220.5 5200.53 -65421 12704.676
7.95 268.62675 420.82301 45493.044 -60391 5125.86 -65516.9 12667.494
7.96 287.17247 -188.68869 45683.656 -59993.2 5479.74 -65472.9 12786.852
7.97 267.8381 384.40973 45422.26 -60272.6 5110.81 -65383.4 12792.663
7.98 275.95634 -287.15275 46108.867 -59898.7 5265.72 -65164.4 12916.112
7.99 283.77212 346.43442 45720.751 -59997.9 5414.86 -65412.8 12889.699
8 263.75046 -103.91763 45680.586 -60202.7 5032.81 -65235.5 12912.91
8.01 275.08424 336.06286 45552.431 -60081.4 5249.08 -65330.4 12910.498
8.02 271.69429 211.50168 45553.519 -60191.6 5184.39 -65376 12942.936
8.03 270.82122 -406.5 45653.33 -60370 5167.73 -65537.7 13003.453
8.04 276.1577 -122.65748 45706.816 -60141.3 5269.56 -65410.9 13071.503
8.05 278.70262 303.01349 45495.262 -60033.4 5318.12 -65351.6 13083.837
8.06 272.41134 -782.46313 46068.921 -60257.1 5198.08 -65455.1 13215.748
8.07 275.40882 24.589406 45441.42 -60035.9 5255.27 -65291.2 13118.276
8.08 276.83638 285.5511 45722.41 -59913.8 5282.51 -65196.3 13226.691
8.09 272.07539 -18.895959 45588.537 -60260.1 5191.66 -65451.8 13232.611
8.1 277.08773 -258.70604 45638.96 -59888.9 5287.31 -65176.2 13277.539
8.11 266.83875 126.68376 45640.609 -60562.8 5091.74 -65654.6 13305.388
8.12 272.42745 565.44026 45552.441 -60168.5 5198.38 -65366.9 13290.219
8.13 273.93936 -207.08518 45916.658 -60003.5 5227.23 -65230.7 13378.533
8.14 268.4197 155.4989 45729.47 -60326.7 5121.91 -65448.6 13356.484
8.15 285.12839 467.06682 45611.954 -59772.7 5440.74 -65213.4 13337.1
8.16 275.83257 -177.03667 45824.29 -59954.2 5263.36 -65217.5 13424.613
8.17 269.46141 -240.76592 45827.788 -60262.1 5141.79 -65403.9 13436.439
8.18 272.93044 464.95567 45634.588 -60048.8 5207.98 -65256.8 13430.275
8.19 265.16834 188.95421 45661.432 -60245.1 5059.87 -65305 13464.43
8.2 270.80342 -480.42893 45961.712 -60080 5167.39 -65247.4 13546.841
8.21 267.24874 -457.45123 46019.999 -59870.6 5099.56 -64970.1 13590.359
8.22 264.69076 -419.241 45768.825 -60278.6 5050.75 -65329.3 13543.642
8.23 281.7316 358.81171 45768.996 -59744.6 5375.92 -65120.5 13574.523
8.24 272.52294 -149.93215 45701.606 -60073.7 5200.21 -65273.9 13560.254
8.25 272.35573 -285.97955 45799.111 -60059.9 5197.01 -65256.9 13607.471
8.26 272.1333 -343.75538 45881.45 -60325 5192.77 -65517.7 13626.367
8.27 276.01785 -524.19365 45845.844 -59999.4 5266.89 -65266.3 13647.306
8.28 271.82736 -550.94317 45711.351 -60087.2 5186.93 -65274.2 13637.184
8.29 275.56878 197.61111 45824.994 -60160.7 5258.32 -65419.1 13666.281
8.3 269.83046 183.95475 45804.908 -60208.3 5148.83 -65357.2 13688.153
8.31 265.89424 -357.54307 45806.885 -60429.5 5073.72 -65503.2 13723.596
8.32 264.51436 -696.2559 45901.946 -60414.5 5047.39 -65461.9 13775.061
8.33 273.4113 -455.79062 45887.364 -60269.6 5217.16 -65486.8 13815.67
8.34 257.99759 708.49588 45502.797 -60384.6 4923.04 -65307.6 13746.481
8.35 265.64707 -176.63641 45946.547 -60224.9 5069 -65293.9 13870.774
8.36 267.71423 276.87713 45432.626 -60321.6 5108.45 -65430 13827.306
8.37 261.97635 -17.736174 45758.026 -60319.9 4998.96 -65318.9 13907.573
8.38 266.26929 201.07463 45800.111 -60323.4 5080.87 -65404.3 13946.573
8.39 270.01849 -88.396704 45770.469 -60208 5152.42 -65360.5 13949.748
8.4 275.42454 -279.12514 45778.693 -60013.4 5255.57 -65269 13971.868
8.41 273.93613 444.53282 45491.131 -59825.3 5227.17 -65052.5 13942.642
8.42 276.4418 -553.04352 45843.519 -60082.1 5274.98 -65357.1 14095.617
8.43 272.02535 -228.07343 45869.669 -60303 5190.71 -65493.7 14124.808
8.44 269.79955 568.1771 45687.026 -60245.6 5148.24 -65393.8 14112.24
8.45 265.25315 -933.70753 46120.51 -60637 5061.48 -65698.5 14237.286
8.46 272.69393 69.342783 45681.672 -60145.5 5203.47 -65348.9 14146.057
8.47 282.06995 -374.64192 45597.957 -59754.3 5382.38 -65136.7 14125.97
8.48 277.51663 251.44404 45653.739 -60067.3 5295.49 -65362.8 14226.148
8.49 264.4956 535.48597 45157.94 -60410.9 5047.03 -65458 14156.743
8.5 274.49425 102.81619 45835.791 -60241.9 5237.82 -65479.7 14342.386
8.51 270.82649 320.181 45569.96 -60070.1 5167.83 -65237.9 14306.292
8.52 275.25305 89.898431 45684.798 -60255.1 5252.3 -65507.4 14354.623
8.53 270.56396 458.31032 45460.942 -60345.4 5162.82 -65508.2 14327.798
8.54 271.12018 473.16723 45698.224 -60281.8 5173.44 -65455.3 14421.178
8.55 277.38474 -356.26648 45572.885 -60074.5 5292.98 -65367.4 14428.608
8.56 275.51988 -38.441047 45680.374 -60211.9 5257.39 -65469.3 14478.714
8.57 268.89019 509.01706 45626.544 -60129.8 5130.89 -65260.7 14496.442
8.58 271.28582 257.88484 45622.316 -60327.1 5176.6 -65503.7 14497.154
8.59 271.54291 529.7777 45333.607 -60226.5 5181.5 -65408 14475.671
8.6 274.40552 150.40452 45704.408 -59861.5 5236.13 -65097.6 14568.555
8.61 269.05659 -97.23571 45912.945 -60164.2 5134.06 -65298.3 14628.049
8.62 277.19385 -184.60358 46115.153 -60129.9 5289.33 -65419.3 14697.048
8.63 269.69862 230.32899 45608.26 -59889.1 5146.31 -65035.4 14633.924
8.64 270.54304 50.977708 45862.681 -60144.9 5162.43 -65307.3 14747.005
8.65 271.52732 42.430337 45697.683 -60317.8 5181.21 -65499 14704.924
8.66 270.26259 -175.17058 45648.082 -60384.7 5157.07 -65541.7 14745.609
8.67 278.26837 819.0562 45831.309 -59972.8 5309.84 -65282.7 14807.223
8.68 268.06216 435.47856 45267.347 -60252.1 5115.09 -65367.2 14708.99
8.69 276.51635 255.36898 45872.558 -60118 5276.41 -65394.4 14846.936
8.7 275.84368 85.209396 45500.277 -60270.6 5263.57 -65534.2 14791.662
8.71 271.77381 -182.10519 45761.243 -60271.6 5185.91 -65457.5 14897.187
8.72 276.64233 -394.10447 45907.052 -60089 5278.81 -65367.8 14966.061
8.73 260.09864 -402.99769 46102.713 -60028.1 4963.13 -64991.2 15041.116
8.74 262.97603 -289.25341 45573.191 -60531.6 5018.03 -65549.6 14954.152
8.75 275.31614 -491.12111 45965.957 -60144.9 5253.5 -65398.4 15085.38
8.76 267.29784 -262.6781 45890.155 -60260.4 5100.5 -65360.9 15091.432
8.77 268.12226 -190.75299 45450.215 -60295.5 5116.23 -65411.7 15027.357
8.78 265.64395 -117.67236 45878.541 -60016.3 5068.94 -65085.2 15160.107
8.79 275.3725 406.75415 45865.068 -60110.3 5254.58 -65364.9 15184.603
8.8 268.70713 -356.79627 45748.774 -60536.5 5127.39 -65663.8 15189.033
8.81 285.44344 1488.9404 45377.466 -60005.4 5446.75 -65452.1 15107.66
8.82 273.38878 -797.22664 46076.742 -60005 5216.73 -65221.7 15332.141
8.83 264.53539 -82.241282 45611.63 -60327.7 5047.79 -65375.4 15298.947
8.84 276.87096 511.39504 45429.968 -60196.4 5283.17 -65479.6 15317.474
8.85 280.25399 152.7597 45446.532 -60132.1 5347.73 -65479.8 15383.072
8.86 272.57128 -171.06684 45749.448 -60019.8 5201.13 -65220.9 15506.593
8.87 267.02622 -769.70242 45861.763 -60319.3 5095.32 -65414.6 15550.918
8.88 267.9956 657.47268 45583.438 -60127.9 5113.82 -65241.7 15520.623
8.89 275.0659 395.55535 45553.546 -59886.3 5248.73 -65135 15570.102
8.9 270.01162 -861.09607 45771.103 -60212.3 5152.28 -65364.6 15654.195
8.91 278.52126 -30.322101 45764.042 -59933.8 5314.66 -65248.4 15669.84
8.92 259.93068 216.27304 45724.789 -60368.2 4959.92 -65328.1 15666.907
8.93 268.03249 -387.83019 45590.685 -60132.1 5114.52 -65246.7 15656.899
8.94 265.38535 387.35299 45869.074 -60179.5 5064.01 -65243.5 15751.651
8.95 282.87084 -572.72246 45756.679 -60082.3 5397.66 -65480 15737.9
8.96 270.77089 225.23698 45607.957 -60100 5166.77 -65266.8 15704.018
8.97 266.94407 44.49392 45766.091 -60211.2 5093.75 -65304.9 15761.352
8.98 264.46735 -248.21618 45821.902 -60359.3 5046.49 -65405.8 15827.033
8.99 264.90424 -665.8444 45801.532 -60525.1 5054.83 -65579.9 15855.407
9 269.20185 185.43228 45680.282 -60044.7 5136.83 -65181.5 15859.476
9.01 266.73443 -474.76393 45513.89 -60274.6 5089.75 -65364.3 15853.569
9.02 278.69985 -193.71353 45463.76 -60121.2 5318.07 -65439.3 15875.087
9.03 278.74364 -713.64832 45953.586 -59850.8 5318.91 -65169.7 15998.626
9.04 266.60916 -361.76215 45785.682 -60191.6 5087.36 -65279 15992.147
9.05 273.84686 -241.32087 45635.237 -60247.8 5225.47 -65473.3 15995.249
9.06 276.30756 148.92033 45419.018 -59867 5272.42 -65139.5 15942.029
9.07 271.63583 863.32243 45557.012 -60167.6 5183.28 -65350.9 15997.152
9.08 277.81062 40.04826 45712.903 -59959.4 5301.1 -65260.5 16099.107
9.09 272.50202 -587.90284 45977.443 -60090.5 5199.81 -65290.3 16179.688
9.1 279.41515 -41.676159 45757.613 -59872.8 5331.72 -65204.5 16133.176
9.11 263.80886 -132.41324 45676.805 -60261.1 5033.93 -65295 16142.857
9.12 267.92936 -334.39068 45653.467 -60109.1 5112.55 -65221.6 16168.97
9.13 266.32147 -136.77672 45579.97 -60458.3 5081.87 -65540.2 16163.69
9.14 271.56272 245.1624 45676.255 -60266.8 5181.88 -65448.7 16231.445
9.15 277.26525 169.77166 45774.076 -59769.6 5290.7 -65060.3 16299.279
9.16 273.38904 24.258791 45664.753 -59989.1 5216.73 -65205.8 16314.006
9.17 275.92955 -267.57815 45820.986 -60148 5265.21 -65413.2 16384.937
9.18 286.64984 160.58795 45835.444 -59751.3 5469.77 -65221.1 16407.737
9.19 271.45509 684.3419 45452.463 -60089.1 5179.83 -65269 16347.478
9.2 277.38467 490.82134 45614.002 -59896.9 5292.98 -65189.8 16432.287
9.21 274.75046 256.05328 45686.031 -60021.7 5242.71 -65264.4 16485.217
9.22 275.8487 498.62979 45903.009 -59683.6 5263.67 -64947.2 16527.643
9.23 266.49827 -510.54159 45842.705 -60251.1 5085.24 -65336.4 16560.536
9.24 260.77206 -194.92865 45656.872 -60371.8 4975.98 -65347.8 16566.377
9.25 280.97417 -80.696896 45680.925 -60127.6 5361.47 -65489.1 16583.736
9.26 267.68851 78.173509 45430.428 -60097.7 5107.96 -65205.6 16550.191
9.27 269.80732 -651.16632 45760.559 -60156.9 5148.39 -65305.2 16647.476
9.28 261.13784 -315.26949 45914.8 -60567.5 4982.96 -65550.4 16736.779
9.29 273.69577 350.37145 45682.968 -60019.4 5222.58 -65241.9 16669.844
9.3 269.25033 471.43843 45435.608 -60392.6 5137.76 -65530.4 16610.38
9.31 261.56138 -160.40198 45809.156 -60370.1 4991.04 -65361.1 16719.611
9.32 271.97649 -605.62668 45785.666 -59993.4 5189.78 -65183.2 16742.803
9.33 264.7687 -441.52372 45974.773 -60569.2 5052.24 -65621.4 16811.498
9.34 265.63259 -190.75557 45684.567 -60312.5 5068.73 -65381.2 16750.641
9.35 277.12438 -337.40254 45938.442 -59786.1 5288.01 -65074.1 16863.777
9.36 260.10525 291.14344 45654.627 -60371.1 4963.25 -65334.4 16814.011
9.37 275.32955 250.73351 45691.264 -60184.2 5253.76 -65438 16836.839
9.38 273.36665 -396.51345 45867.606 -60011.6 5216.3 -65227.9 16914.762
9.39 279.75064 -476.27328 45575.444 -59968.7 5338.12 -65306.8 16837.107
9.4 262.59466 493.95931 45355.351 -60389.9 5010.76 -65400.6 16786.482
9.41 266.02641 -326.90458 45868.593 -60210.5 5076.24 -65286.7 16925.521
9.42 268.01981 -8.7535604 46114.301 -60028.8 5114.28 -65143.1 17035.581
9.43 263.99065 18.597474 45609.309 -60273.4 5037.39 -65310.8 16957.805
9.44 271.70416 306.70214 45453.203 -60068.5 5184.58 -65253.1 16913.107
9.45 260.45086 790.15844 45551.147 -60384.8 4969.85 -65354.7 16972.353
9.46 266.26826 -255.51627 46046.269 -60352.5 5080.86 -65433.3 17109.237
9.47 270.87069 -432.11331 45906.457 -60234.3 5168.68 -65402.9 17095.491
9.48 265.2219 -440.26302 45850.074 -60738.9 5060.89 -65799.8 17118.356
9.49 263.54344 176.28944 45820.862 -60182.6 5028.86 -65211.5 17123.455
9.5 278.21215 258.43392 45757.088 -60091.2 5308.77 -65400 17144.316
9.51 277.16851 -62.061719 45849.552 -59896.9 5288.85 -65185.8 17222.328
9.52 270.98149 565.24076 45363.56 -60127.7 5170.79 -65298.5 17165.684
9.53 274.39513 684.51393 45624.633 -59980.9 5235.93 -65216.8 17242.667
9.54 270.46333 -549.75347 45677.821 -60163.1 5160.9 -65324 17289.06
9.55 280.18225 727.32768 45612.968 -59939 5346.36 -65285.4 17286.049
9.56 279.15566 1115.4137 45490.463 -60092 5326.77 -65418.8 17296.822
9.57 272.69561 219.72722 45718.85 -60200.8 5203.5 -65404.3 17399.925
9.58 258.6784 -501.99457 45923.111 -60399.6 4936.03 -65335.7 17454.648
9.59 266.93264 -341.43563 45758.628 -60223.1 5093.53 -65316.6 17434.893
9.6 274.12216 188.53537 45762.36 -60124.5 5230.72 -65355.3 17456.038
9.61 278.97838 -411.99829 45680.331 -60061.8 5323.39 -65385.1 17482.639
9.62 273.64925 -896.47633 45853.56 -60204.6 5221.7 -65426.3 17554.92
9.63 270.46777 612.52128 45495.728 -60258.5 5160.99 -65419.5 17488.213
9.64 272.64544 -805.76216 45766.225 -60050.3 5202.54 -65252.9 17570.461
9.65 277.53196 242.88586 45510.985 -59697.9 5295.79 -64993.6 17544.467
9.66 270.13553 289.21176 45604.654 -60202.8 5154.65 -65357.5 17591.475
9.67 278.6742 766.93466 45516.507 -59868.6 5317.58 -65186.2 17586.101
9.68 269.02565 455.43332 45561.798 -60150.1 5133.47 -65283.6 17608.856
9.69 266.77761 -970.77908 45632.233 -60260.2 5090.57 -65350.7 17657.7
9.7 268.73191 -60.043124 45752.541 -60100 5127.87 -65227.9 17736.687
9.71 272.4997 -317.55265 45684.342 -60095.7 5199.76 -65295.5 17751.555
9.72 268.08316 238.18976 45792.553 -60084 5115.49 -65199.5 17816.152
9.73 265.09042 1025.1823 45604.539 -59959.3 5058.38 -65017.7 17802.655
9.74 278.18201 292.3658 45614.026 -60245.9 5308.19 -65554.1 17858.056
9.75 269.32943 -78.400126 45611.056 -60230.5 5139.27 -65369.8 17889.297
9.76 268.7963 456.83132 45563.534 -60212.9 5129.09 -65342 17893.029
9.77 266.41269 738.70589 45391.251 -60309.9 5083.61 -65393.6 17868.425
9.78 272.32475 507.68477 45707.609 -60007.8 5196.42 -65204.3 17988.555
9.79 278.64753 -224.30213 45874.473 -59927.2 5317.07 -65244.2 18068.796
9.8 268.83809 -215.03587 45895.191 -60231.3 5129.89 -65361.2 18112.041
9.81 267.14172 -255.99032 45684.386 -60134.4 5097.52 -65232 18084.19
9.82 269.29343 -580.02411 46165.128 -60199.8 5138.58 -65338.4 18271.961
9.83 268.03478 -500.30781 45578.064 -60273 5114.56 -65387.6 18129.861
9.84 258.32446 10.660065 45576.036 -60303 4929.27 -65232.3 18181.752
9.85 272.00493 333.56145 45492.461 -59983.6 5190.32 -65174 18172.077
9.86 276.2798 707.11326 45688.279 -60241.9 5271.89 -65513.8 18239.799
9.87 272.16645 -84.650912 45698.228 -59807.3 5193.4 -65000.7 18258.062
9.88 266.73348 -398.95932 45878.614 -60383.3 5089.73 -65473.1 18329.651
9.89 266.32781 -213.01644 46027.476 -60035.5 5081.99 -65117.5 18417.104
9.9 260.45135 16.140058 45699.258 -60700.6 4969.86 -65670.5 18350.428
9.91 275.39453 -730.95805 46013.58 -60004.1 5255 -65259.1 18434.177
9.92 276.73202 -98.382602 45744.316 -60117.9 5280.52 -65398.4 18351.157
9.93 276.33745 -200.82413 45687.329 -60326.7 5272.99 -65599.7 18325.207
9.94 265.52114 212.62596 45729.759 -60271.2 5066.6 -65337.8 18361.089
9.95 269.81449 852.16598 45410.213 -60258.3 5148.52 -65406.8 18294.945
9.96 262.62791 -98.947702 45578.19 -60357.5 5011.39 -65368.9 18338.708
9.97 264.56843 -329.15401 45875.314 -60557.2 5048.42 -65605.6 18446.221
9.98 268.41801 -651.84687 45839.087 -60178.9 5121.88 -65300.8 18419.193
