0 281.88552 4.5355371 21783.335 -29657.1 2527.71 -32184.8 6.9854255
0.01 276.79048 -1232.4871 21917.992 -29514.4 2482.02 -31996.4 22.456183
0.02 283.63233 231.03855 21618.238 -29628.5 2543.38 -32171.9 33.234673
0.03 281.1567 -7.3827436 21806.394 -29376.1 2521.18 -31897.3 44.442684
0.04 267.84355 522.24928 21540.64 -29248.8 2401.8 -31650.6 57.2102
0.05 279.67238 -273.84992 21656.417 -28821.1 2507.87 -31328.9 71.938849
0.06 257.88454 -624.49589 21799.3 -28839.4 2312.49 -31151.9 88.341742
0.07 265.37447 187.82223 21520.777 -28394.8 2379.66 -30774.4 121.14213
0.08 253.79935 656.98938 21212.814 -28538.7 2275.86 -30814.5 146.06467
0.09 270.79048 -274.7345 21858.351 -28361.8 2428.22 -30790 173.70173
0.1 268.40098 -616.74015 21532.809 -28239.4 2406.79 -30646.2 197.68239
0.11 280.29079 -1049.5169 21724.31 -28079.6 2513.41 -30593 227.66844
0.12 272.39225 -278.03829 21599.077 -28151.6 2442.58 -30594.2 257.06061
0.13 263.518 206.93068 21664.229 -28352.6 2363.01 -30715.6 285.81576
0.14 265.33858 -884.6927 21617.417 -28276.4 2379.33 -30655.7 302.97907
0.15 273.68176 -14.009675 21414.102 -28355.8 2454.15 -30810 337.66288
0.16 267.91065 506.45823 21430.669 -28186.5 2402.4 -30588.9 369.24993
0.17 262.1428 -140.43789 21327.387 -28403 2350.68 -30753.7 391.11613
0.18 266.95212 -803.95749 21453.5 -28346.1 2393.8 -30739.9 425.0143
0.19 274.9705 448.39193 21535.895 -28107.3 2465.7 -30573 446.03711
0.2 274.16562 -104.15327 21619.666 -28238.5 2458.49 -30697 467.59586
0.21 277.82468 195.99148 21295.311 -28232.9 2491.3 -30724.2 497.48053
0.22 274.47646 -281.52802 21665.095 -28300 2461.27 -30761.3 528.35378
0.23 271.7948 541.70318 21556.332 -28190.4 2437.23 -30627.7 558.75921
0.24 281.759 189.93724 21579.622 -28174.2 2526.58 -30700.8 589.53074
0.25 266.02979 153.31278 21486.005 -28310.6 2385.53 -30696.2 621.5341
0.26 280.51409 337.36941 21298.189 -28232.2 2515.41 -30747.7 639.50155
0.27 265.90135 802.94327 21495.008 -28248.8 2384.38 -30633.2 670.8817
0.28 274.42657 333.74072 21298.331 -28288.1 2460.83 -30748.9 695.59094
0.29 262.28754 -507.57271 21660.567 -28201.7 2351.97 -30553.7 732.07579
0.3 269.90178 1195.4816 21404.574 -28390.5 2420.25 -30810.8 757.7885
0.31 277.56597 -292.35162 21415.243 -28237.8 2488.98 -30726.8 781.06938
0.32 281.54721 -311.21729 21472.669 -28158.3 2524.68 -30682.9 803.85351
0.33 274.93356 -229.5839 21563.827 -28387.6 2465.37 -30853 825.00127
0.34 281.42366 974.69915 21313.769 -28095.2 2523.57 -30618.7 865.82605
0.35 270.88986 -230.17301 21421.428 -28251.4 2429.11 -30680.6 899.46134
0.36 270.59214 5.3661088 21486.116 -28318.1 2426.44 -30744.5 925.14069
0.37 253.45949 340.79065 21440.257 -28606.2 2272.81 -30879.1 935.55408
0.38 279.48918 317.21031 21654.205 -28115 2506.22 -30621.2 976.28394
0.39 279.97216 164.6104 21525.883 -28231.8 2510.55 -30742.4 1001.6613
0.4 275.34617 -568.81378 21477.115 -28248.4 2469.07 -30717.5 1037.2729
0.41 274.308 -357.02858 21515.195 -28163.4 2459.76 -30623.1 1055.7545
0.42 275.11365 386.1184 21529.977 -28104.7 2466.99 -30571.6 1070.2224
0.43 252.16062 509.57124 21491.168 -28377.3 2261.16 -30638.5 1102.6462
0.44 271.72566 -668.98943 21579.796 -28569 2436.61 -31005.6 1124.2993
0.45 279.30558 610.7336 21513.814 -28282.3 2504.58 -30786.9 1158.6792
0.46 267.61968 -425.31281 21443.39 -28107.4 2399.79 -30507.2 1179.729
0.47 277.05895 796.08866 21544.935 -28080.8 2484.43 -30565.2 1198.5499
0.48 257.18493 558.93642 21501.738 -28474.4 2306.22 -30780.6 1214.1493
0.49 262.56019 -669.99457 21616.385 -28271.4 2354.42 -30625.8 1240.422
0.5 273.02276 731.95782 21250.932 -28204.6 2448.24 -30652.8 1263.4083
0.51 260.79598 454.61473 21528.764 -28402.1 2338.6 -30740.7 1289.5896
0.52 279.33932 235.7319 21517.077 -28263.2 2504.88 -30768.1 1304.9264
0.53 290.40905 -302.9646 21537.652 -28080.8 2604.14 -30684.9 1329.0609
0.54 274.89807 -1441.9058 21621.616 -28257.9 2465.05 -30722.9 1361.0056
0.55 272.26679 643.63324 21266.084 -28340.3 2441.46 -30781.8 1372.2477
0.56 264.9304 -188.58141 21447.012 -28425.8 2375.67 -30801.4 1394.0527
0.57 275.96293 476.6999 21406.999 -28136.6 2474.6 -30611.2 1419.9756
0.58 258.30746 -86.15835 21666.192 -28491.7 2316.28 -30808 1451.4197
0.59 272.16628 184.88005 21543.043 -28204.8 2440.56 -30645.4 1465.8931
0.6 275.85125 192.88993 21535.933 -28154 2473.6 -30627.6 1482.1036
0.61 277.31548 453.43255 21449.093 -28340.2 2486.73 -30827 1501.7266
0.62 269.91839 -647.09041 21429.104 -28318.4 2420.4 -30738.8 1519.6909
0.63 281.89443 -753.57466 21580.253 -28223.7 2527.79 -30751.5 1554.4413
0.64 282.32212 485.83078 21550.668 -28192 2531.63 -30723.7 1587.4316
0.65 264.40797 382.13951 21543.601 -28345.7 2370.99 -30716.7 1604.616
0.66 266.6024 448.27632 21582.889 -28305.1 2390.67 -30695.8 1627.6664
0.67 263.90331 1184.0221 21353.226 -28454.9 2366.46 -30821.4 1642.7858
0.68 273.0837 2.3445619 21594.11 -28223.8 2448.78 -30672.5 1679.0221
0.69 284.20451 966.95861 21402.543 -28226 2548.51 -30774.5 1698.8033
0.7 266.6412 265.59165 21503.696 -28118.9 2391.01 -30510 1725.4056
0.71 265.54806 541.02318 21279.042 -28385 2381.21 -30766.2 1751.7992
0.72 275.52387 -235.63402 21545.649 -28283.4 2470.67 -30754 1791.2
0.73 278.91074 354.17295 21382.376 -28176.1 2501.04 -30677.1 1803.4421
0.74 282.88707 -362.37847 21562.641 -28096.7 2536.69 -30633.4 1834.7058
0.75 283.63325 139.31697 21436.017 -28305 2543.38 -30848.4 1864.5411
0.76 275.50534 564.04613 21224.163 -28208.4 2470.5 -30678.9 1870.8259
0.77 267.14825 1189.4646 21277.331 -28459.3 2395.56 -30854.8 1890.2068
0.78 284.22739 136.00569 21353.669 -28299.3 2548.71 -30848 1922.1662
0.79 279.79637 703.5737 21493.245 -28160.6 2508.98 -30669.5 1955.5265
0.8 273.78596 187.00461 21228.218 -28390 2455.08 -30845.1 1975.1309
0.81 288.26372 153.26483 21538.471 -28141 2584.91 -30725.9 2016.4864
0.82 262.06998 737.1987 21319.365 -28508.3 2350.02 -30858.3 2029.9147
0.83 277.47955 568.43719 21408.977 -28155.6 2488.2 -30643.8 2063.2431
0.84 272.61641 -653.80716 21668.632 -27965.4 2444.59 -30410 2095.6278
0.85 280.48876 226.571 21175.019 -28251.1 2515.19 -30766.2 2103.2157
0.86 269.86141 -895.93782 21548.973 -28210.2 2419.89 -30630.1 2137.4558
0.87 270.82408 -459.26781 21426.893 -28416.2 2428.52 -30844.7 2150.4601
0.88 277.51065 -167.4326 21699.354 -28316.8 2488.48 -30805.3 2192.1854
0.89 270.66761 368.29644 21390.231 -28142.6 2427.12 -30569.7 2207.9057
0.9 274.88485 418.42648 21251.152 -28291.9 2464.94 -30756.8 2237.399
0.91 277.71939 631.76055 21387.764 -28124.3 2490.35 -30614.6 2277.3301
0.92 258.35832 1350.2449 21374.204 -28580.2 2316.74 -30896.9 2296.9934
0.93 267.57906 -464.48993 21400.389 -28389.1 2399.42 -30788.6 2303.9496
0.94 296.36403 518.07713 21406.373 -27938 2657.54 -30595.5 2337.933
0.95 262.71548 -361.16328 21515.76 -28267 2355.81 -30622.8 2383.8948
0.96 273.36086 -232.01093 21818.163 -28280.2 2451.27 -30731.5 2422.7111
0.97 286.61899 -5.9685791 21583.242 -28405.2 2570.16 -30975.4 2419.7956
0.98 284.37263 -171.92521 21550.986 -28166.4 2550.01 -30716.4 2441.429
0.99 272.90759 -785.19709 21586.79 -28247.2 2447.21 -30694.4 2469.3969
1 296.63695 -590.62292 21730.676 -28092.9 2659.99 -30752.9 2513.0307
1.01 260.00751 501.5215 21244.559 -28269.6 2331.53 -30601.1 2505.2885
1.02 289.17258 25.93784 21385.704 -27996.3 2593.06 -30589.3 2543.8222
1.03 273.83824 688.69963 21465.702 -28347.3 2455.55 -30802.8 2568.647
1.04 280.58099 -247.45023 21553.132 -28068.4 2516.01 -30584.4 2581.9276
1.05 273.95346 502.58136 21566.215 -28184.6 2456.58 -30641.2 2596.5633
1.06 289.60251 699.352 21405.777 -28272.6 2596.91 -30869.5 2606.3256
1.07 284.60739 -185.48995 21481.938 -28130.4 2552.12 -30682.5 2624.6673
1.08 274.99915 -262.82922 21431.678 -28369.7 2465.96 -30835.7 2645.5946
1.09 271.52374 -827.31713 21528.892 -28436.7 2434.8 -30871.5 2674.4076
1.1 271.24509 434.50801 21346.316 -28333 2432.3 -30765.3 2678.8793
1.11 276.69626 -382.38458 21629.307 -28108.5 2481.18 -30589.7 2731.7464
1.12 268.75115 -86.23509 21540.035 -28379.5 2409.93 -30789.4 2769.7825
1.13 288.01137 -629.60732 21545.413 -27960.1 2582.64 -30542.8 2781.9115
1.14 279.9817 882.12084 21403.992 -28300.3 2510.64 -30811 2782.2599
1.15 279.10701 507.52807 21697.913 -28244.1 2502.8 -30746.9 2830.3894
1.16 265.18878 -104.65203 21541.511 -28194.8 2377.99 -30572.8 2850.7915
1.17 279.52686 -812.07721 21703.07 -27906.2 2506.56 -30412.7 2900.9182
1.18 265.10305 -704.34594 21590.272 -28366.6 2377.22 -30743.8 2917.8792
1.19 274.72086 -228.38763 21652.586 -28255.7 2463.47 -30719.2 2944.0316
1.2 286.49297 -1034.6955 21748.088 -28159.6 2569.03 -30728.6 2995.3812
1.21 270.55508 198.38097 21485.431 -28341.3 2426.11 -30767.4 3000.4877
1.22 270.0873 -23.586665 21524.416 -28097.3 2421.92 -30519.2 3029.3834
1.23 274.28873 99.812958 21217.94 -28110 2459.59 -30569.5 3044.1356
1.24 281.88632 105.07936 21506.554 -28226.8 2527.72 -30754.5 3119.1353
1.25 275.8737 1141.101 21366.62 -28234.1 2473.8 -30707.9 3151.1158
1.26 273.29171 515.45272 21248.044 -28400.1 2450.65 -30850.8 3156.5013
1.27 276.48311 -1294.2628 21700.628 -28273.4 2479.27 -30752.7 3234.4921
1.28 274.46391 -980.72584 21689.042 -28096.8 2461.16 -30557.9 3287.2004
1.29 268.6089 317.2624 21552.318 -28192.7 2408.66 -30601.3 3296.7891
1.3 266.55197 -359.05822 21317.632 -28433.7 2390.21 -30823.9 3314.7591
1.31 268.88987 439.3876 21637.942 -28099.8 2411.18 -30511 3388.3261
1.32 272.13483 57.592109 21486.782 -28348.3 2440.28 -30788.6 3394.9242
1.33 276.28432 -1152.7061 21638.271 -28089.2 2477.49 -30566.7 3452.919
1.34 262.89803 -56.753483 21495.845 -28327.6 2357.45 -30685 3481.9389
1.35 265.61575 -75.011295 21397.685 -28417.3 2381.82 -30799.1 3518.2001
1.36 272.1201 -515.25428 21675.701 -28103.5 2440.14 -30543.6 3575.536
1.37 263.9902 -77.327198 21562.011 -28302.1 2367.24 -30669.3 3590.4306
1.38 279.78796 -363.74943 21721.171 -28014.1 2508.9 -30523 3635.795
1.39 270.19715 586.67812 21657.137 -28196.9 2422.9 -30619.8 3657.8556
1.4 269.0218 -357.0831 21601.309 -28373.4 2412.36 -30785.8 3683.7051
1.41 270.05537 801.25288 21326.96 -28204.3 2421.63 -30626 3696.4149
1.42 269.41058 -305.63186 21577.066 -28359.6 2415.85 -30775.4 3750.786
1.43 290.38383 -28.511262 21346.683 -28056.4 2603.92 -30660.3 3737.5086
1.44 270.6944 260.48413 21444.622 -28275.6 2427.36 -30703 3779.5963
1.45 270.52545 905.03995 21283.287 -28487.3 2425.84 -30913.2 3782.2424
1.46 272.02928 -128.79668 21376.427 -28474.6 2439.33 -30913.9 3829.2465
1.47 280.03276 -446.16742 21522.881 -28195.8 2511.1 -30706.9 3868.9558
1.48 269.33727 -47.955996 21565.171 -28229.9 2415.19 -30645.1 3913.5057
1.49 286.0865 -55.290362 21418.237 -28048.4 2565.38 -30613.8 3922.2805
1.5 279.0802 -3.6370816 21487.215 -28081 2502.56 -30583.5 3976.5409
1.51 268.58822 247.29356 21473.488 -28379.5 2408.47 -30788 4028.2128
1.52 271.24299 -401.9643 21469.631 -28416.8 2432.28 -30849.1 4071.8022
1.53 276.44887 599.08564 21413.731 -28149.3 2478.96 -30628.2 4098.8167
1.54 280.59313 249.24452 21565.187 -28002.3 2516.12 -30518.5 4136.7228
1.55 267.41268 -165.97721 21486.61 -28308.4 2397.93 -30706.3 4155.9299
1.56 288.1344 -151.77445 21531.636 -28162.2 2583.75 -30745.9 4172.2933
1.57 270.37786 428.71863 21461.728 -28298.9 2424.52 -30723.4 4208.5939
1.58 267.75339 -449.5533 21639.924 -28082 2400.99 -30483 4265.7003
1.59 263.78021 -85.52827 21673.152 -28203.1 2365.36 -30568.4 4285.4675
1.6 265.47014 41.053223 21606.998 -28474.8 2380.51 -30855.4 4309.501
1.61 265.91883 -106.69982 21407.62 -28259.5 2384.54 -30644.1 4295.1752
1.62 248.26801 -256.04346 21563.676 -28689 2226.26 -30915.3 4345.7925
1.63 272.55476 240.53909 21390.904 -28246.2 2444.04 -30690.2 4358.5245
1.64 273.17183 3.1279952 21478.498 -28288.6 2449.58 -30738.2 4403.7816
1.65 267.07542 -94.477621 21291.763 -28316.3 2394.91 -30711.2 4408.7908
1.66 274.92842 -546.91564 21574.601 -28149.3 2465.33 -30614.6 4478.2238
1.67 278.67154 -286.81736 21532.357 -28219 2498.89 -30717.9 4495.9534
1.68 275.92721 -816.37207 21635.508 -28323.9 2474.28 -30798.2 4543.2516
1.69 276.14339 -725.27961 21637.096 -28492.5 2476.22 -30968.7 4551.9649
1.7 266.40898 -318.12626 21477.663 -28284.1 2388.93 -30673.1 4547.1765
1.71 270.6206 -343.21085 21532.353 -28285.8 2426.7 -30712.5 4587.9236
1.72 276.78561 316.71868 21386.498 -28111.8 2481.98 -30593.8 4605.6224
1.73 273.9289 1184.4268 21383.604 -28339.4 2456.36 -30795.8 4642.0667
1.74 276.63057 -649.42886 21526.297 -28129.6 2480.59 -30610.2 4687.9872
1.75 276.72561 445.02307 21459.342 -28226.1 2481.44 -30707.5 4711.5918
1.76 274.33114 -844.76795 21820.541 -28152.9 2459.97 -30612.8 4795.9474
1.77 266.93444 1366.7312 21388.23 -28328 2393.64 -30721.7 4755.337
1.78 271.07978 556.55733 21442.65 -28335.7 2430.82 -30766.5 4804.5299
1.79 272.02903 -295.40268 21328.655 -28388.1 2439.33 -30827.4 4815.3798
1.8 252.61002 -656.46111 21445.804 -28379.4 2265.19 -30644.6 4849.885
1.81 276.26642 461.05752 21519.022 -28143 2477.32 -30620.3 4902.4493
1.82 269.6068 228.12092 21467.594 -28292.1 2417.61 -30709.7 4916.1309
1.83 265.757 -661.85293 21539.918 -28395.4 2383.09 -30778.5 4966.6187
1.84 269.69046 -1348.1062 21376.852 -28458.5 2418.36 -30876.9 4952.0533
1.85 273.36445 966.62752 21258.048 -28388.3 2451.3 -30839.6 4956.2479
1.86 275.91977 413.05175 21579.201 -28204.4 2474.22 -30678.6 5051.0611
1.87 278.67904 270.99476 21339.382 -28223.7 2498.96 -30722.6 5020.2678
1.88 265.08562 -77.85282 21718.565 -28293.7 2377.06 -30670.8 5108.7937
1.89 276.87841 -565.29047 21583.018 -28265.5 2482.81 -30748.3 5128.5192
1.9 276.06787 75.404921 21390.154 -28202.3 2475.54 -30677.8 5127.036
1.91 264.76866 -222.09868 21584.029 -28399.7 2374.22 -30774 5158.7749
1.92 273.16208 -747.43934 21630.688 -28221.2 2449.49 -30670.7 5186.1027
1.93 282.98382 231.22809 21650.277 -28170.9 2537.56 -30708.5 5224.2623
1.94 277.76836 -96.47982 21611.903 -28194.5 2490.79 -30685.3 5262.605
1.95 263.05826 208.12605 21634.796 -28380.7 2358.89 -30739.6 5298.7126
1.96 282.92946 -827.84767 21679.227 -28313.2 2537.07 -30850.3 5336.382
1.97 274.18204 -301.70689 21467.405 -28259.1 2458.63 -30717.7 5308.6808
1.98 273.99733 415.72829 21514.869 -28489.5 2456.98 -30946.4 5357.4799
1.99 286.52415 -851.31258 21915.784 -28324.8 2569.31 -30894.1 5427.5485
2 272.14396 -355.56644 21288.151 -28271.2 2440.36 -30711.5 5329.0345
2.01 285.59815 2.9985901 21268.571 -28094.5 2561 -30655.5 5331.5691
2.02 275.40227 -789.97545 21775.235 -28150.3 2469.58 -30619.9 5463.0503
2.03 247.11462 1795.2437 21304.601 -28223.5 2215.92 -30439.4 5412.4261
2.04 275.71628 -471.87311 21656.503 -28166.2 2472.39 -30638.6 5495.9936
2.05 282.13309 -15.512378 21327.291 -28214.2 2529.93 -30744.2 5458.9823
2.06 276.04939 66.668761 21555.767 -28477.7 2475.38 -30953.1 5509.9334
2.07 273.91488 788.74053 21387.274 -28252.9 2456.24 -30709.1 5490.7055
2.08 268.31699 -792.63636 21322.14 -28283.2 2406.04 -30689.2 5518.8048
2.09 277.55501 349.26334 21448.978 -28191.8 2488.88 -30680.6 5547.3213
2.1 271.85655 -202.71675 21667.62 -28211.3 2437.78 -30649.1 5609.0215
2.11 282.78192 -564.9269 21666.311 -28200.9 2535.75 -30736.6 5668.6242
2.12 259.03508 -541.67183 21664.539 -28439.1 2322.81 -30761.9 5689.2502
2.13 263.84461 -824.06745 21681.383 -28246.9 2365.94 -30612.8 5746.4593
2.14 264.77956 708.19165 21484.119 -28285.9 2374.32 -30660.3 5789.6695
2.15 276.81313 -208.43861 21476.55 -28246.1 2482.23 -30728.3 5815.2602
2.16 266.49738 -1431.9377 21385.526 -28361.9 2389.72 -30751.6 5831.0185
2.17 262.30949 -1023.4702 21475.247 -28166.7 2352.17 -30518.8 5847.3116
2.18 262.84559 134.25963 21519.535 -28207 2356.98 -30564 5872.8564
2.19 272.9666 -875.59312 21716.785 -28369.2 2447.73 -30816.9 5961.3256
2.2 282.94341 -66.530427 21507.912 -28037.8 2537.2 -30575 5930.7417
2.21 278.5309 -324.21051 21408.994 -28293.4 2497.63 -30791.1 5945.3261
2.22 284.89142 -361.07026 21771.053 -28259.3 2554.67 -30814 6025.8326
2.23 262.95479 196.17662 21394.197 -28454.1 2357.96 -30812.1 5978.1844
2.24 278.82716 450.10204 21419.487 -28245 2500.29 -30745.3 5978.1996
2.25 270.58595 195.19634 21451.999 -28227.1 2426.39 -30653.5 5969.8079
2.26 278.73908 718.29775 21437.085 -28415.1 2499.5 -30914.6 5995.3448
2.27 279.64282 -230.59595 21598.701 -28077.6 2507.6 -30585.2 6058.5357
2.28 281.81849 493.34913 21534.017 -28190.8 2527.11 -30717.9 6038.9121
2.29 287.32129 167.14922 21549.921 -28039.9 2576.46 -30616.4 6069.6804
2.3 280.19335 992.56225 21294.311 -28191.2 2512.54 -30703.8 6037.5722
2.31 257.38156 -593.65334 21449.608 -28386.8 2307.98 -30694.8 6077.1028
2.32 275.50454 291.73875 21496.621 -28287.8 2470.49 -30758.3 6119.3259
2.33 278.4534 -684.11194 21671.427 -28257.6 2496.94 -30754.5 6164.9255
2.34 278.44787 -9.4311731 21364.673 -28133.4 2496.89 -30630.3 6099.4403
2.35 260.77457 -1073.7068 21570.104 -28329 2338.41 -30667.4 6171.7801
2.36 273.5065 452.85082 21265.615 -28166.3 2452.58 -30618.8 6153.4953
2.37 277.22672 804.68496 21203.249 -28278 2485.94 -30764 6149.0481
2.38 272.49146 -231.95417 21341.626 -28234.4 2443.47 -30677.9 6215.921
2.39 273.85409 253.7018 21265.827 -28151.7 2455.69 -30607.4 6246.2472
2.4 286.37567 -95.928648 21473.157 -28089.8 2567.98 -30657.8 6310.0408
2.41 270.63929 151.39093 21513.008 -28200.1 2426.87 -30627 6345.1303
2.42 274.93121 -213.0959 21527.342 -28268.8 2465.35 -30734.2 6361.9196
2.43 267.88893 235.925 21586.996 -28302.2 2402.2 -30704.4 6407.8413
2.44 268.23777 -1047.8249 21592.884 -28401.6 2405.33 -30806.9 6435.8916
2.45 271.37849 73.734595 21270.296 -28324.5 2433.49 -30758 6392.316
2.46 281.76684 -14.109808 21550.369 -28140.7 2526.65 -30667.3 6457.9674
2.47 262.98639 129.30887 21570.739 -28236 2358.24 -30594.2 6491.3452
2.48 269.3522 -282.8316 21640.6 -28156.5 2415.32 -30571.8 6508.3047
2.49 279.3418 853.45947 21257.444 -28109.2 2504.9 -30614.1 6439.7204
2.5 272.64712 -452.58183 21324.254 -28290.2 2444.87 -30735 6488.4899
2.51 286.44781 -156.21166 21498.926 -28196.7 2568.62 -30765.3 6512.3153
2.52 292.61059 1088.045 21201.319 -28306.1 2623.89 -30930 6509.5983
2.53 278.68692 -477.04756 21641.89 -28147.7 2499.03 -30646.8 6619.382
2.54 269.36304 183.32061 21404.925 -28172.1 2415.42 -30587.5 6614.9887
2.55 274.77357 25.538401 21473.75 -28225.2 2463.94 -30689.2 6683.2873
2.56 274.30669 644.0596 21416.898 -28056.8 2459.75 -30516.5 6704.9719
2.57 268.69968 416.34135 21345.704 -28299.6 2409.47 -30709.1 6725.2589
2.58 274.91981 -143.48425 21468.06 -28355.8 2465.25 -30821 6779.0554
2.59 272.34442 1132.3744 21118.325 -28236 2442.16 -30678.1 6754.2032
2.6 276.65238 1590.5081 21167.519 -28452.1 2480.79 -30932.9 6785.1503
2.61 273.70538 -961.05776 21911.011 -28288.6 2454.36 -30743 6964.4188
2.62 276.32848 1502.8271 21408.366 -28278.3 2477.88 -30756.2 6903.3704
2.63 281.0203 80.700292 21557.194 -27974.6 2519.95 -30494.5 6946.9036
2.64 267.04472 -373.48808 21519.224 -28316.8 2394.63 -30711.5 6966.9607
2.65 269.26907 -252.46937 21513.5 -28245.6 2414.58 -30660.2 6974.746
2.66 275.8296 -367.8018 21755.589 -28192.7 2473.41 -30666.1 7065.9467
2.67 250.75102 -282.37875 21452.149 -28440.7 2248.52 -30689.2 7034.5386
2.68 276.03035 957.95624 21231.329 -28300.6 2475.21 -30775.8 7013.3153
2.69 267.73161 -479.4355 21520.949 -28610.6 2400.79 -31011.4 7134.6559
2.7 272.03213 -450.63769 21744.259 -28285.1 2439.36 -30724.5 7197.8012
2.71 264.79074 174.83761 21424.843 -28298.6 2374.42 -30673 7167.8011
2.72 268.50336 -82.334006 21765.602 -28305.4 2407.71 -30713.1 7288.0319
2.73 277.4148 -1154.4662 21477.265 -28118.6 2487.62 -30606.3 7237.5531
2.74 276.61399 -455.53872 21246.383 -28229.8 2480.44 -30710.2 7192.7059
2.75 266.81116 681.24925 21405.392 -28441.4 2392.54 -30833.9 7281.0582
2.76 265.66418 202.85621 21322.48 -28267.8 2382.25 -30650 7282.4138
2.77 277.21135 -245.64011 21783.959 -28318.8 2485.8 -30804.6 7393.8683
2.78 284.70477 -503.79919 21795.487 -28186.6 2552.99 -30739.6 7420.2222
2.79 275.69059 -273.3592 21549.132 -28229.5 2472.16 -30701.7 7403.1885
2.8 283.89067 -1057.7809 21623.439 -28173.6 2545.69 -30719.3 7425.9115
2.81 267.22082 418.38841 21350.713 -28237.5 2396.21 -30633.7 7381.0259
2.82 266.13398 111.62858 21247.571 -28360.9 2386.47 -30747.4 7345.195
2.83 269.67074 -930.98609 21518.914 -28352.4 2418.18 -30770.6 7448.4613
2.84 269.46161 -414.87028 21662.573 -28166.7 2416.31 -30583 7480.5172
2.85 279.54624 -735.55956 21683.252 -28190.6 2506.74 -30697.3 7511.7819
2.86 268.72668 -447.59884 21499.708 -28232.8 2409.71 -30642.5 7509.3082
2.87 275.48547 542.36438 21499.336 -28126.8 2470.32 -30597.1 7549.9915
2.88 273.63435 55.731257 21654.135 -28502.2 2453.72 -30955.9 7645.7023
2.89 265.60894 -543.45681 21532.57 -28342.3 2381.76 -30724 7637.0478
2.9 266.45193 -228.28049 21527.186 -28284.7 2389.32 -30674.1 7681.1331
2.91 275.13439 -601.66304 21546.95 -28301.8 2467.17 -30769 7692.9918
2.92 271.5963 523.11047 21510.651 -28275.2 2435.45 -30710.6 7727.8762
2.93 292.15999 -721.95239 21668.412 -27800.4 2619.85 -30420.3 7812.9954
2.94 263.83735 313.6654 21295.072 -28343.6 2365.87 -30709.5 7762.6434
2.95 275.79207 -463.55247 21427.395 -28441.6 2473.07 -30914.7 7825.2886
2.96 278.91703 -477.21713 21636.485 -28201.8 2501.09 -30702.8 7904.3384
2.97 275.49726 191.03523 21526.119 -28258.4 2470.43 -30728.8 7901.605
2.98 266.87471 -256.32748 21374.63 -28274 2393.11 -30667.1 7920.3632
2.99 277.8196 -271.80124 21450.602 -28253.7 2491.25 -30744.9 7946.8076
3 267.28203 -559.22364 21466.155 -28201.7 2396.76 -30598.5 7949.6201
3.01 269.03398 -307.20836 21567.332 -28177.6 2412.47 -30590 7999.4146
3.02 266.17417 -408.85154 21481.556 -28176.4 2386.83 -30563.2 8024.1645
3.03 265.84804 734.42266 21564.577 -28331.4 2383.9 -30715.3 8062.7972
3.04 267.75486 -12.950866 21582.564 -28226.8 2401 -30627.8 8113.5175
3.05 267.61991 -95.913086 21474.512 -28425.7 2399.79 -30825.5 8075.3349
3.06 275.06983 44.290201 21550.759 -28262.1 2466.59 -30728.7 8145.178
3.07 281.88965 -998.75318 21597.914 -28137.7 2527.75 -30665.5 8191.9923
3.08 268.1021 509.79818 21536.368 -28259.1 2404.11 -30663.2 8228.3618
3.09 254.17728 305.18399 21444.278 -28420.2 2279.25 -30699.5 8250.3078
3.1 269.83531 331.95392 21546.094 -28318.7 2419.66 -30738.3 8305.4028
3.11 281.64011 602.04359 21465.957 -28141.1 2525.51 -30666.6 8305.1061
3.12 266.6329 -810.47767 21401.458 -28295.9 2390.94 -30686.8 8360.1019
3.13 268.01582 -1132.5001 21837.284 -28322.2 2403.34 -30725.5 8485.8929
3.14 276.45459 -8.997243 21532.263 -28059.4 2479.01 -30538.4 8449.4643
3.15 275.7112 -210.32188 21417.786 -28235.6 2472.35 -30707.9 8441.4413
3.16 272.75675 -312.36347 21485.476 -28298.6 2445.85 -30744.4 8491.2889
3.17 271.67985 -683.32869 21517.629 -28333.1 2436.2 -30769.3 8545.0241
3.18 284.78274 341.81241 21450.556 -28168.5 2553.69 -30722.2 8511.9832
3.19 268.614 -224.45333 21576.014 -28447.7 2408.7 -30856.4 8595.4354
3.2 275.17107 -976.5564 21442.862 -28296.4 2467.5 -30763.9 8613.689
3.21 277.52031 -188.73685 21569.759 -28221 2488.57 -30709.5 8679.1721
3.22 277.87972 -64.926059 21470.256 -28263.4 2491.79 -30755.2 8671.1392
3.23 271.52132 612.15231 21459.313 -28407.3 2434.77 -30842.1 8701.2983
3.24 272.50565 522.2722 21404.272 -28363.7 2443.6 -30807.3 8710.9345
3.25 264.91197 391.79458 21459.201 -28350.3 2375.51 -30725.8 8746.3006
3.26 279.02691 -1018.6716 21541.969 -28060.5 2502.08 -30562.5 8810.1628
3.27 263.82475 -1281.4038 21529.45 -28247.2 2365.76 -30613 8806.9695
3.28 266.43056 -509.74427 21625.664 -28242.4 2389.13 -30631.5 8870.5104
3.29 264.66407 868.98282 21185.846 -28359.1 2373.28 -30732.4 8830.1693
3.3 261.79338 428.98488 21388.914 -28402.1 2347.54 -30749.7 8921.2124
3.31 276.1665 731.77473 21480.1 -28091.3 2476.43 -30567.8 8916.8488
3.32 268.73375 876.27483 21454.832 -28260.2 2409.78 -30670 8939.7476
3.33 272.56464 -199.47141 21395.868 -28424.9 2444.13 -30869 8950.1778
3.34 298.63887 544.61364 21423.396 -28075.7 2677.94 -30753.6 8991.1807
3.35 258.85338 543.26908 21472.168 -28181.5 2321.18 -30502.7 9013.7203
3.36 278.47565 -371.58077 21592.683 -28193.1 2497.14 -30690.3 9073.6379
3.37 267.06828 295.30218 21307.396 -28266.9 2394.84 -30661.8 9021.9128
3.38 263.2618 28.50986 21517.599 -28442.1 2360.71 -30802.9 9138.172
3.39 280.73142 -613.47923 21615.153 -28215.6 2517.36 -30733 9190.6408
3.4 264.36762 1176.4381 21393.885 -28338.5 2370.63 -30709.2 9184.796
3.41 268.88959 598.531 21409.823 -28154.6 2411.18 -30565.8 9206.8705
3.42 269.7562 -798.98505 21524.636 -28425.6 2418.95 -30844.6 9282.2778
3.43 273.40407 186.20031 21753.89 -28168.6 2451.66 -30620.2 9382.5074
3.44 259.72026 -432.67296 21574.791 -28415.3 2328.95 -30744.2 9336.4027
3.45 274.21691 -828.35988 21538.682 -28171.8 2458.95 -30630.8 9373.3802
3.46 270.32643 2.4107608 21425.933 -28267 2424.06 -30691.1 9362.1491
3.47 278.84708 -409.27817 21567.305 -28182.3 2500.47 -30682.7 9449.6515
3.48 277.41951 -443.87945 21340.817 -28242.5 2487.66 -30730.2 9413.5132
3.49 271.65687 -21.190336 21491.941 -28415.1 2435.99 -30851.1 9460.4545
3.5 260.74609 542.52771 21394.551 -28282.7 2338.15 -30620.9 9437.1476
3.51 281.78211 83.756305 21568.233 -28143.5 2526.78 -30670.3 9538.356
3.52 273.65068 169.69496 21493.618 -28376.1 2453.87 -30829.9 9541.2464
3.53 280.96354 -37.080871 21811.831 -28167.2 2519.44 -30686.6 9681.1448
3.54 281.31165 873.798 21438.169 -28509.6 2522.57 -31032.2 9605.9608
3.55 277.38268 670.1489 21517.887 -28204.9 2487.33 -30692.2 9669.3346
3.56 271.79965 -957.89678 21555.592 -28375.2 2437.27 -30812.5 9729.1015
3.57 267.59307 -682.89351 21645.955 -28241.6 2399.55 -30641.1 9794.1723
3.58 285.93994 273.75521 21518.626 -28043.1 2564.07 -30607.2 9807.0662
3.59 285.81272 374.06688 21624.756 -28149.2 2562.93 -30712.2 9881.5673
3.6 264.79153 -221.39366 21493.32 -28312.8 2374.43 -30687.3 9858.7358
3.61 281.36296 712.3114 21362.363 -28079.5 2523.03 -30602.6 9848.038
3.62 267.20619 -304.87555 21397.256 -28227.2 2396.08 -30623.3 9888.8692
3.63 283.73275 -542.37924 21634.125 -28085.7 2544.28 -30630 9978.348
3.64 258.66285 -100.63034 21538.902 -28358.9 2319.47 -30678.4 9955.1526
3.65 264.2169 -296.67425 21524.156 -28154.9 2369.27 -30524.2 9959.1945
3.66 277.6624 -656.70651 21898.289 -28199.5 2489.84 -30689.3 10116.417
3.67 275.06665 1368.6572 21387.41 -28211 2466.57 -30677.6 9954.4675
3.68 272.84951 1016.4264 21248.241 -28268.1 2446.68 -30714.8 9898.5397
3.69 256.55151 563.36699 21430.843 -28383.6 2300.54 -30684.2 10021.851
3.7 275.93828 233.445 21658.3 -28112.4 2474.38 -30586.8 10132.042
3.71 281.96565 -340.36108 21527.357 -28171.7 2528.43 -30700.1 10120.427
3.72 272.11839 -111.15328 21493.446 -28374.7 2440.13 -30814.9 10132.053
3.73 267.71325 84.918128 21632.546 -28098.4 2400.63 -30499 10216.63
3.74 272.92571 129.43492 21397.449 -28313.5 2447.37 -30760.9 10176.126
3.75 267.02011 -1687.1086 21635.4 -28309.9 2394.41 -30704.3 10262.38
3.76 277.20356 -452.00034 21331.855 -28078.1 2485.73 -30563.8 10187.759
3.77 270.38398 -99.945586 21297.883 -28175.8 2424.58 -30600.3 10252.512
3.78 256.37764 1338.7037 21327.211 -28538.1 2298.98 -30837.1 10308.999
3.79 276.81957 46.716993 21410.066 -28171.4 2482.29 -30653.7 10354.696
3.8 270.63346 361.03674 21453.287 -28361.3 2426.81 -30788.1 10382.169
3.81 278.26985 -308.14348 21475.222 -28044.3 2495.29 -30539.6 10477.13
3.82 274.2473 -7.8590051 21519.6 -28210.8 2459.22 -30670 10500.619
3.83 268.93159 -69.870338 21536.445 -28220.3 2411.55 -30631.8 10507.044
3.84 276.36857 767.40149 21382.526 -28222.6 2478.24 -30700.9 10514.657
3.85 267.06583 -186.35972 21566.461 -28210.4 2394.82 -30605.2 10614.541
3.86 287.72799 -108.7576 21531.892 -28102.2 2580.1 -30682.3 10637.737
3.87 261.95715 -544.91359 21554.564 -28267.4 2349.01 -30616.4 10708.149
3.88 259.70926 42.288199 21486.088 -28337.3 2328.85 -30666.2 10699.794
3.89 283.72351 672.24826 21467.723 -28140.8 2544.19 -30685 10734.634
3.9 269.68225 -182.0633 21499.68 -28078.1 2418.28 -30496.4 10787.74
3.91 285.38933 -1000.0828 21704.437 -28242.5 2559.13 -30801.6 10859.154
3.92 290.63996 195.65813 21457.046 -28116.2 2606.21 -30722.4 10784.079
3.93 274.58378 345.14466 21681.067 -28229.1 2462.24 -30691.4 10880.699
3.94 278.8391 -138.95538 21652.844 -28262.4 2500.39 -30762.8 10886.34
3.95 284.08218 576.87188 21495.193 -28008.3 2547.41 -30555.7 10865.213
3.96 265.97804 -0.67422686 21377.481 -28372.1 2385.07 -30757.1 10824.468
3.97 275.06983 -405.5775 21601.659 -28164.5 2466.59 -30631.1 10950.101
3.98 276.6825 -141.74419 21640.304 -28302.1 2481.06 -30783.1 11002.782
3.99 264.41821 399.85458 21398.079 -28189.7 2371.08 -30560.8 10945.684
4 263.58309 568.43662 21299.375 -28681.2 2363.59 -31044.8 10942.57
4.01 269.23367 334.50077 21380.102 -28370.3 2414.26 -30784.6 10981.296
4.02 271.62539 129.41889 21413.088 -28311.6 2435.71 -30747.3 10997.027
4.03 260.93946 -317.95484 21688.039 -28278.6 2339.89 -30618.5 11142.257
4.04 257.73402 -144.00551 21436.3 -28672 2311.14 -30983.1 11079.011
4.05 267.7805 -270.83073 21367.47 -28240.7 2401.23 -30642 11058.052
4.06 276.25268 610.45436 21396.264 -28031 2477.2 -30508.2 11101.004
4.07 282.8363 -214.08856 21577.619 -28216.1 2536.24 -30752.3 11200.695
4.08 260.44905 -190.08514 21501.642 -28624.9 2335.49 -30960.4 11209.636
4.09 270.6269 552.88367 21331.387 -28227.5 2426.75 -30654.3 11195.228
4.1 271.51288 -630.54505 21727.063 -28150.3 2434.7 -30585 11393.142
4.11 276.14705 437.76237 21489.31 -28076.7 2476.25 -30553 11335.172
4.12 281.63065 517.46982 21335.626 -28362.6 2525.43 -30888.1 11261.692
4.13 268.10738 -783.03873 21470.201 -28198.9 2404.16 -30603.1 11321.161
4.14 252.6661 -373.28195 21561.6 -28393.3 2265.7 -30659 11341.504
4.15 273.65464 -716.91566 21508.933 -28240.8 2453.9 -30694.7 11356.597
4.16 269.36901 -285.76414 21596.652 -28189.3 2415.47 -30604.7 11409.153
4.17 274.72851 99.221509 21439.233 -28258.3 2463.53 -30721.8 11389.966
4.18 288.21655 -145.18485 21617.418 -28063.6 2584.48 -30648.1 11492.822
4.19 284.96915 414.91381 21412.795 -28038.4 2555.36 -30593.8 11426.832
4.2 279.03855 -738.17453 21678.404 -28414.7 2502.18 -30916.9 11551.246
4.21 274.28295 163.06669 21439.95 -28212.8 2459.54 -30672.3 11458.399
4.22 275.60802 424.61263 21354.985 -28412.5 2471.42 -30883.9 11475.16
4.23 286.42577 -624.40215 21463.008 -28126.5 2568.43 -30694.9 11589.563
4.24 261.41061 221.18399 21599.19 -28227.4 2344.11 -30571.6 11696.627
4.25 281.25443 -3.25026 21495.338 -28091.7 2522.05 -30613.7 11687.826
4.26 262.85756 165.4317 21387.426 -28392.4 2357.09 -30749.5 11703.689
4.27 270.05501 -762.14435 21496.256 -28146.9 2421.63 -30568.6 11779.606
4.28 269.28223 -480.19701 21476.072 -28407.8 2414.7 -30822.5 11755.565
4.29 259.47808 -747.01645 21768.676 -28267.8 2326.78 -30594.6 11889.401
4.3 267.20329 176.93827 21521.506 -28427.7 2396.05 -30823.8 11813.47
4.31 273.8354 -525.1643 21590.518 -28251.7 2455.53 -30707.3 11876.009
4.32 276.07285 -175.05441 21575.919 -28285 2475.59 -30760.6 11899.929
4.33 265.44706 965.60675 21461.031 -28188.7 2380.31 -30569.1 11904.867
4.34 257.54 -593.96347 21621.251 -28496.5 2309.4 -30805.9 11999.885
4.35 276.31412 -357.05211 21526.068 -28180.5 2477.75 -30658.3 11980.87
4.36 272.10549 -413.29068 21441.384 -28337.4 2440.01 -30777.4 11954.681
4.37 277.93772 -549.65842 21569.707 -28013.4 2492.31 -30505.7 12002.131
4.38 278.73425 102.6705 21367.942 -28016.3 2499.45 -30515.8 11928.941
4.39 264.33604 -145.91718 21627.043 -28353.8 2370.34 -30724.1 12056.146
4.4 290.56637 -197.74404 21267.417 -27981.1 2605.55 -30586.7 11928.306
4.41 260.60301 -1269.2218 21608.539 -28400.9 2336.87 -30737.8 12073.732
4.42 278.05773 426.47337 21322.46 -28135.6 2493.39 -30629 11983.528
4.43 266.8147 -27.895307 21414.859 -28429.1 2392.57 -30821.7 12042.419
4.44 279.08424 566.9787 21394.694 -28165.5 2502.59 -30668.1 12068.035
4.45 253.21377 -538.24436 21410.643 -28567.4 2270.61 -30838 12084.203
4.46 268.09141 -793.89631 21619.838 -28255 2404.02 -30659 12198.916
4.47 273.15331 1224.3746 21438.57 -28273.6 2449.41 -30723 12132.333
4.48 282.65749 -354.95716 21562.935 -28098.3 2534.63 -30632.9 12179.459
4.49 270.37292 -193.07572 21489.213 -28258.5 2424.48 -30683 12145.345
4.5 266.82525 -653.22838 21541.749 -28267.3 2392.66 -30660 12188.503
4.51 271.98403 -646.17003 21698.799 -28235.7 2438.92 -30674.6 12266.491
4.52 278.78798 -190.17463 21699.249 -28120.3 2499.94 -30620.2 12307.892
4.53 284.00266 -321.9488 21583.313 -28264.2 2546.7 -30810.9 12310.037
4.54 276.87422 921.71206 21359.191 -28244.6 2482.78 -30727.4 12197.182
4.55 278.15119 351.97467 21310.431 -28134.6 2494.23 -30628.8 12213.5
4.56 269.9634 -112.13947 21677.547 -28430.5 2420.8 -30851.3 12383.476
4.57 270.97839 100.14026 21516.076 -28313.6 2429.91 -30743.5 12381.897
4.58 279.22602 840.13919 21352.878 -28322.1 2503.86 -30826 12365.073
4.59 265.94052 531.33775 21343.081 -28357.6 2384.73 -30742.4 12410.972
4.6 280.15538 -309.79538 21645.028 -28092.3 2512.2 -30604.5 12545.041
4.61 261.69784 -259.20363 21674.896 -28256.9 2346.69 -30603.6 12577.707
4.62 268.20866 29.732355 21298.96 -28219.1 2405.07 -30624.1 12457.067
4.63 263.81897 -232.93608 21434.112 -28410.6 2365.71 -30776.3 12552.46
4.64 270.14027 335.99915 21655.843 -28253.2 2422.39 -30675.6 12684.207
4.65 261.586 886.75855 21275.109 -28405.5 2345.68 -30751.2 12553.924
4.66 259.31582 -126.05794 21310.935 -28555.2 2325.33 -30880.5 12574.435
4.67 266.31932 209.14786 21575.868 -28227.9 2388.13 -30616 12680.9
4.68 270.91071 -282.74998 21683.054 -28101.4 2429.3 -30530.7 12755.551
4.69 258.43237 862.59722 21357.131 -28333.9 2317.4 -30651.3 12647.944
4.7 267.81844 166.18944 21486.475 -28318.7 2401.57 -30720.3 12705.867
4.71 266.37715 -1128.927 21806.278 -28118.6 2388.65 -30507.3 12906.887
4.72 273.74277 725.25198 21501.438 -28340.8 2454.69 -30795.5 12818.014
4.73 274.5375 -121.57022 21521.946 -28115.7 2461.82 -30577.5 12846.843
4.74 261.07926 -2.1037038 21514.023 -28366.6 2341.14 -30707.7 12836.794
4.75 277.43595 884.15616 21383.457 -28203.4 2487.81 -30691.2 12810.073
4.76 274.89748 61.559096 21478.962 -28164 2465.05 -30629.1 12885.753
4.77 271.26608 111.47527 21641.66 -28257.1 2432.49 -30689.6 12983.878
4.78 275.61153 -510.97409 21536.956 -28022.6 2471.45 -30494 12944.626
4.79 269.31632 97.56337 21454.986 -28382.2 2415 -30797.2 12950.084
4.8 284.33935 -679.47685 21724.277 -27993 2549.72 -30542.7 13076.849
4.81 269.9094 117.79508 21384.14 -28203.7 2420.32 -30624 12963.976
4.82 280.63571 -728.36318 21511.102 -28317.8 2516.5 -30834.3 13016.335
4.83 279.38942 -139.97477 21475.217 -28208 2505.33 -30713.3 13020.587
4.84 271.64002 -5.303319 21563.265 -28209.9 2435.84 -30645.7 13022.92
4.85 261.73489 130.28763 21621.912 -28390.3 2347.02 -30737.3 13087.009
4.86 278.55005 -270.62276 21546.929 -28224.7 2497.8 -30722.5 13106.762
4.87 264.55794 475.70402 21321.644 -28178.2 2372.33 -30550.6 13065.012
4.88 278.34707 211.04517 21437.757 -28190.2 2495.98 -30686.2 13172.621
4.89 268.90014 618.30711 21405.445 -28213.3 2411.27 -30624.5 13197.254
4.9 266.87243 366.09372 21451.361 -28413.8 2393.09 -30806.9 13240.727
4.91 275.12636 -174.53098 21578.918 -28129 2467.1 -30596.1 13312.971
4.92 276.28264 -298.54147 21625.474 -28205.6 2477.47 -30683 13386.052
4.93 251.10087 652.08457 21374.379 -28559 2251.66 -30810.7 13330.349
4.94 259.8102 362.89029 21529.983 -28428.1 2329.76 -30757.9 13389.206
4.95 278.35059 -188.65409 21440.579 -28252.9 2496.01 -30748.9 13386.944
4.96 278.79751 426.44032 21532.8 -28182.8 2500.02 -30682.9 13430.753
4.97 268.14305 467.67359 21315.455 -28385 2404.48 -30789.5 13351.954
4.98 269.85059 -272.9496 21569.943 -28355.3 2419.79 -30775.1 13512.592
4.99 273.15266 651.52015 21464.212 -28125.3 2449.4 -30574.7 13528.277
5 275.16694 -383.29675 21764.603 -28289.7 2467.47 -30757.2 13694.842
5.01 272.34481 -165.50469 21621.604 -28223.5 2442.16 -30665.6 13653.098
5.02 260.75591 -476.85278 21652.134 -28187.9 2338.24 -30526.1 13669.007
5.03 271.92218 1152.7911 21275.353 -28355.2 2438.37 -30793.6 13556.691
5.04 284.66245 34.438776 21547.561 -28334.7 2552.61 -30887.3 13688.338
5.05 276.8706 -94.794984 21476.842 -28265 2482.74 -30747.7 13692.798
5.06 261.47676 792.10316 21358.1 -28489.2 2344.7 -30833.9 13658.736
5.07 275.09535 1031.0535 21271.345 -28140.2 2466.82 -30607.1 13657.436
5.08 266.87981 262.29314 21342.962 -28324.1 2393.15 -30717.3 13724.538
5.09 272.2598 689.39515 21413.09 -28140.6 2441.4 -30582 13794.894
5.1 265.65651 -167.70074 21555.633 -28341.8 2382.18 -30724 13880.79
5.11 276.99794 311.63538 21556.519 -28458.9 2483.88 -30942.8 13913.349
5.12 271.98117 185.07275 21392.524 -28341.1 2438.9 -30780 13796.121
5.13 282.12489 217.47414 21265.942 -28271.1 2529.86 -30801 13759.438
5.14 255.61453 43.759752 21579.163 -28300.5 2292.14 -30592.7 13946.677
5.15 281.22581 -190.64847 21389.385 -28186.7 2521.8 -30708.5 13889.708
5.16 275.08881 260.33439 21547.553 -28169.7 2466.77 -30636.4 14006.747
5.17 286.39096 80.79226 21639.911 -28165.3 2568.11 -30733.4 14059.671
5.18 266.26265 130.91366 21446.956 -28531.5 2387.62 -30919.2 14040.601
5.19 285.7151 -208.21223 21373.081 -28113.5 2562.05 -30675.6 14017.955
5.2 278.14646 -182.89767 21630.992 -28017 2494.18 -30511.1 14159.946
5.21 280.72881 -661.51191 21637.587 -28189.6 2517.34 -30707 14137.313
5.22 268.29763 -214.84135 21421.839 -28248.9 2405.87 -30654.8 14087.018
5.23 287.27492 -300.59348 21594.512 -28115.3 2576.04 -30691.3 14187.308
5.24 270.29246 143.46752 21393.986 -28306.3 2423.76 -30730.1 14160.219
5.25 278.64797 -159.34812 21422.806 -28211.5 2498.68 -30710.2 14171.924
5.26 271.55689 -483.06319 21291.213 -28216 2435.09 -30651.1 14108.461
5.27 283.70303 112.64963 21522.425 -28245.3 2544.01 -30789.3 14302.709
5.28 283.4683 -666.94212 21442.928 -28147.2 2541.91 -30689.1 14276.855
5.29 270.90989 477.35787 21444.174 -28251.3 2429.29 -30680.6 14346.695
5.3 274.61254 696.39889 21402.485 -28429.8 2462.49 -30892.3 14296.552
5.31 277.27808 211.03791 21521.098 -28173.9 2486.4 -30660.3 14374.12
5.32 270.36313 482.00316 21431.646 -28244.3 2424.39 -30668.7 14337.643
5.33 283.31372 509.61063 21598.457 -28077.2 2540.52 -30617.7 14446.436
5.34 257.03072 599.7094 21509.964 -28258.4 2304.84 -30563.2 14460.249
5.35 271.19901 -123.9334 21474.386 -28273.9 2431.88 -30705.8 14514.604
5.36 268.08839 84.892151 21565.554 -28429.7 2403.99 -30833.7 14591.082
5.37 281.41768 173.19751 21428.178 -28394.9 2523.52 -30918.5 14579.391
5.38 273.43932 -163.7641 21511.148 -28308 2451.97 -30760 14644.577
5.39 278.16084 -337.19509 21388.462 -28133.9 2494.31 -30628.2 14587.052
5.4 262.44638 -737.83512 21591.357 -28243.5 2353.4 -30596.9 14682.646
5.41 262.4771 -1643.6741 21646.603 -28333.5 2353.67 -30687.2 14769.524
5.42 277.52246 -212.54832 21646.057 -28136.5 2488.59 -30625.1 14813.307
5.43 277.26397 -410.67805 21374.577 -28371.1 2486.27 -30857.3 14679.26
5.44 281.01364 290.40084 21325.139 -28191 2519.89 -30710.9 14681.916
5.45 264.76299 449.94796 21391.285 -28341.9 2374.17 -30716.1 14716.458
5.46 267.94883 -580.54805 21479.054 -28178.3 2402.74 -30581.1 14790.36
5.47 273.34644 363.68646 21494.225 -28513.2 2451.14 -30964.4 14858.05
5.48 280.48618 -70.623815 21393.497 -28180.7 2515.16 -30695.9 14792.079
5.49 263.30998 -114.10742 21253.674 -28392.5 2361.14 -30753.7 14748.658
5.5 274.06611 321.52384 21468.164 -28217.2 2457.59 -30674.7 14871.406
5.51 268.39771 -253.67244 21530.611 -28274 2406.76 -30680.8 14903.189
5.52 276.26163 1140.8013 21251.59 -28287.6 2477.28 -30764.8 14786.895
5.53 262.86383 -220.27849 21578.079 -28369.1 2357.14 -30726.3 14911.669
5.54 275.9033 -372.23666 21521.339 -28134.4 2474.07 -30608.4 14936.482
5.55 276.58143 -1165.5806 21766.718 -28173.9 2480.15 -30654.1 15088.568
5.56 289.17432 -594.24389 21515.256 -28043.1 2593.07 -30636.2 15009.981
5.57 268.67309 -1014.5445 21633.716 -28212.8 2409.23 -30622 15087.928
5.58 277.9324 308.99875 21371.767 -28200.5 2492.26 -30692.8 14997.331
5.59 257.85742 -776.8706 21767.871 -28330.6 2312.25 -30642.9 15213.553
5.6 278.43725 481.87301 21467.732 -28265.1 2496.79 -30761.9 15084.253
5.61 269.20174 -794.78692 21617.632 -28512.9 2413.97 -30926.9 15166.366
5.62 266.99784 315.29339 21596.104 -28111.2 2394.21 -30505.4 15245.86
5.63 258.97464 1586.1508 21153.325 -28424.3 2322.27 -30746.6 15034.69
5.64 251.92964 -249.49052 21517.391 -28502.9 2259.09 -30762 15229.474
5.65 269.64163 1636.8291 21130.349 -28333 2417.92 -30750.9 15060.373
5.66 261.49277 701.60318 21502.636 -28301.9 2344.85 -30646.7 15295.358
5.67 274.87475 -999.96303 21625.856 -28232.6 2464.85 -30697.5 15351.452
5.68 266.68205 -163.2406 21449.646 -28456.7 2391.38 -30848.1 15318.428
5.69 266.30689 -430.02743 21554.554 -28356.1 2388.02 -30744.1 15364.555
5.7 271.7029 177.58254 21422.552 -28049.3 2436.4 -30485.7 15272.259
5.71 270.52545 -653.19144 21436.976 -28329 2425.84 -30754.9 15291.579
5.72 273.05666 -1203.8817 21317.506 -28143.9 2448.54 -30592.5 15246.032
5.73 268.63083 -612.4329 21499.964 -28361.9 2408.86 -30770.8 15334.735
5.74 274.74369 -875.1536 21612.078 -28334.2 2463.67 -30797.9 15418.716
5.75 281.28276 -868.76353 21825.161 -27907 2522.31 -30429.3 15545.442
5.76 270.91472 389.59322 21428.514 -28280.8 2429.34 -30710.1 15397.618
5.77 276.09154 -175.87888 21615.86 -28208.4 2475.76 -30684.2 15503.615
5.78 273.06452 125.14845 21517.184 -28080.8 2448.61 -30529.4 15501.412
5.79 268.10793 -944.88639 21557.082 -28339.3 2404.17 -30743.5 15506.501
5.8 290.85878 -293.80572 21715.507 -28079 2608.18 -30687.1 15628.702
5.81 279.28463 125.38855 21574.428 -28331.9 2504.39 -30836.3 15587.985
5.82 270.48456 -811.9022 21688.541 -28364.7 2425.48 -30790.2 15670.726
5.83 259.52909 -15.603354 21460.285 -28286.8 2327.24 -30614.1 15586.55
5.84 275.33143 13.594445 21376.544 -28277.9 2468.94 -30746.9 15556.232
5.85 277.18244 406.74645 21597.461 -27986.7 2485.54 -30472.3 15650.521
5.86 274.70439 -512.81604 21545.111 -28248.7 2463.32 -30712 15622.854
5.87 265.19928 -89.267573 21580.297 -28253 2378.08 -30631.1 15617.397
5.88 289.05271 -112.5292 21533.04 -27981.6 2591.98 -30573.5 15626.001
5.89 270.67145 -704.87887 21758.778 -28190.4 2427.15 -30617.6 15715.61
5.9 274.04362 -577.78907 21762.425 -28216.7 2457.39 -30674.1 15718.326
5.91 277.62164 -553.57742 21584.911 -28280.6 2489.48 -30770.1 15642.363
5.92 281.93211 306.43609 21432.609 -28201 2528.13 -30729.2 15667.743
5.93 270.4073 -31.045601 21613.431 -28183.8 2424.79 -30608.6 15769.716
5.94 262.36342 507.14632 21457.617 -28552.4 2352.65 -30905 15665.622
5.95 277.63747 754.26657 21501.884 -28217.7 2489.62 -30707.3 15691.052
5.96 271.21427 -52.886038 21456.892 -28403.6 2432.02 -30835.6 15723.34
5.97 282.94921 -424.07684 21500.751 -28009.1 2537.25 -30546.3 15773.907
5.98 270.13068 625.35638 21374.39 -28309 2422.3 -30731.3 15712.541
5.99 268.77483 644.74716 21556.097 -28399 2410.15 -30809.1 15876.07
6 285.29141 1572.9232 21204.277 -28058.8 2558.25 -30617 15770.517
6.01 269.81219 -305.22268 21365.801 -28324.3 2419.45 -30743.7 15919.106
6.02 279.15847 883.72693 21368.454 -28117 2503.26 -30620.3 15947.619
6.03 277.02586 -382.4338 21539.424 -28327.6 2484.13 -30811.7 16077.3
6.04 275.96826 111.96326 21521.082 -28042.1 2474.65 -30516.7 16119.998
6.05 267.51114 -227.22375 21616.511 -28242.2 2398.81 -30641 16216.14
6.06 265.37489 699.20449 21391.765 -28121 2379.66 -30500.7 16130.303
6.07 275.52179 -299.27175 21381.39 -28191.3 2470.65 -30662 16137.816
6.08 265.08739 -426.38368 21782.198 -28130.9 2377.08 -30508 16317.194
6.09 268.03906 505.57039 21564.797 -28482.1 2403.55 -30885.7 16276.524
6.1 262.81609 279.0244 21564.387 -28288.1 2356.71 -30644.8 16307.126
6.11 269.11251 86.845106 21453.068 -28180 2413.17 -30593.1 16270.216
6.12 275.61341 309.87331 21472.283 -28286.3 2471.47 -30757.8 16296.243
6.13 261.9578 -996.25169 21619.891 -28475.1 2349.02 -30824.1 16392.495
6.14 269.09458 -554.66033 21443.319 -28263.3 2413.01 -30676.3 16314.889
6.15 260.05858 -224.3013 21481.101 -28410.1 2331.99 -30742.1 16346.772
6.16 270.58377 601.9601 21460.432 -28259.4 2426.37 -30685.8 16350.861
6.17 269.02599 907.04892 21574.711 -28119.6 2412.4 -30532 16394.198
6.18 265.64244 -12.769019 21511.51 -28284.4 2382.06 -30666.4 16360.765
6.19 281.81433 -347.69649 21487.031 -28237.1 2527.07 -30764.1 16424.115
6.2 277.30505 -19.291121 21696.812 -28282.7 2486.64 -30769.4 16543.324
6.21 269.34346 -329.3541 21589.974 -28213 2415.25 -30628.3 16510.853
6.22 266.06722 -131.03563 21379.349 -28257.7 2385.87 -30643.5 16418.1
6.23 283.37288 -626.98047 21580.982 -28291.8 2541.05 -30832.8 16535.374
6.24 296.09644 -1031.8457 21580.933 -27868.1 2655.14 -30523.2 16546.725
6.25 271.25607 135.8636 21383.858 -28254.4 2432.4 -30686.8 16488.464
6.26 289.64527 -980.71264 21637.866 -28115.7 2597.3 -30713 16628.97
6.27 285.38211 162.85035 21506.678 -28370.4 2559.07 -30929.5 16551.561
6.28 267.90853 1081.8955 21227.9 -28411.4 2402.38 -30813.8 16429.642
6.29 283.17744 -241.90544 21568.512 -28063.2 2539.3 -30602.5 16652.02
6.3 274.34603 -235.45106 21464.786 -28138.8 2460.1 -30598.9 16638.337
6.31 267.99938 -172.38313 21465.693 -28361.6 2403.19 -30764.8 16693.752
6.32 285.8571 977.14489 21465.353 -28068.4 2563.33 -30631.8 16746.532
6.33 271.72143 500.55942 21385.677 -28265.5 2436.57 -30702 16745.36
6.34 268.9746 248.18578 21435.525 -28454.4 2411.94 -30866.3 16812.325
6.35 262.54549 -49.43232 21532.05 -28282.8 2354.29 -30637.1 16912.179
6.36 297.20389 -475.50046 21621.46 -27859.8 2665.07 -30524.9 16984.516
6.37 272.61082 434.39103 21498.315 -28159.9 2444.54 -30604.5 16956.601
6.38 277.83605 29.901449 21344.1 -28332.3 2491.4 -30823.7 16980.536
6.39 279.74068 859.68764 21418.818 -28159.6 2508.48 -30668.1 17036.913
6.4 260.51701 -479.65412 21479.525 -28511.4 2336.1 -30847.5 17079.807
6.41 268.33284 -460.34856 21539.248 -28291.2 2406.18 -30697.4 17102.96
6.42 257.99607 -663.96866 21613.08 -28307.2 2313.49 -30620.7 17122.121
6.43 276.76567 -519.08794 21456.38 -28146.4 2481.8 -30628.2 17032.634
6.44 281.7096 130.94147 21714.601 -28109.7 2526.13 -30635.8 17225.17
6.45 274.60492 58.533663 21297.164 -28248.8 2462.43 -30711.2 16997.866
6.46 277.74366 -902.21004 21593.21 -28096.4 2490.57 -30587 17225.959
6.47 278.68204 56.364979 21464.198 -28292.8 2498.99 -30791.8 17204.926
6.48 275.51937 -235.875 21616.189 -28084.3 2470.63 -30555 17301.439
6.49 266.95292 780.14112 21460.041 -28223.7 2393.81 -30617.6 17309.487
6.5 282.0934 711.50178 21264.412 -28392.3 2529.58 -30921.9 17259.654
6.51 261.75849 -280.60839 21395.355 -28338.9 2347.23 -30686.1 17377.544
6.52 282.32908 -7.6614485 21540.205 -28126 2531.69 -30657.6 17470.079
6.53 260.45526 105.01464 21355.682 -28406.8 2335.54 -30742.4 17411.633
6.54 274.32507 -164.02742 21469.352 -28302.8 2459.92 -30762.7 17437.999
6.55 275.10121 -481.76626 21440.677 -28000.1 2466.88 -30466.9 17476.357
6.56 264.48033 282.14856 21301.35 -28347.7 2371.64 -30719.4 17407.001
6.57 273.53683 283.74564 21506.015 -28434.7 2452.85 -30887.6 17526.801
6.58 272.54222 -27.110369 21540.98 -28176.2 2443.93 -30620.2 17603.515
6.59 266.12506 -723.01569 21838.074 -28073.7 2386.39 -30460.1 17852.769
6.6 264.35183 -950.81483 21645.005 -28278.4 2370.48 -30648.9 17754.063
6.61 270.98338 113.42902 21642.278 -28229.7 2429.95 -30659.7 17783.26
6.62 282.52236 537.27194 21473.902 -28226.2 2533.42 -30759.6 17666.219
6.63 275.17186 -1739.9533 21706.487 -28145.8 2467.51 -30613.3 17819.278
6.64 272.60435 742.94958 21376.158 -28263.6 2444.49 -30708.1 17665.95
6.65 275.02881 -944.01734 21754.845 -28213.2 2466.23 -30679.4 17901.631
6.66 263.66483 190.51256 21364.68 -28456.7 2364.32 -30821 17703.676
6.67 267.87133 -964.62509 21833.561 -28400.4 2402.04 -30802.5 17953
6.68 278.2192 -152.94072 21755.867 -28378.6 2494.84 -30873.4 17944.886
6.69 282.81608 -625.73095 21338.611 -28188.8 2536.06 -30724.9 17720.55
6.7 271.64061 -627.21785 21779.991 -27943.8 2435.84 -30379.7 18037.804
6.71 282.56066 966.16615 21285.338 -28179.8 2533.77 -30713.6 17783.787
6.72 286.33457 -620.12337 21643.859 -28032 2567.61 -30599.6 17999.17
6.73 271.65856 -446.32235 21609.304 -28213.1 2436.01 -30649.1 17995.689
6.74 271.78181 -580.08161 21538.76 -28354.7 2437.11 -30791.8 17940.636
6.75 279.33856 211.32364 21550.953 -28059.4 2504.87 -30564.3 18005.09
6.76 264.34129 -101.93946 21279.417 -28329.4 2370.39 -30699.8 17889.325
6.77 273.01936 367.06664 21550.701 -28098.2 2448.21 -30546.4 18126.13
6.78 273.68865 837.79925 21450.282 -28254.5 2454.21 -30708.7 18150.019
6.79 279.69658 397.62876 21410.924 -28091.2 2508.08 -30599.3 18162.201
6.8 273.04546 -858.56979 21670.041 -28177.6 2448.44 -30626 18352.877
6.81 276.08526 120.81627 21679.006 -28230.6 2475.7 -30706.3 18306.437
6.82 261.89251 742.29514 21372.997 -28450.2 2348.43 -30798.6 18147.383
6.83 264.11436 -484.72247 21547.073 -28230 2368.36 -30598.3 18291.509
6.84 274.6159 -493.56196 21410.517 -28278.9 2462.52 -30741.4 18198.407
6.85 280.90785 -398.17645 21377.365 -28130.9 2518.95 -30649.9 18178.128
6.86 272.1569 -531.4557 21474.628 -28275.2 2440.47 -30715.7 18260.4
6.87 272.57459 937.86246 21482.048 -28123.7 2444.22 -30568 18265.499
6.88 268.77957 -176.06324 21612.219 -28263.1 2410.19 -30673.3 18429.301
6.89 282.80952 1055.2613 21378.742 -28252.3 2536 -30788.3 18330.046
6.9 262.06607 25.826586 21636.075 -28355.5 2349.99 -30705.5 18504.475
6.91 281.30592 1078.1673 21509.233 -28137.6 2522.51 -30660.1 18491.092
6.92 272.46546 477.94837 21335.825 -28233.5 2443.24 -30676.8 18416.534
6.93 273.66888 719.38381 21437.604 -28182.6 2454.03 -30636.6 18520.05
6.94 278.99687 544.53732 21249.341 -28246.7 2501.81 -30748.5 18415.57
6.95 272.53782 -261.30811 21511.579 -28308.1 2443.89 -30751.9 18635.118
6.96 278.73554 2.6711516 21505.529 -28240.1 2499.47 -30739.6 18726.305
6.97 264.84086 -497.66147 21606.136 -28400.3 2374.87 -30775.2 18783.746
6.98 284.98465 933.32877 21203.594 -28146.3 2555.5 -30701.8 18625.005
6.99 262.67946 -273.84196 21504.679 -28285.6 2355.49 -30641.1 18819.056
7 262.56834 -499.22074 21555.588 -28381.6 2354.49 -30736.1 18851.403
7.01 280.83987 663.09569 21463.193 -28151.8 2518.34 -30670.2 18815.489
7.02 265.40936 331.54123 21406.376 -28315.9 2379.97 -30695.8 18817.353
7.03 278.0981 644.60304 21323.025 -28215 2493.75 -30708.8 18756.041
7.04 268.24946 -167.57791 21413.543 -28248.7 2405.44 -30654.1 18852.792
7.05 254.00838 -877.11443 21679.206 -28394.9 2277.73 -30672.6 19068.066
7.06 269.38174 88.62101 21499.538 -28263.2 2415.59 -30678.7 19030.47
7.07 260.52829 -945.16856 21513.533 -28285.1 2336.2 -30621.3 19106.821
7.08 262.48817 315.78302 21355.345 -28579.7 2353.77 -30933.5 18938.036
7.09 277.28426 54.78337 21550.275 -28194.1 2486.45 -30680.5 19071.058
7.1 269.74035 832.44674 21346.709 -28464.8 2418.8 -30883.6 18897.865
7.11 281.62034 194.16467 21366.682 -28146.9 2525.33 -30672.2 18952.358
7.12 271.21872 1089.6908 21290.672 -28281.3 2432.06 -30713.3 18897.333
7.13 277.8598 -695.07718 21712.96 -28158.6 2491.61 -30650.2 19195.412
7.14 257.29857 -410.41703 21537.473 -28441.6 2307.24 -30748.9 19092.94
7.15 264.99246 385.25272 21562.235 -28179.5 2376.23 -30555.7 19170.88
7.16 263.57253 -615.09441 21587.491 -28337.2 2363.5 -30700.7 19200.406
7.17 281.81353 -320.7124 21638.412 -28196.2 2527.07 -30723.2 19239.207
7.18 264.76814 486.75652 21379.592 -28176 2374.22 -30550.2 19038.351
7.19 260.83904 -124.88261 21415.558 -28306.2 2338.99 -30645.2 19094.736
7.2 267.81504 -764.52084 21354.509 -28414.1 2401.54 -30815.7 19066.108
7.21 270.69799 206.53518 21570.661 -28293.5 2427.39 -30720.9 19290.997
7.22 268.38146 -712.31867 21490.54 -28266.3 2406.62 -30672.9 19285.106
7.23 266.79769 574.12281 21421.273 -28250 2392.42 -30642.4 19261.89
7.24 269.13407 -0.96512197 21448.086 -28422.6 2413.37 -30836 19285.881
7.25 271.21936 -425.80119 21484.852 -28202.6 2432.07 -30634.6 19339.418
7.26 277.1903 -1174.9245 21626.357 -28177.8 2485.61 -30663.4 19473.931
7.27 275.76511 81.406912 21426.667 -28397.9 2472.83 -30870.7 19433.397
7.28 275.18213 -347.08375 21529.304 -28264.7 2467.6 -30732.3 19508.513
7.29 270.67146 355.60633 21348.655 -28414.8 2427.15 -30842 19424.533
7.3 270.49088 -610.08917 21543.092 -28127.6 2425.53 -30553.1 19540.742
7.31 268.76841 513.3227 21542.07 -28357.2 2410.09 -30767.3 19579.332
7.32 260.7342 139.06217 21427.907 -28533.9 2338.05 -30871.9 19535.19
7.33 283.48191 140.13305 21440.874 -28142.5 2542.03 -30684.6 19579.605
7.34 270.66712 324.36449 21610.675 -28287.9 2427.12 -30715 19738.362
7.35 272.39903 -335.91487 21606.714 -28292.4 2442.65 -30735 19752.686
7.36 276.76863 475.24599 21448.763 -28355.5 2481.83 -30837.3 19667.416
7.37 266.77211 274.53192 21313.149 -28358.4 2392.19 -30750.6 19551.889
7.38 268.47625 673.45058 21377.086 -28100.9 2407.47 -30508.4 19663.603
7.39 277.08162 425.5687 21484.185 -28441 2484.63 -30925.6 19732.351
7.4 281.08997 -529.49893 21448.101 -28208.8 2520.58 -30729.4 19763.591
7.41 278.57159 -581.36577 21546.362 -28237 2498 -30735 19785.188
7.42 273.71873 -416.39731 21675.963 -28196.8 2454.48 -30651.3 19900.896
7.43 269.3489 -493.01053 21725.77 -28195.1 2415.29 -30610.4 19947.406
7.44 269.8846 -115.56823 21548.646 -28433.8 2420.1 -30853.9 19807.622
7.45 280.49725 499.57644 21334.141 -28279 2515.26 -30794.2 19697.377
7.46 270.61362 -1020.1852 21500.046 -28226.8 2426.64 -30653.4 19806.616
7.47 275.73475 605.00445 21427.117 -28162.7 2472.56 -30635.3 19804.384
7.48 254.31929 -552.83351 21531.316 -28601.3 2280.52 -30881.8 19902.593
7.49 275.11842 1202.3854 21362.974 -28127.9 2467.03 -30594.9 19869.148
7.5 273.20427 482.55774 21510.051 -28341.9 2449.87 -30791.7 19938.287
7.51 290.09781 -21.98677 21456.769 -27842 2601.35 -30443.4 19923.5
7.52 277.9994 -101.25532 21394.216 -28380 2492.86 -30872.8 19901.033
7.53 271.56145 -107.83088 21466.004 -28218.7 2435.13 -30653.8 19998.332
7.54 262.56745 365.49457 21518.295 -28387.8 2354.48 -30742.3 20014.582
7.55 268.6314 276.919 21347.95 -28151.9 2408.86 -30560.7 19939.698
7.56 262.01661 712.63923 21384.233 -28205.2 2349.54 -30554.8 19941.797
7.57 279.68718 349.43266 21494.541 -28153.2 2508 -30661.2 20039.821
7.58 271.5116 -790.44423 21654.052 -28049.2 2434.69 -30483.9 20146.089
7.59 270.67112 -239.05622 21616.698 -28333.2 2427.15 -30760.3 20146.315
7.6 271.87734 270.52078 21414.816 -28181.5 2437.97 -30619.5 20062.357
7.61 289.75304 -304.99361 21516.463 -28001.9 2598.26 -30600.1 20137.855
7.62 271.87408 448.62548 21581.664 -28280 2437.94 -30717.9 20190.178
7.63 288.36199 -253.91977 21489.437 -27846.1 2585.79 -30431.9 20182.808
7.64 260.32687 79.878331 21634.733 -28290 2334.39 -30624.4 20362.071
7.65 279.07504 0.74615651 21237.371 -28296 2502.51 -30798.5 20150.571
7.66 263.83873 440.66884 21465.777 -28295.1 2365.88 -30661 20371.269
7.67 256.80446 -196.19948 21492.989 -28311.3 2302.81 -30614.1 20380.471
7.68 258.45334 -759.02923 21497.972 -28305.4 2317.59 -30623 20451.577
7.69 270.42741 -1125.4055 21643.887 -28239 2424.97 -30664 20561.373
7.7 262.33294 1377.0709 21293.064 -28260.1 2352.38 -30612.5 20338.871
7.71 259.0189 398.6515 21410.638 -28417.4 2322.66 -30740 20466.718
7.72 265.0907 -343.15617 21631.397 -28203.7 2377.11 -30580.8 20663.732
7.73 280.26881 -138.84423 21446.493 -28379 2513.21 -30892.3 20626.779
7.74 285.48791 -117.306 21523.31 -28146.3 2560.02 -30706.3 20648.605
7.75 264.14274 425.36495 21574.717 -28383.8 2368.61 -30752.4 20688.28
7.76 264.64311 429.84095 21483.467 -28267.9 2373.1 -30641 20627.349
7.77 265.71552 -151.4173 21477.886 -28214.8 2382.71 -30597.5 20677.775
7.78 274.52182 -718.64567 21638.923 -28188.9 2461.68 -30650.6 20814.776
7.79 270.91867 973.32763 21229.323 -28292.1 2429.37 -30721.5 20582.8
7.8 279.85019 -267.45751 21374.612 -28182.3 2509.46 -30691.7 20715.893
7.81 271.96889 -187.78483 21409.445 -28291.5 2438.79 -30730.3 20760.122
7.82 263.87037 272.5989 21399.26 -28463.3 2366.17 -30829.4 20775.299
7.83 270.48137 310.55055 21405.907 -28249.5 2425.45 -30675 20770.495
7.84 269.82707 -538.45972 21599.704 -28181.2 2419.58 -30600.8 20959.615
7.85 271.2028 190.22473 21494.531 -27979.2 2431.92 -30411.1 20922.733
7.86 271.54764 -385.71014 21629.558 -28216.5 2435.01 -30651.6 21061.047
7.87 276.04072 945.30821 21319.287 -28154.6 2475.3 -30629.9 20901.958
7.88 274.08554 161.34962 21430.818 -28294.1 2457.77 -30751.9 21033.326
7.89 276.31261 210.11419 21282.123 -28185.8 2477.74 -30663.5 21030.36
7.9 278.55414 -307.14901 21597.577 -28507 2497.84 -31004.8 21284.652
7.91 266.11513 -372.24701 21599.69 -28205.6 2386.3 -30591.9 21277.412
7.92 278.59571 -786.59562 21581.432 -28155.6 2498.21 -30653.8 21332.415
7.93 272.4394 134.77061 21563.468 -28207.4 2443.01 -30650.4 21350.467
7.94 267.80099 896.4126 21432.114 -28264.1 2401.41 -30665.5 21341.711
7.95 280.87292 528.45732 21586.481 -28243.2 2518.63 -30761.9 21408.032
7.96 273.26549 -804.13172 21428.408 -28440 2450.42 -30890.4 21253.374
7.97 262.16141 245.85942 21317.904 -28127.4 2350.84 -30478.3 21185.536
7.98 283.57169 -158.29096 21416.752 -28185.4 2542.83 -30728.2 21279.643
7.99 288.05427 297.05884 21438.148 -28085.5 2583.03 -30668.5 21328.469
8 265.7128 117.09223 21520.569 -28233.1 2382.69 -30615.8 21379.591
8.01 285.2655 -284.10882 21490.303 -28158.5 2558.02 -30716.6 21373.496
8.02 260.42326 -264.94426 21562.404 -28290 2335.26 -30625.2 21426.877
8.03 283.53755 40.885858 21499.802 -28271.7 2542.53 -30814.2 21451.17
8.04 280.66059 130.74848 21461.802 -28191 2516.73 -30707.7 21430.176
8.05 259.74925 -576.3363 21651.62 -28339.2 2329.21 -30668.4 21564.165
8.06 272.83773 -14.259618 21474.887 -28347 2446.58 -30793.5 21511.458
8.07 274.52975 -246.30863 21435.271 -28148.5 2461.75 -30610.2 21471.309
8.08 280.82696 565.05085 21385.899 -28157.4 2518.22 -30675.6 21474.506
8.09 263.21397 -240.58879 21505.046 -28444.2 2360.28 -30804.5 21568.64
8.1 278.38675 485.65885 21507.868 -28249.1 2496.34 -30745.4 21592.619
8.11 270.77912 232.63717 21412.445 -28284.3 2428.12 -30712.5 21569.398
8.12 268.87132 492.72537 21483.192 -28379.5 2411.01 -30790.5 21664.568
8.13 278.0132 747.73101 21384.533 -28253.3 2492.99 -30746.3 21599.095
8.14 280.19854 742.45394 21539.272 -28057.4 2512.58 -30570 21756.065
8.15 274.7658 142.31766 21580.618 -28284 2463.87 -30747.9 21789.283
8.16 276.68953 -960.78802 21677.515 -28148.6 2481.12 -30629.7 21877.304
8.17 282.41677 949.6571 21164.039 -28394.3 2532.48 -30926.8 21584.245
8.18 275.49517 -30.547337 21627.822 -28166.6 2470.41 -30637 21964.464
8.19 261.52968 637.64483 21405.929 -28419.3 2345.18 -30764.5 21775.45
8.2 267.45645 -344.50826 21456.428 -28268.3 2398.32 -30666.6 21805.435
8.21 275.55674 -731.52793 21547.102 -28171.3 2470.96 -30642.2 21878.498
8.22 273.61272 -644.6199 21724.199 -28351.2 2453.53 -30804.7 22019.772
8.23 273.91919 761.24115 21330.586 -28395.2 2456.28 -30851.4 21782.064
8.24 280.09416 802.63897 21345.177 -28227 2511.65 -30738.7 21864.977
8.25 262.86292 -193.11646 21481.788 -28381.5 2357.13 -30738.6 22008.189
8.26 262.58431 -129.20733 21590.948 -28254.6 2354.64 -30609.2 22126.313
8.27 265.28438 1073.9998 21305.47 -28191.9 2378.85 -30570.7 21955.523
8.28 264.59049 -180.16083 21585.647 -28284.8 2372.62 -30657.4 22196.437
8.29 275.96636 482.34735 21416.472 -28251.8 2474.63 -30726.4 22108.182
8.3 279.1455 -893.34349 21646.06 -28088.9 2503.14 -30592.1 22291.168
8.31 264.76827 -216.11383 21479.747 -28279.1 2374.22 -30653.3 22184.962
8.32 280.1276 -775.24433 21496.43 -28081.3 2511.95 -30593.2 22246.299
8.33 272.74527 305.47281 21398.394 -28169.2 2445.75 -30614.9 22150.533
8.34 283.52007 474.97739 21314.435 -28180.6 2542.37 -30723 22106.39
8.35 266.22273 1918.5044 21241.371 -28166.6 2387.26 -30553.8 22038.261
8.36 284.30663 607.49238 21411.389 -28344.8 2549.42 -30894.2 22212.374
8.37 290.0293 -44.562861 21574.956 -28228 2600.74 -30828.7 22365.349
8.38 277.61056 597.01408 21544.584 -28294 2489.38 -30783.4 22423.885
8.39 274.64633 568.94297 21269.374 -28332.7 2462.8 -30795.5 22219.842
8.4 281.86324 -353.86133 21646.444 -28155.2 2527.51 -30682.7 22543.288
8.41 282.75679 1941.6649 21170.205 -28168.1 2535.53 -30703.7 22317.945
8.42 281.63834 334.11846 21583.278 -28174.4 2525.5 -30699.9 22654.214
8.43 266.98966 -764.6976 21530.304 -28220.8 2394.14 -30614.9 22582.691
8.44 275.8228 308.1717 21446.341 -28184.9 2473.35 -30658.2 22522.06
8.45 256.78922 -333.5458 21574.424 -28333.9 2302.67 -30636.6 22662.523
8.46 273.66793 210.56256 21288.939 -28265.6 2454.02 -30719.6 22507.33
8.47 281.95159 -109.0453 21482.889 -28075.6 2528.3 -30603.9 22718.13
8.48 270.73659 185.62849 21446.126 -28381.4 2427.74 -30809.2 22711.118
8.49 278.02555 375.49228 21619.204 -28139.2 2493.1 -30632.3 22858.179
8.5 280.17544 121.75369 21467.533 -28258.9 2512.38 -30771.2 22844.033
8.51 280.95734 -288.81986 21503.172 -28180.2 2519.39 -30699.6 22874.795
8.52 279.09748 468.15722 21629.554 -28397.6 2502.71 -30900.3 22990.09
8.53 281.20549 839.33588 21150.836 -28284.4 2521.61 -30806 22659.683
8.54 284.34378 -927.76618 21590.034 -28211.8 2549.76 -30761.5 22999.604
8.55 280.66034 743.78095 21269.987 -28184.9 2516.73 -30701.6 22777.937
8.56 280.58764 989.39155 21399.094 -28270.4 2516.07 -30786.4 22904.574
8.57 290.69553 88.29815 21707.458 -28208.5 2606.71 -30815.2 23175.439
8.58 268.35245 282.94927 21181.642 -28476.8 2406.36 -30883.2 22792.982
8.59 283.55676 -731.53408 21633.592 -28159.1 2542.7 -30701.8 23115.986
8.6 260.03579 -488.97412 21522.596 -28395.6 2331.78 -30727.3 23056.115
8.61 279.21926 992.64266 21336.72 -28287.2 2503.8 -30791 23002.691
8.62 281.08082 -859.73493 21787.275 -28120.9 2520.5 -30641.4 23347.047
8.63 274.39574 -372.90116 21760.653 -28187.5 2460.55 -30648 23328.312
8.64 272.98379 -545.53353 21483.114 -28459.8 2447.89 -30907.7 23096.625
8.65 275.06392 98.907207 21423.91 -28224.9 2466.54 -30691.4 23086.678
8.66 269.24021 108.02573 21578.919 -28348 2414.32 -30762.3 23202.645
8.67 283.31683 -1196.4284 21678.127 -28123.5 2540.55 -30664.1 23256.712
8.68 267.3537 -406.43644 21676.485 -28394.1 2397.4 -30791.5 23273.974
8.69 262.83517 44.092621 21752.099 -28313.6 2356.88 -30670.5 23361.231
8.7 281.88018 773.50258 21488.579 -28168.4 2527.66 -30696.1 23217.318
8.71 265.34041 -220.59089 21423.714 -28266.3 2379.35 -30645.6 23196.882
8.72 279.89374 122.68326 21495.52 -28308 2509.85 -30817.8 23293.028
8.73 266.24132 -403.3335 21454.682 -28249.4 2387.43 -30636.8 23291.78
8.74 280.70765 852.45067 21285.202 -28123.9 2517.15 -30641.1 23175.247
8.75 288.0309 482.73662 21464.833 -28115.2 2582.82 -30698 23329.833
8.76 269.76898 -670.13135 21517.618 -28193 2419.06 -30612 23422.54
8.77 254.21786 -558.54124 21537.52 -28523.3 2279.61 -30802.9 23431.51
8.78 271.06047 -462.32261 21525.113 -28163.8 2430.64 -30594.5 23444.528
8.79 270.92473 -218.68697 21600.579 -28274.4 2429.43 -30703.8 23526.909
8.8 284.33647 205.27703 21530.845 -27904.9 2549.69 -30454.6 23439.537
8.81 271.84723 -260.4611 21431.239 -28287.2 2437.7 -30724.9 23389.789
8.82 269.69738 -973.77363 21605.677 -28238.8 2418.42 -30657.2 23567.863
8.83 273.20663 71.82857 21596.773 -28234.5 2449.89 -30684.4 23589.219
8.84 283.08077 511.9387 21436.549 -28010.5 2538.43 -30548.9 23458.294
8.85 265.85231 742.83114 21371.273 -28333.5 2383.94 -30717.5 23464.615
8.86 300.99917 -387.36804 21530.251 -28118.8 2699.11 -30817.9 23616.545
8.87 268.18937 -232.63971 21555.818 -28311.5 2404.9 -30716.4 23649.111
8.88 275.38082 -894.42197 21658.016 -28039.2 2469.38 -30508.6 23720.876
8.89 270.37222 245.30541 21518.089 -28224.1 2424.47 -30648.5 23688.918
8.9 284.94204 -523.42196 21746.452 -28079.5 2555.12 -30634.6 23838.468
8.91 276.18914 -713.94434 21600.437 -28271.6 2476.63 -30748.2 23767.516
8.92 281.49173 -623.56868 21511.899 -28254.6 2524.18 -30778.8 23704.368
8.93 281.16669 -343.0724 21389.647 -28157.4 2521.27 -30678.7 23643.899
8.94 281.37869 699.67081 21261.663 -28319.6 2523.17 -30842.8 23532.634
8.95 270.17798 221.7136 21471.636 -28368.4 2422.73 -30791.1 23768.747
8.96 275.80868 55.295767 21357.644 -28212.3 2473.22 -30685.6 23798.995
8.97 284.06837 -1018.1724 21608.495 -28173.3 2547.29 -30720.5 24048.398
8.98 261.28386 15.787501 21387.262 -28534.8 2342.97 -30877.8 23914.32
8.99 268.37984 404.48858 21639.159 -28333.7 2406.6 -30740.3 24136.159
9 287.31893 -33.694021 21514.377 -28074.3 2576.43 -30650.8 24060.412
9.01 269.77724 132.34588 21496.182 -28331.3 2419.14 -30750.4 24036.813
9.02 254.17035 459.04709 21421.969 -28447 2279.19 -30726.2 24029.36
9.03 281.06799 -143.95429 21505.859 -28261 2520.38 -30781.4 24124.899
9.04 260.05757 -205.44576 21526.279 -28485.7 2331.98 -30817.7 24174.074
9.05 271.78904 -263.56066 21617.31 -28297.1 2437.18 -30734.3 24305.512
9.06 274.87438 -445.74722 21801.86 -28294.5 2464.84 -30759.3 24491.654
9.07 274.50916 199.14043 21333.74 -28214.9 2461.57 -30676.5 24145.967
9.08 282.6672 -441.3109 21689.537 -28099.7 2534.72 -30634.4 24388.567
9.09 276.30314 72.534905 21442.508 -28311 2477.65 -30788.7 24239.882
9.1 268.84505 -243.23389 21506.015 -28217.3 2410.78 -30628.1 24286.968
9.11 259.99237 10.1885 21434.007 -28432.8 2331.39 -30764.2 24230.726
9.12 255.55237 -380.26105 21584.339 -28214.9 2291.58 -30506.5 24394.346
9.13 268.37734 207.27042 21280.338 -28421.8 2406.58 -30828.4 24219.157
9.14 277.70237 -974.66119 21592.58 -28144.5 2490.2 -30634.7 24530.7
9.15 276.68634 654.87292 21536.007 -28291.1 2481.09 -30772.2 24524.132
9.16 266.10996 -107.22584 21589.442 -28220.5 2386.25 -30606.7 24548.57
9.17 273.40831 -769.94545 21533.921 -28182.3 2451.7 -30634 24485.578
9.18 275.05434 -238.79744 21547.016 -28095.3 2466.46 -30561.8 24522.639
9.19 267.70844 223.68518 21449.035 -28326.8 2400.58 -30727.4 24546.451
9.2 286.87585 -206.32391 21368.908 -28010.4 2572.46 -30582.9 24524.192
9.21 293.58857 231.866 21568.504 -28208.6 2632.66 -30841.3 24695.501
9.22 277.36473 687.71877 21385.559 -28293.6 2487.17 -30780.8 24589.993
9.23 266.41233 53.592227 21425.872 -28176.8 2388.96 -30565.8 24697.677
9.24 271.07943 882.78287 21333.426 -28228 2430.81 -30658.8 24647.97
9.25 274.22049 -230.3081 21280.246 -28164.4 2458.98 -30623.4 24637.225
9.26 269.6923 484.87791 21552.759 -28452.6 2418.37 -30871 24904.587
9.27 284.44409 652.36611 21263.791 -28241.3 2550.66 -30792 24699.266
9.28 278.19358 -45.369658 21547.359 -28147.8 2494.61 -30642.4 24948.21
9.29 267.35661 1089.4413 21427.274 -28430.6 2397.43 -30828.1 24876.32
9.3 267.86616 70.413047 21465.686 -28167.5 2402 -30569.5 24932.97
9.31 284.14107 95.269544 21465.848 -27983.3 2547.94 -30531.2 24912.093
9.32 274.19704 -150.32746 21470.143 -28313.5 2458.77 -30772.2 24880.668
9.33 282.42714 871.38768 21537.628 -28160.5 2532.57 -30693.1 24913.904
9.34 267.16138 86.366561 21501.23 -28120.4 2395.68 -30516.1 24890.857
9.35 262.48482 -61.707758 21521.013 -28349.7 2353.74 -30703.4 24920.388
9.36 272.67229 -338.71054 21428.421 -28208.9 2445.1 -30654 24901.979
9.37 281.4852 574.45916 21393.182 -28105.2 2524.12 -30629.3 24896.278
9.38 260.23371 -580.313 21554.826 -28419.7 2333.56 -30753.2 25048.245
9.39 271.38031 59.188626 21578.622 -28196.6 2433.51 -30630.1 25035.234
9.4 276.96437 260.90223 21536.508 -28261.4 2483.58 -30745 25007.771
9.41 271.50815 210.82555 21461.995 -28405.8 2434.66 -30840.5 24934.489
9.42 271.35251 -346.27006 21635.292 -28157 2433.26 -30590.3 25023.595
9.43 261.15703 -85.676418 21427.768 -28368.6 2341.84 -30710.4 24874.688
9.44 284.95013 -244.35675 21346.602 -28123.6 2555.19 -30678.8 24863.619
9.45 272.65231 683.12338 21148.365 -28127 2444.92 -30571.9 24784.382
9.46 288.69017 -876.20866 21605.626 -28112.5 2588.73 -30701.2 25128.572
9.47 267.24105 -54.341261 21469.016 -28342.3 2396.39 -30738.7 25007.968
9.48 271.9025 -219.54369 21607.506 -28245.4 2438.19 -30683.6 25192.423
9.49 265.83395 -715.27332 21845.7 -28115.4 2383.78 -30499.2 25403.33
9.5 283.44571 -706.98887 21813.05 -28154 2541.7 -30695.7 25372.899
9.51 279.42386 -328.02399 21590.197 -27970.8 2505.64 -30476.4 25305.503
9.52 259.03628 253.00827 21664.634 -28353.5 2322.82 -30676.3 25406.257
9.53 285.01869 -562.59378 21725.139 -27892.2 2555.81 -30448 25476.491
9.54 269.87784 203.1107 21374.841 -28330.9 2420.04 -30750.9 25210.223
9.55 263.01305 -86.645495 21563.972 -28288.6 2358.48 -30647.1 25348.167
9.56 272.79963 218.88707 21504.743 -28374.8 2446.24 -30821 25320.895
9.57 262.25896 -180.45407 21566.356 -28147.8 2351.72 -30499.5 25358.129
9.58 271.09082 -141.53651 21570.093 -28271.2 2430.91 -30702.1 25348.057
9.59 277.30595 -964.20988 21901.072 -28121.4 2486.65 -30608.1 25584.913
9.6 278.14597 423.60476 21519.908 -28290.8 2494.18 -30785 25249.269
9.61 284.67753 772.32115 21341.453 -28108.3 2552.75 -30661.1 25160.986
9.62 258.71683 456.179 21318.897 -28189.7 2319.95 -30509.6 25130.239
9.63 278.51486 -127.83712 21461.417 -28178 2497.49 -30675.5 25257.665
9.64 279.44429 -69.245315 21597.797 -28079.8 2505.82 -30585.6 25415.564
9.65 261.65264 823.68765 21406.635 -28306.1 2346.28 -30652.4 25307.097
9.66 278.11412 809.39056 21279.326 -28277.7 2493.89 -30771.6 25209.645
9.67 277.24426 -786.64897 21374.808 -28112.9 2486.09 -30599 25303.061
9.68 279.95312 -592.50943 21515.281 -28244.7 2510.38 -30755.1 25422.343
9.69 274.6204 388.1481 21675.757 -28153 2462.56 -30615.6 25561.714
9.7 264.01492 -710.17851 21699.431 -28272.2 2367.46 -30639.7 25676.608
9.71 277.17292 -247.14852 21465.473 -28132.7 2485.45 -30618.1 25522.737
9.72 271.81129 -27.639881 21380.98 -28278.6 2437.38 -30716 25495.261
9.73 272.55811 620.1935 21387.582 -28107.7 2444.07 -30551.8 25508.894
9.74 262.4029 -271.29059 21481.712 -28226.1 2353.01 -30579.1 25585.049
9.75 276.00747 -316.87427 21570.317 -28168.7 2475 -30643.7 25671.308
9.76 282.98945 697.55596 21593.876 -28014.8 2537.61 -30552.4 25759.704
9.77 260.9909 522.38089 21392.074 -28532.8 2340.35 -30873.1 25627.175
9.78 265.47003 -605.91342 21637.443 -28251.3 2380.51 -30631.8 25874.13
9.79 268.5713 355.29085 21314.628 -28257.8 2408.32 -30666.1 25615.53
9.8 270.86441 -995.4548 21746.887 -28403.3 2428.88 -30832.2 25936.643
9.81 261.46267 226.23812 21339.606 -28332.3 2344.58 -30676.9 25554.294
9.82 263.29112 1071.7194 21361.234 -28389.1 2360.97 -30750.1 25536.107
9.83 263.43099 -35.465275 21575.347 -28146.5 2362.23 -30508.7 25702.754
9.84 273.07912 940.81011 21424.078 -28327.7 2448.74 -30776.5 25581.846
9.85 279.85794 -271.62712 21495.476 -28184.5 2509.53 -30694.1 25601.166
9.86 256.17667 48.832709 21598.065 -28320.2 2297.18 -30617.4 25686.067
9.87 276.27908 -1073.1804 21765.559 -28214.4 2477.44 -30691.9 25819.625
9.88 261.47272 780.75691 21209.351 -28362.1 2344.67 -30706.8 25340.534
9.89 285.95821 -604.63978 21631.003 -28179.1 2564.23 -30743.3 25655.974
9.9 280.7413 768.73945 21240.348 -28197.7 2517.45 -30715.2 25400.713
9.91 267.29791 -445.28696 21552.397 -28309.9 2396.9 -30706.8 25654.328
9.92 279.94695 440.51002 21436.837 -28140 2510.33 -30650.3 25604.328
9.93 268.19474 161.06584 21405.791 -28404.5 2404.94 -30809.4 25607.809
9.94 287.09325 -222.09693 21665.476 -28144.8 2574.41 -30719.3 25898.086
9.95 267.3277 -166.47177 21553.843 -28300.4 2397.17 -30697.6 25880.01
9.96 263.21742 96.474291 21517.705 -28335.6 2360.31 -30695.9 25916.833
9.97 259.64416 24.23855 21536.279 -28393.7 2328.27 -30722 25982.769
9.98 278.33542 614.38705 21346.202 -28429.7 2495.88 -30925.5 25879.129
