0 257.70498 -427.83 21769.053 -29842.1 2310.88 -32153 5.571611
0.01 262.06248 92.773998 21556.185 -30131.7 2349.96 -32481.7 17.27281
0.02 263.68807 -399.85533 21683.101 -29774.3 2364.53 -32138.9 31.286953
0.03 260.71962 -246.99379 21696.13 -29901.5 2337.91 -32239.4 39.475138
0.04 261.63712 -857.2629 21949.984 -30141.5 2346.14 -32487.6 48.610344
0.05 266.59205 -253.8449 21853.671 -30222.3 2390.57 -32612.9 56.596753
0.06 284.33691 382.82704 21678.045 -30040.2 2549.69 -32589.9 63.996222
0.07 273.2455 -166.96464 21693.006 -29696.2 2450.24 -32146.5 70.995959
0.08 278.99973 -193.5751 21762.138 -29794.8 2501.83 -32296.7 82.302455
0.09 268.09074 -465.56236 21765.612 -30033.5 2404.01 -32437.5 91.719821
0.1 261.01328 279.18332 21754.714 -30124.1 2340.55 -32464.6 103.54138
0.11 251.30017 -188.83744 21765.704 -30217.1 2253.45 -32470.6 109.44077
0.12 265.51411 -17.246099 21894.194 -30195.4 2380.91 -32576.3 115.80256
0.13 270.46107 -1095.264 21978.839 -29860.4 2425.27 -32285.6 120.51518
0.14 272.0046 430.50767 21713.758 -29982.5 2439.11 -32421.6 127.00912
0.15 261.51085 24.390734 21779.204 -30333.6 2345.01 -32678.6 132.61302
0.16 280.05685 -195.93288 22003.9 -30051.5 2511.31 -32562.8 139.22839
0.17 269.70219 925.19865 21690.012 -30361.9 2418.46 -32780.3 143.68261
0.18 264.4917 327.94419 21785.505 -30726.7 2371.74 -33098.4 145.50967
0.19 254.67505 -751.50412 22061.462 -30918.3 2283.71 -33202 150.41587
0.2 271.30285 86.964102 21954.799 -30824.3 2432.82 -33257.1 151.84412
0.21 263.53128 -297.46186 22086.213 -31116.8 2363.13 -33480 156.07764
0.22 281.22445 -32.547122 21856.323 -31167.2 2521.78 -33689 156.61826
0.23 263.59891 345.78918 21892.477 -32053 2363.73 -34416.7 157.02843
0.24 278.44452 255.66236 21949.563 -31962.4 2496.86 -34459.3 157.9511
0.25 245.08447 410.04854 21864.595 -32387.4 2197.71 -34585.2 157.29608
0.26 264.77496 157.73456 21962.533 -32029.4 2374.28 -34403.7 157.81095
0.27 264.96677 -34.062898 21991.693 -32214.8 2376 -34590.8 157.71251
0.28 277.54775 -498.74352 22122.731 -31946.4 2488.81 -34435.2 157.98812
0.29 257.31517 -84.535595 22025.243 -32196.8 2307.39 -34504.1 157.83187
0.3 270.76457 -791.91167 22207.431 -32004.6 2427.99 -34432.6 158.54431
0.31 271.89445 -319.53569 22097.76 -32126.5 2438.12 -34564.6 158.18902
0.32 271.41038 -961.89878 22262.322 -32211.2 2433.78 -34645 158.74983
0.33 270.34418 -127.3826 22051.097 -31973.5 2424.22 -34397.7 157.76503
0.34 285.81233 -198.08474 22025.249 -32070.8 2562.92 -34633.7 157.7581
0.35 258.40133 17.439004 21972.974 -32130.1 2317.13 -34447.2 157.80202
0.36 268.40547 397.27982 21902.624 -32057.7 2406.83 -34464.6 157.89397
0.37 264.82277 349.98104 21885.29 -32211.1 2374.71 -34585.8 157.7449
0.38 261.87702 676.46655 21800.832 -32037 2348.29 -34385.3 157.18599
0.39 261.856 336.51591 21920.722 -32227.5 2348.1 -34575.6 157.43849
0.4 256.64243 287.0583 21926.566 -32111.5 2301.35 -34412.8 157.2418
0.41 273.97153 -14.330927 21980.31 -32168.5 2456.75 -34625.2 157.76658
0.42 263.61351 -519.80933 22106.049 -32056.3 2363.86 -34420.1 158.29322
0.43 260.43163 -347.45834 22047.141 -32298.6 2335.33 -34633.9 157.50917
0.44 273.93332 -755.21112 22195.446 -32062.7 2456.4 -34519.1 158.56644
0.45 264.67087 -395.82674 22081.305 -32154.8 2373.35 -34528.1 158.64171
0.46 275.13694 -209.59241 22065.858 -31922.4 2467.2 -34389.6 158.13977
0.47 272.97359 34.737354 21987.064 -32117.4 2447.8 -34565.2 158.37685
0.48 287.17355 559.47251 21898.067 -31738.4 2575.13 -34313.5 157.38806
0.49 262.68356 732.30909 21798.665 -32150 2355.53 -34505.6 157.25098
0.5 252.6184 312.52692 21871.042 -32303.7 2265.27 -34569 157.24666
0.51 275.13825 514.29833 21862.261 -32035.8 2467.21 -34503 157.28447
0.52 262.03046 642.64113 21818.838 -32270.7 2349.67 -34620.4 156.54139
0.53 262.40225 69.433045 21963.168 -32033.6 2353 -34386.6 157.28835
0.54 271.41767 250.50074 21961.424 -32055.9 2433.85 -34489.7 157.81419
0.55 283.79424 612.41815 21817.936 -31951.2 2544.83 -34496 157.08963
0.56 276.85645 323.07938 21875.907 -32059.4 2482.62 -34542 157.61353
0.57 269.87117 -6.2904946 21959.693 -32154 2419.98 -34574 157.54192
0.58 281.98581 -202.88534 22082.037 -31958.3 2528.61 -34486.9 158.35288
0.59 265.56365 -293.34182 22052.145 -32157.5 2381.35 -34538.8 158.04864
0.6 246.82073 -696.49458 22185.004 -32030.3 2213.28 -34243.6 158.37317
0.61 260.28494 -173.20078 22024.836 -32237.7 2334.02 -34571.7 157.93052
0.62 259.38059 -259.26026 22051.145 -32146.4 2325.91 -34472.3 158.63374
0.63 267.48485 -67.903078 21998.751 -32082.5 2398.58 -34481.1 157.982
0.64 258.05501 121.41004 21930.977 -32292.3 2314.02 -34606.4 157.37716
0.65 266.06004 -51.274122 21982.427 -32018.2 2385.8 -34404 158.0614
0.66 273.08801 -52.091312 21982.574 -32248.7 2448.82 -34697.5 157.54644
0.67 278.16818 270.60439 21909.151 -32074.3 2494.38 -34568.7 157.18543
0.68 257.88383 79.421541 21954.415 -32247.5 2312.49 -34560 157.56278
0.69 272.2741 440.00154 21881.418 -32111.2 2441.53 -34552.7 157.09856
0.7 266.34113 717.2373 21788.297 -32104 2388.32 -34492.3 157.07722
0.71 262.96679 322.36175 21896.162 -32103.1 2358.06 -34461.1 157.52493
0.72 264.78609 564.44803 21856.012 -32207 2374.38 -34581.4 157.33569
0.73 258.32258 11.481719 21974.975 -32336.2 2316.42 -34652.6 158.06239
0.74 271.83006 -206.41382 22084.022 -32098.1 2437.54 -34535.6 158.34469
0.75 268.22523 -156.56617 22004.159 -32086.1 2405.22 -34491.3 157.68497
0.76 266.21804 -10.795778 22000.345 -32175.1 2387.22 -34562.3 158.33549
0.77 266.06798 -450.55293 22100.747 -32179.7 2385.87 -34565.6 158.1517
0.78 271.62317 -549.9341 22125.997 -32195.3 2435.69 -34631 158.44736
0.79 272.65421 -208.79023 22087.458 -32099.8 2444.93 -34544.8 158.28488
0.8 260.55721 -283.6371 22061.972 -32206.3 2336.46 -34542.8 158.01703
0.81 260.30967 64.425732 21988.325 -32104.3 2334.24 -34438.6 157.70926
0.82 258.88576 258.23927 21922.612 -32146.4 2321.47 -34467.8 157.11731
0.83 264.10733 456.14003 21861.597 -32231.1 2368.29 -34599.4 156.85034
0.84 273.93576 931.29295 21725.185 -32064.8 2456.43 -34521.3 156.36778
0.85 274.15903 442.04281 21886.648 -31996 2458.43 -34454.4 157.46214
0.86 266.33101 196.71347 21919.481 -32139.4 2388.23 -34527.6 157.61028
0.87 282.43958 708.7876 21840.722 -31910 2532.68 -34442.7 156.96392
0.88 262.25414 -15.033852 21980.354 -32188.4 2351.67 -34540.1 157.48931
0.89 277.13423 -1.0917589 21997.968 -32035.6 2485.11 -34520.7 157.91265
0.9 270.75732 337.94167 21904.537 -32196.4 2427.92 -34624.3 157.63453
0.91 277.39344 133.94398 21963.8 -32018.6 2487.43 -34506 158.06357
0.92 278.01739 -49.589033 22004.147 -32083.9 2493.03 -34576.9 158.28437
0.93 277.29925 -340.11144 22094.956 -31950.5 2486.59 -34437.1 158.88265
0.94 252.93781 -481.22397 22102.026 -32152.4 2268.13 -34420.6 158.52376
0.95 264.69986 -178.68983 22011.196 -32290.1 2373.61 -34663.7 157.68042
0.96 268.30384 -372.90475 22104.216 -32065.8 2405.92 -34471.8 158.18095
0.97 265.58498 -184.61647 22030.183 -32180.9 2381.54 -34562.5 157.8635
0.98 282.43287 -416.49668 22150.037 -31944.3 2532.62 -34476.9 158.32595
0.99 266.67056 -158.98763 22049.267 -32003.6 2391.28 -34394.8 157.36161
1 270.51535 -360.85139 22097.115 -32029.7 2425.75 -34455.5 158.1869
1.01 270.91952 -267.92222 22065.074 -32050 2429.38 -34479.4 158.1234
1.02 258.48679 -33.735267 21991.504 -32317.1 2317.89 -34635 158.14726
1.03 270.2728 327.77823 21916.863 -32040.7 2423.58 -34464.2 157.42287
1.04 269.49779 162.03752 21952.715 -31984.8 2416.63 -34401.5 157.72142
1.05 277.98742 429.57365 21887.192 -31992.1 2492.76 -34484.8 157.32416
1.06 256.99197 481.33091 21849.601 -32210.1 2304.49 -34514.6 157.16104
1.07 264.52158 62.397135 21962.582 -32054.7 2372.01 -34426.7 157.72816
1.08 263.34405 331.61807 21904.639 -32352 2361.45 -34713.5 157.15164
1.09 268.81 579.39792 21873.051 -32083 2410.46 -34493.5 157.31343
1.1 270.495 705.01426 21762.508 -32186.4 2425.57 -34612 156.9219
1.11 272.25966 346.43906 21931.192 -32004.6 2441.4 -34446 157.64176
1.12 265.91908 112.24189 21911.505 -32151.7 2384.54 -34536.2 157.03135
1.13 269.40216 618.74996 21825.423 -32062.4 2415.77 -34478.2 157.02038
1.14 265.86512 86.716629 21967.368 -32215.8 2384.05 -34599.9 157.9036
1.15 266.47155 429.44818 21881.015 -32096.3 2389.49 -34485.8 157.25674
1.16 263.90005 57.61472 21974.699 -32262.7 2366.43 -34629.2 158.28026
1.17 265.12738 -243.1862 22078.337 -31976 2377.44 -34353.4 158.09521
1.18 271.43586 -140.75269 22099.863 -32146.7 2434.01 -34580.7 158.1845
1.19 266.32927 -260.43603 22042.753 -32070.1 2388.22 -34458.4 158.52656
1.2 269.4183 -161.13684 22015.46 -32113.4 2415.92 -34529.4 157.92221
1.21 266.63603 -719.34427 22196.636 -32201.4 2390.97 -34592.3 158.31794
1.22 271.67251 -306.01023 22101.873 -32097.2 2436.13 -34533.3 158.00136
1.23 274.26458 -514.52598 22131.334 -32046.4 2459.37 -34505.8 158.13317
1.24 274.63772 -728.47463 22243.199 -32077.3 2462.72 -34540.1 159.06374
1.25 268.56192 26.335453 21986.392 -32099.3 2408.24 -34507.5 157.9249
1.26 271.54047 146.73658 21936.852 -31973.9 2434.95 -34408.8 157.37896
1.27 258.24155 256.22685 21912.346 -32166 2315.69 -34481.7 157.68763
1.28 284.07869 -1.0100875 22020.493 -32045.4 2547.38 -34592.7 157.77793
1.29 264.76663 626.2783 21825.154 -32141.4 2374.2 -34515.6 157.18609
1.3 267.42342 268.11812 21923.561 -32093.2 2398.03 -34491.3 157.04645
1.31 273.14626 331.74074 21912.657 -32095.9 2449.35 -34545.3 156.9922
1.32 262.69093 83.309827 21975.621 -32153.3 2355.59 -34508.9 157.55226
1.33 274.40587 -329.41996 22112.457 -32036.6 2460.64 -34497.2 158.42978
1.34 261.93498 -399.50106 22101.914 -32185.5 2348.81 -34534.4 158.11962
1.35 262.75918 -220.98089 22113.395 -31915.5 2356.2 -34271.8 157.78686
1.36 280.61727 -373.44799 22145.631 -32005.2 2516.34 -34521.5 158.23503
1.37 262.13168 -898.05413 22243.219 -32148.4 2350.58 -34499 159.28787
1.38 278.93745 -378.52031 22108.548 -31999 2501.28 -34500.3 158.45455
1.39 273.29463 144.05234 21960.083 -32129.2 2450.68 -34579.9 157.86281
1.4 278.0921 410.72739 21914.98 -31831.8 2493.7 -34325.5 157.84797
1.41 264.94935 672.64493 21774.225 -32190.3 2375.84 -34566.2 156.68898
1.42 265.47013 264.99374 21896.099 -32140.2 2380.51 -34520.7 157.4969
1.43 275.53748 55.159727 22008.975 -31844.8 2470.79 -34315.6 157.39524
1.44 268.64121 -48.260316 21999.847 -32106 2408.95 -34515 157.60605
1.45 262.58464 -157.23076 22016.522 -32086.2 2354.64 -34440.8 157.75079
1.46 286.68137 -258.34631 22095.133 -31854.3 2570.72 -34425 158.457
1.47 264.85734 36.103435 22016.888 -32087.8 2375.02 -34462.8 157.68722
1.48 265.31479 251.78916 21949.885 -32042.5 2379.12 -34421.7 157.58471
1.49 284.95586 608.35903 21840.049 -31977.2 2555.24 -34532.4 156.88003
1.5 268.61798 289.0298 21901.275 -31944 2408.74 -34352.8 157.82309
1.51 265.66287 382.88595 21911.19 -32097.7 2382.24 -34479.9 157.65093
1.52 280.90722 -15.547983 22006.714 -32066.5 2518.94 -34585.4 157.91458
1.53 275.77011 4.3664137 21997.027 -31966.2 2472.87 -34439 158.05225
1.54 270.33662 -654.62409 22162.292 -32048.2 2424.15 -34472.4 159.0601
1.55 266.93827 -201.07941 22053.663 -32183.2 2393.68 -34576.9 158.11554
1.56 266.77543 138.34559 21970.842 -32225.5 2392.22 -34617.7 157.49856
1.57 269.74601 199.57998 21924.067 -32091.2 2418.86 -34510.1 157.3197
1.58 256.14267 35.715622 21965.471 -32279.8 2296.87 -34576.7 157.33432
1.59 269.1181 -293.27964 22074.208 -32115.2 2413.22 -34528.5 157.68719
1.6 263.99168 -127.65008 22060.496 -31886.5 2367.26 -34253.8 157.65113
1.61 270.5864 -769.25572 22192.801 -32093.8 2426.39 -34520.2 158.5605
1.62 270.5853 -60.493122 22009.275 -32063 2426.38 -34489.4 157.7404
1.63 263.3136 -6.1620942 21992.349 -32266.2 2361.17 -34627.3 157.35264
1.64 271.60548 -274.84102 22058.386 -32020.4 2435.53 -34455.9 158.45232
1.65 256.12257 -497.58076 22091.663 -32211 2296.69 -34507.7 158.41671
1.66 275.96302 -508.68799 22153.092 -32050.6 2474.6 -34525.2 158.52817
1.67 270.85003 -977.04662 22277.108 -32067.3 2428.76 -34496.1 159.21773
1.68 275.43878 -417.82835 22106.099 -31992.9 2469.9 -34462.8 158.35344
1.69 257.25374 -119.4739 22019.48 -32171.5 2306.84 -34478.4 157.76676
1.7 264.17647 -34.22576 21996.605 -32188.1 2368.91 -34557 157.92792
1.71 284.69056 -59.181561 22049.433 -31766.4 2552.87 -34319.3 158.28244
1.72 270.01377 159.75899 21957.98 -32205.2 2421.26 -34626.5 157.69568
1.73 281.23567 384.24772 21903.992 -31993.9 2521.88 -34515.8 157.59929
1.74 280.93666 239.45877 21945.523 -31955.3 2519.2 -34474.5 157.67526
1.75 271.4625 185.17117 21914.576 -32096.4 2434.25 -34530.6 157.84413
1.76 268.40149 161.54234 21948.681 -32149.9 2406.8 -34556.7 157.92454
1.77 266.27804 277.38016 21892.499 -32225.9 2387.76 -34613.7 157.23187
1.78 258.2192 -76.041734 22002.965 -32081.1 2315.49 -34396.6 157.39605
1.79 276.97649 -97.315171 22007.603 -32268.1 2483.69 -34751.8 157.70396
1.8 280.70245 -360.5482 22078.475 -31972.6 2517.1 -34489.7 157.61911
1.81 265.83681 -448.02321 22080 -31966.7 2383.8 -34350.5 158.21904
1.82 266.47402 -160.94634 22013.308 -32107.8 2389.51 -34497.3 157.80582
1.83 264.50744 -187.85187 22071.252 -32091.7 2371.88 -34463.6 158.32651
1.84 278.84374 -124.44882 22019.29 -31979.9 2500.44 -34480.4 157.78261
1.85 267.4005 -78.809569 22023.531 -32179.5 2397.82 -34577.3 158.37501
1.86 278.28411 -637.32751 22173.747 -32000.6 2495.42 -34496 158.69562
1.87 253.7275 -621.00402 22118.292 -32292.6 2275.21 -34567.8 158.42333
1.88 272.09859 -63.822401 22003.285 -32247.4 2439.95 -34687.4 157.681
1.89 280.60435 384.97543 21922.831 -31958.1 2516.22 -34474.3 157.31622
1.9 265.00841 246.58561 21929.476 -32105.3 2376.37 -34481.7 157.1488
1.91 258.63937 20.965322 21948.296 -32056.3 2319.26 -34375.6 157.20499
1.92 272.97651 -26.067256 21968.985 -31950.2 2447.82 -34398.1 157.88381
1.93 272.97444 65.597534 21991.613 -32029.4 2447.81 -34477.2 157.67789
1.94 256.94131 5.3960217 21964.335 -32306.8 2304.03 -34610.8 157.50037
1.95 276.4573 353.49971 21900.037 -32080.5 2479.04 -34559.6 157.58539
1.96 262.06339 209.89703 21917.636 -32243.3 2349.96 -34593.3 157.69184
1.97 275.41052 379.05251 21888.355 -31980.3 2469.65 -34449.9 157.65692
1.98 270.2919 265.23734 21945.41 -32053.1 2423.75 -34476.9 157.80137
1.99 268.56521 854.6174 21779.936 -32119.5 2408.27 -34527.7 157.29321
2 284.285 6.2065979 22004.987 -31868.8 2549.23 -34418.1 157.94242
2.01 265.53548 -269.48824 22033.331 -32132.1 2381.1 -34513.2 157.57734
2.02 263.67365 -561.19848 22123.391 -32042 2364.4 -34406.4 158.09801
2.03 258.0211 -220.55317 22022.62 -32255.9 2313.72 -34569.6 157.74028
2.04 271.81587 -404.16585 22120.759 -32072.9 2437.42 -34510.3 157.89622
2.05 266.36565 -229.69277 22045.41 -32126.5 2388.54 -34515 157.6763
2.06 273.09273 -31.505951 22023.022 -32120.9 2448.87 -34569.8 157.61274
2.07 251.21769 304.34245 21899.663 -32261 2252.71 -34513.7 157.35362
2.08 270.39576 -59.645843 22010.927 -32048.4 2424.68 -34473.1 158.05277
2.09 261.65117 267.86899 21928.061 -32193.5 2346.27 -34539.8 157.74377
2.1 271.74666 478.08952 21854.404 -32142.4 2436.8 -34579.2 157.3589
2.11 271.78205 320.6853 21909.901 -32027.2 2437.11 -34464.3 157.64815
2.12 267.29478 439.73614 21863.142 -32295.8 2396.87 -34692.7 157.49169
2.13 262.82486 234.67136 21955.534 -32058.8 2356.79 -34415.5 157.75015
2.14 268.37009 415.73668 21870.496 -32158.5 2406.52 -34565 157.27459
2.15 268.9851 740.40035 21797.641 -32007.4 2412.03 -34419.4 156.8312
2.16 264.23611 210.71762 21930.233 -32123.6 2369.45 -34493 157.09523
2.17 265.583 13.097297 22034.39 -31863.5 2381.52 -34245.1 157.90961
2.18 268.02843 -535.92616 22150.027 -32109 2403.45 -34512.4 158.26464
2.19 265.91863 -493.06634 22108.467 -32107.8 2384.53 -34492.3 158.41786
2.2 270.83386 -275.58794 22102.015 -32043.4 2428.61 -34472 158.1731
2.21 264.02983 91.761913 21978.329 -32181.4 2367.6 -34549 157.49531
2.22 269.77019 346.17838 21927.744 -31962.7 2419.07 -34381.8 157.38241
2.23 257.74163 389.92136 21898.206 -32100.8 2311.21 -34412 157.07889
2.24 280.90787 78.661302 21981.242 -31974 2518.95 -34493 157.86914
2.25 261.49569 81.577292 21962.082 -32133.4 2344.87 -34478.3 158.03547
2.26 265.63478 481.59546 21887.926 -31876.3 2381.99 -34258.3 157.38104
2.27 258.8466 455.33014 21842.369 -32141.2 2321.12 -34462.3 157.93011
2.28 264.84434 11.03229 21964.142 -32021 2374.9 -34395.9 158.01011
2.29 245.94385 -125.46202 21976.138 -32297.4 2205.42 -34502.8 157.40973
2.3 277.392 -17.439256 21995.86 -32062.5 2487.42 -34549.9 158.06195
2.31 272.12512 44.740576 22007.627 -32130.4 2440.19 -34570.6 157.42223
2.32 266.12098 -413.49999 22085.764 -32164.5 2386.35 -34550.9 157.78181
2.33 288.70937 -453.52474 22073.397 -31941.2 2588.9 -34530.1 158.07878
2.34 272.58157 -33.409259 22007.506 -32237.3 2444.28 -34681.6 158.03439
2.35 271.72353 -386.12635 22100.777 -32066.9 2436.59 -34503.5 158.75715
2.36 251.17134 -106.26333 21984.69 -32350.2 2252.29 -34602.4 157.46926
2.37 258.99092 -207.46085 22060.514 -32054.6 2322.41 -34377 158.09228
2.38 271.84297 -20.974203 22017.527 -32178.4 2437.66 -34616 157.88648
2.39 270.97441 -642.84657 22185.358 -31956.3 2429.87 -34386.2 159.02715
2.4 271.46796 -20.470575 21993.161 -32111.6 2434.3 -34545.9 158.06863
2.41 280.98903 -190.90866 22064.282 -32080 2519.67 -34599.7 158.3763
2.42 279.38652 12.789657 22005.691 -32062.2 2505.3 -34567.5 158.0971
2.43 280.50795 541.65761 21875.189 -31958.7 2515.36 -34474.1 157.19511
2.44 272.38855 102.69402 21961.952 -32188.4 2442.55 -34631 157.85299
2.45 261.34733 25.751708 21964.919 -31990.2 2343.54 -34333.7 157.36304
2.46 249.32404 102.47989 21958.065 -32209.7 2235.73 -34445.4 157.27551
2.47 271.04991 -51.400835 21978.206 -32117.7 2430.55 -34548.2 157.38258
2.48 282.18467 -156.9927 22024.14 -32040.3 2530.39 -34570.7 157.90665
2.49 277.29132 -88.739229 22028.283 -32175.8 2486.52 -34662.3 158.1022
2.5 277.59677 -15.911788 22013.203 -31967.4 2489.25 -34456.7 158.07016
2.51 275.91058 -204.79812 22047.503 -32038.2 2474.13 -34512.3 158.49962
2.52 253.26001 -404.33821 22087.102 -32296.9 2271.02 -34567.9 158.56916
2.53 265.87795 -549.44426 22133.864 -32092.5 2384.17 -34476.6 158.27378
2.54 279.4296 -251.92484 22076.276 -32086.1 2505.69 -34591.8 157.97082
2.55 286.84834 -224.96428 22063.13 -31857.4 2572.21 -34429.6 158.36199
2.56 280.25665 113.31464 21977.397 -32146 2513.11 -34659.1 157.68649
2.57 260.57272 47.18748 21961.467 -32174.7 2336.6 -34511.3 157.86363
2.58 265.567 489.44803 21824.862 -32247.1 2381.38 -34628.5 157.06114
2.59 273.67852 148.88612 21965.504 -32059.1 2454.12 -34513.2 157.38847
2.6 261.48182 419.10536 21863.533 -32127.6 2344.75 -34472.4 157.0412
2.61 268.44565 10.309019 21977.571 -32072.8 2407.19 -34480 157.97593
2.62 281.18851 529.5825 21881.491 -31940.4 2521.46 -34461.8 157.00338
2.63 266.64519 -26.338439 21948.661 -32155.4 2391.05 -34546.5 158.08647
2.64 276.47624 51.597642 22019.215 -31927.5 2479.21 -34406.7 157.97636
2.65 270.76308 46.335715 21991.987 -32176.2 2427.98 -34604.2 157.51053
2.66 275.3333 12.481239 22051.036 -31979 2468.96 -34448 157.51003
2.67 274.03817 -507.7944 22156.74 -32138.4 2457.34 -34595.7 158.51843
2.68 269.33251 -298.71178 22092.997 -31921.2 2415.15 -34336.4 158.10649
2.69 272.21384 -16.999228 21980.851 -32141.3 2440.98 -34582.2 157.70911
2.7 274.81393 211.04447 21931.368 -32072.5 2464.3 -34536.8 157.41518
2.71 256.51755 227.0977 21901.669 -32284.3 2300.23 -34584.5 157.45007
2.72 267.46616 339.59146 21922.012 -32093.7 2398.41 -34492.1 157.69136
2.73 262.43409 1140.3014 21667.871 -32142.9 2353.29 -34496.2 156.24247
2.74 272.99787 547.54737 21855.507 -31997.4 2448.02 -34445.4 157.44821
2.75 264.62916 60.285731 21959.949 -32192.7 2372.97 -34565.7 157.55529
2.76 276.54623 52.273222 21979.736 -32067.5 2479.83 -34547.3 157.85755
2.77 263.80357 -140.10204 22004.167 -32154 2365.57 -34519.6 158.37585
2.78 263.68551 -401.50724 22081.272 -32149.4 2364.51 -34513.9 158.10541
2.79 269.65402 -320.85909 22036.955 -32099.4 2418.03 -34517.5 158.0275
2.8 267.36222 -298.41838 22062.986 -32148.6 2397.48 -34546.1 158.141
2.81 274.17519 -150.83866 22061.894 -31923.2 2458.57 -34381.8 157.78979
2.82 275.89213 195.55198 21936.521 -32106 2473.97 -34580 157.82542
2.83 272.39079 372.48766 21925.29 -32004.2 2442.57 -34446.8 157.71636
2.84 273.21365 630.31427 21844.796 -32065.4 2449.95 -34515.4 156.75467
2.85 259.8049 341.52137 21925.409 -32218.5 2329.71 -34548.2 157.51548
2.86 262.02745 279.99186 21891.745 -32110.3 2349.64 -34460 156.96554
2.87 264.9242 -295.44359 22039.094 -32155.9 2375.62 -34531.5 157.78493
2.88 290.15695 -310.18525 22114.525 -31986.2 2601.88 -34588 158.27197
2.89 260.03826 -638.33273 22151.065 -32162.1 2331.8 -34493.9 158.63979
2.9 269.55378 -142.64301 22064.287 -32047.4 2417.13 -34464.5 157.84055
2.91 267.40114 -325.514 22085.072 -32022.2 2397.83 -34420 158.4956
2.92 257.25095 13.618111 21985.242 -32235.1 2306.81 -34541.9 157.84772
2.93 261.56526 -45.039801 21977.101 -32122 2345.5 -34467.5 157.7353
2.94 265.51552 668.64077 21814.275 -32074.1 2380.92 -34455 157.1022
2.95 251.7572 272.02134 21868.296 -32262.7 2257.55 -34520.2 157.57376
2.96 269.66073 345.05075 21910.485 -32060.3 2418.09 -34478.4 157.4742
2.97 265.15854 785.47639 21795.184 -31909.5 2377.72 -34287.3 157.27828
2.98 263.36116 240.3587 21903.766 -32151.9 2361.6 -34513.5 157.6416
2.99 280.74945 238.99091 21946.368 -31943.8 2517.52 -34461.4 157.36029
3 270.39756 245.22595 21947.216 -32147.6 2424.7 -34572.3 157.73504
3.01 283.37497 -64.481216 22020.012 -32079 2541.07 -34620.1 157.96948
3.02 252.28236 -177.12417 22010.153 -32299.9 2262.26 -34562.2 157.99331
3.03 261.16133 -179.97503 22029.718 -32177.1 2341.88 -34519 157.53523
3.04 257.16547 -354.56512 22089.806 -32099.8 2306.04 -34405.8 158.20764
3.05 261.81034 -603.87029 22163.023 -32229.6 2347.69 -34577.3 158.12281
3.06 271.40294 -179.88421 22081.64 -32044.3 2433.71 -34478.1 158.41177
3.07 272.81793 -247.77656 22051.735 -32194.3 2446.4 -34640.7 157.94559
3.08 275.10806 48.861318 21979.791 -31990.8 2466.94 -34457.8 156.92734
3.09 265.58355 276.07296 21893.369 -32323.5 2381.53 -34705 157.38111
3.1 277.3826 421.09768 21914.484 -31993.7 2487.33 -34481.1 157.55959
3.11 276.31607 770.71367 21787.925 -31917.1 2477.77 -34394.9 156.45902
3.12 264.55106 223.09243 21919.416 -32145 2372.27 -34517.2 157.58608
3.13 261.27189 106.00617 21926.339 -32244.6 2342.87 -34587.5 157.75615
3.14 272.98015 -199.88394 22032.438 -32038 2447.86 -34485.9 158.25719
3.15 257.1929 -243.51457 22054.781 -32229.2 2306.29 -34535.5 158.69805
3.16 278.49863 -105.67386 22040.509 -31937 2497.34 -34434.3 157.84704
3.17 285.01031 148.59197 21972.642 -31940.8 2555.73 -34496.6 157.77157
3.18 262.61822 154.20181 21910.638 -32193.7 2354.94 -34548.7 157.49178
3.19 291.24846 -8.5414252 22015.563 -31782.3 2611.67 -34394 157.54225
3.2 263.06249 -23.768008 22007.295 -32204 2358.92 -34562.9 157.26945
3.21 263.21072 -781.81597 22202.334 -32025.6 2360.25 -34385.9 158.57849
3.22 261.35096 -633.90254 22133.363 -32176.2 2343.58 -34519.8 158.1752
3.23 271.06145 91.678158 21953.727 -32039.1 2430.65 -34469.7 157.63297
3.24 264.70299 -599.54932 22138.381 -32109.9 2373.63 -34483.5 158.58948
3.25 275.16737 -76.950989 22043.733 -31982.6 2467.47 -34450.1 157.59564
3.26 284.62787 -250.29436 22056.352 -32057.5 2552.3 -34609.8 158.16185
3.27 282.12349 70.912635 21960.534 -32139.3 2529.85 -34669.1 157.34527
3.28 275.9476 407.48745 21834.373 -32078.4 2474.47 -34552.8 157.39481
3.29 265.59582 72.067578 21949.769 -32190.7 2381.64 -34572.3 157.89361
3.3 259.80361 791.75598 21776.692 -32216.7 2329.7 -34546.4 157.03787
3.31 278.8701 124.86762 21968.153 -31941.5 2500.67 -34442.2 157.6914
3.32 272.00729 681.62733 21827.265 -32116.2 2439.13 -34555.4 156.91747
3.33 268.84225 212.24621 21954.674 -32027.9 2410.75 -34438.6 157.32881
3.34 278.56419 125.46939 21977.744 -31967.1 2497.93 -34465 157.70323
3.35 261.13741 -370.36331 22120.452 -32140.9 2341.66 -34482.5 158.02715
3.36 272.35316 -478.2687 22140.392 -31897 2442.23 -34339.2 158.28863
3.37 272.70743 -365.35062 22110.882 -32173.2 2445.41 -34618.7 158.38949
3.38 262.58828 -411.02837 22090.277 -32104 2354.67 -34458.6 158.12648
3.39 255.8059 -813.59482 22213.895 -32220.9 2293.85 -34514.7 159.05115
3.4 288.95585 -306.04851 22108.521 -31837 2591.11 -34428.1 158.58732
3.41 262.97041 -66.056253 22010.848 -32114.5 2358.1 -34472.6 157.99479
3.42 269.6751 147.12452 21950.475 -31995.6 2418.22 -34413.8 157.7779
3.43 267.24416 333.51496 21943.909 -32123.8 2396.42 -34520.2 157.54879
3.44 263.26617 588.00463 21799.767 -31933.4 2360.75 -34294.2 156.76086
3.45 282.72001 145.73243 21946.391 -32033.3 2535.2 -34568.5 156.87933
3.46 271.49094 517.44526 21855.769 -32098 2434.5 -34532.5 156.90447
3.47 262.93697 634.58715 21805.45 -32207.3 2357.8 -34565.1 157.22005
3.48 277.23504 249.87902 21922.005 -32086.2 2486.01 -34572.2 157.1965
3.49 273.64758 520.67653 21857.45 -32074.9 2453.84 -34528.8 157.26951
3.5 268.10758 272.62368 21906.093 -32265.4 2404.16 -34669.6 157.7818
3.51 262.75876 -35.819664 21996.937 -32058.9 2356.2 -34415.1 157.78145
3.52 265.35864 -36.512156 22022.994 -32015.6 2379.51 -34395.1 157.98468
3.53 256.98032 -882.65721 22192.841 -32278.7 2304.38 -34583.1 158.53496
3.54 267.5896 -200.80568 22073.709 -32075.1 2399.52 -34474.6 158.065
3.55 266.47946 -192.12438 22040.677 -32309.7 2389.56 -34699.3 158.62576
3.56 273.78853 139.97621 21962.18 -32067.4 2455.11 -34522.5 157.26405
3.57 264.93397 548.71653 21831.189 -32244.1 2375.71 -34619.8 157.19428
3.58 278.62546 379.33067 21898.545 -32033 2498.48 -34531.4 157.40496
3.59 261.44374 51.818799 21968.605 -32049.9 2344.41 -34394.3 157.1801
3.6 263.43056 -58.453826 21983.267 -32127 2362.22 -34489.2 157.5106
3.61 271.97668 -187.92195 22055.809 -32044.1 2438.86 -34482.9 158.24526
3.62 266.24335 -503.02078 22121.151 -32193.1 2387.45 -34580.6 158.32345
3.63 270.08453 -22.516667 22015.95 -32081.7 2421.89 -34503.6 157.80949
3.64 266.65655 -457.26907 22075.9 -32329.7 2391.15 -34720.8 158.12712
3.65 278.88501 -7.2553025 22007.999 -32074.2 2500.81 -34575 157.63785
3.66 273.09265 376.71281 21867.805 -32071.2 2448.87 -34520 157.40142
3.67 256.74269 39.475721 21949.035 -32230.4 2302.25 -34532.7 157.42446
3.68 283.39434 23.448169 22001.662 -31934.5 2541.24 -34475.8 157.77615
3.69 268.38568 328.42756 21897.6 -32127.4 2406.66 -34534 157.46477
3.7 285.81274 216.08042 21970.3 -31781 2562.93 -34343.9 157.52315
3.71 262.60495 -532.64996 22118.054 -32147.1 2354.82 -34501.9 158.39366
3.72 257.0225 -51.763705 21973.654 -32096.2 2304.76 -34400.9 157.62248
3.73 267.92111 168.00919 21923.204 -32187.2 2402.49 -34589.7 157.48185
3.74 280.05854 154.51223 21936.587 -32096 2511.33 -34607.3 157.77824
3.75 257.82416 610.86915 21798.057 -32129.4 2311.95 -34441.3 156.73302
3.76 265.82955 555.20195 21846.535 -32082.8 2383.74 -34466.5 157.30158
3.77 267.07006 6.5914625 21959.048 -32107.4 2394.86 -34502.3 157.33052
3.78 264.26419 185.28282 21940.425 -32025 2369.7 -34394.7 157.94421
3.79 279.56701 -128.26056 22033.453 -31990.3 2506.92 -34497.2 158.12947
3.8 256.75071 -476.97632 22100.21 -32207 2302.32 -34509.3 158.4118
3.81 266.69763 -109.72025 22047.497 -32127.7 2391.52 -34519.2 158.42263
3.82 266.68836 -43.522158 22018.833 -32098.8 2391.44 -34490.2 157.69452
3.83 259.44241 151.0448 21946.905 -32222.4 2326.46 -34548.8 157.74019
3.84 274.2165 266.25116 21908.32 -32092.9 2458.94 -34551.8 157.26146
3.85 264.38371 156.04338 21930.677 -32219.7 2370.77 -34590.5 156.90042
3.86 274.81748 -423.62378 22118.572 -31986.8 2464.33 -34451.2 157.92991
3.87 268.48561 -158.48049 22059.559 -32187.9 2407.55 -34595.4 157.92461
3.88 267.12693 -547.81743 22152.018 -32044.3 2395.37 -34439.6 158.41547
3.89 271.11177 -354.14803 22094.402 -32115.1 2431.1 -34546.2 157.95601
3.9 270.1856 -663.01021 22198.766 -32060.8 2422.8 -34483.6 159.24005
3.91 267.41761 -429.92144 22126.628 -31878.1 2397.98 -34276.1 158.59226
3.92 273.05683 -96.446836 22032.361 -32127.4 2448.54 -34575.9 158.19402
3.93 277.35292 -23.366392 21983.832 -31920.2 2487.07 -34407.3 157.96016
3.94 270.81302 356.68293 21873.592 -32104.5 2428.42 -34532.9 157.50099
3.95 279.85352 191.61989 21963.152 -32069.2 2509.49 -34578.6 157.74598
3.96 284.56351 701.98376 21850.257 -31945.8 2551.73 -34497.5 157.10659
3.97 271.78077 540.31802 21849.563 -32144.4 2437.1 -34581.5 156.73737
3.98 268.62715 -32.204703 22023.661 -31975.5 2408.82 -34384.3 158.05315
3.99 265.44141 -51.213002 22017.27 -32141.4 2380.26 -34521.7 157.97506
4 272.10957 -317.97045 22097.093 -32026.5 2440.05 -34466.5 158.30111
4.01 257.19274 -279.12909 22064.198 -32206.5 2306.29 -34512.8 158.38961
4.02 268.20201 -572.88061 22151.007 -31994 2405.01 -34399 158.55439
4.03 286.49319 -400.98417 22145.141 -31857.4 2569.03 -34426.4 158.09123
4.04 266.20444 -8.2350883 21996.657 -32081.9 2387.1 -34469 157.92508
4.05 276.1418 198.10209 21944.879 -32024.7 2476.21 -34501 157.24571
4.06 269.02887 538.9878 21836.325 -32291.8 2412.42 -34704.2 157.24915
4.07 266.29589 205.67154 21960.065 -32054 2387.92 -34442 157.61682
4.08 250.94388 186.13141 21910.543 -32290 2250.25 -34540.3 157.41847
4.09 272.18168 734.26942 21778.361 -32125.7 2440.7 -34566.4 156.85295
4.1 276.33662 93.409629 22002.351 -32033.7 2477.95 -34511.6 157.22662
4.11 264.24596 -83.925917 22022.41 -32193.2 2369.54 -34562.8 157.50728
4.12 265.74487 -136.0348 22020.557 -32023.8 2382.98 -34406.7 157.74553
4.13 276.91179 159.1942 21975.9 -32128.4 2483.11 -34611.5 157.46057
4.14 266.78111 105.36422 21985.056 -32105.6 2392.27 -34497.8 157.56939
4.15 259.94572 581.30971 21813.055 -32222.4 2330.97 -34553.3 156.76983
4.16 266.84188 424.02599 21885.209 -32107 2392.81 -34499.8 157.57655
4.17 282.04668 448.03886 21856.757 -31864.1 2529.16 -34393.2 157.48932
4.18 273.66464 236.18092 21960.565 -32166.1 2453.99 -34620.1 157.22517
4.19 272.24229 76.84868 22028.912 -31957.3 2441.24 -34398.5 158.28244
4.2 259.22277 -448.45961 22083.241 -32271 2324.49 -34595.5 158.22573
4.21 264.51073 -508.30215 22155.13 -32076.3 2371.91 -34448.2 158.48087
4.22 274.17539 -131.38349 22046.066 -32141.8 2458.57 -34600.4 158.05108
4.23 272.29834 -605.25439 22139.35 -32133.8 2441.74 -34575.5 158.18931
4.24 269.48967 -237.73291 22066.167 -31891.5 2416.56 -34308.1 158.0519
4.25 266.23065 -116.46056 22039.628 -32105.7 2387.33 -34493 158.02558
4.26 275.58472 -90.062581 22018.59 -32007.5 2471.21 -34478.7 158.12287
4.27 278.54086 -70.697431 22012.287 -32133 2497.72 -34630.7 158.32303
4.28 277.78313 -180.84007 22078.815 -31929.5 2490.93 -34420.4 157.97467
4.29 257.14676 -223.49061 22039.278 -32145.2 2305.88 -34451.1 158.04113
4.3 274.57395 -44.140604 22014.999 -32081.9 2462.15 -34544.1 158.29091
4.31 269.62695 146.87645 21970.005 -32102.8 2417.79 -34520.6 157.54736
4.32 283.00537 119.70246 21968.27 -31989 2537.75 -34526.7 157.51541
4.33 262.29841 424.18195 21841.71 -32194.9 2352.07 -34546.9 156.6669
4.34 278.40575 885.20324 21761.861 -32028 2496.51 -34524.5 156.90849
4.35 252.47177 366.63723 21867.49 -32359.1 2263.95 -34623.1 157.23304
4.36 256.34086 294.47495 21909.98 -32131.3 2298.65 -34429.9 157.15949
4.37 280.02608 246.63959 21962.475 -31841.6 2511.04 -34352.7 157.51007
4.38 263.77371 776.5474 21791.103 -32126.3 2365.3 -34491.6 156.92488
4.39 280.73343 394.1486 21893.126 -31898.6 2517.38 -34416 157.14796
4.4 275.59257 -97.78136 22046.639 -32030.8 2471.28 -34502 158.48067
4.41 256.33813 -569.60256 22133.532 -32274.8 2298.62 -34573.4 158.22129
4.42 265.08782 -342.04877 22067.299 -32049.8 2377.08 -34426.9 158.05511
4.43 270.46748 -16.305269 21987.675 -32271.5 2425.32 -34696.8 157.58697
4.44 267.42975 -348.68396 22071.94 -32168.9 2398.09 -34567 158.46675
4.45 287.25018 -384.37286 22138.615 -31969.1 2575.82 -34544.9 158.57628
4.46 282.28983 30.49939 22010.668 -31961.1 2531.34 -34492.4 157.95855
4.47 269.0686 134.09317 21953.988 -32110.3 2412.78 -34523.1 157.81863
4.48 282.69873 263.47429 21952.904 -31946.3 2535 -34481.3 157.75819
4.49 274.97053 1004.3133 21697.203 -32016.4 2465.7 -34482.1 156.44272
4.5 261.19506 228.02435 21894.819 -32213.9 2342.18 -34556.1 157.39113
4.51 274.27438 361.11106 21910.911 -32092.4 2459.46 -34551.9 157.54723
4.52 262.35008 -144.37916 22030.951 -32016.5 2352.53 -34369.1 157.45691
4.53 282.82945 -545.07922 22189.477 -31910.3 2536.18 -34446.5 158.4271
4.54 275.83613 -106.77897 22047.099 -32074.3 2473.47 -34547.7 157.94631
4.55 276.81352 -318.19315 22101.84 -32066.7 2482.23 -34548.9 158.14658
4.56 267.64647 -183.89501 21993.833 -32210.1 2400.03 -34610.1 157.48304
4.57 260.99387 -454.07076 22108.16 -32070.9 2340.37 -34411.3 157.95707
4.58 263.03538 -127.61758 22008.8 -32136.3 2358.68 -34495 158.1626
4.59 277.8275 -238.12031 22058.705 -31938.5 2491.32 -34429.8 158.26413
4.6 280.08117 54.970991 21990.628 -32115 2511.53 -34626.5 157.60438
4.61 260.34256 -214.26717 22046.501 -32057.8 2334.53 -34392.3 157.98693
4.62 275.10649 30.420425 22010.716 -32080.1 2466.92 -34547 157.42487
4.63 269.66253 90.113057 21984.397 -32028.5 2418.11 -34446.6 158.03395
4.64 267.61091 363.66675 21915.201 -32215.3 2399.71 -34615 158.12075
4.65 277.12005 61.728453 21999.238 -32062.5 2484.98 -34547.5 157.72414
4.66 265.06995 205.57905 21917.237 -32240.4 2376.92 -34617.4 157.30488
4.67 282.7984 339.36925 21901.651 -32061.7 2535.9 -34597.6 157.20555
4.68 266.09324 261.43892 21933.992 -32162.6 2386.1 -34548.7 157.26293
4.69 273.40003 236.40118 21936.539 -32041.3 2451.62 -34492.9 157.0524
4.7 258.05402 -43.683005 21976 -32165.2 2314.01 -34479.2 157.51325
4.71 273.46255 -315.01923 22114.445 -31953.3 2452.18 -34405.5 157.56584
4.72 272.56696 -309.84491 22075.99 -32173.9 2444.15 -34618 158.24832
4.73 271.50975 -345.85967 22066.34 -32041 2434.67 -34475.7 158.26768
4.74 266.87583 -318.47451 22094.925 -32184.4 2393.12 -34577.6 158.2511
4.75 284.87749 151.56811 21973.949 -32025 2554.54 -34579.5 158.01734
4.76 267.18278 133.60562 21947.862 -32188 2395.87 -34583.9 157.63481
4.77 272.90415 448.82389 21885.398 -32033.2 2447.17 -34480.4 157.14999
4.78 259.75319 1001.0729 21683.374 -32249.1 2329.25 -34578.4 156.58564
4.79 276.70884 277.60331 21903.869 -32104.3 2481.29 -34585.6 157.21763
4.8 274.64684 -44.414433 21989.452 -32182.7 2462.8 -34645.5 158.04835
4.81 277.51946 154.46852 21967.597 -32074.3 2488.56 -34562.9 157.68848
4.82 248.32251 132.0875 21958.801 -32315.2 2226.75 -34541.9 157.65931
4.83 262.48503 -214.44964 22060.012 -32113.3 2353.75 -34467 158.09182
4.84 273.40598 -315.83563 22096.701 -32154.6 2451.67 -34606.3 158.24079
4.85 270.42607 -1329.7999 22371.387 -31846.2 2424.95 -34271.2 159.44559
4.86 271.33863 -707.08292 22187.87 -32034.1 2433.14 -34467.3 158.35823
4.87 267.93408 -315.9229 22057.353 -32105 2402.61 -34507.7 158.07986
4.88 278.17245 -140.85362 22037.954 -32000 2494.42 -34494.5 158.06395
4.89 272.03235 64.734046 21979.128 -32012.9 2439.36 -34452.3 158.1558
4.9 272.51158 -145.14868 22038.14 -31963.8 2443.65 -34407.5 158.03014
4.91 265.67344 53.38866 22004.266 -32126.2 2382.34 -34508.6 157.72473
4.92 282.65696 -100.62373 22031.816 -31824.7 2534.63 -34359.3 158.0597
4.93 276.65777 244.9803 21945.052 -32129.8 2480.83 -34610.6 157.57218
4.94 267.65099 99.726472 21952.314 -32095.9 2400.07 -34496 157.14337
4.95 255.73318 598.16053 21801.666 -32206.2 2293.2 -34499.4 156.74038
4.96 268.11907 222.48774 21955.656 -31984.6 2404.27 -34388.9 157.68487
4.97 261.04817 652.57237 21813.638 -32353.8 2340.86 -34694.7 156.71374
4.98 266.91749 288.57303 21922.607 -32037.2 2393.49 -34430.7 157.38572
4.99 256.19061 730.44586 21785.013 -32276.6 2297.3 -34573.9 157.20654
5 264.57905 291.49469 21922.729 -32163.6 2372.52 -34536.2 157.70915
5.01 271.96161 -127.97108 22045.039 -32199.1 2438.72 -34637.9 157.72906
5.02 277.52671 -125.91974 22030.257 -31962.8 2488.63 -34451.4 157.96764
5.03 265.6542 -126.33808 22023.77 -32175.5 2382.16 -34557.7 158.46421
5.04 274.74696 -302.07231 22068.686 -32018.4 2463.7 -34482.1 158.70812
5.05 266.87963 -215.24103 22045.556 -32253.8 2393.15 -34647 157.97079
5.06 270.52292 -446.85072 22106.821 -32054.7 2425.82 -34480.5 158.5073
5.07 272.60739 1.1269804 22028.127 -31958.5 2444.51 -34403 158.21566
5.08 277.0508 -231.20487 22069.54 -32164 2484.36 -34648.3 157.92789
5.09 281.64275 -79.110586 22081.094 -31954.2 2525.54 -34479.8 157.99575
5.1 273.21904 82.529518 21989.384 -32178.9 2450 -34628.9 157.75839
5.11 270.45183 80.053965 21941.799 -32057.6 2425.18 -34482.8 157.55134
5.12 254.87955 378.81132 21879.738 -32229.6 2285.55 -34515.2 156.8825
5.13 258.80717 -165.90814 22036.787 -32016 2320.77 -34336.8 157.82491
5.14 263.07309 18.474275 21943.722 -32347.9 2359.02 -34706.9 157.67499
5.15 276.29531 175.9292 21936.892 -31976.8 2477.58 -34454.4 157.52572
5.16 271.58076 474.04919 21888.397 -31958.4 2435.31 -34393.8 157.60644
5.17 266.35102 116.61915 21927.547 -32152.5 2388.41 -34540.9 157.59071
5.18 254.66136 65.811504 21992.102 -31893.9 2283.59 -34177.4 157.56573
5.19 273.33529 462.60804 21864.815 -32159.5 2451.04 -34610.5 157.32582
5.2 275.25793 496.61895 21858.56 -32070.4 2468.28 -34538.6 157.31081
5.21 259.56678 104.66509 21946.511 -32191.5 2327.58 -34519.1 157.38256
5.22 259.8575 19.73165 21945.437 -32309.3 2330.18 -34639.5 157.36563
5.23 269.97082 -79.081947 22012.763 -32087 2420.87 -34507.8 157.88623
5.24 267.0453 -54.973267 22014.405 -32217.9 2394.64 -34612.6 157.906
5.25 268.30423 -132.65563 22047.957 -32079.5 2405.93 -34485.4 157.99602
5.26 271.66735 100.20493 21964.535 -32071.4 2436.08 -34507.5 157.41445
5.27 274.65575 947.9078 21730.205 -32062.6 2462.88 -34525.5 156.70894
5.28 279.03362 665.38044 21830.543 -31924 2502.14 -34426.1 156.99815
5.29 264.46342 193.47105 21927.79 -32191.8 2371.49 -34563.2 157.88512
5.3 261.05956 -192.07102 22044.631 -32184.3 2340.96 -34525.3 158.02502
5.31 281.32097 -76.675353 22048.017 -32135.3 2522.65 -34657.9 158.29185
5.32 274.16108 -576.44682 22153.416 -31958 2458.45 -34416.4 158.674
5.33 266.51998 -70.262882 22014.915 -32103 2389.93 -34493 157.93655
5.34 272.27228 12.246098 21981.632 -32105.4 2441.51 -34547 157.19251
5.35 258.60232 328.63254 21891.442 -32270.9 2318.93 -34589.8 157.09517
5.36 287.39003 777.70562 21816.598 -32009.7 2577.07 -34586.8 156.83806
5.37 275.79848 531.18141 21881.37 -31986 2473.13 -34459.1 157.18776
5.38 264.09338 282.13886 21897.746 -32346.1 2368.17 -34714.3 157.22395
5.39 278.6275 80.7293 21975.377 -31979.3 2498.5 -34477.8 157.88235
5.4 265.74267 -184.06123 22033.08 -32059.3 2382.96 -34442.2 158.24633
5.41 266.61881 -405.34117 22122.878 -32111.3 2390.81 -34502.1 158.30305
5.42 260.12562 -41.191811 21981.853 -32135 2332.59 -34467.6 158.40956
5.43 291.69496 -54.223074 22004.185 -31882.1 2615.68 -34497.8 158.15944
5.44 271.84585 -186.63479 22029.902 -32143.3 2437.68 -34581 158.53545
5.45 270.83392 -83.182857 22047.497 -32026.3 2428.61 -34454.9 157.97427
5.46 274.58888 55.517928 21996.785 -32039 2462.28 -34501.3 157.90542
5.47 269.69993 105.46853 21941.406 -32088.2 2418.44 -34506.6 157.78124
5.48 269.77473 68.983983 21979.914 -31987.7 2419.11 -34406.8 157.738
5.49 268.10929 259.47081 21934.883 -32111.9 2404.18 -34516.1 157.6145
5.5 275.57663 104.38596 21982.29 -31948.6 2471.14 -34419.7 157.5638
5.51 276.40818 257.76886 21920.286 -32107.1 2478.6 -34585.7 157.53006
5.52 270.48981 115.152 21970.34 -32020.8 2425.53 -34446.3 157.40085
5.53 261.66422 -241.22076 22044.195 -32086.8 2346.38 -34433.2 158.1327
5.54 270.48797 -341.27359 22107.63 -31992.6 2425.51 -34418.1 158.49265
5.55 270.19942 -183.97495 22067.548 -31953.2 2422.92 -34376.1 158.23958
5.56 265.01505 -88.607776 22015.27 -32150.8 2376.43 -34527.3 158.52721
5.57 268.77072 19.688527 21987.405 -32196.8 2410.11 -34606.9 158.39095
5.58 263.70273 -115.44609 22018.504 -32144 2364.66 -34508.6 158.40465
5.59 257.04163 -563.36228 22115.398 -32255.4 2304.93 -34560.4 158.08966
5.6 275.36786 -378.24144 22122.812 -32136.5 2469.27 -34605.8 158.45317
5.61 280.23297 -748.60148 22256.73 -31957 2512.89 -34469.9 158.39332
5.62 284.84465 -305.12171 22064.651 -32091.4 2554.25 -34645.6 157.56198
5.63 265.90259 -230.5327 22080.88 -32064.9 2384.39 -34449.3 157.86213
5.64 264.52019 -82.204511 22058.116 -32113 2371.99 -34485 157.83179
5.65 271.0775 -396.7874 22113.588 -32030 2430.8 -34460.8 158.08405
5.66 263.33731 191.8835 21918.134 -32264.8 2361.39 -34626.2 157.67356
5.67 271.8387 115.58397 21962.773 -32053.7 2437.62 -34491.3 157.23855
5.68 256.27566 352.56018 21869.766 -32292.3 2298.06 -34590.4 157.01311
5.69 278.59813 485.46745 21881.274 -32038.6 2498.23 -34536.9 157.42104
5.7 278.34624 449.32588 21870.266 -32155.4 2495.97 -34651.3 157.14327
5.71 261.31355 160.42026 21940.531 -32184.6 2343.24 -34527.9 157.92388
5.72 252.17265 507.85601 21819.769 -32280.8 2261.27 -34542 157.48718
5.73 277.71861 97.881159 21930.37 -32076.5 2490.35 -34566.8 157.69256
5.74 255.633 -23.011976 21987.377 -32186.2 2292.3 -34478.5 157.92417
5.75 268.61862 -56.514949 22006.972 -32092.2 2408.75 -34500.9 157.74865
5.76 268.65488 -181.21488 22054.096 -32058.3 2409.07 -34467.3 158.04084
5.77 260.95818 -813.84697 22238.362 -32167.9 2340.05 -34508 158.8921
5.78 270.82314 -264.66701 22059.283 -32218.6 2428.51 -34647.1 157.8742
5.79 257.93132 -286.68038 22056.825 -31986.9 2312.91 -34299.9 157.76029
5.8 260.37254 -287.11511 22068.556 -32133.3 2334.8 -34468.1 157.68906
5.81 272.71386 -109.01665 22019.417 -32086.9 2445.47 -34532.4 157.98126
5.82 269.44025 66.532696 21963.99 -32101.2 2416.11 -34517.3 157.74567
5.83 267.10058 406.24875 21882.321 -32139.7 2395.13 -34534.8 157.17953
5.84 276.22066 66.377143 21984.068 -31985.7 2476.91 -34462.7 157.85565
5.85 268.53111 -261.77257 22048.881 -32207.8 2407.96 -34615.8 158.15318
5.86 270.64541 -186.07496 22027.502 -32113.1 2426.92 -34540.1 158.59546
5.87 267.54117 16.549581 21990.671 -32106.3 2399.08 -34505.4 157.66188
5.88 265.21275 367.51283 21841.78 -32128.3 2378.2 -34506.5 157.20515
5.89 285.89372 166.83754 21963.684 -31953.5 2563.65 -34517.2 157.66203
5.9 250.74253 -25.585439 21977.068 -32219 2248.45 -34467.4 157.73618
5.91 281.93663 528.99172 21841.031 -32041.1 2528.17 -34569.3 156.80475
5.92 283.45497 33.016855 21996.071 -32087.9 2541.79 -34629.7 158.04344
5.93 261.33484 -255.58904 22081.913 -32097.8 2343.43 -34441.2 158.24233
5.94 264.32669 -311.00553 22080.537 -32098 2370.26 -34468.2 158.20458
5.95 263.47956 -314.54628 22071.723 -32263.5 2362.66 -34626.2 158.38188
5.96 267.37196 -666.51323 22214.683 -32092.1 2397.57 -34489.6 158.47431
5.97 268.31037 -378.35745 22078.653 -32132.6 2405.98 -34538.5 158.25022
5.98 268.72674 -63.850615 22026.888 -32039 2409.72 -34448.7 157.97398
5.99 267.15047 225.47328 21903.74 -32159.7 2395.58 -34555.3 157.12141
6 282.70561 66.913787 22003.52 -31961.4 2535.07 -34496.4 157.57888
6.01 266.42983 214.16621 21904.513 -32116.3 2389.12 -34505.4 157.59554
6.02 281.57044 -59.229455 21992.306 -32047.2 2524.89 -34572.1 157.78316
6.03 259.80198 24.778042 21958.816 -32145.8 2329.69 -34475.5 157.61431
6.04 275.93975 261.00554 21966.515 -32029.5 2474.4 -34503.9 157.72627
6.05 264.92461 395.98714 21886.361 -32303.6 2375.62 -34679.3 157.68412
6.06 262.37128 546.35348 21875.826 -31988.4 2352.72 -34341.1 157.53229
6.07 264.32283 822.74296 21744.649 -32168.3 2370.22 -34538.5 156.68508
6.08 276.57339 367.41755 21875.868 -31960.9 2480.08 -34441 157.02859
6.09 280.85685 184.60701 21942.2 -32079.3 2518.49 -34597.7 157.90907
6.1 259.01978 325.15741 21897.871 -32206.7 2322.67 -34529.3 156.96152
6.11 273.55499 401.81682 21873.661 -32044.9 2453.01 -34497.9 157.29886
6.12 257.88808 70.068495 21983.289 -32134.7 2312.52 -34447.2 157.63897
6.13 267.59453 -293.69072 22057.126 -32195.6 2399.56 -34595.1 157.73624
6.14 262.50741 -456.58077 22122.734 -32149.3 2353.95 -34503.3 158.07888
6.15 273.15585 -245.54332 22068.962 -32130.3 2449.43 -34579.7 158.00542
6.16 278.33076 -148.12674 22011.062 -32048.3 2495.84 -34544.2 157.86715
6.17 270.50916 -215.77328 22024.673 -32128.4 2425.7 -34554.1 157.99887
6.18 258.09983 -411.99141 22078.965 -32236.5 2314.42 -34550.9 158.28903
6.19 258.63451 -62.564947 21997.292 -32067.6 2319.22 -34386.8 157.81731
6.2 255.21022 -718.16472 22170.201 -32244.2 2288.51 -34532.7 158.26281
6.21 272.54519 -379.71416 22114.452 -32045.6 2443.96 -34489.6 158.33046
6.22 258.67763 -340.89953 22085.999 -32096.9 2319.6 -34416.5 158.44413
6.23 273.377 -201.37342 22052.713 -31981.9 2451.41 -34433.3 157.75866
6.24 267.18329 -393.14459 22108.71 -32220.2 2395.88 -34616 158.35614
6.25 278.39684 -51.091737 22031.223 -32169.1 2496.43 -34665.6 157.91967
6.26 278.10113 -12.238196 21986.326 -32079 2493.78 -34572.8 157.75758
6.27 267.5804 -102.07163 21988.682 -32252 2399.44 -34651.5 157.38251
6.28 270.77346 33.379315 21987.616 -32086 2428.07 -34514.1 157.36114
6.29 265.01856 -385.32409 22079.256 -32090.9 2376.46 -34467.3 158.12374
6.3 280.81844 -164.91314 22076.123 -31822.9 2518.14 -34341.1 158.33365
6.31 268.10967 -511.18029 22138.162 -32014.1 2404.18 -34418.3 158.2156
6.32 275.64439 -122.76694 22055.065 -32073.5 2471.75 -34545.2 157.90628
6.33 258.94753 -258.55421 22024.119 -32256.2 2322.02 -34578.3 157.534
6.34 273.87914 1.8251126 22008.21 -32019.3 2455.92 -34475.2 157.55053
6.35 261.27633 165.27098 21929.672 -32146.9 2342.91 -34489.8 157.67553
6.36 286.14343 -11.079012 21992.96 -31913.6 2565.89 -34479.5 157.90306
6.37 274.57145 832.94747 21776.854 -32130.3 2462.13 -34592.4 156.9542
6.38 288.21883 -45.484405 22028.835 -31765.3 2584.5 -34349.8 158.13031
6.39 269.90198 -36.243898 22002.123 -32197.3 2420.25 -34617.6 158.1561
6.4 272.04756 -214.39052 22067.649 -32102.6 2439.49 -34542.1 157.86912
6.41 259.68391 -191.04003 22049.7 -32255 2328.63 -34583.7 157.98352
6.42 264.43304 -221.40517 22072.716 -32092.6 2371.21 -34463.8 157.89004
6.43 266.79184 129.08024 21957.516 -32176.8 2392.36 -34569.2 157.40007
6.44 266.92831 269.95562 21916.768 -32028.3 2393.59 -34421.9 157.28058
6.45 270.07973 293.04893 21890.396 -32187.5 2421.85 -34609.4 157.03609
6.46 265.92355 242.28715 21944.486 -32119.7 2384.58 -34504.3 157.56179
6.47 269.0372 797.4961 21803.572 -32232.1 2412.5 -34644.6 156.60321
6.48 282.20502 299.25663 21941.517 -31959.7 2530.58 -34490.3 157.30379
6.49 274.84151 283.70607 21910.288 -32110.4 2464.55 -34574.9 157.53407
6.5 276.90561 -44.283643 22027.639 -32005.5 2483.06 -34488.6 158.38191
6.51 272.91286 -394.56025 22123.677 -32045.3 2447.25 -34492.5 159.05653
6.52 261.07571 -248.13863 22050.022 -32089.5 2341.11 -34430.6 158.39558
6.53 256.71285 -184.29272 22052.706 -32193.9 2301.98 -34495.9 158.11164
6.54 265.75436 -688.8233 22204.986 -32031.7 2383.06 -34414.7 158.66585
6.55 267.16861 -354.78438 22066.44 -32113.8 2395.74 -34509.6 157.68887
6.56 274.52437 -134.7859 22052.637 -31993.9 2461.7 -34455.6 158.173
6.57 274.77758 137.23894 21978.31 -31911.9 2463.97 -34375.8 157.35723
6.58 264.24425 605.05531 21820.645 -32174 2369.52 -34543.6 156.7979
6.59 277.41337 142.39013 21988.498 -31963 2487.61 -34450.6 157.84453
6.6 264.18955 488.28862 21853.271 -32207.5 2369.03 -34576.5 157.10539
6.61 269.51496 442.71364 21885.384 -32048 2416.78 -34464.8 157.47474
6.62 264.6254 411.67396 21852.904 -32195.5 2372.94 -34568.5 157.35719
6.63 263.97881 -27.230896 21955.386 -31950.5 2367.14 -34317.6 157.30615
6.64 264.17789 -110.26398 22039.707 -32143 2368.93 -34512 158.39385
6.65 279.81438 -553.39199 22141.234 -32106.6 2509.14 -34615.7 158.7044
6.66 265.71696 -66.879244 22008.896 -32194.9 2382.73 -34577.6 157.86575
6.67 283.25952 144.26166 21952.517 -31780.9 2540.03 -34320.9 157.68895
6.68 271.74388 48.877893 21968.077 -32180.9 2436.77 -34617.7 157.49052
6.69 273.92066 345.25815 21885.452 -31946.9 2456.29 -34403.2 157.11696
6.7 266.37004 718.87853 21761.895 -32110.8 2388.58 -34499.4 156.79476
6.71 255.00523 279.33584 21893.689 -32271.5 2286.67 -34558.2 157.18057
6.72 275.71596 514.17389 21861.778 -32029.3 2472.39 -34501.7 157.60459
6.73 263.07285 141.33839 21938.604 -32256.1 2359.02 -34615.1 157.81536
6.74 267.88646 586.8465 21844.427 -32042.9 2402.18 -34445 156.58819
6.75 260.56129 45.291178 21977.691 -32184.2 2336.49 -34520.7 157.86305
6.76 292.41819 -517.55575 22172.968 -31792.2 2622.16 -34414.3 158.40794
6.77 270.81981 -497.13344 22115.947 -32122.9 2428.48 -34551.4 157.94627
6.78 277.77658 -788.32654 22237.244 -31856.2 2490.87 -34347 159.44772
6.79 280.57358 -163.39499 22078.94 -32064.7 2515.95 -34580.6 158.14656
6.8 276.37328 -448.65596 22149.926 -32054.7 2478.28 -34532.9 158.2824
6.81 267.27898 -109.15202 22016.869 -32245.4 2396.73 -34642.1 157.85048
6.82 269.44939 113.58749 21955.367 -32091.3 2416.2 -34507.5 157.81109
6.83 267.95996 387.16118 21886.486 -32075.4 2402.84 -34478.2 157.19624
6.84 270.9422 605.75512 21856.487 -32068.8 2429.58 -34498.4 157.33103
6.85 268.99767 508.28612 21851.193 -32238.6 2412.14 -34650.8 156.91237
6.86 251.80957 790.37252 21763.994 -32245.1 2258.02 -34503.1 157.07329
6.87 282.33115 653.41838 21838.839 -32088.9 2531.71 -34620.7 156.92609
6.88 250.73786 330.0801 21881.917 -32474.7 2248.41 -34723.1 157.07093
6.89 265.52274 -93.548572 22010.423 -32093.5 2380.98 -34474.5 157.55062
6.9 252.16076 -222.25395 22044.975 -32282.1 2261.17 -34543.2 157.40456
6.91 277.18132 35.487642 22019.877 -32131.3 2485.53 -34616.8 157.4572
6.92 267.85441 -307.47122 22084.677 -32213.2 2401.89 -34615.1 158.02155
6.93 262.10374 -873.62872 22249.855 -32118.4 2350.33 -34468.7 158.94225
6.94 253.4417 -554.67335 22114.598 -32260.6 2272.65 -34533.2 158.12135
6.95 278.18694 -33.431402 21991.286 -32031.5 2494.55 -34526 157.75387
6.96 265.29281 -232.70048 22020.753 -32213.5 2378.92 -34592.5 158.02779
6.97 275.76889 0.47328184 21998.898 -32060.9 2472.86 -34533.7 157.867
6.98 273.44298 -97.409495 22034.481 -31924.9 2452.01 -34376.9 158.01018
6.99 261.57551 32.743949 21981.785 -32123 2345.59 -34468.5 157.86126
7 270.19581 492.42969 21881.205 -31942.3 2422.89 -34365.2 157.27177
7.01 260.61456 293.90784 21897.881 -32138.5 2336.97 -34475.4 157.98548
7.02 287.101 368.68618 21901.322 -31947.2 2574.48 -34521.6 157.64194
7.03 266.7644 212.93439 21929.412 -32232.4 2392.12 -34624.5 158.0101
7.04 281.30875 306.15736 21942.89 -32059.6 2522.54 -34582.2 157.55117
7.05 263.1315 657.24422 21788.934 -32337.8 2359.54 -34697.3 156.75163
7.06 269.90313 54.494759 22005.721 -32063.5 2420.26 -34483.7 157.29404
7.07 261.80941 -83.767596 21984.456 -32066.8 2347.69 -34414.5 157.6895
7.08 268.5218 -323.82828 22086.748 -32142.5 2407.88 -34550.3 158.0899
7.09 267.06456 -664.37065 22154.105 -32127.1 2394.81 -34521.9 158.93113
7.1 258.68855 -557.23163 22115.142 -32055.4 2319.7 -34375.1 158.21223
7.11 274.61123 -141.49948 22007.479 -32199.8 2462.48 -34662.3 157.74925
7.12 276.53603 -51.759622 22032.443 -31982.1 2479.74 -34461.8 158.15861
7.13 255.88982 -99.747883 22008.442 -32250 2294.6 -34544.6 157.86421
7.14 262.71106 273.16206 21918.812 -32051.4 2355.77 -34407.2 157.37635
7.15 265.1912 333.69611 21880.876 -32216.4 2378.01 -34594.4 157.20969
7.16 267.90661 308.87937 21922.272 -32044.7 2402.36 -34447 157.64598
7.17 260.80988 -30.256967 21976.651 -32142.7 2338.72 -34481.5 157.75838
7.18 275.83227 -108.92499 22032.817 -32027.1 2473.43 -34500.5 157.50401
7.19 256.46779 26.090976 21953.136 -32233.7 2299.79 -34533.5 157.43987
7.2 274.37952 19.531989 21970.986 -32022.7 2460.4 -34483.1 158.11962
7.21 264.27174 -170.47539 22022.791 -32113.4 2369.77 -34483.2 158.14898
7.22 264.46096 -896.01672 22213.793 -32231.4 2371.46 -34602.8 158.70327
7.23 267.67272 -287.11333 22081.106 -32042.4 2400.26 -34442.7 158.66382
7.24 269.47016 -342.92525 22075.431 -32045.6 2416.38 -34462 158.65281
7.25 283.91631 -950.8813 22264.7 -31995.3 2545.92 -34541.2 158.52968
7.26 283.56517 -271.24155 22076.844 -31993.4 2542.77 -34536.2 157.9271
7.27 266.49069 12.594962 21951.178 -32129.1 2389.66 -34518.8 157.35599
7.28 295.83812 176.17923 22003.114 -31887.1 2652.83 -34540 157.57015
7.29 259.52936 644.62798 21774.534 -32100.1 2327.24 -34427.4 156.88936
7.3 266.71674 409.72426 21840.071 -32193.1 2391.69 -34584.8 157.13806
7.31 261.73623 345.98405 21875.659 -32138.1 2347.03 -34485.1 157.15608
7.32 264.74795 -65.001118 21982.264 -32191.7 2374.04 -34565.8 157.66982
7.33 266.86122 -616.69449 22111.365 -32002.9 2392.99 -34395.9 158.00388
7.34 255.98375 -195.32772 22017.888 -32242.3 2295.45 -34537.7 157.93253
7.35 276.47399 -584.53783 22172.444 -31921.3 2479.19 -34400.5 158.37267
7.36 263.97934 -64.53643 22000.222 -32137.5 2367.14 -34504.6 157.88552
7.37 265.1834 243.9577 21883.386 -32086.1 2377.94 -34464.1 157.78011
7.38 248.91018 -26.815712 21954.079 -32340.9 2232.02 -34572.9 157.36696
7.39 268.14122 255.9379 21936.385 -32153 2404.46 -34557.4 157.43917
7.4 271.72552 185.85678 21973.91 -32098.4 2436.61 -34535 157.37979
7.41 263.67307 -228.59303 22074.416 -32186.8 2364.4 -34551.2 158.01866
7.42 268.72436 -287.34918 22125.972 -32061.5 2409.69 -34471.2 158.3599
7.43 262.35952 -31.661662 22000.133 -32293 2352.62 -34645.6 157.9184
7.44 263.11956 -214.71626 22071.205 -32026.3 2359.43 -34385.8 158.56212
7.45 263.42958 -117.09959 22007.89 -31922.4 2362.21 -34284.6 158.04841
7.46 285.28835 241.97624 21941.287 -32081.8 2558.23 -34640 157.50029
7.47 268.64885 -162.19561 22028.035 -32064.8 2409.02 -34473.8 157.93156
7.48 268.23344 -687.91332 22198.289 -31958.4 2405.29 -34363.7 158.65169
7.49 272.00533 -651.48548 22181.151 -32014.3 2439.12 -34453.4 158.40184
7.5 265.75481 -370.13742 22107.289 -32041 2383.07 -34424.1 157.90316
7.51 262.1741 -765.06734 22174.807 -32220 2350.96 -34571 158.46405
7.52 274.32539 -575.3049 22146.868 -32143.1 2459.92 -34603 158.20466
7.53 288.73491 -392.05107 22146.083 -31778.7 2589.13 -34367.9 158.38671
7.54 268.85498 -416.7751 22086.544 -32122.2 2410.87 -34533.1 157.98746
7.55 288.3442 76.826287 21957.657 -31890.1 2585.63 -34475.8 157.3453
7.56 263.78833 320.67716 21897.03 -32132.2 2365.43 -34497.6 157.1373
7.57 267.44234 884.5798 21787.53 -32057.8 2398.2 -34456 156.64126
7.58 254.72527 -8.314404 21980.789 -32291.7 2284.16 -34575.9 157.61288
7.59 267.12298 -152.27834 22065.694 -32077.4 2395.33 -34472.7 157.80489
7.6 264.21838 -364.76657 22094.349 -32149.4 2369.29 -34518.7 158.15017
7.61 269.68049 -369.48719 22147.322 -31905.2 2418.27 -34323.5 158.48123
7.62 253.32595 -220.11724 22024.519 -32159.8 2271.61 -34431.5 157.67998
7.63 271.91061 338.5762 21892.153 -31935.5 2438.27 -34373.7 158.07367
7.64 267.42247 312.77593 21907.131 -32170.8 2398.02 -34568.8 157.39072
7.65 287.02126 654.45092 21836.693 -32011.8 2573.77 -34585.6 157.14726
7.66 275.10712 699.078 21844.12 -32105.8 2466.93 -34572.7 157.34317
7.67 257.89219 269.6333 21913.38 -32029.7 2312.56 -34342.3 156.87642
7.68 273.80724 -158.70321 22005.124 -32105 2455.27 -34560.2 157.52044
7.69 256.33545 2.57849 21997.743 -32303.4 2298.6 -34602 157.85857
7.7 283.5123 255.65757 21972.418 -31987.6 2542.3 -34529.9 157.7139
7.71 278.45854 439.30253 21896.365 -32033.5 2496.98 -34530.4 157.76841
7.72 259.40382 55.849108 21961.226 -32282.3 2326.12 -34608.4 157.38758
7.73 266.2427 -213.01792 22030.713 -32106.1 2387.44 -34493.5 158.06375
7.74 280.43829 38.929206 21974.523 -31939.4 2514.73 -34454.2 157.99494
7.75 262.65929 76.001163 21984.869 -32173 2355.31 -34528.3 157.73186
7.76 276.97228 -82.074426 22053.372 -31849.4 2483.65 -34333.1 157.83474
7.77 262.90281 -167.03329 22063.493 -32114.1 2357.49 -34471.6 157.76547
7.78 263.48508 -92.6865 22006.609 -32384.9 2362.71 -34747.6 157.78452
7.79 269.97269 -508.36161 22147.918 -32047.7 2420.89 -34468.6 157.98969
7.8 267.27683 23.251093 21984.834 -32241 2396.71 -34637.8 157.4159
7.81 270.71528 -650.18314 22197.448 -32014.3 2427.55 -34441.8 158.78958
7.82 292.94832 47.917711 22020.296 -31946.3 2626.91 -34573.2 157.80106
7.83 275.88367 -33.034001 21994.72 -32125.9 2473.89 -34599.8 157.74208
7.84 277.33691 143.77938 21995.243 -31959.7 2486.92 -34446.6 157.8696
7.85 270.43647 146.29568 21932.118 -32195.7 2425.05 -34620.8 157.43942
7.86 258.97955 795.92137 21770.935 -32274.3 2322.31 -34596.6 157.23568
7.87 265.6416 228.43551 21930.327 -32060 2382.05 -34442.1 157.75977
7.88 262.40881 -79.555352 21986.441 -32284.8 2353.06 -34637.9 158.25915
7.89 273.41888 -50.259049 22021.609 -32072.3 2451.79 -34524.1 158.15419
7.9 273.38052 -566.84798 22144.368 -32080.9 2451.45 -34532.4 158.8099
7.91 267.59002 -311.31195 22102.784 -32145.3 2399.52 -34544.8 158.22949
7.92 281.95399 -379.35232 22130.471 -31961.9 2528.33 -34490.3 157.76858
7.93 283.99796 -510.78536 22153.951 -32093.8 2546.65 -34640.4 158.20535
7.94 270.46058 -281.30081 22056.663 -32245 2425.26 -34670.2 157.64658
7.95 263.82374 82.654481 21980.982 -32066.8 2365.75 -34432.6 157.6707
7.96 273.84386 192.1916 21922.515 -31936.9 2455.6 -34392.5 157.79824
7.97 270.11061 194.56184 21931.863 -32161.2 2422.12 -34583.3 157.39245
7.98 279.8555 663.30625 21828.073 -31936.4 2509.51 -34445.9 156.65708
7.99 269.70131 133.32684 21970.693 -32128.6 2418.45 -34547.1 157.80393
8 264.83186 34.745683 21992.324 -32065.1 2374.79 -34439.9 157.76425
8.01 290.26234 -437.20133 22128.327 -31892 2602.83 -34494.8 158.35025
8.02 273.05175 -769.26916 22178.743 -32119.5 2448.5 -34568 158.39357
8.03 273.09543 -89.598 22025.176 -31942 2448.89 -34390.9 157.87178
8.04 274.05032 -457.16292 22102.116 -32042 2457.45 -34499.4 158.0774
8.05 263.50628 -23.501787 21987.725 -32230.9 2362.9 -34593.8 157.81993
8.06 268.28365 461.17973 21883.57 -32065.1 2405.74 -34470.9 157.55324
8.07 267.17984 275.21258 21897.147 -32119.9 2395.84 -34515.7 157.50489
8.08 264.08764 121.1042 21984.707 -32129.6 2368.12 -34497.7 157.57779
8.09 274.65346 528.07257 21839.168 -31920.1 2462.86 -34382.9 157.21354
8.1 280.345 351.77218 21887.713 -32132.7 2513.9 -34646.6 157.3025
8.11 278.44174 475.07714 21871.272 -31931.9 2496.83 -34428.7 156.89975
8.12 269.82877 100.05794 21965.474 -32071.7 2419.6 -34491.3 157.38398
8.13 264.43087 -231.56169 22071.529 -32045 2371.19 -34416.2 157.79324
8.14 277.96888 -183.46426 22046.788 -31997.5 2492.59 -34490.1 157.73705
8.15 288.25779 92.039046 22015.882 -31984.5 2584.85 -34569.4 157.9372
8.16 270.30865 -170.01707 22022.057 -32111.8 2423.9 -34535.7 157.60915
8.17 275.21035 -389.01506 22091.717 -31995.8 2467.85 -34463.6 157.85039
8.18 278.55547 -84.982231 22026.746 -31991.3 2497.85 -34489.1 157.93222
8.19 264.15908 -491.97405 22138.82 -32081 2368.76 -34449.8 158.79915
8.2 271.56061 24.394177 21976.303 -32060.3 2435.13 -34495.4 158.12065
8.21 275.49596 408.82657 21849.991 -32108.9 2470.42 -34579.3 157.11724
8.22 272.88671 255.41524 21927.003 -32080.2 2447.02 -34527.2 157.65433
8.23 261.90356 741.80513 21780.964 -32229 2348.53 -34577.6 156.92316
8.24 279.93107 104.99771 21942.865 -32053.9 2510.19 -34564.1 157.38956
8.25 281.50485 161.09415 21977.2 -31923.2 2524.3 -34447.5 157.54025
8.26 262.80851 -416.6761 22064.68 -32154.9 2356.65 -34511.5 157.99128
8.27 277.4345 -442.52028 22104.531 -31895.2 2487.8 -34383 158.33273
8.28 253.54603 -330.62212 22046.129 -32123.6 2273.59 -34397.2 157.37505
8.29 267.02606 -417.08591 22060.595 -32193.2 2394.47 -34587.7 157.69669
8.3 278.04802 -780.95615 22235.955 -31886.4 2493.3 -34379.7 159.09798
8.31 267.22011 -490.88858 22117.355 -32163.4 2396.21 -34559.6 158.07105
8.32 263.74316 -400.95613 22072.601 -32051.7 2365.03 -34416.8 158.35229
8.33 257.19781 -80.503375 22001.169 -32417.2 2306.33 -34723.5 158.01912
8.34 265.36134 -48.816305 22014.037 -32040.6 2379.54 -34420.2 157.95791
8.35 255.58632 -756.44685 22207.519 -32251.7 2291.88 -34543.6 158.83327
8.36 275.31769 -386.82496 22127.733 -32026.9 2468.82 -34495.8 158.22366
8.37 253.77632 -407.40281 22106.428 -32142 2275.65 -34417.6 157.90364
8.38 277.02262 18.524878 22023.068 -32038.2 2484.11 -34522.3 157.5602
8.39 267.70778 557.96589 21871.033 -32153.1 2400.58 -34553.7 157.08259
8.4 280.67116 725.16276 21844.444 -31899.5 2516.82 -34416.3 157.17572
8.41 261.00151 44.07274 21976.362 -32009 2340.44 -34349.5 157.71719
8.42 266.09237 68.921793 21984.493 -32201.5 2386.09 -34587.6 157.53723
8.43 257.591 -386.33879 22096.766 -32060.1 2309.86 -34369.9 157.85269
8.44 277.4046 -258.2273 22059.709 -32228.3 2487.53 -34715.8 157.95366
8.45 272.02513 -459.87942 22131.582 -32067.2 2439.29 -34506.5 158.18915
8.46 273.90844 -65.928855 22024.299 -31934.4 2456.18 -34390.6 157.98644
8.47 275.71025 -205.35689 22038.226 -31971.7 2472.34 -34444.1 158.00144
8.48 259.11313 59.568072 21973.529 -32195.7 2323.51 -34519.2 157.66902
8.49 265.98045 506.58133 21832.092 -32178.2 2385.09 -34563.3 157.38852
8.5 260.38127 182.76582 21956.114 -32094.2 2334.88 -34429.1 157.49309
8.51 261.60971 -100.52597 21985.992 -32103.3 2345.9 -34449.2 157.7863
8.52 256.80021 -81.243898 21995.475 -32349.5 2302.77 -34652.3 157.68484
8.53 266.00088 -660.04245 22221.899 -32097.8 2385.27 -34483.1 158.89659
8.54 272.4683 -60.966984 22005.676 -32225.7 2443.27 -34669 157.62559
8.55 285.57266 -90.245155 22043.409 -31979.2 2560.78 -34540 157.71981
8.56 261.23043 98.409987 21947.866 -32160.1 2342.49 -34502.6 157.53913
8.57 278.08709 482.78101 21883.667 -32032.6 2493.65 -34526.3 157.23192
8.58 276.23101 82.679803 21981.037 -32130.3 2477.01 -34607.3 157.6141
8.59 268.05382 -48.969399 22046.483 -32094 2403.68 -34497.7 158.02559
8.6 266.01233 -567.39244 22120.252 -32036.8 2385.37 -34422.1 158.0181
8.61 262.63029 -444.84083 22102.223 -32094.1 2355.05 -34449.2 158.19064
8.62 275.59221 -747.01475 22237.511 -31962.2 2471.28 -34433.5 158.73873
8.63 263.28227 -174.05376 22038.456 -32238.4 2360.89 -34599.3 157.6178
8.64 275.27252 135.10012 21964.909 -32090.6 2468.41 -34559.1 157.0689
8.65 264.2279 108.65828 21945.043 -32184.9 2369.37 -34554.3 157.61854
8.66 276.2281 575.83965 21818.953 -31953.6 2476.98 -34430.6 156.78882
8.67 257.53749 11.325956 21981.99 -32132.2 2309.38 -34441.6 157.73259
8.68 280.73108 -172.87854 22069.476 -32016.6 2517.36 -34534 157.58049
8.69 266.66053 -101.51065 22011.298 -32117.8 2391.19 -34509 157.6591
8.7 274.5833 -651.76295 22195.95 -32006.7 2462.23 -34468.9 158.61845
8.71 279.45466 -294.91596 22098.567 -32081.6 2505.91 -34587.5 158.46157
8.72 282.15528 34.476915 22013.561 -31949 2530.13 -34479.1 157.78435
8.73 266.88411 604.02105 21823.462 -32145 2393.19 -34538.2 157.11743
8.74 277.1761 318.63616 21913.279 -32037.2 2485.48 -34522.7 157.90625
8.75 266.41853 576.95374 21826.744 -32226.6 2389.02 -34615.7 157.25142
8.76 272.44432 416.53296 21900.323 -32006.7 2443.05 -34449.8 157.85979
8.77 254.39856 -27.290921 21955.832 -32256.7 2281.23 -34537.9 157.26148
8.78 271.77301 116.23607 21990.847 -32017.4 2437.03 -34454.4 157.26834
8.79 271.61375 229.76802 21916.334 -32181.6 2435.6 -34617.2 157.5183
8.8 269.61618 -220.41096 22053.26 -32014.2 2417.69 -34431.9 157.47343
8.81 251.98558 -237.16877 22020.67 -32258.2 2259.59 -34517.8 157.39427
8.82 270.98589 -731.8803 22164.056 -32065.7 2429.97 -34495.7 158.27215
8.83 272.54165 -160.45687 22016.02 -32299.9 2443.92 -34743.8 158.0863
8.84 270.33923 -517.29145 22149.041 -32056 2424.17 -34480.2 158.65028
8.85 275.06522 -92.39113 22025.737 -32075.5 2466.55 -34542 158.10643
8.86 263.76074 88.948833 21934.616 -32182.4 2365.18 -34547.6 157.63206
8.87 268.00481 99.636164 21969.321 -32205.8 2403.24 -34609 157.83911
8.88 274.75323 417.09913 21903.93 -31997.8 2463.76 -34461.5 157.9251
8.89 263.35291 96.882677 21931.509 -32206.1 2361.53 -34567.7 157.68854
8.9 287.78447 311.45119 21926.51 -31926.6 2580.61 -34507.2 157.20071
8.91 269.12744 214.75356 21896.232 -32172.5 2413.31 -34585.8 157.62232
8.92 263.95065 41.487659 21974.32 -32081 2366.89 -34447.9 157.98818
8.93 268.33925 44.707499 21959.694 -32216.2 2406.24 -34622.4 157.60293
8.94 270.91148 -103.37522 22032.637 -32031 2429.31 -34460.3 157.77029
8.95 262.79432 -131.35862 22043.541 -32253.1 2356.52 -34609.6 157.60101
8.96 270.57508 -449.52392 22125.366 -32175.8 2426.29 -34602 157.7092
8.97 275.66926 -292.88887 22072.731 -32105.7 2471.97 -34577.6 158.02508
8.98 239.56529 -320.7391 22049.437 -32453.1 2148.22 -34601.3 157.73466
8.99 270.49921 394.80965 21900.915 -32079.4 2425.61 -34505 157.06342
9 253.23847 347.61477 21897.147 -32362 2270.83 -34632.9 157.54683
9.01 275.77671 364.66121 21914.927 -32025.4 2472.93 -34498.4 157.3206
9.02 278.84097 851.12911 21765.891 -32125.2 2500.41 -34625.6 157.14475
9.03 274.86536 653.16858 21828.855 -31988.8 2464.76 -34453.6 157.23185
9.04 259.11829 317.69702 21915.617 -32125.1 2323.55 -34448.7 157.82484
9.05 275.85946 141.07004 21962.133 -31907.4 2473.68 -34381.1 158.13541
9.06 264.81701 17.532193 21958.877 -32173.6 2374.66 -34548.2 157.95205
9.07 272.95818 9.1379067 21986.969 -32181.7 2447.66 -34629.4 157.51573
9.08 277.73402 -429.37685 22127.793 -32011.9 2490.49 -34502.4 158.40193
9.09 263.83495 -381.84772 22100.692 -32250.6 2365.85 -34616.5 157.82944
9.1 269.89736 -434.50329 22126.18 -32105.7 2420.21 -34525.9 158.4127
9.11 268.96471 -634.56653 22148.961 -32184.6 2411.85 -34596.5 158.25502
9.12 256.60877 -61.389598 21987.206 -32203.8 2301.05 -34504.9 158.33059
9.13 275.61519 91.368868 22005.4 -31924 2471.49 -34395.5 157.75595
9.14 269.7873 232.93331 21926.206 -32131.3 2419.23 -34550.6 157.54743
9.15 282.47553 791.20033 21802.726 -31863.5 2533 -34396.5 156.85628
9.16 272.17954 447.04807 21896.33 -32015.8 2440.68 -34456.5 157.43959
9.17 253.36454 296.29657 21896.778 -32322.2 2271.96 -34594.1 157.39239
9.18 264.89413 -278.81852 22061.357 -32062.4 2375.35 -34437.8 157.46453
9.19 265.51024 15.853315 22011.233 -32223.7 2380.87 -34604.6 157.92533
9.2 270.72583 -423.68657 22135.659 -31977.1 2427.64 -34404.7 158.27326
9.21 259.89707 -130.71415 22013.316 -32220.6 2330.54 -34551.1 157.82833
9.22 275.3813 -500.01232 22141.121 -31904.7 2469.39 -34374 158.06664
9.23 269.00977 -100.22952 22020.307 -32184.7 2412.25 -34596.9 157.35162
9.24 276.33974 21.994352 22029.54 -31954.5 2477.98 -34432.4 157.77703
9.25 257.55368 835.22269 21758.685 -32174.3 2309.52 -34483.8 156.4154
9.26 264.59436 216.12725 21925.066 -32197.9 2372.66 -34570.5 157.43263
9.27 276.70766 179.73568 21956.451 -31853.8 2481.28 -34335.1 157.77232
9.28 267.74693 774.12056 21784.567 -32122.5 2400.93 -34523.4 156.83579
9.29 283.63908 461.02356 21848.555 -31972.7 2543.44 -34516.2 157.2573
9.3 262.42715 76.833147 21941.799 -32142.7 2353.23 -34495.9 157.61174
9.31 274.32933 -263.98202 22073.099 -32015.8 2459.95 -34475.8 158.46953
9.32 263.34312 -436.02939 22124.154 -32140.7 2361.44 -34502.1 158.54237
9.33 251.97857 -179.56343 22030.112 -32236.8 2259.53 -34496.4 157.89927
9.34 270.38975 37.396328 21965.162 -32286.8 2424.63 -34711.4 157.22097
9.35 254.49683 144.88347 21946.748 -32117.5 2282.11 -34399.6 157.43941
9.36 267.97855 654.46429 21811.73 -32132.4 2403.01 -34535.4 157.01933
9.37 267.99718 7.0941732 21976.885 -32086.6 2403.17 -34489.8 157.74781
9.38 265.03113 -595.77753 22122.46 -32067.5 2376.58 -34444.1 158.17099
9.39 266.89034 -284.3224 22042.214 -32203.8 2393.25 -34597.1 157.91858
9.4 264.82193 -617.92426 22145.783 -32128.5 2374.7 -34503.2 158.37817
9.41 271.47108 -52.97561 22018.629 -32075 2434.32 -34509.4 157.96292
9.42 253.60039 -432.06877 22092.788 -32308.1 2274.07 -34582.1 158.00475
9.43 273.80695 -100.77671 22046.555 -32097.2 2455.27 -34552.4 157.8492
9.44 287.91673 150.43402 21967.566 -31930.9 2581.8 -34512.7 157.51398
9.45 264.07441 314.21714 21899.208 -32192.3 2368 -34560.3 157.74197
9.46 263.506 868.49396 21771.612 -32138.9 2362.9 -34501.8 156.80756
9.47 273.3925 772.55696 21804.694 -32138.8 2451.55 -34590.3 156.88825
9.48 273.73239 286.26368 21931.328 -32077.8 2454.6 -34532.4 157.51976
9.49 284.32012 371.05227 21915.347 -32065.7 2549.54 -34615.2 156.75098
9.5 278.6971 734.58528 21811.505 -32139.3 2499.12 -34638.4 156.91604
9.51 269.23885 -41.123074 21995.01 -32274.8 2414.31 -34689.1 157.71599
9.52 272.46188 -197.23267 22031.286 -32116.2 2443.21 -34559.4 157.56187
9.53 287.16677 -395.78088 22108.446 -31977.6 2575.07 -34552.6 158.28034
9.54 264.41527 -957.85446 22251.576 -32154 2371.05 -34525 159.05458
9.55 268.99158 -492.93684 22133.58 -32174.3 2412.09 -34586.4 158.48563
9.56 278.6751 -323.86925 22105.638 -31976.5 2498.92 -34475.4 158.05998
9.57 262.93527 -245.27117 22073.667 -32108.1 2357.78 -34465.9 158.84004
9.58 268.71371 -162.20913 22088.361 -31911.9 2409.6 -34321.5 158.24561
9.59 266.1578 211.62927 21926.897 -32130 2386.68 -34516.7 157.64872
9.6 275.65347 61.955762 21955.612 -31990.6 2471.83 -34462.5 157.97315
9.61 253.19564 546.38699 21835.706 -32376 2270.45 -34646.5 156.71705
9.62 276.88888 424.53329 21896.03 -32036.9 2482.91 -34519.8 157.25059
9.63 266.99611 198.68106 21926.751 -32247.7 2394.2 -34641.9 157.20323
9.64 269.80176 101.46045 21985.48 -31968.9 2419.36 -34388.3 157.76252
9.65 274.85651 456.36147 21875.522 -32143.9 2464.68 -34608.6 157.37329
9.66 277.42469 134.94283 21953.952 -32012.4 2487.71 -34500.1 158.22002
9.67 259.20636 75.996179 21991.491 -32126.8 2324.34 -34451.2 157.96331
9.68 278.20363 -92.69764 22031.36 -32087.3 2494.7 -34582 157.92624
9.69 255.77234 -183.31982 22005.995 -32273 2293.55 -34566.6 157.74297
9.7 270.9169 -738.94611 22207.403 -31974.2 2429.35 -34403.6 158.9369
9.71 270.67764 -400.98154 22109.412 -32141 2427.21 -34568.3 157.89337
9.72 269.79126 -186.50565 22045.158 -32046.8 2419.26 -34466 158.28814
9.73 268.66659 119.3838 21989.536 -32132.8 2409.18 -34542 157.82399
9.74 261.16928 34.446418 21996.503 -32189.7 2341.95 -34531.6 157.72574
9.75 266.29908 46.7133 21980.562 -32052 2387.95 -34440 157.20137
9.76 262.13807 367.76414 21880.992 -32193.3 2350.63 -34544 156.79733
9.77 261.24156 -36.181834 22000.951 -32176.9 2342.59 -34519.5 157.59669
9.78 261.30296 -459.04707 22110.716 -32097.6 2343.15 -34440.7 158.61227
9.79 277.35831 -677.96268 22192.778 -32155.7 2487.12 -34642.8 158.37518
9.8 258.90599 -326.35959 22075.91 -32218.8 2321.65 -34540.5 158.12334
9.81 262.88992 -168.25147 22051.038 -32197.8 2357.38 -34555.2 157.91509
9.82 277.22794 256.28122 21930.915 -32101.9 2485.95 -34587.8 157.57612
9.83 267.66006 -81.826872 22007.053 -32118.6 2400.15 -34518.7 157.49468
9.84 285.92235 48.647484 22004.745 -32064.4 2563.91 -34628.3 158.35676
9.85 261.66372 189.31668 21903.999 -32223.1 2346.38 -34569.5 157.50232
9.86 273.42741 501.75808 21851.384 -32033.6 2451.87 -34485.5 156.72982
9.87 264.26215 435.6063 21883.992 -31960.5 2369.68 -34330.1 157.61686
9.88 269.71662 -139.04724 22003.188 -32144.7 2418.59 -34563.2 158.48485
9.89 268.32171 41.8817 21976.496 -32036.4 2406.08 -34442.5 157.65046
9.9 263.096 156.32061 21936.666 -32184.1 2359.22 -34543.3 157.21639
9.91 277.40776 -3.6719197 21993.136 -32023.1 2487.56 -34510.6 157.76778
9.92 265.12765 -178.64751 22003.124 -32202.1 2377.44 -34579.6 157.88037
9.93 257.19208 -263.20768 22042.601 -32286.9 2306.28 -34593.2 157.57492
9.94 262.42894 -323.96949 22070.495 -32048.3 2353.24 -34401.6 158.08753
9.95 253.01907 -439.68912 22072.455 -32415.7 2268.86 -34684.5 158.01759
9.96 262.25259 -366.07369 22094.125 -32038.7 2351.66 -34390.4 157.99087
9.97 263.30124 -224.12961 22064.549 -32109.2 2361.06 -34470.3 158.27802
9.98 277.04657 -195.49537 22057.162 -32037.2 2484.32 -34521.6 158.33964
