0 270.81403 -54.862121 46284.945 -63526.3 5157.46 -68683.7 10.547442
0.01 284.12295 -110.9186 46598.66 -63052.2 5410.92 -68463.2 20.322445
0.02 270.48241 -608.1729 46471.014 -63303 5151.15 -68454.1 33.890515
0.03 274.47784 -583.97049 46758.666 -63603.8 5227.24 -68831 46.210421
0.04 257.29786 748.15019 45608.776 -63823.2 4900.06 -68723.2 54.830769
0.05 271.53623 -233.72005 46739.34 -63348.5 5171.22 -68519.7 63.459956
0.06 262.09241 -39.102618 46345.942 -63670.3 4991.37 -68661.7 74.105968
0.07 268.13794 -531.89887 46478.912 -62974 5106.5 -68080.5 85.098294
0.08 272.55454 775.2877 45922.791 -63302.3 5190.61 -68492.9 97.240029
0.09 274.17678 50.970603 46441.337 -62813 5221.5 -68034.5 107.20552
0.1 272.25313 125.96479 46091.649 -63366.8 5184.87 -68551.7 116.91552
0.11 276.08593 56.047285 46440.948 -63282.2 5257.86 -68540 125.28759
0.12 275.47058 795.95191 46119.584 -63019.5 5246.14 -68265.7 139.78568
0.13 271.03377 541.1001 45917.5 -62786.3 5161.65 -67947.9 150.82961
0.14 275.67941 -660.43427 46629.88 -62399.6 5250.12 -67649.7 162.72694
0.15 272.71235 316.40499 46076.295 -62538.6 5193.62 -67732.2 177.09145
0.16 265.29287 125.46531 46137.114 -62121.7 5052.32 -67174 194.19877
0.17 269.35105 -67.60324 46198.12 -62359.3 5129.6 -67488.9 208.61307
0.18 267.03622 -492.9108 46397.383 -62617 5085.52 -67702.5 223.59077
0.19 279.37867 252.18261 46250.965 -62100.5 5320.57 -67421.1 232.54486
0.2 268.83314 155.52066 46253.674 -62505.2 5119.74 -67624.9 241.82772
0.21 275.41811 28.734054 46314.261 -62642.6 5245.15 -67887.8 254.47096
0.22 272.04486 -55.610348 46173.376 -62780.9 5180.9 -67961.8 262.62822
0.23 267.82387 -645.80599 46484.868 -62731.7 5100.52 -67832.2 275.95118
0.24 271.09559 530.35686 45934.515 -62671.4 5162.83 -67834.3 282.77801
0.25 258.83593 87.48298 46065.358 -63077.5 4929.35 -68006.9 293.49444
0.26 258.2324 -27.283095 46125.71 -63396.5 4917.86 -68314.3 308.39557
0.27 274.49506 86.256203 46489.962 -63219.5 5227.57 -68447.1 322.40006
0.28 267.82738 -756.49796 46537.548 -63382.9 5100.59 -68483.5 331.36196
0.29 265.46241 -263.70689 46355.972 -63217.1 5055.55 -68272.7 339.66035
0.3 268.65279 150.18106 46042.909 -62668.4 5116.3 -67784.7 351.91513
0.31 266.78227 -349.89096 46054.147 -62168.5 5080.68 -67249.2 369.33294
0.32 277.59741 -629.67298 46339.214 -61561.7 5286.65 -66848.3 385.89434
0.33 266.24228 -183.82976 46004.83 -61909.4 5070.4 -66979.8 398.24921
0.34 271.40857 -239.67916 46179.352 -61786.7 5168.79 -66955.5 407.40383
0.35 273.65399 -514.56132 46355.2 -61922 5211.55 -67133.5 424.95789
0.36 261.66365 11.637723 46442.29 -62220.7 4983.2 -67203.9 438.63123
0.37 268.01533 -74.235806 46067.193 -62494.2 5104.16 -67598.4 447.12972
0.38 267.15997 -438.99596 46456.372 -62124.3 5087.87 -67212.2 462.79214
0.39 275.70571 185.28752 45934.647 -61860.4 5250.62 -67111.1 466.30383
0.4 276.2654 -204.79651 46467.573 -61917.3 5261.28 -67178.6 484.62186
0.41 267.81799 -265.09606 46615.366 -62116.1 5100.41 -67216.5 499.24239
0.42 264.13749 -139.7369 46509.102 -62343.1 5030.31 -67373.4 510.30172
0.43 268.76319 -188.50686 46154.497 -62122.4 5118.41 -67240.8 521.37476
0.44 277.71557 -612.75304 46384.712 -61504.1 5288.9 -66793 533.805
0.45 260.37538 723.89661 45879.574 -61849.6 4958.67 -66808.2 542.00908
0.46 262.09695 388.29234 45841.637 -61203.3 4991.45 -66194.7 556.20343
0.47 271.54978 -651.68447 46211.008 -60757 5171.48 -65928.5 582.86111
0.48 273.83772 -301.30254 45697.74 -60178.9 5215.05 -65394 594.13368
0.49 270.04104 242.67276 45602.662 -59898.6 5142.74 -65041.4 619.29536
0.5 277.45536 191.89661 45560.401 -59779.8 5283.94 -65063.8 641.44306
0.51 268.73916 -249.07871 45700.442 -60152.6 5117.95 -65270.6 667.65701
0.52 269.7032 -131.35816 45693.231 -60264.2 5136.31 -65400.5 691.4059
0.53 276.37013 33.445371 45579.946 -60035.6 5263.28 -65298.8 717.15428
0.54 270.87631 167.32407 45667.311 -60158.2 5158.65 -65316.8 738.93155
0.55 271.67796 62.334255 45551.17 -60137 5173.92 -65310.9 769.71021
0.56 281.00639 915.40458 45321.169 -60339.8 5351.57 -65691.4 800.14912
0.57 269.48169 708.86794 45239.272 -60109.3 5132.09 -65241.4 822.80312
0.58 270.42722 445.21784 45521.495 -60269.7 5150.1 -65419.8 854.34325
0.59 273.77673 285.3604 45524.187 -60130.3 5213.89 -65344.2 879.03324
0.6 272.45675 639.57831 45336.766 -60111.4 5188.75 -65300.1 897.61147
0.61 270.07402 646.78391 45368.409 -60248.5 5143.37 -65391.8 928.25198
0.62 270.22615 -112.5387 45819.108 -59744.6 5146.27 -64890.9 958.61809
0.63 273.51874 -472.61082 45886.006 -59865.7 5208.97 -65074.7 989.1737
0.64 264.65847 483.46335 45477.856 -60176.1 5040.24 -65216.3 1024.3597
0.65 276.10389 1043.2426 45388.162 -60110.7 5258.21 -65368.9 1047.5419
0.66 267.82086 -304.85654 45643.906 -60135.6 5100.46 -65236.1 1068.8846
0.67 267.67987 205.07756 45735.362 -60194.4 5097.78 -65292.1 1099.4666
0.68 268.08477 847.87581 45388.73 -60093.1 5105.49 -65198.5 1123.9586
0.69 281.19473 -50.293668 45532.075 -59721 5355.16 -65076.2 1143.1083
0.7 270.13603 -105.72899 45666.735 -60385 5144.55 -65529.5 1170.8797
0.71 265.44286 -124.62692 45548.581 -60063.6 5055.17 -65118.8 1194.1297
0.72 281.24894 45.76993 45457.412 -59816.1 5356.19 -65172.3 1217.8677
0.73 270.29471 21.52858 45497.752 -60149.9 5147.57 -65297.5 1235.2607
0.74 271.05852 -3.5474647 45500.436 -59980.2 5162.12 -65142.3 1271.5967
0.75 265.87129 880.1418 45385.097 -60035 5063.33 -65098.4 1305.695
0.76 275.00946 97.814089 45723.371 -60168.3 5237.36 -65405.7 1341.423
0.77 269.61587 -288.81642 45727.784 -60097 5134.65 -65231.6 1365.9964
0.78 274.29194 -469.05561 45914.254 -59701.6 5223.7 -64925.3 1398.1783
0.79 274.25273 -236.27403 45510.268 -59837.1 5222.95 -65060.1 1419.0755
0.8 265.56879 -47.03538 45485.774 -60224.3 5057.57 -65281.9 1450.7132
0.81 266.65133 440.97027 45378.493 -60284.8 5078.19 -65363 1473.8122
0.82 279.71137 361.8973 45983.277 -59708.1 5326.91 -65035 1507.9134
0.83 263.40493 504.08431 45492.902 -60408.5 5016.36 -65424.9 1520.1024
0.84 260.94366 290.88318 45659.009 -60085.9 4969.49 -65055.4 1554.5046
0.85 271.23237 119.10383 45562.535 -59808.8 5165.43 -64974.3 1591.7647
0.86 263.35921 -486.5758 45696.518 -60264 5015.49 -65279.5 1622.7877
0.87 260.98215 417.1445 45318.395 -60425.1 4970.22 -65395.4 1642.7701
0.88 257.96826 -79.401662 45631.69 -60392.8 4912.82 -65305.6 1673.0047
0.89 269.05109 297.44215 45207.971 -60112.5 5123.89 -65236.4 1686.1491
0.9 265.63269 3.5874749 45725.855 -60110.6 5058.79 -65169.4 1717.9747
0.91 272.0411 -214.95155 45517.663 -60214.5 5180.83 -65395.3 1741.6401
0.92 269.70135 625.14736 45425.315 -60081.8 5136.27 -65218 1775.1921
0.93 273.54886 45.097011 45679.016 -60235.9 5209.55 -65445.5 1806.0602
0.94 273.81421 55.908585 45470.043 -60304.7 5214.6 -65519.3 1828.4439
0.95 281.38667 -55.400502 45220.937 -59723.1 5358.81 -65082 1852.6499
0.96 265.05978 1037.7621 45130.734 -60215.6 5047.88 -65263.5 1894.9589
0.97 258.61976 -407.99537 45903.804 -60449.2 4925.23 -65374.5 1946.3308
0.98 267.14626 539.57973 45588.864 -59987 5087.61 -65074.6 1982.5384
0.99 269.17016 303.10175 45483.529 -60248 5126.16 -65374.2 2003.9772
1 267.85239 -39.477744 45778.214 -60036.6 5101.06 -65137.7 2051.9662
1.01 273.62125 -242.12669 45480.251 -59998.4 5210.93 -65209.3 2076.5294
1.02 274.39211 -498.35482 45685.606 -60212.9 5225.61 -65438.5 2107.3586
1.03 276.54832 453.48856 45581.975 -59788.7 5266.67 -65055.4 2128.1696
1.04 274.14009 -170.18041 45818.009 -59888.1 5220.81 -65108.9 2145.155
1.05 269.81327 189.95775 45331.811 -60210.9 5138.4 -65349.3 2163.9931
1.06 269.86009 127.46379 45568.596 -60127.3 5139.3 -65266.6 2186.0818
1.07 275.23856 51.245382 45488.32 -60033.9 5241.73 -65275.6 2211.44
1.08 273.33983 394.28947 45408.34 -59988.3 5205.57 -65193.9 2247.362
1.09 267.76263 114.44743 45734.713 -60282.2 5099.35 -65381.6 2282.6163
1.1 268.18616 -485.84791 45839.041 -59865 5107.42 -64972.5 2317.6684
1.11 269.69963 -146.86867 45688.702 -60281.7 5136.24 -65418 2333.3404
1.12 274.08576 511.43363 45314.431 -60007.4 5219.77 -65227.1 2341.2182
1.13 267.12832 -194.56154 45689.398 -60311.4 5087.27 -65398.7 2373.7839
1.14 265.79037 590.02144 45302.948 -60174.7 5061.79 -65236.5 2382.4083
1.15 267.82859 -460.10854 46014.905 -59997.4 5100.61 -65098 2442.3608
1.16 275.82586 -453.47468 45696.789 -59828.5 5252.91 -65081.4 2459.9742
1.17 266.90846 -278.42425 45766.441 -60170.5 5083.08 -65253.6 2499.6424
1.18 269.51249 203.56386 45655.505 -60395.4 5132.68 -65528.1 2507.942
1.19 264.49718 -293.27285 45591.828 -60096.5 5037.16 -65133.7 2520.2667
1.2 267.95821 588.1659 45589.987 -59908.2 5103.08 -65011.3 2552.7887
1.21 276.97871 659.00265 45421.704 -59693.3 5274.87 -64968.2 2588.1028
1.22 273.17014 235.11893 45608.644 -60194.8 5202.33 -65397.2 2618.1687
1.23 276.83298 935.72152 45336.56 -60185.2 5272.09 -65457.2 2623.5659
1.24 275.55354 177.88084 45451.253 -60003 5247.72 -65250.8 2642.859
1.25 264.98868 -387.06276 46042.108 -60126.5 5046.52 -65173 2703.7908
1.26 270.34474 -28.788111 45598.891 -59928.2 5148.53 -65076.7 2713.4293
1.27 283.06445 534.69138 45529.881 -60021.5 5390.76 -65412.2 2730.4796
1.28 274.09212 366.04353 45297.652 -60258.5 5219.89 -65478.4 2750.6532
1.29 273.71543 157.58266 45896.638 -60031.5 5212.72 -65244.2 2807.2647
1.3 265.13962 296.39771 45588.691 -60338 5049.4 -65387.4 2822.9052
1.31 274.3845 28.775611 45609.405 -60068.6 5225.46 -65294.1 2866.8354
1.32 271.68113 536.57588 45623.293 -60164.2 5173.98 -65338.1 2884.625
1.33 260.68163 217.75212 45445.134 -60338.6 4964.5 -65303.1 2911.408
1.34 270.74425 313.69471 45279.31 -60306.8 5156.13 -65463 2937.3892
1.35 267.25024 -300.72844 45733.89 -60139.1 5089.59 -65228.7 2999.159
1.36 274.6249 254.11334 45479.332 -60072.5 5230.04 -65302.5 3017.8855
1.37 262.4921 -335.50981 45435.419 -60512 4998.98 -65511 3045.8491
1.38 274.46875 109.24959 45470.23 -60070.4 5227.07 -65297.5 3079.7541
1.39 279.29543 -8.3425649 45692.38 -60003.2 5318.99 -65322.2 3120.1477
1.4 262.82168 397.70553 45697.324 -60009.3 5005.25 -65014.5 3140.6121
1.41 267.10318 -237.98013 45607.914 -59772.8 5086.79 -64859.6 3163.8144
1.42 260.01101 -392.11462 45843.879 -60125.6 4951.73 -65077.4 3202.2031
1.43 266.5825 -875.91726 46067.73 -60217.1 5076.88 -65294 3231.6008
1.44 263.53314 569.27059 45429.343 -60339.7 5018.8 -65358.5 3224.8788
1.45 272.79102 493.31911 45424.689 -59851.4 5195.11 -65046.6 3256.4318
1.46 260.67589 99.402242 45350.852 -60313.5 4964.39 -65277.9 3295.5063
1.47 263.43986 -126.60285 45455.721 -60380.7 5017.03 -65397.7 3324.0786
1.48 270.57916 82.35044 45572.557 -60067.4 5152.99 -65220.4 3352.2373
1.49 264.70665 359.45248 45459.086 -60106.1 5041.15 -65147.2 3369.5672
1.5 265.99791 -129.97512 45464.38 -60252.6 5065.74 -65318.3 3402.6263
1.51 284.66458 368.22932 45206.399 -59867.2 5421.24 -65288.5 3424.4237
1.52 262.23378 -786.32085 45890.777 -60435.8 4994.06 -65429.9 3474.2121
1.53 281.09078 -318.69694 45605.432 -59914.4 5353.18 -65267.6 3479.1921
1.54 277.69021 408.20322 45574.86 -59725.6 5288.42 -65014 3505.8322
1.55 266.65981 39.402373 45456.852 -60137.9 5078.35 -65216.3 3528.649
1.56 256.17285 329.24891 45830.301 -60557.2 4878.63 -65435.8 3583.0353
1.57 268.17053 -506.42523 45716.764 -59967.8 5107.12 -65074.9 3605.4268
1.58 260.83589 809.54937 45010.949 -60431.7 4967.44 -65399.2 3592.3874
1.59 276.39932 -502.7444 45519.341 -60171.3 5263.83 -65435.1 3639.962
1.6 280.14969 -308.44306 45621.661 -59890.3 5335.25 -65225.5 3672.348
1.61 263.36767 -39.074059 45540.977 -60180.3 5015.65 -65195.9 3698.0808
1.62 265.8245 -368.3639 45427.848 -60168.7 5062.44 -65231.1 3720.6591
1.63 269.41618 307.01615 45710.079 -60042.4 5130.84 -65173.3 3761.9028
1.64 259.79991 -921.77055 45827.526 -60233.2 4947.71 -65180.9 3788.1482
1.65 274.88769 649.37163 45256.677 -60026.9 5235.04 -65262 3770.3067
1.66 271.29134 -218.33597 45589.002 -60023.2 5166.55 -65189.7 3816.3304
1.67 267.09361 -152.68569 45828.606 -60206 5086.61 -65292.6 3837.9804
1.68 266.39063 -429.66747 45717.718 -59979.9 5073.22 -65053.1 3860.9926
1.69 265.03281 -172.44004 45679.161 -60355.1 5047.36 -65402.5 3891.2485
1.7 265.70235 -507.61077 45769.066 -60261.2 5060.12 -65321.3 3930.8085
1.71 266.8104 -39.399621 45580.528 -60150.2 5081.22 -65231.5 3943.2879
1.72 264.18517 -105.86624 45765.755 -60271.5 5031.22 -65302.7 3973.5331
1.73 271.5601 -338.08456 45566.004 -59901.1 5171.67 -65072.8 3984.2027
1.74 267.9294 124.39724 45526.076 -60233.8 5102.53 -65336.3 4018.5426
1.75 273.1173 797.39196 45121.51 -59993.8 5201.33 -65195.1 4007.4913
1.76 266.35721 122.28288 45689.092 -60245.7 5072.59 -65318.3 4085.9594
1.77 261.32127 388.2528 45818.331 -60334 4976.68 -65310.7 4144.0336
1.78 264.04432 -154.76182 45667.697 -60214.6 5028.54 -65243.2 4174.824
1.79 264.20973 -1.6855437 45618.296 -60370.9 5031.69 -65402.6 4190.4954
1.8 277.67467 222.62991 45561.84 -60049.5 5288.12 -65337.7 4210.2606
1.81 268.39328 200.09457 45539.22 -60200.2 5111.36 -65311.5 4232.1552
1.82 264.9633 -406.71973 45885.146 -60284 5046.04 -65330 4274.3091
1.83 266.22856 774.78588 45457.703 -60197.5 5070.14 -65267.6 4295.8535
1.84 281.30555 -225.62888 45748.379 -59770.4 5357.27 -65127.6 4353.8423
1.85 271.09634 -619.0642 45794.256 -60069.4 5162.84 -65232.2 4378.2211
1.86 264.51156 475.13525 45528.076 -60218.5 5037.44 -65256 4391.1252
1.87 269.98274 371.72188 45454.312 -60346.3 5141.63 -65487.9 4403.8488
1.88 273.63746 1033.8641 45055.934 -60084.9 5211.23 -65296.1 4405.7206
1.89 266.59174 -265.73772 45680.411 -60288.7 5077.05 -65365.7 4464.2994
1.9 260.20907 48.101964 45707.493 -60265.7 4955.5 -65221.2 4506.0696
1.91 265.27123 233.44087 45632.801 -60330.6 5051.9 -65382.5 4534.7311
1.92 270.88107 366.20963 45235.665 -60354.3 5158.74 -65513 4533.2899
1.93 279.02038 -103.81481 45527.358 -60056.9 5313.75 -65370.6 4581.056
1.94 267.32583 -415.13074 45814.078 -60301.1 5091.03 -65392.1 4630.3995
1.95 274.21618 -454.0467 45935.673 -59971.9 5222.25 -65194.1 4660.5862
1.96 269.79826 609.41172 45404.443 -60194.6 5138.12 -65332.7 4642.0719
1.97 267.64306 -208.44053 45744.536 -60206.4 5097.07 -65303.5 4703.9447
1.98 265.17408 91.89362 45367.597 -60253.1 5050.05 -65303.1 4706.167
1.99 279.28489 -375.21399 45664.841 -60164.2 5318.79 -65483 4742.2702
2 269.01284 215.96471 45070.702 -59960.3 5123.16 -65083.5 4742.3343
2.01 267.89979 563.03058 45459.167 -60149.2 5101.96 -65251.2 4781.8468
2.02 273.89548 -710.83483 45828.034 -59811.7 5216.15 -65027.8 4840.6689
2.03 275.25964 -471.74311 45524.416 -60169.8 5242.13 -65411.9 4843.1177
2.04 278.33774 334.27123 45587.941 -59926.9 5300.75 -65227.7 4855.2717
2.05 265.94606 993.95943 45379.198 -60289.4 5064.76 -65354.2 4873.7876
2.06 267.7975 -319.16276 45483.802 -60121.5 5100.02 -65221.5 4903.7651
2.07 277.03986 -67.288317 45618.918 -60018.3 5276.03 -65294.3 4948.5976
2.08 274.44354 -124.7131 45519.583 -59997.5 5226.59 -65224.1 4949.1589
2.09 274.93937 456.72807 45270.106 -60189.2 5236.03 -65425.2 4959.5814
2.1 278.73744 574.06623 45354.291 -59814 5308.36 -65122.4 4988.4528
2.11 265.86529 162.68365 45510.425 -60142.7 5063.22 -65205.9 5027.2528
2.12 261.26211 482.03173 45386.536 -60406.6 4975.55 -65382.1 5034.8104
2.13 263.25571 219.23784 45325.784 -60063.8 5013.52 -65077.3 5051.5243
2.14 275.18406 -25.277823 45424.487 -60013.2 5240.69 -65253.9 5096.7569
2.15 264.00894 746.33974 45359.815 -59985.7 5027.87 -65013.5 5112.0691
2.16 275.55411 491.14877 45560.853 -60069.3 5247.74 -65317.1 5169.4002
2.17 268.31232 44.892765 45880.167 -60195.6 5109.82 -65305.4 5239.6737
2.18 262.01768 -136.16803 45522.556 -60362 4989.94 -65351.9 5225.6238
2.19 267.07034 -68.490664 45568.862 -59985.6 5086.17 -65071.7 5268.949
2.2 264.97629 -423.0139 45962.904 -60033.9 5046.29 -65080.2 5327.0127
2.21 253.2674 -614.51921 45741.144 -60170.4 4823.3 -64993.7 5319.4708
2.22 269.53383 -359.0958 45801.825 -59820.9 5133.08 -64954 5339.5816
2.23 276.16556 -486.28068 45577.53 -60054.9 5259.38 -65314.3 5338.209
2.24 272.69712 -407.23466 45701.408 -60295 5193.33 -65488.3 5383.0374
2.25 276.29412 -300.09495 45628.013 -59995.5 5261.83 -65257.3 5425.9528
2.26 259.02401 98.274063 45351.36 -60315.7 4932.93 -65248.7 5423.6226
2.27 260.92645 -599.03184 45972.401 -59941.9 4969.16 -64911 5482.0159
2.28 274.41446 -678.96959 45611.542 -60015.7 5226.03 -65241.8 5476.9976
2.29 269.53929 86.454856 45595.371 -60113.1 5133.19 -65246.3 5484.8472
2.3 265.25004 -502.58704 45584.613 -60190.6 5051.5 -65242.1 5509.6149
2.31 269.18706 32.959734 45683.226 -60042.3 5126.48 -65168.7 5543.901
2.32 265.45011 -575.60547 45805.975 -60308.8 5055.31 -65364.1 5578.2925
2.33 270.32854 877.5049 45115.861 -59995.5 5148.22 -65143.8 5554.3493
2.34 273.10794 -128.45828 45664.074 -59953.2 5201.15 -65154.4 5625.5443
2.35 271.78381 -15.116162 45694.198 -60033.4 5175.93 -65209.3 5665.0936
2.36 265.93271 125.72527 45360.408 -60170.1 5064.5 -65234.6 5674.3723
2.37 269.93115 -82.568412 45709.798 -60315.1 5140.65 -65455.7 5721.2531
2.38 268.08591 -271.28586 45818.751 -59930.1 5105.51 -65035.6 5751.6188
2.39 268.9827 -215.73401 45689.055 -60093 5122.59 -65215.6 5750.3056
2.4 266.82437 616.32511 45480.616 -60157.1 5081.48 -65238.6 5728.6586
2.41 269.27502 241.16127 45641.694 -60034.2 5128.15 -65162.3 5766.7449
2.42 268.80542 -365.6997 45762.33 -59994.5 5119.21 -65113.7 5778.6215
2.43 273.40466 694.2474 45222.671 -60042.1 5206.8 -65248.9 5742.7356
2.44 259.00525 156.09714 45585.847 -60286.6 4932.57 -65219.1 5803.4136
2.45 255.72743 383.76584 45455.999 -60402.6 4870.15 -65272.8 5821.7212
2.46 271.73037 277.86414 45458.791 -60187 5174.91 -65362 5861.8508
2.47 257.76191 -178.90308 45687.751 -60376.1 4908.9 -65285 5905.2554
2.48 272.59439 20.093632 45481.724 -60271.2 5191.37 -65462.5 5913.5225
2.49 264.24468 -1010.3465 45667.619 -60136.9 5032.35 -65169.2 5957.3484
2.5 281.53815 -472.52472 45845.532 -60052.2 5361.7 -65413.9 6000.6528
2.51 260.56629 -546.38404 45592.756 -60411.4 4962.3 -65373.7 6000.9298
2.52 271.0887 -10.144867 45615.981 -60126.7 5162.69 -65289.4 6030.3722
2.53 284.44211 764.63882 45194.838 -59806.5 5417 -65223.5 6033.7994
2.54 270.68716 -572.52349 45757.612 -60004.2 5155.05 -65159.2 6113.5833
2.55 263.22216 -355.12076 45811.653 -60238.9 5012.88 -65251.7 6134.3886
2.56 269.34279 -227.82135 45662.815 -60132.5 5129.44 -65261.9 6137.4454
2.57 266.26632 336.65276 45409.805 -60109.4 5070.86 -65180.3 6121.0139
2.58 267.10853 192.07448 45563.499 -60399.4 5086.9 -65486.3 6146.7347
2.59 262.76437 155.3046 45510.112 -60379.5 5004.16 -65383.7 6178.2904
2.6 271.35722 134.47031 45454.4 -60214.3 5167.81 -65382.1 6189.4515
2.61 252.67516 -26.309968 45727.475 -60445 4812.02 -65257 6232.8078
2.62 280.79398 511.54611 45375.515 -60026.7 5347.52 -65374.2 6207.7297
2.63 266.98031 107.51159 45746.993 -60005 5084.45 -65089.4 6249.7466
2.64 268.74982 319.41265 45482.642 -60195.3 5118.15 -65313.4 6238.2474
2.65 281.93176 -86.069681 45672.484 -59590.3 5369.19 -64959.5 6285.0448
2.66 270.79834 -433.97566 45696.229 -60083.8 5157.16 -65241 6323.5912
2.67 269.69647 658.46687 45573.683 -59866.7 5136.18 -65002.9 6343.625
2.68 266.95026 -540.38056 45721.151 -60321.4 5083.88 -65405.2 6359.1746
2.69 272.68203 98.462569 45798.863 -59822.8 5193.04 -65015.8 6416.576
2.7 261.29817 95.661745 45609.538 -60377.2 4976.24 -65353.5 6439.6446
2.71 275.81349 797.88851 45526.486 -59855.5 5252.67 -65108.2 6461.6189
2.72 268.64348 132.3876 45662.24 -60178.8 5116.13 -65294.9 6501.1514
2.73 260.81483 231.19164 45795.485 -60441.4 4967.04 -65408.4 6557.9744
2.74 267.27687 522.74513 45440.054 -60038.6 5090.1 -65128.7 6559.9923
2.75 278.62721 376.20687 45767.594 -59847.8 5306.26 -65154.1 6600.0817
2.76 263.47568 -340.30592 45678.884 -60270.6 5017.71 -65288.3 6623.42
2.77 261.78181 211.18212 45618.422 -60330.9 4985.45 -65316.3 6654.8682
2.78 269.04841 -62.289199 45513.169 -60109.9 5123.84 -65233.7 6687.5244
2.79 269.60313 154.2443 45676.476 -59777.2 5134.4 -64911.6 6725.8855
2.8 271.13296 676.29211 45105.403 -60125.7 5163.54 -65289.2 6678.9694
2.81 272.2559 -49.076165 45550.256 -60090.8 5184.92 -65275.8 6756.2766
2.82 274.37781 -536.24417 45510.842 -59933.8 5225.33 -65159.1 6781.6359
2.83 263.22894 260.85894 45422.029 -60125.9 5013.01 -65138.9 6802.6854
2.84 274.76428 -422.74546 45701.393 -60092.1 5232.69 -65324.8 6853.2247
2.85 267.25581 715.15306 45243.993 -60131.3 5089.7 -65221 6838.5631
2.86 267.03685 -612.02309 45598.566 -60128 5085.53 -65213.5 6898.7978
2.87 269.71028 -267.49071 45685.154 -59938.9 5136.44 -65075.4 6924.9049
2.88 266.9272 -233.90141 45664.323 -60050.3 5083.44 -65133.7 6946.591
2.89 267.88341 211.04041 45552.834 -60098.6 5101.65 -65200.3 6949.7843
2.9 269.88042 -661.37856 45691.139 -60431.7 5139.68 -65571.3 6982.0055
2.91 276.62166 -647.31123 45593.694 -59970.8 5268.07 -65238.9 6976.9106
2.92 271.38673 732.15823 45403.243 -60190.3 5168.37 -65358.7 6993.9363
2.93 269.32843 137.73131 45301.396 -60228.7 5129.17 -65357.9 7007.5335
2.94 260.40784 -142.32187 45630.667 -60390.2 4959.29 -65349.4 7077.2624
2.95 272.29368 -764.91893 45970.65 -60171.2 5185.64 -65356.9 7151.739
2.96 271.92699 -185.02751 45503.177 -59919.2 5178.66 -65097.8 7131.9918
2.97 275.50962 -353.89735 45658.127 -59914.5 5246.89 -65161.4 7176.4875
2.98 259.57906 -245.11767 45529.278 -60319.7 4943.5 -65263.2 7188.0404
2.99 271.86466 324.80768 45455.57 -59850.9 5177.47 -65028.4 7202.0595
3 277.38228 -218.4934 45797.653 -59939.4 5282.55 -65221.9 7256.3587
3.01 268.50259 976.63345 45211.867 -60225.2 5113.44 -65338.7 7195.7676
3.02 269.68515 -361.8513 45937.716 -60034.8 5135.97 -65170.8 7322.4834
3.03 266.73549 -343.4583 45799.148 -60264.2 5079.79 -65344 7335.9614
3.04 279.35063 -133.21456 45695.142 -59767.5 5320.04 -65087.5 7373.177
3.05 281.24754 536.30359 45141.019 -59989.4 5356.16 -65345.5 7322.4873
3.06 280.84382 -382.50441 45617.263 -60085.6 5348.47 -65434 7410.1298
3.07 276.34271 278.35629 45431.446 -59812 5262.75 -65074.7 7416.3671
3.08 266.16442 64.600656 45488.398 -60423.9 5068.92 -65492.8 7440.388
3.09 278.30049 619.0682 45337.223 -60302.3 5300.04 -65602.4 7467.6175
3.1 267.34939 310.49258 45562.573 -60184.6 5091.48 -65276.1 7507.9896
3.11 273.04612 -152.9025 45707.156 -60109.9 5199.97 -65309.9 7546.2018
3.12 267.37725 61.246029 45496.657 -59906.4 5092.01 -64998.4 7545.877
3.13 264.03943 149.74363 45657.192 -60153.4 5028.45 -65181.9 7596.0207
3.14 267.57358 395.27671 45241.482 -60156.4 5095.75 -65252.1 7575.6796
3.15 281.53463 -257.92333 45749.18 -59660 5361.63 -65021.6 7662.9795
3.16 275.83319 -512.92466 45900.582 -59912.4 5253.05 -65165.4 7708.7057
3.17 265.53309 -66.125636 45885.435 -60375.6 5056.89 -65432.5 7769.3577
3.18 269.06475 -588.42333 46193.776 -60091.6 5124.15 -65215.8 7844.1179
3.19 267.11477 -122.3296 45440.305 -60176.9 5087.01 -65263.9 7779.6283
3.2 273.48598 492.18299 45520.147 -60114.3 5208.35 -65322.6 7802.5136
3.21 256.27755 81.069537 45815.91 -60212.4 4880.63 -65093 7872.2727
3.22 279.39769 -188.59766 45318.922 -60121.4 5320.93 -65442.4 7853.9303
3.23 263.36001 -263.23252 45968.485 -60143 5015.51 -65158.5 7941.9041
3.24 272.632 245.89403 45454.474 -60001.9 5192.09 -65194 7882.4704
3.25 279.27498 -77.388707 45336.187 -59928.5 5318.6 -65247.1 7881.9533
3.26 266.15989 -168.92663 45904.423 -60182.4 5068.83 -65251.3 7966.2151
3.27 277.71243 -622.90931 45986.063 -59712.2 5288.84 -65001 8014.3889
3.28 266.40696 -12.547385 45646.567 -60233.8 5073.53 -65307.3 7999.8599
3.29 271.29534 -593.16706 45749.276 -60203.1 5166.63 -65369.7 8055.0458
3.3 272.22799 -389.62211 45790.883 -59864.8 5184.39 -65049.2 8075.4046
3.31 279.37478 -46.045359 45604.116 -60046 5320.5 -65366.5 8081.3175
3.32 264.70876 28.48906 45466.892 -60168.8 5041.19 -65210 8079.8069
3.33 264.92252 -33.246271 45773.905 -59988 5045.26 -65033.3 8168.3857
3.34 267.65734 154.0315 45472.028 -60021.9 5097.35 -65119.3 8153.2663
3.35 265.37216 -155.54687 45550.494 -60147.9 5053.83 -65201.7 8180.076
3.36 280.24385 55.241562 45690.061 -60166.8 5337.05 -65503.9 8210.177
3.37 267.09238 751.90993 45569.789 -60399.6 5086.59 -65486.2 8222.9326
3.38 268.91922 -18.529169 45616.119 -60156.5 5121.38 -65277.9 8275.9682
3.39 270.82332 -173.00756 45543.442 -60233.3 5157.64 -65390.9 8294.9915
3.4 270.95489 472.78327 45427.201 -60039.7 5160.15 -65199.9 8312.6269
3.41 269.81323 -624.81996 45800.523 -60061.7 5138.4 -65200.1 8375.7148
3.42 262.10926 20.153531 45579.908 -60160.9 4991.69 -65152.6 8372.7209
3.43 273.52395 -45.831154 45556.608 -59880.3 5209.07 -65089.4 8404.8598
3.44 267.74013 518.04348 45527.404 -60329.1 5098.92 -65428 8419.8707
3.45 270.19527 55.28584 45417.042 -60000.2 5145.68 -65145.9 8425.8703
3.46 262.95673 43.015562 45527.736 -60296 5007.83 -65303.8 8462.6624
3.47 277.72032 -74.637578 45114.207 -59864.5 5288.99 -65153.5 8420.2102
3.48 264.75915 441.17775 45653.643 -60136.6 5042.15 -65178.8 8510.5331
3.49 260.85951 102.38121 45498.764 -60437.1 4967.89 -65404.9 8506.6695
3.5 277.20571 724.86318 45484.689 -59911 5279.19 -65190.2 8542.6096
3.51 266.66836 353.67935 45555.719 -60169.3 5078.51 -65247.8 8599.7513
3.52 270.0297 293.44283 45425.656 -60375.8 5142.53 -65518.4 8633.6687
3.53 280.35353 587.86745 45211.415 -59987.2 5339.14 -65326.4 8639.8897
3.54 269.54211 141.25198 45580.015 -60079.2 5133.24 -65212.4 8689.0547
3.55 268.73798 -696.88368 45587.729 -60300.7 5117.93 -65418.7 8709.4163
3.56 283.28057 403.88167 45259.951 -59876.3 5394.88 -65271.2 8678.522
3.57 275.67239 74.447179 45579.708 -59812.1 5249.99 -65062.1 8729.5922
3.58 265.14381 895.24155 45319.987 -60336.1 5049.48 -65385.5 8747.124
3.59 267.20386 33.586098 45414.661 -60126.1 5088.71 -65214.8 8761.8392
3.6 264.8635 340.75996 45599.564 -60157.5 5044.14 -65201.6 8848.9753
3.61 268.77993 334.04046 45616.997 -60634.7 5118.73 -65753.4 8887.8499
3.62 273.42241 -365.79673 45712.056 -60009.1 5207.14 -65216.3 8925.7477
3.63 270.3032 -320.62144 45707.924 -60102.2 5147.74 -65250 9001.2251
3.64 270.69492 -195.90612 45474.736 -59989.9 5155.2 -65145.1 8989.7447
3.65 264.57159 237.3121 45548.982 -60156.3 5038.58 -65194.9 9015.6324
3.66 274.8564 559.36823 45547.836 -59861.7 5234.45 -65096.1 9037.2535
3.67 265.94935 814.59939 45166.063 -60238.7 5064.82 -65303.5 8986.8462
3.68 271.64766 -185.67984 45791.157 -60020.4 5173.34 -65193.7 9083.4456
3.69 263.47927 -339.83973 45544.86 -60353.8 5017.78 -65371.6 9069.7048
3.7 273.06559 385.97453 45538.315 -60169.4 5200.34 -65369.7 9103.2697
3.71 265.02128 903.74566 45134.894 -60303.3 5047.14 -65350.5 9049.5484
3.72 270.89336 -482.73503 45630.274 -60110.5 5158.97 -65269.5 9104.1853
3.73 257.24092 -275.03343 45587.963 -60414.5 4898.97 -65313.5 9127.2639
3.74 280.42651 -31.655014 45608.183 -60028.2 5340.53 -65368.7 9145.8284
3.75 263.89652 621.06573 45373.533 -60381.3 5025.72 -65407 9130.2304
3.76 269.31181 -496.87854 45641.02 -60024.9 5128.85 -65153.8 9214.8006
3.77 271.53968 197.77132 45573.071 -59956 5171.28 -65127.3 9241.5893
3.78 276.87657 302.07443 45318.921 -59897.8 5272.92 -65170.7 9227.9876
3.79 262.57186 -254.01906 45395.797 -60348.5 5000.5 -65349 9269.8496
3.8 268.27844 457.65883 45607.112 -59755.3 5109.18 -64864.5 9322.2864
3.81 270.6313 -244.57827 45660.617 -60070.5 5153.98 -65224.5 9362.9401
3.82 268.82399 -150.67793 45362.459 -60165.2 5119.56 -65284.8 9367.2044
3.83 275.25136 1032.1179 45067.683 -59853.2 5241.97 -65095.1 9365.9736
3.84 264.8627 31.992887 45351.345 -60156 5044.12 -65200.1 9422.7862
3.85 265.94958 -548.295 45523.143 -60138.1 5064.82 -65202.9 9456.0066
3.86 268.89705 -636.84712 46038.986 -60049.2 5120.96 -65170.2 9582.2212
3.87 268.1169 166.66549 45379.017 -60308.9 5106.1 -65415 9519.7085
3.88 272.87455 -312.57802 45560.922 -59951.2 5196.7 -65147.9 9594.733
3.89 274.6289 85.451338 45351.926 -60127.7 5230.12 -65357.8 9624.4821
3.9 275.33523 -40.100978 45475.405 -59878.8 5243.57 -65122.3 9675.86
3.91 267.93849 -279.0342 45592.524 -60017.1 5102.7 -65119.8 9739.9602
3.92 258.92904 -405.08008 45947.058 -60190 4931.12 -65121.1 9848.3978
3.93 266.40263 186.31558 45510.462 -60492 5073.45 -65565.5 9817.0043
3.94 267.34861 283.53079 45556.527 -60308.2 5091.47 -65399.7 9843.1515
3.95 280.43549 229.39875 45249.454 -59701.4 5340.7 -65042.2 9835.2656
3.96 278.50229 -85.419835 45882.915 -59866 5303.88 -65169.9 9949.9909
3.97 265.67981 176.7251 45378.397 -60101.7 5059.69 -65161.4 9933.181
3.98 276.41873 -75.828234 45673.205 -60209.7 5264.2 -65473.9 9982.8901
3.99 270.12387 812.66742 45415.366 -60003.3 5144.32 -65147.6 9996.0023
4 266.22319 322.65864 45535.586 -60297.4 5070.03 -65367.4 10055.174
4.01 273.05977 85.679157 45545.007 -60104 5200.23 -65304.3 10057.577
4.02 263.82805 113.19612 45526.594 -60141 5024.42 -65165.4 10058.807
4.03 279.92251 130.4304 45365.448 -60031.4 5330.93 -65362.3 10056.001
4.04 267.36854 96.441747 45676.61 -60101.3 5091.85 -65193.2 10131.789
4.05 266.39047 -506.79025 45545.392 -60160.4 5073.22 -65233.6 10128.407
4.06 267.46791 -4.4938738 45558.98 -60226 5093.74 -65319.7 10170.307
4.07 263.38082 -703.84282 45752.752 -60459.8 5015.9 -65475.7 10214.306
4.08 267.41542 372.96206 45626.693 -60242.6 5092.74 -65335.4 10215.122
4.09 256.89771 -865.38677 45638.118 -60233.2 4892.44 -65125.7 10239.188
4.1 262.40813 5.7092615 45668.112 -60127.4 4997.38 -65124.8 10267.13
4.11 277.71806 289.77552 45566.276 -59889.9 5288.95 -65178.8 10248.832
4.12 265.94908 -400.57602 45719.316 -60107.7 5064.81 -65172.5 10309.718
4.13 264.33349 -165.00104 45419.685 -60116.7 5034.05 -65150.8 10293.958
4.14 280.12735 -314.71998 45892.846 -59796.4 5334.83 -65131.2 10407.711
4.15 268.63654 398.76733 45434.374 -60112.2 5115.99 -65228.2 10356.957
4.16 266.51374 -310.34349 45650.709 -60226.3 5075.57 -65301.8 10409.8
4.17 265.29148 765.6649 45186.881 -60360.4 5052.29 -65412.7 10383.969
4.18 269.50145 -82.18321 46007.47 -60147.9 5132.47 -65280.4 10505.841
4.19 270.67764 226.68744 45629.411 -60039.6 5154.87 -65194.5 10496.552
4.2 269.83216 -200.43124 45564.868 -60053 5138.76 -65191.8 10532.5
4.21 269.8249 -407.10399 46008.626 -59916.6 5138.63 -65055.2 10593.709
4.22 266.41338 -819.55535 45874.071 -60205 5073.66 -65278.7 10597.817
4.23 272.56269 -343.15703 45775.07 -60065.2 5190.77 -65255.9 10585.563
4.24 267.65277 345.13637 45554.796 -60111.3 5097.26 -65208.6 10558.298
4.25 266.27145 713.10385 45270.809 -60359.8 5070.95 -65430.7 10500.647
4.26 264.51324 -82.442601 45925.689 -60199.9 5037.47 -65237.4 10618.436
4.27 265.74668 -423.2726 45451.014 -60418.1 5060.96 -65479.1 10574.123
4.28 274.87705 268.95302 45661.428 -60062 5234.84 -65296.8 10637.104
4.29 272.67052 -539.03428 45877.601 -60027.6 5192.82 -65220.5 10700.098
4.3 273.20023 -530.41016 45798.735 -60250.8 5202.91 -65453.7 10699.74
4.31 280.51632 -10.210668 45718.305 -59850.5 5342.24 -65192.7 10726.066
4.32 270.75332 42.010451 45784.253 -60124.3 5156.31 -65280.6 10731.286
4.33 269.68992 506.29414 45408.395 -60532.6 5136.06 -65668.6 10704.484
4.34 272.11963 -239.45793 45803.174 -60248.5 5182.33 -65430.8 10804.88
4.35 268.56697 969.04891 45224.694 -60173.6 5114.67 -65288.3 10753.208
4.36 258.92855 -400.44978 45839.598 -60391.3 4931.11 -65322.4 10919.411
4.37 266.86588 377.7913 45325.373 -60189 5082.27 -65271.3 10850.58
4.38 273.36315 484.46923 45517.711 -60150.1 5206.01 -65356.1 10902.78
4.39 273.2676 -487.47801 45486.381 -60132.4 5204.19 -65336.6 10893.428
4.4 273.73958 359.5136 45671.127 -60016.1 5213.18 -65229.3 10924.193
4.41 268.5823 -209.32528 45745.002 -60271.7 5114.96 -65386.7 10993.709
4.42 270.0807 48.109948 45683.168 -59987.8 5143.5 -65131.3 11026.523
4.43 278.24668 -109.59422 45439.981 -60018.5 5299.01 -65317.5 11025.598
4.44 269.82848 325.02283 45600.55 -60053.6 5138.69 -65192.3 11070.772
4.45 267.31233 -723.35146 45692.42 -60238 5090.78 -65328.8 11116.721
4.46 272.37955 -278.76467 45621.487 -60017.2 5187.28 -65204.5 11123.67
4.47 267.79448 284.76244 45449.384 -60086.4 5099.96 -65186.4 11140.584
4.48 265.68386 422.26882 45500 -60416.2 5059.76 -65475.9 11183.421
4.49 279.64354 106.1539 45451.41 -60022.7 5325.62 -65348.3 11205.509
4.5 268.52124 471.19453 45621.402 -60209.2 5113.8 -65323 11218.827
4.51 268.58825 -204.40004 45776.064 -60312.1 5115.08 -65427.1 11264.947
4.52 268.59797 -429.63067 45597.206 -60023.5 5115.26 -65138.8 11262.385
4.53 267.38144 147.14071 45518.795 -60149.3 5092.09 -65241.4 11285.065
4.54 276.40834 -162.59209 45710.894 -59689.9 5264 -64953.9 11359.827
4.55 272.88437 539.42361 45711.243 -59985.9 5196.89 -65182.8 11364.316
4.56 270.54696 107.54574 45690.068 -60164.8 5152.38 -65317.1 11385.393
4.57 275.09996 -57.219587 45585.978 -59852.7 5239.09 -65091.8 11387.64
4.58 273.91942 67.26589 45776.282 -60032.2 5216.6 -65248.8 11443.475
4.59 263.04093 -693.85064 45962.049 -60355.6 5009.43 -65365 11510.769
4.6 280.05631 -706.73659 45465.485 -59886.2 5333.48 -65219.6 11439.437
4.61 266.90405 12.856763 45747.089 -60103.5 5083 -65186.5 11537.119
4.62 274.22711 -7.9454392 45695.431 -60065.7 5222.46 -65288.1 11570.963
4.63 268.5724 -115.71284 45512.815 -59949.3 5114.77 -65064.1 11575.917
4.64 273.56581 185.17418 45615.637 -59808.7 5209.87 -65018.6 11635.453
4.65 276.76524 86.806146 45429.394 -60114.2 5270.8 -65385 11645.53
4.66 270.56479 224.6684 45511.641 -59849.4 5152.72 -65002.1 11702.104
4.67 273.30452 111.71225 45648.041 -60055.3 5204.89 -65260.2 11728.985
4.68 260.21033 -255.58732 45687.24 -60534.3 4955.52 -65489.8 11746.986
4.69 261.43912 1.2799138 45332.814 -60117 4978.92 -65095.9 11729.631
4.7 271.25131 171.0516 45493.958 -60199.3 5165.79 -65365.1 11772.746
4.71 280.30384 -676.46319 45846.625 -59685.3 5338.19 -65023.5 11833.868
4.72 264.23256 -255.97068 45743.347 -60246.8 5032.12 -65278.9 11843.704
4.73 259.02334 -456.42162 45739.47 -60476.1 4932.92 -65409 11873.043
4.74 272.86631 91.176085 45617.145 -60115.1 5196.55 -65311.7 11844.845
4.75 277.26421 347.11742 45745.013 -59772.6 5280.3 -65052.9 11896.826
4.76 276.42171 376.42583 45551.231 -59978.8 5264.26 -65243 11899.089
4.77 262.56492 -240.47821 45567.62 -60329.5 5000.36 -65329.9 11933.064
4.78 272.29128 383.63046 45442.062 -59875.1 5185.6 -65060.7 11937.417
4.79 277.32226 -226.60682 45469.618 -59824.3 5281.41 -65105.7 11991.347
4.8 264.72119 -307.21746 45628.133 -60316.8 5041.43 -65358.2 12024.845
4.81 271.31113 -83.948416 45689.72 -60014.6 5166.93 -65181.5 12066.103
4.82 261.89703 -205.89486 45708.806 -60398.2 4987.65 -65385.9 12112.57
4.83 270.14401 -618.10742 45915.348 -60001.6 5144.7 -65146.3 12168.646
4.84 272.91073 -310.68867 45828.66 -60019.7 5197.39 -65217.1 12177.672
4.85 270.27658 297.24984 45819.964 -60225.1 5147.23 -65372.3 12211.432
4.86 269.8155 200.29182 45266.587 -60322.2 5138.45 -65460.6 12123.393
4.87 282.50119 281.66561 45702.007 -59970.3 5380.04 -65350.4 12223.27
4.88 263.70572 -239.27104 46005.681 -59970 5022.09 -64992 12321.85
4.89 263.40867 847.72456 45225.094 -60159.2 5016.43 -65175.7 12196.615
4.9 272.4845 15.181637 45755.172 -59915.9 5189.28 -65105.2 12299.355
4.91 270.1729 777.65962 45457.246 -59884.6 5145.25 -65029.8 12297.431
4.92 255.95458 -172.71693 45586.635 -60280.6 4874.48 -65155 12342.975
4.93 270.09916 -225.70945 45682.61 -60105.1 5143.85 -65249 12351.15
4.94 270.91398 -799.74135 46149.578 -59819.9 5159.37 -64979.3 12483.156
4.95 264.73027 -606.34442 46194.273 -60177.8 5041.6 -65219.4 12501.897
4.96 259.81184 -612.10708 45815.551 -60145.1 4947.93 -65093 12458.93
4.97 257.56951 43.179274 45340.016 -60486.5 4905.23 -65391.7 12418.036
4.98 262.302 155.89738 45536.155 -60333.6 4995.36 -65328.9 12463.639
4.99 272.24816 259.29936 45444.433 -60041.6 5184.78 -65226.4 12452.235
5 273.63947 -658.04409 45907.774 -60137.2 5211.27 -65348.5 12552.98
5.01 269.50696 -25.754565 45460.135 -60086.3 5132.57 -65218.8 12487.753
5.02 266.5484 -694.89248 46033.379 -60438.9 5076.23 -65515.1 12602.119
5.03 279.15252 285.63634 45527.193 -60008.6 5316.26 -65324.8 12550.903
5.04 267.19783 -57.885291 45862.497 -60093.5 5088.6 -65182.1 12616.389
5.05 275.15113 -608.66274 45685.085 -59667.4 5240.06 -64907.5 12622.139
5.06 260.44265 230.56829 45351.755 -60215.7 4959.95 -65175.7 12593.802
5.07 275.47244 -185.6941 45632.142 -59972.9 5246.18 -65219.1 12660.077
5.08 258.10714 -212.99758 45518.302 -60556.6 4915.47 -65472.1 12693.494
5.09 274.8993 621.67234 45456.039 -60038.1 5235.26 -65273.4 12704.115
5.1 278.81565 -581.10774 46053.315 -59843.6 5309.85 -65153.4 12868.548
5.11 270.16993 651.64846 45570.57 -60082.5 5145.2 -65227.7 12803.761
5.12 266.29148 52.60474 45526.675 -60011.9 5071.33 -65083.2 12830.636
5.13 256.73386 -690.13316 45781.376 -60582.6 4889.32 -65471.9 12911.805
5.14 260.86414 -338.85481 45923.032 -60052.3 4967.97 -65020.2 12972.836
5.15 265.2964 -184.36553 45697.804 -60294.9 5052.38 -65347.3 12932.107
5.16 279.79172 -645.4768 45680.634 -59646.4 5328.44 -64974.9 12965.581
5.17 272.04421 -645.85782 45662.02 -59901.5 5180.89 -65082.4 12979.137
5.18 268.05248 101.74352 45395.602 -60212.2 5104.87 -65317.1 12923.905
5.19 278.02218 -181.09824 45724.357 -59980.1 5294.74 -65274.8 13008.438
5.2 264.47725 21.883928 45615.543 -60361.9 5036.78 -65398.7 13046.523
5.21 279.06858 -447.93323 45970.157 -60052 5314.67 -65366.7 13120.41
5.22 277.59585 389.5081 45537.188 -59828 5286.62 -65114.6 13082.238
5.23 272.21781 518.91641 45153.111 -60123.4 5184.2 -65307.6 13027.509
5.24 266.7317 -14.59167 45788.175 -60141.3 5079.72 -65221 13174.248
5.25 272.7763 521.04387 45736.966 -60160.1 5194.83 -65355 13217.081
5.26 278.73599 28.590881 45688.304 -59803.2 5308.33 -65111.5 13249.972
5.27 266.96493 -383.55083 45913.595 -60152.2 5084.16 -65236.4 13330.847
5.28 271.35653 -218.13633 45941.824 -60024.4 5167.8 -65192.2 13370.059
5.29 273.31907 410.56166 45306.182 -59825.5 5205.17 -65030.7 13291.375
5.3 272.76787 373.80995 45287.231 -60113.2 5194.67 -65307.9 13323.763
5.31 274.76469 -130.00017 45717.785 -59974.7 5232.7 -65207.4 13443.909
5.32 268.79482 -352.29057 45594.071 -60144.7 5119.01 -65263.7 13474.444
5.33 261.11486 42.319902 45534.379 -60357.9 4972.75 -65330.7 13520.803
5.34 257.36796 -184.06567 45850.327 -60309.2 4901.39 -65210.5 13602.018
5.35 268.00265 -282.64556 45770.156 -60243 5103.92 -65346.9 13624.149
5.36 270.62901 -111.6998 45866.085 -59931.7 5153.94 -65085.6 13658.458
5.37 265.17423 -33.378764 45695.462 -60195.9 5050.06 -65245.9 13666.817
5.38 282.4303 366.15829 45513.878 -59789.7 5378.69 -65168.4 13652.341
5.39 262.4957 221.41052 45517.658 -60165 4999.05 -65164 13672.443
5.4 280.88746 359.33765 45620.071 -60102.2 5349.31 -65451.5 13743.067
5.41 269.4213 -965.64893 45746.789 -60020.3 5130.94 -65151.2 13797.689
5.42 275.05827 569.21594 45450.523 -59849.6 5238.29 -65087.9 13739.863
5.43 268.09707 203.78842 45597.626 -60352 5105.72 -65457.8 13790.63
5.44 284.90583 97.244551 45456.394 -60047.1 5425.83 -65472.9 13799.176
5.45 263.49688 675.90309 45321.207 -60278.6 5018.11 -65296.7 13813.147
5.46 261.1666 -777.41676 45876.118 -60134.9 4973.74 -65108.7 13933.996
5.47 261.12094 -359.08387 45743.969 -59998 4972.87 -64970.9 13960.842
5.48 281.66924 -584.96185 45668.431 -59849.5 5364.19 -65213.7 13979.611
5.49 275.39831 387.44025 45395.403 -59982.6 5244.77 -65227.4 13930.713
5.5 260.50111 222.65533 45495.671 -60430.3 4961.06 -65391.3 13973.622
5.51 268.52399 100.70222 45701.826 -60209.5 5113.85 -65323.3 14059.968
5.52 276.76298 -95.027869 45491.604 -60269 5270.76 -65539.8 14035.003
5.53 269.38254 7.5525495 45736.883 -59993.7 5130.2 -65123.9 14113.067
5.54 267.17511 918.78385 44970.06 -60364.4 5088.16 -65452.6 13995.774
5.55 268.04667 -99.609312 45281.23 -60265.7 5104.76 -65370.5 14054.891
5.56 266.44103 182.97978 45409.701 -60221.9 5074.18 -65296.1 14133.946
5.57 275.97545 -179.13578 45377.511 -59883.3 5255.76 -65139.1 14169.713
5.58 269.3569 -578.37548 45651.058 -60188.5 5129.71 -65318.2 14240.65
5.59 276.35437 -687.55322 45613.319 -60085.7 5262.98 -65348.6 14254.633
5.6 280.10715 711.69173 45422.424 -59938.9 5334.44 -65273.3 14248.266
5.61 271.34455 -962.11784 45835.006 -60236.7 5167.57 -65404.3 14353.366
5.62 263.05837 128.28533 45351.089 -60297.3 5009.76 -65307.1 14306
5.63 261.80274 -1115.1832 46028.506 -59986.5 4985.85 -64972.4 14482.982
5.64 266.76632 12.330752 45853.136 -60274.8 5080.38 -65355.2 14494.165
5.65 267.14563 -360.34007 45887.082 -60223.3 5087.6 -65310.9 14514.349
5.66 262.47549 -235.36147 45680.402 -60490.4 4998.66 -65489.1 14506.065
5.67 266.41684 15.763776 45663.356 -60249.1 5073.72 -65322.8 14518.502
5.68 272.01612 -68.892652 45582.016 -59993.9 5180.36 -65174.3 14527.936
5.69 273.3459 119.90087 45509.786 -60185.5 5205.68 -65391.2 14567.623
5.7 275.84224 -275.23318 45736.59 -59914.8 5253.22 -65168.1 14612.953
5.71 256.13205 551.11324 45357.835 -60576.1 4877.86 -65454 14586.203
5.72 272.38093 -384.93739 45933.575 -60098.8 5187.3 -65286.1 14743.087
5.73 264.18939 593.71542 45671.332 -60160.8 5031.3 -65192.1 14736.39
5.74 271.73735 -135.11124 45703.465 -60177.2 5175.05 -65352.2 14721.365
5.75 262.06077 -700.74171 45634.253 -60145.6 4990.76 -65136.4 14742.153
5.76 268.80608 -686.83386 45842.825 -60070 5119.22 -65189.2 14819.729
5.77 270.71922 -57.157595 45371.616 -60076.3 5155.66 -65231.9 14743.682
5.78 269.48881 -548.46516 45770.085 -60056.3 5132.23 -65188.6 14865.025
5.79 281.3369 -473.72301 45907.877 -59885.7 5357.86 -65243.6 14951.16
5.8 262.17021 -48.794267 45489.288 -60303.1 4992.85 -65296 14889.805
5.81 274.37467 50.925553 45559.839 -60210.6 5225.27 -65435.9 14880.523
5.82 275.12958 -192.4965 45282.741 -59887.5 5239.65 -65127.2 14868.495
5.83 267.81034 -181.81193 45638.507 -60274.4 5100.26 -65374.7 14992.131
5.84 268.22137 144.54352 45353.9 -59863.2 5108.09 -64971.3 14986.238
5.85 270.00047 443.01981 45470.752 -60051.3 5141.97 -65193.2 15042.946
5.86 268.51216 -119.3783 45828.826 -60224.5 5113.63 -65338.1 15180.631
5.87 266.02232 666.40328 45586.845 -59856.4 5066.21 -64922.6 15162.514
5.88 270.94439 715.18837 45248.144 -60049.8 5159.95 -65209.7 15100.977
5.89 253.79085 -728.47411 45925.411 -60404.1 4833.27 -65237.4 15256.971
5.9 272.14642 97.973585 45531.163 -59962.6 5182.84 -65145.4 15236.248
5.91 276.45301 -125.32691 45339.981 -59872.9 5264.85 -65137.7 15240.184
5.92 273.68258 691.7242 45403.232 -60091.2 5212.09 -65303.3 15299.262
5.93 266.20356 -29.999461 45924.483 -59948.3 5069.66 -65018 15437.071
5.94 279.18842 278.7508 45521.329 -59958.8 5316.95 -65275.7 15369.111
5.95 271.64115 -227.68129 45769.138 -60229.9 5173.22 -65403.1 15472.193
5.96 274.42114 -445.24954 45824.045 -59969.9 5226.16 -65196.1 15512.422
5.97 272.18256 805.08946 45435.324 -60206.9 5183.53 -65390.4 15448.786
5.98 266.57798 1282.9056 45361.754 -60290.6 5076.79 -65367.4 15469.488
5.99 263.83834 -174.25255 45731.677 -60187.3 5024.62 -65211.9 15551.758
6 277.47542 340.4927 45445.336 -60062.9 5284.33 -65347.3 15517.045
6.01 264.93157 233.4044 45711.25 -60182.8 5045.44 -65228.2 15606.616
6.02 267.00857 -531.91527 45761.108 -60008.1 5084.99 -65093.1 15637.636
6.03 264.49246 432.27259 45248.398 -60347.2 5037.07 -65384.3 15517.187
6.04 272.50215 350.0833 45423.176 -60141.9 5189.61 -65331.5 15602.828
6.05 272.94589 675.48615 45343.781 -60267 5198.06 -65465 15609.652
6.06 267.35197 652.19648 45731.836 -59971 5091.53 -65062.5 15716.768
6.07 261.67056 -296.01716 45640.065 -60189 4983.33 -65172.3 15748.341
6.08 274.08933 -933.90245 45394.704 -59973.4 5219.84 -65193.2 15694.041
6.09 261.18092 -620.57387 45896.641 -60279.8 4974.01 -65253.8 15858.388
6.1 262.32204 -292.60807 45519.882 -60247.7 4995.74 -65243.5 15801.556
6.11 264.37682 696.25424 45559.961 -60190.7 5034.87 -65225.6 15834.04
6.12 270.5811 -111.30946 45706.558 -60029.4 5153.03 -65182.4 15883.661
6.13 270.53771 600.01042 45278.498 -59966.7 5152.2 -65118.9 15820.708
6.14 268.87851 998.97931 45320.909 -60224.1 5120.6 -65344.7 15867.924
6.15 263.78832 -310.17001 45826.324 -60225.8 5023.66 -65249.4 16011.894
6.16 266.8838 198.64885 45411.695 -60324.2 5082.62 -65406.8 15945.554
6.17 267.74394 432.19521 45466.469 -60196.6 5099 -65295.6 15971.671
6.18 268.77012 -67.327657 45661.762 -60184.2 5118.54 -65302.8 16070.002
6.19 273.06999 269.83395 45279.2 -59911.8 5200.43 -65112.2 15984.793
6.2 265.26701 455.86758 45524.543 -60111.7 5051.82 -65163.5 16082.326
6.21 272.59429 660.14113 45102.391 -59900.2 5191.37 -65091.6 16000.705
6.22 270.1465 -126.66256 45488.105 -60092.3 5144.75 -65237.1 16128.991
6.23 266.67241 345.97926 45466.006 -60291.4 5078.59 -65370 16182.721
6.24 261.39215 117.09931 45543.107 -60293.2 4978.03 -65271.2 16215.515
6.25 275.08908 -476.93238 45936.31 -59818.8 5238.88 -65057.7 16324.867
6.26 269.28872 -55.843347 45830.606 -60441.2 5128.42 -65569.7 16336.223
6.27 261.62867 -726.68495 45887.909 -60165.6 4982.53 -65148.1 16387.859
6.28 274.45798 -1061.0962 45973.426 -59683.6 5226.86 -64910.4 16438.751
6.29 266.87013 -29.031569 45563.704 -60020.6 5082.35 -65103 16379.596
6.3 273.54927 -241.00412 45668.496 -60179 5209.55 -65388.5 16423.334
6.31 261.76411 -431.32129 45746.831 -60479.6 4985.11 -65464.8 16444.361
6.32 273.46253 169.83957 45901.172 -60256.8 5207.9 -65464.7 16514.448
6.33 275.24819 265.55358 45295.619 -59884.4 5241.91 -65126.3 16378.604
6.34 265.79811 -72.327804 45707.805 -60262.9 5061.94 -65324.9 16517.314
6.35 273.434 -663.30622 45731.644 -59895.7 5207.36 -65103.1 16590.898
6.36 269.5868 419.50592 45623.532 -59811 5134.09 -64945.1 16577.397
6.37 274.46007 -454.71185 45938.807 -60164.9 5226.9 -65391.8 16665.062
6.38 269.50153 828.62808 45329.512 -60249.1 5132.47 -65381.6 16528.676
6.39 276.34068 -51.524699 45695.309 -60147.3 5262.71 -65410 16678.717
6.4 270.19842 -72.436992 45832.925 -60318.9 5145.74 -65464.7 16746.467
6.41 269.0578 441.54538 45662.865 -60035.7 5124.02 -65159.8 16729.458
6.42 270.06997 -10.451317 45642.647 -60244.2 5143.29 -65387.5 16751.177
6.43 272.86514 103.69801 45492.09 -60099.3 5196.53 -65295.8 16709.794
6.44 275.89724 -282.41141 45754.682 -60244 5254.27 -65498.3 16781.023
6.45 271.66352 139.20699 45634.991 -59926.4 5173.64 -65100 16794.957
6.46 276.00725 279.75836 45386.116 -59945.3 5256.37 -65201.7 16716.534
6.47 262.94721 55.881286 45302.509 -60100.7 5007.65 -65108.3 16720.243
6.48 272.85363 389.19451 45546.052 -59944.7 5196.31 -65141 16836.322
6.49 264.95871 -349.43015 45737.421 -60119.7 5045.95 -65165.6 16913.567
6.5 264.29975 -546.09333 45926.305 -60301.8 5033.4 -65335.2 16982.782
6.51 269.17936 792.10506 45187.188 -60402.1 5126.33 -65528.4 16837.694
6.52 268.03222 -19.281472 45734.829 -60399.7 5104.49 -65504.1 17007.413
6.53 270.64695 -274.27647 45551.869 -60051.8 5154.28 -65206.1 16958.609
6.54 268.22059 46.084979 45456.125 -60404.7 5108.07 -65512.8 16919.63
6.55 276.73489 -240.37394 45938.276 -59902.8 5270.22 -65173 17039.614
6.56 268.48921 3.7638738 45150.758 -60152.9 5113.19 -65266.1 16866.694
6.57 262.40407 -281.97205 45682.533 -60348.1 4997.3 -65345.4 17030.646
6.58 269.16567 78.581845 45608.966 -60203.3 5126.07 -65329.3 17065.201
6.59 260.98716 -314.521 45856.769 -60200.5 4970.32 -65170.8 17128.667
6.6 269.06889 -247.66049 45631.243 -60466.5 5124.23 -65590.7 17107.53
6.61 267.55562 -45.142024 45610.923 -60031.5 5095.41 -65126.9 17133.517
6.62 267.21321 -427.99179 45503.767 -60324.1 5088.89 -65413 17181.072
6.63 257.96112 97.752676 45471.847 -60289.8 4912.69 -65202.4 17189.783
6.64 256.65858 104.78744 45615.99 -60617.5 4887.88 -65505.4 17268.563
6.65 264.71875 -267.00482 45395.709 -60282.4 5041.38 -65323.8 17232.455
6.66 273.55645 -796.81906 45755.151 -60199.9 5209.69 -65409.6 17353.631
6.67 276.67426 489.81492 45135.407 -60059.4 5269.07 -65328.5 17189.33
6.68 264.7121 -85.231627 45649.513 -60436.3 5041.26 -65477.5 17383.46
6.69 274.65142 -330.58596 45861.325 -59862.1 5230.54 -65092.6 17479.876
6.7 262.60314 28.57679 45424.002 -60278.2 5001.09 -65279.3 17387.843
6.71 267.68362 -144.61646 45655.922 -59841.2 5097.85 -64939 17476.583
6.72 273.86449 448.48424 45569.741 -59996 5215.56 -65211.5 17503.775
6.73 279.39608 -190.35178 45809.74 -59724 5320.9 -65044.9 17602.073
6.74 275.07051 -339.17588 45722.093 -60034.9 5238.53 -65273.4 17571.27
6.75 265.21371 373.10944 45451.558 -60363.1 5050.81 -65413.9 17507.136
6.76 272.36647 321.52087 45644.661 -60075.9 5187.03 -65263 17563.112
6.77 268.51248 -128.07711 45655.809 -60151.7 5113.63 -65265.3 17632.34
6.78 264.18579 132.19667 45773.689 -60190.4 5031.23 -65221.6 17656.666
6.79 265.59612 -123.08831 45540.719 -60269.6 5058.09 -65327.7 17586.647
6.8 268.3267 -282.51939 45646.98 -60118.3 5110.09 -65228.4 17636.523
6.81 266.95082 -106.52122 45670.812 -59982.7 5083.89 -65066.6 17671.419
6.82 274.799 113.37788 45522.544 -60094.6 5233.35 -65327.9 17671.573
6.83 270.99535 -132.13283 45347.032 -60381.9 5160.92 -65542.8 17655.909
6.84 277.80468 311.73372 45879.099 -59815 5290.6 -65105.6 17824.257
6.85 277.89517 244.41902 45309.683 -59787.5 5292.32 -65079.9 17730.901
6.86 270.28082 496.86262 45586.045 -60196.7 5147.31 -65344 17867.498
6.87 270.54417 352.54829 45431.653 -60187.3 5152.32 -65339.6 17840.464
6.88 267.40938 381.99309 45452.56 -60027.5 5092.62 -65120.1 17871.842
6.89 274.16666 -499.04268 45810.62 -60183.5 5221.31 -65404.8 17983.807
6.9 266.95155 124.63827 45241.859 -60081.3 5083.91 -65165.2 17872.52
6.91 270.93023 238.07829 45449.311 -60094.5 5159.68 -65254.2 17914.819
6.92 269.66333 894.67267 45144.294 -60091.8 5135.55 -65227.3 17858.985
6.93 273.89003 8.1244704 45480.286 -59896.6 5216.04 -65112.6 17953.761
6.94 270.43987 228.88525 45470.801 -59967.7 5150.34 -65118.1 17976.859
6.95 272.75547 346.11844 45366.492 -60328.7 5194.44 -65523.2 18011.558
6.96 273.89649 -224.05234 45594.861 -60187.5 5216.17 -65403.6 18073.275
6.97 263.08504 616.03267 45401.402 -60377.1 5010.27 -65387.4 18042.895
6.98 269.96265 -419.40789 45778.433 -59988.8 5141.25 -65130.1 18205.413
6.99 270.19678 -426.77298 45616.378 -60273.4 5145.71 -65419.1 18151.613
7 271.46697 80.95566 45724.7 -60051.2 5169.9 -65221.1 18206.564
7.01 273.33594 -64.310281 45646.783 -60077.4 5205.49 -65282.9 18213.717
7.02 269.22793 -366.52864 46075.776 -60017.8 5127.26 -65145 18384.04
7.03 269.2603 -397.14259 45536.885 -60312.8 5127.87 -65440.7 18244.682
7.04 267.96948 -56.835621 45544.985 -60226.9 5103.29 -65330.2 18246.654
7.05 274.39177 -28.047654 45922.536 -60199.9 5225.6 -65425.5 18346.901
7.06 276.31961 179.15448 45763.049 -59961 5262.31 -65223.4 18349.041
7.07 269.68735 -725.07444 45654.864 -60135.3 5136.01 -65271.3 18360.157
7.08 276.55968 -447.17594 45890.287 -59903.4 5266.89 -65170.3 18435.528
7.09 270.51814 1180.4328 45608.016 -60241.6 5151.83 -65393.4 18344.807
7.1 274.34211 -311.65938 45515.296 -60204.6 5224.65 -65429.3 18325.92
7.11 262.97119 -465.96878 45624.219 -60289.7 5008.1 -65297.8 18387.365
7.12 279.81754 945.98762 45265.953 -59932.3 5328.93 -65261.2 18285.452
7.13 269.69295 169.84384 45595.027 -60114 5136.11 -65250.1 18424.968
7.14 268.22335 -457.5308 45530.312 -59885.1 5108.13 -64993.2 18448.473
7.15 271.4051 -347.96521 45609.153 -60268.2 5168.72 -65437 18474.375
7.16 269.9225 632.0986 45653.022 -60146.1 5140.48 -65286.6 18514.578
7.17 266.13166 744.24326 45554.747 -60354.4 5068.29 -65422.7 18549.047
7.18 272.64696 -248.27798 45698.878 -60199.1 5192.37 -65391.5 18609.675
7.19 263.27382 16.634677 45698.461 -60292.1 5013.87 -65306 18676.811
7.2 265.84223 -469.80135 45625.162 -60262.9 5062.78 -65325.7 18680.088
7.21 267.12053 1022.9495 45356.141 -59864.9 5087.12 -64952 18615.127
7.22 277.88912 -58.656032 45763.572 -59984.4 5292.2 -65276.6 18754.875
7.23 270.28626 -293.92252 45365.37 -60148.9 5147.41 -65296.3 18691.357
7.24 258.47007 -412.36323 45701.612 -60528.7 4922.38 -65451 18778.509
7.25 267.01639 -850.34454 46279.413 -60078.8 5085.14 -65163.9 18948.011
7.26 270.9748 516.76454 45433.716 -60036.3 5160.53 -65196.9 18691.498
7.27 275.46783 -129.14806 45945.901 -60058.2 5246.09 -65304.2 18839.304
7.28 271.19166 577.12672 45351.671 -60297.2 5164.66 -65461.8 18706.961
7.29 266.49526 305.76386 45376.56 -59994.1 5075.22 -65069.3 18696.424
7.3 267.57125 -310.07915 45767.438 -60353.9 5095.71 -65449.6 18865.797
7.31 266.0957 -72.615589 45351.8 -60208.2 5067.61 -65275.8 18752.702
7.32 279.32771 321.93846 45581.38 -60065.6 5319.6 -65385.2 18863.827
7.33 270.52992 13.07467 45651.52 -59956.9 5152.05 -65108.9 18876.125
7.34 275.29303 210.39536 45815.606 -60283 5242.76 -65525.7 18944.627
7.35 260.28641 -85.3181 45731.197 -60305.2 4956.97 -65262.2 18931.035
7.36 272.00332 401.59157 45369.105 -60277 5180.11 -65457.1 18862.564
7.37 275.83474 257.22953 45442.176 -60028.3 5253.08 -65281.3 18934.956
7.38 263.67249 222.88908 45482.337 -60284.3 5021.46 -65305.7 18939.402
7.39 274.61364 -419.94619 45423.073 -59802 5229.82 -65031.8 18972.223
7.4 266.34315 -168.16195 45634.37 -60185.5 5072.32 -65257.8 19070.743
7.41 268.57566 -218.29005 45568.186 -60208.9 5114.84 -65323.7 19068.123
7.42 265.911 -508.10709 46048.956 -60081.4 5064.09 -65145.4 19206.342
7.43 273.20888 -381.47688 46023.195 -60202.7 5203.07 -65405.8 19199.692
7.44 275.94288 214.87649 45664.762 -59833.6 5255.14 -65088.7 19132.452
7.45 266.67178 -139.44032 45334.91 -60088.2 5078.58 -65166.8 19062.693
7.46 276.2693 -497.52475 45522.654 -59955.8 5261.36 -65217.1 19167.393
7.47 270.91119 827.76918 45023.126 -60210.7 5159.31 -65370 19053.887
7.48 257.0241 -702.53123 45692.736 -60504.9 4894.84 -65399.8 19249.881
7.49 275.40054 -340.19349 45837.234 -60108.1 5244.81 -65352.9 19285.501
7.5 258.28954 -353.16084 45721 -60219.7 4918.94 -65138.7 19332.857
7.51 257.48171 -51.777882 45484.771 -60338.2 4903.56 -65241.7 19270.727
7.52 265.25571 735.08508 45372.955 -60249.5 5051.61 -65301.1 19270.347
7.53 271.88285 -332.07416 45857.389 -60043.2 5177.82 -65221 19421.164
7.54 266.79338 -133.66109 45334.497 -60380.1 5080.89 -65461 19295.875
7.55 275.91429 151.7507 45501.664 -60088.8 5254.59 -65343.4 19361.189
7.56 276.80029 -313.6421 45805.267 -59945.7 5271.47 -65217.1 19536.965
7.57 270.32702 -128.50496 45380.849 -60165.2 5148.19 -65313.4 19465.795
7.58 275.07068 491.93872 45284.426 -59960.7 5238.53 -65199.3 19504.241
7.59 264.01002 -104.03047 45687.565 -60012.1 5027.89 -65040 19658.138
7.6 266.12025 -526.18995 45513.589 -60398.3 5068.07 -65466.3 19649.329
7.61 266.07571 -70.377653 45821.514 -60090.3 5067.23 -65157.6 19753.721
7.62 282.46732 627.23339 45321.079 -60053.9 5379.39 -65433.3 19661.847
7.63 274.37343 301.45958 45582.792 -59987.3 5225.25 -65212.6 19760.733
7.64 267.49619 -38.553861 45460.415 -60145.8 5094.28 -65240.1 19715.99
7.65 265.50069 390.75813 45852.086 -60144.7 5056.27 -65200.9 19863.461
7.66 272.96805 693.11317 45253.381 -60107.6 5198.49 -65306.1 19687.078
7.67 266.21903 1175.0378 45247.224 -60217.4 5069.95 -65287.4 19682.373
7.68 282.11876 -284.16365 45481.66 -59891.6 5372.75 -65264.3 19786.571
7.69 273.03631 111.28957 45817.271 -59928.8 5199.79 -65128.5 19940.571
7.7 270.88052 -403.32328 45559.486 -60081.1 5158.73 -65239.8 19892.402
7.71 266.5669 74.244409 45429.914 -60250.4 5076.58 -65327 19841.895
7.72 265.33473 526.99853 45424.009 -60122 5053.11 -65175.1 19865.477
7.73 272.83859 492.93421 45417.766 -60338 5196.02 -65534 19895.143
7.74 272.53394 -159.24817 45602.742 -59876.8 5190.22 -65067.1 19992.056
7.75 271.68514 960.44813 45231.168 -60121.8 5174.05 -65295.8 19922.424
7.76 279.76644 -455.16896 45824.502 -59856.9 5327.96 -65184.8 20143.222
7.77 258.67765 -728.76987 45586.897 -60126.2 4926.33 -65052.5 20103.005
7.78 261.2557 -653.04316 45806.13 -60222.6 4975.43 -65198 20189.636
7.79 274.99325 691.08868 45457.912 -60256 5237.05 -65493 20104.349
7.8 269.34559 -395.94161 45715.94 -60112.5 5129.5 -65242 20212.408
7.81 270.31161 813.9013 45270.256 -60068 5147.9 -65215.9 20091.402
7.82 267.56799 -188.92541 45785.526 -60126.7 5095.65 -65222.3 20251.236
7.83 268.92831 92.654507 45619.01 -60054.5 5121.55 -65176.1 20213.839
7.84 263.03891 941.43415 45299.2 -60409.1 5009.39 -65418.5 20157.836
7.85 281.65228 -257.95834 45862.904 -59954.9 5363.87 -65318.8 20345.32
7.86 272.85692 43.990981 45544.548 -59802.7 5196.37 -64999.1 20266.103
7.87 278.14305 -605.48883 45872.296 -60093.1 5297.04 -65390.1 20400.729
7.88 270.11193 -963.81998 45851.583 -60294.9 5144.09 -65439 20448.381
7.89 271.99105 -180.70413 45873.168 -59944.4 5179.88 -65124.2 20486.968
7.9 268.19715 -32.441444 45755.88 -60002.3 5107.63 -65110 20487.454
7.91 264.30703 3.888694 45663.035 -60361 5033.54 -65394.5 20515.632
7.92 270.68796 475.44143 45138.519 -60222.4 5155.06 -65377.4 20357.633
7.93 275.15383 -172.98911 45783.418 -60316.2 5240.11 -65556.3 20569.84
7.94 270.29876 -214.95285 45616.218 -60109.6 5147.65 -65257.2 20576.335
7.95 259.21292 364.2939 45473.803 -60253.6 4936.53 -65190.1 20589.526
7.96 268.30415 -37.204231 45528.887 -59777.5 5109.66 -64887.2 20613.501
7.97 269.00844 363.11536 45247.134 -60227.9 5123.08 -65350.9 20559.336
7.98 274.2388 -207.90549 45380.745 -59918.2 5222.69 -65140.9 20665.569
7.99 271.2466 126.72199 45368.424 -60262.9 5165.7 -65428.6 20665.522
8 268.08241 308.69696 45534.663 -60111.5 5105.44 -65216.9 20715.701
8.01 260.21817 -302.74699 45721.941 -59980.3 4955.67 -64936 20785.868
8.02 270.7442 366.10366 45454.61 -60237 5156.13 -65393.1 20756.204
8.03 262.46829 87.743873 45529.091 -60438.4 4998.52 -65436.9 20763.378
8.04 268.89191 -57.265117 45597.876 -60151 5120.86 -65271.8 20807.652
8.05 278.21777 650.44148 45251.238 -59853 5298.46 -65151.4 20696.705
8.06 280.00272 367.48299 45647.477 -60048.4 5332.46 -65380.9 20875.279
8.07 271.61852 -197.71246 45470.07 -60051.3 5172.78 -65224.1 20857.6
8.08 265.7995 217.23682 45356.93 -60402.8 5061.97 -65464.7 20830.62
8.09 271.46126 -827.75811 45775.425 -60253.5 5169.79 -65423.3 20954.739
8.1 268.35214 -338.81041 45752.923 -60132.7 5110.58 -65243.3 20998.365
8.11 261.62278 305.86012 45241.742 -60403.2 4982.42 -65385.6 20883.39
8.12 271.095 458.74011 45428.741 -59921.2 5162.81 -65084 20992.908
8.13 270.25029 -3.121857 45731.264 -60309.2 5146.73 -65456 21155.885
8.14 270.05056 -840.48175 45525.188 -60316.4 5142.92 -65459.3 21087.117
8.15 265.63454 -143.28978 45707.467 -60086.8 5058.82 -65145.6 21179.977
8.16 264.74788 -30.028914 45487.592 -60534.1 5041.94 -65576 21149.875
8.17 275.04652 -93.848445 45538.228 -59988.6 5238.07 -65226.7 21203.603
8.18 276.34978 -501.4063 45901.667 -59902.2 5262.89 -65165.1 21345.124
8.19 273.55628 -532.21558 45576.854 -60217.8 5209.69 -65427.5 21270.327
8.2 261.66056 105.03354 45976.953 -60473.1 4983.14 -65456.3 21459.519
8.21 274.29072 -158.98583 45484.487 -60066.8 5223.67 -65290.5 21322.788
8.22 273.84524 -329.43843 45948.497 -60195.1 5215.19 -65410.3 21476.453
8.23 269.84372 224.36633 45566.565 -60342 5138.99 -65481 21400.037
8.24 278.94668 1013.2373 45219.391 -60108.4 5312.34 -65420.8 21303.52
8.25 273.22685 514.17407 45431.767 -59880.8 5203.41 -65084.2 21358.723
8.26 265.61799 -182.73513 45367.195 -60422.5 5058.51 -65481 21348.963
8.27 271.5707 -322.22656 45809.217 -60097.7 5171.87 -65269.6 21497.288
8.28 270.93405 362.03999 45543.228 -60231.8 5159.75 -65391.5 21464.64
8.29 264.65954 -795.19185 46056.006 -60168.6 5040.26 -65208.8 21659.572
8.3 264.3341 277.73365 45515.242 -60190.6 5034.06 -65224.7 21498.855
8.31 272.35144 -319.27695 45759.904 -60200.7 5186.74 -65387.5 21678.337
8.32 279.79162 674.25463 45234.643 -60008.7 5328.44 -65337.2 21539.694
8.33 270.99919 -144.15073 45294.838 -60533 5160.99 -65694 21571.057
8.34 273.14947 543.2818 45302.544 -60156.1 5201.94 -65358 21595.932
8.35 273.30494 -447.32226 45727.33 -59993.1 5204.9 -65198 21737.95
8.36 268.24732 -305.42008 45799.349 -60048.2 5108.58 -65156.8 21802.943
8.37 257.85485 -313.55004 45763.982 -60199.4 4910.66 -65110.1 21829.739
8.38 260.95134 514.88984 45607.861 -60328.4 4969.64 -65298 21796.406
8.39 271.25985 344.0239 45372.051 -60018.2 5165.95 -65184.2 21757.927
8.4 264.05262 -546.2252 45734.234 -60265.3 5028.7 -65294 21910.507
8.41 281.0388 -712.89035 45675.011 -59980.5 5352.19 -65332.7 21875.615
8.42 266.08369 239.28442 45568.788 -60407 5067.38 -65474.4 21883.687
8.43 271.51744 -403.57063 45895.801 -60040.1 5170.86 -65211 22001.21
8.44 268.88199 -269.85615 45433.068 -59705.5 5120.67 -64826.2 21886.067
8.45 270.96414 39.999279 45882.861 -60149.6 5160.32 -65309.9 22065.34
8.46 269.70606 -60.866786 45365.887 -59972.8 5136.36 -65109.1 21888.728
8.47 274.90958 -43.76307 45491.289 -59912.7 5235.46 -65148.1 21927.723
8.48 263.22458 -170.90751 45905.568 -60404.7 5012.93 -65417.6 22076.288
8.49 271.4024 -255.64898 45682.633 -60001.4 5168.67 -65170.1 22036.866
8.5 265.70298 107.80812 45575.339 -60212.1 5060.13 -65272.2 22075.115
8.51 275.68862 553.93316 45579.266 -60289.9 5250.3 -65540.2 22058.957
8.52 274.42851 308.54605 45449.692 -59983.3 5226.3 -65209.6 22043.677
8.53 272.17541 199.33981 45472.814 -60064.8 5183.39 -65248.2 22106.312
8.54 277.6673 186.71047 45584.177 -60006.1 5287.98 -65294 22143.866
8.55 264.52287 -293.60057 45478.838 -60040.5 5037.65 -65078.1 22112.443
8.56 279.89726 -366.17426 45505.806 -60044.2 5330.45 -65374.6 22173.222
8.57 270.26054 605.82474 45479.607 -60250.9 5146.92 -65397.9 22169.15
8.58 278.09144 295.64452 45564.567 -59900.7 5296.06 -65196.8 22234.233
8.59 266.13119 -430.80824 45891.878 -60202.9 5068.28 -65271.1 22351.829
8.6 277.55563 -389.77563 45673.576 -59736.5 5285.85 -65022.4 22330.911
8.61 262.61069 -262.98987 45819.604 -60431.2 5001.24 -65432.4 22390.892
8.62 263.05318 198.16262 45677.908 -60375.8 5009.66 -65385.4 22351.297
8.63 278.99301 948.91298 45114.354 -60156.2 5313.23 -65469.4 22200.273
8.64 266.81604 -259.42428 45723.926 -60299.4 5081.32 -65380.8 22435.107
8.65 276.90775 248.43094 45609.656 -60035.5 5273.51 -65309 22437.315
8.66 265.00246 192.08896 45471.445 -60312.5 5046.79 -65359.3 22415.974
8.67 273.98556 295.20489 45618.577 -60202.5 5217.86 -65420.3 22516.019
8.68 269.78922 362.34855 45351.957 -60324.2 5137.95 -65462.2 22466.929
8.69 264.51598 -704.32733 45605.581 -60212 5037.52 -65249.5 22596.333
8.7 281.92696 126.8979 45450.267 -59845.5 5369.1 -65214.6 22573.91
8.71 267.8852 862.14162 45079.64 -59986.3 5101.69 -65088 22471.305
8.72 269.3808 -26.255013 45587.67 -60079.2 5130.17 -65209.3 22686.49
8.73 276.37834 -505.67269 45713.695 -60084.1 5263.43 -65347.5 22707.392
8.74 276.19128 35.106299 45367.944 -59863.1 5259.87 -65123 22602.172
8.75 266.29948 -711.52063 45835.588 -60078.8 5071.49 -65150.3 22790.512
8.76 264.38415 194.38464 45690.271 -60188.4 5035.01 -65223.4 22733.941
8.77 262.7282 -236.79214 45845.348 -60132 5003.47 -65135.5 22840.145
8.78 270.6023 184.81485 45760.292 -59994 5153.43 -65147.4 22841.031
8.79 265.52166 -374.36291 45792.986 -60269 5056.67 -65325.7 22897.555
8.8 273.32653 -46.37322 45493.956 -60241.5 5205.31 -65446.8 22819.657
8.81 268.59933 30.610581 45690.901 -60157.8 5115.29 -65273.1 22890.948
8.82 266.7843 337.59739 45336.034 -60350 5080.72 -65430.7 22797.751
8.83 270.19989 -769.28757 45854.086 -59862.8 5145.77 -65008.6 22955.208
8.84 273.62353 557.18127 45268.591 -60038.1 5210.97 -65249.1 22801.546
8.85 271.70183 -619.58869 45654.929 -60225.6 5174.37 -65400 22937.254
8.86 269.49196 134.36629 45458.986 -60218.4 5132.29 -65350.7 22873.047
8.87 278.06844 417.99251 45682.625 -59752.8 5295.62 -65048.5 22987.359
8.88 269.03094 47.364298 45361.972 -60079.1 5123.51 -65202.6 22942.863
8.89 268.40152 -246.85111 45816.746 -60190.7 5111.52 -65302.2 23090.247
8.9 280.45357 -239.30176 45816.596 -60110.9 5341.04 -65452 23129.875
8.91 274.75274 -959.09456 45839.157 -60158.4 5232.47 -65390.8 23158.27
8.92 269.42592 35.312335 45538.491 -60214.3 5131.03 -65345.3 23083.013
8.93 279.583 124.05168 45528.358 -60065.4 5324.46 -65389.9 23088.806
8.94 270.9584 -581.68086 45259.168 -60258.1 5160.21 -65418.3 23002.482
8.95 263.79359 166.17023 45542.215 -60051.1 5023.76 -65074.9 23124.829
8.96 272.04218 -177.98348 45444.373 -60143 5180.85 -65323.9 23183.283
8.97 269.96197 120.37985 45546.594 -60031.4 5141.24 -65172.6 23224.284
8.98 258.63753 -757.68513 45819.448 -60442.4 4925.57 -65368 23360.729
8.99 269.92592 35.535077 45637.678 -60027.9 5140.55 -65168.5 23328.362
9 263.67355 -233.55961 45439.239 -60508.1 5021.48 -65529.6 23293.862
9.01 273.45932 -122.72168 45582.475 -60023.9 5207.84 -65231.7 23379.949
9.02 272.91969 187.73661 45622.179 -60148.7 5197.56 -65346.3 23412.986
9.03 274.53816 -464.07752 45746.494 -59788.6 5228.39 -65017 23528.673
9.04 277.06209 550.82408 45591.324 -59987.2 5276.45 -65263.7 23512.206
9.05 265.92464 -738.65378 46022.136 -60408.1 5064.35 -65472.4 23673.837
9.06 276.84631 -506.76205 45731.828 -59789.9 5272.34 -65062.2 23636.332
9.07 268.32519 26.747353 45645.005 -60410 5110.07 -65520 23631.331
9.08 274.21173 90.115908 45617.255 -59899.7 5222.17 -65121.9 23689.587
9.09 264.08749 718.7464 45442.351 -60230.2 5029.36 -65259.6 23630.949
9.1 285.37434 28.952905 45597.821 -59704.1 5434.75 -65138.9 23701.982
9.11 270.79712 -281.57135 45737 -59990.5 5157.14 -65147.7 23838.898
9.12 275.33787 -193.778 45672.495 -59780.5 5243.62 -65024.2 23832.417
9.13 271.9883 -6.156615 45476.018 -60124.7 5179.83 -65304.6 23798.774
9.14 272.81376 261.32264 45548.799 -60406.1 5195.55 -65601.7 23856.097
9.15 263.47292 97.316463 45526.747 -60058 5017.66 -65075.6 23897.309
9.16 275.70844 323.92186 45219.867 -60084 5250.67 -65334.7 23811.644
9.17 275.15331 196.20922 45413.739 -60072.2 5240.1 -65312.3 23913.503
9.18 262.88929 -371.26363 45685.37 -60327.2 5006.54 -65333.7 24044.958
9.19 273.52398 527.94002 45501.502 -60253.9 5209.07 -65462.9 24035.747
9.2 263.66157 -474.74852 45686.003 -59881 5021.25 -64902.3 24155.023
9.21 267.2923 -628.17477 45845.63 -60110.4 5090.39 -65200.8 24266.1
9.22 270.82 -521.23397 45811.762 -60206.5 5157.58 -65364.1 24298.436
9.23 278.90523 143.46594 45614.402 -59956 5311.55 -65267.6 24252.67
9.24 261.84307 -911.7818 45826.171 -60162.2 4986.62 -65148.9 24333.841
9.25 268.75551 262.87303 45522.103 -60195.5 5118.26 -65313.7 24235.875
9.26 269.98481 1012.225 45386.641 -59903.2 5141.67 -65044.8 24250.791
9.27 271.08396 83.523795 45537.308 -60027.7 5162.6 -65190.3 24350.123
9.28 261.47164 226.77097 45451.395 -60331.9 4979.54 -65311.5 24333.745
9.29 275.02651 457.1913 45569.502 -59965.5 5237.69 -65203.1 24411.923
9.3 260.39984 97.313807 45262.213 -60266.4 4959.13 -65225.6 24342.522
9.31 276.73377 -75.979915 45497.551 -59777.1 5270.2 -65047.3 24407.497
9.32 259.83788 93.481519 45400.462 -59981.2 4948.43 -64929.7 24401.986
9.33 264.92208 30.107865 45441.564 -60250.9 5045.26 -65296.1 24409.678
9.34 266.34734 -983.17208 45847.299 -59936.5 5072.4 -65008.9 24598.837
9.35 265.4877 348.58852 45608.276 -60468.2 5056.03 -65524.3 24533.986
9.36 268.16549 30.646601 45970.577 -59990.9 5107.02 -65097.9 24680.826
9.37 264.98924 159.16895 45377.6 -60203.2 5046.53 -65249.7 24515.476
9.38 274.26715 336.70973 45419.261 -59841.4 5223.23 -65064.6 24538.178
9.39 264.74451 -509.15632 45982.794 -60052.6 5041.87 -65094.5 24773.804
9.4 263.49413 -21.780707 45775.205 -60090.5 5018.06 -65108.5 24705.025
9.41 263.09305 315.84636 45400.339 -60321 5010.42 -65331.4 24581.589
9.42 274.9035 -149.50597 45617.111 -60077 5235.34 -65312.4 24697.441
9.43 271.82172 72.17349 45507.001 -59970.3 5176.65 -65146.9 24722.343
9.44 272.00324 -71.304401 45465.822 -60093.7 5180.11 -65273.8 24711.658
9.45 264.90875 -168.41325 45736.116 -60453.3 5045 -65498.3 24850.81
9.46 264.4934 -174.54248 45669.87 -60236.4 5037.09 -65273.5 24838.424
9.47 266.61493 25.483435 45460.658 -60124.4 5077.49 -65201.9 24761.8
9.48 282.30568 46.81386 45763.37 -59799.1 5376.31 -65175.4 24942.877
9.49 268.63803 -662.89407 45685.029 -59912.8 5116.02 -65028.8 24939.515
9.5 265.47015 24.569335 45682.247 -59982.5 5055.69 -65038.2 24991.04
9.51 263.34928 -462.71016 45643.127 -60213.1 5015.3 -65228.4 25006.887
9.52 268.29981 -959.09206 45806.63 -59934.3 5109.58 -65043.9 25082.044
9.53 267.07741 -381.64191 45454.692 -60319.3 5086.3 -65405.6 25003.585
9.54 270.90214 -190.25349 45639.108 -60011.5 5159.14 -65170.6 25132.458
9.55 276.86313 337.10235 45728.012 -59889.6 5272.66 -65162.2 25176.019
9.56 276.32518 -278.58267 45725.91 -59929.1 5262.42 -65191.5 25206.246
9.57 264.58024 -844.39744 45752.562 -59838.7 5038.75 -64877.5 25268.521
9.58 268.30464 -207.62155 45733.223 -60100.3 5109.67 -65209.9 25299.327
9.59 267.93337 -3.3115222 45446.736 -60430 5102.6 -65532.6 25220.349
9.6 266.94087 395.05143 45256.408 -60334.4 5083.7 -65418.1 25144.797
9.61 270.11774 -101.91802 45721.79 -59974.9 5144.2 -65119.1 25361.023
9.62 269.86608 -108.16581 45453.429 -60219.3 5139.41 -65358.7 25268.701
9.63 269.10812 128.96813 45518.952 -60056.4 5124.98 -65181.4 25326.615
9.64 279.77817 763.73232 45399.993 -59757.3 5328.18 -65085.4 25322.128
9.65 256.60098 -422.98597 45818.893 -60512.2 4886.79 -65399 25542.256
9.66 276.64876 246.13049 45474.545 -60175.6 5268.58 -65444.2 25439.024
9.67 263.32783 929.85951 45656.765 -59775.6 5014.89 -64790.5 25536.827
9.68 268.18097 906.74127 45330.01 -60207.9 5107.32 -65315.3 25437.52
9.69 270.47238 706.76052 45212.035 -60303.1 5150.96 -65454.1 25451.05
9.7 275.11915 -108.67063 45457.17 -59752.8 5239.45 -64992.2 25590.33
9.71 271.41826 222.52934 45421.073 -60350.6 5168.97 -65519.6 25528.682
9.72 264.86605 -44.073867 45652.879 -60296.9 5044.19 -65341.1 25669.317
9.73 267.96013 -659.34375 45596.891 -60021.1 5103.11 -65124.2 25653.641
9.74 263.20823 -271.74268 45594.469 -60359.5 5012.62 -65372.2 25649.987
9.75 268.47588 -424.15494 45759.003 -60280.3 5112.94 -65393.3 25808.117
9.76 266.07264 752.42059 45678.282 -60164.6 5067.17 -65231.7 25817.862
9.77 265.34332 -179.76131 45637.562 -60106.8 5053.28 -65160.1 25804.016
9.78 264.31228 -454.61007 45819.269 -60256.8 5033.64 -65290.5 25875.583
9.79 273.40208 397.04278 45224.822 -60019.6 5206.75 -65226.4 25679.419
9.8 264.79919 -129.46647 45819.516 -60071 5042.92 -65113.9 25920.907
9.81 270.42012 59.198843 45827.952 -59937.9 5149.96 -65087.9 25926.058
9.82 270.45522 -166.60323 45800.383 -60136.6 5150.63 -65287.2 25906.345
9.83 268.24278 11.259835 45575.572 -60266 5108.5 -65374.5 25871.519
9.84 271.61727 -133.7286 45653.827 -60158.3 5172.76 -65331.1 25923.645
9.85 280.87572 583.87174 45615.074 -59836.2 5349.08 -65185.3 25927.892
9.86 266.5617 -195.23045 45762.517 -60102.8 5076.48 -65179.3 26031.954
9.87 272.08787 -898.44244 45953.235 -60114.2 5181.72 -65295.9 26110.756
9.88 270.56219 529.2068 45712.836 -60086.3 5152.67 -65239 26048.845
9.89 273.13081 -374.76597 45380.473 -59941 5201.59 -65142.5 26001.964
9.9 270.75288 -142.75198 45776.853 -60256.6 5156.3 -65412.9 26146.128
9.91 278.11205 48.589347 45468.148 -60138.6 5296.45 -65435 26025.21
9.92 260.79156 385.49784 45320.387 -60395.9 4966.59 -65362.5 25959.09
9.93 273.85979 666.43825 45522.44 -60143.6 5215.47 -65359.1 26023.925
9.94 265.87741 122.76927 45423.43 -60543.9 5063.45 -65607.4 26001.422
9.95 281.18874 -436.86577 45853.997 -59881.3 5355.04 -65236.3 26176.384
9.96 275.45751 -453.92834 45849.722 -59849.9 5245.9 -65095.8 26225.976
9.97 274.08792 -66.822711 45382.265 -60058 5219.81 -65277.9 26070.593
9.98 261.05726 -334.29932 45530.642 -60405.7 4971.65 -65377.4 26172.929
