0 257.64318 77.973161 46293.015 -63403.4 4900.21 -68303.6 9.5229324
0.01 269.14506 -151.94109 46451.083 -63262.9 5118.97 -68381.9 20.8084
0.02 268.155 235.62995 46075.263 -63259.4 5100.14 -68359.6 30.071314
0.03 270.31176 -14.1294 46343.281 -63509.9 5141.16 -68651 38.375042
0.04 270.30033 328.71574 45976.691 -63579.4 5140.94 -68720.3 48.812178
0.05 266.64007 -463.05752 46609.601 -63576.8 5071.32 -68648.1 58.609569
0.06 273.72267 -433.68586 46677.432 -63384.9 5206.03 -68590.9 69.717287
0.07 263.21583 -156.33791 46117.019 -63744.7 5006.2 -68750.9 78.020385
0.08 270.79482 -21.945777 46277.006 -63708.2 5150.34 -68858.6 84.546921
0.09 265.25202 -210.48232 46348.325 -64118.7 5044.92 -69163.7 92.881012
0.1 273.44295 -86.247183 46434.978 -63805.9 5200.71 -69006.6 100.44119
0.11 267.91083 294.50875 46271.107 -64171.9 5095.49 -69267.4 109.68731
0.12 274.78355 362.27128 46243.926 -64308.7 5226.21 -69534.9 116.62118
0.13 254.4605 579.16322 46109.075 -64671.2 4839.68 -69510.9 120.20962
0.14 283.39586 171.12675 46364.424 -64059.7 5390.01 -69449.7 124.35762
0.15 275.77903 808.15295 45960.258 -64549.1 5245.14 -69794.2 131.84421
0.16 259.98746 538.13594 46212.867 -65024.6 4944.79 -69969.4 135.62652
0.17 267.26644 -6.3314459 46326.365 -64796 5083.24 -69879.2 140.91203
0.18 273.9338 -101.46923 46529.935 -64785.9 5210.04 -69995.9 145.58683
0.19 274.49472 148.09091 46397.95 -64996.2 5220.71 -70216.9 150.38467
0.2 271.31406 379.9353 46299.39 -65216.7 5160.22 -70376.9 154.19724
0.21 263.93213 9.4366601 46527.722 -65279.1 5019.82 -70299 156.53412
0.22 271.73162 -339.51696 46738.622 -65482.3 5168.16 -70650.4 158.66726
0.23 281.29769 -133.4428 46515.215 -65187.3 5350.1 -70537.4 163.15575
0.24 276.81574 299.24221 46430.371 -65262.2 5264.86 -70527.1 164.84085
0.25 266.57193 -391.35756 46530.632 -65573 5070.03 -70643.1 167.68692
0.26 272.53588 -573.00744 46658.447 -65132.9 5183.46 -70316.4 172.04795
0.27 264.28657 65.020112 46434.476 -65463.6 5026.56 -70490.2 175.06626
0.28 259.61788 -432.47627 46692.542 -65472.4 4937.76 -70410.2 179.95026
0.29 263.48003 -298.01569 46632.444 -65383.1 5011.22 -70394.3 181.11597
0.3 262.32044 348.1965 46386.05 -65553.6 4989.17 -70542.8 182.77235
0.31 263.22958 321.65006 46308.389 -65669.5 5006.46 -70676 186.22599
0.32 263.91972 -416.52552 46705.08 -65663.3 5019.58 -70682.9 189.11613
0.33 271.40002 -505.78064 46702.492 -65362.4 5161.85 -70524.2 193.65739
0.34 266.23414 736.73126 46197.57 -65605.8 5063.6 -70669.4 194.61622
0.35 265.2508 105.27872 46367.956 -65876.9 5044.9 -70921.8 198.21749
0.36 268.14225 -22.988672 46680.877 -65766.9 5099.89 -70866.8 200.59645
0.37 266.81668 -21.713526 46711.678 -65904.6 5074.68 -70979.3 203.82228
0.38 265.55344 223.18445 46509.541 -66264.9 5050.66 -71315.5 202.44764
0.39 276.27032 736.76148 46254.23 -66122.6 5254.48 -71377.1 203.60125
0.4 268.27976 -273.65702 46863.929 -66213.7 5102.51 -71316.2 207.48537
0.41 270.06565 -210.64796 46974.512 -65799.8 5136.48 -70936.3 209.05551
0.42 268.95188 304.88869 46334.065 -66192.9 5115.29 -71308.2 208.16392
0.43 274.93727 249.40151 46398.079 -65827.5 5229.13 -71056.7 210.2765
0.44 260.13267 -724.98401 47033.726 -66084.7 4947.56 -71032.3 212.62919
0.45 268.99246 -393.97942 46664.582 -65785 5116.06 -70901.1 214.74255
0.46 264.21072 -585.13779 46951.494 -65856.1 5025.12 -70881.2 217.39585
0.47 263.78244 665.98165 46115.219 -66031.5 5016.97 -71048.4 218.82137
0.48 270.65849 668.54319 46238.599 -65731.1 5147.75 -70878.9 220.75984
0.49 266.74597 -321.23312 46854.093 -66361 5073.34 -71434.4 224.24664
0.5 268.89065 178.16714 46495.124 -66336.4 5114.13 -71450.5 225.3249
0.51 278.28443 -240.65171 46902.555 -66140.2 5292.79 -71433 224.85655
0.52 261.35982 -500.24488 46862.148 -66237.2 4970.9 -71208.1 227.58709
0.53 271.76237 222.98005 46586.198 -66021.2 5168.75 -71190 228.2226
0.54 271.76748 -113.48541 46723.236 -65946.4 5168.84 -71115.2 230.0464
0.55 272.35147 -488.71922 46934.162 -66017.1 5179.95 -71197.1 232.36081
0.56 262.6109 47.546527 46557.925 -66217.8 4994.69 -71212.5 233.24206
0.57 275.14131 -82.649362 46644.746 -65902.6 5233.01 -71135.7 235.8608
0.58 263.47135 -632.82165 46900.37 -66159.6 5011.06 -71170.6 239.54486
0.59 269.83591 -83.839303 46809.422 -66417 5132.11 -71549.1 240.66575
0.6 270.3274 -448.19453 46742.376 -66119.5 5141.45 -71261 243.07519
0.61 275.15795 225.46415 46596.888 -65613.4 5233.33 -70846.7 243.61305
0.62 265.2126 151.44003 46574.569 -65955.8 5044.17 -70999.9 244.6379
0.63 269.56392 666.58917 46139.999 -65757.6 5126.93 -70884.6 244.86672
0.64 263.48104 -190.30381 46624.049 -66010.7 5011.24 -71021.9 246.20184
0.65 272.71948 607.17584 46416.867 -65858.6 5186.95 -71045.6 247.43816
0.66 264.62709 -544.1611 46818.909 -65694.8 5033.04 -70727.9 251.29294
0.67 268.36489 -174.42866 46642.705 -65386.2 5104.13 -70490.3 253.7572
0.68 268.53548 -55.86546 46607 -65637.8 5107.37 -70745.2 253.08811
0.69 281.16638 -339.68014 46796.839 -65755.2 5347.6 -71102.8 255.81361
0.7 268.30129 -287.52538 46846.334 -65552 5102.92 -70654.9 258.70408
0.71 258.71765 159.91844 46471.255 -65567 4920.64 -70487.6 260.90887
0.72 264.07927 770.16222 46184.09 -65959.4 5022.62 -70982 265.52657
0.73 261.98 361.42769 46274.561 -66316.6 4982.69 -71299.3 268.15545
0.74 264.87808 -719.75435 47083.564 -65904.4 5037.81 -70942.2 273.37526
0.75 273.28858 436.892 46258.353 -66049.6 5197.77 -71247.4 271.46307
0.76 270.08941 724.945 46209.01 -66040.3 5136.93 -71177.2 274.27235
0.77 275.11163 -431.90719 46896.828 -65802.2 5232.45 -71034.6 276.58093
0.78 269.49194 312.44127 46459.077 -66210.2 5125.56 -71335.8 279.17242
0.79 276.03508 286.77265 46443.143 -66114 5250.01 -71364 280.91536
0.8 257.67893 -232.94109 46643.524 -66317.4 4900.89 -71218.3 284.81821
0.81 263.74949 907.07606 46009.151 -66182.9 5016.35 -71199.3 285.65288
0.82 271.09834 22.210757 46544.544 -66212.1 5156.12 -71368.2 287.04248
0.83 274.8403 -92.839868 46712.05 -66018.7 5227.29 -71246 289.5635
0.84 271.12699 88.857627 46701.095 -66054 5156.66 -71210.7 292.4176
0.85 271.63642 -643.32969 47201.47 -66307.6 5166.35 -71473.9 297.34071
0.86 277.79061 456.04881 46468.875 -66608.2 5283.4 -71891.6 296.80109
0.87 269.72355 566.64484 46525.759 -66340.1 5129.97 -71470 296.6452
0.88 269.19236 361.72635 46434.953 -66311.9 5119.87 -71431.8 298.25587
0.89 276.76863 -552.01916 47055.134 -66296.7 5263.96 -71560.7 300.3994
0.9 263.43186 -735.18683 46909.397 -66375.3 5010.3 -71385.6 302.67504
0.91 273.03813 -562.58495 47171.119 -66321.8 5193.01 -71514.8 302.68446
0.92 273.60784 419.40433 46494.104 -66140.9 5203.84 -71344.7 300.70439
0.93 264.51959 632.28293 46326.484 -66559.2 5030.99 -71590.2 301.58359
0.94 263.07064 191.9625 46554.922 -66357.8 5003.43 -71361.2 304.02092
0.95 267.87851 117.84699 46538.816 -66258.5 5094.88 -71353.4 304.10141
0.96 263.76018 -389.71417 46790.777 -66430 5016.55 -71446.6 307.894
0.97 262.24501 -417.6067 46723.566 -66376.8 4987.73 -71364.6 308.97858
0.98 277.20471 -266.28566 46935.773 -66057.5 5272.26 -71329.8 311.27743
0.99 268.45678 50.571372 46673.681 -66462.8 5105.88 -71568.7 311.99159
1 284.32968 342.81998 46555.8 -66218.5 5407.77 -71626.3 311.97111
1.01 274.23368 -3.4789668 46625.249 -66184.4 5215.75 -71400.2 314.48858
1.02 265.1192 102.30077 46676.509 -66538.3 5042.4 -71580.7 314.00898
1.03 276.04425 338.70736 46428 -66154 5250.18 -71404.2 315.99907
1.04 263.30466 362.39608 46485.214 -66641.9 5007.89 -71649.8 318.63116
1.05 261.34806 421.79518 46406.363 -66007.8 4970.67 -70978.5 317.53856
1.06 261.52238 76.878596 46541.704 -66342.2 4973.99 -71316.2 321.01916
1.07 272.14219 177.43935 46587.728 -65955.5 5175.97 -71131.4 321.81062
1.08 270.26971 353.8555 46583.245 -66140.7 5140.36 -71281 323.33211
1.09 267.62315 347.82129 46474.766 -66257.3 5090.02 -71347.3 322.01946
1.1 270.60961 652.57136 46269.71 -66473.3 5146.82 -71620.2 324.05082
1.11 268.89903 -327.71545 46872.166 -66269 5114.29 -71383.3 328.43148
1.12 280.43533 137.34402 46674.512 -65904.3 5333.7 -71238 327.33609
1.13 271.0709 -420.91035 46867.634 -66407.8 5155.59 -71563.4 329.63623
1.14 274.29002 -476.9362 46906.717 -66437.9 5216.82 -71654.7 329.33473
1.15 272.60959 -452.30967 46865.909 -66160.2 5184.86 -71345.1 330.81163
1.16 265.19401 -99.215861 46758.088 -66371.9 5043.82 -71415.7 332.26267
1.17 265.51849 455.77546 46418.072 -66296 5049.99 -71346 331.68938
1.18 261.27349 -376.965 46796.879 -66653.2 4969.25 -71622.5 332.90368
1.19 274.27367 360.12989 46645.26 -66327.8 5216.51 -71544.3 333.01953
1.2 263.11705 -537.64122 46878.079 -66432.1 5004.32 -71436.5 334.92014
1.21 258.00482 467.808 46186.54 -66709.1 4907.09 -71616.2 333.7917
1.22 268.08239 -776.61317 47056.148 -66095.3 5098.75 -71194 337.00965
1.23 262.2076 -607.02547 46863.819 -66153.1 4987.02 -71140.1 337.28907
1.24 267.28771 -190.91148 46722.322 -66281.7 5083.64 -71365.4 338.86341
1.25 270.13877 137.40671 46517.267 -65940.5 5137.87 -71078.3 338.79533
1.26 264.47272 -210.23963 46650.008 -66133.7 5030.1 -71163.8 339.49907
1.27 271.90353 161.24881 46612.596 -66128.5 5171.43 -71299.9 341.67697
1.28 265.74599 631.64859 46427.841 -66377.1 5054.32 -71431.4 342.51813
1.29 268.15271 492.77395 46413.396 -66262 5100.09 -71362.1 344.74944
1.3 265.91902 168.72911 46605.566 -66374.1 5057.61 -71431.7 346.25554
1.31 269.04 98.725462 46448.696 -65922.2 5116.97 -71039.2 349.49779
1.32 271.9608 293.24262 46336.607 -66144.7 5172.52 -71317.2 351.65784
1.33 265.00081 307.14199 46350.748 -65995.8 5040.15 -71036 353.55952
1.34 266.35456 354.26332 46511.198 -66105.2 5065.89 -71171.1 357.12797
1.35 269.66221 -281.17941 46716.524 -65801.8 5128.8 -70930.6 359.89849
1.36 278.41951 -112.16871 46526.881 -65913.3 5295.36 -71208.7 362.64451
1.37 263.91368 -299.07557 46729.098 -65920.9 5019.47 -70940.4 362.97594
1.38 266.30883 -293.21585 46770.587 -66105.9 5065.02 -71170.9 361.65072
1.39 267.86488 292.31043 46351.329 -65867.3 5094.62 -70961.9 360.34325
1.4 274.65279 -199.1203 46795.671 -65814.8 5223.72 -71038.6 365.68638
1.41 271.19105 -375.19038 46797.164 -66112.6 5157.88 -71270.5 367.12159
1.42 270.03541 -549.15053 47012.587 -65874.1 5135.9 -71010 369.74877
1.43 261.10642 -273.84773 46800.636 -66372.2 4966.08 -71338.3 372.77264
1.44 268.27157 348.26671 46488.914 -66001.7 5102.35 -71104.1 372.31399
1.45 263.88979 158.69773 46348.624 -66362.5 5019.01 -71381.5 373.01972
1.46 272.96388 -413.82372 46836.708 -66054.2 5191.6 -71245.8 375.17158
1.47 272.95412 -327.85541 46701.301 -65627.9 5191.41 -70819.3 377.50445
1.48 274.93619 -155.26394 46405.796 -65798 5229.11 -71027.1 376.35988
1.49 271.61747 -99.657715 46743.691 -65977.7 5165.99 -71143.7 378.89983
1.5 260.92419 190.61685 46509.819 -66244.2 4962.61 -71206.8 379.46336
1.51 265.02781 212.07082 46356.963 -66452.9 5040.66 -71493.6 378.48367
1.52 268.26798 -158.2359 46787.147 -66253.4 5102.28 -71355.7 381.27467
1.53 277.221 -474.76541 46822.951 -65994.8 5272.57 -71267.4 381.02902
1.54 265.79675 -342.75037 46688.622 -66365.5 5055.28 -71420.8 381.59126
1.55 272.39333 526.08198 46309.469 -66213.8 5180.75 -71394.6 379.66831
1.56 263.44479 -417.51724 46882.848 -66251.9 5010.55 -71262.4 383.93068
1.57 268.16144 54.301766 46614.986 -66391.9 5100.26 -71492.2 384.07653
1.58 260.35741 203.65682 46379.454 -66161.7 4951.83 -71113.5 383.3923
1.59 264.82052 -351.53433 46965.712 -66128.7 5036.72 -71165.4 390.92422
1.6 262.94893 386.20303 46512.565 -66256.7 5001.12 -71257.8 391.87607
1.61 274.5979 297.02783 46308.982 -65731.7 5222.68 -70954.4 390.17469
1.62 269.54393 -485.91661 46872.538 -65730.3 5126.55 -70856.8 390.87259
1.63 255.80815 -511.00694 46908.14 -66151.1 4865.31 -71016.4 395.58753
1.64 274.65985 2.7864314 46497.291 -65841.7 5223.85 -71065.5 397.93421
1.65 273.64215 323.21092 46520.463 -65821 5204.5 -71025.5 397.9347
1.66 264.72738 -340.14656 46854.672 -66102.9 5034.94 -71137.9 400.49749
1.67 277.34291 360.024 46264.867 -65687.7 5274.88 -70962.5 397.83603
1.68 272.85626 161.18034 46454.532 -65806.5 5189.55 -70996 399.98775
1.69 277.91699 432.09713 46342.985 -65984.3 5285.8 -71270.1 398.5519
1.7 265.71296 -373.7722 46648.136 -65752.3 5053.69 -70806 401.39973
1.71 268.95582 699.02521 46203.464 -65860.4 5115.37 -70975.7 405.91073
1.72 274.87457 -129.22569 46772.988 -65708.3 5227.94 -70936.3 410.35664
1.73 260.56597 -90.621285 46440.206 -65410.6 4955.8 -70366.4 411.95312
1.74 266.91185 196.76817 46378.968 -65879.3 5076.49 -70955.8 415.31933
1.75 275.78376 -557.72326 46796.832 -65599.9 5245.23 -70845.1 420.56228
1.76 263.86223 -2.962937 46664.802 -65898.4 5018.49 -70916.9 422.57182
1.77 260.77148 -65.582467 46632.13 -66167.8 4959.71 -71127.5 423.36864
1.78 270.15811 631.56878 46525.394 -65728.8 5138.23 -70867 425.2033
1.79 270.8251 567.23243 46518.677 -66043.1 5150.92 -71194.1 426.38296
1.8 264.0616 -233.4212 46834.833 -66084.8 5022.28 -71107 429.82707
1.81 264.989 548.09623 46304.871 -66008.5 5039.92 -71048.4 429.63685
1.82 279.07541 444.64801 46290.875 -66114.8 5307.83 -71422.6 430.79147
1.83 269.76456 455.85442 46350.404 -66239.4 5130.75 -71370.2 429.42806
1.84 261.42009 460.96603 46293.914 -66253.2 4972.04 -71225.3 431.48729
1.85 279.57645 -566.76999 46942.626 -65954.6 5317.36 -71272 435.12322
1.86 266.87888 -193.98825 46772.305 -66408.4 5075.86 -71484.3 436.72007
1.87 280.84412 355.24488 46539.907 -66290.6 5341.47 -71632.1 435.74985
1.88 266.26827 615.21967 46187.88 -66552.9 5064.25 -71617.2 434.08371
1.89 258.50221 174.66686 46294.286 -66354.5 4916.55 -71271 436.38621
1.9 269.98435 521.9715 46388.649 -66177.6 5134.93 -71312.5 435.25543
1.91 275.12156 -223.22809 46721.538 -65920 5232.64 -71152.6 438.493
1.92 268.19393 184.58759 46426.167 -65995.3 5100.88 -71096.2 437.49017
1.93 263.80964 275.19881 46493.539 -65794.2 5017.49 -70811.7 438.79217
1.94 260.58148 -414.28865 46821.042 -65840.9 4956.09 -70796.9 445.02121
1.95 265.55667 216.23613 46608.632 -65925.6 5050.72 -70976.3 448.0866
1.96 266.04518 265.08901 46455.621 -66357.2 5060.01 -71417.3 449.64579
1.97 273.7447 322.54172 46428.009 -65814.1 5206.45 -71020.6 451.33282
1.98 263.30226 -222.1828 46669.14 -65987.7 5007.84 -70995.5 455.58426
1.99 265.55922 -552.07839 46905.489 -65886.5 5050.77 -70937.2 457.97123
2 272.09674 416.84192 46439.978 -65766.4 5175.11 -70941.5 457.46156
2.01 266.39942 541.767 46276.636 -65942.9 5066.75 -71009.7 460.70176
2.02 274.38277 -295.71947 46900.811 -65620.7 5218.58 -70839.3 465.54602
2.03 264.08563 -724.36282 47006.35 -66046.5 5022.74 -71069.3 468.27692
2.04 269.8243 -450.31929 46903.77 -65993.8 5131.88 -71125.6 467.23496
2.05 267.40082 -36.899645 46491.139 -65988.2 5085.79 -71073.9 464.78412
2.06 262.96644 349.90496 46507.408 -66072.4 5001.45 -71073.9 464.01948
2.07 265.5821 -596.48023 46942.94 -66074.5 5051.2 -71125.7 465.80069
2.08 277.32075 12.239591 46555.742 -66279.8 5274.46 -71554.3 466.31435
2.09 269.88973 28.25548 46445.01 -66110.5 5133.13 -71243.6 468.52843
2.1 281.64524 -278.25895 46719.552 -65606 5356.71 -70962.7 474.51699
2.11 272.06402 -28.850101 46613.07 -65633.5 5174.48 -70808 477.20469
2.12 268.85687 -205.8139 46850.516 -65858.1 5113.48 -70971.6 479.16385
2.13 263.03073 -706.72233 47087.172 -66191.1 5002.68 -71193.8 481.81681
2.14 257.29834 -327.58839 46851.244 -66138.5 4893.65 -71032.2 480.43396
2.15 273.74522 339.22225 46500.169 -66334.5 5206.46 -71540.9 479.18607
2.16 259.3385 -292.11317 46821.863 -66667.5 4932.45 -71599.9 482.28254
2.17 270.19151 -392.20434 46856.652 -66142 5138.87 -71280.9 483.89372
2.18 265.04925 453.30671 46365.353 -66610.1 5041.07 -71651.2 479.60289
2.19 259.26374 -461.71417 47029.735 -66592.4 4931.03 -71523.5 484.60131
2.2 272.25827 706.18869 46397.367 -66205.3 5178.18 -71383.4 483.21651
2.21 267.70156 132.95002 46620.282 -66307.1 5091.51 -71398.6 483.40004
2.22 266.96996 280.05154 46454.227 -66046.4 5077.6 -71124 481.86931
2.23 269.02682 320.61493 46450.888 -66102.6 5116.72 -71219.3 484.13252
2.24 270.57813 -95.295615 46532.773 -66276.6 5146.22 -71422.9 486.96474
2.25 265.49824 -570.05875 46873.753 -66027.5 5049.61 -71077.1 487.64527
2.26 269.41224 673.91182 46250.105 -66206.7 5124.05 -71330.7 484.03857
2.27 278.34561 490.60052 46445.995 -65794.6 5293.95 -71088.5 488.80675
2.28 273.44867 26.617644 46556.518 -65939.3 5200.82 -71140.1 494.09895
2.29 270.2269 -210.98506 46848.119 -66202.1 5139.54 -71341.6 497.64305
2.3 268.87124 534.24035 46306.143 -66087 5113.76 -71200.8 495.8571
2.31 266.2751 -206.98165 46866.962 -65967.5 5064.38 -71031.9 500.71354
2.32 272.3263 142.36666 46793.676 -65624 5179.47 -70803.5 501.30904
2.33 270.34281 49.993194 46590.404 -65726.8 5141.75 -70868.5 504.44612
2.34 272.4143 211.92163 46544.877 -65918.6 5181.14 -71099.8 503.74823
2.35 269.67874 -883.00639 47154.667 -65935.2 5129.12 -71064.3 509.31092
2.36 264.7471 416.77426 46442.426 -66158.2 5035.32 -71193.6 504.33695
2.37 275.86396 683.48813 46419.263 -65853.8 5246.76 -71100.6 508.28835
2.38 259.38681 -322.10716 46774.029 -65875.1 4933.37 -70808.5 512.55405
2.39 270.26775 185.46627 46464.324 -65565.9 5140.32 -70706.2 512.42575
2.4 269.21293 373.07739 46344.612 -66043.4 5120.26 -71163.7 512.2909
2.41 267.16948 -3.1853696 46547.307 -66021.7 5081.39 -71103.1 513.71579
2.42 267.47407 -372.78112 46733.758 -66415.3 5087.18 -71502.5 515.39543
2.43 269.60742 321.47103 46333.766 -66111.9 5127.76 -71239.7 514.06311
2.44 272.53372 -147.34277 46633.464 -66450.2 5183.42 -71633.6 516.13221
2.45 277.75348 434.3686 46528.16 -66282 5282.69 -71564.7 514.64752
2.46 269.23907 -221.9793 46822.753 -66611 5120.75 -71731.8 516.42729
2.47 275.28396 52.895507 46522.671 -66385.1 5235.72 -71620.9 513.11557
2.48 264.49552 -111.90135 46557.565 -66431 5030.53 -71461.5 513.02327
2.49 268.20586 -427.89877 47000.358 -65999.5 5101.1 -71100.6 516.51878
2.5 264.59997 -247.63581 46738.609 -66321.9 5032.52 -71354.4 516.16353
2.51 265.6612 -112.1951 46662.171 -66008.3 5052.71 -71061 518.1305
2.52 271.74083 -333.39642 46912.575 -65847.7 5168.34 -71016 522.54104
2.53 278.97419 605.13518 46364.266 -65933.5 5305.91 -71239.4 519.25491
2.54 260.37862 -512.58124 46893.19 -66214.7 4952.23 -71166.9 525.35479
2.55 272.98779 -162.72614 46788.338 -66289.9 5192.05 -71482 525.27931
2.56 255.89769 -529.28524 46935.907 -66540.5 4867.01 -71407.5 528.88689
2.57 267.59824 138.94123 46391.582 -66023 5089.55 -71112.5 528.70088
2.58 265.53803 369.68998 46241.973 -66496.2 5050.36 -71546.5 531.60559
2.59 280.27077 345.89397 46356.568 -66325.6 5330.57 -71656.2 532.08398
2.6 270.50089 577.25994 46321.407 -66549 5144.75 -71693.7 532.60906
2.61 263.79011 -481.04617 46916.671 -66305.7 5017.12 -71322.8 538.84821
2.62 271.7861 -34.751396 46576.08 -65930.2 5169.2 -71099.4 535.83385
2.63 269.68484 -649.57923 47158.608 -66063.9 5129.23 -71193.2 540.17101
2.64 262.0574 -578.14476 46846.34 -66440.1 4984.16 -71424.3 540.14848
2.65 270.7176 -76.889919 46565.54 -66078.2 5148.87 -71227.1 539.63391
2.66 272.31992 713.25584 46263.874 -66173.6 5179.35 -71352.9 542.04628
2.67 264.77762 -92.798611 46419.69 -66343.3 5035.9 -71379.2 541.894
2.68 266.87645 -426.65874 46871.306 -66069.7 5075.82 -71145.5 548.71109
2.69 266.38649 -335.48668 46729.938 -66273.2 5066.5 -71339.7 548.78361
2.7 278.67885 512.39058 46496.983 -65802 5300.29 -71102.3 551.4295
2.71 268.4514 -399.73228 46720.258 -66083.5 5105.77 -71189.3 553.10241
2.72 269.29809 -321.0056 46845.03 -65940 5121.88 -71061.9 554.85055
2.73 270.00187 246.83298 46422.62 -66104.1 5135.26 -71239.3 554.69872
2.74 270.27114 573.0197 46264.859 -65900.3 5140.38 -71040.7 556.108
2.75 275.44461 619.19005 46162.83 -65751.5 5238.78 -70990.3 559.41241
2.76 270.28199 670.51582 46150.506 -66018.2 5140.59 -71158.8 561.78971
2.77 266.0873 -286.87652 46732.56 -65988.1 5060.81 -71048.9 567.14666
2.78 269.42256 787.41976 46209.237 -65822.3 5124.24 -70946.6 566.35253
2.79 268.02479 -106.43709 46558.756 -65921.9 5097.66 -71019.5 571.1156
2.8 259.87796 202.72427 46417.773 -66010.2 4942.71 -70952.9 575.12614
2.81 274.30347 -445.33374 46935.393 -65634.2 5217.08 -70851.3 580.11911
2.82 252.54472 -654.68033 47009.008 -66154.4 4803.24 -70957.6 580.53341
2.83 263.20467 -234.01627 46686.875 -65910.9 5005.98 -70916.9 582.47295
2.84 265.70811 37.087995 46585.426 -66047.5 5053.6 -71101.1 587.07712
2.85 266.86045 -42.668321 46720.629 -66003.3 5075.51 -71078.8 591.83854
2.86 264.1741 -178.15196 46555.185 -66326.6 5024.42 -71351 592.44503
2.87 269.34999 648.91309 46272.468 -66449.8 5122.86 -71572.6 588.85783
2.88 268.56727 37.57151 46601.118 -66193.6 5107.98 -71301.5 592.87231
2.89 266.40889 -508.87914 46806.003 -66067.7 5066.93 -71134.6 595.50287
2.9 273.19237 652.02837 46350.592 -66186.4 5195.94 -71382.4 593.59844
2.91 264.44961 219.73332 46483.604 -66228.1 5029.66 -71257.7 597.50457
2.92 264.53732 -71.370823 46689.569 -65999 5031.33 -71030.3 599.39242
2.93 260.41118 -129.49819 46854.885 -65942.9 4952.85 -70895.8 599.69062
2.94 265.74099 232.48168 46459.814 -66097.8 5054.22 -71152 595.34775
2.95 265.82974 -740.69576 46925.162 -65646.7 5055.91 -70702.6 604.83151
2.96 266.84749 28.31792 46635.357 -65667 5075.27 -70742.3 605.75169
2.97 271.32298 -149.85436 46599.697 -65920.7 5160.39 -71081 610.18761
2.98 277.46159 439.3627 46279.373 -65505.4 5277.14 -70782.5 608.40793
2.99 278.9299 197.76274 46504.73 -66060.5 5305.07 -71365.5 611.86259
3 272.60171 -164.62254 46617.019 -66211.4 5184.71 -71396.1 616.59462
3.01 259.06171 672.90456 46211.682 -66624.4 4927.19 -71551.6 612.98732
3.02 271.24432 -712.57724 46976.648 -66128 5158.89 -71286.9 620.72999
3.03 265.28033 -345.12379 46763.048 -66292.5 5045.46 -71337.9 619.30171
3.04 274.44716 -288.12218 46629.057 -66088.6 5219.81 -71308.4 619.44734
3.05 257.42235 -1.23321 46456.893 -66137 4896.01 -71033.1 619.48591
3.06 268.5604 -504.79013 46853.439 -65767.5 5107.85 -70875.3 624.18051
3.07 262.92763 70.259061 46483.179 -66179.8 5000.71 -71180.5 619.40295
3.08 274.24703 417.1571 46420.83 -65973.6 5216 -71189.6 620.2491
3.09 271.63928 247.61232 46562.469 -65872.1 5166.4 -71038.5 624.55537
3.1 269.63024 -99.419802 46543.687 -66209.4 5128.19 -71337.6 625.33118
3.11 264.52252 104.70445 46439.005 -66044.2 5031.05 -71075.3 624.87242
3.12 270.21927 732.32949 46116.137 -66154.3 5139.4 -71293.7 621.95544
3.13 273.21569 74.454696 46721.968 -66137.6 5196.39 -71334 628.66282
3.14 268.1757 -421.72195 46902.44 -66393.8 5100.53 -71494.4 629.85545
3.15 271.36794 631.49439 46279.922 -66205.3 5161.24 -71366.5 625.10654
3.16 272.36388 333.91648 46399.015 -66388.2 5180.19 -71568.4 627.40396
3.17 266.68541 135.40403 46572.726 -66595.1 5072.18 -71667.3 629.17705
3.18 264.12827 289.17083 46502.115 -66462 5023.55 -71485.5 628.70402
3.19 262.87214 -421.02008 46745.929 -66358.2 4999.66 -71357.9 633.04258
3.2 263.62074 -144.65196 46685.113 -66163.5 5013.9 -71177.4 635.12112
3.21 261.77676 -278.32129 46998.744 -66440.7 4978.83 -71419.6 639.71061
3.22 279.16165 202.45626 46574.039 -66048.6 5309.48 -71358.1 637.18269
3.23 269.60452 278.64622 46435.723 -66199.4 5127.7 -71327.1 633.63657
3.24 259.87208 -173.35701 46774.026 -66203.7 4942.6 -71146.3 635.55004
3.25 281.15555 847.60531 46140.74 -65971.3 5347.4 -71318.7 632.79543
3.26 271.04682 -575.18652 46976.873 -65778.5 5155.14 -70933.6 641.71766
3.27 261.51485 -419.71565 46611.054 -65490.6 4973.84 -70464.4 640.70137
3.28 265.88 381.73467 46359.916 -65741.9 5056.87 -70798.7 638.0192
3.29 272.37448 -258.57977 46798.889 -65738.1 5180.39 -70918.5 642.01107
3.3 267.97653 375.8179 46492.55 -65583.8 5096.74 -70680.6 642.08197
3.31 271.97884 -694.87987 46876.807 -66163.2 5172.86 -71336.1 647.7917
3.32 263.19439 -195.06179 46840.582 -65964.4 5005.79 -70970.2 651.21295
3.33 274.07018 -482.45302 46889.358 -66200.5 5212.64 -71413.2 650.66299
3.34 264.76799 -238.96541 46904.425 -65782.5 5035.72 -70818.2 652.51899
3.35 281.77648 398.79745 46320.359 -65534.4 5359.21 -70893.6 648.05123
3.36 256.7348 95.157072 46396.181 -65947.9 4882.93 -70830.9 653.70965
3.37 266.77962 58.835398 46556.997 -65528.9 5073.98 -70602.9 662.96993
3.38 263.95915 -321.27116 46733.737 -65712.8 5020.33 -70733.1 671.8536
3.39 277.35669 655.42821 46169.447 -65753.6 5275.15 -71028.7 668.15469
3.4 271.0563 -160.59043 46598.899 -66070 5155.32 -71225.3 672.43261
3.41 267.19069 -290.45107 46798.387 -65823.2 5081.79 -70905 677.73451
3.42 272.92778 510.76094 46119.571 -66045.9 5190.91 -71236.8 672.64954
3.43 257.34968 -855.26244 46990.495 -66217.7 4894.63 -71112.3 679.35885
3.44 270.30818 653.39496 46303.258 -65797.1 5141.09 -70938.2 674.94489
3.45 260.92105 -587.16077 46795.343 -66117.7 4962.55 -71080.3 681.10068
3.46 274.6214 -147.43615 46695.007 -65479.3 5223.12 -70702.4 686.12886
3.47 265.14772 -378.71854 46699.399 -65940.4 5042.94 -70983.4 691.39081
3.48 280.33998 72.803375 46521.867 -65691.2 5331.89 -71023.1 690.90582
3.49 268.70315 575.62365 46274.389 -65729.7 5110.56 -70840.3 690.67954
3.5 271.93251 709.64677 46312.726 -65900.3 5171.98 -71072.3 692.12903
3.51 256.44339 122.30575 46376.432 -66330.2 4877.39 -71207.6 697.64161
3.52 265.19508 269.975 46458.339 -65831.4 5043.84 -70875.3 699.76434
3.53 269.11904 273.84496 46409.588 -66030.6 5118.47 -71149 701.53083
3.54 275.28002 -266.32568 46860.474 -65887.5 5235.65 -71123.2 708.56311
3.55 262.77118 -176.00886 46744.354 -66040.3 4997.74 -71038.1 709.65084
3.56 270.62618 300.56824 46457.904 -65885.9 5147.14 -71033 703.91885
3.57 271.08081 -598.48491 46830.737 -66061.1 5155.78 -71216.8 708.74597
3.58 273.73635 -136.99352 46630.599 -65808.3 5206.29 -71014.6 708.83197
3.59 259.27362 -482.62178 46792.555 -65921.5 4931.22 -70852.7 710.6052
3.6 270.57184 -12.89627 46349.444 -65686.9 5146.1 -70833 710.50075
3.61 272.66513 -198.88271 46641.88 -65943.7 5185.92 -71129.6 715.79842
3.62 261.92634 227.02666 46335.355 -65854.1 4981.67 -70835.8 716.14826
3.63 266.19835 -249.98137 46804.668 -65710.5 5062.92 -70773.4 723.63178
3.64 270.63987 -322.60159 46772.278 -65844.3 5147.4 -70991.7 724.21809
3.65 269.82293 -410.94537 46896.516 -65778.1 5131.86 -70909.9 727.82629
3.66 268.74216 94.895984 46542.386 -66052.3 5111.3 -71163.6 727.37855
3.67 266.00485 -687.52093 47067.446 -66484.5 5059.24 -71543.7 735.10334
3.68 269.65256 -264.67344 46799.136 -66162.7 5128.62 -71291.3 730.16322
3.69 256.28093 351.43849 46397.857 -66494.7 4874.3 -71369 724.84496
3.7 278.7374 128.85741 46689.118 -66150.5 5301.41 -71452 730.83218
3.71 266.27002 54.990504 46656.725 -66274.4 5064.28 -71338.7 729.96049
3.72 262.23414 -223.35482 46802.582 -66317.7 4987.52 -71305.2 733.70251
3.73 277.42459 828.29452 46167.935 -66034.8 5276.44 -71311.2 729.99289
3.74 276.00478 414.42618 46442.869 -65832.9 5249.43 -71082.3 734.38995
3.75 266.88538 -404.60456 46918.588 -66292.4 5075.99 -71368.4 740.14638
3.76 277.13218 -138.4473 46786.085 -65979 5270.88 -71249.8 742.10988
3.77 262.97677 -315.41062 46839.69 -66398 5001.65 -71399.7 745.05503
3.78 271.03155 115.03149 46593.427 -65958.2 5154.85 -71113 743.95197
3.79 265.89132 -217.35124 46686.351 -66165.6 5057.08 -71222.7 746.52753
3.8 275.29284 812.6609 46185.941 -65777.4 5235.89 -71013.3 743.12653
3.81 263.52239 3.4713877 46381.772 -66443.5 5012.03 -71455.5 747.37462
3.82 268.09939 -47.44549 46550.791 -66023.5 5099.08 -71122.6 753.21743
3.83 271.29408 90.313307 46477.981 -66199 5159.84 -71358.8 752.57741
3.84 259.50805 245.62094 46434.831 -66438 4935.68 -71373.7 754.94961
3.85 268.28175 -226.20523 46733.321 -66063.5 5102.55 -71166.1 760.48135
3.86 274.62954 411.7211 46403.311 -65789.8 5223.28 -71013.1 757.40396
3.87 266.65134 20.280751 46665.141 -66295.9 5071.54 -71367.4 759.36088
3.88 266.06012 -913.42091 47044.328 -66233.7 5060.29 -71293.9 761.3527
3.89 266.27549 -62.313792 46659.672 -66266.9 5064.39 -71331.3 758.25138
3.9 260.72456 -643.97175 46969.378 -66487 4958.81 -71445.8 759.44226
3.91 265.06844 -485.38745 46791.813 -66408.4 5041.43 -71449.9 762.51918
3.92 257.86906 -263.5887 46678.033 -66608.6 4904.5 -71513.1 757.84046
3.93 264.59004 308.05259 46525.693 -66257.7 5032.33 -71290 758.19575
3.94 272.42297 301.58012 46405.071 -66308.9 5181.31 -71490.2 760.31558
3.95 260.46739 409.20304 46398.929 -66434.8 4953.92 -71388.8 762.69885
3.96 261.80094 -195.14725 46818.041 -66515.2 4979.29 -71494.5 765.74349
3.97 268.76126 -786.59655 47110.756 -65909.5 5111.67 -71021.1 770.52022
3.98 274.7453 371.31874 46325.887 -66090.6 5225.48 -71316.1 764.52318
3.99 260.48347 -251.27342 46854.16 -66104.8 4954.23 -71059 771.63391
4 264.70039 -113.13603 46643.182 -66140.3 5034.43 -71174.8 772.34579
4.01 268.68125 -344.28588 46682.567 -66123.1 5110.14 -71233.3 775.00039
4.02 269.36958 151.43304 46590.616 -66021.4 5123.24 -71144.7 776.91228
4.03 268.32574 -385.50538 46869.337 -66359.1 5103.38 -71462.5 779.94208
4.04 258.20989 313.02547 46426.451 -66332.1 4910.99 -71243.1 775.70413
4.05 273.54427 18.518173 46578.264 -65784.8 5202.64 -70987.5 777.59453
4.06 260.9236 63.619459 46846.431 -66184.7 4962.6 -71147.2 784.07894
4.07 269.4428 -471.89927 46836.861 -66313.1 5124.63 -71437.7 787.54479
4.08 269.14449 213.41258 46516.507 -66140.4 5118.95 -71259.4 782.68662
4.09 266.36829 -192.90162 46695.655 -66049.9 5066.15 -71116 786.22027
4.1 272.76617 315.53271 46529.676 -65819.8 5187.84 -71007.7 787.52107
4.11 271.25392 475.29921 46303.863 -66116.7 5159.07 -71275.8 787.96858
4.12 259.11694 -105.18092 46638.328 -66863.3 4928.24 -71791.5 791.49052
4.13 266.21844 184.49879 46621.296 -66161.6 5063.3 -71224.9 792.69432
4.14 275.01028 72.608065 46540.941 -66305.4 5230.52 -71535.9 793.52523
4.15 273.1714 -508.33061 46835.786 -65886.2 5195.54 -71081.7 794.37011
4.16 262.15755 -91.13725 46637.435 -66054 4986.07 -71040.1 792.33206
4.17 264.37324 -158.97342 46579.643 -66249.3 5028.21 -71277.5 794.00862
4.18 267.83449 168.30706 46490.989 -66478.1 5094.04 -71572.1 793.58646
4.19 280.40668 157.37688 46553.43 -66199.7 5333.15 -71532.9 795.76504
4.2 260.78427 31.305942 46764.241 -66446.5 4959.95 -71406.5 796.47913
4.21 273.75479 -140.0634 46922.747 -66190.3 5206.64 -71396.9 800.10573
4.22 272.28804 590.4727 46321.81 -66353.7 5178.74 -71532.5 793.22189
4.23 267.6582 -523.88455 47075.717 -66323.6 5090.69 -71414.3 802.57144
4.24 275.62983 129.98146 46727.661 -66141.8 5242.3 -71384.1 800.9604
4.25 276.18679 190.59344 46429.135 -65845.9 5252.89 -71098.7 797.8697
4.26 271.69263 -80.330693 46659.801 -66142.1 5167.42 -71309.5 800.35082
4.27 279.81189 -624.15344 46944.047 -65676.4 5321.84 -70998.2 803.32737
4.28 265.101 -559.9219 46833.22 -66082.5 5042.05 -71124.5 803.99044
4.29 264.93213 -227.53073 46750.058 -66227.2 5038.84 -71266 803.4973
4.3 277.64254 600.86605 46298.925 -66153.6 5280.58 -71434.2 803.5131
4.31 266.73978 448.11499 46356.952 -66529.8 5073.22 -71603 808.00301
4.32 261.95838 214.00618 46504.175 -66048.4 4982.28 -71030.7 811.64298
4.33 271.30067 -434.4304 46859.682 -65821.8 5159.96 -70981.7 817.28233
4.34 269.91858 609.87742 46310.32 -66004 5133.68 -71137.7 817.87393
4.35 262.10781 -298.82334 46856.808 -66446.9 4985.12 -71432 826.94117
4.36 267.14282 234.1633 46409.373 -66179.9 5080.88 -71260.8 821.40284
4.37 264.96351 240.16552 46504.56 -66070.1 5039.44 -71109.5 816.99643
4.38 264.79416 -237.80201 46854.121 -65972.5 5036.21 -71008.7 822.47745
4.39 272.86193 352.64485 46504.889 -66299.1 5189.66 -71488.7 821.67618
4.4 259.98787 60.69208 46691.369 -66247.2 4944.8 -71192 822.31711
4.41 271.82842 455.71977 46267.442 -66150.8 5170 -71320.8 822.06418
4.42 275.00587 394.18195 46344.821 -66077.7 5230.43 -71308.1 825.19152
4.43 271.12086 -359.42394 46794.584 -65940.7 5156.54 -71097.2 833.32222
4.44 269.24188 -625.77547 46906.435 -65650.4 5120.81 -70771.3 833.71283
4.45 264.71379 -369.69648 46727.066 -66032.5 5034.69 -71067.2 833.10171
4.46 271.47645 -444.06413 47091.093 -65713.2 5163.31 -70876.5 833.15832
4.47 269.85301 250.17903 46502.431 -66067 5132.43 -71199.4 826.62445
4.48 267.91914 573.04918 46351.108 -66321.1 5095.65 -71416.7 825.82461
4.49 268.26822 -106.26957 46482.132 -66450.1 5102.29 -71552.4 828.18392
4.5 277.18446 -521.66917 47050.89 -66308.8 5271.87 -71580.7 834.05946
4.51 270.97028 -451.56288 46896.887 -66479.1 5153.68 -71632.8 835.54056
4.52 277.90669 -223.88785 46849.085 -66129.7 5285.61 -71415.4 835.95415
4.53 270.7013 173.2634 46677.494 -66244.7 5148.56 -71393.3 836.58654
4.54 263.89766 -433.31725 46896.824 -66538.1 5019.16 -71557.3 841.29209
4.55 259.20213 -172.41555 46696.25 -66268.9 4929.86 -71198.7 840.34676
4.56 262.33116 -379.52584 46784.21 -66726.5 4989.37 -71715.8 844.12841
4.57 266.25159 870.3449 46240.106 -66373.7 5063.93 -71437.7 844.6326
4.58 263.04527 568.94165 46305.777 -66188 5002.95 -71190.9 844.66271
4.59 261.68255 -515.78532 46923.084 -66106 4977.03 -71083 851.72257
4.6 267.91119 549.26982 46228.471 -66338.3 5095.5 -71433.8 849.47637
4.61 262.24199 440.25833 46485.313 -66195.9 4987.67 -71183.6 853.79349
4.62 266.34244 301.55416 46411.94 -66572.7 5065.66 -71638.4 855.84945
4.63 260.4312 322.15787 46504.122 -66628.6 4953.23 -71581.8 861.56121
4.64 273.03811 53.6899 46679.056 -66566.3 5193.01 -71759.3 863.3189
4.65 267.15082 -50.207676 46777.014 -66462.6 5081.04 -71543.6 864.46112
4.66 265.29728 155.19656 46585.099 -66533.2 5045.78 -71579 864.71759
4.67 277.77124 -24.167074 46707.48 -66455 5283.03 -71738.1 866.40804
4.68 258.49194 -169.31175 46740.632 -66598.7 4916.35 -71515 864.2386
4.69 270.85458 -348.24947 46820.41 -66139.2 5151.48 -71290.7 868.34423
4.7 259.91039 -337.73409 46810.226 -66808.5 4943.33 -71751.9 868.44327
4.71 270.24895 -61.119839 46689.118 -66325.1 5139.96 -71465.1 867.55484
4.72 268.29095 -671.95138 46812.744 -66040.8 5102.72 -71143.5 873.28379
4.73 272.34619 778.97987 46204.238 -66148 5179.85 -71327.8 869.44354
4.74 266.45674 -199.60376 46680.241 -66212.1 5067.84 -71279.9 878.419
4.75 263.91163 -44.427206 46565.541 -65968.9 5019.43 -70988.3 875.91982
4.76 258.8417 313.55205 46587.61 -66438.8 4923 -71361.8 880.7793
4.77 263.87833 281.24596 46410.499 -65900.6 5018.8 -70919.4 880.31207
4.78 268.52429 776.73592 46293.421 -65976.1 5107.16 -71083.3 882.98927
4.79 258.95723 -424.3428 46788.642 -65977.9 4925.2 -70903.1 889.50662
4.8 271.83572 -526.46942 47008.575 -65768 5170.14 -70938.1 892.54521
4.81 271.02197 942.57857 46108.397 -65846.1 5154.66 -71000.8 882.37733
4.82 266.01377 246.26481 46554.195 -66021.9 5059.41 -71081.3 889.59637
4.83 271.52347 233.53993 46475.65 -65739.1 5164.2 -70903.3 889.80835
4.84 269.99086 -256.41271 46851.786 -66174.9 5135.05 -71310 892.67452
4.85 263.83878 -649.28779 46976.336 -66366.7 5018.04 -71384.7 895.49685
4.86 269.49998 -246.87346 46805.35 -66126.1 5125.72 -71251.8 894.32608
4.87 262.52333 -96.927695 46628.547 -66157.6 4993.02 -71150.6 895.69974
4.88 268.7376 83.290958 46524.011 -66046.3 5111.22 -71157.5 894.56357
4.89 273.26099 -87.852895 46613.391 -66192.4 5197.25 -71389.7 895.74254
4.9 271.78048 -260.88919 46778.347 -65862.3 5169.09 -71031.3 898.73558
4.91 273.29709 83.153521 46585.44 -65877.3 5197.93 -71075.3 901.94741
4.92 262.07862 198.51438 46624.958 -65974.9 4984.57 -70959.4 902.86187
4.93 269.25315 -590.79206 46791.901 -65572.3 5121.02 -70693.3 907.3294
4.94 277.37495 282.60808 46408.366 -65612.8 5275.49 -70888.3 902.59504
4.95 270.49313 -153.04965 46735.516 -65697.8 5144.61 -70842.4 909.02722
4.96 269.47258 385.01868 46319.401 -65584.1 5125.19 -70709.3 906.87432
4.97 266.556 -267.99992 46555.073 -66180.7 5069.72 -71250.4 911.66353
4.98 266.36837 -211.00276 46663.767 -65761 5066.15 -70827.2 914.9943
4.99 272.28053 428.64357 46349.607 -65847 5178.6 -71025.6 911.59748
5 268.20929 642.33294 46290.067 -65713 5101.17 -70814.1 909.77474
5.01 259.3207 140.60602 46430.106 -66196.6 4932.11 -71128.7 914.7159
5.02 259.13672 310.82281 46389.752 -66125.5 4928.61 -71054.1 915.89084
5.03 269.62648 637.3333 46104.056 -65622 5128.12 -70750.2 913.19418
5.04 269.96973 187.74153 46644.185 -65953 5134.65 -71087.6 921.63752
5.05 279.90917 -336.25384 46903.03 -65834.9 5323.69 -71158.6 926.35353
5.06 262.46709 -182.62028 46498.482 -66380.4 4991.96 -71372.4 920.37781
5.07 269.11693 -716.35332 46873.841 -65898.1 5118.43 -71016.6 929.78767
5.08 270.66424 -378.13582 47020.034 -66103.5 5147.86 -71251.3 934.14299
5.09 266.28605 -775.68804 47020.775 -66247.6 5064.59 -71312.2 934.40543
5.1 266.32799 -226.64378 46819.097 -66297.5 5065.39 -71362.9 933.82207
5.11 265.34623 -221.93207 46824.058 -66312.3 5046.71 -71359 935.02712
5.12 263.77276 -407.03783 46952.343 -66201 5016.79 -71217.8 939.49494
5.13 271.66671 -34.248901 46621.414 -66219 5166.93 -71385.9 935.36016
5.14 265.62404 468.26097 46451.545 -66239.4 5052 -71291.4 933.13762
5.15 265.90169 328.75598 46564.315 -66200.9 5057.28 -71258.2 939.23998
5.16 273.5417 483.83849 46207.451 -65990.3 5202.59 -71192.9 940.38415
5.17 265.93551 -528.97471 46851.17 -66180 5057.92 -71237.9 951.3207
5.18 276.25711 663.55216 46255.591 -65962.9 5254.23 -71217.1 943.85257
5.19 266.72783 -621.92913 46750.698 -66156.1 5072.99 -71229 949.35921
5.2 269.01896 -73.928002 46649.593 -66595.5 5116.57 -71712.1 949.41487
5.21 260.97268 -225.10872 46602.204 -66332 4963.53 -71295.5 950.11404
5.22 271.78694 162.74402 46639.148 -66185.9 5169.21 -71355.1 951.83604
5.23 266.81739 380.48572 46555.241 -66455.1 5074.69 -71529.8 952.7767
5.24 264.0504 1.7357277 46646.012 -66352.5 5022.07 -71374.6 952.74492
5.25 268.90137 -765.72962 47254.085 -66289.2 5114.33 -71403.5 958.71672
5.26 277.78723 -12.522791 46597.917 -66404.5 5283.33 -71687.8 949.08554
5.27 270.92166 407.02042 46337.5 -66134.6 5152.76 -71287.4 947.99221
5.28 273.04112 89.232713 46589.476 -66087.6 5193.07 -71280.6 952.06984
5.29 268.19151 -30.816425 46558.265 -66326.5 5100.83 -71427.4 952.62985
5.3 274.10033 -325.7795 46906.754 -66303.7 5213.21 -71516.9 957.35299
5.31 268.04737 -375.26759 46872.948 -66740.7 5098.09 -71838.8 957.85905
5.32 266.20256 -226.01948 46854.619 -66298.5 5063 -71361.5 957.93421
5.33 263.65278 163.25965 46781.513 -66410.8 5014.51 -71425.3 957.78658
5.34 272.66725 -459.87502 47015.584 -66139.8 5185.96 -71325.8 963.61092
5.35 270.358 618.79 46126.618 -65868.5 5142.04 -71010.5 957.39823
5.36 268.60986 -859.49694 46913.875 -66190 5108.79 -71298.8 972.37541
5.37 262.24003 -533.03117 46910.658 -66407.1 4987.64 -71394.7 973.86793
5.38 259.81006 -37.799134 46759.494 -65938.2 4941.42 -70879.7 971.27062
5.39 272.0226 -687.61139 46896.697 -65918.5 5173.7 -71092.2 977.79516
5.4 266.49181 478.49773 46228.159 -66195 5068.5 -71263.5 966.89265
5.41 262.2013 729.17614 46154.942 -65881.8 4986.9 -70868.7 966.56625
5.42 254.74521 131.82355 46407.926 -66349.8 4845.09 -71194.9 975.15057
5.43 268.63355 742.0392 46141.963 -65922.9 5109.24 -71032.2 972.74067
5.44 255.77644 70.311359 46393.137 -66310.9 4864.7 -71175.6 976.40933
5.45 266.70823 -359.90017 47030.856 -66274.6 5072.62 -71347.2 984.11071
5.46 269.99149 -36.267824 46667.091 -66436.3 5135.06 -71571.4 979.20851
5.47 265.15194 -34.234318 46615.131 -66245.1 5043.02 -71288.1 976.45462
5.48 263.28846 117.37536 46443.687 -66465.9 5007.58 -71473.5 975.14516
5.49 269.18402 175.98746 46497.021 -66095.8 5119.71 -71215.5 973.21385
5.5 276.73749 830.61474 46265.986 -65913.4 5263.37 -71176.8 970.55365
5.51 267.40315 565.79309 46328.912 -66175.6 5085.84 -71261.4 972.48456
5.52 275.04279 -230.50327 46843.222 -66099.4 5231.14 -71330.5 982.01956
5.53 265.5884 -371.01578 46632.199 -66242.4 5051.32 -71293.7 976.83791
5.54 266.30787 279.42477 46764.963 -66230.7 5065 -71295.8 983.36953
5.55 268.25598 858.79172 46192.374 -66323.7 5102.06 -71425.8 977.83383
5.56 264.43503 146.27503 46461.068 -66332.9 5029.38 -71362.2 982.18108
5.57 263.95216 714.84732 46288.421 -65998.2 5020.2 -71018.4 982.65075
5.58 263.27823 390.19919 46432.676 -66335.8 5007.38 -71343.2 984.73912
5.59 273.12049 -324.86508 46733.99 -66127 5194.58 -71321.6 988.87828
5.6 266.85982 611.04331 46241.924 -66469.2 5075.5 -71544.7 986.55527
5.61 274.015 198.25807 46580.176 -66253.1 5211.59 -71464.7 990.88168
5.62 270.14259 -81.546618 46708.848 -66638.8 5137.94 -71776.7 991.5763
5.63 269.55501 -693.70386 47074.541 -66693.3 5126.76 -71820.1 996.39685
5.64 267.37187 130.7404 46624.607 -66643.9 5085.24 -71729.1 989.01732
5.65 271.6678 162.35058 46768.749 -66015.1 5166.95 -71182 992.17481
5.66 266.86577 -268.04968 46841.979 -66517.5 5075.62 -71593.1 994.50579
5.67 265.40346 -236.24455 46785.827 -66150.3 5047.8 -71198.1 999.51884
5.68 269.39363 -228.18682 46642.484 -65906.8 5123.69 -71030.5 998.57013
5.69 277.1359 -447.03627 46861.289 -66202 5270.95 -71473 1006.1247
5.7 270.37771 -104.63747 46932.985 -66206.7 5142.41 -71349.1 1007.853
5.71 282.38784 500.91671 46316.205 -66064.9 5370.84 -71435.7 999.27718
5.72 267.72229 -51.242574 46763.499 -66103.2 5091.91 -71195.1 1003.7376
5.73 269.13594 64.986912 46521.176 -66504 5118.79 -71622.8 1005.6286
5.74 265.65781 -153.80767 46814.29 -66340.6 5052.64 -71393.2 1008.3418
5.75 266.06874 642.38209 46311.816 -66509.5 5060.46 -71570 1005.7787
5.76 266.85399 -269.28344 46699.818 -66394.7 5075.39 -71470.1 1013.9844
5.77 270.44364 -117.59546 46732.964 -66167.5 5143.66 -71311.2 1016.4189
5.78 272.36909 548.94388 46310.627 -66150.1 5180.28 -71330.4 1015.8553
5.79 264.76696 425.72021 46412.139 -66569.2 5035.7 -71604.9 1018.8863
5.8 272.8063 -133.45265 46682.299 -66294.7 5188.6 -71483.3 1022.1458
5.81 262.09778 -398.17813 46935.825 -66599.4 4984.93 -71584.3 1030.2538
5.82 270.75251 -374.99531 46893.66 -66540.3 5149.54 -71689.9 1026.5705
5.83 276.21136 172.22816 46513.507 -66189.4 5253.36 -71442.7 1023.6094
5.84 266.51306 672.95917 46125.731 -65713.1 5068.91 -70782 1022.1421
5.85 260.8793 -35.79894 46607.372 -66026.5 4961.76 -70988.2 1030.458
5.86 265.75482 542.64333 46344.952 -65962.3 5054.49 -71016.8 1028.7455
5.87 272.68736 748.47474 46141.837 -66211.2 5186.34 -71397.6 1029.4187
5.88 263.07786 -603.66454 46950.722 -65882.5 5003.57 -70886.1 1042.4814
5.89 274.75751 110.63518 46549.335 -65632.4 5225.71 -70858.1 1042.283
5.9 271.46792 -222.579 46735.283 -65715.2 5163.15 -70878.4 1044.2479
5.91 267.89733 311.87025 46104.866 -65761.3 5095.23 -70856.5 1039.3503
5.92 252.38439 566.79859 46352.234 -66425.6 4800.19 -71225.8 1045.8714
5.93 270.70747 -693.56254 46915.536 -65912 5148.68 -71060.7 1054.6334
5.94 267.27472 -188.6222 46578.934 -65652.3 5083.39 -70735.7 1048.3384
5.95 268.5085 521.2791 46346.282 -65870.9 5106.86 -70977.8 1046.8494
5.96 271.31527 -171.21717 46650.709 -65843 5160.24 -71003.2 1055.5748
5.97 272.38809 -488.36111 46942.304 -65791.1 5180.65 -70971.7 1062.1317
5.98 264.14113 -427.79451 46759.131 -65501.9 5023.79 -70525.7 1058.938
5.99 269.19426 537.52071 46236.74 -65700.8 5119.9 -70820.7 1053.1857
6 268.70006 -226.18597 46934.058 -65481.5 5110.5 -70592 1066.9413
6.01 265.48739 405.33502 46405.789 -65890.1 5049.4 -70939.5 1057.1525
6.02 265.7576 369.5241 46408.844 -65840.9 5054.54 -70895.4 1058.6167
6.03 272.81633 128.42397 46426.973 -65439 5188.79 -70627.8 1062.4183
6.04 269.30837 -22.054712 46694.336 -65720.8 5122.07 -70842.8 1067.9567
6.05 265.90379 -535.0119 46956.626 -65725.9 5057.32 -70783.2 1069.7069
6.06 268.86908 9.7016802 46557.273 -65844.9 5113.72 -70958.6 1062.3758
6.07 276.22605 -433.99387 46600.304 -65342.8 5253.64 -70596.5 1065.9654
6.08 266.05875 -584.74927 47005.292 -65802.5 5060.27 -70862.8 1077.5476
6.09 261.93911 280.93026 46440.575 -65917.4 4981.91 -70899.3 1072.1677
6.1 270.4068 -314.36969 46698.777 -65768.2 5142.96 -70911.2 1076.4109
6.11 260.85338 96.749415 46577.613 -65995.2 4961.26 -70956.4 1076.5991
6.12 265.14881 -657.98322 46893.079 -65870 5042.96 -70912.9 1081.6316
6.13 263.30625 265.65041 46571.717 -66177.8 5007.92 -71185.7 1084.3818
6.14 277.19475 -595.56111 46907.085 -65775.5 5272.07 -71047.6 1086.6065
6.15 266.98682 -543.34352 46902.472 -66050.1 5077.92 -71128 1093.0768
6.16 266.1965 173.1299 46708.796 -65899.6 5062.89 -70962.5 1092.3463
6.17 276.76721 55.086512 46555.35 -65650.3 5263.93 -70914.3 1089.5784
6.18 264.47889 -512.1667 46861.841 -65955 5030.22 -70985.2 1094.708
6.19 270.0591 170.86114 46426.414 -65705.7 5136.35 -70842.1 1089.9403
6.2 265.91998 63.894 46609.557 -65950.4 5057.63 -71008 1095.215
6.21 267.93283 10.994227 46486.254 -65592.2 5095.91 -70688.1 1094.4742
6.22 273.20239 -223.45545 46676.332 -65761.5 5196.13 -70957.6 1100.12
6.23 262.2245 83.722203 46652.817 -66210.9 4987.34 -71198.2 1100.5588
6.24 271.95809 -38.692706 46626.328 -66019.1 5172.47 -71191.6 1103.0879
6.25 267.58626 6.9608523 46751.574 -66361 5089.32 -71450.3 1104.9142
6.26 257.92958 -647.21981 47007.138 -66314.2 4905.65 -71219.9 1109.6763
6.27 274.10519 -156.88257 46588.909 -65999.7 5213.3 -71213 1106.3463
6.28 267.21984 28.671314 46416.477 -66081.5 5082.35 -71163.9 1103.276
6.29 273.6542 -294.39582 46507.635 -65959.3 5204.73 -71164 1105.4768
6.3 275.89784 462.23305 46276.216 -65390.2 5247.4 -70637.6 1101.4558
6.31 266.23699 -412.99717 46879.812 -65627.9 5063.66 -70691.6 1110.8585
6.32 258.98913 206.51039 46367.532 -66109.4 4925.81 -71035.2 1099.3112
6.33 278.32479 59.415959 46600.876 -65525.5 5293.56 -70819 1107.155
6.34 262.9893 74.921131 46538.254 -66097.1 5001.89 -71098.9 1112.371
6.35 267.12198 -37.187912 46531.204 -65922.1 5080.49 -71002.6 1116.409
6.36 269.50099 -337.04005 46767.127 -65561.5 5125.74 -70687.2 1120.9082
6.37 274.89776 -24.881724 46540.779 -66052.6 5228.38 -71281 1119.2044
6.38 266.31336 133.94954 46495.67 -66267 5065.11 -71332.1 1119.0481
6.39 272.78023 443.75105 46531.622 -65928.6 5188.1 -71116.7 1115.3951
6.4 263.99633 -23.330335 46657.275 -66028.5 5021.04 -71049.5 1117.2164
6.41 260.20525 20.753028 46639.303 -66233.4 4948.94 -71182.4 1123.0494
6.42 271.41083 -409.55231 46816.308 -65948.1 5162.06 -71110.2 1125.8095
6.43 265.77149 -161.62929 46598.609 -65893 5054.8 -70947.8 1125.2499
6.44 259.4134 319.14901 46348.045 -66096.4 4933.88 -71030.3 1122.2107
6.45 274.91781 745.44991 46286.368 -65691.3 5228.76 -70920.1 1124.7986
6.46 267.06203 -39.690444 46754.075 -66084.4 5079.35 -71163.7 1127.8687
6.47 255.45617 751.91761 46146.477 -66525.2 4858.61 -71383.9 1122.0874
6.48 273.94858 363.68301 46435.713 -65951.2 5210.33 -71161.5 1127.1186
6.49 263.26646 366.59788 46377.422 -66252.2 5007.16 -71259.3 1126.8828
6.5 274.50879 -57.234178 46592.281 -65959.1 5220.98 -71180.1 1134.9067
6.51 273.02632 132.85582 46644.264 -65918.2 5192.78 -71110.9 1137.9441
6.52 265.20098 -486.26885 46924.307 -66445.6 5043.95 -71489.5 1143.2944
6.53 277.28891 92.306529 46838.309 -65828.1 5273.86 -71102 1142.3583
6.54 281.65526 584.96156 46217.424 -65896 5356.9 -71252.9 1138.8032
6.55 266.34447 -172.28989 46898.492 -66058.5 5065.7 -71124.2 1145.2825
6.56 263.05011 -621.23459 47071.877 -66038.3 5003.04 -71041.4 1148.9598
6.57 270.18827 -494.78159 47027.325 -66128.2 5138.81 -71267 1151.6492
6.58 266.72339 -330.42124 46711.845 -66093.1 5072.91 -71166 1150.8371
6.59 260.80611 -198.11641 46852.297 -66086.5 4960.36 -71046.8 1152.7109
6.6 266.86981 489.0856 46540.863 -65789.3 5075.69 -70865 1147.4397
6.61 270.94048 -51.613168 46682.926 -65774.7 5153.11 -70927.8 1152.8757
6.62 262.05774 371.48233 46412.499 -66103 4984.17 -71087.2 1148.2539
6.63 258.26363 -94.276781 46697.209 -66167.2 4912.01 -71079.2 1158.7997
6.64 273.77337 -266.61142 46819.422 -65753.6 5206.99 -70960.6 1162.2279
6.65 259.85232 42.31423 46581.098 -66090.4 4942.22 -71032.6 1159.8952
6.66 267.25769 101.1204 46412.477 -66206.1 5083.07 -71289.1 1158.6266
6.67 261.87634 -954.09605 47108.106 -66059.5 4980.72 -71040.2 1168.5712
6.68 265.31809 -424.25472 46807.187 -66125.4 5046.18 -71171.6 1166.7692
6.69 257.6119 -238.1122 46875.69 -66249.7 4899.61 -71149.3 1170.7738
6.7 272.93642 -575.48115 47120.823 -66098.5 5191.07 -71289.6 1172.2791
6.71 268.02573 -292.32211 46810.452 -66006.6 5097.68 -71104.3 1170.2793
6.72 277.77372 450.31038 46330.013 -66222.8 5283.08 -71505.9 1161.6246
6.73 263.51226 514.17527 46473.51 -66366.7 5011.83 -71378.5 1165.9398
6.74 271.18666 699.24094 46398.516 -66056.7 5157.8 -71214.5 1162.6365
6.75 263.95892 510.42776 46294.421 -66319 5020.33 -71339.3 1161.2211
6.76 267.18064 688.69259 46229.325 -65922.9 5081.6 -71004.5 1162.2377
6.77 266.66778 216.77539 46441.227 -66020.2 5071.85 -71092 1167.9697
6.78 260.29121 410.33894 46459.583 -66207.4 4950.57 -71157.9 1168.2021
6.79 270.51742 -459.85239 46915.524 -65708.3 5145.07 -70853.4 1177.7116
6.8 272.51345 21.04866 46519.367 -66015.2 5183.03 -71198.3 1174.6386
6.81 273.09151 -81.498754 46776.764 -65605.8 5194.02 -70799.9 1181.6495
6.82 266.52285 -549.12842 46774.65 -65441.4 5069.09 -70510.5 1189.0304
6.83 265.7442 285.80879 46400.037 -65576.4 5054.28 -70630.7 1191.6451
6.84 269.08621 156.90148 46453.96 -65429.7 5117.85 -70547.5 1196.6358
6.85 268.39773 -721.54397 46898.658 -65308.4 5104.75 -70413.1 1211.1549
6.86 267.04146 -219.43192 46623.977 -65035.1 5078.96 -70114.1 1214.2457
6.87 272.7912 225.67385 46353.957 -65507.2 5188.31 -70695.5 1216.6324
6.88 278.61148 -347.52342 46574.019 -65295.7 5299.01 -70594.7 1225.4229
6.89 268.56697 -116.49965 46655.592 -65464.9 5107.97 -70572.8 1228.4561
6.9 275.6675 -171.2722 46624.002 -65325.1 5243.02 -70568.1 1226.0601
6.91 257.76854 -443.48394 46818.084 -65614.1 4902.59 -70516.7 1229.3602
6.92 277.2134 776.62119 46288.419 -65284.8 5272.42 -70557.3 1222.2509
6.93 271.97207 81.057948 46416.943 -65543 5172.73 -70715.7 1222.3877
6.94 262.88173 69.852331 46419.542 -66037.2 4999.84 -71037 1224.9214
6.95 260.08879 -455.87956 46853.154 -66211.1 4946.72 -71157.8 1236.7721
6.96 261.93176 -697.72644 47058.324 -65841.7 4981.77 -70823.4 1243.1155
6.97 270.23892 355.1003 46411.573 -65965.5 5139.77 -71105.3 1232.661
6.98 276.30544 -742.05518 46932.282 -65896.6 5255.15 -71151.8 1236.4968
6.99 274.96405 -179.0034 46703.702 -65958.8 5229.64 -71188.5 1232.3392
7 265.52031 283.49461 46605.105 -66244.1 5050.03 -71294.1 1235.6204
7.01 256.15678 600.61833 46095.821 -66026.6 4871.94 -70898.5 1232.4092
7.02 273.97134 536.3033 46192.848 -65762.7 5210.76 -70973.5 1239.0792
7.03 259.97211 188.79993 46507.411 -65986.3 4944.5 -70930.8 1244.7394
7.04 274.25362 648.08235 46261.867 -66059.6 5216.13 -71275.8 1243.5953
7.05 274.08219 482.48001 46521.316 -65971.5 5212.87 -71184.4 1252.5254
7.06 266.33757 -589.56055 46948.094 -66114 5065.57 -71179.6 1261.3248
7.07 277.49295 49.847768 46619.86 -65749.3 5277.74 -71027.1 1254.8236
7.08 263.41321 -16.737021 46578.706 -66249.6 5009.95 -71259.5 1254.5799
7.09 272.7371 690.76996 46186.323 -65892.2 5187.28 -71079.4 1251.9733
7.1 273.99137 520.47241 46395.589 -66117.8 5211.14 -71328.9 1256.0849
7.11 269.00278 64.551437 46616.632 -66289.7 5116.26 -71405.9 1263.9729
7.12 272.06959 -269.91588 46880.739 -65825.4 5174.59 -71000 1268.0903
7.13 273.61041 245.49471 46516.194 -66023.9 5203.89 -71227.8 1264.7313
7.14 268.73629 -444.95534 46774.711 -65626.6 5111.19 -70737.7 1272.3412
7.15 272.76266 252.85226 46426.313 -65614.4 5187.77 -70802.1 1267.6368
7.16 273.94485 -217.71059 46684.338 -65847.7 5210.25 -71057.9 1271.3192
7.17 262.81691 -772.03031 46979.529 -66160.5 4998.61 -71159.1 1279.4781
7.18 265.55103 101.89508 46631.23 -66516.3 5050.61 -71566.9 1276.1992
7.19 270.49356 351.33529 46353.339 -65925.4 5144.61 -71070 1270.2992
7.2 268.6764 468.32564 46677.499 -65822.9 5110.05 -70933 1280.9759
7.21 270.12579 183.11617 46441.171 -66295.9 5137.62 -71433.5 1279.8353
7.22 263.6393 600.43873 46291.486 -66215.7 5014.25 -71229.9 1277.6757
7.23 261.93086 24.997824 46748.869 -66656.3 4981.76 -71638.1 1285.7309
7.24 273.26474 202.8393 46624.571 -66174.4 5197.32 -71371.8 1285.8309
7.25 267.38945 -955.7886 47125.057 -66359 5085.58 -71444.6 1295.0071
7.26 271.45182 113.43508 46554.953 -66146 5162.84 -71308.8 1289.5252
7.27 266.10681 297.93275 46406.779 -66627.8 5061.18 -71689 1285.3718
7.28 269.59321 -235.92068 46821.449 -66504.8 5127.49 -71632.3 1293.177
7.29 271.27775 -30.852364 46704.803 -66152.8 5159.53 -71312.4 1288.9318
7.3 274.39302 -49.824924 46787.733 -66529 5218.78 -71747.8 1294.4698
7.31 272.86949 -53.178324 46703.549 -66389.5 5189.8 -71579.3 1292.2401
7.32 274.56141 -48.960352 46494.579 -65852.2 5221.98 -71074.2 1290.3749
7.33 266.21232 -542.17142 46913.212 -66257.7 5063.19 -71320.9 1300.7996
7.34 264.37857 -173.0202 46741.519 -66086.9 5028.31 -71115.2 1300.0468
7.35 272.55192 189.69286 46446.086 -65932.5 5183.76 -71116.3 1294.0375
7.36 266.9901 656.32425 46165.98 -66197.7 5077.98 -71275.7 1289.509
7.37 263.53695 -170.00522 46771.775 -66371 5012.3 -71383.3 1303.3552
7.38 274.01784 761.80846 46366.329 -66061.4 5211.64 -71273.1 1297.6267
7.39 262.28153 -92.147435 46599.313 -66290.2 4988.43 -71278.6 1305.0147
7.4 267.3995 -79.631147 46426.966 -66139.3 5085.77 -71225.1 1299.2448
7.41 267.34903 -259.06016 46668.562 -66310 5084.81 -71394.8 1298.2901
7.42 264.92565 660.52958 46218.949 -66096 5038.72 -71134.7 1293.305
7.43 275.18531 521.60747 46387.105 -65756.8 5233.85 -70990.6 1298.4358
7.44 259.75804 -299.00549 46602.197 -66164.2 4940.43 -71104.6 1307.2142
7.45 277.91051 740.23991 46291.112 -65963.3 5285.68 -71248.9 1301.8128
7.46 272.13599 363.07153 46306.955 -66256.1 5175.85 -71432 1300.0519
7.47 262.04868 422.00811 46419.65 -66436.3 4984 -71420.3 1303.2474
7.48 265.71782 -167.40762 46780.032 -66127.5 5053.78 -71181.2 1312.0446
7.49 278.45899 -543.67013 46785.53 -65715.5 5296.11 -71011.6 1317.6691
7.5 258.33083 -632.17076 46790.073 -66008 4913.29 -70921.3 1322.7151
7.51 279.69137 -234.6995 46783.266 -65630 5319.55 -70949.5 1323.741
7.52 268.02066 75.344681 46628.247 -66323.6 5097.58 -71421.2 1323.4503
7.53 272.01736 117.36444 46479.622 -66104.6 5173.6 -71278.2 1322.582
7.54 259.59355 -392.35943 46767.721 -66466.1 4937.3 -71403.4 1328.1764
7.55 282.44001 518.75768 46408.085 -66387.7 5371.83 -71759.6 1322.2257
7.56 264.5802 -159.72675 46762.738 -66619.3 5032.15 -71651.5 1328.4663
7.57 272.86847 -277.47323 46883.822 -66480.1 5189.78 -71669.9 1330.562
7.58 267.03037 -64.132592 46627.777 -66697 5078.75 -71775.7 1325.4127
7.59 270.57202 422.06379 46555.335 -66419.4 5146.11 -71565.5 1324.7598
7.6 264.60705 603.7509 46441.218 -66504.6 5032.66 -71537.2 1324.2606
7.61 260.60197 71.719143 46492.176 -66505.9 4956.48 -71462.4 1326.8164
7.62 272.16132 243.91487 46426.979 -66194.5 5176.33 -71370.9 1326.3572
7.63 277.35889 -553.43992 46827.767 -65851.2 5275.19 -71126.4 1335.7437
7.64 269.90959 -318.00747 46715.113 -66038.1 5133.51 -71171.6 1338.1723
7.65 261.09216 98.858789 46672.76 -66424.3 4965.8 -71390.1 1344.5934
7.66 274.47511 272.45123 46440.335 -66065 5220.34 -71285.3 1340.3091
7.67 271.55734 -421.48569 46753.868 -66056.3 5164.85 -71221.1 1346.2942
7.68 266.07838 -620.38825 47022.273 -66420.4 5060.64 -71481 1354.515
7.69 275.24005 -487.54829 46950.342 -66131.1 5234.89 -71366 1355.1282
7.7 265.60904 -611.75834 47011.582 -66514.5 5051.71 -71566.2 1356.4826
7.71 269.51558 12.23401 46612.41 -66083.4 5126.01 -71209.4 1349.8621
7.72 276.95723 -451.71322 46727.006 -65693 5267.55 -70960.5 1353.6207
7.73 271.1029 -136.25625 46802.505 -66203.6 5156.2 -71359.9 1358.4335
7.74 255.08277 -178.26119 46702.778 -66222.8 4851.51 -71074.3 1357.1908
7.75 275.5812 -57.534755 46576.332 -65691.2 5241.38 -70932.6 1361.4219
7.76 264.63648 -156.60547 46667.644 -66204.1 5033.22 -71237.3 1363.7099
7.77 270.15582 201.22471 46524.312 -66041.2 5138.19 -71179.4 1361.6376
7.78 271.08772 -51.928571 46616.435 -66407.4 5155.91 -71563.4 1367.5759
7.79 268.56852 -86.388761 46724.971 -66478.2 5108 -71586.2 1368.7425
7.8 275.0046 56.452714 46562.351 -66350.2 5230.41 -71580.6 1367.8412
7.81 258.54118 -453.85762 46768.329 -66353.9 4917.29 -71271.1 1371.7455
7.82 264.65618 -609.15548 46947.612 -66220.4 5033.59 -71254 1375.3472
7.83 273.44976 286.76432 46507.465 -66566.1 5200.84 -71767 1367.2513
7.84 273.48211 253.22 46569.514 -66401.8 5201.45 -71603.3 1372.8151
7.85 266.10317 -690.62353 46983.256 -66857.4 5061.11 -71918.5 1382.3599
7.86 259.28763 -343.06773 46868.238 -66551.4 4931.48 -71482.9 1382.7113
7.87 265.34001 -391.78953 46871.472 -66586.1 5046.6 -71632.7 1383.7053
7.88 269.79938 -324.71965 46650.744 -66349.5 5131.41 -71480.9 1380.4785
7.89 278.42206 146.26792 46499.984 -66236.2 5295.41 -71531.6 1381.9596
7.9 263.10183 637.6391 46325.254 -66391.6 5004.03 -71395.6 1379.7858
7.91 273.72879 -197.38567 46659.822 -65998.6 5206.15 -71204.8 1385.3822
7.92 265.05906 -589.50742 47042.727 -66283.5 5041.25 -71324.7 1393.8411
7.93 284.9575 531.28765 46394.52 -65797.3 5419.71 -71217 1378.4553
7.94 260.45754 -196.45082 46913.227 -66255.7 4953.74 -71209.4 1391.4268
7.95 262.49374 -421.68911 46941.391 -66335.8 4992.46 -71328.2 1396.9579
7.96 275.32936 781.82737 46318.83 -65918 5236.59 -71154.6 1388.6237
7.97 270.34192 32.223485 46611.763 -65728.4 5141.73 -70870.1 1397.392
7.98 270.48435 307.55663 46500.99 -65391.1 5144.44 -70535.5 1398.3965
7.99 261.36824 137.51292 46317.191 -65600.1 4971.06 -70571.2 1397.4586
8 264.82766 650.93346 46527.51 -65916.8 5036.85 -70953.7 1403.4207
8.01 272.40197 613.90003 46273.94 -65911.8 5180.91 -71092.7 1399.619
8.02 263.55688 -337.19937 46979.053 -66241.7 5012.68 -71254.4 1411.8059
8.03 270.93034 271.47841 46488.947 -66122.9 5152.92 -71275.8 1408.9618
8.04 271.57912 -312.64147 46770.896 -66515.8 5165.26 -71681 1413.3946
8.05 275.41197 -89.040716 46615.23 -66177.1 5238.16 -71415.2 1412.8274
8.06 266.90652 77.288889 46479.796 -66243.2 5076.39 -71319.6 1412.3755
8.07 272.30708 -261.73482 46790.99 -65984.2 5179.11 -71163.3 1415.1155
8.08 257.51731 -57.805608 46579.93 -66341.6 4897.81 -71239.4 1408.815
8.09 272.19416 748.0296 46225.61 -66086.7 5176.96 -71263.7 1404.5056
8.1 262.52902 -725.44249 47019.391 -66303.3 4993.13 -71296.4 1423.1727
8.11 267.39935 151.36015 46371.311 -65708.5 5085.76 -70794.3 1412.6736
8.12 264.04238 -52.326646 46469.922 -65935.4 5021.92 -70957.3 1418.1939
8.13 275.11978 675.03743 46080.96 -66031 5232.6 -71263.6 1414.7077
8.14 271.14972 -388.2482 46773.327 -66295.3 5157.09 -71452.3 1428.4302
8.15 268.75592 30.892129 46586.897 -66199.6 5111.56 -71311.2 1426.5192
8.16 272.00849 164.78179 46517.081 -66400.6 5173.43 -71574 1422.6673
8.17 269.43888 -709.98912 47031.029 -65908.7 5124.55 -71033.2 1431.6638
8.18 261.02221 14.257793 46628.89 -66165.6 4964.47 -71130.1 1431.4326
8.19 265.10978 241.45414 46379.345 -66084.1 5042.22 -71126.3 1427.9857
8.2 263.69372 -133.32177 46726.84 -66086.7 5015.28 -71102 1431.5891
8.21 268.91954 386.64767 46306.419 -65743.5 5114.68 -70858.2 1422.3182
8.22 264.89653 -490.93076 46928.954 -65941.7 5038.16 -70979.9 1431.8764
8.23 259.54939 374.80284 46375.188 -66302.1 4936.46 -71238.6 1423.6649
8.24 268.13874 87.166658 46406.213 -66125.3 5099.83 -71225.2 1428.9484
8.25 269.03959 -256.05596 46654.34 -66170.6 5116.96 -71287.6 1432.4605
8.26 272.0327 -582.18106 47013.408 -66306.3 5173.89 -71480.2 1441.5106
8.27 276.73394 167.90952 46652.87 -66505.8 5263.3 -71769.1 1439.0404
8.28 270.66836 458.90589 46351.825 -66260.2 5147.94 -71408.1 1434.7277
8.29 262.66427 540.36313 46470.241 -66445.7 4995.71 -71441.4 1442.1073
8.3 272.28087 329.14758 46489.103 -66083.5 5178.61 -71262.1 1442.9906
8.31 260.03119 -115.06292 46660.295 -66642.3 4945.63 -71588 1443.7566
8.32 268.56424 -397.88524 46959.959 -66421.9 5107.92 -71529.8 1454.5693
8.33 271.07791 132.5266 46567.229 -66405.8 5155.73 -71561.5 1444.7588
8.34 274.18949 710.11678 46340.972 -66281.9 5214.91 -71496.8 1439.8141
8.35 276.14442 -300.40454 46736.646 -66143.4 5252.09 -71395.4 1451.7195
8.36 271.98443 170.98909 46492.219 -66310 5172.97 -71482.9 1447.9794
8.37 262.8513 -843.48154 47233.912 -66354.8 4999.26 -71354.1 1461.3648
8.38 267.055 -600.87139 46955.665 -66713 5079.21 -71792.2 1458.687
8.39 264.64689 -97.079205 46467.325 -66400.3 5033.41 -71433.7 1451.4612
8.4 272.50174 627.59271 46293.625 -66116.7 5182.81 -71299.5 1451.1092
8.41 264.40456 -10.904172 46565.769 -66280.3 5028.8 -71309.1 1461.9803
8.42 273.8406 537.63025 46393.457 -66022.9 5208.27 -71231.2 1461.6649
8.43 258.66363 411.08022 46352.826 -66233.8 4919.62 -71153.5 1463.6073
8.44 276.45327 247.5383 46450.854 -65887.1 5257.96 -71145.1 1466.5929
8.45 268.8989 612.81411 46248.489 -66090.2 5114.28 -71204.5 1460.1395
8.46 276.86636 -231.61165 46582.736 -65838.6 5265.82 -71104.4 1469.7484
8.47 273.70444 920.91552 46152.514 -65647.7 5205.68 -70853.4 1461.3028
8.48 269.02183 139.18645 46465.694 -65939.1 5116.62 -71055.8 1465.552
8.49 264.5432 90.135916 46718.317 -66071.7 5031.44 -71103.1 1470.4694
8.5 263.81518 -301.9814 46812.353 -65940.8 5017.6 -70958.4 1476.3912
8.51 275.43367 -377.56568 46922.48 -65996.2 5238.57 -71234.8 1482.4462
8.52 269.37433 -324.18647 46916.451 -66284.9 5123.33 -71408.2 1484.2561
8.53 276.6672 704.03086 46335.057 -66194.4 5262.03 -71456.4 1473.7833
8.54 261.3071 279.11752 46461.42 -66449.9 4969.89 -71419.7 1475.8402
8.55 274.91455 -80.178372 46736.694 -66182.2 5228.7 -71410.9 1484.44
8.56 263.36716 -56.251486 46635.111 -66614.6 5009.07 -71623.7 1485.3377
8.57 277.66311 248.15572 46483.446 -66078.3 5280.97 -71359.2 1481.9109
8.58 269.84703 -440.95339 46865.382 -66326.2 5132.32 -71458.5 1490.5752
8.59 258.9664 -273.89765 46879.649 -66155.9 4925.37 -71081.3 1488.9306
8.6 268.14593 -731.24044 46999.234 -66230.6 5099.96 -71330.6 1486.8057
8.61 268.60999 50.744772 46623.725 -66278.4 5108.79 -71387.2 1485.3485
8.62 271.90312 -200.62813 46698.803 -66253.1 5171.42 -71424.5 1485.3489
8.63 280.11036 -195.03292 46808.78 -65873.5 5327.52 -71201 1491.3283
8.64 265.21569 -294.69779 46722.79 -66269.1 5044.23 -71313.4 1493.7198
8.65 269.19921 329.7931 46546.383 -66189.9 5120 -71309.9 1491.0872
8.66 265.92177 292.03673 46402.378 -66114.4 5057.66 -71172 1488.0145
8.67 265.6158 27.895964 46607.24 -66437.7 5051.84 -71489.5 1497.3678
8.68 263.33844 -221.91629 46817.014 -66265.2 5008.53 -71273.7 1507.1091
8.69 265.54117 17.870048 46628.356 -66179.3 5050.42 -71229.7 1501.233
8.7 260.11665 123.36628 46464.397 -66395 4947.25 -71342.3 1502.5889
8.71 265.89013 -148.57129 46718.556 -66546.5 5057.06 -71603.6 1504.2782
8.72 268.45453 440.80813 46385.497 -66325 5105.83 -71430.8 1500.9404
8.73 270.49942 138.80105 46592.237 -66186.1 5144.73 -71330.8 1510.3407
8.74 262.5464 -135.42654 46735.42 -66468.9 4993.46 -71462.3 1515.8726
8.75 269.02056 -429.3078 46781.893 -66414.8 5116.6 -71531.4 1517.3106
8.76 268.14306 -205.49022 46866.746 -66167.2 5099.91 -71267.2 1522.5534
8.77 261.91697 433.83438 46408.939 -66534.3 4981.49 -71515.8 1518.075
8.78 277.47977 252.62338 46491.849 -66066.5 5277.49 -71344 1516.203
8.79 268.94777 347.14825 46285.491 -66005.8 5115.21 -71121 1514.9089
8.8 263.77052 477.00479 46337.537 -66441.3 5016.75 -71458 1515.8554
8.81 273.78535 444.33691 46252.609 -66072.8 5207.22 -71280 1515.8346
8.82 264.66248 -56.835134 46550.666 -66462.6 5033.71 -71496.4 1526.0687
8.83 273.39502 -29.466083 46598.183 -66276 5199.8 -71475.8 1530.3234
8.84 257.00504 -23.614833 46607.101 -66287.7 4888.07 -71175.8 1531.1956
8.85 254.63049 572.50034 46336.01 -66437.9 4842.91 -71280.8 1526.7275
8.86 276.72592 -742.70287 47014.921 -65871.1 5263.15 -71134.3 1535.0441
8.87 270.03904 761.46346 46200.37 -66331.7 5135.97 -71467.7 1519.3012
8.88 275.14427 153.26352 46458.397 -66062 5233.07 -71295 1526.6628
8.89 279.7502 -242.93916 46858.234 -66142.6 5320.67 -71463.3 1532.6106
8.9 265.10085 173.2694 46646.818 -66308.8 5042.05 -71350.9 1529.1036
8.91 263.94355 -81.933954 46573.383 -66189.9 5020.04 -71209.9 1529.3777
8.92 264.48236 -335.79295 46771.923 -66408.7 5030.28 -71439 1537.825
8.93 270.34021 -502.80459 46798.568 -66141.9 5141.7 -71283.6 1538.7189
8.94 258.5657 -220.17466 46852.64 -66401 4917.75 -71318.8 1539.9092
8.95 266.68307 -245.0506 46935.174 -66189.6 5072.14 -71261.7 1538.9295
8.96 264.01316 -707.89531 47058.114 -66646.1 5021.36 -71667.5 1544.4941
8.97 269.74461 -373.97959 46739.045 -66421.4 5130.37 -71551.8 1535.4536
8.98 276.22444 135.81369 46443.31 -66043.6 5253.61 -71297.2 1532.5407
8.99 272.64214 516.92799 46318.215 -66478.5 5185.48 -71664 1530.2375
9 258.72037 -398.35568 46923.914 -66325.1 4920.69 -71245.8 1547.0595
9.01 267.42941 -486.4446 46823.64 -66107.6 5086.34 -71194 1548.2779
9.02 263.53985 283.59861 46332.313 -66280.4 5012.36 -71292.8 1539.7272
9.03 266.9958 373.53367 46343.372 -65853.3 5078.09 -70931.3 1545.8407
9.04 261.09836 -306.23454 46671.809 -66212.1 4965.92 -71178.1 1555.1842
9.05 264.3323 -159.90685 46640.144 -66284.6 5027.43 -71312 1555.4751
9.06 268.92961 -391.68501 46903.307 -66236.4 5114.87 -71351.2 1561.2204
9.07 268.14919 -451.75642 47062.796 -66444.5 5100.02 -71544.6 1563.7758
9.08 270.88024 126.29259 46621.672 -66436.7 5151.97 -71588.7 1557.1024
9.09 271.14533 250.22117 46445.144 -66181.3 5157.01 -71338.3 1555.9926
9.1 261.48597 -584.61351 46965.59 -66601.4 4973.29 -71574.7 1566.723
9.11 274.81955 -587.42635 46945.384 -66179.5 5226.89 -71406.4 1566.7332
9.12 258.04538 -426.87013 46826.816 -66322.7 4907.86 -71230.5 1566.6593
9.13 264.8492 364.39533 46326.715 -66437.7 5037.26 -71475 1557.4455
9.14 273.35891 538.47752 46498.775 -66271.7 5199.11 -71470.8 1562.1134
9.15 262.92434 -326.3329 46827.274 -66376.9 5000.65 -71377.6 1569.1971
9.16 277.7867 -297.55501 46971.273 -65996.1 5283.32 -71279.4 1575.9591
9.17 266.27376 -386.15668 46835.497 -66516.2 5064.36 -71580.5 1572.8162
9.18 264.65919 84.630816 46548.247 -66367.2 5033.65 -71400.9 1565.9203
9.19 271.29292 275.01832 46643.535 -66217.5 5159.82 -71377.3 1564.5922
9.2 252.52053 -52.018769 46543.431 -66631.2 4802.78 -71434 1567.3505
9.21 270.10832 438.2711 46349.332 -66278.1 5137.29 -71415.4 1570.0954
9.22 271.54231 204.15248 46533.618 -66437.5 5164.56 -71602.1 1577.4217
9.23 273.47835 81.427779 46634.322 -66052.2 5201.38 -71253.6 1583.6905
9.24 262.38636 246.19896 46344.601 -66054.9 4990.42 -71045.4 1580.888
9.25 275.9762 31.861438 46572.455 -65633.9 5248.89 -70882.8 1588.1468
9.26 270.37013 -540.00261 46611.086 -65719.7 5142.27 -70862 1586.96
9.27 268.62381 -281.07083 46712.864 -65491.6 5109.05 -70600.7 1592.673
9.28 262.43504 209.35808 46596.014 -65882.6 4991.35 -70874 1590.4735
9.29 268.34867 250.38646 46355.29 -65727.9 5103.82 -70831.7 1590.277
9.3 262.59793 460.65614 46327.138 -65951.9 4994.44 -70946.4 1589.0907
9.31 270.45131 -372.09422 46775.248 -65706.5 5143.81 -70850.3 1596.7384
9.32 259.13122 353.96313 46480.026 -66258.3 4928.51 -71186.8 1590.4105
9.33 266.69896 503.25841 46403.134 -65990.7 5072.44 -71063.1 1593.0565
9.34 265.58953 673.88579 46229.847 -66395.9 5051.34 -71447.2 1589.8454
9.35 284.1639 585.71179 46305.622 -65857.3 5404.61 -71262 1594.8776
9.36 275.51238 -586.59842 46984.134 -65909.2 5240.07 -71149.3 1615.5809
9.37 280.59603 821.36187 46100.897 -65696.7 5336.76 -71033.5 1598.3286
9.38 265.74745 229.48806 46365.816 -65661.9 5054.35 -70716.2 1611.6183
9.39 265.85082 -553.15668 46686.681 -65991.9 5056.31 -71048.2 1618.4901
9.4 265.10126 -324.59228 46623.656 -65530.7 5042.06 -70572.7 1619.2861
9.41 262.14143 -579.09067 46740.644 -65564.5 4985.76 -70550.3 1625.0291
9.42 267.86734 508.6093 46236.331 -65385.8 5094.66 -70480.4 1617.7268
9.43 264.95093 332.53407 46366.376 -65855.2 5039.2 -70894.4 1625.4251
9.44 270.74073 328.4027 46403.79 -65588.2 5149.31 -70737.5 1626.7093
9.45 273.87277 -168.12084 46684.573 -65795 5208.88 -71003.9 1629.2347
9.46 269.16613 217.46604 46432.128 -66029.7 5119.37 -71149.1 1620.5141
9.47 266.44543 172.57963 46454.712 -65953.9 5067.62 -71021.5 1624.5243
9.48 262.43359 -436.94632 46858.647 -66031.9 4991.32 -71023.2 1633.8455
9.49 273.2514 -158.66389 46664.992 -66180.8 5197.07 -71377.9 1634.3511
9.5 273.5848 204.33877 46527.761 -66112.6 5203.41 -71316 1629.8226
9.51 274.27496 320.32631 46571.62 -65845.7 5216.53 -71062.2 1632.8033
9.52 267.3995 453.43296 46377.243 -66038.2 5085.77 -71123.9 1630.5978
9.53 263.07626 94.929504 46554.865 -66180.7 5003.54 -71184.3 1640.1399
9.54 270.87524 -521.74564 46848.034 -66559.2 5151.87 -71711.1 1644.0453
9.55 265.00444 -421.43184 46722.196 -66146.1 5040.21 -71186.3 1642.424
9.56 258.72677 253.48118 46496.803 -66235.9 4920.82 -71156.7 1640.5592
9.57 279.02549 975.0761 46190.734 -66032 5306.89 -71338.9 1635.5036
9.58 259.04406 -435.43376 47040.227 -66335.8 4926.85 -71262.7 1654.575
9.59 275.54904 -508.46906 47114.424 -65969.5 5240.77 -71210.3 1657.0978
9.6 267.1642 162.09638 46428.829 -66143.2 5081.29 -71224.5 1644.8666
9.61 266.33398 323.42093 46348.189 -66205.5 5065.5 -71271 1642.2614
9.62 268.69141 -102.31446 46579.042 -65940.2 5110.34 -71050.6 1655.2671
9.63 273.16849 -88.34861 46679.589 -65870 5195.49 -71065.5 1656.5546
9.64 273.38185 -78.324224 46557.635 -65971.1 5199.55 -71170.7 1651.8923
9.65 261.69959 472.82203 46391.908 -66406 4977.36 -71383.3 1649.4541
9.66 266.11399 648.06052 46144.46 -66092.3 5061.32 -71153.6 1644.671
9.67 277.75842 153.8383 46662.292 -66211.7 5282.79 -71494.5 1653.6986
9.68 269.4962 -166.18789 46904.081 -66335.9 5125.64 -71461.5 1657.4458
9.69 275.0505 -268.96043 46812.211 -66288.6 5231.28 -71519.9 1654.7831
9.7 266.60282 -344.08625 46736.997 -66266.2 5070.61 -71336.8 1658.6683
9.71 263.42916 278.6645 46564.806 -66275.2 5010.25 -71285.5 1658.7347
9.72 264.82463 338.24828 46374.953 -66202.5 5036.79 -71239.3 1653.3015
9.73 269.96897 411.64685 46480.937 -66192.9 5134.64 -71327.5 1655.3931
9.74 275.20207 -440.19047 46988.867 -66080.4 5234.17 -71314.6 1666.6725
9.75 257.64593 -453.83262 46728.252 -66203.4 4900.26 -71103.6 1662.942
9.76 275.40398 459.70322 46375.318 -65781.2 5238.01 -71019.2 1660.2832
9.77 267.85536 280.48253 46518.796 -66009.7 5094.44 -71104.1 1660.2232
9.78 276.55758 -92.148367 46610.168 -65712.8 5259.95 -70972.7 1665.7289
9.79 263.92344 266.79257 46391.25 -66034.3 5019.65 -71053.9 1660.058
9.8 264.93072 -592.24069 46851.845 -66089.7 5038.81 -71128.5 1667.344
9.81 262.15033 -395.0575 47024.745 -66416.9 4985.93 -71402.8 1674.9549
9.82 268.50467 -782.42887 47123.294 -66274.6 5106.79 -71381.3 1680.7866
9.83 265.86122 294.20753 46536.467 -66438.3 5056.51 -71494.8 1670.42
9.84 272.61237 -448.57268 46950.567 -66554.5 5184.91 -71739.4 1679.9497
9.85 274.37554 -78.956575 46653.323 -66284.1 5218.45 -71502.5 1671.3073
9.86 261.34135 371.3856 46620.507 -66558.8 4970.54 -71529.3 1674.2086
9.87 268.65109 763.43165 46228.262 -66650 5109.57 -71759.6 1670.5002
9.88 275.60421 -84.472858 46815.247 -66412.2 5241.81 -71654 1681.2993
9.89 272.78606 -339.25932 47003.561 -66233.7 5188.22 -71421.9 1685.6152
9.9 268.96727 -430.24775 46796.365 -66500.9 5115.58 -71616.5 1683.871
9.91 271.87268 -254.67739 46577.381 -66396.6 5170.84 -71567.4 1676.5046
9.92 268.92773 -189.57728 46642.887 -66259.2 5114.83 -71374 1679.7743
9.93 270.40698 -640.60711 46901.622 -66254.7 5142.97 -71397.6 1687.8498
9.94 266.05429 -397.99182 46919.149 -66306.1 5060.18 -71366.3 1691.1574
9.95 258.73553 163.03064 46485.388 -66447.8 4920.98 -71368.8 1679.954
9.96 259.75725 -164.05128 46554.71 -66606.5 4940.42 -71546.9 1678.5078
9.97 274.47619 -329.10479 46840.039 -66143.7 5220.36 -71364.1 1690.1197
9.98 266.66326 -621.09752 46786.327 -66085 5071.76 -71156.7 1689.4232
