0 281.17757 -184.24002 21852.173 -29830.3 2521.36 -32351.7 6.5702398
0.01 269.45957 337.05614 21777.525 -29587.7 2416.29 -32004 18.007352
0.02 257.28339 327.37256 21874.32 -29809.1 2307.1 -32116.2 28.336746
0.03 268.04391 -526.43687 21786.202 -29590.6 2403.59 -31994.2 39.989746
0.04 274.15268 488.83084 21733.754 -29655.6 2458.37 -32114 49.70867
0.05 275.31709 8.487986 21800.346 -29472.8 2468.81 -31941.7 63.467764
0.06 261.83758 462.56636 21639.959 -29591.3 2347.94 -31939.2 74.347151
0.07 276.08317 359.61151 21776.665 -29525.7 2475.68 -32001.4 88.586729
0.08 265.70208 -101.68055 21828.186 -29490.5 2382.59 -31873.1 105.89098
0.09 266.52126 279.75934 21605.978 -29292.3 2389.94 -31682.3 117.17355
0.1 277.93844 -92.176106 21758.71 -29453.9 2492.32 -31946.2 127.00562
0.11 270.00659 -522.18413 21979.355 -29382.9 2421.19 -31804.1 145.55079
0.12 275.84446 -648.70224 22074.272 -29445.4 2473.54 -31918.9 158.30635
0.13 277.59594 -89.718721 21705.352 -29500.5 2489.25 -31989.8 168.4164
0.14 278.96853 282.60293 21653.759 -29394.1 2501.56 -31895.6 180.99469
0.15 270.86478 163.57606 21781.267 -29409.6 2428.89 -31838.5 192.28067
0.16 268.17308 153.9341 21723.226 -29475.8 2404.75 -31880.5 201.59001
0.17 284.23804 876.19598 21524.755 -29163.5 2548.81 -31712.3 216.51958
0.18 256.55725 144.08742 21657.811 -29323.6 2300.59 -31624.1 238.59197
0.19 271.00676 464.79806 21531.757 -29397.9 2430.16 -31828 250.32595
0.2 274.03032 -1035.9765 21953.925 -29148 2457.27 -31605.3 266.29093
0.21 273.62706 -339.40186 21873.512 -29546.1 2453.66 -31999.8 275.6752
0.22 273.52393 -376.02352 21919.192 -29557.5 2452.73 -32010.2 286.98297
0.23 268.02128 -146.79575 21958.653 -29363.5 2403.39 -31766.9 298.83347
0.24 252.16382 -109.0034 21920.524 -29592.1 2261.19 -31853.3 315.30329
0.25 273.45193 -430.7601 21814.047 -29385.1 2452.09 -31837.2 323.61373
0.26 273.89762 250.37294 21620.534 -29176.9 2456.08 -31633 332.04384
0.27 265.23488 -464.10766 21898.981 -29458.7 2378.4 -31837.1 339.17205
0.28 264.09025 -778.21283 21822.321 -29540.1 2368.14 -31908.3 351.84869
0.29 276.63787 -371.92961 21859.046 -29663.6 2480.66 -32144.3 367.47033
0.3 277.09813 -238.40769 21853.163 -29698.8 2484.78 -32183.6 374.86458
0.31 278.22373 -141.14249 21787.412 -29667.6 2494.88 -32162.4 387.09716
0.32 260.33968 449.63792 21707.111 -29954.6 2334.51 -32289.1 406.85251
0.33 270.47529 275.24657 21807.279 -29764.7 2425.39 -32190.1 418.94094
0.34 276.708 82.063173 21698.688 -29938 2481.28 -32419.3 428.45042
0.35 275.79556 28.145993 21894.038 -29763.9 2473.1 -32237 447.21483
0.36 255.11094 -734.99821 22077.277 -29985 2287.62 -32272.6 450.34125
0.37 273.68952 1015.1094 21568.726 -29841.9 2454.22 -32296.1 451.51904
0.38 267.00621 211.08498 21907.745 -29895.3 2394.29 -32289.6 464.25006
0.39 296.06971 -887.13017 21966.033 -29496.8 2654.9 -32151.7 469.42135
0.4 270.6736 -414.59717 21925.786 -29700.4 2427.17 -32127.5 482.02895
0.41 282.29834 -85.658753 21746.904 -29371.9 2531.41 -31903.3 482.88509
0.42 260.40541 -535.54112 21859.928 -29576.5 2335.1 -31911.6 495.96145
0.43 266.06625 7.1223719 21829.853 -29732.1 2385.86 -32118 502.46282
0.44 286.21939 681.01292 21680.595 -29401.9 2566.57 -31968.5 502.44629
0.45 275.51702 404.27345 21740.12 -29662.3 2470.6 -32132.9 504.27335
0.46 280.15273 -37.135873 21736.493 -29881.6 2512.17 -32393.7 513.6121
0.47 269.91247 -102.95556 21844.12 -29761 2420.35 -32181.4 523.94059
0.48 263.79904 -771.69099 21952.587 -30118.8 2365.53 -32484.3 531.44785
0.49 262.67669 -745.14109 21714.746 -30104.6 2355.46 -32460.1 542.12809
0.5 266.75733 184.19998 21748.118 -30049.6 2392.06 -32441.7 552.61867
0.51 272.87858 -282.58449 22063.886 -29860 2446.95 -32306.9 568.03535
0.52 277.42147 335.03104 21641.365 -30074.8 2487.68 -32562.4 569.56702
0.53 254.29429 -436.46796 21939.371 -30213.6 2280.3 -32493.9 577.00298
0.54 275.38049 196.13788 21813.323 -30352 2469.38 -32821.4 582.51979
0.55 262.35317 171.67364 21822.63 -30106.2 2352.56 -32458.8 589.25222
0.56 264.48581 370.90855 21869.687 -30448.5 2371.69 -32820.1 601.30412
0.57 264.90962 -847.03089 22076.919 -30311 2375.49 -32686.5 605.52011
0.58 265.09354 -262.82646 21915.267 -30424.9 2377.14 -32802 607.13994
0.59 284.39651 76.263314 21955.856 -30307.3 2550.23 -32857.5 611.73039
0.6 268.3813 349.7286 21827.106 -30518.9 2406.62 -32925.5 615.34888
0.61 246.88934 -342.02467 21998.832 -30792.9 2213.9 -33006.8 629.60972
0.62 275.01014 -200.39083 21914.537 -30605.2 2466.06 -33071.2 630.12808
0.63 268.68344 -277.13426 21893.557 -30729.3 2409.33 -33138.6 629.54916
0.64 280.41682 526.36535 21630.229 -30445.2 2514.54 -32959.7 633.13426
0.65 272.17493 1234.8083 21696.94 -30185.9 2440.64 -32626.5 641.5254
0.66 269.19157 331.78636 21747.667 -30535.8 2413.88 -32949.7 646.55471
0.67 265.78198 233.57401 21787.884 -30395.7 2383.31 -32779 651.23436
0.68 270.47128 -292.41316 21811.079 -30430.1 2425.36 -32855.5 657.96205
0.69 267.352 -579.25441 22012.671 -30507.1 2397.39 -32904.5 661.58854
0.7 267.86801 -779.76672 21825.528 -30095.3 2402.02 -32497.4 664.03891
0.71 256.15707 -1119.7167 21967.747 -30134.6 2297 -32431.6 667.4074
0.72 274.07551 -756.12346 21952.6 -29801.3 2457.68 -32259 671.15148
0.73 263.94695 815.95254 21691.863 -29816.2 2366.85 -32183.1 672.13535
0.74 263.67777 153.68017 21752.52 -29763.5 2364.44 -32128 680.4031
0.75 255.38511 89.087991 21814.453 -29953.8 2290.08 -32243.8 694.8994
0.76 261.25628 -361.43171 21794.369 -29853.9 2342.73 -32196.6 696.48039
0.77 266.8799 -373.28248 21948.921 -29834 2393.15 -32227.2 707.21139
0.78 262.86937 -380.17725 21862.037 -29796.9 2357.19 -32154 714.08336
0.79 263.62672 -643.22763 21873.347 -29522 2363.98 -31886 724.71851
0.8 272.67504 430.53955 21822.303 -29708.1 2445.12 -32153.2 734.15123
0.81 275.66093 90.541736 21918.701 -29499.4 2471.9 -31971.2 734.29889
0.82 263.22629 283.67761 21760.804 -29487.5 2360.39 -31847.9 753.68804
0.83 280.36639 266.72697 21775.048 -29492.1 2514.09 -32006.2 763.42124
0.84 274.56516 1089.3404 21663.361 -29693.2 2462.07 -32155.3 770.71678
0.85 267.37909 168.87113 21876.233 -29558 2397.63 -31955.6 788.39532
0.86 275.04927 59.12736 21759.63 -29459.3 2466.41 -31925.7 810.57018
0.87 261.80933 -190.08114 21666.93 -29742.5 2347.69 -32090.2 829.48748
0.88 266.3747 -267.17165 21755.359 -29637.5 2388.62 -32026.2 846.67373
0.89 282.65347 -64.450664 21733.039 -29372.5 2534.6 -31907.1 845.0738
0.9 265.86402 153.86757 21853.337 -29518.5 2384.04 -31902.5 866.738
0.91 278.72131 -555.91283 22063.402 -29476 2499.34 -31975.3 881.79429
0.92 265.43834 336.11919 21610.506 -29591.4 2380.23 -31971.6 883.64418
0.93 270.58277 136.8357 21884.387 -29538 2426.36 -31964.4 916.61682
0.94 273.43488 788.11527 21630.406 -29541.2 2451.93 -31993.2 925.76001
0.95 270.99774 270.4211 21605.556 -29480.1 2430.08 -31910.1 940.12831
0.96 267.24752 314.17792 21749.211 -29428.7 2396.45 -31825.2 953.91361
0.97 279.97569 135.52829 21624.372 -29420.3 2510.59 -31930.8 974.5935
0.98 264.98458 469.92375 21729.215 -29555.7 2376.16 -31931.8 988.76386
0.99 278.52541 200.2989 21766.763 -29551.4 2497.58 -32049 995.55165
1 273.5559 255.12016 21795.654 -29717.7 2453.02 -32170.8 1007.8724
1.01 269.17243 778.56435 21671.336 -29890.8 2413.71 -32304.5 1010.5567
1.02 255.43236 1099.3318 21605.529 -29960.7 2290.5 -32251.2 1014.6886
1.03 265.81363 361.15029 21722.798 -29925.2 2383.59 -32308.8 1022.1698
1.04 277.50455 335.7863 21786.639 -30020.6 2488.43 -32509 1039.3201
1.05 278.39395 257.90621 21796.956 -29981 2496.4 -32477.4 1042.9424
1.06 277.89595 344.25394 21921.975 -30116.3 2491.94 -32608.3 1068.7559
1.07 283.09362 841.40189 21508.784 -29861.8 2538.55 -32400.4 1070.6585
1.08 273.08485 14.552443 21866.402 -30162.6 2448.8 -32611.4 1081.8456
1.09 279.54403 417.15472 21832.245 -29944.1 2506.72 -32450.8 1082.1547
1.1 265.6822 419.61399 21847.631 -30086.7 2382.41 -32469.1 1091.1933
1.11 266.7818 -39.796556 21790.945 -30361.1 2392.27 -32753.4 1099.0945
1.12 267.72959 212.77786 21859.535 -30082.7 2400.77 -32483.4 1116.7996
1.13 253.97322 86.091079 21848.384 -30356.4 2277.42 -32633.8 1116.1837
1.14 273.58666 97.525005 21841.933 -30235.9 2453.3 -32689.2 1117.9858
1.15 277.50024 136 21834.405 -29919.9 2488.39 -32408.3 1118.4649
1.16 263.59948 245.58936 21771.193 -30016.4 2363.74 -32380.1 1115.6545
1.17 273.3204 -452.41695 21989.25 -29974.5 2450.91 -32425.4 1123.7207
1.18 281.04368 -606.75764 22054.623 -29798.2 2520.16 -32318.4 1141.3991
1.19 258.77888 -813.98031 21924.412 -30028.3 2320.51 -32348.8 1141.6422
1.2 275.14275 6.5898719 21680.071 -29753.1 2467.25 -32220.3 1135.5632
1.21 275.74512 452.03178 21719.512 -30153.1 2472.65 -32625.8 1147.28
1.22 271.61776 -601.26077 21996.759 -30018.6 2435.64 -32454.3 1161.5311
1.23 261.71194 207.56647 21886.87 -30257.7 2346.81 -32604.5 1163.3469
1.24 276.63655 -63.188576 21897.16 -29932.7 2480.64 -32413.4 1163.2091
1.25 273.70617 -357.97373 21862.6 -29964.5 2454.37 -32418.9 1169.7804
1.26 276.40167 136.4889 21766.148 -29872 2478.54 -32350.5 1168.3355
1.27 276.93713 14.634685 21789.107 -30060.4 2483.34 -32543.7 1178.288
1.28 273.16808 -191.33059 21822.444 -29987.3 2449.54 -32436.8 1193.8115
1.29 273.7298 -852.5316 22039.754 -29881.9 2454.58 -32336.5 1221.294
1.3 289.48347 793.38137 21634.778 -30068.9 2595.84 -32664.8 1212.7612
1.31 264.00734 520.72419 21727.135 -30148.2 2367.4 -32515.6 1212.1652
1.32 275.89414 -31.191933 21978.323 -29994.1 2473.99 -32468.1 1228.1498
1.33 271.61189 -236.74014 21806.869 -29871.2 2435.59 -32306.8 1237.6532
1.34 275.0493 -436.37121 22077.512 -29888.2 2466.41 -32354.6 1243.6027
1.35 272.74969 -432.13702 21849.823 -29911.1 2445.79 -32356.9 1245.2136
1.36 268.60473 -182.843 21911.194 -29926 2408.62 -32334.7 1249.8579
1.37 259.53 71.141414 21970.812 -29970.3 2327.25 -32297.6 1261.4357
1.38 270.82733 -457.22681 21991.218 -29898.6 2428.55 -32327.2 1281.6058
1.39 266.80411 357.11282 21640.255 -30101.4 2392.47 -32493.9 1277.4415
1.4 280.53517 -278.77504 22002.531 -29791.1 2515.6 -32306.7 1305.4559
1.41 269.32642 -177.76562 22031.597 -30038.9 2415.09 -32454 1311.333
1.42 282.76281 133.80157 21762.758 -29878.3 2535.58 -32413.9 1295.5929
1.43 255.86664 86.207289 21739.095 -29991 2294.4 -32285.3 1309.4908
1.44 265.88017 468.30633 21710.964 -29940.8 2384.19 -32325 1311.8438
1.45 257.98473 351.43045 21845.029 -30106.7 2313.39 -32420.1 1336.0382
1.46 282.66665 106.98853 21746.409 -29604.2 2534.72 -32138.9 1333.7916
1.47 267.39092 33.436829 21820.942 -29873.4 2397.74 -32271.1 1345.0773
1.48 277.43013 -304.45447 21819.03 -30017.5 2487.76 -32505.3 1367.0142
1.49 259.35371 1189.418 21673.68 -30029.2 2325.67 -32354.9 1377.0639
1.5 265.21024 -783.70391 21939.332 -29929.1 2378.18 -32307.3 1408.1254
1.51 269.48327 -794.96976 21867.303 -29670.6 2416.5 -32087.1 1402.3178
1.52 278.0641 448.932 21785.926 -29678.3 2493.45 -32171.8 1413.3863
1.53 264.0488 304.01282 21746.835 -29923.9 2367.77 -32291.7 1416.2852
1.54 275.15153 254.2055 21784.223 -29730 2467.33 -32197.3 1424.1992
1.55 264.03892 -120.13618 21856.603 -29697.7 2367.68 -32065.4 1441.0736
1.56 274.57761 -189.40586 21775.601 -29844.7 2462.18 -32306.9 1451.2439
1.57 271.92918 445.42246 21621.461 -29649.9 2438.43 -32088.3 1432.2395
1.58 278.22587 464.08919 21818.409 -29984.2 2494.9 -32479.1 1453.0145
1.59 269.77089 0.03406021 21804.75 -30138.6 2419.08 -32557.7 1446.5382
1.6 274.73806 -489.2536 21843.569 -29874.8 2463.62 -32338.4 1457.296
1.61 278.61467 -107.2634 21846.366 -30103.7 2498.38 -32602.1 1465.364
1.62 266.82952 -37.184742 21890.03 -30332.2 2392.7 -32724.9 1455.4281
1.63 278.61726 742.23761 21668.7 -30007.9 2498.41 -32506.3 1458.1505
1.64 261.96152 -206.13506 21848.849 -30133.2 2349.05 -32482.3 1475.7693
1.65 269.27838 573.59155 21736.963 -30050.3 2414.66 -32464.9 1489.3326
1.66 265.77011 66.160057 21911.576 -30308.9 2383.2 -32692.1 1497.7833
1.67 274.9597 -461.03738 22097.975 -30359.7 2465.61 -32825.3 1508.3759
1.68 271.88446 505.36777 21754.894 -30216.2 2438.03 -32654.2 1500.0141
1.69 271.27819 -112.94794 21927.186 -30575.9 2432.59 -33008.5 1513.4642
1.7 262.77906 639.30562 21671.501 -30714.9 2356.38 -33071.3 1504.795
1.71 271.24386 325.57511 21799.187 -30733.9 2432.29 -33166.2 1518.2752
1.72 281.62076 -79.565174 21957.137 -30787.5 2525.34 -33312.9 1528.482
1.73 263.4569 -51.013503 21979.355 -30988.6 2362.46 -33351.1 1535.9336
1.74 262.73621 -144.89889 22049.841 -31100.7 2356 -33456.7 1544.7929
1.75 283.45095 545.96593 21952.051 -31099.2 2541.75 -33641 1543.4106
1.76 272.83949 -278.80274 22082.561 -31334.8 2446.6 -33781.4 1547.6739
1.77 268.39828 77.943685 21921.843 -31923.5 2406.77 -34330.3 1540.4051
1.78 279.55071 329.79677 21912.311 -31832.2 2506.78 -34339 1540.8745
1.79 270.11183 606.74763 21818.578 -32124.4 2422.14 -34546.6 1536.9265
1.8 283.00455 177.49046 21972.589 -31901 2537.75 -34438.8 1542.4119
1.81 260.26663 -140.89674 21992.521 -32161.2 2333.85 -34495.1 1544.6703
1.82 267.44374 14.736684 21970.39 -32216.3 2398.21 -34614.6 1544.1251
1.83 269.75818 -92.913656 22034.18 -32027.6 2418.96 -34446.6 1545.503
1.84 267.73863 -141.58689 22014.106 -32121.5 2400.85 -34522.4 1543.6076
1.85 265.54479 -621.74541 22197.123 -32052.4 2381.18 -34433.6 1552.4293
1.86 269.31011 -125.86226 21993.914 -32212.8 2414.95 -34627.7 1543.6008
1.87 274.1049 751.63 21812.771 -32062 2457.94 -34520 1534.1679
1.88 266.32966 247.18615 21910.494 -32115.8 2388.22 -34504 1538.5039
1.89 280.70709 830.81274 21811.164 -32023.7 2517.15 -34540.9 1536.1303
1.9 268.14934 170.60415 21931.055 -32132.9 2404.54 -34537.4 1541.2731
1.91 283.1798 226.72265 21961.003 -32058.6 2539.32 -34597.9 1544.1335
1.92 271.57113 451.75445 21883.621 -32162.5 2435.22 -34597.7 1540.238
1.93 270.16815 534.88165 21865.279 -31942 2422.64 -34364.7 1537.7552
1.94 264.86706 525.40125 21857.923 -32121.1 2375.11 -34496.2 1536.7409
1.95 280.01228 271.59659 21959.27 -32055.9 2510.91 -34566.8 1541.1474
1.96 275.13255 118.2695 21997.555 -31978.1 2467.16 -34445.3 1541.8893
1.97 272.90216 -409.98788 22094.444 -32187.2 2447.16 -34634.4 1546.8988
1.98 269.63867 -186.38766 22024.391 -32064 2417.89 -34481.8 1545.1466
1.99 271.64537 154.78901 21948.024 -32059.9 2435.89 -34495.7 1542.6827
2 262.94926 265.30041 21911.125 -32200.9 2357.91 -34558.8 1540.7051
2.01 282.89206 209.2459 21931.045 -31944.3 2536.74 -34481 1540.355
2.02 261.98381 -145.58785 22019.053 -32170.4 2349.25 -34519.7 1546.1948
2.03 261.68232 -214.61194 22044.685 -32176.3 2346.55 -34522.8 1546.6461
2.04 282.18753 -270.56397 22126.225 -31815 2530.42 -34345.4 1549.9095
2.05 259.57224 100.65127 21994.347 -32156.9 2327.63 -34484.6 1544.014
2.06 279.17501 -465.02126 22141.347 -31959.1 2503.41 -34462.5 1551.1912
2.07 265.07797 -6.8132499 22017.156 -32216.1 2377 -34593.1 1545.6354
2.08 280.32155 449.71844 21876.392 -32027.6 2513.69 -34541.3 1539.2147
2.09 274.02609 633.06532 21799.723 -32175.9 2457.24 -34633.2 1535.4336
2.1 267.75502 186.74988 21957.757 -32089.7 2401 -34490.7 1541.1526
2.11 265.66747 100.02184 21976.113 -32050.9 2382.28 -34433.2 1541.7002
2.12 278.05249 -16.781047 22019.048 -32094.3 2493.34 -34587.6 1543.1141
2.13 275.19748 -708.16859 22193.679 -31825.6 2467.74 -34293.3 1551.8605
2.14 265.98486 -13.855338 22013.32 -32179 2385.13 -34564.1 1545.9187
2.15 260.47191 -214 22045.803 -32107 2335.69 -34442.7 1545.4337
2.16 277.26027 -169.24754 22090.404 -32002.3 2486.24 -34488.5 1547.4754
2.17 271.16985 -556.52596 22162.441 -31962.2 2431.62 -34393.8 1551.7282
2.18 270.21661 110.10436 21969.248 -32172.3 2423.08 -34595.4 1542.0184
2.19 266.58993 209.39028 21950.292 -32080.5 2390.55 -34471.1 1541.5336
2.2 255.88679 571.78705 21792.318 -32370 2294.58 -34664.6 1534.3719
2.21 273.97758 501.91971 21858.301 -32060.6 2456.8 -34517.4 1537.9173
2.22 261.84571 769.11803 21742.057 -32295.5 2348.01 -34643.5 1533.0149
2.23 268.01832 228.01238 21938.834 -31987.4 2403.36 -34390.8 1541.9797
2.24 278.79819 71.259514 21958.118 -31953.6 2500.03 -34453.6 1541.622
2.25 277.89291 99.599645 22015.608 -31986.8 2491.91 -34478.7 1544.4413
2.26 270.78292 -126.05505 22047.322 -32085.5 2428.15 -34513.6 1547.5511
2.27 257.5416 -311.69053 22040.234 -32108.5 2309.42 -34417.9 1545.9069
2.28 266.38735 -346.53396 22128.072 -31978.1 2388.74 -34366.8 1549.5983
2.29 256.80856 -342.88102 22065.614 -32189.6 2302.84 -34492.4 1546.3994
2.3 268.747 -189.88298 22052.697 -32025.4 2409.9 -34435.3 1545.9326
2.31 267.51767 255.7874 21898.198 -32147.4 2398.87 -34546.3 1537.3915
2.32 277.99849 579.66017 21871.791 -32122.6 2492.86 -34615.5 1537.6593
2.33 271.70434 353.73816 21914.979 -31873.6 2436.42 -34310 1541.6007
2.34 276.41563 158.34215 21967.869 -32140.9 2478.66 -34619.5 1542.8923
2.35 275.3106 -39.224327 22034.45 -32043.7 2468.75 -34512.4 1546.1755
2.36 277.22725 -596.78088 22167.486 -32204.3 2485.94 -34690.2 1551.9513
2.37 263.06701 -328.33688 22094.56 -31983.3 2358.96 -34342.2 1548.8415
2.38 274.43472 -427.81517 22137.164 -31991.7 2460.9 -34452.6 1551.1164
2.39 284.4269 -379.51682 22114.049 -32058.3 2550.5 -34608.8 1551.1064
2.4 262.48884 238.41454 21908.152 -32095.9 2353.78 -34449.7 1539.7512
2.41 267.81119 228.86252 21890.45 -32160.1 2401.51 -34561.6 1538.7342
2.42 269.83553 340.20486 21901.866 -31992.6 2419.66 -34412.3 1538.6357
2.43 284.04554 739.08293 21832.533 -32039.3 2547.08 -34586.4 1535.0503
2.44 279.55982 364.88366 21927.58 -31893.1 2506.86 -34399.9 1538.5589
2.45 258.6253 36.068601 22015.258 -32091.8 2319.13 -34411 1543.7179
2.46 273.49649 -352.28387 22119.078 -31963.6 2452.49 -34416.1 1548.6434
2.47 269.37684 6.6422869 21997.401 -32143.1 2415.54 -34558.7 1544.4734
2.48 268.89226 -182.82745 22069.44 -32053 2411.2 -34464.2 1547.8371
2.49 265.26068 -153.56159 22017.495 -32221.2 2378.63 -34599.8 1545.9367
2.5 271.74774 185.78547 21979.355 -32038.6 2436.81 -34475.4 1543.0977
2.51 268.33163 137.40231 21940.235 -32050.3 2406.17 -34456.5 1541.5085
2.52 271.15519 59.864108 21993.996 -31939.5 2431.49 -34371 1545.3551
2.53 270.27569 -315.44322 22123.963 -32148 2423.61 -34571.6 1549.9352
2.54 274.59036 -514.48877 22152.063 -31842.2 2462.3 -34304.5 1551.5869
2.55 264.71992 -915.08408 22266.968 -32138.6 2373.79 -34512.4 1556.7349
2.56 272.0115 -204.35378 22044.117 -32210.2 2439.17 -34649.4 1545.8681
2.57 273.02875 -20.091383 22004.241 -32014.3 2448.29 -34462.6 1543.3339
2.58 259.02606 158.90079 21938.008 -32300.9 2322.73 -34623.7 1540.0056
2.59 271.58875 9.8210288 21976.245 -32040.3 2435.38 -34475.7 1541.8751
2.6 275.44567 -282.32676 22071.348 -31880.5 2469.97 -34350.5 1547.0198
2.61 271.52472 -192.32283 22037.023 -32089.7 2434.81 -34524.5 1545.7279
2.62 277.10761 -672.85827 22205.204 -31986.4 2484.87 -34471.3 1554.1608
2.63 278.7661 -91.248062 22030.961 -31967.9 2499.74 -34467.7 1546.8032
2.64 266.80352 272.47403 21919.727 -32139.2 2392.47 -34531.7 1540.7177
2.65 278.38542 -87.04406 22017.64 -31894.2 2496.33 -34390.5 1543.5729
2.66 278.20459 -10.177042 21981.288 -32174 2494.7 -34668.7 1542.2127
2.67 265.14581 272.9983 21930.912 -32118.8 2377.6 -34496.5 1538.8523
2.68 277.22917 456.51909 21891.793 -32014.1 2485.96 -34500.1 1536.4054
2.69 257.74252 891.10466 21720.86 -32108.3 2311.22 -34419.5 1530.2381
2.7 267.98353 247.09706 21913.59 -31863.8 2403.05 -34266.8 1538.3384
2.71 268.16711 206.70033 21925.117 -32124 2404.7 -34528.7 1540.7638
2.72 272.66156 18.99501 21976.897 -32121.3 2445 -34566.3 1543.4094
2.73 278.36012 -201.44893 22099.449 -31958.5 2496.1 -34454.6 1550.5188
2.74 263.42022 -187.51625 22050.708 -32118.4 2362.13 -34480.5 1547.7248
2.75 274.06241 184.8552 21954.188 -31990 2457.56 -34447.6 1543.3629
2.76 267.33344 532.6738 21823.475 -32198.1 2397.22 -34595.3 1536.4394
2.77 267.91338 66.803139 21948.205 -32037.8 2402.42 -34440.3 1541.3685
2.78 263.30863 343.95584 21865.633 -32165.6 2361.13 -34526.7 1537.704
2.79 258.91482 207.58973 21915.13 -31984.6 2321.73 -34306.3 1537.3456
2.8 264.8001 58.128619 21968.684 -32222.3 2374.5 -34596.8 1539.8639
2.81 266.97244 45.951858 21978.701 -31945.5 2393.98 -34339.5 1541.5241
2.82 273.09267 -283.16206 22078.917 -32007.2 2448.87 -34456.1 1546.2635
2.83 264.77335 -423.00998 22133.468 -32161 2374.26 -34535.3 1550.1752
2.84 273.00432 -497.02325 22168.453 -31869.1 2448.07 -34317.2 1552.2714
2.85 280.6013 -164.34589 22058.926 -32115.2 2516.2 -34631.4 1547.9042
2.86 262.57834 -6.1414913 21982.034 -32141 2354.58 -34495.6 1544.3886
2.87 269.27379 -191.2103 22043.807 -32079.6 2414.62 -34494.2 1547.4764
2.88 261.72974 323.82015 21899.767 -32206.2 2346.97 -34553.2 1541.2795
2.89 276.99278 409.53717 21886.34 -31941.4 2483.84 -34425.2 1539.4303
2.9 267.6206 570.21735 21796.842 -32117.4 2399.8 -34517.2 1534.1674
2.91 268.56478 193.23505 21945.717 -32174 2408.26 -34582.3 1541.0304
2.92 274.57463 -0.41553081 21959.847 -32087.3 2462.15 -34549.4 1540.7407
2.93 267.89133 -380.17558 22093.279 -32228.6 2402.22 -34630.8 1546.9326
2.94 279.02171 101.46429 22005.271 -31944 2502.03 -34446 1544.4746
2.95 269.10126 419.55316 21875.444 -32145.5 2413.07 -34558.5 1537.9824
2.96 271.88656 -14.382698 21995.306 -32016.7 2438.05 -34454.7 1544.7467
2.97 280.47599 -66.06089 22028.506 -32158.1 2515.07 -34673.1 1544.4833
2.98 290.41513 -88.410183 22048.088 -31944.9 2604.2 -34549.1 1546.9154
2.99 254.89885 -716.1209 22196.6 -32197.5 2285.72 -34483.3 1554.0947
3 266.66279 -94.572163 22018.767 -32166.2 2391.21 -34557.5 1546.5763
3.01 283.85972 -444.67723 22132.329 -31981.9 2545.42 -34527.3 1550.4899
3.02 265.36045 -367.80795 22073.731 -32138.8 2379.53 -34518.3 1547.7708
3.03 278.42242 -123.41378 22067.161 -31822.6 2496.66 -34319.2 1547.0841
3.04 261.64916 172.86521 21937.505 -32186.2 2346.25 -34532.4 1542.4023
3.05 262.24035 31.435074 21930.634 -31982.8 2351.55 -34334.3 1541.0605
3.06 271.09007 662.77483 21850.636 -31945.5 2430.91 -34376.4 1538.0214
3.07 258.33716 608.96775 21797.335 -32304.3 2316.55 -34620.9 1535.1003
3.08 268.47668 198.79464 21948.84 -32050.2 2407.47 -34457.7 1541.5624
3.09 270.56549 122.85831 21944.45 -32142.4 2426.2 -34568.6 1540.4556
3.1 264.19871 122.63915 21974.501 -32018.3 2369.11 -34387.4 1541.8125
3.11 271.5984 -859.32538 22209.558 -32085.2 2435.47 -34520.6 1552.7913
3.12 275.33977 -529.64481 22145.216 -32076.7 2469.02 -34545.7 1549.9284
3.13 274.64315 -210.7152 22080.089 -31920.8 2462.77 -34383.6 1547.5346
3.14 268.94205 -25.635207 21987.436 -32112.1 2411.65 -34523.8 1543.9879
3.15 267.75119 236.06524 21940.512 -31982.3 2400.97 -34383.3 1542.3555
3.16 264.40189 836.22264 21751.497 -32211.4 2370.93 -34582.3 1533.5979
3.17 274.41039 270.65156 21933.647 -31991 2460.68 -34451.7 1540.5427
3.18 260.82346 403.06049 21855.775 -32158.1 2338.85 -34496.9 1537.3213
3.19 269.33989 660.16057 21829.411 -32022.9 2415.21 -34438.1 1535.3072
3.2 284.19119 195.7613 21935.143 -31990.2 2548.39 -34538.6 1539.6218
3.21 266.52779 83.950113 22000.194 -32130.6 2390 -34520.6 1544.7677
3.22 255.81316 -118.30835 22033.93 -32277.6 2293.92 -34571.6 1545.2442
3.23 266.68404 -237.90073 22060.637 -32030.2 2391.4 -34421.6 1545.6405
3.24 257.75789 54.798905 21994.251 -32333.3 2311.36 -34644.7 1544.5687
3.25 276.05303 -141.96639 22033.607 -31981 2475.41 -34456.5 1545.5284
3.26 280.49608 283.60551 21908.203 -32041.5 2515.25 -34556.7 1540.6305
3.27 275.35226 483.33054 21877.079 -32186.6 2469.13 -34655.7 1540.053
3.28 259.36623 -127.37925 22013.421 -32204.7 2325.78 -34530.5 1544.2416
3.29 280.47254 -255.51627 22113.758 -32068.9 2515.04 -34583.9 1549.2398
3.3 263.54109 -545.12799 22120.082 -32295 2363.21 -34658.2 1549.2099
3.31 268.60796 -231.42912 22036.708 -31937.6 2408.65 -34346.2 1545.9634
3.32 273.39715 -379.86083 22051.305 -32091.8 2451.6 -34543.4 1544.825
3.33 254.99645 -566.62846 22140.021 -32080.2 2286.59 -34366.8 1549.2705
3.34 269.32271 50.139548 21984.569 -32106.4 2415.06 -34521.5 1542.229
3.35 256.38082 -11.820941 21969.438 -32250.5 2299.01 -34549.5 1541.6091
3.36 263.49301 744.48467 21803.124 -32047.4 2362.78 -34410.1 1534.1258
3.37 255.11795 209.44759 21907.538 -32252.4 2287.68 -34540.1 1540.6037
3.38 271.55847 454.60059 21865.449 -32024.7 2435.11 -34459.8 1537.1398
3.39 263.82187 45.098872 21976.575 -31957 2365.73 -34322.7 1543.7114
3.4 263.44811 599.86416 21818.807 -32170.4 2362.38 -34532.8 1536.0611
3.41 278.73464 9.8602104 21977.797 -32105 2499.46 -34604.4 1543.1653
3.42 285.84717 -500.50665 22144.191 -32002.7 2563.24 -34565.9 1550.5665
3.43 274.77019 -81.296143 22004.133 -31929.7 2463.91 -34393.6 1544.9483
3.44 280.5004 140.29281 21956.153 -31940 2515.29 -34455.3 1542.2415
3.45 266.61376 275.58307 21910.059 -32227 2390.77 -34617.8 1538.3231
3.46 278.1443 791.93475 21796.859 -32019.7 2494.16 -34513.9 1533.3656
3.47 272.6678 181.04492 21951.252 -32177.9 2445.06 -34623 1542.1779
3.48 289.78757 188.93753 21954.269 -31904.1 2598.57 -34502.6 1540.7952
3.49 274.32092 -37.986891 22021.616 -32122.1 2459.88 -34582 1543.7355
3.5 282.22063 -375.69773 22148.998 -31828.1 2530.72 -34358.8 1548.3918
3.51 275.8258 -47.934816 22020.597 -32171.7 2473.37 -34645 1544.0901
3.52 273.91855 47.558036 22014.733 -32010.4 2456.27 -34466.7 1543.3071
3.53 278.26651 227.84098 21907.015 -32114 2495.26 -34609.3 1539.0174
3.54 263.64792 412.79525 21892.952 -32140.1 2364.17 -34504.3 1539.404
3.55 276.86723 257.27517 21943.687 -32064.8 2482.71 -34547.5 1541.5586
3.56 264.32482 881.62428 21732.068 -32097.3 2370.24 -34467.5 1532.86
3.57 268.5078 526.8351 21853.399 -32087.8 2407.75 -34495.5 1538.0494
3.58 260.49278 -57.303197 21986.391 -32264.7 2335.88 -34600.6 1542.6167
3.59 267.50766 -166.97132 22058.74 -31991.1 2398.78 -34389.8 1547.3704
3.6 264.76644 -255.85757 22060.034 -32209.2 2374.2 -34583.4 1546.4729
3.61 273.02247 -196.44312 22053.288 -31956.7 2448.24 -34404.9 1546.0118
3.62 280.00358 -163.07807 22054.589 -32082.4 2510.84 -34593.3 1546.3258
3.63 272.35366 100.70485 21994.281 -32120.4 2442.24 -34562.6 1542.596
3.64 275.83329 263.48751 21963.853 -31963.2 2473.44 -34436.7 1540.456
3.65 277.95386 672.33715 21782.493 -32148.2 2492.46 -34640.7 1533.5575
3.66 279.16989 246.36892 21908.013 -32096.2 2503.36 -34599.6 1540.779
3.67 268.56253 410.73681 21894.678 -32064.4 2408.24 -34472.7 1540.0876
3.68 261.34452 258.72185 21922.415 -32227.4 2343.52 -34571 1541.0728
3.69 260.73444 262.32358 21895.06 -31990.6 2338.05 -34328.7 1540.7351
3.7 276.14515 -103.97874 22035.332 -31985.3 2476.24 -34461.5 1545.6718
3.71 269.93539 -127.64182 22026.978 -32043.2 2420.55 -34463.7 1545.6641
3.72 272.59777 8.8911223 21991.238 -32159 2444.43 -34603.4 1543.092
3.73 274.02495 646.31183 21809.376 -31991 2457.23 -34448.2 1535.4693
3.74 273.46992 153.41181 21946.415 -32142.4 2452.25 -34594.7 1540.3022
3.75 273.15347 274.8756 21944.439 -31934.5 2449.41 -34383.9 1541.3179
3.76 274.70287 -97.902087 22044.087 -31970.2 2463.3 -34433.5 1544.9877
3.77 276.07409 -274.88066 22079.05 -32015.2 2475.6 -34490.8 1546.7247
3.78 261.09611 -725.46727 22201.697 -32236 2341.29 -34577.3 1553.5426
3.79 267.41345 -230.86622 22057.351 -32096.2 2397.94 -34494.2 1546.1271
3.8 282.14647 -129.13197 22005.608 -32089 2530.05 -34619.1 1545.7379
3.81 263.2719 306.78744 21916.882 -32118.5 2360.8 -34479.3 1540.8833
3.82 281.0624 503.51933 21860.227 -31986.3 2520.33 -34506.6 1537.6294
3.83 268.86201 99.495213 21959.76 -32107.1 2410.93 -34518 1542.089
3.84 262.00511 175.88186 21948.41 -32195.5 2349.44 -34544.9 1542.9681
3.85 262.65672 -448.62439 22087.908 -32080.3 2355.28 -34435.6 1548.96
3.86 265.09065 -96.241562 22031.853 -32101.3 2377.11 -34478.4 1546.8245
3.87 263.65982 -289.84815 22076.786 -32221 2364.28 -34585.3 1547.8401
3.88 286.58628 -383.1544 22127.271 -31983.2 2569.86 -34553 1549.4179
3.89 270.285 -824.34556 22235.303 -31991.6 2423.69 -34415.3 1554.1889
3.9 249.14666 -188.19119 22038.733 -32269.6 2234.14 -34503.7 1546.1149
3.91 268.33093 -321.46779 22064.942 -32050.8 2406.17 -34457 1547.6152
3.92 264.15042 306.5578 21908.346 -32155 2368.68 -34523.6 1538.8254
3.93 268.21227 42.255542 21956.878 -32129.2 2405.1 -34534.3 1541.4652
3.94 282.71987 382.07581 21886.16 -31925.5 2535.19 -34460.7 1538.1349
3.95 265.59531 -37.653162 21989.008 -32200.9 2381.64 -34582.5 1542.9389
3.96 271.59895 -502.49143 22100.548 -32031.4 2435.47 -34466.9 1549.0006
3.97 255.07258 -47.250567 21977.494 -32300.9 2287.28 -34588.2 1542.7749
3.98 262.59724 140.48526 21974.826 -32010.5 2354.75 -34365.2 1543.9166
3.99 272.64525 86.1045 21999.326 -31899.7 2444.85 -34344.6 1544.5187
4 266.62675 -23.816662 21959.987 -32147.5 2390.88 -34538.4 1542.003
4.01 278.60945 -101.62287 22043.552 -31882.9 2498.34 -34381.2 1545.9366
4.02 270.15497 -122.05321 22047.334 -32040.7 2422.52 -34463.3 1544.7272
4.03 271.06721 -352.67179 22097.025 -32112.3 2430.7 -34543 1546.585
4.04 258.11413 -178.22514 22038.654 -32199.5 2314.55 -34514.1 1544.332
4.05 264.36602 -230.57066 22062.241 -32065.1 2370.61 -34435.7 1546.3792
4.06 266.48131 -190.696 22022.714 -32198.2 2389.58 -34587.8 1543.9662
4.07 290.00915 160.90197 21990.496 -31900.4 2600.56 -34500.9 1544.726
4.08 273.85389 338.35567 21898.816 -32100.6 2455.69 -34556.3 1538.8961
4.09 267.78346 19.330622 22006.182 -31949.5 2401.26 -34350.8 1544.5493
4.1 262.37314 213.52921 21911.873 -32211.1 2352.74 -34563.9 1540.1845
4.11 267.1122 139.54174 21954.063 -32124.5 2395.24 -34519.7 1542.0756
4.12 275.00435 2.4679697 22003.182 -31973.5 2466.01 -34439.5 1545.2148
4.13 264.44925 -177.22837 22038.066 -32037.1 2371.36 -34408.5 1544.5523
4.14 273.02294 -635.38869 22187.225 -32013.6 2448.24 -34461.9 1552.4548
4.15 261.81743 -404.35183 22086.344 -32202.3 2347.76 -34550 1548.8637
4.16 259.16644 -256.21964 22027.168 -32060.2 2323.99 -34384.1 1545.4009
4.17 251.33383 598.18599 21827.728 -32297.7 2253.75 -34551.5 1536.4025
4.18 272.19053 493.37501 21884.076 -31966 2440.78 -34406.8 1539.04
4.19 264.99662 390.51028 21923.852 -32181 2376.27 -34557.2 1542.5614
4.2 267.1393 497.70229 21862.58 -32048.9 2395.48 -34444.3 1538.3012
4.21 268.78199 387.74551 21884.594 -32130.3 2410.21 -34540.5 1539.794
4.22 274.27008 26.160402 21985.616 -32043.7 2459.42 -34503.1 1543.8795
4.23 275.40029 35.891814 21970.506 -32049.4 2469.56 -34518.9 1541.4965
4.24 268.19396 -480.15167 22131.057 -32050.1 2404.94 -34455 1549.5134
4.25 271.50862 -466.09851 22111.772 -32102 2434.66 -34536.7 1548.0197
4.26 281.76825 -247.64683 22096.479 -31927.9 2526.66 -34454.6 1546.2823
4.27 269.5714 -132.89821 22058.192 -32087.7 2417.29 -34505 1544.9168
4.28 270.84924 100.30401 22010.946 -31999.6 2428.75 -34428.4 1544.2912
4.29 276.99411 404.88936 21913.413 -32017.9 2483.85 -34501.8 1541.6102
4.3 272.37856 94.214029 21996.177 -31962.7 2442.46 -34405.2 1545.5093
4.31 262.61794 332.22934 21891.869 -32162.6 2354.94 -34517.5 1541.2085
4.32 271.44659 113.25341 21960.375 -32054.1 2434.1 -34488.2 1543.7927
4.33 260.05071 19.395455 21954.893 -32178.3 2331.92 -34510.3 1541.5583
4.34 278.53307 -103.96682 22052.527 -31919.5 2497.65 -34417.2 1545.4088
4.35 273.00948 -443.52359 22096.718 -32093 2448.12 -34541.1 1546.9602
4.36 279.44035 -913.26466 22277.17 -31852.5 2505.79 -34358.3 1553.5954
4.37 270.59815 -170.32998 22050.283 -32106 2426.5 -34532.5 1544.4064
4.38 269.88361 153.13731 21944.465 -32030.3 2420.09 -34450.4 1540.9698
4.39 259.29382 427.73843 21879.553 -32176.6 2325.13 -34501.8 1540.4144
4.4 271.07054 804.11344 21804.768 -31940.7 2430.73 -34371.5 1536.1554
4.41 271.88561 99.371515 21945.423 -32047.2 2438.04 -34485.3 1542.5449
4.42 269.42569 -31.664317 22017.74 -32108.1 2415.98 -34524.1 1546.9283
4.43 277.03654 -52.574199 22031.395 -32010.3 2484.23 -34494.5 1546.0011
4.44 262.36722 -529.5147 22149.484 -32181.3 2352.69 -34534 1551.8897
4.45 257.15825 -348.46926 22075.858 -32153.3 2305.98 -34459.3 1546.664
4.46 253.41273 -177.7302 22009.367 -32215 2272.39 -34487.4 1544.8028
4.47 270.91993 -209.51624 22047.092 -32037.2 2429.38 -34466.6 1546.7356
4.48 266.24718 -491.89444 22166.658 -31893.4 2387.48 -34280.9 1551.9273
4.49 265.22255 -530.9505 22100.258 -32129.4 2378.29 -34507.7 1548.9259
4.5 269.00986 -168.76742 22053.608 -31922.8 2412.25 -34335 1547.1484
4.51 265.53222 34.662973 21970.223 -32149 2381.07 -34530 1542.7209
4.52 275.30997 496.55029 21863.115 -32013.2 2468.75 -34481.9 1538.346
4.53 253.33205 460.39483 21810.083 -32274.4 2271.67 -34546.1 1536.0838
4.54 274.78243 184.88575 21966.702 -32058.6 2464.02 -34522.6 1542.172
4.55 272.18582 416.37961 21898.879 -32007.3 2440.73 -34448 1539.3226
4.56 257.90783 142.53577 21950.511 -32124.2 2312.7 -34436.9 1541.8403
4.57 294.98657 -134.27397 22073.245 -31906.1 2645.19 -34551.3 1546.7028
4.58 266.15055 -304.02849 22072.237 -32169.7 2386.61 -34556.3 1546.0758
4.59 264.50032 -804.9961 22210.741 -32162.3 2371.82 -34534.1 1551.4812
4.6 255.42765 -240.43964 22033.475 -32192.5 2290.46 -34482.9 1544.88
4.61 267.05414 -555.32789 22117.558 -32058.5 2394.72 -34453.2 1548.0642
4.62 269.77061 47.936748 21988.464 -32194.1 2419.08 -34613.1 1543.8586
4.63 270.84567 233.45522 21928.071 -32147.7 2428.72 -34576.4 1542.1338
4.64 268.44428 259.2274 21908.981 -31951.6 2407.18 -34358.8 1540.5196
4.65 281.05169 764.67192 21812.5 -32083.2 2520.24 -34603.4 1535.6887
4.66 280.93624 540.48818 21887.542 -31974.6 2519.2 -34493.8 1538.8679
4.67 266.30398 375.78306 21884.007 -32336.2 2387.99 -34724.2 1538.0395
4.68 272.50763 123.12201 21973.998 -32055.3 2443.62 -34498.9 1541.8167
4.69 260.44088 483.28244 21835.844 -32260.4 2335.41 -34595.8 1535.1649
4.7 268.12287 -14.186769 21993.651 -32152.2 2404.3 -34556.5 1543.0757
4.71 269.74077 138.19886 21968.87 -31869.6 2418.81 -34288.4 1542.2446
4.72 289.1282 -16.886603 21995.731 -32161.7 2592.66 -34754.4 1543.7528
4.73 261.61707 -583.02288 22165.92 -32096.9 2345.96 -34442.8 1550.8703
4.74 255.36061 -772.35641 22197.272 -32241.2 2289.86 -34531.1 1553.5276
4.75 265.43712 -25.163485 22002.717 -31961.4 2380.22 -34341.6 1544.4193
4.76 264.72546 -268.49989 22085.455 -32094.5 2373.84 -34468.4 1548.5863
4.77 273.87716 83.727966 22012.945 -31894.6 2455.9 -34350.5 1545.4811
4.78 271.18518 -611.16285 22145.165 -32148.7 2431.76 -34580.5 1551.0165
4.79 268.86992 -118.08196 22031.39 -32025.2 2411 -34436.2 1545.1451
4.8 264.28779 -431.18163 22093.3 -32257.5 2369.91 -34627.4 1547.99
4.81 270.41396 62.367595 21992.107 -32048.8 2424.84 -34473.7 1543.2599
4.82 251.02423 311.55834 21874.199 -32143.9 2250.97 -34394.9 1537.9827
4.83 276.39907 189.33405 21976.512 -32094.9 2478.51 -34573.4 1542.6042
4.84 262.07121 425.46987 21873.437 -32126.6 2350.03 -34476.6 1538.5628
4.85 254.38735 215.04764 21896.58 -32235.2 2281.13 -34516.3 1538.6021
4.86 280.55994 946.95434 21730.58 -31987 2515.83 -34502.8 1530.9225
4.87 261.8601 136.93982 21927.488 -32194.1 2348.14 -34542.3 1539.8183
4.88 270.23589 -211.07231 22004.627 -32093.3 2423.25 -34516.5 1544.9097
4.89 265.58944 -485.75795 22090.055 -32119.3 2381.58 -34500.9 1548.2269
4.9 283.02624 -812.85036 22248.947 -31812.9 2537.94 -34350.8 1555.8926
4.91 270.57781 -184.11763 22030.286 -32072.6 2426.31 -34498.9 1545.9729
4.92 268.63868 -345.8076 22106.638 -31989.6 2408.93 -34398.5 1548.2447
4.93 266.38162 -153.04813 22024.536 -32231.9 2388.69 -34620.5 1544.7153
4.94 270.22876 -429.9902 22120.293 -32034.2 2423.18 -34457.4 1549.1064
4.95 272.52274 -737.62782 22202.422 -32110.7 2443.75 -34554.4 1553.3226
4.96 264.27003 -622.02102 22128.061 -32099.9 2369.75 -34469.6 1549.3356
4.97 278.10991 67.437399 21991.242 -31941.3 2493.86 -34435.1 1543.5965
4.98 274.07624 312.67175 21896.369 -32116.3 2457.69 -34574 1539.0678
4.99 279.80855 626.33696 21817.917 -31908.9 2509.09 -34418 1534.228
5 263.7376 203.49018 21939.51 -32108.2 2364.98 -34473.2 1540.4413
5.01 272.92424 588.68724 21864.056 -32005.5 2447.36 -34452.9 1538.871
5.02 253.23347 303.58432 21876.649 -32326.1 2270.78 -34596.9 1539.2039
5.03 267.07432 337.43834 21950.24 -31960.6 2394.9 -34355.5 1543.2897
5.04 278.8328 -20.421925 22001.545 -31953.6 2500.34 -34454 1544.4074
5.05 274.50437 -429.35798 22113.682 -32000.1 2461.52 -34461.6 1550.1255
5.06 262.59194 -14.08404 21968.847 -32224.9 2354.7 -34579.6 1543.3881
5.07 269.61314 669.99395 21799.539 -32058.2 2417.66 -34475.8 1534.8288
5.08 261.04673 89.466775 21957.621 -32242.6 2340.85 -34583.5 1541.9297
5.09 281.41825 -148.1752 22044.201 -32028.5 2523.52 -34552 1545.9417
5.1 246.80353 77.63748 21948.964 -32241.1 2213.13 -34454.2 1541.5573
5.11 280.00932 389.98677 21883.491 -31997.1 2510.89 -34508 1538.0585
5.12 267.06065 228.99388 21935.573 -32142.6 2394.78 -34537.3 1540.8343
5.13 275.14046 328.44553 21912.12 -31996.9 2467.23 -34464.1 1538.9887
5.14 267.57386 501.46105 21855.281 -32051.3 2399.38 -34450.7 1538.2871
5.15 264.68639 393.12338 21862.874 -32157.9 2373.48 -34531.4 1537.2015
5.16 261.35347 -380.16453 22058.036 -32092.1 2343.6 -34435.7 1546.6993
5.17 271.54105 -383.61549 22113.602 -32089.4 2434.95 -34524.3 1549.4309
5.18 286.62362 -154.81193 22040.572 -32019.5 2570.2 -34589.7 1548.2465
5.19 269.54632 -688.9184 22143.13 -32340.1 2417.06 -34757.1 1550.8245
5.2 279.32317 -402.73344 22076.615 -31981.6 2504.74 -34486.3 1547.9555
5.21 273.52321 -118.86936 22043.52 -31968.6 2452.73 -34421.3 1545.9868
5.22 259.41568 405.55478 21854.835 -32318.4 2326.22 -34644.6 1538.2712
5.23 272.41257 249.52776 21934.534 -32011 2442.77 -34453.8 1539.2823
5.24 267.43971 655.52836 21816.916 -32151.9 2398.17 -34550.1 1535.2631
5.25 290.24079 436.265 21935.147 -31921.6 2602.64 -34524.2 1541.5397
5.26 275.51123 140.43484 21943.703 -32090 2470.55 -34560.5 1540.429
5.27 276.91455 -71.919976 22010.548 -32017.4 2483.14 -34500.6 1544.5679
5.28 261.49612 -438.1271 22133.526 -31956.9 2344.88 -34301.8 1550.03
5.29 271.45825 -342.95288 22053.161 -32213.3 2434.21 -34647.5 1545.3379
5.3 269.82196 -204.00416 22044.281 -32037.2 2419.54 -34456.7 1546.0685
5.31 263.1099 -572.4282 22164.458 -32147.2 2359.35 -34506.5 1551.2081
5.32 281.87232 -111.09164 22041.381 -31983.2 2527.59 -34510.8 1545.1531
5.33 262.35147 319.47818 21860.735 -32201.7 2352.55 -34554.3 1538.898
5.34 274.63352 399.38822 21855.705 -32131.5 2462.68 -34594.2 1538.5202
5.35 272.44107 240.95721 21906.598 -31991.6 2443.02 -34434.6 1540.6544
5.36 264.97923 92.827276 21974.201 -32177 2376.11 -34553.1 1543.5358
5.37 276.89534 -26.397028 21984.892 -31952.1 2482.96 -34435.1 1543.2803
5.38 277.2475 -210.28194 22074.108 -31968.5 2486.12 -34454.7 1547.2951
5.39 266.58428 -69.516449 22000.551 -32098.6 2390.5 -34489.1 1543.0592
5.4 273.97211 253.14518 21912.828 -32023.4 2456.75 -34480.1 1539.5852
5.41 255.76396 222.53851 21920.87 -32188.1 2293.48 -34481.5 1540.0117
5.42 275.11729 632.57707 21821.156 -32088.7 2467.02 -34555.7 1536.9402
5.43 259.65581 655.5414 21788.082 -32181.5 2328.37 -34509.8 1533.9767
5.44 264.47134 -51.085612 21987.145 -31919.9 2371.56 -34291.4 1543.947
5.45 264.53379 95.586064 21967.775 -32125.7 2372.12 -34497.8 1542.7885
5.46 272.30033 -569.39283 22132.96 -32028.5 2441.76 -34470.2 1550.8901
5.47 254.138 -409.65588 22083.416 -32302.2 2278.9 -34581.1 1548.5262
5.48 269.79284 -283.48492 22096.9 -32060.2 2419.28 -34479.5 1549.178
5.49 279.91172 -635.71742 22177.176 -32093.2 2510.01 -34603.2 1551.3488
5.5 269.08966 -634.39496 22182.947 -32015.4 2412.97 -34428.3 1551.7336
5.51 276.89921 31.924257 22002.756 -32001.4 2483 -34484.4 1543.3
5.52 272.93792 284.34436 21921.802 -32093.9 2447.48 -34541.4 1539.2324
5.53 268.67607 1093.1207 21695.304 -32073.2 2409.26 -34482.5 1530.354
5.54 285.82744 707.02151 21833.405 -32010 2563.06 -34573.1 1536.15
5.55 272.47049 87.175149 21952.116 -32149.6 2443.29 -34592.8 1542.0265
5.56 266.50932 -9.9235548 22007.108 -32060.4 2389.83 -34450.3 1544.524
5.57 269.37452 -452.01437 22108.709 -32129.7 2415.52 -34545.2 1550.3726
5.58 276.26779 -605.23988 22181.47 -31967.5 2477.34 -34444.8 1553.5953
5.59 260.5911 -89.30042 22000.867 -32318.6 2336.76 -34655.3 1543.3575
5.6 260.62624 -134.02166 21997.68 -32053.8 2337.08 -34390.9 1544.9692
5.61 260.68532 -19.474677 21979.827 -32105.5 2337.61 -34443.1 1542.6026
5.62 264.14443 114.41693 21968.661 -32171.7 2368.63 -34540.3 1541.5377
5.63 272.46127 523.9495 21861.841 -31879.1 2443.2 -34322.3 1535.2018
5.64 271.95012 349.80321 21901.584 -32109.5 2438.62 -34548.1 1537.8054
5.65 279.94406 525.52873 21847.734 -32111.5 2510.3 -34621.8 1536.2429
5.66 276.96485 114.83602 21974.889 -31995.2 2483.59 -34478.8 1541.9847
5.67 260.45976 -27.61994 21984.462 -32244.2 2335.58 -34579.8 1543.7257
5.68 268.39955 -398.6455 22074.423 -32017.7 2406.78 -34424.5 1547.579
5.69 260.00999 -588.78851 22179.166 -32169 2331.55 -34500.6 1552.9671
5.7 271.85505 -25.540083 22002.733 -32107.1 2437.77 -34544.9 1544.0635
5.71 277.31631 191.07948 21991.84 -31878.4 2486.74 -34365.1 1544.4237
5.72 265.07935 247.40095 21913.255 -32145 2377.01 -34522 1538.7136
5.73 270.55247 264.13587 21885.928 -32049 2426.09 -34475.1 1537.6199
5.74 279.69777 324.56766 21893.704 -32055.4 2508.09 -34563.5 1538.6761
5.75 266.50163 150.24956 21931.35 -32157.4 2389.76 -34547.1 1540.7794
5.76 285.55262 -406.92157 22124.307 -31826 2560.6 -34386.6 1548.4165
5.77 271.66189 -400.68943 22111.466 -32012.3 2436.04 -34448.3 1548.6859
5.78 276.50667 -306.9078 22098.187 -32032.4 2479.48 -34511.8 1548.3061
5.79 268.19827 -332.32134 22133.699 -32044.4 2404.98 -34449.4 1549.0816
5.8 274.09391 -541.39158 22171.872 -32070.3 2457.84 -34528.2 1552.6823
5.81 264.22289 -246.14384 22050.056 -32009.5 2369.33 -34378.9 1547.6833
5.82 265.56201 -243.71673 22048.967 -32170.4 2381.34 -34551.7 1548.3164
5.83 273.46631 168.12526 21958.232 -32053.6 2452.22 -34505.8 1541.8937
5.84 270.02693 740.59424 21792.043 -32187.9 2421.37 -34609.3 1533.844
5.85 260.52505 322.0428 21931.187 -32121.8 2336.17 -34457.9 1539.395
5.86 282.50164 302.92581 21913.1 -31955.3 2533.24 -34488.5 1538.4124
5.87 259.70536 181.71966 21934.218 -32237.5 2328.82 -34566.3 1542.1914
5.88 269.66726 -100.18436 22043.098 -31999.9 2418.15 -34418 1544.1338
5.89 262.59568 -134.00064 22029.794 -32118.8 2354.74 -34473.5 1544.1676
5.9 279.28057 -593.31261 22171.264 -31948.6 2504.35 -34453 1550.2714
5.91 252.8589 -183.09383 21991.627 -32040.5 2267.43 -34308 1542.8525
5.92 287.71792 -220.27138 22066.686 -31856.9 2580.01 -34436.9 1546.9766
5.93 273.82587 -507.21706 22182.974 -32109.9 2455.44 -34565.3 1552.0758
5.94 266.22804 -507.67127 22102.051 -31834.8 2387.31 -34222.1 1550.819
5.95 266.41696 -105.41711 22002.186 -32026.4 2389 -34415.4 1545.3669
5.96 266.67261 208.11815 21935.554 -31956.8 2391.3 -34348.1 1540.5218
5.97 265.5471 199.32227 21889.127 -32274.5 2381.2 -34655.7 1536.7863
5.98 275.60251 535.26365 21843.432 -32033.1 2471.37 -34504.5 1536.121
5.99 266.96388 186.34657 21929.39 -32107.7 2393.91 -34501.6 1540.0959
6 271.3161 -239.87386 22066.902 -31899.3 2432.93 -34332.3 1546.0058
6.01 274.60917 -534.34632 22131.451 -32099.7 2462.46 -34562.2 1550.7624
6.02 277.26817 -307.31511 22077.266 -31903.2 2486.31 -34389.5 1547.64
6.03 257.74437 -560.07119 22139.849 -32071.3 2311.23 -34382.5 1552.377
6.04 269.60291 -455.49086 22128.216 -32014.3 2417.57 -34431.8 1551.7703
6.05 269.39203 -2.2093356 21988.392 -32110.2 2415.68 -34525.8 1545.8412
6.06 260.84825 179.66756 21956.426 -31977.6 2339.07 -34316.7 1541.8241
6.07 249.94659 -6.2043728 21963.97 -32218.7 2241.31 -34460 1541.8222
6.08 266.48573 281.02812 21887.362 -31981.2 2389.62 -34370.9 1538.0747
6.09 262.88133 218.60644 21931.685 -32262 2357.3 -34619.3 1540.1364
6.1 270.39641 273.37564 21895.717 -32058.8 2424.69 -34483.5 1538.4474
6.11 263.30857 -28.30106 21969.075 -32290.2 2361.13 -34651.4 1541.7684
6.12 269.32016 -469.89406 22128.398 -32080.9 2415.04 -34496 1549.8782
6.13 267.67553 -188.75282 22089.751 -31970.3 2400.29 -34370.6 1548.4482
6.14 276.38226 -332.9428 22140.303 -31937 2478.36 -34415.4 1551.768
6.15 268.94314 12.145481 22032.347 -32107.2 2411.66 -34518.9 1546.0053
6.16 281.60403 -85.751726 22046.414 -31860.9 2525.19 -34386 1547.0051
6.17 271.07282 271.00662 21920.072 -32131.4 2430.75 -34562.1 1540.3559
6.18 262.95409 487.81077 21831.323 -32279.6 2357.95 -34637.6 1535.0881
6.19 267.03913 287.50182 21919.797 -32032.5 2394.58 -34427.1 1538.8024
6.2 261.5902 459.50689 21846.664 -32228.1 2345.72 -34573.8 1535.6365
6.21 265.88604 892.0281 21746.21 -32117.6 2384.24 -34501.9 1530.8956
6.22 264.90452 173.57708 21969.95 -32082.5 2375.44 -34457.9 1542.2132
6.23 266.56801 91.305273 21990.347 -32158.3 2390.36 -34548.7 1543.1492
6.24 264.79796 20.051029 21972.737 -32190.1 2374.49 -34564.6 1543.4504
6.25 276.01227 47.990052 21965.956 -31996.7 2475.05 -34471.8 1542.3804
6.26 266.41703 107.07094 21949.166 -32121.3 2389 -34510.3 1543.5132
6.27 275.2247 -183.2625 22035.868 -31925.8 2467.98 -34393.8 1546.8132
6.28 277.24619 117.28766 22019.213 -32023.2 2486.11 -34509.3 1545.0086
6.29 271.54413 -330.64147 22123.967 -32129.8 2434.98 -34564.8 1549.3485
6.3 271.27644 65.457287 21977.349 -32066.8 2432.58 -34499.4 1543.0911
6.31 277.27148 664.83062 21803.671 -32160 2486.34 -34646.3 1534.2046
6.32 263.21218 -101.85024 21999.163 -31982.2 2360.27 -34342.4 1542.5339
6.33 266.19483 -324.80001 22067.564 -32228.9 2387.01 -34615.9 1545.4489
6.34 269.85374 -775.43272 22222.141 -32041.2 2419.82 -34461 1551.0894
6.35 262.00966 -202.1807 22021.164 -32039.5 2349.48 -34389 1544.6778
6.36 290.66963 64.155295 21970.386 -31895.9 2606.48 -34502.4 1542.8933
6.37 275.64507 780.86913 21780.488 -32039.4 2471.75 -34511.2 1533.0956
6.38 273.06008 450.79128 21895.965 -32148.9 2448.57 -34597.4 1540.8652
6.39 273.06165 505.14571 21859.177 -32000.1 2448.59 -34448.7 1537.9215
6.4 262.12384 -244.41731 22023.158 -32093.2 2350.51 -34443.7 1546.2749
6.41 277.51741 -438.51799 22141.485 -31858.7 2488.54 -34347.2 1551.0552
6.42 268.57372 -403.95368 22133.487 -32027.6 2408.34 -34436 1550.2804
6.43 275.40446 -260.70834 22053.457 -31977 2469.6 -34446.6 1546.1851
6.44 263.33268 -507.91683 22152.785 -32242.5 2361.35 -34603.8 1549.9845
6.45 277.02852 -274.2911 22082.657 -31913.1 2484.16 -34397.3 1547.835
6.46 268.1572 -19.15893 22007.546 -32096.3 2404.61 -34500.9 1543.9589
6.47 273.71056 215.55844 21930.643 -31858.4 2454.41 -34312.9 1540.3172
6.48 270.80738 220.44233 21941.735 -32126.4 2428.37 -34554.8 1540.3673
6.49 270.91565 -358.33956 22061.306 -32044.7 2429.34 -34474 1547.0421
6.5 266.74675 -426.00801 22133.54 -32096.5 2391.96 -34488.5 1550.5216
6.51 265.28395 -208.99747 22033.395 -32084.9 2378.84 -34463.7 1547.0047
6.52 272.60082 42.512208 21985.028 -31939.1 2444.45 -34383.6 1544.7346
6.53 267.58894 601.93459 21820.907 -32222.6 2399.51 -34622.1 1535.241
6.54 274.80849 -21.681589 21997.879 -32016.7 2464.25 -34480.9 1542.9665
6.55 278.68837 225.07866 21923.213 -31965.5 2499.04 -34464.6 1538.684
6.56 271.8217 151.37704 21964.407 -31955.2 2437.47 -34392.7 1540.9445
6.57 272.96468 83.299392 21953.813 -32092.4 2447.72 -34540.1 1539.5259
6.58 274.3975 236.2296 21959.668 -32053.6 2460.57 -34514.2 1540.8311
6.59 277.20907 671.53059 21823.656 -32145.4 2485.78 -34631.1 1535.9308
6.6 268.1859 741.5322 21773.175 -32165.6 2404.87 -34570.5 1534.5917
6.61 248.81598 362.32365 21899.636 -32179 2231.17 -34410.2 1540.0379
6.62 269.70443 91.311699 21980.311 -32018.8 2418.48 -34437.3 1544.4032
6.63 271.4297 -182.17843 22043.176 -32095 2433.95 -34529 1547.1809
6.64 275.9842 -21.667988 22017.516 -31844.1 2474.79 -34318.9 1544.8053
6.65 275.29319 -171.70789 22057.1 -31964.4 2468.6 -34433 1545.4334
6.66 273.74795 -609.88156 22179.846 -32109.1 2454.74 -34563.9 1551.8502
6.67 266.73082 -409.34328 22103.948 -32014.7 2391.82 -34406.5 1547.8367
6.68 269.12838 -30.185605 22009.863 -32148.2 2413.32 -34561.5 1543.9709
6.69 258.47715 -24.48755 21984.775 -31904.6 2317.81 -34222.4 1542.2249
6.7 266.13948 171.42458 21959.124 -32003.4 2386.52 -34389.9 1542.2835
6.71 259.81524 102.93059 21946.513 -32321.7 2329.8 -34651.5 1542.093
6.72 276.8177 350.52733 21893.249 -32046.6 2482.27 -34528.9 1538.77
6.73 264.11815 575.11877 21816.306 -32160.5 2368.39 -34528.9 1537.1254
6.74 278.09952 828.17494 21776.873 -31943.8 2493.76 -34437.6 1533.6777
6.75 260.59777 175.96949 21949.91 -32116.4 2336.82 -34453.2 1542.1408
6.76 276.32249 -39.780497 22004.751 -32001.8 2477.83 -34479.6 1543.5878
6.77 262.0087 -238.86208 22041.543 -32157.2 2349.47 -34506.7 1544.3775
6.78 267.53689 -574.45475 22133.471 -31874.8 2399.05 -34273.8 1548.7045
6.79 260.41362 -174.97728 22026.978 -32163 2335.17 -34498.2 1544.087
6.8 281.29944 -476.69022 22130.439 -31886.6 2522.46 -34409 1548.7534
6.81 252.30353 -93.428128 22009.679 -32198.4 2262.45 -34460.9 1543.4312
6.82 276.95816 107.96309 21953.337 -32008.5 2483.53 -34492.1 1542.8492
6.83 269.10803 546.58118 21856.753 -32039.5 2413.13 -34452.6 1537.9345
6.84 269.97217 304.43042 21866.831 -32170.7 2420.88 -34591.6 1538.4186
6.85 266.04884 253.01875 21929.847 -32191.6 2385.7 -34577.3 1542.22
6.86 266.39931 -190.84161 22031.002 -31986.6 2388.85 -34375.5 1546.2844
6.87 267.6767 -530.34729 22137.296 -32132 2400.3 -34532.3 1550.4968
6.88 265.98566 -436.24281 22125.364 -31888.7 2385.14 -34273.8 1550.2562
6.89 266.4246 -190.42079 22023.121 -32012 2389.07 -34401.1 1543.6291
6.9 270.86356 16.988856 21959.717 -32107.2 2428.88 -34536 1539.8374
6.91 277.60356 460.69527 21853.103 -31992.9 2489.32 -34482.2 1534.6724
6.92 269.85293 60.186368 21975.065 -32139.9 2419.81 -34559.8 1541.2974
6.93 271.57156 -87.330672 22052.572 -32183.3 2435.23 -34618.5 1547.1072
6.94 271.43987 -461.01453 22107.256 -31975.5 2434.04 -34409.5 1550.5965
6.95 273.33787 -733.33435 22230.54 -32094.4 2451.06 -34545.5 1556.1126
6.96 277.29793 -311.13455 22085.161 -31982.5 2486.57 -34469.1 1548.9946
6.97 268.89107 -445.14566 22131.504 -31989.1 2411.19 -34400.3 1550.6546
6.98 274.86065 -66.702172 22014.629 -31939.7 2464.72 -34404.5 1544.2794
6.99 268.39017 -47.035131 21963.13 -32093.1 2406.7 -34499.8 1542.5311
7 281.00819 -12.0822 21993.745 -32019.8 2519.85 -34539.6 1543.6427
7.01 257.01194 -438.8356 22100.571 -32346.4 2304.67 -34651.1 1547.8766
7.02 273.30584 6.630768 21971.565 -31973.6 2450.78 -34424.4 1543.6136
7.03 269.31997 447.17345 21864.632 -32038.1 2415.03 -34453.2 1537.4565
7.04 275.57212 128.23472 21973.59 -32086 2471.1 -34557.1 1541.8518
7.05 267.0887 57.875574 21981.249 -32017.4 2395.03 -34412.4 1543.0537
7.06 272.98141 81.206552 21977.719 -32083.3 2447.87 -34531.2 1543.3828
7.07 278.81029 494.86211 21888.887 -31863.9 2500.14 -34364.1 1540.0992
7.08 273.81638 298.19801 21865.409 -32108.1 2455.36 -34563.4 1538.904
7.09 261.93385 338.88498 21931.424 -31994.2 2348.8 -34343 1540.5765
7.1 250.06947 865.37913 21771.204 -32284.7 2242.41 -34527.1 1534.2363
7.11 271.02696 264.92706 21932.363 -32048.3 2430.34 -34478.7 1539.9804
7.12 248.32201 -75.28006 21979.462 -32392.2 2226.74 -34618.9 1542.7391
7.13 269.55199 -552.1276 22161.728 -32075 2417.12 -34492.1 1551.0249
7.14 273.00357 -352.58669 22076.013 -32063.3 2448.07 -34511.4 1546.3578
7.15 276.05487 -790.85518 22200.49 -32069.5 2475.43 -34545 1552.2431
7.16 264.41075 88.14658 21970.503 -32183 2371.01 -34554 1542.3075
7.17 273.52841 124.2459 21988.118 -31969.2 2452.77 -34422 1543.4583
7.18 254.55239 165.06133 21966.412 -32090.5 2282.61 -34373.1 1541.5673
7.19 277.97916 476.27027 21911.489 -31922.5 2492.68 -34415.1 1540.0065
7.2 261.92796 196.26412 21912.603 -32186.6 2348.75 -34535.3 1540.4861
7.21 269.60227 -15.095749 21983.482 -31945.9 2417.57 -34363.5 1544.5257
7.22 270.57236 123.23664 21968.319 -32210.8 2426.27 -34637 1542.6099
7.23 280.0866 -123.99393 22047.657 -32033.1 2511.58 -34544.7 1546.6053
7.24 273.28509 -579.39578 22178.847 -32131.1 2450.59 -34581.7 1552.0886
7.25 260.91624 -360.75074 22087.608 -32117.5 2339.68 -34457.2 1546.9315
7.26 267.37524 -240.78466 22062.764 -32024.9 2397.6 -34422.5 1546.1252
7.27 268.62008 109.87136 21960.16 -32293.3 2408.76 -34702 1542.0684
7.28 278.17999 516.06915 21845.241 -32020.1 2494.48 -34514.6 1535.195
7.29 277.14005 92.215228 21940.799 -32023.5 2485.16 -34508.6 1540.9374
7.3 264.30121 373.11001 21862.331 -32148.9 2370.03 -34518.9 1538.0793
7.31 276.67534 10.497839 21984.662 -31857.9 2480.99 -34338.9 1543.9906
7.32 275.63398 598.31431 21837.055 -32091.1 2471.65 -34562.7 1536.1032
7.33 278.71834 333.68656 21886.123 -32048.6 2499.31 -34547.9 1539.9768
7.34 259.08424 270.69974 21914.741 -32153.4 2323.25 -34476.7 1540.8993
7.35 271.44223 -133.94959 22007.956 -32005 2434.07 -34439 1545.3378
7.36 253.53094 -265.56859 21981.432 -32363.2 2273.45 -34636.7 1542.5428
7.37 283.31102 -273.84543 22070.937 -32036.8 2540.49 -34577.3 1545.5891
7.38 269.30591 -528.06438 22133.723 -32109.4 2414.91 -34524.3 1549.1625
7.39 275.1725 -753.68805 22237.048 -31906.2 2467.52 -34373.7 1553.1363
7.4 261.11079 -193.7668 22026.435 -32176 2341.42 -34517.4 1544.4497
7.41 267.62454 -376.78643 22101.117 -32014.1 2399.83 -34413.9 1547.4362
7.42 261.7167 -285.77045 22066.571 -32182.2 2346.86 -34529.1 1546.0999
7.43 257.32134 351.73055 21898.679 -32004.5 2307.44 -34311.9 1539.5819
7.44 278.646 258.29464 21941.778 -31962.8 2498.66 -34461.5 1542.1424
7.45 263.28728 338.35223 21871.814 -32193.6 2360.94 -34554.5 1538.4737
7.46 279.71444 303.9039 21940.091 -31771 2508.24 -34279.3 1543.502
7.47 258.26213 250.2631 21923.193 -32186.2 2315.88 -34502 1541.2584
7.48 282.42429 -109.05503 22019.322 -31919.5 2532.54 -34452 1544.3562
7.49 265.32988 -358.71256 22070.577 -32167.5 2379.26 -34546.7 1546.778
7.5 273.58541 -303.192 22091.3 -32106.5 2453.28 -34559.8 1549.0196
7.51 274.78049 -672.8943 22252.04 -31982.7 2464 -34446.7 1555.2443
7.52 269.35069 -308.33433 22091.967 -32050.5 2415.31 -34465.8 1546.3405
7.53 272.90503 -337.33566 22063.207 -32206.3 2447.18 -34653.4 1545.7224
7.54 279.53686 14.405503 22005.663 -32042.7 2506.65 -34549.3 1544.2719
7.55 264.46301 -403.93941 22116.385 -32182 2371.48 -34553.5 1549.4049
7.56 278.30244 -106.15752 22039.588 -32033.4 2495.58 -34529 1544.7262
7.57 278.77165 -53.186213 22007.834 -32141.4 2499.79 -34641.2 1544.7578
7.58 259.83956 -37.073291 22006.021 -32028.1 2330.02 -34358.1 1544.2598
7.59 271.82869 -786.75649 22226.846 -32017.4 2437.53 -34454.9 1554.5744
7.6 269.90678 -303.32076 22074.995 -32124.4 2420.3 -34544.7 1548.7376
7.61 268.05307 549.07442 21847.965 -32024.7 2403.67 -34428.4 1536.1525
7.62 278.51034 295.05268 21942.948 -31883.8 2497.45 -34381.2 1539.763
7.63 262.50224 210.50319 21887.019 -32112.6 2353.9 -34466.5 1538.0626
7.64 274.88011 53.318775 22014.673 -31782.4 2464.89 -34247.3 1545.0637
7.65 262.03858 84.374208 21972.687 -32144 2349.74 -34493.7 1542.8935
7.66 260.74722 -274.22145 22011.135 -32148.5 2338.16 -34486.6 1545.8585
7.67 268.08642 77.440691 21969.483 -31982.1 2403.97 -34386 1543.5065
7.68 268.05427 99.481645 21950.478 -32073 2403.69 -34476.7 1540.908
7.69 272.44165 -160.54172 22032.963 -31943.7 2443.03 -34386.7 1545.3181
7.7 278.62551 -729.201 22165.433 -32064.3 2498.48 -34562.8 1551.2404
7.71 281.02069 -29.707137 22024.515 -31924 2519.96 -34444 1544.9517
7.72 263.22716 5.133249 21960.292 -32094.7 2360.4 -34455.1 1542.2193
7.73 278.46968 588.72449 21856.608 -31995.6 2497.08 -34492.7 1537.9531
7.74 252.11289 186.64211 21922.224 -32224 2260.74 -34484.7 1540.9338
7.75 281.64232 470.4193 21871.071 -32037.7 2525.53 -34563.2 1537.5722
7.76 279.11376 104.04038 21980.897 -31849.9 2502.86 -34352.7 1543.6053
7.77 259.84732 -412.79854 22078.654 -32111.3 2330.09 -34441.4 1548.5126
7.78 285.69085 -486.12873 22156.969 -31848.6 2561.84 -34410.5 1552.0898
7.79 267.75154 -490.02988 22111.772 -32155.8 2400.97 -34556.8 1549.4682
7.8 264.37047 -117.84934 22018.327 -32231.4 2370.65 -34602 1543.9691
7.81 278.63883 -348.31044 22093.664 -32096.4 2498.6 -34595 1546.9097
7.82 264.75136 -122.13389 22014.495 -32062.6 2374.07 -34436.6 1544.064
7.83 267.30987 -103.00252 21991.263 -32280.8 2397.01 -34677.9 1541.6399
7.84 265.81262 454.49143 21859.412 -32051.9 2383.58 -34435.5 1537.5554
7.85 263.8373 605.24517 21810.397 -32275.1 2365.87 -34641 1534.4386
7.86 268.81024 361.80861 21902.649 -32027.7 2410.46 -34438.2 1538.4983
7.87 260.63707 184.49423 21922.576 -32138.6 2337.17 -34475.8 1540.3104
7.88 273.94302 48.213736 21992.296 -31936 2456.49 -34392.5 1542.5772
7.89 265.5694 -322.0428 22063.196 -32153.2 2381.4 -34534.6 1547.6953
7.9 266.48461 39.576651 21991.69 -32110.7 2389.61 -34500.3 1543.3995
7.91 264.15726 74.62892 21960.224 -32114.7 2368.74 -34483.5 1542.4011
7.92 269.65481 -285.64652 22089.206 -31996.9 2418.04 -34415 1548.3214
7.93 271.49348 -56.048829 22019.312 -32073.4 2434.53 -34507.9 1545.5902
7.94 273.44452 -299.83353 22095.743 -32046.5 2452.02 -34498.6 1547.5063
7.95 273.53003 -157.1666 22051.479 -31913.7 2452.79 -34366.5 1546.9652
7.96 265.26542 127.19046 21933.544 -32183.8 2378.68 -34562.5 1540.085
7.97 272.1112 590.9054 21828.71 -32044 2440.06 -34484.1 1535.9065
7.98 275.53365 75.06377 21994.544 -32070 2470.75 -34540.8 1543.7751
7.99 278.07153 -331.68172 22083.729 -31945.7 2493.51 -34439.3 1548.9362
8 254.63556 -577.91219 22132.049 -32148.6 2283.36 -34432 1550.7335
8.01 277.44648 -453.61531 22132.871 -32073.5 2487.91 -34561.4 1550.8932
8.02 252.7641 -353.14411 22042.53 -32295.3 2266.58 -34561.9 1546.6798
8.03 276.5499 -227.8385 22079.495 -31994.9 2479.87 -34474.7 1548.1617
8.04 279.37593 45.136715 21974.701 -32077.1 2505.21 -34582.3 1542.6656
8.05 268.95395 151.41758 21951.014 -31877 2411.75 -34288.7 1540.9125
8.06 259.69656 247.53659 21915.285 -32113.2 2328.74 -34441.9 1539.3094
8.07 264.68584 480.12514 21824.445 -32237.8 2373.48 -34611.3 1535.4722
8.08 271.7994 209.4935 21958.747 -32096.5 2437.27 -34533.8 1542.959
8.09 259.2726 -181.0952 22033.48 -32148.6 2324.94 -34473.6 1547.1543
8.1 266.09467 -42.771743 22012.419 -32050.1 2386.11 -34436.3 1544.9363
8.11 260.1779 210.02233 21920.881 -32272.5 2333.06 -34605.5 1540.8577
8.12 265.82646 -94.786726 22027.01 -32112.6 2383.71 -34496.4 1546.0432
8.13 281.2152 104.91683 21981.69 -31956.2 2521.7 -34477.9 1543.9016
8.14 265.12794 391.75197 21884.382 -32114.4 2377.44 -34491.9 1539.5874
8.15 269.16898 442.74093 21900.594 -31976.9 2413.68 -34390.5 1539.8444
8.16 272.55582 240.59887 21933.252 -31980.2 2444.05 -34424.2 1541.1986
8.17 268.3222 -122.8628 22029.31 -31977.9 2406.09 -34384 1545.4169
8.18 278.1503 -273.73689 22056.926 -31945 2494.22 -34439.2 1546.6018
8.19 259.43059 -238.27891 22035.658 -32348.3 2326.36 -34674.6 1546.5098
8.2 283.1796 -554.29716 22168.556 -31981.8 2539.32 -34521.1 1551.3743
8.21 267.22272 -485.62086 22108.02 -32133.2 2396.23 -34529.4 1549.4763
8.22 279.61139 -147.24528 22042.449 -32025 2507.32 -34532.3 1545.5252
8.23 260.85909 -70.785142 21999.406 -32251.5 2339.16 -34590.7 1543.5288
8.24 262.33507 -667.98854 22201.28 -32040 2352.4 -34392.4 1552.9352
8.25 275.82993 -160.13946 22021.676 -32226 2473.41 -34699.4 1544.0536
8.26 273.95076 313.32454 21873.746 -32048.3 2456.56 -34504.8 1536.4672
8.27 264.71528 201.82928 21940.42 -32106.3 2373.74 -34480 1541.7017
8.28 266.97682 504.88452 21860.534 -31885.6 2394.02 -34279.6 1537.5135
8.29 264.72415 366.2893 21888.629 -32094.9 2373.82 -34468.8 1539.0156
8.3 270.88305 225.96192 21946.879 -31957 2429.05 -34386 1541.5603
8.31 279.75875 135.84528 21951.575 -32012.2 2508.64 -34520.9 1543.2392
8.32 255.12965 -124.89961 21996.407 -32260.9 2287.79 -34548.7 1543.7311
8.33 261.06684 -64.963269 21999.941 -32050.8 2341.03 -34391.9 1545.7047
8.34 269.08166 -521.95264 22122.017 -32131.7 2412.9 -34544.6 1549.4269
8.35 269.30873 -390.53363 22119.754 -32037.9 2414.93 -34452.8 1548.4321
8.36 255.14461 -306.46018 22038.587 -32248.4 2287.92 -34536.3 1544.7102
8.37 265.65555 -745.24792 22207.087 -32087.8 2382.18 -34470 1552.3484
8.38 274.61328 -309.50708 22119.621 -31934.4 2462.5 -34396.9 1549.5301
8.39 266.72504 -254.16953 22081.633 -32180.5 2391.77 -34572.3 1547.9883
8.4 259.91038 -736.23521 22213.71 -32039.8 2330.66 -34370.4 1555.4962
8.41 288.96054 247.73162 21945.183 -32090.4 2591.16 -34681.5 1541.7439
8.42 266.98266 682.22615 21783.788 -32149.1 2394.08 -34543.2 1534.0582
8.43 271.04582 257.17648 21934.449 -31974 2430.51 -34404.5 1541.1342
8.44 264.12762 -28.242051 21976.288 -32052.4 2368.47 -34420.9 1542.1776
8.45 273.13628 -367.67295 22128.792 -31976.7 2449.26 -34425.9 1549.4856
8.46 274.00579 -189.36231 22072.589 -32181.2 2457.05 -34638.2 1545.7222
8.47 278.8472 -453.8306 22134.511 -32056.9 2500.47 -34557.4 1549.6517
8.48 261.40274 -419.30598 22082.903 -32142.2 2344.04 -34486.3 1546.9788
8.49 266.9884 -192.06005 22012.309 -32180.3 2394.13 -34574.5 1543.9141
8.5 261.94424 387.19781 21887.052 -32160.5 2348.9 -34509.4 1538.2348
8.51 280.90635 246.86507 21939.805 -32030.4 2518.93 -34549.3 1541.3303
8.52 265.09516 620.90944 21793.944 -32088.3 2377.15 -34465.4 1535.5756
8.53 276.40682 29.341407 21977.399 -32166.5 2478.58 -34645.1 1544.3323
8.54 269.5536 -256.47358 22068.222 -32101.5 2417.13 -34518.6 1548.3237
8.55 264.23464 -331.69298 22075.16 -32111.8 2369.43 -34481.2 1547.513
8.56 283.62578 -494.84469 22164.076 -31972.7 2543.32 -34516 1550.8272
8.57 287.3735 191.65652 21974.299 -31976.1 2576.92 -34553 1542.3369
8.58 249.72299 407.46905 21840.723 -32315.9 2239.31 -34555.2 1536.1769
8.59 265.97655 -73.479921 22047.752 -32018.3 2385.05 -34403.4 1545.413
8.6 268.55692 -324.3063 22055.072 -32149.1 2408.19 -34557.3 1545.7237
8.61 270.57729 -703.26176 22187.909 -32047.9 2426.31 -34474.2 1551.8568
8.62 249.58724 -274.91308 22040.18 -32217.5 2238.09 -34455.6 1544.875
8.63 269.00666 -41.859845 22037.739 -31993.1 2412.23 -34405.3 1546.2995
8.64 268.80022 337.45572 21924.265 -32040.6 2410.37 -34450.9 1540.1049
8.65 265.15917 276.31391 21903.688 -32103.9 2377.72 -34481.6 1538.8857
8.66 261.45816 -226.49659 22071.238 -32045.2 2344.54 -34389.7 1548.2867
8.67 262.87526 -259.31884 22065.565 -31946.7 2357.24 -34304 1547.7554
8.68 276.902 -653.17714 22175.41 -32094.7 2483.02 -34577.8 1551.9581
8.69 279.02171 -209.79461 22056.855 -32032.5 2502.03 -34534.6 1545.8337
8.7 256.07969 2.7047181 21988.028 -32191.2 2296.31 -34487.5 1542.3408
8.71 270.03589 360.01061 21932.003 -32041.3 2421.45 -34462.7 1539.8611
8.72 276.87383 891.36737 21731.139 -32188.9 2482.77 -34671.7 1529.4288
8.73 282.83495 463.25008 21920.017 -31940.9 2536.23 -34477.2 1541.8701
8.74 261.53164 654.76503 21821.835 -32128.5 2345.2 -34473.7 1536.6227
8.75 266.33666 -102.04353 22011.771 -32011.3 2388.28 -34399.6 1544.9327
8.76 267.11236 -142.38733 22068.674 -32086.4 2395.24 -34481.6 1547.8755
8.77 264.54274 -605.77306 22142.983 -32241.6 2372.2 -34613.8 1550.1439
8.78 278.36529 -338.37441 22127.596 -32022.9 2496.15 -34519.1 1549.5824
8.79 267.8067 -305.65677 22058.362 -32222.1 2401.47 -34623.6 1546.129
8.8 267.76447 -402.67505 22093.487 -32045 2401.09 -34446.1 1547.5042
8.81 259.94052 -199.14995 22024.137 -32117 2330.93 -34448 1546.0391
8.82 279.96092 -37.331837 22002.171 -32057.1 2510.45 -34567.6 1544.7321
8.83 268.87086 262.72699 21917.328 -32094.7 2411.01 -34505.7 1539.5018
8.84 269.45377 790.2025 21758.275 -31963.9 2416.23 -34380.2 1532.2368
8.85 282.01377 252.67121 21960.935 -31895.7 2528.86 -34424.5 1541.4084
8.86 264.06783 -89.975487 22016.103 -32103.5 2367.94 -34471.4 1543.9596
8.87 276.72239 -560.55769 22167.989 -31879.8 2481.41 -34361.2 1550.4781
8.88 274.85622 -160.5761 22047.281 -31985.6 2464.68 -34450.3 1545.5425
8.89 275.75915 -408.2158 22110.537 -32106.6 2472.78 -34579.4 1549.3111
8.9 271.56058 -342.07158 22064.936 -32113.7 2435.13 -34548.8 1546.3132
8.91 267.12929 126.45819 21968.925 -31976.5 2395.39 -34371.9 1543.6038
8.92 258.22862 280.4631 21877.164 -32306.3 2315.58 -34621.8 1539.9949
8.93 265.21188 219.24044 21958.364 -32030.4 2378.2 -34408.6 1543.8496
8.94 261.95928 283.71246 21904.034 -32236.4 2349.03 -34585.4 1539.9549
8.95 267.2284 833.06784 21767.803 -32049.2 2396.28 -34445.5 1533.6385
8.96 256.61134 248.602 21930.577 -32269.4 2301.07 -34570.5 1540.9023
8.97 267.09151 79.586608 21988.39 -32028.5 2395.05 -34423.6 1542.4395
8.98 269.8627 -142.86404 22013.917 -32115.5 2419.9 -34535.4 1544.6097
8.99 286.39663 -235.23109 22052.349 -31880.4 2568.16 -34448.6 1547.6807
9 266.26614 -337.43397 22060.767 -32079.6 2387.65 -34467.2 1547.2297
9.01 253.27666 -569.944 22123.618 -32307.7 2271.17 -34578.9 1549.3647
9.02 274.2478 -450.93104 22133.017 -31991.9 2459.22 -34451.2 1549.9653
9.03 258.58766 -727.83078 22178.243 -32087.4 2318.8 -34406.2 1552.7583
9.04 261.29529 -261.57443 22054.072 -32120 2343.08 -34463.1 1545.974
9.05 272.96146 -202.60274 22030.373 -31924.8 2447.69 -34372.4 1543.8167
9.06 256.91393 -4.828419 21946.007 -32138.5 2303.79 -34442.3 1539.4171
9.07 285.45721 259.35897 21922.641 -31939.9 2559.74 -34499.7 1539.2178
9.08 252.2912 408.17902 21827.835 -32249.9 2262.34 -34512.2 1536.1138
9.09 269.74368 208.78733 21948.885 -32048.6 2418.83 -34467.4 1542.0056
9.1 263.94434 -825.99644 22230.453 -32259.2 2366.83 -34626 1554.634
9.11 264.79024 -440.19077 22128.889 -32078.1 2374.42 -34452.5 1552.1999
9.12 277.15793 -432.24004 22110.623 -31981 2485.32 -34466.4 1550.9035
9.13 267.24756 -201.77876 22032.889 -32081.7 2396.45 -34478.2 1546.4608
9.14 264.426 -233.87447 22075.372 -31985.1 2371.15 -34356.3 1546.8706
9.15 255.91184 -792.52453 22161.502 -32160.5 2294.8 -34455.3 1551.5626
9.16 260.84959 -36.981199 21992.705 -32177.3 2339.08 -34516.4 1541.3746
9.17 259.02551 115.72735 21942.225 -32062.9 2322.72 -34385.6 1540.4319
9.18 266.893 582.28817 21818.436 -32137.9 2393.27 -34531.2 1533.2887
9.19 271.41042 38.036843 21979.023 -32008.4 2433.78 -34442.2 1541.6741
9.2 252.57839 -672.09847 22144.826 -32219.1 2264.91 -34484 1550.5461
9.21 278.5298 -179.5776 22031.662 -31993 2497.62 -34490.6 1546.1951
9.22 243.35706 -563.81621 22077.224 -32385.2 2182.22 -34567.4 1548.9217
9.23 270.91889 -532.84312 22150.826 -31973.7 2429.37 -34403 1551.9797
9.24 273.33083 -74.881551 22021.749 -31980.8 2451 -34431.8 1547.2813
9.25 263.25783 212.69044 21893.32 -32295.4 2360.67 -34656.1 1540.1213
9.26 273.63598 726.70014 21810.745 -32040.8 2453.74 -34494.5 1534.8047
9.27 269.06018 690.58944 21816.893 -32203.3 2412.71 -34616 1535.0233
9.28 288.62308 -2.9477035 21982.16 -32017 2588.13 -34605.2 1542.3949
9.29 275.47649 -87.565464 22015.484 -31989.3 2470.24 -34459.5 1542.438
9.3 271.7741 -428.3388 22099.317 -32147.7 2437.04 -34584.7 1547.213
9.31 283.57997 -487.53123 22096.962 -31951.5 2542.91 -34494.4 1546.4945
9.32 268.24013 -350.10374 22083.248 -32064.7 2405.35 -34470 1546.2822
9.33 263.75703 -226.46046 22041.745 -32152.9 2365.15 -34518.1 1546.6181
9.34 274.57989 -47.205377 22046.769 -32042.9 2462.2 -34505.1 1548.2106
9.35 264.70342 -59.621806 21994.628 -32232.2 2373.64 -34605.8 1545.568
9.36 282.19781 158.30353 21984.28 -31948 2530.51 -34478.5 1543.8536
9.37 260.30682 583.51035 21815.779 -32115.7 2334.21 -34449.9 1535.1967
9.38 264.57439 583.21002 21859.902 -32165.8 2372.48 -34538.2 1537.6722
9.39 272.48392 45.285703 21970.99 -32035.4 2443.41 -34478.8 1542.7034
9.4 264.8582 -187.32548 22020.601 -32250.5 2375.03 -34625.5 1544.8425
9.41 262.14384 -884.1026 22251.299 -32008.8 2350.69 -34359.4 1554.0729
9.42 256.98607 -296.2322 22010.253 -32008.1 2304.43 -34312.5 1543.7551
9.43 271.56309 238.22958 21924.517 -32148.2 2435.15 -34583.3 1540.5485
9.44 282.52944 132.33393 21968.427 -32094 2533.49 -34627.5 1542.899
9.45 281.10993 776.20337 21807.787 -31952.2 2520.76 -34472.9 1536.2929
9.46 260.72005 243.1368 21885.04 -32135.3 2337.92 -34473.2 1541.0408
9.47 267.76053 -99.03431 22015.307 -31992.2 2401.05 -34393.3 1544.7317
9.48 273.18446 -189.88607 22072.26 -32067.9 2449.69 -34517.5 1547.9742
9.49 272.92395 -335.04305 22081.715 -32121.2 2447.35 -34568.5 1546.4775
9.5 271.74757 -1041.2536 22283.181 -32189.7 2436.8 -34626.5 1556.1586
9.51 273.21295 -595.5042 22138.622 -32055.4 2449.94 -34505.4 1549.6029
9.52 266.35858 -81.586725 22012.366 -32134.6 2388.48 -34523 1544.641
9.53 268.02994 202.21964 21911.746 -32158.5 2403.47 -34562 1538.7909
9.54 278.58665 90.003981 21978.767 -32031.4 2498.13 -34529.6 1542.7421
9.55 269.18664 705.16231 21781.746 -32228.7 2413.84 -34642.5 1533.676
9.56 271.91732 863.91862 21795.536 -32057.4 2438.33 -34495.7 1533.3543
9.57 262.90082 604.6742 21821.05 -32311.4 2357.47 -34668.9 1536.5809
9.58 258.64435 207.58047 21937.187 -32060.3 2319.3 -34379.6 1540.8334
9.59 276.62084 286.13914 21904.258 -32177.6 2480.5 -34658.1 1540.91
9.6 281.65222 126.54898 22000.696 -31860.8 2525.62 -34386.4 1544.9297
9.61 269.4014 -72.597214 22026.756 -32076.1 2415.77 -34491.9 1545.6348
9.62 263.573 -523.21809 22146.753 -32034.9 2363.5 -34398.4 1550.7863
9.63 266.16749 -478.17966 22113.158 -32095.9 2386.77 -34482.6 1549.7549
9.64 281.75604 -116.69827 22055.75 -31970.3 2526.55 -34496.8 1545.7573
9.65 252.9857 -18.848231 21992.009 -32259.8 2268.56 -34528.4 1543.2598
9.66 268.43394 340.86544 21914.205 -32036 2407.09 -34443.1 1539.785
9.67 256.58733 190.75679 21942.891 -32275 2300.86 -34575.9 1541.0673
9.68 280.74286 364.3515 21919.093 -32047.4 2517.47 -34564.9 1540.0161
9.69 276.84733 171.81615 21942.568 -32143 2482.53 -34625.5 1540.2486
9.7 269.1519 -192.05684 22061.148 -31953.4 2413.53 -34367 1546.1493
9.71 267.84081 -117.92635 22011.891 -32243.8 2401.77 -34645.6 1545.2794
9.72 275.81856 -285.80606 22088.48 -32027.2 2473.31 -34500.5 1548.049
9.73 255.1335 -551.46856 22175.217 -32219.3 2287.82 -34507.1 1552.8632
9.74 267.9082 -212.55394 22045.609 -32129.6 2402.38 -34532 1547.1835
9.75 259.70355 377.50281 21912.91 -32099.2 2328.8 -34428 1540.8515
9.76 272.60023 164.4674 21952.961 -31995.8 2444.45 -34440.2 1541.5785
9.77 262.91545 596.08012 21799.835 -32137.3 2357.6 -34494.9 1535.3777
9.78 274.78922 131.69131 21980.872 -31938.7 2464.08 -34402.7 1543.5772
9.79 265.09501 10.152419 22012.221 -32127.4 2377.15 -34504.5 1545.1824
9.8 265.47177 -503.2993 22147.778 -31922.8 2380.53 -34303.3 1551.1515
9.81 271.6456 -578.77819 22138.238 -32218.7 2435.89 -34654.6 1550.4175
9.82 273.78004 -195.4389 22108.16 -32001.4 2455.03 -34456.4 1549.8014
9.83 265.03184 -0.62208895 21979.736 -32241.8 2376.58 -34618.4 1542.3768
9.84 258.32239 700.0005 21786.906 -32147.6 2316.42 -34464 1533.0985
9.85 278.04457 255.72039 21951.292 -32060 2493.27 -34553.3 1541.4528
9.86 265.34388 477.9887 21873.89 -32078.2 2379.38 -34457.6 1537.4835
9.87 258.8791 356.14307 21890.927 -32256.1 2321.41 -34577.5 1537.7162
9.88 273.8405 71.432293 21998.546 -31976.6 2455.57 -34432.2 1543.0598
9.89 284.3737 -42.449138 22012.357 -31939.4 2550.02 -34489.4 1544.6222
9.9 272.62298 380.95146 21892.948 -32145.8 2444.65 -34590.4 1539.0313
9.91 271.16854 42.328058 22011.166 -31990 2431.61 -34421.6 1545.4373
9.92 251.41405 202.49376 21912.725 -32272.4 2254.47 -34526.9 1541.113
9.93 271.18212 -111.0201 22063.259 -32032.5 2431.73 -34464.2 1546.9619
9.94 281.64777 -152.75789 22052.324 -31996.2 2525.58 -34521.8 1547.6006
9.95 262.92151 -319.80768 22084.243 -32121.4 2357.66 -34479 1549.3407
9.96 278.35668 221.88138 21971.235 -31957.8 2496.07 -34453.9 1543.4733
9.97 264.58576 197.17215 21919.048 -32160.9 2372.58 -34533.5 1540.0612
9.98 271.5062 216.70472 21949.735 -31984.3 2434.64 -34418.9 1540.968
