0 266.87124 141.98476 21817.308 -29985.9 2393.08 -32379 6.3926021
0.01 277.27773 104.79101 21837.659 -29630.4 2486.39 -32116.8 19.275568
0.02 268.36228 -386.39931 21768.721 -29769.7 2406.45 -32176.2 30.016309
0.03 280.18849 419.07562 21774.963 -29433.1 2512.49 -31945.6 42.329254
0.04 271.72566 323.54805 21898.314 -29924.2 2436.61 -32360.8 55.358222
0.05 271.05445 227.88033 21732.052 -29680.2 2430.59 -32110.8 64.07275
0.06 265.38202 -75.149121 21677.168 -29693.6 2379.72 -32073.4 74.189005
0.07 277.42267 475.16643 21768.046 -29469.7 2487.69 -31957.3 88.410923
0.08 261.57099 28.693592 21790.28 -29810.8 2345.55 -32156.3 99.910165
0.09 254.63529 278.852 21719.082 -29871.8 2283.36 -32155.2 108.86894
0.1 287.38665 -287.01656 21906.919 -29709.2 2577.04 -32286.3 118.06813
0.11 269.8614 -716.49472 21890.828 -29771.1 2419.89 -32191 129.21422
0.12 286.97356 454.41501 21895.026 -29527.5 2573.34 -32100.8 140.65794
0.13 276.17125 162.581 21734.677 -29726 2476.47 -32202.5 149.96704
0.14 273.47615 795.26807 21599.543 -29842.5 2452.3 -32294.8 162.99616
0.15 271.21667 603.8329 21645.186 -29652.8 2432.04 -32084.8 172.21274
0.16 255.68335 -23.00943 21824.355 -29887 2292.75 -32179.8 186.69788
0.17 279.84788 559.4189 21667.465 -29696.4 2509.44 -32205.9 194.81268
0.18 251.27549 23.296743 21866.553 -29994 2253.23 -32247.3 202.85153
0.19 284.01924 12.95646 21774.861 -29701.7 2546.85 -32248.5 204.50668
0.2 271.93048 -39.504779 21788.196 -29943.2 2438.44 -32381.7 204.76674
0.21 283.50761 9.0091391 22132.461 -29821.1 2542.26 -32363.4 217.35876
0.22 269.23045 -458.95834 21950.021 -29925.2 2414.23 -32339.4 219.73239
0.23 284.78004 -276.36653 21882.218 -29732.7 2553.67 -32286.4 231.85079
0.24 270.3712 -350.0741 22005.554 -29628.6 2424.46 -32053.1 240.48029
0.25 284.2383 60.917569 21922.569 -29746.1 2548.81 -32294.9 247.34211
0.26 268.29718 161.28067 21900.597 -29757.4 2405.86 -32163.3 254.43883
0.27 277.42912 -203.28128 21894.512 -30140.5 2487.75 -32628.2 257.36127
0.28 273.76425 -112.84167 22044.869 -29858.2 2454.89 -32313.1 267.7156
0.29 254.01794 294.25124 21759.601 -30052.7 2277.82 -32330.6 275.35536
0.3 265.43609 -319.18063 21902.989 -30084 2380.21 -32464.2 280.34561
0.31 264.09302 254.2172 21588.95 -30028.7 2368.16 -32396.8 280.26629
0.32 264.42711 -684.83194 21928.275 -29804.1 2371.16 -32175.3 292.47489
0.33 263.66269 400.62419 21790.271 -29791.4 2364.31 -32155.7 295.70481
0.34 280.42056 33.581778 21929.171 -29721 2514.58 -32235.6 301.81609
0.35 269.09767 293.14093 21815.821 -29834.4 2413.04 -32247.4 314.38948
0.36 266.06025 -408.90724 21860.421 -29666 2385.8 -32051.8 328.94789
0.37 267.78954 -602.09441 21923.716 -29593.4 2401.31 -31994.8 341.4382
0.38 263.51784 -260.71857 21916.51 -30100.1 2363.01 -32463.1 355.9572
0.39 266.15165 198.79474 21737.793 -29924.1 2386.62 -32310.7 361.49343
0.4 276.09857 798.2179 21743.562 -30155.7 2475.82 -32631.5 369.72544
0.41 275.09957 -683.40012 22019.137 -30031.6 2466.86 -32498.4 380.17337
0.42 262.54614 12.311242 21917.319 -30300.8 2354.29 -32655.1 395.92101
0.43 290.46655 435.29523 21848.635 -30019.6 2604.66 -32624.3 396.90513
0.44 269.8539 293.82779 21577.465 -30234.5 2419.82 -32654.3 407.98139
0.45 266.14651 405.63057 21809.321 -30398.5 2386.58 -32785.1 411.46732
0.46 271.27254 688.81714 21745.532 -30248.9 2432.54 -32681.4 414.71103
0.47 271.11176 -297.90097 22096.244 -30514 2431.1 -32945.1 423.78749
0.48 269.74936 -446.37298 21855.049 -30580.6 2418.89 -32999.5 420.24881
0.49 280.20332 -114.577 22006.975 -30454 2512.63 -32966.7 424.36762
0.5 264.72125 288.13706 21912.969 -30531.5 2373.8 -32905.3 428.94847
0.51 274.67319 761.74523 21856.325 -30380.8 2463.04 -32843.9 434.23625
0.52 272.82112 598.95236 21763.144 -30471.8 2446.43 -32918.2 433.85737
0.53 277.98076 244.79365 21868.567 -30222.3 2492.7 -32714.9 440.1034
0.54 269.77936 413.07246 21888.896 -30479.6 2419.15 -32898.8 448.94944
0.55 240.67843 379.95848 21960.464 -30634.5 2158.2 -32792.7 455.99281
0.56 278.57687 680.99915 21626.27 -30269.1 2498.04 -32767.2 456.4677
0.57 284.06245 512.31627 21648.784 -30463.3 2547.23 -33010.5 462.19467
0.58 284.10644 348.73394 21791.721 -30399.2 2547.63 -32946.8 471.42002
0.59 252.84772 -199.81347 21899.072 -30674.6 2267.33 -32942 475.60467
0.6 261.74477 -920.67159 22055.498 -30505.5 2347.11 -32852.7 479.67319
0.61 264.536 1021.8808 21648.854 -30506.9 2372.14 -32879.1 477.6103
0.62 276.4957 1048.1404 21742.21 -30466.8 2479.38 -32946.1 484.80872
0.63 248.37261 51.876266 21826.553 -30570.2 2227.2 -32797.4 491.49819
0.64 266.76641 -489.30987 22030.386 -30407.9 2392.14 -32800 495.7796
0.65 280.26553 -790.83864 22178.887 -30310.3 2513.19 -32823.5 498.23988
0.66 270.85337 -87.401676 21789.736 -30352.9 2428.79 -32781.7 495.57384
0.67 277.74931 224.17944 21999.818 -30244.4 2490.62 -32735 504.8074
0.68 274.08403 -481.00324 21963.899 -30325.5 2457.76 -32783.3 504.44458
0.69 266.4522 -301.21 22145.582 -30488.9 2389.32 -32878.2 514.66236
0.7 265.9266 614.92904 21796.011 -30477.5 2384.61 -32862.1 510.73224
0.71 281.03336 198.62017 21930.903 -30427.3 2520.07 -32947.4 518.68739
0.72 279.45639 -171.32068 22109.836 -30324.8 2505.93 -32830.8 517.9943
0.73 265.43069 -34.980605 21799.923 -30425.4 2380.16 -32805.5 521.7475
0.74 266.53486 -217.71234 21872.341 -30526 2390.06 -32916.1 531.34023
0.75 273.13528 -167.81543 21922.273 -30464 2449.25 -32913.2 533.5896
0.76 275.12598 -154.13357 21763.193 -30611.5 2467.1 -33078.6 541.80963
0.77 272.12512 -99.059126 22009.245 -30516.1 2440.19 -32956.3 545.10987
0.78 278.06476 271.04911 21889.355 -30641 2493.45 -33134.4 548.74525
0.79 255.98834 56.857624 22077.107 -30747.4 2295.49 -33042.9 557.93805
0.8 259.34751 -384.46377 22116.187 -30793.3 2325.61 -33118.9 556.56242
0.81 270.34018 476.46593 21906.973 -30806.7 2424.18 -33230.9 558.14146
0.82 274.07544 241.15698 21916.331 -30581.1 2457.68 -33038.8 561.74522
0.83 270.32446 108.75162 21933.388 -30795.7 2424.04 -33219.7 569.95148
0.84 254.91284 -208.96593 21953.936 -30972 2285.84 -33257.8 571.50093
0.85 281.40783 -196.77199 22040.393 -30680.4 2523.43 -33203.8 572.45684
0.86 268.02564 100.12466 22044.365 -31096 2403.43 -33499.5 580.54602
0.87 275.51792 223.89656 21885.066 -31492.7 2470.61 -33963.3 578.91963
0.88 284.59676 -8.187196 21969.214 -31829 2552.02 -34381 579.4548
0.89 266.1967 478.49322 21841.847 -32102.8 2387.03 -34489.8 577.75672
0.9 281.41017 354.7333 21957.495 -31865.4 2523.45 -34388.9 582.19242
0.91 261.38256 274.59177 21883.302 -32053.1 2343.86 -34397 580.26764
0.92 284.52018 38.767901 21984.095 -31947.8 2551.34 -34499.1 582.59387
0.93 256.31221 -282.78318 22047.609 -32279.7 2298.39 -34578.1 582.67685
0.94 271.8212 -313.5993 22065.675 -32039 2437.46 -34476.5 583.8225
0.95 245.82734 -516.18356 22131.107 -32293.1 2204.37 -34497.5 584.82608
0.96 275.64752 1.678069 21986.981 -32020.5 2471.78 -34492.3 582.22426
0.97 270.04306 444.94558 21858.036 -32175.1 2421.52 -34596.6 579.27528
0.98 279.68393 646.75579 21834.587 -31929.4 2507.97 -34437.4 578.21122
0.99 253.52346 398.5348 21919.083 -32135.4 2273.39 -34408.7 580.20476
1 271.8 814.60228 21786.999 -31906.9 2437.27 -34344.1 577.99466
1.01 254.75805 200.45058 21931.339 -32113.3 2284.46 -34397.7 580.64378
1.02 275.08295 -187.46047 22079.357 -31865.7 2466.71 -34332.4 583.54455
1.03 261.41891 -797.82478 22207.684 -32141.6 2344.18 -34485.8 585.89499
1.04 269.80087 -821.72858 22254.951 -31996.9 2419.35 -34416.3 586.55513
1.05 256.53245 -197.64686 22011.629 -32225.6 2300.37 -34526 582.27107
1.06 267.96687 -285.37143 22078.718 -32024.3 2402.9 -34427.2 584.31711
1.07 268.34117 81.79095 21998.501 -32109.9 2406.26 -34516.2 582.16048
1.08 284.92749 78.485001 21987.8 -31941 2554.99 -34496 582.27526
1.09 271.34152 184.29064 21972.647 -32077.8 2433.16 -34510.9 581.83687
1.1 275.36255 634.55281 21824.423 -32031.8 2469.22 -34501 578.51301
1.11 269.19246 -11.670869 22016.794 -31921.3 2413.89 -34335.2 581.83885
1.12 262.9791 -576.76147 22141.746 -32058.5 2358.18 -34416.7 583.9352
1.13 270.32245 -404.47368 22076.387 -32082.4 2424.02 -34506.5 582.6208
1.14 277.05063 -267.65501 22088.865 -31794.9 2484.36 -34279.2 583.12896
1.15 274.54151 265.95657 21899.797 -32126.2 2461.86 -34588.1 579.62988
1.16 268.48773 347.79413 21940.468 -31927.3 2407.57 -34334.9 581.13528
1.17 278.57532 448.84136 21866.702 -32057.4 2498.03 -34555.5 580.19256
1.18 269.42367 123.37223 21933.06 -31927.8 2415.96 -34343.7 582.1794
1.19 261.91112 41.275744 21946.935 -32058.1 2348.6 -34406.7 581.64787
1.2 270.51643 -184.61757 22029.943 -32186.7 2425.76 -34612.5 583.00537
1.21 269.896 -318.86147 22068.43 -31908 2420.2 -34328.2 582.74314
1.22 260.39795 -758.1362 22152.765 -32144.4 2335.03 -34479.4 583.55663
1.23 263.34308 -209.02511 22001.669 -32199.7 2361.44 -34561.1 581.41724
1.24 267.1746 22.000395 21940.555 -32049.3 2395.8 -34445.1 579.97219
1.25 271.56425 722.32831 21800.695 -32216.4 2435.16 -34651.6 578.85595
1.26 265.72032 176.70687 21909.765 -32159.5 2382.76 -34542.3 580.94028
1.27 266.18712 340.73311 21889.446 -31992.1 2386.94 -34379 581.12147
1.28 259.83527 -194.85894 22032.95 -32057.1 2329.98 -34387.1 583.65521
1.29 283.3504 -379.3875 22113.024 -32054.9 2540.85 -34595.7 584.39395
1.3 263.67519 -76.783533 22028.266 -31980.6 2364.42 -34345 582.43944
1.31 272.31878 -285.60307 22060.478 -31960.9 2441.93 -34402.8 582.32959
1.32 270.14665 -351.40818 22102.863 -32033.1 2422.45 -34455.6 582.09098
1.33 275.39031 -720.5799 22243.199 -31904.3 2469.47 -34373.8 585.39026
1.34 271.61736 -194.8794 22047.516 -32072.1 2435.64 -34507.7 582.55168
1.35 258.89377 11.515664 21990.99 -31902.2 2321.54 -34223.7 580.45608
1.36 267.16313 432.59578 21879.519 -32058.3 2395.69 -34454 579.73828
1.37 276.95083 172.59477 21939.009 -31842.1 2483.46 -34325.6 580.59782
1.38 275.06396 343.66853 21895.434 -32050.4 2466.54 -34517 580.58604
1.39 273.65977 -91.645447 22023.808 -32020.5 2453.95 -34474.5 581.79343
1.4 267.20968 -74.2403 22064.693 -31982.9 2396.11 -34379 583.27142
1.41 272.91172 -602.98288 22139.296 -32051.6 2447.24 -34498.9 584.14384
1.42 272.81368 -445.89034 22123.381 -32118.2 2446.36 -34564.6 584.42993
1.43 270.47477 208.62033 21961.471 -32026.2 2425.39 -34451.6 581.89692
1.44 266.28917 426.81379 21874.778 -32255 2387.86 -34642.9 580.13323
1.45 272.0463 479.07221 21872.826 -32080.7 2439.48 -34520.2 580.46172
1.46 277.26326 146.90126 21939.947 -32121.3 2486.26 -34607.6 580.27172
1.47 270.29913 -102.98902 22022.51 -32081.2 2423.82 -34505 581.45306
1.48 277.31501 -132.99362 22045.991 -31899.2 2486.73 -34386 582.19248
1.49 270.60722 -218.22476 22039.814 -32084 2426.58 -34510.6 582.10819
1.5 278.20892 145.82653 21987.148 -31929.4 2494.74 -34424.1 580.93163
1.51 269.73188 653.13982 21821.94 -32147.5 2418.73 -34566.2 578.20073
1.52 275.64747 108.56476 21933.985 -32101 2471.77 -34572.8 581.00601
1.53 275.13312 338.27677 21889.928 -31833.9 2467.16 -34301 580.87967
1.54 277.60315 54.004136 21974.209 -32041.3 2489.31 -34530.7 582.20195
1.55 264.66755 -290.86445 22085.282 -31940.9 2373.32 -34314.2 583.27065
1.56 275.51932 -187.66182 22038.936 -32049.4 2470.63 -34520 583.50861
1.57 286.76624 -105.60781 22054.769 -31911.4 2571.48 -34482.9 582.04528
1.58 263.3754 87.370132 21964.849 -32097.9 2361.73 -34459.6 580.76519
1.59 289.47817 981.42575 21747.589 -31815.1 2595.8 -34410.9 576.03373
1.6 265.22183 270.69609 21906.592 -32080.5 2378.29 -34458.8 578.43808
1.61 264.44514 224.96365 21914.113 -32284.7 2371.32 -34656.1 580.46977
1.62 261.5373 296.49687 21920.136 -32027.4 2345.25 -34372.6 581.64983
1.63 263.7697 -84.930149 21990.567 -32215.9 2365.26 -34581.2 583.14443
1.64 280.99018 -19.508031 22019.306 -32025.4 2519.68 -34545.1 583.93467
1.65 270.92571 -198.05389 22038.014 -32004.6 2429.43 -34434 582.03827
1.66 262.59035 -753.91695 22192.632 -32162.8 2354.69 -34517.5 585.10123
1.67 280.2854 -461.86048 22123.953 -32003 2513.36 -34516.3 584.20149
1.68 266.07078 -415.04808 22125.787 -32119.6 2385.9 -34505.5 583.50539
1.69 263.18664 -167.62143 22014.907 -32271 2360.04 -34631 581.09277
1.7 269.99035 105.39767 21985.638 -32000.9 2421.05 -34422 580.4175
1.71 268.67578 340.31873 21891.861 -32119.8 2409.26 -34529.1 579.93685
1.72 268.16285 340.81468 21932.125 -32084.9 2404.66 -34489.6 580.47238
1.73 275.71489 583.15251 21833.357 -31920.6 2472.38 -34393 578.92599
1.74 274.6665 305.85681 21917.326 -31934.8 2462.98 -34397.8 581.07611
1.75 271.17025 -42.56005 21990.137 -32062.5 2431.63 -34494.1 582.17532
1.76 283.4465 128.46108 21974.28 -31953.2 2541.71 -34494.9 580.98606
1.77 263.35562 615.1482 21801.409 -32174.9 2361.55 -34536.5 578.41396
1.78 272.41278 -28.863754 21977.811 -32049.1 2442.77 -34491.8 580.71554
1.79 257.34331 395.75301 21864.014 -32072 2307.64 -34379.6 578.61828
1.8 280.28061 332.86424 21893.94 -32013.5 2513.32 -34526.9 579.89908
1.81 266.16235 387.93784 21896.135 -32117.9 2386.72 -34504.6 579.00904
1.82 280.54307 221.01356 21976.082 -31962.3 2515.67 -34478 580.44683
1.83 271.67716 304.2108 21914.54 -32132.2 2436.17 -34568.3 579.74935
1.84 272.15344 -67.171253 21997.762 -31970.2 2440.44 -34410.7 581.74769
1.85 272.65566 -118.86633 22079.884 -32017.4 2444.95 -34462.3 584.19795
1.86 282.03247 -345.55338 22120.415 -31985.2 2529.03 -34514.3 585.12151
1.87 260.57155 -68.495074 22006.786 -32219.2 2336.59 -34555.8 582.61616
1.88 271.5839 235.98998 21917.379 -32010.4 2435.34 -34445.8 581.28014
1.89 259.99808 505.33781 21807.661 -32280.6 2331.44 -34612.1 577.78978
1.9 270.97537 608.24775 21813.582 -32051.4 2429.88 -34481.3 578.20016
1.91 263.68314 291.18843 21893.677 -32038.4 2364.49 -34402.8 579.63646
1.92 262.20892 251.41093 21916.419 -32140.9 2351.27 -34492.2 579.35
1.93 273.13757 -383.71264 22118.543 -31844.9 2449.27 -34294.2 582.5187
1.94 265.71874 -181.98038 22068.004 -32100.6 2382.74 -34483.3 583.06636
1.95 272.776 -465.87102 22116.785 -31968.1 2446.03 -34414.2 584.20964
1.96 270.65621 -383.88466 22094.137 -32153.5 2427.02 -34580.5 583.34405
1.97 288.21637 -544.4995 22155.173 -32027.4 2584.48 -34611.8 584.89992
1.98 272.50321 192.23618 21950.394 -32088.3 2443.58 -34531.9 581.55029
1.99 267.30971 130.35792 21931.895 -32129.6 2397.01 -34526.6 581.35202
2 274.72684 162.9016 21956.179 -31930.4 2463.52 -34393.9 581.2792
2.01 257.01111 38.591325 21986.164 -32156.9 2304.66 -34461.5 581.45334
2.02 290.53468 -237.89659 22087.189 -31782.1 2605.27 -34387.4 583.03466
2.03 285.85442 -572.10388 22185.567 -32111.5 2563.3 -34674.8 584.97894
2.04 278.49582 -205.3947 22093.001 -31916.6 2497.32 -34413.9 582.99735
2.05 274.492 -300.13695 22046.463 -31990.6 2461.41 -34452 582.89652
2.06 277.57507 -113.75353 22006.342 -32051.1 2489.06 -34540.1 581.50022
2.07 276.5838 715.47831 21810.629 -32147 2480.17 -34627.2 578.73216
2.08 265.26298 453.45363 21858.794 -32170 2378.66 -34548.6 579.99304
2.09 265.10157 201.56505 21939.174 -32042.5 2377.21 -34419.7 581.02487
2.1 269.60756 27.439898 21979.505 -32119.1 2417.61 -34536.7 582.72427
2.11 260.38678 -599.95413 22187.654 -31968.5 2334.93 -34303.5 586.46719
2.12 259.75359 -233.42174 22107.019 -32038.9 2329.25 -34368.1 585.22225
2.13 272.86541 -182.15305 22024.988 -32200.1 2446.83 -34646.9 583.29671
2.14 272.84335 -435.98698 22143.481 -32101.5 2446.63 -34548.1 584.14883
2.15 267.60478 90.605003 21952.836 -32054.8 2399.65 -34454.5 579.98768
2.16 281.65424 235.81686 21948.188 -31856.4 2525.64 -34382.1 579.91649
2.17 270.01489 820.36285 21785.338 -32052.9 2421.27 -34474.2 577.53197
2.18 277.68749 5.9519084 22013.456 -31995.4 2490.07 -34485.5 581.11122
2.19 292.598 -268.30476 22093.713 -31875.7 2623.77 -34499.5 583.14979
2.2 270.14271 -678.39826 22147.626 -32088.3 2422.41 -34510.7 584.20965
2.21 279.35918 -51.891767 22029.918 -31948.2 2505.06 -34453.3 582.51881
2.22 255.93355 579.76872 21834.208 -32186.8 2295 -34481.8 580.08199
2.23 278.47295 82.575348 21948.659 -32013.2 2497.11 -34510.3 582.39358
2.24 267.70337 43.637077 21972.893 -32133.6 2400.54 -34534.1 582.00654
2.25 276.48682 -601.99747 22174.819 -32084.9 2479.3 -34564.2 585.7677
2.26 288.78544 -296.7089 22112.273 -31895.5 2589.58 -34485.1 583.48724
2.27 266.46312 -429.0989 22136.23 -32115.6 2389.42 -34505 584.00106
2.28 271.97503 -421.52412 22116.332 -32002 2438.84 -34440.9 582.98422
2.29 270.52051 -343.84995 22080.197 -32181.2 2425.8 -34607 582.85632
2.3 279.28233 -116.76312 22023.739 -31975.1 2504.37 -34479.4 580.97984
2.31 273.39985 51.37892 22002.406 -32124.6 2451.62 -34576.2 581.37302
2.32 291.79657 541.99236 21899.342 -31868.6 2616.59 -34485.2 580.06208
2.33 274.60407 498.96187 21869.639 -32080.6 2462.42 -34543 579.52053
2.34 280.52672 77.78274 21998.963 -31862.7 2515.53 -34378.3 581.93247
2.35 268.84175 279.42813 21914.908 -32123.5 2410.75 -34534.2 580.41791
2.36 275.41238 154.91192 21953.236 -32146.6 2469.67 -34616.3 581.19034
2.37 262.02142 -240.71037 22079.598 -32008.2 2349.59 -34357.8 583.29728
2.38 260.78733 -384.36426 22109.51 -32299.1 2338.52 -34637.6 583.63651
2.39 287.38027 -531.96871 22141.589 -31976.9 2576.98 -34553.9 583.90339
2.4 259.00769 -78.94259 22019.361 -32128.6 2322.56 -34451.2 582.49245
2.41 288.21279 -212.41636 22036.481 -31936 2584.45 -34520.4 581.35549
2.42 274.49328 -49.500705 22007.289 -32126.4 2461.42 -34587.8 580.46615
2.43 277.94235 -54.809856 22002.06 -31967.6 2492.35 -34460 580.02652
2.44 266.44405 -24.96825 21991.936 -32161.2 2389.25 -34550.5 580.80019
2.45 270.95231 147.92058 21927.265 -32155.4 2429.67 -34585.1 580.26822
2.46 280.6773 782.071 21795.497 -32013.1 2516.88 -34530 578.57324
2.47 272.32993 73.027156 21970.019 -31908.5 2442.03 -34350.5 581.53135
2.48 267.24506 -87.90873 21996.285 -32139.3 2396.43 -34535.8 583.26061
2.49 275.33261 -465.20563 22131.261 -31860.8 2468.95 -34329.8 585.3689
2.5 266.94857 -839.16085 22257.46 -32172 2393.77 -34565.7 586.59351
2.51 274.6388 -295.43572 22098.806 -32001 2462.73 -34463.8 583.39147
2.52 275.11517 -145.18604 22079.269 -32085.3 2467 -34552.3 582.49723
2.53 268.85104 -87.199348 22054.109 -32034.7 2410.83 -34445.6 581.69765
2.54 271.13403 130.14889 21967.888 -32017.4 2431.3 -34448.7 580.30771
2.55 273.90726 781.51024 21799.912 -32105.7 2456.17 -34561.9 578.05471
2.56 267.33997 300.15411 21938.841 -32019 2397.28 -34416.3 580.78755
2.57 291.23004 -97.885226 22040.197 -31916 2611.51 -34527.5 581.79129
2.58 277.15068 -366.9287 22078.962 -32117.1 2485.25 -34602.3 583.30094
2.59 281.85995 -1046.8907 22355.423 -31912.4 2527.48 -34439.9 588.84567
2.6 273.20137 -304.07069 22109.702 -32017.5 2449.84 -34467.3 583.42368
2.61 276.89763 151.41298 21973.627 -32078.7 2482.99 -34561.7 581.56202
2.62 264.39458 -321.68605 22070.541 -32125 2370.87 -34495.9 583.35282
2.63 266.54326 -199.79358 22016.611 -32169.6 2390.14 -34559.8 581.85874
2.64 262.33699 -283.91768 22102.839 -32201.5 2352.42 -34553.9 583.94985
2.65 278.66069 -223.93449 22079.947 -31919.2 2498.79 -34417.9 582.79387
2.66 268.81455 -317.39197 22079.667 -32046.2 2410.5 -34456.7 582.84637
2.67 277.41983 13.553584 21992.43 -32051.5 2487.67 -34539.2 582.62853
2.68 275.19905 90.277166 21996.307 -32008.5 2467.75 -34476.3 582.32458
2.69 269.19983 327.88463 21932.269 -32055.1 2413.96 -34469.1 580.16096
2.7 261.29452 483.66758 21863.727 -32071.4 2343.07 -34414.5 579.81762
2.71 259.20269 197.65507 21967.239 -32045.3 2324.31 -34369.6 581.25658
2.72 268.87523 171.86658 21952.772 -32063.1 2411.05 -34474.2 580.93827
2.73 274.17343 48.798328 22015.981 -31817.9 2458.56 -34276.4 581.71879
2.74 275.68308 609.09479 21814.764 -32107.8 2472.09 -34579.9 578.38424
2.75 264.86526 131.29332 21956.4 -32060.7 2375.09 -34435.8 581.279
2.76 268.90401 -342.81242 22068.67 -32023.3 2411.3 -34434.6 582.67976
2.77 269.4378 -320.89897 22075.339 -31951 2416.09 -34367.1 583.52246
2.78 264.16165 -751.27585 22209.041 -32190.4 2368.78 -34559.2 585.95142
2.79 268.88365 -256.43106 22084.131 -32008.1 2411.12 -34419.2 583.49004
2.8 266.91543 -328.85167 22099.746 -31985.1 2393.47 -34378.6 583.83379
2.81 275.6029 47.335512 22001.458 -31869.1 2471.37 -34340.5 582.23765
2.82 268.75796 796.09815 21791.021 -32091.8 2410 -34501.8 578.02828
2.83 271.37745 430.83382 21919.855 -31794.6 2433.48 -34228.1 579.8357
2.84 265.56421 8.1543291 22002.974 -32090.9 2381.36 -34472.3 581.57745
2.85 269.96437 -454.30388 22135.297 -32050.7 2420.81 -34471.5 583.5786
2.86 263.89157 -339.91361 22065.59 -32169.1 2366.36 -34535.4 583.30952
2.87 278.15354 -552.43339 22155.289 -32045.9 2494.25 -34540.1 584.99693
2.88 269.95685 -161.39875 22058.382 -32064.7 2420.75 -34485.5 583.49519
2.89 276.01129 -313.98626 22095.077 -32106.6 2475.04 -34581.7 583.53274
2.9 293.25366 -15.608036 22049.196 -31855.1 2629.65 -34484.7 583.12006
2.91 255.68017 263.18571 21965.044 -32084.1 2292.72 -34376.8 581.21832
2.92 268.78071 599.47495 21852.916 -32017.2 2410.2 -34427.4 579.65532
2.93 273.39519 389.82765 21892.292 -32001.9 2451.58 -34453.5 579.84176
2.94 277.35792 685.99259 21829.344 -31992.8 2487.11 -34479.9 578.43573
2.95 266.57034 -33.311314 21992.097 -32068.8 2390.38 -34459.2 580.92302
2.96 262.24886 -220.27441 22035.676 -32211 2351.63 -34562.6 581.88227
2.97 268.38589 -90.525824 22040.267 -31962 2406.66 -34368.7 582.35293
2.98 268.74481 -382.6513 22099.415 -32180 2409.88 -34589.9 584.31868
2.99 270.43109 66.215109 21959.522 -32033.5 2425 -34458.5 581.38139
3 266.00227 244.42544 21906.944 -32090.6 2385.28 -34475.8 580.87612
3.01 271.21318 359.55391 21867.785 -32055.8 2432.01 -34487.9 580.10073
3.02 277.34741 -76.244871 22026.458 -31971.9 2487.02 -34458.9 582.47606
3.03 276.04504 -402.17326 22101.418 -31886.4 2475.34 -34361.7 583.03882
3.04 267.58908 26.853537 22009.021 -32128.3 2399.51 -34527.8 581.55133
3.05 276.70885 -592.36343 22177.995 -32033.8 2481.29 -34515.1 584.12252
3.06 278.3297 -85.92807 22036.531 -31927.3 2495.83 -34423.1 583.07535
3.07 269.16026 67.164014 21941.636 -32103.2 2413.6 -34516.8 580.39366
3.08 290.42866 167.6747 21977.586 -31862.1 2604.32 -34466.4 582.2268
3.09 261.51754 695.54443 21766.273 -32137.1 2345.07 -34482.2 577.3214
3.1 261.40853 251.89587 21904.497 -31972.4 2344.09 -34316.5 579.87035
3.11 287.433 314.65791 21935.088 -31860.1 2577.46 -34437.6 580.24121
3.12 279.82472 -68.315503 22018.347 -32101.6 2509.23 -34610.9 581.61271
3.13 289.50359 -365.15665 22168.026 -31723.2 2596.02 -34319.3 583.63823
3.14 261.68554 -304.24111 22078.376 -32186.2 2346.58 -34532.8 583.24679
3.15 270.29631 -332.57254 22103.478 -32023.9 2423.79 -34447.7 583.35753
3.16 262.59527 -121.58761 22008.767 -32233.3 2354.73 -34588 581.57297
3.17 264.07174 41.624474 21973.698 -31999.9 2367.97 -34367.9 581.74536
3.18 264.9278 382.9598 21891.796 -32170.1 2375.65 -34545.7 580.19939
3.19 294.54012 70.367662 22019.123 -31773.3 2641.19 -34414.5 582.3913
3.2 260.51213 -121.53611 22036.014 -32138.5 2336.05 -34474.6 582.72264
3.21 277.00697 -375.41921 22098.045 -31986.4 2483.97 -34470.4 584.48717
3.22 270.75593 -437.48883 22088.471 -32150.8 2427.91 -34578.7 584.26241
3.23 276.33602 -65.352678 22010.256 -32014.3 2477.95 -34492.2 582.39673
3.24 273.14448 455.94752 21880.22 -32087.5 2449.33 -34536.8 579.83749
3.25 273.98084 77.910311 21981.47 -31978.9 2456.83 -34435.8 580.46579
3.26 261.56307 -449.54203 22125.809 -32196.4 2345.48 -34541.9 583.58248
3.27 274.57126 -129.38443 22044.788 -32014.5 2462.12 -34476.6 582.54045
3.28 269.53671 -653.16484 22167.422 -32149.4 2416.98 -34566.4 585.09034
3.29 284.38194 -85.08156 22022.862 -31926.6 2550.1 -34476.7 582.86562
3.3 273.6062 325.21634 21909.935 -32020.2 2453.47 -34473.6 580.83459
3.31 268.24746 740.90635 21828.458 -32053.3 2405.42 -34458.8 579.924
3.32 281.97736 -42.007166 22020.307 -31889 2528.54 -34417.5 581.70528
3.33 258.44726 -444.1759 22049.071 -32105.5 2317.54 -34423 583.44751
3.34 274.77742 -739.6737 22213.391 -31896.4 2463.97 -34360.3 584.15574
3.35 271.03608 -166.05833 22022.732 -32141.5 2430.42 -34571.9 581.11051
3.36 277.77588 66.195787 22003.075 -31893.3 2490.86 -34384.2 581.45746
3.37 264.83843 169.54605 21943.647 -32080.4 2374.85 -34455.2 579.95196
3.38 282.37956 224.32928 21935.321 -31939.8 2532.14 -34471.9 580.48602
3.39 274.29357 598.6799 21828.525 -32112.3 2459.63 -34572 578.81402
3.4 284.48205 120.43906 21964.862 -31901.3 2551 -34452.3 581.71218
3.41 268.7708 -335.32418 22088.614 -32039.5 2410.11 -34449.6 584.03071
3.42 266.75046 -190.23239 22069.907 -32099.3 2391.99 -34491.3 583.64675
3.43 262.41982 -138.71478 22006.117 -32266.9 2353.16 -34620.1 581.86169
3.44 271.70711 -456.15528 22152.718 -31958.2 2436.44 -34394.6 584.32667
3.45 268.30659 -112.00468 22036.056 -32013.6 2405.95 -34419.6 581.45161
3.46 282.49162 -540.17044 22139.264 -31916 2533.15 -34449.1 583.60315
3.47 267.06138 10.435731 21990.605 -32048.8 2394.78 -34443.6 581.83805
3.48 274.8677 165.36925 21921.043 -32029.9 2464.78 -34494.6 581.85939
3.49 269.3707 237.10829 21888.674 -31995.1 2415.49 -34410.6 581.59946
3.5 263.87266 572.88712 21813.686 -32117.9 2366.19 -34484.1 580.12599
3.51 273.51943 200.24461 21959.042 -32027.4 2452.69 -34480.1 581.76862
3.52 263.23352 236.59135 21922.363 -32113.5 2360.46 -34473.9 580.72276
3.53 286.34159 200.46386 21934.797 -31888.8 2567.67 -34456.4 579.99295
3.54 252.54329 514.10762 21837.045 -32125.6 2264.6 -34390.2 579.22422
3.55 283.56326 -12.523017 21997.443 -31990.7 2542.76 -34533.4 581.07957
3.56 262.8641 -221.95341 22053.39 -32174.1 2357.14 -34531.3 581.96137
3.57 286.9694 -700.65209 22201.758 -31774.1 2573.3 -34347.4 585.02689
3.58 277.00107 55.402976 22001.076 -32108.9 2483.91 -34592.8 581.36594
3.59 273.19311 259.84242 21927.247 -31947.1 2449.77 -34396.8 580.1131
3.6 277.76564 -103.73695 22028.892 -32065.1 2490.77 -34555.9 582.24279
3.61 280.40014 -242.19917 22046.048 -32146.5 2514.39 -34660.9 582.71318
3.62 269.51571 115.36926 21997.131 -31984.3 2416.79 -34401.1 583.08869
3.63 272.96579 -154.3115 22035.436 -32127.3 2447.73 -34575 583.1707
3.64 272.75498 -351.83899 22078.247 -32033.7 2445.84 -34479.5 583.87054
3.65 270.34357 22.225024 21992.601 -32211.1 2424.21 -34635.3 581.59593
3.66 274.081 -397.66521 22101.099 -32106.3 2457.73 -34564 583.837
3.67 268.22606 -376.44263 22074.243 -32066.1 2405.23 -34471.4 582.80957
3.68 268.01391 -222.89148 22058.48 -32165.3 2403.32 -34568.6 582.56561
3.69 282.75672 276.55156 21957.87 -31976.8 2535.52 -34512.3 581.54583
3.7 260.91153 59.066139 21950.775 -32130.1 2339.64 -34469.8 580.13559
3.71 276.67668 568.56721 21870.669 -32070.4 2481 -34551.4 578.59956
3.72 253.07343 180.96328 21942.925 -32211.2 2269.35 -34480.5 580.23162
3.73 280.89289 -176.94415 22033.791 -31980.5 2518.81 -34499.3 582.02248
3.74 260.63383 -397.61509 22066.916 -32220.8 2337.14 -34557.9 582.65653
3.75 266.02929 -79.175881 22005.872 -32068.5 2385.53 -34454 581.89031
3.76 267.29301 -373.03323 22061.518 -32046.2 2396.86 -34443.1 582.41124
3.77 273.44596 -127.08435 22065.654 -31909.5 2452.03 -34361.5 582.46641
3.78 272.09872 -557.86171 22145.667 -32049.5 2439.95 -34489.4 584.35703
3.79 274.95595 -251.18937 22061.218 -31994.1 2465.57 -34459.6 582.29583
3.8 262.97874 -147.14629 22023.918 -32192.7 2358.17 -34550.9 581.9753
3.81 273.25539 -67.869356 21993.683 -32130.6 2450.32 -34580.9 582.48359
3.82 269.35019 290.31984 21923.674 -32006.9 2415.31 -34422.2 581.25274
3.83 271.94352 176.93976 21922.399 -32190.8 2438.56 -34629.4 581.36036
3.84 273.21429 115.93352 21971.172 -32005.1 2449.96 -34455 582.156
3.85 259.71017 -87.869235 21992.026 -32232.6 2328.86 -34561.4 581.72617
3.86 271.27986 -153.72203 22050.173 -32060.6 2432.61 -34493.2 582.9824
3.87 261.80846 -216.83587 22034.415 -32121.4 2347.68 -34469.1 582.3567
3.88 270.76102 295.81906 21897.649 -32027.6 2427.96 -34455.6 580.13468
3.89 254.0516 113.0438 21950.662 -32269.7 2278.12 -34547.8 581.55407
3.9 269.14417 -53.174938 22033.291 -31963.6 2413.46 -34377.1 582.62318
3.91 268.23445 201.08044 21926.428 -32196.5 2405.3 -34601.8 580.90843
3.92 269.40639 272.86272 21946.304 -32001.3 2415.81 -34417.1 581.17989
3.93 268.34034 114.27301 21932.645 -32072.4 2406.25 -34478.7 580.27761
3.94 254.31521 -697.78722 22176.565 -32093.7 2280.48 -34374.2 585.13575
3.95 277.98739 -184.97264 22073.395 -32002.3 2492.76 -34495.1 583.2924
3.96 283.89527 -166.58258 22048.15 -31966.7 2545.73 -34512.5 583.50658
3.97 275.30601 672.49841 21839.344 -31991.7 2468.71 -34460.4 579.5231
3.98 275.96343 423.4016 21890.56 -32029.5 2474.61 -34504.1 579.98675
3.99 273.08775 108.63738 21952.776 -31893.1 2448.82 -34341.9 581.62935
4 268.64021 101.3637 21987.961 -32056.9 2408.94 -34465.8 580.64351
4.01 260.52128 -177.69879 22041.456 -32104.5 2336.14 -34440.6 582.47745
4.02 268.75428 -419.74167 22094.224 -31993.5 2409.96 -34403.5 582.83545
4.03 276.13405 -479.1876 22105.862 -31967.8 2476.14 -34443.9 583.90199
4.04 273.18314 -422.95871 22123.862 -32074.7 2449.68 -34524.4 583.79521
4.05 285.69211 -321.65576 22153.559 -31845.9 2561.85 -34407.8 584.27862
4.06 268.85798 -790.49745 22216.226 -32098.7 2410.89 -34509.6 585.05086
4.07 284.12537 -144.35252 22058.262 -31778.2 2547.8 -34326 582.54468
4.08 264.40611 197.86629 21927.285 -32071.1 2370.97 -34442.1 581.11273
4.09 255.36964 189.73369 21927.064 -32286.6 2289.94 -34576.5 580.02564
4.1 271.62819 327.93141 21915.714 -32026.6 2435.73 -34462.3 580.46563
4.11 262.81824 311.70199 21881.067 -32314.9 2356.73 -34671.6 579.08068
4.12 276.00568 12.911707 22006.444 -32102.3 2474.99 -34577.3 581.86405
4.13 264.34933 -467.2633 22124.181 -32135.7 2370.46 -34506.1 583.84032
4.14 271.93138 -167.80135 22043.782 -32004.9 2438.45 -34443.3 581.85689
4.15 262.88409 -503.36307 22080.266 -32277.5 2357.32 -34634.8 583.2218
4.16 273.18612 48.545986 21983.653 -32051 2449.7 -34500.7 581.08768
4.17 264.52623 591.82662 21825.595 -32041.7 2372.05 -34413.7 579.19695
4.18 275.61166 204.81644 21929.536 -32129.6 2471.45 -34601.1 580.57232
4.19 281.05781 -609.32043 22208.676 -31930.9 2520.29 -34451.1 585.4623
4.2 263.747 -524.09613 22128.589 -32080.8 2365.06 -34445.9 583.14894
4.21 277.32532 -336.97583 22119.975 -31901.5 2486.82 -34388.3 583.00909
4.22 272.5752 -293.92726 22091.035 -32077.2 2444.23 -34521.4 583.67044
4.23 278.91802 -497.5539 22158.461 -31970.6 2501.1 -34471.7 584.40134
4.24 283.3295 -66.644148 21997.62 -31981.5 2540.66 -34522.2 581.56165
4.25 264.28633 157.72541 21901.696 -32271.8 2369.9 -34641.7 579.39207
4.26 271.3068 523.44442 21820.867 -32117.7 2432.85 -34550.6 578.25779
4.27 268.52744 35.867221 21932.884 -32029.2 2407.93 -34437.2 580.39065
4.28 263.88922 13.54045 21954.846 -32237.1 2366.34 -34603.4 581.04821
4.29 275.23886 -1257.9348 22357.472 -31947.6 2468.11 -34415.7 587.75499
4.3 275.65523 -322.16713 22112.412 -31977.1 2471.84 -34448.9 583.26074
4.31 267.38311 -205.47139 22026.28 -32235 2397.67 -34632.6 582.33361
4.32 273.8029 -76.311055 22007.682 -32070.3 2455.23 -34525.6 581.50286
4.33 275.09601 11.177757 21990.971 -31974.5 2466.83 -34441.3 580.73854
4.34 258.6603 118.80299 21932.25 -32217.3 2319.45 -34536.8 579.65081
4.35 268.83928 622.71785 21820.632 -32033 2410.72 -34443.7 578.38108
4.36 255.0108 56.521315 21955.477 -32126.9 2286.72 -34413.7 581.66426
4.37 267.20652 128.23744 21964.818 -32185.4 2396.08 -34581.5 581.75265
4.38 271.0249 -137.33032 22039.98 -31977.5 2430.32 -34407.9 582.64987
4.39 279.30816 -293.72244 22109.944 -31941 2504.6 -34445.6 585.08949
4.4 275.41479 -543.66462 22143.881 -32064.7 2469.69 -34534.4 584.875
4.41 274.4378 -556.60486 22173.553 -31965.3 2460.93 -34426.3 585.68915
4.42 271.32614 205.61662 21958.191 -32004.4 2433.02 -34437.5 581.42212
4.43 273.28196 601.42579 21824.34 -32110.5 2450.56 -34561 578.1835
4.44 263.40637 118.48561 21978.88 -31922.7 2362.01 -34284.7 582.54607
4.45 272.94993 -282.23361 22044.625 -32156.8 2447.59 -34604.4 581.80224
4.46 269.77966 -189.48711 22021.751 -32006.5 2419.16 -34425.6 581.55548
4.47 267.9932 -253.58096 22069.034 -32173.1 2403.14 -34576.2 582.89951
4.48 277.03326 -130.70479 22010.607 -32034.1 2484.2 -34518.3 580.85472
4.49 277.17908 -168.52351 22082.257 -31929.6 2485.51 -34415.1 583.39136
4.5 263.61897 -70.62026 22024.862 -32141.9 2363.91 -34505.8 581.64801
4.51 273.32331 130.76084 21999.027 -31999.7 2450.93 -34450.7 582.12424
4.52 277.92557 101.34381 21972.722 -32067.8 2492.2 -34560 581.70907
4.53 265.95451 30.067573 21949.42 -32073.4 2384.86 -34458.2 581.57426
4.54 263.37959 -98.983804 22020.631 -31882.2 2361.77 -34244 582.34665
4.55 255.34072 -83.789152 22013.458 -32136 2289.68 -34425.7 582.03878
4.56 278.5761 451.38026 21913.215 -31966.1 2498.04 -34464.1 579.62021
4.57 271.08931 75.114245 21977.792 -32054.2 2430.9 -34485.1 580.34535
4.58 267.07099 561.19892 21830.61 -32089 2394.87 -34483.9 578.4295
4.59 276.68806 162.57481 21972.512 -31951.5 2481.11 -34432.6 580.70106
4.6 271.42347 -5.4523013 21949.673 -32053.9 2433.9 -34487.8 580.29232
4.61 289.44415 -247.58652 22068.843 -31958.8 2595.49 -34554.3 583.18607
4.62 254.46292 -263.65651 22049.23 -32331.6 2281.81 -34613.4 583.25207
4.63 272.78972 -173.59646 22079.438 -31955.8 2446.15 -34402 583.83035
4.64 267.40557 125.53076 21904.862 -32116 2397.87 -34513.8 581.05389
4.65 278.77415 956.33872 21770.922 -31879 2499.81 -34378.8 577.80138
4.66 274.44321 340.45438 21893.759 -32047.3 2460.98 -34508.3 579.86702
4.67 272.35697 128.06743 21956.762 -32126.2 2442.27 -34568.4 580.50409
4.68 272.87867 -408.29797 22118.51 -32093 2446.95 -34539.9 583.66883
4.69 261.15535 -632.56204 22176.369 -32096.1 2341.82 -34438 584.76469
4.7 273.21763 -131.47423 22048.024 -32056.3 2449.99 -34506.3 583.09805
4.71 261.00054 -111.46949 22043.493 -32209.9 2340.43 -34550.3 582.85153
4.72 267.87065 384.42518 21888.097 -31980.9 2402.04 -34382.9 579.98973
4.73 274.77762 510.83088 21838.197 -32236.1 2463.97 -34700.1 578.68789
4.74 264.52735 774.90416 21768.712 -32096.9 2372.06 -34469 577.56266
4.75 273.60107 112.25753 21969.92 -32063.7 2453.42 -34517.1 581.15417
4.76 260.8725 52.937479 21993.562 -32130.7 2339.29 -34470 582.04852
4.77 273.82057 -174.8223 22033.439 -31969.6 2455.39 -34425 583.54844
4.78 263.95684 -654.71224 22169.292 -32195.3 2366.94 -34562.2 584.20393
4.79 263.7631 -410.96541 22109.429 -31976.3 2365.21 -34341.5 583.77219
4.8 266.13207 -173.92731 22026.19 -32120.1 2386.45 -34506.6 581.54573
4.81 283.84722 -46.131489 22043.222 -31909.2 2545.3 -34454.5 581.85051
4.82 267.73717 24.576436 21960.67 -32056.7 2400.84 -34457.6 580.87402
4.83 281.51356 356.76386 21906.407 -31972.1 2524.38 -34496.5 580.21877
4.84 267.84063 461.5744 21831.629 -32196.7 2401.77 -34598.5 579.54761
4.85 269.45247 518.27964 21859.38 -31979.6 2416.22 -34395.9 580.17313
4.86 256.67353 114.86531 21929.472 -32363.9 2301.63 -34665.6 581.0791
4.87 269.47359 -7.9287245 22001.871 -31993.5 2416.41 -34409.9 582.04405
4.88 272.77232 99.972966 21998.509 -32042.1 2445.99 -34488.1 582.05011
4.89 261.7498 -201.65095 22031.774 -32222.1 2347.15 -34569.2 581.84962
4.9 266.15512 -209.58907 22062.296 -32038.7 2386.66 -34425.3 581.96092
4.91 270.41521 -614.98078 22184.418 -32166.2 2424.86 -34591.1 584.27498
4.92 274.08933 -580.60933 22152.547 -31928.4 2457.8 -34386.2 583.59051
4.93 268.08899 -248.74679 22031.656 -32169.6 2404 -34573.6 582.09679
4.94 280.49966 8.7085414 22021.466 -31911.7 2515.29 -34427 581.70626
4.95 274.53629 -725.13835 22194.995 -32103.6 2461.81 -34565.5 585.30491
4.96 272.13903 -276.3187 22060.944 -31948 2440.31 -34388.4 582.5566
4.97 262.79929 -689.6592 22187.168 -32105.6 2356.56 -34462.2 586.75077
4.98 272.06398 -75.058366 22030.611 -32045.1 2439.64 -34484.7 583.62575
4.99 261.62374 -27.687143 21975.553 -32054.3 2346.02 -34400.3 582.05916
5 265.47535 403.06852 21859.895 -32182.9 2380.56 -34563.5 579.73764
5.01 273.1155 148.2014 21994.409 -31740.7 2449.07 -34189.7 580.49196
5.02 268.41066 311.24628 21940.965 -32080.4 2406.88 -34487.3 579.80355
5.03 287.83994 -16.907492 22039.296 -31846.6 2581.11 -34427.7 582.20743
5.04 270.75071 -320.25714 22079.219 -32033.8 2427.86 -34461.7 582.81538
5.05 279.62813 -836.91252 22255.764 -32059.8 2507.47 -34567.3 586.86581
5.06 281.01537 -338.09702 22111.308 -31917.1 2519.91 -34437 584.66204
5.07 257.51059 209.47601 21933.662 -32223.1 2309.14 -34532.2 581.68477
5.08 273.44125 481.60638 21879.155 -31972.9 2451.99 -34424.9 580.50735
5.09 272.54084 1076.696 21696.865 -32181.4 2443.92 -34625.3 577.3518
5.1 279.92109 369.85251 21909.677 -31943.5 2510.1 -34453.5 579.84263
5.11 272.58233 91.179089 21994.281 -32001.9 2444.29 -34446.1 581.34962
5.12 271.23707 -84.766603 22007.089 -31980.8 2432.23 -34413 581.37514
5.13 272.24764 -186.84015 22033.525 -32035.7 2441.29 -34476.9 582.38712
5.14 254.56408 150.85555 21939.855 -32202.5 2282.72 -34485.3 580.98291
5.15 277.99252 317.57772 21903.258 -32040.5 2492.8 -34533.3 580.28634
5.16 264.33178 72.838392 21969.968 -32214.5 2370.31 -34584.8 581.48692
5.17 267.59468 36.066358 21965.008 -32023.1 2399.56 -34422.6 581.2604
5.18 264.2419 -72.561454 22007.106 -32193.9 2369.5 -34563.4 582.55429
5.19 274.71094 160.92861 21970.602 -32045.8 2463.38 -34509.2 581.69121
5.2 267.34742 -144.024 22036.535 -32046.5 2397.35 -34443.8 583.06607
5.21 275.374 -274.34002 22068.994 -32090 2469.32 -34559.3 583.07714
5.22 282.44224 -584.07823 22225.229 -31833.6 2532.7 -34366.3 586.06673
5.23 269.04849 -702.62028 22205.05 -32080 2412.6 -34492.6 585.21445
5.24 266.30979 -219.6618 22061.946 -32033.4 2388.04 -34421.4 582.67551
5.25 259.18382 295.6814 21924.017 -32240.7 2324.14 -34564.8 579.80893
5.26 263.52465 380.88196 21861.51 -32018.8 2363.07 -34381.8 578.2273
5.27 257.96857 53.209105 22003.637 -32247 2313.25 -34560.3 581.69666
5.28 268.69642 -338.19713 22115.75 -32042.7 2409.44 -34452.2 583.46201
5.29 278.87412 -98.566722 22018.873 -31892.8 2500.71 -34393.5 582.26561
5.3 256.97663 64.288796 21992.973 -32034.2 2304.35 -34338.5 582.55623
5.31 272.33182 169.88346 21963.592 -32032 2442.04 -34474 581.84182
5.32 273.23939 -108.3727 22019.235 -31907.4 2450.18 -34357.6 582.54755
5.33 281.22848 -157.4001 22051.522 -31949.2 2521.82 -34471 583.62425
5.34 264.4221 -705.78985 22202.471 -32224 2371.11 -34595.1 585.12243
5.35 272.83334 -709.41996 22226.54 -31998.7 2446.54 -34445.3 585.45526
5.36 262.50149 -155.64051 22055.299 -32134.8 2353.89 -34488.7 582.84566
5.37 277.11104 136.54953 21987.066 -31907.9 2484.9 -34392.8 580.38257
5.38 254.4547 464.13106 21857.215 -32171.5 2281.74 -34453.2 577.68246
5.39 268.64827 457.62877 21880.974 -32041.3 2409.01 -34450.3 578.47608
5.4 265.37172 308.62768 21891.199 -32201.9 2379.63 -34581.5 579.4154
5.41 261.28699 -60.410276 22010.516 -32038.5 2343 -34381.5 581.83643
5.42 252.47467 -580.88272 22137.665 -32298.6 2263.98 -34562.6 584.83172
5.43 279.69022 -27.136504 22050.534 -31970.4 2508.03 -34478.4 583.00826
5.44 273.65381 -334.47411 22121.574 -32144.8 2453.9 -34598.7 584.11616
5.45 271.82943 -165.26686 22049.725 -32073.5 2437.54 -34511 583.70695
5.46 275.50108 41.454487 21973.992 -32130.7 2470.46 -34601.1 581.33502
5.47 275.6476 682.25238 21840.42 -31895.2 2471.78 -34367 579.43439
5.48 276.61977 262.52988 21918.211 -32063.7 2480.49 -34544.2 579.86731
5.49 270.16496 166.93003 21955.715 -31877.9 2422.61 -34300.5 580.63193
5.5 269.32221 16.708348 21982.071 -32155.9 2415.06 -34570.9 580.73053
5.51 263.26757 -42.600444 22030.986 -32192.6 2360.76 -34553.4 581.46256
5.52 263.75184 -438.06808 22142.385 -31943.1 2365.1 -34308.2 584.0326
5.53 264.02617 65.271655 21953.769 -32164.8 2367.56 -34532.4 581.26729
5.54 283.77006 312.10578 21917.762 -32014.6 2544.61 -34559.2 580.7178
5.55 271.35217 825.53992 21785.17 -32066.8 2433.26 -34500.1 578.03871
5.56 277.12648 198.83027 21949.858 -32035.3 2485.04 -34520.3 581.18559
5.57 258.53833 799.61626 21826.142 -32176.7 2318.35 -34495.1 579.16559
5.58 263.80336 68.852181 21985.008 -32061.7 2365.57 -34427.2 581.71145
5.59 264.73754 169.78638 21946.473 -32172.8 2373.94 -34546.8 580.64531
5.6 260.8431 -261.92517 22037.2 -32071.5 2339.02 -34410.5 582.83152
5.61 266.94428 -212.42133 22061.569 -32188.3 2393.73 -34582.1 583.3924
5.62 279.11027 -642.15495 22202.363 -31847 2502.83 -34349.8 586.01513
5.63 258.22374 -211.93751 22093.847 -32140.8 2315.53 -34456.3 584.02342
5.64 270.83878 -369.73194 22056.411 -31898.7 2428.65 -34327.4 583.63056
5.65 274.66048 -27.636285 22020.472 -31994.3 2462.92 -34457.2 582.42621
5.66 270.63433 368.91418 21862.831 -32164.9 2426.82 -34591.7 580.8616
5.67 289.1823 189.8727 21968.58 -31939.1 2593.14 -34532.2 581.40187
5.68 267.94412 460.41593 21869.34 -32101.7 2402.7 -34504.4 579.5352
5.69 284.05603 -23.164388 22049.858 -32009.1 2547.18 -34556.2 581.9594
5.7 277.41379 -307.2264 22077.024 -32114.7 2487.61 -34602.3 582.86107
5.71 265.35261 -712.64811 22173.944 -32116.5 2379.46 -34496 584.33307
5.72 251.26207 -856.81995 22234.123 -32113.1 2253.11 -34366.2 585.33411
5.73 262.78572 57.166894 21993.228 -32268.8 2356.44 -34625.2 580.83677
5.74 272.02656 228.28566 21962.458 -32000.1 2439.31 -34439.4 580.85413
5.75 266.88813 294.9131 21893.444 -32115.1 2393.23 -34508.4 580.35562
5.76 287.55949 266.67919 21936.422 -31901.5 2578.59 -34480.1 581.42627
5.77 262.39628 -15.235938 22007.775 -32053 2352.95 -34406 583.05118
5.78 277.21214 -425.35826 22106.459 -32076.4 2485.81 -34562.2 583.51652
5.79 280.47041 -76.514334 22061.864 -31902.9 2515.02 -34417.9 582.44695
5.8 262.89274 -462.03435 22127.546 -32103.5 2357.4 -34460.9 583.88027
5.81 265.20193 -239.69913 22035.783 -32092.7 2378.11 -34470.8 581.47319
5.82 274.27587 -66.329331 22009.863 -31991.4 2459.48 -34450.9 581.93004
5.83 257.47503 94.387335 21971.442 -32179.5 2308.82 -34488.3 581.23331
5.84 264.50212 534.54551 21836.914 -32102.8 2371.83 -34474.7 577.99042
5.85 275.69128 147.24213 21957.625 -31864.7 2472.17 -34336.9 580.49443
5.86 269.52633 115.62621 21958.937 -32089.3 2416.89 -34506.1 581.39703
5.87 281.96235 -159.94315 22035.133 -31979.3 2528.4 -34507.7 583.54914
5.88 262.91208 -73.697629 22000.453 -32221 2357.57 -34578.5 583.05377
5.89 274.70686 -73.586402 22021.684 -32024.1 2463.34 -34487.4 583.50608
5.9 274.01337 -434.10348 22128.159 -31872.6 2457.12 -34329.7 584.38141
5.91 271.04376 -286.35538 22075.945 -32108.7 2430.49 -34539.2 583.49645
5.92 281.78025 251.25969 21956.014 -31853 2526.77 -34379.8 580.89222
5.93 274.3716 380.66064 21892.668 -32011 2460.33 -34471.3 579.34956
5.94 265.66099 130.20323 21947.669 -32292.6 2382.22 -34674.8 581.01001
5.95 281.96608 -167.67359 22063.93 -31989.4 2528.43 -34517.9 582.42846
5.96 254.94085 -460.04578 22107.002 -32205.7 2286.1 -34491.8 582.79005
5.97 262.7814 -71.83007 21992.4 -32161 2356.4 -34517.4 580.81845
5.98 275.92774 40.888493 21993.477 -31944.7 2474.29 -34419 582.19109
5.99 255.80519 -17.490195 21949.714 -32332.4 2293.85 -34626.2 582.26733
6 271.61021 -198.64805 22053.615 -31979.4 2435.57 -34415 583.86957
6.01 265.15925 -458.5268 22128.236 -32118.8 2377.73 -34496.6 585.9036
6.02 282.95369 -730.42118 22186.214 -31937.8 2537.29 -34475.1 586.01055
6.03 281.33834 -33.386373 22042.557 -31923.9 2522.81 -34446.7 582.2705
6.04 275.04453 -454.41106 22096.993 -32037.6 2466.37 -34504 582.72625
6.05 274.09827 177.93376 21990.132 -32056.1 2457.88 -34514 581.43813
6.06 285.79284 92.909 21967.58 -31873.9 2562.75 -34436.7 580.93586
6.07 270.90756 241.4035 21900.158 -32124.5 2429.27 -34553.8 579.52115
6.08 256.8658 331.13092 21852.692 -32246.3 2303.36 -34549.7 579.11193
6.09 260.59351 212.35679 21938.4 -32131.1 2336.78 -34467.9 580.22641
6.1 263.3114 377.36464 21910.786 -31880.5 2361.16 -34241.7 581.21909
6.11 266.07537 120.28805 21963.723 -31967.2 2385.94 -34353.2 581.41709
6.12 272.27744 154.02842 21964.491 -32113.6 2441.56 -34555.2 581.14419
6.13 268.1249 -291.13017 22075.898 -32066.2 2404.32 -34470.5 582.76707
6.14 263.76228 -580.57376 22167.79 -32158.6 2365.2 -34523.8 584.78586
6.15 273.55911 -747.89406 22183.637 -31909.5 2453.05 -34362.5 584.62526
6.16 264.27362 -241.19724 22029.955 -32140.2 2369.78 -34509.9 582.47817
6.17 268.22546 76.392365 21968.19 -32126.5 2405.22 -34531.7 582.03769
6.18 273.8949 385.91941 21898.684 -32087 2456.06 -34543 581.05233
6.19 271.41269 816.10981 21804 -32047.2 2433.8 -34481 579.24388
6.2 258.76632 206.85169 21945.958 -32141.7 2320.4 -34462.1 581.75242
6.21 276.0046 21.064782 22026.077 -31938.4 2474.98 -34413.4 582.15869
6.22 281.06734 -473.66118 22140.86 -32063.2 2520.38 -34583.6 583.88554
6.23 274.27413 -292.4762 22099.756 -31958.9 2459.46 -34418.3 583.51447
6.24 270.45626 -277.84286 22110.648 -32079.8 2425.22 -34505 582.99549
6.25 270.48205 -60.588138 22038.124 -32028.8 2425.46 -34454.3 581.92876
6.26 270.41725 614.8623 21850.677 -32244.2 2424.87 -34669 578.68468
6.27 262.55428 13.688335 21942.79 -32099.5 2354.37 -34453.8 578.97709
6.28 285.25563 329.47735 21901.173 -31958.6 2557.93 -34516.6 579.28723
6.29 261.72391 -86.316394 22035.734 -32144.5 2346.92 -34491.4 581.50536
6.3 266.34228 -435.61671 22134.241 -31998.6 2388.33 -34386.9 584.08865
6.31 264.17188 -406.11997 22097.441 -32196.7 2368.87 -34565.5 583.81667
6.32 270.40325 105.36346 21976.443 -31995.2 2424.75 -34420 582.60905
6.33 259.40528 -115.19921 22031.098 -32195.9 2326.13 -34522.1 582.44156
6.34 275.77535 181.81163 21887.051 -31989.3 2472.92 -34462.2 580.88398
6.35 268.6383 472.51191 21855.874 -32123.6 2408.92 -34532.5 578.84077
6.36 280.35433 174.24379 21957.267 -31962.9 2513.98 -34476.9 580.60402
6.37 275.92806 131.75717 21982.137 -32181.6 2474.29 -34655.8 581.40853
6.38 260.34456 -655.98021 22180.305 -32066.4 2334.55 -34401 584.07038
6.39 266.03927 -311.7948 22080.75 -32098.8 2385.62 -34484.4 583.00015
6.4 280.05405 -349.81964 22078.471 -31973.6 2511.29 -34484.9 582.77981
6.41 262.7098 -780.68627 22200.755 -32122 2355.76 -34477.8 585.35896
6.42 277.69066 36.574447 21997.678 -31996.1 2490.1 -34486.2 581.62757
6.43 275.0629 -232.11264 22100.271 -32002.1 2466.53 -34468.6 583.35792
6.44 258.52627 -319.74613 22037.519 -32112.4 2318.25 -34430.6 582.73165
6.45 260.58587 -363.66284 22064.727 -32264.6 2336.71 -34601.3 583.11547
6.46 273.02597 -52.396866 21997.672 -31992.4 2448.27 -34440.6 582.25866
6.47 272.26798 -483.10672 22102.049 -32255.1 2441.47 -34696.6 584.86335
6.48 267.05195 -123.79076 22054.839 -32026 2394.7 -34420.7 582.19642
6.49 264.90988 -376.98382 22114.884 -32067.9 2375.49 -34443.4 583.97956
6.5 281.36829 -213.67329 22050.895 -31842.1 2523.07 -34365.2 583.07291
6.51 258.34868 -183.09574 22040.821 -32092.7 2316.65 -34409.4 582.19527
6.52 285.6454 166.68161 21984.589 -31782.4 2561.43 -34343.8 581.30007
6.53 273.71488 228.3842 21943.332 -32019.7 2454.44 -34474.1 580.14942
6.54 269.42891 658.3824 21774.388 -32246.4 2416.01 -34662.4 576.99655
6.55 275.50396 241.77078 21925.789 -32028.8 2470.49 -34499.3 579.72432
6.56 270.63825 491.66502 21859.966 -32267.8 2426.86 -34694.6 578.88617
6.57 282.5768 -50.317824 22006.331 -32047.5 2533.91 -34581.4 582.67157
6.58 273.16618 -183.56646 22020.781 -32128.6 2449.52 -34578.1 582.41759
6.59 276.80236 -490.49914 22127.347 -31917.1 2482.13 -34399.3 584.93956
6.6 271.56523 -235.74825 22069.042 -32177.3 2435.17 -34612.5 583.75896
6.61 259.93661 -804.6973 22217.417 -32153.4 2330.89 -34484.3 586.49244
6.62 280.97644 -38.652458 22019.25 -32047.6 2519.56 -34567.1 582.2283
6.63 255.42769 278.68059 21890.524 -32378.9 2290.46 -34669.3 579.44921
6.64 269.23943 427.14791 21897.921 -32018.6 2414.31 -34432.9 578.8924
6.65 266.64966 586.87959 21826.891 -32223.9 2391.09 -34614.9 578.32178
6.66 286.73493 -155.54741 22013.597 -31932.7 2571.2 -34503.9 582.39476
6.67 278.57601 -399.44095 22090.094 -32180 2498.04 -34678 582.93198
6.68 269.35404 -120.74951 22034.819 -31986.9 2415.34 -34402.2 583.47143
6.69 259.9525 -305.54313 22047.611 -32169.1 2331.04 -34500.2 582.87598
6.7 254.79188 -833.3113 22225.356 -32055.5 2284.76 -34340.3 586.65186
6.71 267.36206 -561.62177 22185.507 -31927.6 2397.48 -34325.1 585.65165
6.72 264.96422 -183.05954 22055.541 -32120 2375.98 -34496 583.19072
6.73 275.25098 88.908797 21983.374 -32039.7 2468.22 -34507.9 581.6784
6.74 269.03139 715.83806 21780.064 -32230.1 2412.45 -34642.6 577.93003
6.75 276.08914 95.700059 21944.704 -32097.7 2475.74 -34573.5 579.82518
6.76 263.87558 -98.216324 22024.77 -31893.3 2366.21 -34259.5 582.53925
6.77 259.14506 -383.74833 22072.573 -32103.3 2323.79 -34427.1 582.69736
6.78 289.0081 -528.28476 22202.959 -31742.7 2591.58 -34334.2 585.86645
6.79 265.5417 -334.58083 22072.27 -32076 2381.15 -34457.1 583.49621
6.8 289.78259 -278.96288 22081.932 -31847.1 2598.53 -34445.6 582.29961
6.81 265.42762 -463.37681 22143.767 -32007 2380.13 -34387.2 584.27509
6.82 274.2154 608.80273 21866.744 -32001 2458.93 -34460 579.43988
6.83 274.39445 114.09264 21971.797 -32059 2460.54 -34519.5 581.66981
6.84 273.79357 -80.324818 21992.326 -31990.8 2455.15 -34446 581.68266
6.85 268.14611 -379.85987 22121.649 -32047.7 2404.51 -34452.2 583.37713
6.86 268.36353 -314.65648 22078.88 -32080.7 2406.46 -34487.1 582.54015
6.87 270.3323 -12.221019 22015.277 -32014.6 2424.11 -34438.7 581.33916
6.88 276.08044 -145.81865 22025.333 -32136.8 2475.66 -34612.5 581.71021
6.89 282.47494 10.673993 22041.013 -31988.5 2533 -34521.5 581.86796
6.9 260.92668 -548.41307 22133.857 -32130.4 2339.77 -34470.2 585.04177
6.91 270.21692 -288.92197 22093.206 -32066.4 2423.08 -34489.4 584.50326
6.92 276.1074 -134.04789 22036.793 -32047.5 2475.9 -34523.4 584.19383
6.93 277.42235 -129.93094 22054.016 -31951.4 2487.69 -34439.1 584.00032
6.94 258.26911 -44.071511 21952.953 -32308.1 2315.94 -34624 581.8134
6.95 274.58244 260.66548 21932.612 -31961.7 2462.22 -34423.9 579.73116
6.96 265.09127 925.67244 21715.387 -32085 2377.12 -34462.1 575.89633
6.97 280.71172 496.51581 21895.045 -31952.8 2517.19 -34470 578.15916
6.98 261.94669 -6.1743753 22019.813 -32005.4 2348.92 -34354.3 581.03836
6.99 291.81632 -321.3122 22118.003 -31886.8 2616.76 -34503.6 582.38499
7 268.74349 -206.73293 22052.312 -32080 2409.87 -34489.9 582.75444
7.01 286.22381 -293.29534 22104.114 -31813 2566.61 -34379.6 584.6524
7.02 262.57229 -62.664087 21995.858 -32131.4 2354.53 -34485.9 582.96592
7.03 278.31957 228.24362 21930.93 -31992.5 2495.74 -34488.2 581.75129
7.04 271.83583 183.7099 21947.89 -32135.5 2437.6 -34573.1 581.88348
7.05 278.90603 336.08604 21899.204 -32022.7 2500.99 -34523.7 579.52679
7.06 262.92585 775.3947 21752.314 -32406.8 2357.7 -34764.5 576.8455
7.07 269.59419 82.200425 21969.859 -32049.6 2417.49 -34467.1 580.23105
7.08 270.44439 -162.38684 22025.653 -32071.8 2425.12 -34497 581.31009
7.09 275.35821 -132.63913 22039.591 -32093 2469.18 -34562.1 582.14749
7.1 270.10076 -163.62416 22019.692 -32127.3 2422.04 -34549.4 581.48393
7.11 271.5144 -679.98547 22196.781 -32002.9 2434.71 -34437.6 585.5247
7.12 262.81171 -1.0339161 22017.453 -32088.9 2356.67 -34445.6 582.77481
7.13 271.04408 -227.37428 22039.375 -32036.1 2430.5 -34466.6 582.75223
7.14 286.57423 162.35396 21954.618 -31998.2 2569.76 -34568 581.10892
7.15 255.07212 367.81207 21860.261 -32134.9 2287.27 -34422.1 580.52358
7.16 274.63767 385.64278 21911.369 -31935.6 2462.72 -34398.3 580.90206
7.17 272.52195 262.65458 21927.022 -32073.1 2443.75 -34516.8 580.85618
7.18 281.89212 696.9871 21830.039 -31933.8 2527.77 -34461.6 579.06677
7.19 267.87898 76.259282 21966.889 -32169.2 2402.11 -34571.3 581.47946
7.2 268.79479 -141.76109 22045.098 -32078.5 2410.33 -34488.8 582.36403
7.21 272.86546 -208.77009 22073.478 -32106.2 2446.83 -34553 582.78784
7.22 274.0308 -417.10734 22167.831 -31855.1 2457.28 -34312.4 584.83738
7.23 265.97272 62.883295 21966.467 -32078.1 2385.02 -34463.1 581.52761
7.24 279.33641 511.31305 21866.789 -31888.8 2504.85 -34393.6 579.68202
7.25 267.10271 235.01925 21934.687 -32105.1 2395.15 -34500.2 581.08673
7.26 268.53972 315.57749 21890.845 -32181.1 2408.04 -34589.2 580.30625
7.27 272.78773 332.158 21926.157 -32011.8 2446.13 -34457.9 580.05376
7.28 275.56422 969.71256 21728.65 -32174.3 2471.03 -34645.3 576.3806
7.29 280.78329 71.624431 22011.035 -31978.8 2517.83 -34496.6 581.42086
7.3 284.34953 -212.07925 22077.413 -31984.4 2549.81 -34534.2 582.1199
7.31 259.31775 -1004.0083 22288.329 -32082.6 2325.34 -34407.9 586.2341
7.32 283.94664 -242.32264 22111.224 -31920.2 2546.19 -34466.3 582.90383
7.33 268.45169 -305.48723 22054.308 -32140.1 2407.25 -34547.4 582.72123
7.34 273.68907 -406.06289 22116.823 -32177.6 2454.21 -34631.8 583.13948
7.35 277.68546 401.79686 21897.556 -32013.4 2490.05 -34503.5 579.77343
7.36 261.92276 338.81141 21879.865 -32230.4 2348.7 -34579.1 580.34812
7.37 270.2909 535.89319 21874.963 -31977.9 2423.74 -34401.7 579.17597
7.38 276.9302 282.15412 21947.077 -32054.8 2483.28 -34538.1 581.23467
7.39 284.29352 -142.56247 22036.744 -31886.6 2549.31 -34436 582.47081
7.4 266.36052 -513.74134 22097.93 -32114 2388.5 -34502.5 583.31289
7.41 254.91998 -978.64352 22237.33 -32256.3 2285.91 -34542.2 586.27322
7.42 255.14697 -275.60687 22098.19 -32077.1 2287.94 -34365 583.14366
7.43 262.64289 20.272414 22014.891 -32104.6 2355.16 -34459.8 582.78429
7.44 282.10968 328.84496 21922.809 -31868.4 2529.72 -34398.1 580.46041
7.45 271.14413 336.23829 21918.272 -32163.7 2431.39 -34595.1 581.10926
7.46 261.71006 206.24769 21922.808 -32310.2 2346.8 -34657 580.68563
7.47 255.78454 123.20392 21954.414 -32039.5 2293.66 -34333.2 580.7862
7.48 260.18129 383.59408 21887.686 -32110.3 2333.09 -34443.4 579.99652
7.49 285.02181 824.85354 21803.647 -31918.3 2555.84 -34474.1 577.81757
7.5 267.07155 26.577543 21995.281 -32054.8 2394.87 -34449.7 581.19551
7.51 267.65506 -191.13847 22061.123 -32014.2 2400.11 -34414.3 582.56888
7.52 265.50836 -449.22018 22096.724 -32146.1 2380.86 -34527 582.31712
7.53 292.9979 -254.40892 22142.98 -31782.9 2627.36 -34410.2 584.66225
7.54 261.74931 -58.654473 22011.318 -32125.5 2347.15 -34472.6 582.50907
7.55 270.55046 -83.504469 21982.435 -32021.3 2426.07 -34447.4 580.97388
7.56 263.928 86.4783 21951.94 -32134.3 2366.68 -34500.9 581.33543
7.57 260.0937 634.87651 21827.727 -32116.9 2332.3 -34449.2 579.13626
7.58 272.94587 321.37638 21924.445 -31895.1 2447.55 -34342.6 580.71331
7.59 268.93957 41.93069 22001.623 -32034.6 2411.62 -34446.2 581.69002
7.6 272.82928 -422.96516 22126.423 -32036 2446.5 -34482.5 583.13575
7.61 275.62772 -99.489185 22071.884 -31925.9 2471.6 -34397.5 582.80202
7.62 274.12968 358.86008 21931.755 -32031.5 2458.16 -34489.6 580.2683
7.63 275.61558 132.47764 21966.371 -32095.5 2471.49 -34567 581.12713
7.64 266.36482 727.22703 21810.04 -32035.3 2388.54 -34423.8 577.88414
7.65 277.08937 541.69833 21841.587 -32063.9 2484.7 -34548.6 578.91274
7.66 277.21381 53.077461 21973.21 -32152.6 2485.82 -34638.4 581.59718
7.67 281.99836 -468.57259 22146.372 -31998 2528.72 -34526.8 584.74978
7.68 265.00426 -34.834946 21991.78 -32207.3 2376.34 -34583.6 582.61692
7.69 269.46326 -411.27963 22116.743 -32099.1 2416.32 -34515.4 584.64148
7.7 267.46564 -189.62323 22050.691 -32159.7 2398.41 -34558.1 583.54813
7.71 274.91658 -559.78822 22153.967 -32038.7 2465.22 -34503.9 584.73561
7.72 270.5979 6.5560258 21992.542 -32085.2 2426.49 -34511.7 582.23848
7.73 265.05029 118.29042 21922.181 -32008.3 2376.75 -34385 579.30212
7.74 266.64162 101.53115 21981.058 -32071.9 2391.02 -34462.9 580.02896
7.75 268.74663 13.304215 21962.928 -32033.1 2409.89 -34443 579.83314
7.76 286.24497 493.65629 21886.757 -32006 2566.8 -34572.8 578.97735
7.77 252.27041 694.84302 21781.096 -32390.7 2262.15 -34652.9 578.06821
7.78 271.02644 229.22931 21962.15 -31988.4 2430.34 -34418.7 580.7577
7.79 267.86179 207.34888 21930.332 -32178.7 2401.96 -34580.6 581.032
7.8 272.21985 -126.9367 22036.54 -31946.7 2441.04 -34387.7 583.16951
7.81 274.08468 -348.08555 22074.53 -31969.6 2457.76 -34427.3 584.30756
7.82 260.26534 -351.57208 22115.666 -32033.2 2333.84 -34367 585.01978
7.83 275.85645 -54.047603 21975.502 -32027.7 2473.65 -34501.4 581.3923
7.84 262.35445 532.39308 21846.289 -32169.8 2352.57 -34522.3 579.26047
7.85 284.0906 151.86749 22001.627 -31973.5 2547.49 -34521 580.09209
7.86 276.18363 0.89339561 21974.051 -32165.8 2476.58 -34642.4 579.64616
7.87 272.92598 297.84476 21915.408 -31960.8 2447.37 -34408.2 578.3877
7.88 257.2527 -36.026877 21967.778 -32307.7 2306.83 -34614.5 580.16132
7.89 275.5533 -463.34237 22132.918 -31968.7 2470.93 -34439.6 584.03629
7.9 273.04587 -206.41452 22053.237 -32043.5 2448.45 -34492 583.52643
7.91 262.96984 338.20198 21896.413 -32295.4 2358.09 -34653.5 580.08303
7.92 270.99656 80.225246 21969.96 -32025 2430.07 -34455.1 581.97388
7.93 282.18466 366.94511 21929.914 -32068.9 2530.39 -34599.3 581.18394
7.94 263.77853 237.49905 21910.817 -32169.4 2365.34 -34534.7 580.91791
7.95 277.6446 460.60476 21885.294 -31969.5 2489.68 -34459.2 579.90483
7.96 264.0535 582.45855 21804.384 -32207.3 2367.81 -34575.1 578.01373
7.97 263.27456 34.198352 21987.389 -32040.7 2360.82 -34401.5 582.49567
7.98 258.47689 -293.63875 22031.849 -32379.7 2317.8 -34697.5 582.70115
7.99 280.49327 -78.54109 22075.414 -32025 2515.23 -34540.2 582.85209
8 255.30315 -94.713464 22001.14 -32259.8 2289.34 -34549.2 581.41891
8.01 272.90744 319.07501 21943.651 -31905.8 2447.2 -34353 580.25962
8.02 273.16485 391.50525 21901.957 -32052.5 2449.51 -34502 579.83354
8.03 260.44824 224.0135 21923.187 -32233.8 2335.48 -34569.3 580.31699
8.04 262.93355 -380.19386 22100.118 -31998.9 2357.77 -34356.6 583.89577
8.05 257.77495 -442.07954 22086.645 -32225.1 2311.51 -34536.6 582.7652
8.06 268.2426 -287.4804 22104.563 -32058.7 2405.37 -34464.1 583.16929
8.07 257.87266 -897.61758 22209.331 -32096.6 2312.39 -34409 585.62287
8.08 267.51914 -405.32561 22114.287 -31967.9 2398.89 -34366.8 583.40935
8.09 272.00542 -144.29214 22051.867 -31940.7 2439.12 -34379.8 582.79386
8.1 258.17075 116.3664 21949.007 -32182.5 2315.06 -34497.5 581.50503
8.11 284.60477 971.10971 21761.728 -32013.9 2552.1 -34566 578.23121
8.12 265.87312 428.73021 21871.785 -32300.2 2384.13 -34684.4 580.32356
8.13 287.69233 32.678598 22014.774 -32085.5 2579.78 -34665.3 582.24118
8.14 273.59109 -115.7427 22056.525 -32014.7 2453.33 -34468 582.18707
8.15 263.20742 -916.37847 22234.441 -32220.2 2360.22 -34580.5 586.48891
8.16 275.85472 -340.28712 22098.775 -31938.2 2473.63 -34411.8 583.67559
8.17 270.29716 -216.83571 22068.935 -32144.8 2423.8 -34568.6 582.41233
8.18 281.08236 833.91689 21798.975 -31875.9 2520.51 -34396.4 577.9379
8.19 281.33255 252.26688 21921.552 -32032.6 2522.75 -34555.4 579.76124
8.2 271.92489 246.63922 21907.544 -31975.8 2438.39 -34414.2 579.80335
8.21 278.88619 51.657612 21961.243 -32124.3 2500.82 -34625.1 581.06255
8.22 271.23858 -179.0685 22039.066 -31900.7 2432.24 -34333 582.62563
8.23 267.27432 -528.7895 22112.717 -32087.3 2396.69 -34484 584.03326
8.24 269.04524 -688.75888 22185.329 -32089.6 2412.57 -34502.2 585.21041
8.25 271.65231 -185.71318 22076.867 -31812.2 2435.95 -34248.1 583.66493
8.26 276.23665 127.76798 21958.56 -32054.5 2477.06 -34531.6 581.89148
8.27 277.00673 304.9484 21916.021 -32002.2 2483.96 -34486.1 579.49729
8.28 298.48324 875.26793 21784.935 -31802.3 2676.55 -34478.9 577.56146
8.29 268.98845 199.55776 21917.062 -32121.5 2412.06 -34533.6 580.25209
8.3 284.05013 233.50581 21954.645 -32012.6 2547.12 -34559.7 579.92327
8.31 271.42212 140.28598 21974.414 -32200 2433.89 -34633.9 581.25192
8.32 267.99438 126.37085 21958.096 -32029.5 2403.15 -34432.6 581.16279
8.33 261.11086 -475.29332 22125.461 -32109.1 2341.42 -34450.5 583.99462
8.34 272.53004 -296.46677 22050.719 -31953.6 2443.82 -34397.4 583.76878
8.35 274.85891 -287.91059 22077.244 -32111.7 2464.7 -34576.4 584.20431
8.36 275.52182 -419.5057 22154.949 -31923 2470.65 -34393.6 586.04995
8.37 266.88878 -172.71883 22037.594 -32109 2393.23 -34502.3 583.17948
8.38 275.46372 351.05349 21955.727 -32005.2 2470.13 -34475.3 581.08436
8.39 270.92958 266.05344 21882.285 -32226.1 2429.47 -34655.5 580.5441
8.4 277.09659 173.4746 21974.164 -31958.5 2484.77 -34443.2 581.08692
8.41 269.34484 61.697631 22006.638 -32192.4 2415.26 -34607.6 581.04499
8.42 269.41756 -653.87907 22171.612 -32180.4 2415.91 -34596.3 585.24861
8.43 276.98274 -269.88844 22080.407 -31984.6 2483.75 -34468.4 582.9259
8.44 262.49177 -108.97076 22020.208 -32259.5 2353.81 -34613.4 581.42051
8.45 281.26236 3.8832635 22004.787 -32005.2 2522.12 -34527.3 582.36291
8.46 269.04478 165.17346 21899.655 -32005 2412.57 -34417.6 580.78597
8.47 259.29421 394.28055 21919.639 -32149.9 2325.13 -34475 581.55642
8.48 270.7118 456.00972 21849.172 -32156.2 2427.52 -34583.7 580.71228
8.49 276.53945 759.94564 21791.569 -32018.7 2479.77 -34498.5 579.30826
8.5 272.13994 230.61561 21919.764 -32195.6 2440.32 -34635.9 581.12657
8.51 271.37343 153.55412 21959.659 -32141.3 2433.45 -34574.8 580.71103
8.52 267.53799 -154.95397 22054.825 -32052.6 2399.06 -34451.6 581.07583
8.53 256.17729 -663.858 22197.263 -32067 2297.18 -34364.2 583.38061
8.54 264.79639 -61.493179 22004.619 -32176.2 2374.47 -34550.7 580.79623
8.55 284.44443 -295.37553 22124.223 -31894 2550.66 -34444.6 583.08003
8.56 276.40119 -300.25674 22094.117 -32156 2478.53 -34634.5 584.325
8.57 282.74875 -522.97428 22137.828 -31924.9 2535.45 -34460.4 584.72749
8.58 272.23493 25.506241 21972.472 -32122.1 2441.17 -34563.3 582.59528
8.59 264.7618 53.175661 22005.305 -32110.6 2374.16 -34484.8 582.89084
8.6 267.03082 381.85004 21911.283 -32162.2 2394.51 -34556.7 581.04157
8.61 269.90082 35.571558 21948.592 -32165.5 2420.24 -34585.8 582.25776
8.62 279.23422 42.763719 21993.896 -31950.2 2503.94 -34454.2 582.22239
8.63 277.39745 467.88412 21872 -32122 2487.47 -34609.5 579.54685
8.64 267.46735 184.27095 21932.36 -32115.8 2398.42 -34514.2 580.15778
8.65 256.62784 427.70742 21890.216 -32122.8 2301.22 -34424 578.68769
8.66 270.50124 120.78037 21965.143 -32013.7 2425.63 -34439.3 580.13489
8.67 268.53439 402.18962 21887.665 -32265.7 2407.99 -34673.7 578.37668
8.68 273.89602 -209.66715 22089.448 -31939.8 2456.07 -34395.9 582.62421
8.69 257.29538 -395.74552 22062.713 -32236.9 2307.21 -34544.1 581.60081
8.7 265.81677 -452.77805 22173.173 -32049.8 2383.62 -34433.4 585.21293
8.71 265.02085 -1195.0803 22346.224 -32149.7 2376.48 -34526.2 588.34707
8.72 263.89029 -185.03547 22014.967 -32100.6 2366.35 -34467 583.40188
8.73 265.82171 -65.072957 22020.553 -32016 2383.67 -34399.7 583.35457
8.74 270.93881 423.84477 21896.141 -31916 2429.55 -34345.6 580.39794
8.75 266.92487 300.69482 21917.629 -32073.2 2393.56 -34466.8 580.43555
8.76 277.35176 55.155367 22011.71 -31940.6 2487.06 -34427.7 581.4885
8.77 264.12139 -180.81504 22045.821 -32135.5 2368.42 -34503.9 581.51814
8.78 268.89788 -0.38899223 21978.957 -32071.1 2411.25 -34482.3 581.7567
8.79 266.38087 332.80448 21888.271 -32029.5 2388.68 -34418.2 579.8641
8.8 269.33682 55.913142 21950.818 -32161.2 2415.19 -34576.3 581.11883
8.81 280.72856 -19.554984 22013.334 -31953 2517.34 -34470.3 582.48911
8.82 261.13391 -234.27354 22069.935 -32095.5 2341.63 -34437.2 583.39739
8.83 260.16724 -554.14193 22165.09 -32108.7 2332.96 -34441.7 585.3775
8.84 282.90182 -103.28588 22007.93 -31963.7 2536.83 -34500.5 582.18548
8.85 254.64722 -233.29038 22012.562 -32241.8 2283.46 -34525.2 583.0891
8.86 278.79578 28.854361 21966.602 -31991.8 2500.01 -34491.8 580.47951
8.87 270.74929 278.81472 21906.719 -31998.9 2427.85 -34426.7 579.31289
8.88 277.0995 735.89773 21773.718 -32067.4 2484.8 -34552.2 577.40342
8.89 276.92629 74.71714 21964.903 -31928.5 2483.24 -34411.7 581.04624
8.9 266.34824 -287.17171 22051.21 -32032.2 2388.39 -34420.6 583.16389
8.91 264.90287 -856.10259 22249.508 -31958.6 2375.43 -34334 585.87219
8.92 267.52769 -558.15285 22114.442 -32097.9 2398.96 -34496.9 583.50554
8.93 276.24543 -48.977105 22053.217 -31940.5 2477.14 -34417.7 582.82656
8.94 263.87358 -32.208129 21946.452 -32083.9 2366.2 -34450.1 580.91295
8.95 267.69843 215.49396 21944.844 -32145.4 2400.49 -34545.9 580.46995
8.96 270.60119 29.729652 22004.222 -32111.9 2426.52 -34538.4 581.61895
8.97 258.8967 -678.6357 22153.677 -32164.1 2321.57 -34485.6 584.28571
8.98 279.372 -283.78247 22095.573 -32074 2505.17 -34579.2 583.56068
8.99 277.95337 -198.90583 22077.095 -31951.4 2492.45 -34443.9 582.92231
9 274.06472 203.96079 21930.934 -32006.7 2457.58 -34464.3 580.34569
9.01 271.68579 461.84532 21877.025 -32177.6 2436.25 -34613.8 579.26687
9.02 284.31964 943.36388 21748.675 -32017.3 2549.54 -34566.9 577.19651
9.03 258.6277 -186.16026 22047.057 -32214.3 2319.16 -34533.4 582.65762
9.04 271.86387 -283.10511 22097.671 -32021.2 2437.85 -34459.1 583.41751
9.05 258.76183 -358.2591 22106.871 -32187 2320.36 -34507.3 584.25069
9.06 256.82847 146.42467 21971.809 -32141 2303.02 -34444.1 580.73138
9.07 273.56941 221.99795 21956.198 -32062.2 2453.14 -34515.3 581.0398
9.08 281.32455 368.83053 21912.675 -32032 2522.68 -34554.7 579.63397
9.09 266.64865 603.01869 21810.756 -32181 2391.08 -34572.1 578.47746
9.1 270.477 283.50641 21913.341 -32077.2 2425.41 -34502.6 579.83329
9.11 267.3453 -83.427756 22063.319 -32153.2 2397.33 -34550.6 582.90497
9.12 264.46923 -272.6546 22038.864 -32217.7 2371.54 -34589.3 582.78827
9.13 270.85862 -591.54771 22180.262 -32062.2 2428.83 -34491 584.8841
9.14 272.55257 -37.268029 22012.885 -31953.4 2444.02 -34397.4 582.58325
9.15 257.72368 518.8099 21798.623 -32336.3 2311.05 -34647.4 578.348
9.16 262.61928 86.958614 21986.643 -32054.2 2354.95 -34409.2 581.37034
9.17 264.22038 -280.97732 22086.838 -32083.5 2369.31 -34452.8 583.27075
9.18 250.30777 -288.64675 22077.041 -32141.8 2244.55 -34386.3 583.18111
9.19 280.53915 -362.19359 22094.986 -31788.9 2515.64 -34304.5 583.75786
9.2 265.15004 138.49628 21940.394 -32059.1 2377.64 -34436.7 580.32303
9.21 280.80717 620.25039 21787.358 -31959.4 2518.04 -34477.5 578.67195
9.22 273.31744 166.74973 21957.332 -32051.7 2450.88 -34502.6 580.95568
9.23 282.97825 387.48371 21949.445 -31947.4 2537.51 -34484.9 580.88599
9.24 277.24003 -128.6046 21992.142 -32099.6 2486.06 -34585.6 581.23162
9.25 276.13793 -401.46748 22140.415 -31897 2476.17 -34373.2 584.05168
9.26 278.29769 -319.89064 22087.082 -32144.4 2495.54 -34639.9 582.52171
9.27 265.72932 -271.47779 22068.601 -32208 2382.84 -34590.9 583.6537
9.28 264.11791 -349.3656 22120.337 -32048.3 2368.39 -34416.7 585.20554
9.29 273.07398 -96.686955 22022.052 -32090.4 2448.7 -34539.1 583.19907
9.3 280.34634 353.58504 21954.629 -31902.6 2513.91 -34416.5 581.62577
9.31 275.71482 427.46973 21913.223 -32107.9 2472.38 -34580.3 581.30636
9.32 281.07263 551.98575 21851.705 -32009 2520.42 -34529.4 579.90832
9.33 271.9425 575.25447 21868.084 -31995 2438.55 -34433.5 579.89972
9.34 263.5879 240.89267 21907.322 -32164.4 2363.63 -34528 579.42804
9.35 280.85616 0.37061267 22005.591 -31997.9 2518.48 -34516.4 581.29919
9.36 273.20439 -65.985654 21992.314 -32137 2449.87 -34586.9 581.92221
9.37 273.28558 -409.36966 22155.906 -31932.7 2450.6 -34383.3 583.50095
9.38 282.19109 112.8228 21966.08 -32046.1 2530.45 -34576.5 580.17087
9.39 261.55545 446.156 21847.422 -32037.2 2345.41 -34382.6 578.58871
9.4 269.61146 433.96278 21861.139 -32045.5 2417.65 -34463.2 578.73488
9.41 271.32228 592.97111 21848.587 -32038.1 2432.99 -34471.1 579.1824
9.42 267.97346 -319.36434 22084.286 -31908.8 2402.96 -34311.7 583.76068
9.43 262.92614 -243.90387 22036.211 -32148.2 2357.7 -34505.9 582.80351
9.44 274.72177 19.809843 21998.536 -31910.6 2463.47 -34374.1 582.34259
9.45 275.81183 235.93629 21909.228 -32107.4 2473.25 -34580.6 581.39849
9.46 272.7862 209.54445 21910.6 -32057.3 2446.12 -34503.4 580.38761
9.47 268.63912 763.46098 21764.619 -32119.6 2408.93 -34528.5 577.88652
9.48 283.40949 357.79545 21918.695 -32025.8 2541.38 -34567.2 580.99533
9.49 260.40975 227.27645 21969.224 -32198.2 2335.14 -34533.4 581.84849
9.5 272.76306 -212.22209 22045.701 -32004.5 2445.91 -34450.4 582.64131
9.51 266.68749 -408.87294 22131.571 -32006.2 2391.43 -34397.6 583.73303
9.52 262.06539 -280.78815 22059.216 -32101.9 2349.98 -34451.9 582.17404
9.53 285.85888 -168.80318 22094.938 -31960.7 2563.34 -34524 582.91643
9.54 269.72337 39.271647 21988.316 -32099.1 2418.65 -34517.8 581.89249
9.55 264.06357 251.67675 21888.169 -32159.4 2367.9 -34527.3 579.73112
9.56 276.21485 833.40609 21777.481 -32017.3 2476.86 -34494.2 578.39768
9.57 271.89247 811.97423 21796.389 -32175.7 2438.1 -34613.8 578.50548
9.58 278.74356 126.07748 21970.72 -32052 2499.54 -34551.6 581.67693
9.59 268.29514 -191.93332 22044.64 -32043.2 2405.85 -34449 582.31084
9.6 261.97907 -656.15775 22195.197 -32161.3 2349.21 -34510.5 585.39802
9.61 275.63368 -99.658295 22059.789 -32065.5 2471.65 -34537.1 582.79824
9.62 263.51544 -133.78606 22034.503 -32072.7 2362.98 -34435.7 581.68046
9.63 255.97177 -498.32514 22165.007 -32118.1 2295.34 -34413.4 584.49349
9.64 245.90593 -509.60003 22103.648 -32167.5 2205.08 -34372.6 583.76124
9.65 276.63815 -112.49601 22003.213 -31943.7 2480.66 -34424.4 581.29158
9.66 283.25711 398.2302 21876.674 -32045.4 2540.01 -34585.4 578.96748
9.67 290.80573 169.89793 21968.925 -31922.7 2607.7 -34530.4 581.73127
9.68 264.06598 -276.03481 22074.555 -32185.1 2367.92 -34553 582.58495
9.69 277.68649 -61.856256 22006.636 -31812.1 2490.06 -34302.1 582.29098
9.7 259.56697 -175.97695 22043.741 -32102.7 2327.58 -34430.2 582.58166
9.71 259.58763 -717.74171 22214.312 -31880.1 2327.76 -34207.9 585.76763
9.72 263.41313 -620.08463 22187.67 -31988.8 2362.07 -34350.9 585.31402
9.73 259.605 -272.28805 22070.127 -32262 2327.92 -34589.9 583.46399
9.74 270.42534 -39.232466 22017.064 -32014.1 2424.95 -34439.1 582.0594
9.75 255.271 419.20718 21859.491 -32192.3 2289.06 -34481.4 579.76837
9.76 268.42184 509.83756 21891.39 -32043.3 2406.98 -34450.3 579.42769
9.77 284.30474 475.3509 21868.904 -31932.3 2549.41 -34481.7 579.49101
9.78 270.57026 266.08593 21915.324 -32135.7 2426.25 -34562 580.25421
9.79 280.55744 -400.23228 22119.14 -31953.2 2515.8 -34469.1 583.6711
9.8 274.82145 -238.80449 22115.501 -32047.6 2464.37 -34512 583.94402
9.81 264.61198 -359.79998 22107.507 -32031.2 2372.82 -34404 582.64394
9.82 276.9733 -146.65985 22043.953 -32031.2 2483.66 -34514.9 582.92817
9.83 267.87039 -576.08203 22161.37 -32075.3 2402.04 -34477.4 585.12313
9.84 269.29624 251.17341 21935.115 -32032.4 2414.82 -34447.2 580.70059
9.85 257.64131 345.29158 21843.339 -32204.6 2310.31 -34514.9 579.81107
9.86 272.24901 547.40566 21822.248 -32041.7 2441.3 -34483 579.05561
9.87 270.9221 -101.48851 22035.845 -32072.9 2429.4 -34502.3 582.39197
9.88 253.11382 -240.38347 22041.256 -32196.8 2269.71 -34466.6 582.5513
9.89 267.69124 -646.29823 22152.019 -31994.9 2400.43 -34395.3 584.74898
9.9 260.87989 -185.57901 22030.396 -32141.9 2339.35 -34481.2 581.80569
9.91 274.84362 548.04559 21863.551 -31905.9 2464.57 -34370.5 579.12502
9.92 261.86549 -33.119439 21960.19 -32089.7 2348.19 -34437.9 581.5614
9.93 265.54171 275.37367 21901.277 -32064.9 2381.15 -34446.1 579.99493
9.94 280.48743 432.17065 21895.201 -32017.4 2515.18 -34532.5 578.71328
9.95 272.41144 578.55376 21838.536 -31942.4 2442.76 -34385.1 579.80728
9.96 257.00393 164.05835 21963.976 -32199 2304.6 -34503.6 581.57837
9.97 282.85941 159.36013 21955.455 -31997.1 2536.45 -34533.5 580.76347
9.98 258.55598 -560.57009 22134.393 -32211.2 2318.51 -34529.8 584.7935
