0 277.5086 -272.10594 21707.079 -29620 2488.46 -32108.4 6.8860137
0.01 268.14883 119.46944 21738.514 -29230.2 2404.53 -31634.7 21.354524
0.02 271.4475 94.429599 21761.193 -29542.9 2434.11 -31977 36.300947
0.03 265.50274 580.93237 21718.695 -29535.6 2380.81 -31916.4 47.719049
0.04 281.98648 118.7515 21632.301 -29337.7 2528.62 -31866.4 57.40144
0.05 275.82131 397.2576 21654.057 -29257.8 2473.33 -31731.1 73.152495
0.06 270.39989 -1076.7616 21923.867 -29291.9 2424.72 -31716.6 84.847265
0.07 288.1555 -478.95414 21786.549 -29055.5 2583.94 -31639.4 96.760816
0.08 280.43491 13.228421 21824.135 -29368.2 2514.7 -31882.9 110.57312
0.09 257.27237 128.05315 21766.359 -29543 2307 -31850 120.28982
0.1 273.36064 -199.0371 21841.493 -29283.1 2451.27 -31734.3 132.46961
0.11 279.5913 204.76192 21809.639 -29269.2 2507.14 -31776.4 142.2518
0.12 266.26597 -408.56136 21874.387 -29177.1 2387.65 -31564.8 159.55968
0.13 273.79754 242.79551 21613.413 -29230.2 2455.19 -31685.4 171.42115
0.14 274.71164 132.10944 21744.262 -29178.9 2463.38 -31642.3 185.78842
0.15 281.64574 54.233182 21936.493 -29434.4 2525.56 -31960 206.94028
0.16 264.17134 -104.4645 21800.427 -29546.8 2368.87 -31915.7 208.72145
0.17 289.70117 214.20985 21643.624 -29355.2 2597.8 -31953 226.01856
0.18 277.18715 92.041546 21649.038 -29565.6 2485.58 -32051.2 238.14818
0.19 265.09882 -102.18789 21798.632 -29269.1 2377.18 -31646.3 248.90815
0.2 281.39611 -93.287884 21791.607 -28999.3 2523.32 -31522.6 262.52398
0.21 266.91334 -1011.5638 21866.513 -29164.8 2393.45 -31558.3 281.52431
0.22 271.63062 -60.286207 21693.913 -29243 2435.75 -31678.7 297.2678
0.23 281.92958 -566.25556 21875.633 -29148.5 2528.11 -31676.6 302.11636
0.24 265.11661 -834.03981 21819.45 -29214.7 2377.34 -31592 311.72207
0.25 258.83564 -141.98311 21632.434 -29377.5 2321.02 -31698.6 317.10914
0.26 290.46142 -483.58642 21707.887 -29087.1 2604.61 -31691.7 337.20568
0.27 279.51947 161.53487 21841.449 -29239.9 2506.5 -31746.4 353.99746
0.28 266.08727 -370.67785 21869.764 -29398.6 2386.05 -31784.6 361.36995
0.29 275.82192 -160.08819 21726.087 -29352.1 2473.34 -31825.5 376.53076
0.3 260.55851 -527.3201 21823.363 -29498.6 2336.47 -31835.1 390.4601
0.31 266.27637 -75.279527 21669.968 -29231.3 2387.74 -31619.1 405.50866
0.32 264.67739 32.225918 21725.567 -29476 2373.4 -31849.4 416.42266
0.33 253.32368 -165.32776 21687.48 -29484.7 2271.59 -31756.3 427.26538
0.34 266.69149 -340.99879 21680.525 -29116 2391.46 -31507.5 444.51412
0.35 274.53393 -385.0571 21779.989 -29192.4 2461.79 -31654.2 459.08021
0.36 273.127 -282.55915 21876.018 -28889.2 2449.17 -31338.4 469.98749
0.37 271.81952 397.0035 21682.963 -28898.9 2437.45 -31336.4 476.9133
0.38 275.72156 249.89962 21566.503 -28858.5 2472.44 -31330.9 489.35181
0.39 264.42117 -324.28954 21631.334 -28722.6 2371.11 -31093.7 509.63452
0.4 270.86975 921.57222 21316.344 -28351.3 2428.93 -30780.2 537.64946
0.41 267.64136 413.25904 21427.544 -28114.7 2399.98 -30514.7 559.01714
0.42 269.92033 -329.99106 21493.092 -28204.9 2420.42 -30625.3 586.0443
0.43 272.11591 -675.57564 21423.765 -28424.7 2440.11 -30864.8 618.98307
0.44 273.83647 9.4459532 21517.155 -28239.8 2455.54 -30695.3 645.39271
0.45 268.37101 -63.747776 21481.671 -28339.7 2406.53 -30746.3 671.02544
0.46 282.6271 193.39436 21628.422 -28213.8 2534.36 -30748.2 704.87345
0.47 267.68381 1012.3736 21476.226 -28305.3 2400.36 -30705.7 721.17239
0.48 277.20745 102.3442 21492.47 -28128.3 2485.76 -30614.1 752.82233
0.49 279.43488 -463.42422 21438.395 -28029.9 2505.74 -30535.6 786.63383
0.5 272.93887 -172.07736 21437.236 -28214.1 2447.49 -30661.6 818.18422
0.51 254.53136 49.019183 21531.83 -28499 2282.42 -30781.5 844.01309
0.52 282.29835 427.60025 21514.052 -28209.1 2531.41 -30740.5 862.115
0.53 276.38821 -437.13218 21494.234 -28248.7 2478.42 -30727.1 885.99207
0.54 285.60446 -240.91064 21555.007 -28171.5 2561.06 -30732.5 912.95105
0.55 276.90007 439.14273 21403.4 -28255 2483.01 -30738 936.91525
0.56 278.51829 144.13082 21183.817 -28159.2 2497.52 -30656.7 948.24231
0.57 288.85933 -724.09869 21645.27 -28038.3 2590.25 -30628.5 984.16874
0.58 264.64823 -35.2353 21460.57 -28405.2 2373.14 -30778.3 1003.3249
0.59 289.20547 -320.6304 21506.676 -28123.1 2593.35 -30716.4 1029.8488
0.6 265.76456 351.84175 21532.767 -28396.1 2383.15 -30779.2 1049.6079
0.61 267.66331 -179.47627 21471.821 -28277 2400.18 -30677.1 1074.14
0.62 282.48647 187.76994 21512.494 -28104.1 2533.1 -30637.2 1095.0132
0.63 282.33043 -291.43715 21466.293 -28164.7 2531.7 -30696.4 1117.0349
0.64 263.9618 457.5462 21574.349 -28288.7 2366.99 -30655.7 1139.4672
0.65 267.24476 219.95029 21462.845 -28321.7 2396.43 -30718.1 1159.6533
0.66 267.83183 67.087296 21404.6 -28461.7 2401.69 -30863.4 1199.0303
0.67 282.8485 143.44143 21560.441 -28204.8 2536.35 -30741.2 1214.0359
0.68 273.56273 216.94468 21235.875 -28274.3 2453.08 -30727.4 1241.1982
0.69 290.01026 148.56784 21450.455 -28261.2 2600.57 -30861.8 1284.3021
0.7 281.06617 493.65866 21314.213 -28302 2520.37 -30822.4 1296.0573
0.71 268.31036 -204.86673 21483.913 -28310.6 2405.98 -30716.6 1329.3479
0.72 273.41794 -741.11116 21487.475 -28172.2 2451.78 -30624 1338.1013
0.73 272.54891 -333.31074 21767.468 -28233.7 2443.99 -30677.6 1378.9364
0.74 269.87337 -401.92129 21547.662 -28364.9 2420 -30784.9 1396.9084
0.75 282.69691 166.88138 21519.768 -27949.3 2534.99 -30484.3 1430.703
0.76 281.72768 423.80184 21320.144 -28236.6 2526.3 -30762.9 1444.282
0.77 285.5494 95.24301 21457.276 -28008 2560.57 -30568.5 1469.8213
0.78 266.84177 205.17125 21424.858 -28284.9 2392.81 -30677.7 1475.7583
0.79 271.10887 391.94708 21222.868 -28125.3 2431.08 -30556.4 1487.9592
0.8 258.27438 -157.40148 21550.601 -28532 2315.99 -30848 1540.9957
0.81 269.49441 67.493961 21469.992 -28286.2 2416.6 -30702.8 1555.2251
0.82 256.54756 -558.83334 21529.577 -28477.2 2300.5 -30777.7 1566.3983
0.83 282.48791 -138.39886 21504.68 -28161.2 2533.11 -30694.3 1604.6465
0.84 283.93015 463.58274 21474.836 -28054 2546.05 -30600 1646.7894
0.85 273.39725 -225.15656 21434.877 -28339.4 2451.6 -30791 1659.9064
0.86 268.50319 872.85458 21429.54 -28321.7 2407.71 -30729.4 1685.5088
0.87 283.49558 6.2751397 21535.27 -28108.2 2542.15 -30650.4 1711.0162
0.88 268.10242 -379.4416 21474.58 -28327.9 2404.12 -30732 1756.228
0.89 271.54833 343.66582 21414.927 -27954.6 2435.02 -30389.6 1766.586
0.9 271.42635 234.00984 21356.209 -28323.9 2433.92 -30757.8 1798.8
0.91 266.13451 581.70325 21303.175 -28391.2 2386.47 -30777.7 1827.1905
0.92 267.59085 573.53735 21534.537 -28211.8 2399.53 -30611.3 1870.2301
0.93 266.50314 -328.64795 21642.749 -28402.2 2389.78 -30792 1875.1599
0.94 268.16369 988.20901 21333.724 -28096.1 2404.67 -30500.8 1876.7285
0.95 285.7213 253.6203 21626.165 -28249.9 2562.11 -30812 1913.0613
0.96 274.72086 -497.81569 21466.903 -28345.8 2463.47 -30809.2 1925.8128
0.97 279.11121 617.79131 21352.441 -28308.4 2502.83 -30811.2 1946.7871
0.98 283.40626 -77.478392 21567.914 -28242.4 2541.35 -30783.8 1984.3272
0.99 281.14213 -532.48672 21497.942 -28121.7 2521.05 -30642.7 1992.0503
1 277.17513 409.97627 21432.528 -28104.6 2485.47 -30590.1 2026.1124
1.01 277.72597 -65.295864 21470.939 -28225.9 2490.41 -30716.3 2049.9906
1.02 259.25749 -170.63307 21272.334 -28362.2 2324.8 -30687 2055.5899
1.03 274.98523 197.4902 21460.069 -28244.3 2465.84 -30710.2 2086.5763
1.04 269.22426 139.75992 21357.026 -28337.5 2414.18 -30751.7 2102.0937
1.05 260.39393 -134.92011 21628.827 -28429.1 2334.99 -30764.1 2162.8038
1.06 271.65477 7.2548478 21647.728 -28150.3 2435.97 -30586.3 2201.1355
1.07 264.55554 -611.57369 21376.68 -28162.8 2372.31 -30535.1 2192.3879
1.08 262.66651 -254.72538 21288.619 -28412.9 2355.37 -30768.3 2188.9634
1.09 269.94929 -341.02757 21473.566 -28295.3 2420.68 -30715.9 2222.7987
1.1 280.52147 -245.05902 21519.136 -28092.8 2515.48 -30608.2 2255.3963
1.11 262.53657 175.27452 21410.156 -28296.3 2354.21 -30650.5 2277.2642
1.12 282.50673 346.60277 21295.488 -28063.6 2533.28 -30596.9 2287.9716
1.13 263.20465 -16.496907 21481.568 -28317.2 2360.2 -30677.4 2331.1991
1.14 288.80283 -326.38973 21447.611 -28219 2589.74 -30808.7 2356.5596
1.15 283.73027 42.875236 21534.389 -28006.5 2544.25 -30550.8 2379.4773
1.16 270.29581 129.56116 21429.578 -28168.4 2423.79 -30592.2 2404.559
1.17 263.78299 -52.724862 21504.362 -28276.8 2365.38 -30642.2 2448.3776
1.18 282.83634 -34.067163 21754.185 -27992.9 2536.24 -30529.1 2477.7581
1.19 273.09488 1520.0036 21308.96 -28296.7 2448.89 -30745.6 2469.3922
1.2 268.06857 1098.9353 21368.673 -28303.6 2403.81 -30707.4 2494.1223
1.21 270.44493 -885.6166 21469.187 -28224 2425.12 -30649.1 2531.6735
1.22 284.09334 458.75734 21297.357 -28171.6 2547.51 -30719.2 2554.3316
1.23 295.74962 1047.5818 21321.891 -28160 2652.03 -30812 2595.4199
1.24 289.37298 -262.50497 21468.828 -28268.3 2594.85 -30863.1 2657.443
1.25 282.72059 38.432793 21515.327 -28101.1 2535.2 -30636.3 2706.9285
1.26 260.15797 -576.67715 21405.407 -28346.1 2332.88 -30678.9 2747.5147
1.27 290.36987 1166.4894 21446.535 -28042 2603.79 -30645.8 2792.6556
1.28 263.67085 -146.51863 21375.718 -28326.3 2364.38 -30690.7 2815.0735
1.29 277.97711 122.73068 21461.993 -28261.4 2492.66 -30754 2841.0263
1.3 280.69758 -484.01088 21656.455 -28197.7 2517.06 -30714.7 2888.1462
1.31 275.96078 137.91635 21498.36 -28268.1 2474.58 -30742.6 2922.6696
1.32 266.60275 967.46112 21451.615 -28276.7 2390.67 -30667.4 2972.3652
1.33 267.49464 923.21316 21364.952 -28320.1 2398.67 -30718.8 3006.7613
1.34 275.5504 340.39369 21605.558 -28152.9 2470.9 -30623.8 3050.1049
1.35 268.38933 -1309.8911 21536.869 -28174.9 2406.69 -30581.5 3077.5337
1.36 265.28907 423.8455 21370.71 -28365.6 2378.89 -30744.5 3085.0724
1.37 267.53331 -659.58476 21591.014 -28330.4 2399.01 -30729.4 3115.6391
1.38 267.61207 973.01767 21319.777 -28234.6 2399.72 -30634.3 3134.7962
1.39 275.46881 943.14352 21244.408 -28360 2470.17 -30830.2 3151.5711
1.4 287.54416 -128.54205 21382.698 -28122.8 2578.45 -30701.3 3186.2882
1.41 267.94595 -86.400413 21508.9 -28336.2 2402.71 -30738.9 3249.6421
1.42 276.76282 304.26418 21521.21 -28182.6 2481.78 -30664.4 3305.95
1.43 264.37341 -176.90731 21430.653 -28301.2 2370.68 -30671.9 3327.1458
1.44 267.60924 1198.4662 21435.469 -28081.8 2399.69 -30481.5 3378.4599
1.45 270.45277 403.98489 21371.01 -28292.5 2425.19 -30717.7 3408.3894
1.46 276.04497 -579.52779 21688.357 -28063.1 2475.34 -30538.4 3473.4663
1.47 277.30318 -211.44293 21333.268 -28274 2486.62 -30760.7 3459.5065
1.48 277.86191 21.390256 21437.821 -28038.6 2491.63 -30530.2 3496.4528
1.49 267.41498 1063.1086 21366.659 -28255.4 2397.95 -30653.4 3492.8498
1.5 261.18915 528.05057 21685.259 -28329.8 2342.12 -30671.9 3566.1174
1.51 282.00921 -460.36373 21542.493 -28141.7 2528.82 -30670.5 3587.2501
1.52 269.74783 -359.42211 21580.062 -28179.3 2418.87 -30598.2 3626.0028
1.53 267.28559 -196.47784 21440.927 -28238.3 2396.79 -30635.1 3643.2965
1.54 270.08887 338.68865 21244.149 -28340.7 2421.93 -30762.6 3630.6425
1.55 263.83785 -639.75368 21536.956 -28294.1 2365.88 -30660 3689.4671
1.56 278.62415 1118.8246 21191.22 -28298.2 2498.47 -30796.6 3689.8196
1.57 274.24305 -520.71507 21606.461 -28222.2 2459.18 -30681.3 3777.3748
1.58 270.12124 403.08474 21410.898 -28261.9 2422.22 -30684.1 3807.5975
1.59 266.30286 668.85377 21454.805 -28162.1 2387.98 -30550 3844.5393
1.6 293.79176 -380.2645 21637.688 -28016.6 2634.48 -30651 3884.2847
1.61 270.27022 -268.46436 21530.063 -28216.2 2423.56 -30639.8 3887.0488
1.62 262.77566 -196.54513 21551.769 -28140.7 2356.35 -30497.1 3922.1645
1.63 271.01931 -297.98103 21550.57 -28385 2430.27 -30815.3 3965.8245
1.64 276.98848 609.12102 21435.712 -28245.5 2483.8 -30729.3 3979.3267
1.65 266.68935 -262.21672 21483.092 -28484.2 2391.45 -30875.7 3998.6819
1.66 277.30038 967.0102 21529.979 -28167.6 2486.6 -30654.2 4022.4858
1.67 265.78101 112.27815 21492.735 -28442.1 2383.3 -30825.4 4032.8831
1.68 274.17578 -5.1818861 21431.999 -28062.1 2458.58 -30520.7 4082.2927
1.69 274.76274 -341.87648 21711.07 -28381.8 2463.84 -30845.6 4140.7091
1.7 274.06918 373.06174 21480.263 -28247.2 2457.62 -30704.9 4131.5246
1.71 264.68174 -40.392082 21661.967 -28376.3 2373.44 -30749.8 4159.9741
1.72 273.41209 -329.90882 21305.314 -28215.1 2451.73 -30666.8 4138.424
1.73 267.16933 538.54602 21243.041 -28380.8 2395.75 -30776.5 4151.6327
1.74 281.09276 -733.01917 21500.515 -28225.5 2520.6 -30746.1 4218.8272
1.75 266.98415 -353.36811 21614.447 -28424.3 2394.09 -30818.4 4262.0656
1.76 274.35185 349.01471 21650.578 -28080.1 2460.16 -30540.2 4279.6928
1.77 263.87214 -760.75758 21513.904 -28462.2 2366.18 -30828.3 4287.2197
1.78 266.29018 -319.87258 21614.211 -28371.4 2387.87 -30759.2 4329.4663
1.79 271.62556 119.36074 21316.44 -28277.2 2435.71 -30712.9 4310.2797
1.8 270.7834 -616.7557 21595.9 -28236.7 2428.16 -30664.9 4332.0681
1.81 264.74822 -904.82912 21520.218 -28213.4 2374.04 -30587.5 4360.6314
1.82 282.81803 -270.31782 21653.941 -28163.5 2536.07 -30699.6 4372.9601
1.83 262.08609 -405.39748 21569.465 -28206.6 2350.17 -30556.7 4377.5578
1.84 281.73138 118.93521 21526.704 -28054.2 2526.33 -30580.6 4395.8945
1.85 262.41386 -408.46657 21534.151 -28279.5 2353.11 -30632.6 4424.0611
1.86 273.40479 880.62813 21427.05 -28348.6 2451.66 -30800.3 4426.4968
1.87 282.17647 420.18886 21520.092 -28177.7 2530.32 -30708.1 4458.7655
1.88 273.33927 -138.76923 21452.051 -28367.3 2451.08 -30818.4 4465.0673
1.89 271.18001 -301.54655 21431.742 -28280.2 2431.71 -30711.9 4491.2856
1.9 281.46827 -108.72038 21298.195 -28132 2523.97 -30655.9 4490.8189
1.91 263.19294 441.21586 21452.08 -28350.9 2360.09 -30711 4539.5799
1.92 289.18957 495.9447 21495.195 -28133 2593.21 -30726.2 4591.4595
1.93 269.64882 -146.20194 21421.208 -28188.2 2417.98 -30606.1 4603.8256
1.94 267.93017 24.818748 21433.603 -28351.1 2402.57 -30753.7 4673.1946
1.95 256.79311 372.10046 21333.212 -28371.5 2302.7 -30674.2 4680.6719
1.96 289.91494 -126.76728 21640.403 -28108.5 2599.71 -30708.2 4727.5045
1.97 255.95809 52.640206 21518.121 -28335.5 2295.22 -30630.8 4741.3668
1.98 281.45172 504.98743 21493.286 -28235.9 2523.82 -30759.7 4778.6022
1.99 270.99809 36.964145 21515.265 -28264.9 2430.08 -30695 4787.7341
2 270.83476 -265.69108 21665.805 -28166.3 2428.62 -30594.9 4819.7481
2.01 273.14692 -465.57574 21716.518 -28271.5 2449.35 -30720.8 4882.3475
2.02 261.49766 -689.84657 21804.745 -28164.5 2344.89 -30509.4 4949.2433
2.03 269.44965 -500.80564 21625.247 -28219.3 2416.2 -30635.5 4942.1543
2.04 272.63623 -61.216316 21636.085 -28009.2 2444.77 -30454 4982.02
2.05 264.18008 325.68207 21478.124 -28192.5 2368.94 -30561.5 4959.9493
2.06 270.99702 65.539628 21582.36 -28293.3 2430.07 -30723.4 5012.5974
2.07 279.22406 -250.45554 21499.86 -28224.2 2503.85 -30728.1 5020.7773
2.08 272.10207 -791.73393 21499.7 -28208.9 2439.98 -30648.9 5060.9149
2.09 277.65345 626.86033 21363.698 -28266.7 2489.76 -30756.4 5103.5156
2.1 282.04364 251.0191 21676.875 -28031.5 2529.13 -30560.6 5200.818
2.11 261.95409 107.68327 21659.551 -28194.3 2348.98 -30543.3 5224.7295
2.12 265.55074 -681.04094 21603.026 -28427.4 2381.24 -30808.6 5252.5666
2.13 268.23424 711.7777 21448.421 -28179.3 2405.3 -30584.6 5257.3972
2.14 272.36583 747.49763 21428.28 -28308 2442.35 -30750.4 5291.5708
2.15 281.22163 492.63117 21205.025 -28045.4 2521.76 -30567.2 5286.1729
2.16 272.58597 420.98358 21503.112 -28089.6 2444.32 -30534 5367.8918
2.17 268.15733 113.60782 21522.035 -28218.4 2404.61 -30623.1 5412.1513
2.18 265.07436 104.75135 21470.431 -28417.1 2376.96 -30794.1 5428.2016
2.19 281.97962 282.7711 21404.379 -28113.2 2528.56 -30641.8 5441.637
2.2 267.65876 -397.42249 21401.724 -28306.4 2400.14 -30706.5 5481.0663
2.21 253.59308 896.56931 21280.704 -28267.7 2274.01 -30541.7 5485.3151
2.22 270.67031 -887.14566 21611.034 -28164.3 2427.14 -30591.5 5573.2192
2.23 280.73366 117.2087 21586.834 -28175.3 2517.38 -30692.7 5585.2076
2.24 284.40621 -189.51493 21474.433 -28298.9 2550.32 -30849.2 5634.2235
2.25 273.7547 -866.11672 21579.862 -28240.8 2454.8 -30695.6 5690.7824
2.26 263.24097 883.96975 21387.105 -28400.8 2360.52 -30761.3 5677.7136
2.27 277.26403 -455.65253 21439.741 -28468.4 2486.27 -30954.7 5707.7268
2.28 277.64847 -562.94612 21659.303 -28196.2 2489.72 -30686 5763.1968
2.29 271.80841 233.94585 21435.761 -28235.6 2437.35 -30672.9 5755.6613
2.3 283.90963 18.576859 21620.451 -28236.9 2545.86 -30782.7 5820.6323
2.31 262.48577 877.17709 21453.047 -28332.7 2353.75 -30686.5 5844.1902
2.32 273.86334 -294.74563 21496.889 -28192.2 2455.78 -30648 5882.7022
2.33 267.16676 474.42746 21388.087 -28451.1 2395.73 -30846.9 5928.8524
2.34 266.80204 -1336.2153 21611.269 -28262.1 2392.46 -30654.5 5991.0258
2.35 297.59654 750.34408 21391.643 -27902.5 2668.6 -30571.1 5986.3387
2.36 269.0474 -272.53542 21665.863 -28321.6 2412.59 -30734.2 6058.2614
2.37 267.15749 76.044436 21197.167 -28248.9 2395.64 -30644.6 6025.8925
2.38 267.3389 856.04022 21276.086 -28184.1 2397.27 -30581.4 6076.4467
2.39 272.1179 682.9375 21270.394 -28437.1 2440.12 -30877.2 6106.5979
2.4 271.74494 -138.84053 21482.133 -28277.1 2436.78 -30713.8 6181.2992
2.41 270.20338 -104.73886 21461.801 -28415.6 2422.96 -30838.5 6206.3776
2.42 269.72807 -364.36671 21501.541 -28201.5 2418.69 -30620.1 6225.4945
2.43 289.5415 -854.89511 21686.097 -28138.9 2596.36 -30735.3 6310.1563
2.44 267.31976 -402.96277 21599.711 -28314.8 2397.1 -30711.9 6323.5833
2.45 285.06032 627.60897 21413.842 -28088.5 2556.18 -30644.7 6309.205
2.46 263.32452 538.975 21254.373 -28364.7 2361.27 -30725.9 6287.0946
2.47 274.08893 706.99299 21281.857 -28226.8 2457.8 -30684.6 6337.9786
2.48 264.34927 -162.3416 21542.049 -28181.1 2370.46 -30551.6 6392.1633
2.49 270.89859 456.37293 21490.017 -28457.7 2429.19 -30886.9 6421.3141
2.5 279.00532 393.71127 21422.015 -28181 2501.89 -30682.8 6435.1222
2.51 280.2529 93.09406 21384.567 -28078 2513.07 -30591.1 6431.4821
2.52 274.07896 334.54176 21483.807 -28390.7 2457.71 -30848.4 6479.4653
2.53 276.61307 -876.22544 21680.754 -28239.1 2480.43 -30719.5 6540.9048
2.54 266.3059 810.02639 21356.351 -28398.2 2388.01 -30786.2 6481.4537
2.55 271.73896 -760.14586 21730.401 -28214.6 2436.73 -30651.3 6535.6635
2.56 273.07478 -505.30631 21428.433 -28248.2 2448.7 -30696.9 6495.4025
2.57 275.36041 -270.6684 21466.848 -28279.4 2469.2 -30748.6 6503.8945
2.58 266.11555 185.72017 21433.565 -28331.6 2386.3 -30717.9 6479.6496
2.59 269.33066 70.891534 21633.13 -28218 2415.13 -30633.2 6535.5632
2.6 269.6741 -11.684318 21504.19 -28426.4 2418.21 -30844.6 6530.9264
2.61 259.94363 805.33526 21478.346 -28210.5 2330.96 -30541.4 6545.3188
2.62 276.43244 -76.545583 21454.484 -28303.7 2478.81 -30782.5 6585.191
2.63 272.77197 59.887118 21424.683 -28365.8 2445.99 -30811.7 6594.4671
2.64 284.31365 -566.57523 21594.783 -27889.9 2549.49 -30439.3 6647.0671
2.65 268.22205 -495.53275 21290.131 -28372.8 2405.19 -30778 6614.744
2.66 275.91323 555.518 21380.503 -28273.5 2474.16 -30747.6 6654.9951
2.67 272.20557 332.67698 21377.51 -28401.8 2440.91 -30842.7 6663.8445
2.68 251.55628 -660.23896 21597.933 -28547.9 2255.75 -30803.6 6726.8677
2.69 275.72037 1035.114 21505.802 -28259 2472.43 -30731.4 6730.1754
2.7 276.71018 129.34804 21514.955 -28189.2 2481.3 -30670.5 6772.4211
2.71 278.64252 482.74359 21423.767 -28248.6 2498.63 -30747.2 6768.1414
2.72 256.75519 715.3008 21335.593 -28398.8 2302.36 -30701.2 6751.1752
2.73 272.91562 267.02362 21607.794 -28266.3 2447.28 -30713.6 6834.254
2.74 278.64118 569.47181 21343.422 -28304.2 2498.62 -30802.9 6815.6113
2.75 269.00902 488.13825 21494.823 -28290.7 2412.25 -30703 6878.6186
2.76 287.481 -126.25661 21558.749 -28315.3 2577.89 -30893.1 6891.186
2.77 282.92332 -75.329605 21254.175 -28111.5 2537.02 -30648.5 6818.1405
2.78 272.94672 -461.99071 21536.487 -28218.4 2447.56 -30665.9 6964.139
2.79 269.72726 -111.11278 21503.416 -28198.3 2418.69 -30617 7005.7007
2.8 281.42716 318.58143 21417.733 -28201.4 2523.6 -30725 7015.1518
2.81 278.23016 171.89515 21504.631 -28222.7 2494.93 -30717.7 7064.6389
2.82 273.35377 -515.17446 21569.141 -28074.7 2451.21 -30525.9 7109.368
2.83 277.21517 645.99546 21343.633 -28347.7 2485.83 -30833.6 7113.417
2.84 293.68362 425.28211 21327.301 -28225.3 2633.51 -30858.8 7156.4601
2.85 276.9606 385.69198 21406.766 -28194.3 2483.55 -30677.8 7175.1387
2.86 286.02892 481.3968 21594.088 -28117.9 2564.87 -30682.7 7222.2236
2.87 265.91497 -344.60116 21591.313 -28275.7 2384.5 -30660.2 7243.4419
2.88 276.20294 49.241852 21430.671 -28157.9 2476.76 -30634.7 7252.2428
2.89 267.49596 305.19978 21490.183 -28394.2 2398.68 -30792.9 7284.1844
2.9 278.2762 345.77688 21656.439 -28242.4 2495.35 -30737.7 7332.7655
2.91 269.93868 -384.05255 21674.246 -28212.4 2420.58 -30633 7360.4431
2.92 263.37765 251.92941 21511.199 -28438.4 2361.75 -30800.2 7353.5829
2.93 264.47869 -93.096575 21503.581 -28366.1 2371.62 -30737.7 7357.1399
2.94 275.0484 -43.256478 21474.922 -28162 2466.4 -30628.4 7351.8761
2.95 268.68485 710.25184 21353.567 -28401.3 2409.34 -30810.6 7389.8568
2.96 271.49151 139.83769 21526.273 -28246 2434.51 -30680.5 7451.5571
2.97 264.32649 -228.77016 21506.267 -28296.7 2370.26 -30667 7488.0553
2.98 266.61876 -521.95232 21637.78 -28212.8 2390.81 -30603.6 7539.3501
2.99 261.27101 -978.99857 21515.018 -28244.3 2342.86 -30587.1 7549.0913
3 271.8919 -463.28085 21509.522 -28383.7 2438.1 -30821.8 7571.9654
3.01 271.96873 -104.7936 21473.309 -28316.9 2438.79 -30755.6 7556.1769
3.02 266.98942 -538.5189 21608.232 -28375.7 2394.14 -30769.8 7592.8842
3.03 260.19977 -350.15449 21496.637 -28460.5 2333.25 -30793.7 7575.2313
3.04 268.77415 83.571787 21606.636 -28359.7 2410.14 -30769.8 7623.2539
3.05 279.48645 569.77254 21582.306 -27999.7 2506.2 -30505.9 7611.2689
3.06 272.08246 -344.91421 21549.874 -28355.9 2439.81 -30795.7 7642.9052
3.07 280.95221 1130.4766 21248.895 -28145.6 2519.34 -30665 7587.6433
3.08 284.85008 -507.30226 21599.965 -28292.2 2554.3 -30846.5 7695.1463
3.09 272.8915 -623.53314 21598.652 -28358.8 2447.06 -30805.8 7700.249
3.1 270.79375 7.9910166 21421.416 -28479.2 2428.25 -30907.5 7686.3508
3.11 272.87232 -54.508756 21463.97 -28329.8 2446.89 -30776.7 7698.6118
3.12 283.64984 107.92771 21488.295 -27991.3 2543.53 -30534.8 7717.3328
3.13 268.22702 84.201304 21524.68 -28381.4 2405.23 -30786.7 7766.7068
3.14 275.94302 731.31377 21445.512 -28284.9 2474.42 -30759.3 7756.4502
3.15 287.57725 -392.47328 21440.936 -28093.9 2578.75 -30672.6 7814.7328
3.16 272.29998 -555.76378 21511.412 -28462.8 2441.76 -30904.6 7850.0543
3.17 280.06424 432.03321 21549.257 -28115.1 2511.38 -30626.5 7896.541
3.18 280.47093 426.55175 21347.966 -28222.4 2515.03 -30737.4 7856.0148
3.19 272.62161 361.96585 21586.36 -28322.9 2444.64 -30767.6 7932.4592
3.2 270.20676 154.34472 21522.318 -28402.6 2422.99 -30825.5 7970.9025
3.21 275.77931 311.3347 21440.01 -28122.4 2472.96 -30595.3 8010.2484
3.22 271.13882 504.03258 21318.635 -28209.3 2431.34 -30640.6 7968.6779
3.23 250.95205 -373.45969 21420.284 -28434.6 2250.33 -30684.9 8017.4451
3.24 279.16468 925.15897 21369.279 -28157.2 2503.31 -30660.5 8075.4424
3.25 270.2116 977.33898 21306.955 -28275 2423.03 -30698 8100.5775
3.26 280.34747 -764.34777 21484.114 -28328 2513.92 -30841.9 8166.8221
3.27 266.40729 585.61219 21397.626 -28242 2388.92 -30630.9 8169.0272
3.28 269.22089 -379.4495 21346.503 -28244.9 2414.15 -30659.1 8194.9834
3.29 274.70187 658.30669 21735.344 -28245.9 2463.3 -30709.2 8325.9171
3.3 258.88807 352.66328 21420.999 -28246.6 2321.49 -30568.1 8280.6479
3.31 273.05644 961.95991 21090.613 -28398.9 2448.54 -30847.4 8232.2758
3.32 278.14238 -312.70911 21624 -28198.9 2494.15 -30693.1 8445.1422
3.33 278.82121 359.93181 21625.627 -28373.5 2500.23 -30873.7 8435.158
3.34 269.82366 1018.7874 21271.323 -28083.6 2419.55 -30503.1 8352.6561
3.35 269.17075 77.318353 21543.77 -28278.7 2413.7 -30692.4 8461.6875
3.36 282.53622 127.08512 21455.043 -28118.2 2533.55 -30651.7 8440.451
3.37 278.79492 486.64118 21447.725 -28006.3 2500 -30506.3 8476.2169
3.38 261.05458 151.4093 21538.4 -28217 2340.92 -30557.9 8511.7099
3.39 296.37612 360.3828 21505.815 -28001.9 2657.65 -30659.6 8497.2951
3.4 270.50464 -164.83547 21446.943 -28220.3 2425.66 -30645.9 8521.8506
3.41 255.2945 376.53387 21602.965 -28475.2 2289.27 -30764.5 8595.3481
3.42 263.74302 -529.48986 21477.604 -28253 2365.03 -30618 8625.1233
3.43 274.9364 237.6751 21567.154 -28414.4 2465.4 -30879.8 8657.5077
3.44 293.48937 538.67122 21139.464 -28176.5 2631.77 -30808.3 8582.2822
3.45 273.61073 530.0452 21627.902 -28377.4 2453.51 -30830.9 8732.7066
3.46 272.12794 850.04891 21252.101 -28075.6 2440.21 -30515.8 8658.022
3.47 266.29785 -892.76295 21632.854 -28238.4 2387.94 -30626.3 8780.7551
3.48 274.91859 -19.352286 21530.598 -28212.5 2465.24 -30677.8 8816.2359
3.49 267.94998 -989.69308 21625.032 -28299.4 2402.75 -30702.1 8878.6676
3.5 267.55115 343.50043 21255.43 -28156.7 2399.17 -30555.8 8831.2859
3.51 276.72139 439.17565 21428.899 -28025.4 2481.4 -30506.8 8937.6149
3.52 273.18253 363.906 21468.017 -28200.9 2449.67 -30650.6 8948.1451
3.53 263.96036 -324.76292 21687.619 -28468.9 2366.97 -30835.9 8989.6636
3.54 275.31778 397.75978 21409.802 -28339.8 2468.82 -30808.7 8974.1369
3.55 279.58455 -650.65298 21557.367 -28227.4 2507.08 -30734.5 9039.3619
3.56 282.99463 472.67229 21322.867 -28375.7 2537.66 -30913.4 9024.8702
3.57 278.67334 627.52643 21286.477 -28389.4 2498.91 -30888.3 9046.8268
3.58 263.2615 -321.94603 21368.497 -28265.4 2360.71 -30626.1 9132.4481
3.59 273.79645 -421.80842 21562.646 -28320.6 2455.18 -30775.8 9228.241
3.6 272.65546 742.25065 21374.446 -27922.5 2444.94 -30367.4 9196.9686
3.61 279.39216 -333.28553 21723.507 -28221.2 2505.35 -30726.6 9335.1322
3.62 265.45423 183.02266 21407.006 -28400.2 2380.37 -30780.6 9274.4061
3.63 274.21395 49.955788 21348.404 -28343.4 2458.92 -30802.3 9299.3447
3.64 273.19465 41.872542 21468.707 -28070.1 2449.78 -30519.9 9344.9755
3.65 259.62592 -170.30874 21469.127 -28290.7 2328.11 -30618.8 9384.0899
3.66 274.84294 399.30929 21600.395 -28112.1 2464.56 -30576.6 9456.0677
3.67 270.57393 -14.480715 21394.67 -28422.1 2426.28 -30848.4 9412.8484
3.68 280.57145 -235.93071 21514.995 -28113.2 2515.93 -30629.1 9468.6258
3.69 275.90403 553.57923 21331.753 -28118.1 2474.08 -30592.2 9444.6446
3.7 269.9371 158.25464 21465.496 -28150.1 2420.57 -30570.6 9526.5381
3.71 266.52657 222.18299 21698.764 -28161 2389.99 -30551 9647.6322
3.72 282.75925 -440.47462 21574.305 -28121.6 2535.55 -30657.1 9628.3899
3.73 280.99287 330.466 21630.874 -28083.3 2519.71 -30603 9694.7034
3.74 271.07354 -547.06341 21528.811 -28266.5 2430.76 -30697.2 9710.6044
3.75 264.48966 -24.65337 21534.767 -28519.5 2371.72 -30891.2 9705.0334
3.76 277.86103 -73.072049 21549.363 -28174.8 2491.62 -30666.5 9724.9524
3.77 270.65637 -169.4076 21632.802 -28164.1 2427.02 -30591.1 9801.5091
3.78 264.3594 51.032127 21632.367 -28351.9 2370.55 -30722.5 9831.4426
3.79 255.93148 -413.27149 21556.233 -28506.2 2294.98 -30801.2 9805.0139
3.8 273.82347 -44.560154 21512.801 -28321.4 2455.42 -30776.9 9809.5862
3.81 271.2999 890.86271 21331.521 -28300.4 2432.79 -30733.2 9743.6061
3.82 274.47929 165.95644 21422.89 -28304 2461.3 -30765.3 9815.7862
3.83 270.47415 200.55077 21529.669 -28459.8 2425.38 -30885.2 9880.246
3.84 271.4522 -831.02326 21457.88 -28306.1 2434.16 -30740.2 9911.3468
3.85 279.16376 611.72391 21456.217 -28205.7 2503.31 -30709 9964.8289
3.86 270.73676 -273.7424 21438.286 -28337.1 2427.74 -30764.8 9997.9465
3.87 279.99403 29.728822 21368.365 -28239.4 2510.75 -30750.1 9971.2088
3.88 271.99551 140.55481 21409.081 -28283.2 2439.03 -30722.2 10022.189
3.89 275.55771 219.13502 21660.747 -28164.2 2470.97 -30635.2 10130.547
3.9 254.7881 -474.13676 21665.929 -28418.5 2284.73 -30703.3 10156.35
3.91 271.56741 574.97987 21389.996 -28221.4 2435.19 -30656.6 10071.446
3.92 263.67071 -78.848242 21560.919 -28275.8 2364.38 -30640.2 10167.825
3.93 267.96759 -159.61164 21607.032 -28186.2 2402.91 -30589.1 10184.162
3.94 270.6145 641.63294 21436.12 -28381.8 2426.64 -30808.5 10166.808
3.95 261.64459 -199.91777 21443.031 -28320.9 2346.21 -30667.1 10219.619
3.96 274.12409 518.05777 21493.808 -28176.2 2458.11 -30634.3 10256.126
3.97 276.07049 -642.18664 21386.1 -28183.1 2475.57 -30658.7 10207.625
3.98 270.08363 555.88854 21325.825 -28166.1 2421.88 -30588 10212.966
3.99 290.12955 -660.58973 21655.067 -28105 2601.64 -30706.6 10351.642
4 269.49038 147.90758 21274.951 -28337.1 2416.56 -30753.7 10296.489
4.01 280.36176 255.48997 21426.97 -28327.8 2514.05 -30841.9 10393.849
4.02 269.49034 -330.33827 21709.356 -28209.5 2416.56 -30626.1 10511.847
4.03 275.04248 -713.68421 21435.61 -28174.8 2466.35 -30641.2 10470.674
4.04 278.64856 166.35315 21507.082 -28475 2498.69 -30973.7 10525.032
4.05 274.37322 535.52242 21735.903 -28212.6 2460.35 -30672.9 10624.95
4.06 271.28225 -990.81954 21603.822 -28282.2 2432.63 -30714.8 10557.629
4.07 263.99415 145.39252 21415.731 -28444.3 2367.28 -30811.5 10515.495
4.08 276.52196 457.17245 21420.795 -28041.9 2479.62 -30521.5 10521.24
4.09 276.97513 760.07309 21448.262 -28182.4 2483.68 -30666.1 10576.92
4.1 275.15993 -57.038044 21473.883 -28090.5 2467.4 -30557.9 10582.096
4.11 269.81882 108.20136 21498.105 -28432.5 2419.51 -30852 10579.711
4.12 272.19881 89.010151 21445.598 -28175.7 2440.85 -30616.6 10617.209
4.13 285.78476 577.02104 21326.586 -28137.5 2562.68 -30700.2 10619.27
4.14 258.5655 -870.90611 21565.746 -28453.5 2318.6 -30772.1 10704.495
4.15 277.06861 -205.822 21523.169 -28246.3 2484.52 -30730.8 10745.804
4.16 262.35925 -1022.7257 21564.732 -28393.1 2352.62 -30745.7 10788.26
4.17 254.65797 -59.48565 21553.959 -28387.2 2283.56 -30670.7 10774.687
4.18 271.28976 -446.32474 21734.757 -28181.7 2432.7 -30614.4 10873.232
4.19 275.96481 -283.9273 21590.173 -28283.8 2474.62 -30758.4 10822.296
4.2 296.98101 -482.62384 21537.452 -27923.9 2663.08 -30586.9 10843.935
4.21 269.04831 84.94521 21308.42 -28313.7 2412.6 -30726.3 10839.9
4.22 279.65041 -344.64222 21640.027 -28213.7 2507.67 -30721.4 10981.804
4.23 269.74272 201.46768 21635.235 -28271 2418.83 -30689.9 11022.519
4.24 263.57875 -62.087789 21587.069 -28369.9 2363.55 -30733.5 11036.645
4.25 285.55616 892.73875 21550.374 -28283.1 2560.63 -30843.7 11079.032
4.26 264.1935 -305.66493 21643.91 -28404.6 2369.07 -30773.6 11168.154
4.27 296.03826 26.137615 21643.314 -28011.2 2654.62 -30665.8 11201.428
4.28 282.4594 536.72326 21386.661 -28365.7 2532.86 -30898.6 11160.744
4.29 270.50983 -1593.3588 21757.329 -28227 2425.7 -30652.7 11320.567
4.3 276.60314 14.310552 21491.282 -28236.2 2480.34 -30716.6 11226.876
4.31 287.12471 -871.64681 21583.31 -28204.5 2574.69 -30779.2 11279.766
4.32 279.48458 -336.91799 21580.675 -28381.8 2506.18 -30888 11340.095
4.33 273.74916 -22.374271 21339.185 -28355.6 2454.75 -30810.4 11265.346
4.34 263.27045 27.471087 21393.774 -28401 2360.79 -30761.8 11324.373
4.35 272.79688 143.3559 21401.429 -28224.3 2446.21 -30670.5 11348.331
4.36 263.65132 -195.45781 21431.79 -28487.6 2364.2 -30851.8 11391.623
4.37 269.97594 -203.98708 21564.035 -28286.5 2420.92 -30707.4 11469.768
4.38 268.10201 442.07763 21544.521 -28223.2 2404.11 -30627.3 11505.873
4.39 264.72058 -546.71465 21596.99 -28277.4 2373.79 -30651.2 11543.951
4.4 282.95872 -471.1646 21626.038 -27935.8 2537.34 -30473.1 11600.958
4.41 271.81345 174.77859 21492.169 -28269.1 2437.39 -30706.5 11554.33
4.42 265.61203 231.20633 21361.872 -28285.6 2381.79 -30667.4 11525.235
4.43 276.55301 45.889203 21477.236 -28125.2 2479.89 -30605.1 11598.345
4.44 266.10694 -554.57712 21526.001 -28183.3 2386.22 -30569.6 11629.907
4.45 272.49636 25.891282 21538.444 -28101.3 2443.52 -30544.9 11655.423
4.46 285.04568 478.72431 21539.204 -28034.7 2556.05 -30590.8 11686.484
4.47 270.09789 434.15455 21343.324 -28348 2422.01 -30770 11649.816
4.48 263.70485 270.34108 21390.475 -28473 2364.68 -30837.7 11683.825
4.49 278.26844 1095.9287 21375.532 -28284.5 2495.28 -30779.8 11681.208
4.5 279.87929 491.02003 21554.305 -28159.5 2509.72 -30669.2 11773.527
4.51 271.90052 -141.58396 21596.822 -28084.1 2438.18 -30522.3 11812.841
4.52 275.81369 -106.04275 21353.903 -28135 2473.27 -30608.2 11710.235
4.53 270.42228 -285.34611 21586.112 -28245.8 2424.92 -30670.7 11847.738
4.54 276.65599 -600.12416 21592.173 -28172.2 2480.82 -30653 11867.551
4.55 260.03009 337.69825 21301.174 -28401.8 2331.73 -30733.5 11794.805
4.56 284.79088 324.71013 21458.804 -28170.9 2553.77 -30724.7 11898.207
4.57 258.09266 15.490875 21564.356 -28430.8 2314.36 -30745.1 11986.298
4.58 275.50017 450.24372 21549.871 -28202.2 2470.45 -30672.7 11948.216
4.59 271.18883 -404.55562 21602.532 -28328.9 2431.79 -30760.7 12024.08
4.6 298.93211 1126.9458 21295.095 -28004 2680.57 -30684.6 11961.518
4.61 274.38319 489.95681 21515.533 -28227.3 2460.44 -30687.7 12103.864
4.62 273.49051 196.09988 21441.95 -28081.1 2452.43 -30533.5 12079.372
4.63 274.85237 325.0434 21307.211 -28384.4 2464.64 -30849 12066.364
4.64 275.07254 -46.204477 21535.332 -28187.2 2466.62 -30653.8 12178.697
4.65 267.39099 384.52936 21499.201 -28439.8 2397.74 -30837.5 12218.931
4.66 274.0295 -105.58844 21756.317 -28186.1 2457.27 -30643.3 12357.93
4.67 261.89382 274.81375 21435.137 -28413.2 2348.44 -30761.7 12280.506
4.68 279.87397 20.278158 21556.043 -28186.4 2509.67 -30696.1 12312.184
4.69 266.91547 700.28368 21455.447 -28498.8 2393.47 -30892.2 12289.782
4.7 263.9925 655.82957 21523.321 -28353.6 2367.26 -30720.8 12372.769
4.71 261.48946 -344.5486 21592.603 -28371.3 2344.82 -30716.1 12490.094
4.72 268.06422 -259.22352 21368.38 -28443.5 2403.77 -30847.3 12428.708
4.73 283.36669 966.12694 21250.483 -28163.7 2540.99 -30704.7 12435.17
4.74 262.77325 704.89598 21489.994 -28236.1 2356.33 -30592.5 12538.837
4.75 268.43153 460.42036 21404.355 -28485.6 2407.07 -30892.6 12574.688
4.76 282.34119 -481.55114 21510.956 -28161.6 2531.8 -30693.4 12623.032
4.77 269.84057 1721.3966 21171.106 -28383.7 2419.7 -30803.4 12523.01
4.78 268.45297 -482.59877 21469.62 -28216.8 2407.26 -30624.1 12691.796
4.79 265.28033 210.80837 21713.44 -28319.4 2378.81 -30698.2 12815.154
4.8 270.24537 -857.52938 21791.726 -28294.9 2423.33 -30718.2 12859.32
4.81 280.23917 1566.5345 21342.633 -28262.1 2512.95 -30775.1 12676.365
4.82 260.57922 869.02115 21342.51 -28347.6 2336.66 -30684.3 12699.697
4.83 281.41802 -506.16427 21471.023 -28300.6 2523.52 -30824.1 12773.24
4.84 289.53343 -217.41112 21755.148 -28084.7 2596.29 -30681 12928.951
4.85 279.246 57.347085 21476.14 -28171.7 2504.04 -30675.7 12795.304
4.86 274.41486 -751.31544 21348.68 -28293 2460.72 -30753.7 12784.808
4.87 275.23378 6.8180329 21506.454 -28168 2468.07 -30636.1 12880.287
4.88 271.18562 -730.70157 21588.41 -28326.2 2431.76 -30758 12937.87
4.89 273.04077 -488.31812 21628.064 -28320.2 2448.4 -30768.6 12935.39
4.9 259.73194 -645.98534 21457.774 -28464 2329.06 -30793.1 12880.778
4.91 282.26458 -56.491421 21483.301 -28262.1 2531.11 -30793.2 12890.59
4.92 276.14919 281.68276 21559.004 -28330 2476.27 -30806.3 12977.453
4.93 260.82062 71.356095 21338.329 -28375.3 2338.82 -30714.2 12918.485
4.94 265.1011 -777.38998 21630.318 -28290.8 2377.2 -30668 13072.167
4.95 278.78971 -232.96976 21551.931 -28186 2499.95 -30686 13055
4.96 289.01634 629.32747 21390.565 -28074.9 2591.66 -30666.6 12998.477
4.97 263.19508 308.99227 21440.709 -28255.1 2360.11 -30615.2 13017.397
4.98 282.71527 -439.03416 21523.203 -28172.5 2535.15 -30707.7 13082.543
4.99 263.9899 210.70964 21709.466 -28470.2 2367.24 -30837.5 13184.457
5 278.50932 295.73481 21448.888 -28395.8 2497.44 -30893.2 13119.457
5.01 273.81034 -323.58454 21434.727 -28267.4 2455.3 -30722.7 13118.368
5.02 284.51468 1077.7618 21401.535 -28129.5 2551.29 -30680.8 13150.484
5.03 275.5787 137.29308 21383.659 -28283.4 2471.16 -30754.6 13176.627
5.04 273.19346 -295.29835 21502.741 -28234.1 2449.77 -30683.9 13301.065
5.05 286.87797 294.09323 21583.009 -28003.5 2572.48 -30576 13380.762
5.06 276.86398 450.96012 21309.777 -28203 2482.68 -30685.7 13324.493
5.07 278.05203 1052.0726 21273.729 -28241.8 2493.34 -30735.1 13355.722
5.08 267.52268 61.071347 21463.626 -28414.1 2398.92 -30813 13468.891
5.09 279.98122 965.2526 21426.345 -28207.9 2510.64 -30718.5 13465.927
5.1 264.73509 -288.94018 21593.883 -28187 2373.92 -30560.9 13594.899
5.11 272.55011 -112.42196 21377.623 -28256.5 2444 -30700.5 13508.601
5.12 279.82232 -524.81752 21501.79 -28173.5 2509.21 -30682.8 13642.29
5.13 270.3902 567.33932 21389.411 -28334.8 2424.63 -30759.4 13614.519
5.14 270.4812 -1081.0264 21593.232 -28041.2 2425.45 -30466.7 13719.779
5.15 271.59298 -202.17437 21485.975 -28261.5 2435.42 -30696.9 13713.798
5.16 268.07534 358.66119 21310.361 -28393 2403.87 -30796.9 13651.866
5.17 265.385 -244.09997 21408.628 -28415 2379.75 -30794.7 13796.298
5.18 276.56463 -895.12742 21566.423 -28334 2480 -30814 13902.968
5.19 287.38848 -1164.6692 21606.785 -28109.6 2577.06 -30686.7 14011.123
5.2 267.34105 228.34408 21586.099 -28298.6 2397.29 -30695.9 14023.092
5.21 265.79228 631.00533 21456.782 -28371.6 2383.4 -30755 14037.338
5.22 258.0706 -1705.09 21645.808 -28236.2 2314.16 -30550.4 14176.211
5.23 271.2014 599.08842 21449.343 -28118.1 2431.91 -30550 14100.4
5.24 278.15169 -489.27116 21649.19 -28229.2 2494.23 -30723.4 14225.831
5.25 277.07714 151.04104 21402.753 -28106.8 2484.59 -30591.4 14089.163
5.26 268.68856 -669.64417 21694.224 -28263.3 2409.37 -30672.7 14262.1
5.27 265.55199 950.72955 21397.444 -28240.8 2381.25 -30622 14148.553
5.28 271.48164 307.26369 21539.119 -28362.8 2434.42 -30797.2 14256.493
5.29 277.84187 -328.2601 21587.804 -28186 2491.45 -30677.4 14323.132
5.3 259.75044 -370.35725 21581.602 -28157.8 2329.22 -30487 14335.621
5.31 282.58507 342.93983 21299.752 -28206.6 2533.99 -30740.5 14276.187
5.32 259.98549 126.88642 21504.504 -28470.8 2331.33 -30802.2 14387.42
5.33 277.08211 -302.82485 21533.836 -28241.5 2484.64 -30726.2 14416.64
5.34 271.82137 -297.70418 21414.827 -28134.9 2437.47 -30572.4 14369.453
5.35 277.16336 132.18955 21405.416 -28203.6 2485.37 -30689 14401.979
5.36 272.07275 -487.37822 21518.936 -28380.5 2439.72 -30820.3 14461.16
5.37 290.07133 -210.69837 21344.559 -27884.5 2601.12 -30485.6 14452.424
5.38 265.83546 1158.817 21398.483 -28181 2383.79 -30564.8 14527.683
5.39 274.24704 208.85988 21422.484 -28257.9 2459.22 -30717.1 14536.672
5.4 268.8605 1106.8952 21335.885 -28297.3 2410.91 -30708.2 14521.771
5.41 277.45653 -535.21457 21602.161 -27929.5 2488 -30417.5 14641.755
5.42 281.73133 511.97468 21277.527 -28349.3 2526.33 -30875.6 14517.471
5.43 285.04111 -162.01657 21604.112 -28136.8 2556.01 -30692.8 14714.982
5.44 258.29346 408.89016 21590.964 -28406.7 2316.16 -30722.9 14739.159
5.45 266.4722 -104.6021 21681.593 -28212.3 2389.5 -30601.8 14744.883
5.46 284.52572 319.93644 21467.456 -28344.7 2551.39 -30896.1 14676.67
5.47 289.71861 -204.55771 21549.76 -28017.6 2597.95 -30615.6 14761.495
5.48 281.59509 255.29798 21335.065 -28335.3 2525.11 -30860.5 14716.772
5.49 277.81315 453.21423 21300.386 -28363.9 2491.19 -30855.1 14713.246
5.5 284.21331 -724.87159 21487.409 -28216.9 2548.59 -30765.5 14838.313
5.51 280.2082 414.39878 21668.808 -28092 2512.67 -30604.7 14964.992
5.52 275.30545 646.13985 21272.888 -28400.7 2468.71 -30869.4 14764.306
5.53 268.58308 657.14856 21400.039 -28285.1 2408.43 -30693.5 14870.329
5.54 283.79448 -845.66694 21779.084 -28080.4 2544.83 -30625.2 15116.07
5.55 282.25326 167.41756 21587.986 -28178.1 2531.01 -30709.1 15028.046
5.56 276.44683 -770.01627 21611.677 -28282.4 2478.94 -30761.4 15071.769
5.57 266.19264 327.47338 21389.817 -28328.7 2386.99 -30715.7 14971.97
5.58 271.5183 -8.2599626 21470.917 -28303.3 2434.75 -30738.1 15038.854
5.59 278.51535 104.6753 21685.053 -28232.7 2497.49 -30730.2 15116.784
5.6 266.35658 -38.938715 21544.895 -28379.2 2388.46 -30767.7 15103.224
5.61 288.66166 319.039 21411.28 -28203.9 2588.48 -30792.4 15101.729
5.62 257.77795 502.91389 21506.012 -28362.8 2311.54 -30674.3 15206.752
5.63 269.43384 862.38947 21369.265 -28391 2416.06 -30807.1 15212.067
5.64 298.39266 -167.22689 21384.775 -28100.8 2675.73 -30776.5 15218.951
5.65 267.43813 -109.97839 21614.648 -28279 2398.16 -30677.2 15356.707
5.66 275.59351 -385.84838 21568.448 -28091 2471.29 -30562.3 15395.447
5.67 280.27902 -1175.2864 21694.533 -28297.2 2513.31 -30810.5 15492.225
5.68 273.55523 -683.90038 21510.373 -28157.4 2453.01 -30610.4 15453.735
5.69 271.99067 366.92097 21380.576 -28149.7 2438.98 -30588.7 15410.771
5.7 267.2731 -381.4191 21478.489 -28151.3 2396.68 -30547.9 15517.865
5.71 274.71107 58.793301 21373.488 -28334.5 2463.38 -30797.9 15537.133
5.72 271.35583 -63.861025 21395.188 -28136.2 2433.29 -30569.5 15602.348
5.73 277.25443 348.1463 21332.114 -28184.8 2486.18 -30671 15631.838
5.74 261.5548 -565.93016 21555.88 -28479 2345.4 -30824.4 15764.326
5.75 277.29081 -152.00195 21642.922 -28168.5 2486.51 -30655 15856.434
5.76 271.13741 -790.06288 21508.048 -28429 2431.33 -30860.3 15788.224
5.77 293.20753 -225.98468 21408.903 -28130 2629.24 -30759.2 15799.915
5.78 272.05274 -551.36536 21576.653 -28069.1 2439.54 -30508.7 15904.121
5.79 281.02552 570.89247 21450.37 -28127 2520 -30647 15909.803
5.8 288.3041 -507.33605 21526.24 -28111 2585.27 -30696.3 15975.859
5.81 262.60719 -328.91035 21580.776 -28302.9 2354.84 -30657.7 16041.528
5.82 271.91959 -1002.1964 21524.648 -28221.7 2438.35 -30660.1 16053.246
5.83 271.86843 352.88501 21533.922 -28411.6 2437.89 -30849.5 16058.379
5.84 279.66472 -230.57671 21557.135 -28188.9 2507.8 -30696.7 16111.335
5.85 286.4288 595.66091 21535.42 -27960.6 2568.45 -30529 16147.834
5.86 262.70384 210.68659 21428.664 -28352.8 2355.71 -30708.5 16073.238
5.87 270.70869 -340.23066 21499.705 -28253.9 2427.49 -30681.4 16146.012
5.88 265.08113 343.49932 21365.252 -28576.4 2377.02 -30953.4 16086.828
5.89 282.08422 -3.563169 21467.908 -28282.6 2529.49 -30812 16162.72
5.9 293.18451 249.69928 21335.47 -28061.9 2629.03 -30691 16138.518
5.91 265.07558 -500.74619 21574.566 -28393.9 2376.97 -30770.9 16246.911
5.92 281.91428 -442.03011 21545.517 -28414 2527.97 -30942 16318.554
5.93 276.68524 451.55222 21447.082 -28128.1 2481.08 -30609.2 16259.031
5.94 276.82718 221.51446 21334.776 -28351.7 2482.35 -30834.1 16252.438
5.95 273.69976 914.63129 21281.788 -28131.5 2454.31 -30585.8 16243.763
5.96 272.38608 310.9717 21570.454 -28307.2 2442.53 -30749.7 16449.14
5.97 269.93021 420.46017 21619.289 -28179 2420.51 -30599.5 16492.256
5.98 265.46585 501.67203 21196.847 -28315 2380.47 -30695.4 16299.813
5.99 275.79023 354.84988 21675.526 -28239.5 2473.05 -30712.6 16549.284
6 274.76697 230.06609 21381.289 -28307.9 2463.88 -30771.8 16439.094
6.01 269.02736 120.72237 21573.656 -28612.9 2412.41 -31025.3 16514.338
6.02 258.87294 -523.9803 21477.629 -28297.2 2321.35 -30618.5 16481.422
6.03 277.20001 -491.10567 21695.179 -28110.6 2485.7 -30596.3 16639.889
6.04 265.05268 -787.65012 21743.989 -28298.6 2376.77 -30675.4 16753.844
6.05 280.38332 842.95782 21499.873 -28097.7 2514.24 -30611.9 16717.261
6.06 275.38733 -502.78152 21743.424 -28114.5 2469.44 -30583.9 16877.025
6.07 265.97197 189.06943 21428.107 -28469.4 2385.01 -30854.4 16723.76
6.08 271.07969 419.07319 21308.396 -28204.7 2430.81 -30635.6 16662.059
6.09 266.59853 -652.1306 21443.654 -28386.7 2390.63 -30777.3 16764.908
6.1 261.39699 -230.4057 21527.776 -28292.6 2343.99 -30636.6 16825.206
6.11 267.28118 -1233.2506 21680.679 -28286.6 2396.75 -30683.3 16884.867
6.12 280.75472 -1324.1268 21671.497 -28278.5 2517.57 -30796 16915.023
6.13 275.04548 461.01321 21434.611 -28133.4 2466.38 -30599.8 16823.539
6.14 271.88497 429.3347 21570.03 -28333.3 2438.04 -30771.3 16891.053
6.15 294.61359 783.71288 21176.379 -28079.6 2641.85 -30721.5 16683.605
6.16 277.18948 -217.07772 21473.212 -28337.7 2485.6 -30823.3 16878.963
6.17 272.81225 80.040614 21500.523 -28211 2446.35 -30657.4 16881.512
6.18 270.14893 -654.60792 21468.596 -28320 2422.47 -30742.4 16869.609
6.19 279.64672 173.43479 21560.098 -28158.2 2507.64 -30665.8 16972.661
6.2 259.22329 103.0939 21489.454 -28307.8 2324.5 -30632.3 16939.444
6.21 272.16747 45.347203 21513.547 -28258.1 2440.57 -30698.7 16959.688
6.22 260.49331 -394.78761 21506.769 -28238.7 2335.88 -30574.6 16972.802
6.23 276.71069 994.12858 21394.94 -28131.3 2481.31 -30612.6 16977.055
6.24 274.58048 -92.054084 21526.678 -28263 2462.21 -30725.2 17111.528
6.25 276.6835 -159.72187 21437.422 -28244.1 2481.06 -30725.2 17058.482
6.26 287.5419 510.42167 21367.496 -28028.7 2578.43 -30607.1 17095.423
6.27 269.80621 674.50975 21500.037 -28237.5 2419.4 -30656.9 17211.157
6.28 267.81074 -457.8618 21615.219 -28419.1 2401.5 -30820.6 17307.683
6.29 263.30845 -671.69914 21732.549 -28208.6 2361.13 -30569.7 17454.401
6.3 274.80687 -343.32543 21700.93 -28129.5 2464.24 -30593.8 17481.241
6.31 268.44706 -404.88621 21597.151 -28347.8 2407.21 -30755 17467.833
6.32 268.38384 -1168.1028 21601.764 -28370.1 2406.64 -30776.8 17510.945
6.33 272.8001 -211.50526 21471.77 -28288.2 2446.24 -30734.4 17484.25
6.34 269.79406 -181.13607 21443.991 -28326 2419.29 -30745.3 17484.342
6.35 280.23905 109.70588 21472.508 -28157.5 2512.95 -30670.5 17535.364
6.36 265.9006 355.18849 21533.392 -28386.7 2384.37 -30771 17545.078
6.37 268.82361 -221.69487 21649.819 -28189.7 2410.58 -30600.3 17647.188
6.38 273.38259 633.96269 21230.585 -28450.9 2451.47 -30902.4 17424.01
6.39 282.20702 -597.3518 21575.953 -28141.1 2530.6 -30671.7 17643.666
6.4 274.15016 -132.46088 21584.434 -28365.5 2458.35 -30823.8 17648.704
6.41 274.02072 1264.8761 21301.297 -28151.1 2457.19 -30608.3 17551.761
6.42 274.47623 600.50388 21297.492 -28261.4 2461.27 -30722.7 17571.754
6.43 267.34895 -581.03865 21711.449 -28247 2397.36 -30644.4 17822.144
6.44 268.7478 138.52844 21382.773 -28287.7 2409.9 -30697.6 17713.207
6.45 262.43764 923.9334 21290.235 -28442.4 2353.32 -30795.7 17611.723
6.46 274.45306 -597.01997 21579.271 -28207.1 2461.06 -30668.2 17812.225
6.47 262.6549 1028.8323 21443.78 -28471.6 2355.27 -30826.9 17741.83
6.48 271.96936 780.2912 21367.675 -28119.4 2438.79 -30558.2 17770.404
6.49 279.93057 1077.0751 21585.219 -28207.9 2510.18 -30718.1 17911.445
6.5 275.52351 361.684 21537.917 -28409.3 2470.66 -30880 17920.304
6.51 261.70996 -166.90686 21353.422 -28377.6 2346.79 -30724.4 17852.991
6.52 272.37068 -878.48126 21649.342 -28049.3 2442.39 -30491.7 18062.55
6.53 275.43276 483.62166 21531.973 -27999.2 2469.85 -30469.1 18072.576
6.54 280.12624 430.26757 21464.08 -28132.5 2511.94 -30644.4 18092.207
6.55 294.89397 -34.592917 21446.239 -28000.6 2644.36 -30645 18153.29
6.56 262.90385 -570.66872 21569.917 -28303.5 2357.5 -30661 18256.614
6.57 282.5107 -865.67385 21634.977 -28140 2533.32 -30673.4 18236.108
6.58 256.41955 111.47079 21505.592 -28211.9 2299.35 -30511.3 18173.138
6.59 262.8535 80.650114 21548.474 -28440.8 2357.05 -30797.8 18216.722
6.6 266.68973 120.06802 21378.619 -28320.7 2391.45 -30712.1 18097.408
6.61 272.99437 650.65715 21427.744 -28359.3 2447.98 -30807.2 18217.14
6.62 281.12664 -367.44693 21343.165 -28080.3 2520.91 -30601.2 18175.925
6.63 264.15215 -325.02057 21512.723 -28317.3 2368.69 -30685.9 18365.651
6.64 279.97328 445.18156 21509.249 -28110.5 2510.56 -30621 18405.147
6.65 269.57867 -468.64101 21344.086 -28333.7 2417.35 -30751.1 18258.089
6.66 272.98294 211.61142 21450.116 -28192.2 2447.88 -30640.1 18342.497
6.67 266.0592 11.561499 21475.359 -28114.9 2385.8 -30500.7 18398.333
6.68 267.50042 556.03674 21439.381 -28244 2398.72 -30642.7 18392.762
6.69 266.21555 421.53784 21246.063 -28244.5 2387.2 -30631.7 18331.801
6.7 276.93672 -766.06413 21673.642 -28171.9 2483.34 -30655.2 18566.463
6.71 265.12558 123.55695 21591.123 -28383.3 2377.42 -30760.7 18538.234
6.72 271.22431 309.13022 21311.123 -28392.8 2432.11 -30824.9 18389.496
6.73 276.34752 145.49073 21506.655 -28255.1 2478.05 -30733.2 18514.076
6.74 272.89048 -168.70486 21670.242 -28313.4 2447.05 -30760.5 18646.509
6.75 277.34511 465.33558 21424.992 -28200.4 2487 -30687.4 18581.446
6.76 277.50015 108.1961 21446.197 -28260.3 2488.39 -30748.7 18621.101
6.77 285.70091 -134.94604 21684.593 -28382.2 2561.93 -30944.1 18774.934
6.78 268.00347 -84.624765 21560.956 -28273.2 2403.23 -30676.5 18721.668
6.79 258.19658 -627.18369 21763.664 -28138.4 2315.29 -30453.7 18896.535
6.8 273.54013 -366.87877 21562.615 -28221 2452.88 -30673.8 18822.84
6.81 252.70701 -374.46299 21555.507 -28437.7 2266.06 -30703.8 18810.845
6.82 275.69517 35.884745 21501.636 -28442.4 2472.2 -30914.6 18762.217
6.83 272.29026 629.41865 21547.411 -28001.3 2441.67 -30443 18824.96
6.84 283.12159 -12.105503 21483.398 -28305.5 2538.8 -30844.3 18820.139
6.85 290.96901 -546.40906 21453.754 -28092.9 2609.17 -30702.1 18793.763
6.86 281.95385 -682.94412 21810.356 -28382.3 2528.32 -30910.7 19027.674
6.87 266.34158 243.10247 21634.668 -28283.9 2388.33 -30672.2 18963.932
6.88 273.24338 300.93239 21510.285 -28352.9 2450.22 -30803.2 18856.003
6.89 268.87896 -214.83182 21384.011 -28283.5 2411.08 -30694.6 18815.847
6.9 275.90211 776.78705 21711.608 -28052.9 2474.06 -30526.9 19050.887
6.91 271.15145 -234.03849 21675.746 -28493.9 2431.46 -30925.4 19017.771
6.92 267.44504 337.38278 21710.06 -28222.8 2398.22 -30621.1 19039.106
6.93 280.51346 -351.47194 21587.945 -28325.1 2515.41 -30840.5 19007.974
6.94 276.90242 51.974057 21418.849 -28015.8 2483.03 -30498.8 18976.584
6.95 292.59153 -254.6154 21553.035 -28217.7 2623.71 -30841.4 19030.052
6.96 264.01311 510.21953 21416.819 -28321.9 2367.45 -30689.3 18974.1
6.97 271.41135 434.10094 21398.203 -28200.6 2433.79 -30634.4 18924.579
6.98 274.05018 125.35715 21438.821 -28199.6 2457.45 -30657.1 18923.735
6.99 272.46146 68.200534 21604.05 -28192.5 2443.21 -30635.7 19000.26
7 273.80265 65.879365 21392.367 -28430.3 2455.23 -30885.5 18936.83
7.01 275.42479 -593.90437 21504.8 -28234.8 2469.78 -30704.5 18984.182
7.02 284.53791 162.37768 21349.994 -28101.4 2551.5 -30652.9 18902.118
7.03 270.33877 -1132.9664 21539.207 -28082.5 2424.17 -30506.7 19077.932
7.04 255.79238 1509.6898 21143.348 -28245.7 2293.73 -30539.4 18895.049
7.05 270.59724 456.1583 21384.591 -28212.8 2426.49 -30639.3 19056.816
7.06 274.08946 -406.83799 21442.874 -28345.4 2457.8 -30803.2 19074.632
7.07 276.46771 428.00787 21601.155 -28302 2479.13 -30781.1 19152.27
7.08 265.71569 352.00053 21417.055 -28347.2 2382.71 -30729.9 19063.355
7.09 273.18554 186.83313 21432.665 -28169.5 2449.7 -30619.1 19134.566
7.1 275.74553 239.94603 21329.701 -28255.7 2472.65 -30728.3 19081.788
7.11 267.73749 -330.40498 21485.155 -28434.1 2400.84 -30835 19158.847
7.12 265.0021 -284.81261 21519.952 -28295.9 2376.32 -30672.2 19249.909
7.13 267.23448 127.55093 21347.907 -28311.9 2396.33 -30708.2 19200.08
7.14 261.51491 -448.41602 21528.202 -28486.6 2345.05 -30831.7 19311.964
7.15 272.67802 605.09652 21401.567 -28196.2 2445.15 -30641.3 19252.336
7.16 274.64628 -594.03124 21414.075 -28384.5 2462.8 -30847.3 19293.277
7.17 273.51732 -1061.8475 21558.607 -28099 2452.67 -30551.6 19394.515
7.18 285.17363 -207.66471 21578.12 -28290.5 2557.2 -30847.7 19407.954
7.19 271.28062 212.38624 21337.056 -28237.9 2432.62 -30670.5 19246.004
7.2 267.3735 -632.1382 21644.578 -28171.2 2397.58 -30568.7 19439.298
7.21 273.34852 363.65431 21451.248 -28347.5 2451.16 -30798.7 19360.04
7.22 262.17978 -399.22446 21534.882 -28307.6 2351.01 -30658.7 19397.277
7.23 288.03137 -116.85334 21502.244 -27989.2 2582.82 -30572 19417.651
7.24 271.78595 342.66268 21453.047 -28336.2 2437.15 -30773.4 19417.422
7.25 255.74368 394.85273 21319.669 -28355.2 2293.29 -30648.5 19345.482
7.26 273.36139 -369.78275 21546.533 -28281.3 2451.28 -30732.6 19492.623
7.27 255.9195 396.03861 21658.941 -28350.5 2294.87 -30645.4 19585.646
7.28 266.26685 503.57567 21525.666 -28107 2387.66 -30494.6 19491.909
7.29 276.01954 -1111.1237 21699.962 -28028.5 2475.11 -30503.6 19647.076
7.3 258.04576 692.31389 21454.039 -28371.5 2313.94 -30685.4 19505.614
7.31 266.7879 347.26769 21497.263 -28202 2392.33 -30594.3 19581.097
7.32 268.11432 485.4982 21628.241 -28117.4 2404.22 -30521.6 19717.968
7.33 283.13869 -240.75702 21539.769 -28090.4 2538.95 -30629.4 19732.548
7.34 279.43022 -333.60568 21419.82 -28195.9 2505.7 -30701.6 19676.686
7.35 286.26405 -474.372 21525.759 -28010.1 2566.98 -30577.1 19782.656
7.36 280.1207 -1010.8067 21607.742 -28049.8 2511.89 -30561.7 19828.77
7.37 278.75489 -276.02164 21509.812 -28221.1 2499.64 -30720.7 19779.363
7.38 285.58295 -795.00688 21573.004 -28019 2560.87 -30579.8 19842.767
7.39 276.08222 -30.817513 21480.673 -28304.9 2475.67 -30780.6 19833.459
7.4 283.71888 -158.39105 21530.969 -28104.8 2544.15 -30648.9 19883.452
7.41 270.9174 92.579221 21537.11 -28363.8 2429.36 -30793.2 19982.703
7.42 278.21393 220.42314 21386.278 -28132.8 2494.79 -30627.6 19915.497
7.43 282.56043 230.53121 21651.31 -28302 2533.76 -30835.8 20123.304
7.44 269.05988 77.549796 21342.418 -28275.4 2412.7 -30688.1 19939.557
7.45 264.36064 -476.41293 21457.854 -28385.1 2370.56 -30755.7 20009.278
7.46 262.06871 344.90817 21457.926 -28195.5 2350.01 -30545.5 20058.251
7.47 270.53097 -361.37691 21425.922 -28251.4 2425.89 -30677.3 20069.074
7.48 281.47439 -879.46918 21664.793 -28030.6 2524.03 -30554.6 20331.989
7.49 273.0262 -56.068539 21513.607 -28277 2448.27 -30725.3 20246.015
7.5 280.62256 -331.37511 21380.47 -28104.5 2516.39 -30620.9 20128.686
7.51 271.03061 -55.178389 21629.507 -28279.2 2430.37 -30709.5 20331.025
7.52 281.44919 170.84583 21430.049 -28157 2523.8 -30680.8 20208.48
7.53 264.6618 346.87764 21362.867 -28235.6 2373.26 -30608.9 20193.721
7.54 272.49569 372.60319 21492.009 -28246 2443.51 -30689.5 20307.743
7.55 279.25747 563.33094 21384.849 -28261.1 2504.15 -30765.3 20252.596
7.56 280.17542 -741.15108 21579.267 -28103 2512.38 -30615.4 20421.478
7.57 266.00929 532.10442 21568.665 -28300.4 2385.35 -30685.8 20457.437
7.58 258.0018 420.85819 21575.846 -28327.8 2313.54 -30641.4 20476.603
7.59 276.97582 -347.42996 21602.938 -28118.9 2483.69 -30602.6 20483.01
7.6 274.81884 357.74304 21568.643 -28350.1 2464.34 -30814.4 20480.331
7.61 261.51428 996.37214 21447.169 -28493.7 2345.04 -30838.7 20463.751
7.62 263.35304 561.82246 21516.691 -28228.3 2361.53 -30589.8 20521.394
7.63 273.46229 -90.630975 21648.664 -28117.9 2452.18 -30570.1 20649.142
7.64 264.96249 -670.0315 21638.911 -28351.6 2375.96 -30727.6 20662.512
7.65 267.12174 -10.467187 21535.66 -28222.5 2395.32 -30617.8 20624.093
7.66 280.07451 -166.25043 21666.182 -28015.2 2511.47 -30526.7 20704.327
7.67 274.08954 -373.5018 21732.151 -28283.8 2457.8 -30741.6 20824.524
7.68 269.1128 -408.08009 21427.787 -28077.4 2413.18 -30490.6 20646.021
7.69 271.86067 -542.85926 21489.349 -28285.8 2437.82 -30723.6 20705.545
7.7 262.60106 -422.84051 21603.732 -28446.2 2354.79 -30801 20792.434
7.71 277.69513 -350.1545 21579.765 -28187.9 2490.14 -30678 20761.679
7.72 272.33315 1106.1495 21488.358 -28290.4 2442.05 -30732.4 20674.803
7.73 287.68513 -778.35048 21615.015 -27941.6 2579.72 -30521.3 20834.134
7.74 272.11471 -521.23168 21402.607 -28332.3 2440.1 -30772.4 20744.58
7.75 265.54801 -77.945028 21654.041 -28227 2381.21 -30608.2 20941.24
7.76 274.903 -220.27701 21593.108 -27981.9 2465.1 -30447 20931.956
7.77 284.20217 -193.03745 21578.137 -28323.7 2548.49 -30872.2 20936.248
7.78 276.88492 905.45269 21273.884 -28222.7 2482.87 -30705.6 20813.517
7.79 270.55792 -139.62105 21641.635 -28261.4 2426.14 -30687.6 21062.46
7.8 274.10764 -382.40965 21493.394 -28253.5 2457.97 -30711.5 21020.087
7.81 270.13074 510.14536 21550.343 -28277.1 2422.31 -30699.4 21021.131
7.82 276.91085 -955.71223 21657.902 -28392.7 2483.1 -30875.8 21148.281
7.83 285.68349 -445.56833 21537.498 -28122 2561.77 -30683.8 21069.701
7.84 272.37102 485.07029 21474.873 -28329.2 2442.39 -30771.6 21055.651
7.85 282.81655 -194.69795 21607.952 -28022.3 2536.06 -30558.3 21127.067
7.86 271.44855 -346.98886 21529.782 -28340 2434.12 -30774.1 21105.775
7.87 273.05799 -669.88184 21561.915 -28290.6 2448.55 -30739.2 21186.931
7.88 277.06713 34.321786 21453.591 -28313.3 2484.51 -30797.8 21119.545
7.89 273.58262 383.33904 21444.119 -28219 2453.26 -30672.3 21131.345
7.9 261.64369 129.91808 21275.809 -28438.9 2346.2 -30785.1 21052.381
7.91 270.25276 -616.08691 21550.157 -28175.2 2423.4 -30598.6 21225.019
7.92 264.70431 -687.83845 21788.144 -28288.1 2373.65 -30661.8 21384.794
7.93 281.96319 -345.24742 21520.911 -28198.3 2528.41 -30726.7 21215.462
7.94 275.69273 -630.34315 21646.735 -28314.4 2472.18 -30786.6 21307.289
7.95 257.31355 -635.06238 21645.991 -28246.5 2307.37 -30553.8 21310.578
7.96 273.42239 304.31846 21398.091 -28197.2 2451.82 -30649.1 21148.134
7.97 284.58037 -51.404487 21430.43 -28191.8 2551.88 -30743.6 21253.112
7.98 272.18633 70.029738 21400.527 -28218.4 2440.74 -30659.2 21269.976
7.99 267.49887 -334.15912 21467.73 -28233 2398.7 -30631.7 21338.428
8 261.51311 -217.49444 21557.151 -28366.5 2345.03 -30711.5 21375.149
8.01 272.9863 391.18382 21326.634 -28207 2447.91 -30654.9 21284.27
8.02 259.42997 -66.027143 21603.777 -28460.5 2326.35 -30786.8 21517.799
8.03 267.23704 -282.79788 21605.241 -28194.8 2396.36 -30591.1 21537.87
8.04 280.98942 268.26216 21406.085 -28228.3 2519.68 -30748 21338.969
8.05 282.14938 9.9842606 21423.074 -28273.6 2530.08 -30803.7 21405.656
8.06 289.58141 274.35326 21418.836 -28063.9 2596.72 -30660.6 21396.171
8.07 264.73981 211.12075 21306.695 -28360.1 2373.96 -30734 21264.391
8.08 265.35713 858.22003 21391.4 -28298.9 2379.5 -30678.4 21370.155
8.09 265.11383 -1174.5741 21741.671 -28305.6 2377.32 -30682.9 21661.056
8.1 269.13113 -451.02556 21635.765 -28395.8 2413.34 -30809.1 21617.208
8.11 279.14154 478.1952 21463.535 -28144.2 2503.11 -30647.3 21510.67
8.12 264.86911 -473.39354 21564.796 -28188.9 2375.12 -30564 21606.798
8.13 287.71466 -469.46259 21614.462 -28112.3 2579.98 -30692.2 21671.288
8.14 267.80393 621.07435 21371.984 -28464.2 2401.44 -30865.7 21542.413
8.15 269.08134 -279.56473 21395.659 -28215.3 2412.9 -30628.2 21588.602
8.16 268.12182 349.18798 21519.169 -28277.2 2404.29 -30681.5 21689.122
8.17 275.45014 1048.1727 21414.07 -28215.8 2470.01 -30685.9 21655.119
8.18 277.62335 -224.21331 21519.389 -28090.5 2489.49 -30580 21782.401
8.19 264.63208 -316.91329 21446.57 -28338.6 2373 -30711.6 21767.576
8.2 270.66045 -106.57579 21353.968 -28253.9 2427.06 -30681 21657.976
8.21 265.77394 392.5428 21333.519 -28438.5 2383.24 -30821.7 21626.983
8.22 281.35947 -520.83175 21527.334 -28196.2 2523 -30719.2 21786.776
8.23 281.72648 396.94701 21399.23 -28293.4 2526.29 -30819.6 21675.745
8.24 292.04119 -480.21182 21573.552 -28042.9 2618.78 -30661.7 21851.899
8.25 270.55644 -823.86906 21695.625 -28260 2426.12 -30686.1 21964.768
8.26 257.5758 -697.5717 21539.545 -28273.9 2309.72 -30583.6 21930.974
8.27 281.8314 -350.28429 21675.499 -28217 2527.23 -30744.3 22098.651
8.28 278.34479 976.34808 21284.178 -28156.7 2495.96 -30652.6 21817.479
8.29 277.98727 -98.778537 21420.541 -28257.7 2492.76 -30750.5 21958.481
8.3 278.708 232.49045 21549.595 -28292.6 2499.22 -30791.8 22058.226
8.31 273.91107 -560.28424 21695.668 -28144.9 2456.2 -30601.1 22165.407
8.32 280.79863 -188.83257 21707.634 -28247.1 2517.97 -30765.1 22273.98
8.33 275.94542 331.92174 21296.634 -28299.1 2474.45 -30773.6 22024.345
8.34 263.54838 -161.12048 21426.187 -28330.4 2363.28 -30693.7 22198.648
8.35 285.70685 502.9481 21366.09 -28101.6 2561.98 -30663.6 22189.166
8.36 270.29804 731.24425 21460.963 -28304.2 2423.81 -30728.1 22290.294
8.37 278.88244 288.18794 21463.835 -28225 2500.78 -30725.8 22319.065
8.38 273.65823 -617.91007 21511.647 -28355.5 2453.94 -30809.5 22360.535
8.39 260.28673 -682.88511 21442.694 -28129.6 2334.03 -30463.7 22284.342
8.4 265.1347 -541.58997 21614.106 -28540.2 2377.51 -30917.7 22384.348
8.41 278.63211 -581.09878 21653.93 -28159.2 2498.54 -30657.7 22452.49
8.42 276.03004 -55.535666 21640.238 -27996.1 2475.21 -30471.3 22529.31
8.43 269.59646 -94.306668 21617.063 -28256.9 2417.51 -30674.4 22554.347
8.44 287.3837 382.07613 21477.343 -28155 2577.02 -30732 22515.454
8.45 282.18879 175.75954 21584.178 -28140.2 2530.43 -30670.6 22664.046
8.46 272.00134 -26.638053 21577.505 -28270.1 2439.08 -30709.1 22714.577
8.47 271.98483 -629.04701 21510.061 -28439.2 2438.93 -30878.2 22663.632
8.48 277.43161 294.12977 21435.993 -28266.3 2487.77 -30754.1 22625.995
8.49 269.12139 215.96313 21364.119 -28325.3 2413.25 -30738.5 22562.662
8.5 278.71321 -200.1023 21726.824 -28024.6 2499.27 -30523.9 22812.038
8.51 286.93662 59.716444 21501.955 -28160.1 2573.01 -30733.1 22692.409
8.52 256.13891 1155.1533 21252.423 -28309.2 2296.84 -30606.1 22559.353
8.53 272.01366 433.93716 21569.689 -28366.5 2439.19 -30805.7 22804.809
8.54 279.91751 354.1293 21378.527 -28056.9 2510.06 -30567 22671.27
8.55 289.76497 -326.30973 21506.974 -28034.6 2598.37 -30633 22859.583
8.56 270.48035 -1140.4214 21562.35 -28295.1 2425.44 -30720.5 22972.404
8.57 283.951 52.424431 21547.554 -28109.3 2546.23 -30655.5 23004.373
8.58 284.92837 -715.96307 21539.445 -28120.6 2555 -30675.6 23060.525
8.59 275.4343 -520.63938 21491.508 -28334.4 2469.86 -30804.3 23057.223
8.6 290.63799 1098.5996 21310.097 -28080.4 2606.2 -30686.6 22920.475
8.61 272.48049 -1064.5357 21556.126 -28552 2443.38 -30995.4 23109.053
8.62 261.24997 64.03982 21615.154 -28436.9 2342.67 -30779.6 23172.076
8.63 271.11859 744.51822 21499.421 -28176.7 2431.16 -30607.9 23039.735
8.64 265.45403 45.90654 21806.903 -28183.8 2380.37 -30564.2 23316.92
8.65 270.79852 110.6938 21611.441 -28371.9 2428.29 -30800.2 23192.277
8.66 276.18677 856.02366 21265.102 -28326 2476.61 -30802.6 23007.785
8.67 287.29817 -907.84988 21779.246 -27997.7 2576.25 -30574 23337.632
8.68 264.16968 -238.64912 21592.731 -28371.7 2368.85 -30740.5 23191.913
8.69 274.07737 642.82665 21476.311 -28313.3 2457.7 -30771 23127.51
8.7 288.60558 -520.0352 21463.011 -28060.1 2587.97 -30648 23120.005
8.71 270.4186 1290.991 21336.199 -28286.6 2424.89 -30711.5 23079.32
8.72 266.11117 -132.51405 21552.349 -28378.3 2386.26 -30764.6 23243.199
8.73 268.8724 -661.47745 21470.904 -28157.7 2411.02 -30568.7 23232.144
8.74 274.06304 341.87117 21387.986 -28293.3 2457.57 -30750.9 23190.824
8.75 258.89996 815.09569 21379.051 -28399.3 2321.6 -30720.9 23225.984
8.76 269.91214 459.49055 21276.692 -28213.7 2420.35 -30634.1 23125.443
8.77 271.65369 -459.38461 21781.343 -28272.1 2435.96 -30708.1 23523.478
8.78 274.61971 -609.39768 21652.826 -28170.5 2462.56 -30633.1 23404.973
8.79 258.74965 -289.93046 21689.587 -28277.7 2320.25 -30597.9 23412.598
8.8 271.03152 236.1135 21463.152 -28246.5 2430.38 -30676.9 23288.238
8.81 274.1057 -241.74579 21487.202 -28388.3 2457.95 -30846.3 23361.147
8.82 264.91232 -90.335205 21476.438 -28190.4 2375.51 -30566 23443.271
8.83 254.66922 -225.08026 21402.195 -28350.6 2283.66 -30634.3 23467.847
8.84 282.99306 -1143.7176 21799.646 -28248.8 2537.64 -30786.4 23756.584
8.85 277.79864 -34.529504 21473.317 -28363 2491.06 -30854.1 23558.531
8.86 267.62004 547.91509 21306.73 -28211.1 2399.79 -30610.8 23459.229
8.87 281.68664 -74.309125 21547.621 -28078.2 2525.93 -30604.1 23672.415
8.88 272.1051 -193.07948 21601.533 -28222.5 2440.01 -30662.5 23673.099
8.89 287.69335 -616.97837 21505.683 -27982.4 2579.79 -30562.2 23691.184
8.9 267.31906 -464.33605 21689.212 -28407.1 2397.09 -30804.2 23840.38
8.91 270.32423 397.94887 21416.663 -28349.1 2424.04 -30773.1 23616.954
8.92 288.78413 -433.0332 21524.172 -28147.1 2589.57 -30736.7 23744.756
8.93 266.22519 90.912561 21505.048 -28426.3 2387.28 -30813.6 23769.775
8.94 271.88487 310.86316 21464.141 -28355.2 2438.03 -30793.3 23758.367
8.95 282.64474 -104.99752 21547.375 -28226.1 2534.52 -30760.7 23879.92
8.96 268.43316 -169.77977 21657.973 -28116.7 2407.08 -30523.8 24028.995
8.97 279.45118 179.46552 21407.71 -28251.8 2505.88 -30757.7 23904.063
8.98 275.39048 -304.97309 21569.634 -28326.6 2469.47 -30796.1 24050.693
8.99 276.2307 24.048467 21428.09 -28246.4 2477 -30723.4 23989.802
9 263.18503 -771.58994 21796.604 -28267.3 2360.02 -30627.3 24308.709
9.01 277.028 -301.99561 21507.491 -28154.7 2484.15 -30638.8 24126.56
9.02 286.55913 -740.71525 21569.334 -28187.4 2569.62 -30757 24196.82
9.03 285.57252 437.73454 21323.391 -28135.8 2560.77 -30696.6 24020.731
9.04 275.32267 204.9981 21310.573 -28255.1 2468.86 -30723.9 24071.483
9.05 296.77919 139.52213 21358.944 -28040.8 2661.27 -30702.1 24134.188
9.06 265.55641 240.6194 21415.478 -28284.4 2381.29 -30665.7 24217.738
9.07 279.18702 -278.19362 21568.945 -28074.8 2503.51 -30578.3 24340.501
9.08 276.38411 -238.748 21547.124 -28080.2 2478.38 -30558.6 24296.149
9.09 279.2597 -566.95964 21748.369 -28124.6 2504.17 -30628.8 24462.001
9.1 272.94717 324.82457 21580.652 -28142.9 2447.56 -30590.5 24399.323
9.11 275.76375 -801.70311 21605.024 -28273.3 2472.82 -30746.1 24499.926
9.12 274.59514 556.28243 21428.334 -28150.2 2462.34 -30612.6 24357.263
9.13 258.96 890.11698 21311.767 -28455.5 2322.14 -30777.6 24331.766
9.14 278.73223 -52.574372 21511.98 -28299.2 2499.44 -30798.6 24516.161
9.15 289.82649 -325.2912 21596.013 -27991.4 2598.92 -30590.3 24559.308
9.16 266.57619 -633.11164 21621.857 -28188.6 2390.43 -30579 24585.918
9.17 261.70934 863.0335 21518.77 -28435.2 2346.79 -30782 24521.996
9.18 262.69323 174.51992 21517.696 -28486.5 2355.61 -30842.1 24531.17
9.19 278.50558 574.11956 21337.274 -28055.9 2497.4 -30553.3 24468.126
9.2 267.07919 683.70653 21373.273 -28407.2 2394.94 -30802.2 24578.409
9.21 281.50544 1153.1856 21348.347 -28258 2524.3 -30782.3 24519.024
9.22 273.11921 363.40244 21479.18 -28167.4 2449.1 -30616.5 24657.029
9.23 276.44552 -1040.0351 21748.183 -28265 2478.93 -30744 24910.704
9.24 270.70734 212.69844 21479.193 -28177.8 2427.48 -30605.3 24728.354
9.25 270.10685 -286.5006 21545.403 -28272.8 2422.09 -30694.9 24760.943
9.26 299.038 482.90767 21431.401 -28137.2 2681.52 -30818.7 24669.793
9.27 267.811 -818.92438 21552.189 -28249.9 2401.5 -30651.4 24775.47
9.28 272.85665 685.74957 21373.823 -28482.9 2446.75 -30929.7 24616.909
9.29 278.2519 -123.56223 21381.284 -28202.4 2495.13 -30697.6 24668.642
9.3 271.80946 119.61819 21500.551 -28336.5 2437.36 -30773.8 24769.843
9.31 265.5863 -754.22513 21491.348 -28197.4 2381.55 -30578.9 24793.214
9.32 284.23121 663.85731 21339.113 -28392.3 2548.75 -30941 24649.082
9.33 282.12652 -248.76629 21463.704 -28097.9 2529.87 -30627.8 24709.489
9.34 282.19841 220.91868 21445.875 -28128.1 2530.52 -30658.6 24705.119
9.35 277.94639 -213.09827 21409.563 -28119.7 2492.39 -30612.1 24747.887
9.36 277.09785 67.074142 21571.337 -28209.2 2484.78 -30694 24916.724
9.37 272.22369 -176.94748 21552.152 -28326.6 2441.07 -30767.6 24915.746
9.38 274.09666 239.56929 21494.138 -28256.5 2457.87 -30714.3 24876.665
9.39 267.7536 -558.75704 21675.111 -28378.1 2400.99 -30779.1 24991.098
9.4 278.48563 -272.50902 21429.183 -28229.1 2497.22 -30726.3 24865.744
9.41 260.21106 -113.54068 21464.212 -28420.7 2333.35 -30754.1 24924.586
9.42 283.28751 105.34288 21638.112 -28194.9 2540.28 -30735.2 25150.661
9.43 266.19534 -324.58462 21664.033 -28429 2387.02 -30816 25135.858
9.44 288.54449 1025.0046 21372.781 -28231.9 2587.42 -30819.3 24894.267
9.45 276.45035 -304.95397 21522.975 -28200.1 2478.97 -30679.1 25030.825
9.46 265.0703 41.742199 21574.621 -28362.5 2376.93 -30739.4 25108.705
9.47 271.63704 105.0778 21598.378 -28215 2435.81 -30650.8 25120.095
9.48 271.94257 1088.666 21310.666 -28473.3 2438.55 -30911.8 24951.875
9.49 260.81496 -238.66731 21407.528 -28192.7 2338.77 -30531.4 25059.42
9.5 293.86432 402.38107 21328.608 -28016.8 2635.13 -30651.9 25023.217
9.51 269.36786 -169.20307 21491.445 -28346.3 2415.46 -30761.7 25222.395
9.52 273.87028 -378.00767 21439.128 -28105.7 2455.84 -30561.5 25239.033
9.53 253.21395 -311.90914 21505.926 -28468.6 2270.61 -30739.2 25378.645
9.54 278.56989 -385.08407 21570.77 -28235.5 2497.98 -30733.5 25444.392
9.55 281.48338 359.07193 21452.215 -28079.9 2524.11 -30604 25378.222
9.56 267.4921 -123.00275 21417.905 -28325.4 2398.64 -30724 25411.746
9.57 271.35369 -278.97166 21686.27 -27978.3 2433.27 -30411.6 25683.586
9.58 270.2868 246.23575 21428.67 -28329.8 2423.7 -30753.5 25558.523
9.59 264.06227 154.77232 21354.547 -28444 2367.89 -30811.9 25522.34
9.6 267.16582 99.734427 21379.387 -28316.1 2395.72 -30711.8 25481.268
9.61 267.25931 -1100.4436 21778.178 -28022 2396.56 -30418.5 25832.581
9.62 267.9549 -832.30722 21598.95 -28340.4 2402.79 -30743.2 25749.5
9.63 269.79815 285.27762 21251.647 -28401.5 2419.32 -30820.8 25529.092
9.64 266.10627 -684.43024 21743.172 -28271.7 2386.22 -30657.9 25955.679
9.65 269.77614 -9.4489889 21470.442 -28263.4 2419.13 -30682.5 25710.805
9.66 267.06427 71.598957 21486.789 -28335 2394.81 -30729.8 25717.926
9.67 263.36409 -507.28909 21734.594 -28327.3 2361.63 -30688.9 25910.806
9.68 270.49569 -542.78343 21599.332 -28465.2 2425.58 -30890.8 25820.794
9.69 266.26889 109.57057 21502.129 -28339.2 2387.68 -30726.9 25734.872
9.7 278.33486 -290.11545 21526.979 -28275.9 2495.87 -30771.7 25781.348
9.71 279.33083 -242.27502 21529.032 -28205.9 2504.8 -30710.7 25808.234
9.72 261.00362 -436.8516 21588.708 -28389.3 2340.46 -30729.8 25917.009
9.73 273.7684 -373.74723 21583.748 -28416.2 2454.92 -30871.2 25928.227
9.74 281.97794 -763.74197 21408.877 -28272.4 2528.54 -30800.9 25864.668
9.75 259.65927 -224.95007 21622.876 -28464.9 2328.41 -30793.3 26038.83
9.76 284.27019 161.96015 21499.061 -28248.1 2549.1 -30797.1 25951.539
9.77 261.33103 -1010.4446 21552.782 -28490.7 2343.4 -30834.1 26024.974
9.78 263.50219 997.33652 21467.699 -28300.1 2362.87 -30663 25998.974
9.79 272.57001 -751.2425 21636.823 -28487.7 2444.18 -30931.9 26165.133
9.8 281.35291 441.79786 21272.014 -28168.2 2522.94 -30691.1 25938.065
9.81 283.41444 -414.48039 21632.41 -28293.7 2541.42 -30835.1 26353.75
9.82 278.18213 21.557751 21456.61 -28350.1 2494.5 -30844.6 26196.961
9.83 278.31661 470.01872 21363.095 -28147.8 2495.71 -30643.5 26143.434
9.84 285.76176 370.97187 21408.083 -28081.5 2562.47 -30644 26229.218
9.85 290.02703 -385.55282 21582.31 -28055.1 2600.72 -30655.8 26444.672
9.86 278.333 543.03896 21404.573 -28273.9 2495.86 -30769.7 26306.792
9.87 272.33674 711.92136 21288.435 -28391.1 2442.09 -30833.2 26223.938
9.88 273.24707 -754.04769 21333.26 -28147.3 2450.25 -30597.5 26236.356
9.89 263.30864 258.84218 21550.867 -28389.6 2361.13 -30750.8 26444.707
9.9 275.76823 280.68703 21455.916 -28362.4 2472.86 -30835.3 26391.928
9.91 281.48926 -374.28024 21543.957 -28039.1 2524.16 -30563.2 26527.349
9.92 271.94037 -251.60659 21352.851 -28440.5 2438.53 -30879 26436.141
9.93 270.12527 368.73096 21502.419 -28381.4 2422.26 -30803.7 26524.052
9.94 272.43474 25.577299 21723.333 -28171.6 2442.97 -30614.5 26693.555
9.95 275.96757 -294.88111 21582.468 -28264.7 2474.65 -30739.4 26645.542
9.96 282.07762 389.8154 21417.185 -28132.3 2529.43 -30661.7 26543.158
9.97 281.53454 -73.256793 21452.848 -28151.9 2524.56 -30676.4 26669.179
9.98 259.43716 455.4329 21522.434 -28456.1 2326.41 -30782.5 26722.369
