0 270.22976 -220.20736 46457.559 -63438.7 5146.34 -68585.1 10.06439
0.01 282.17056 579.45656 46269.867 -63252.2 5373.74 -68625.9 22.598135
0.02 270.85005 74.321314 46453.733 -63501.7 5158.15 -68659.8 33.28855
0.03 275.92776 -125.41006 46432.37 -63081.8 5254.85 -68336.6 43.519169
0.04 275.29941 523.3258 46281.331 -62840.1 5242.88 -68082.9 54.108733
0.05 270.83806 -377.40865 46181.699 -63074.8 5157.92 -68232.7 64.159545
0.06 274.49888 454.0384 45968.222 -63371.9 5227.64 -68599.5 75.453345
0.07 272.53468 -518.52258 46544.054 -63176.4 5190.23 -68366.6 88.080105
0.08 271.29239 104.89249 46212.137 -63177 5166.57 -68343.5 97.63071
0.09 278.282 290.38687 46358.986 -62978.1 5299.69 -68277.8 111.57573
0.1 267.70232 41.5275 46475.136 -62864.1 5098.2 -67962.3 121.38713
0.11 274.97468 57.989674 46153.249 -62727.3 5236.7 -67964 138.00693
0.12 273.04124 978.45368 45915.036 -62582.7 5199.88 -67782.5 149.595
0.13 270.4215 273.44944 45881.425 -62636.9 5149.99 -67786.9 160.47045
0.14 278.35265 -204.43136 46314.185 -62414.3 5301.03 -67715.3 173.36948
0.15 266.76502 -112.57762 46348.743 -62614.8 5080.35 -67695.1 185.33032
0.16 277.15452 -205.25503 46151.694 -62052 5278.21 -67330.2 201.15839
0.17 277.46671 566.9635 46198.525 -62196.3 5284.16 -67480.5 214.40018
0.18 265.05555 384.68393 45752.455 -61813.6 5047.8 -66861.4 231.00656
0.19 284.07255 -90.634292 46188.605 -61600.7 5409.96 -67010.6 244.92692
0.2 275.97246 284.66327 45775.118 -61872.5 5255.7 -67128.2 263.08392
0.21 266.97301 -3.1590652 46135.414 -61467.1 5084.31 -66551.4 281.97106
0.22 271.77172 -240.05182 46097.418 -61337.7 5175.7 -66513.4 297.73288
0.23 271.24735 785.7284 45717.286 -60943.2 5165.72 -66108.9 316.54396
0.24 274.63274 213.03026 45901.99 -60550.5 5230.19 -65780.7 333.98326
0.25 275.93711 425.95102 45275.396 -59872.5 5255.03 -65127.5 356.05879
0.26 268.01311 391.58933 45487.018 -60197.3 5104.12 -65301.4 390.11672
0.27 271.86814 -360.55305 45918.379 -59992.1 5177.54 -65169.7 424.9816
0.28 276.7861 279.49382 45750.49 -59712.8 5271.2 -64984 457.02767
0.29 276.70022 799.42695 45031.026 -59962.8 5269.56 -65232.4 488.62014
0.3 268.57481 -469.55982 45620.144 -60064.4 5114.82 -65179.2 527.79277
0.31 286.53655 22.912287 45667.831 -59819.5 5456.89 -65276.4 577.12861
0.32 276.54783 641.72362 45470.064 -59921.5 5266.66 -65188.1 595.13485
0.33 277.86004 -1094.2155 46062.73 -59872.3 5291.65 -65164 634.56709
0.34 267.69608 47.566989 45796.862 -59838.4 5098.08 -64936.5 667.9781
0.35 271.35142 -312.40508 45839.985 -60043.9 5167.7 -65211.6 697.48025
0.36 268.27715 157.30764 45335.598 -59966.3 5109.15 -65075.5 726.49204
0.37 272.78851 105.91708 45763.129 -59634.4 5195.07 -64829.5 754.5214
0.38 272.32269 248.63241 45466.618 -59980.9 5186.19 -65167.1 766.94609
0.39 281.46731 -465.7826 45828.701 -60048.7 5360.35 -65409 794.31559
0.4 270.2163 18.198982 45444.903 -60183.8 5146.08 -65329.8 812.1366
0.41 269.45854 150.40674 45732.325 -59920.2 5131.65 -65051.9 848.43992
0.42 275.1413 -45.37743 45514.354 -60080.4 5239.87 -65320.3 875.63813
0.43 277.766 -160.88046 45766.564 -59798.5 5289.86 -65088.3 912.61978
0.44 270.2434 -950.71281 45976.021 -60070.4 5146.6 -65217 938.73868
0.45 270.13281 -620.84286 45947.647 -59784 5144.49 -64928.5 961.66121
0.46 265.33072 -367.52111 45671.967 -60236.1 5053.04 -65289.1 988.00208
0.47 270.52197 -391.04549 46003.359 -59583.5 5151.9 -64735.4 1018.0514
0.48 274.94978 -258.13988 45644.261 -59896.8 5236.23 -65133 1050.7006
0.49 289.34107 -717.98609 46047.259 -59656.7 5510.3 -65167 1079.9297
0.5 267.95822 -224.21616 45585.341 -60023 5103.08 -65126.1 1111.503
0.51 284.18638 153.69957 45652.894 -59922.4 5412.13 -65334.5 1146.6197
0.52 279.47183 151.03742 45628.387 -59671.4 5322.35 -64993.7 1181.0974
0.53 279.66196 -65.703982 45830.969 -59831.5 5325.97 -65157.5 1210.0433
0.54 272.34416 370.58658 45449.281 -59970.8 5186.6 -65157.4 1240.7566
0.55 271.08941 -103.65367 45657.005 -59955.6 5162.71 -65118.3 1267.4847
0.56 274.15372 378.03125 45550.991 -59950.6 5221.07 -65171.7 1296.146
0.57 274.1196 -42.669402 45956.149 -59818.2 5220.42 -65038.6 1331.7811
0.58 272.6237 116.40404 45642.149 -59573.6 5191.93 -64765.5 1350.6645
0.59 279.2927 -228.32142 45929.672 -59757.2 5318.93 -65076.1 1385.4072
0.6 276.29991 368.66721 45517.068 -59869.8 5261.94 -65131.8 1409.7074
0.61 263.20813 -432.53862 45910.67 -60213 5012.61 -65225.6 1442.4245
0.62 268.89424 321.83398 45547.231 -59845.6 5120.9 -64966.5 1456.2244
0.63 282.45224 15.057913 45630.692 -59891.1 5379.11 -65270.2 1490.6568
0.64 270.14039 372.48193 45626.272 -59917.3 5144.63 -65062 1517.836
0.65 264.89739 93.74695 45721.717 -60207.1 5044.79 -65251.8 1545.4684
0.66 280.08531 -130.74631 45896.92 -59717.4 5334.03 -65051.4 1587.5639
0.67 281.71759 555.67388 45439.307 -59801.8 5365.11 -65166.9 1609.669
0.68 272.03339 -360.78289 45931.248 -59706.2 5180.69 -64886.9 1636.9704
0.69 271.18719 112.32065 45493.323 -60087 5164.57 -65251.6 1648.3733
0.7 288.4713 171.26129 45306.397 -59708.4 5493.73 -65202.1 1669.0971
0.71 267.44911 641.51473 45314.941 -59928.1 5093.38 -65021.5 1697.1601
0.72 265.49107 -435.5697 45717.181 -60009.4 5056.09 -65065.5 1735.0559
0.73 273.33868 289.13097 45343.823 -59954.3 5205.54 -65159.8 1755.5686
0.74 276.6112 -0.59866163 45620.076 -59841.4 5267.87 -65109.3 1781.2942
0.75 271.07114 -301.21298 45742.424 -59865.5 5162.36 -65027.9 1808.6492
0.76 275.46066 -202.42865 45624.32 -59822.5 5245.96 -65068.5 1830.2177
0.77 270.35519 -604.81423 45556.452 -59966.4 5148.73 -65115.1 1841.6285
0.78 288.34469 -741.64382 46129.834 -59470 5491.32 -64961.4 1884.2614
0.79 271.15501 -92.129199 45746.901 -59965.7 5163.96 -65129.6 1906.0738
0.8 265.40164 230.34159 45336.929 -60023.8 5054.39 -65078.2 1931.763
0.81 290.92099 299.68963 45678.558 -59911 5540.39 -65451.4 1965.372
0.82 267.83398 -444.12631 45753.428 -59895.9 5100.71 -64996.7 1995.2387
0.83 270.97847 533.1953 45446.512 -60344.5 5160.6 -65505.1 1997.8334
0.84 273.18945 -59.537845 45804.644 -59863.4 5202.7 -65066.1 2039.1985
0.85 265.48613 -1044.5332 45785.591 -60032.7 5056 -65088.7 2084.5307
0.86 273.49503 446.70033 45469.377 -60015.9 5208.52 -65224.4 2097.8946
0.87 279.87425 -33.193384 45583.214 -59670.7 5330.01 -65000.7 2129.2965
0.88 279.15905 121.08871 45596.18 -59745.1 5316.39 -65061.5 2166.8155
0.89 282.16984 -176.85075 45514.037 -60012.4 5373.73 -65386.1 2197.7522
0.9 279.47978 634.30448 45432.778 -59940.5 5322.5 -65263 2224.6591
0.91 282.61273 118.21394 45422.665 -59968.6 5382.16 -65350.7 2242.7307
0.92 277.11773 610.66459 45677.344 -59818.9 5277.51 -65096.4 2277.5421
0.93 272.62406 -413.00478 45847.108 -59790.1 5191.93 -64982 2308.6819
0.94 259.81135 -457.50733 45729.979 -60150.4 4947.93 -65098.4 2333.777
0.95 277.2623 344.02431 45449.681 -59687.4 5280.27 -64967.7 2350.6811
0.96 279.92879 285.87289 45460.002 -60004.5 5331.05 -65335.5 2379.6293
0.97 279.77914 -587.6012 46027.741 -59552.6 5328.2 -64880.8 2431.9432
0.98 268.35241 -193.47669 45854.694 -59936.1 5110.58 -65046.7 2451.124
0.99 287.43288 131.20042 45733.44 -59694.2 5473.96 -65168.1 2487.2292
1 278.77561 784.85132 45403.528 -59714.2 5309.09 -65023.3 2506.2914
1.01 277.58471 97.148017 45672.358 -60060.8 5286.41 -65347.2 2553.369
1.02 270.08114 -29.236077 45601.738 -59723.8 5143.51 -64867.3 2572.0991
1.03 282.29902 -466.19053 45525.107 -59561.1 5376.19 -64937.3 2597.0022
1.04 269.18576 9.4736671 45529.762 -60069.3 5126.45 -65195.8 2611.3368
1.05 281.16921 -137.41226 45603.616 -59790.7 5354.67 -65145.4 2633.0755
1.06 273.11738 -250.8495 45832.09 -59975.5 5201.33 -65176.8 2681.4488
1.07 271.43179 -5.2088416 45613.705 -59924.4 5169.23 -65093.6 2684.7971
1.08 279.12926 -150.41764 45819.168 -59701.6 5315.82 -65017.4 2721.4744
1.09 276.75984 -340.04967 45788.525 -59781.1 5270.7 -65051.8 2741.9668
1.1 270.24408 158.64937 45634.359 -60328.9 5146.61 -65475.5 2782.471
1.11 280.27306 566.49058 45416.254 -59753.4 5337.6 -65091 2798.0567
1.12 272.97949 338.78612 45673.897 -59981.4 5198.7 -65180.1 2840.0357
1.13 274.43583 -760.92415 45955.175 -60029.7 5226.44 -65256.2 2882.4737
1.14 275.5554 985.7781 45222.215 -59824.7 5247.76 -65072.5 2885.8097
1.15 269.83578 244.35519 45685.138 -59808.2 5138.83 -64947 2925.8105
1.16 279.5613 408.86523 45057.664 -59759.2 5324.05 -65083.3 2927.0405
1.17 276.28864 -629.78871 45676.727 -59683.4 5261.72 -64945.1 2987.2722
1.18 273.04952 -310.78434 45553.386 -59958.9 5200.04 -65158.9 3013.2284
1.19 273.02613 -321.55967 45843.892 -59584.3 5199.59 -64783.9 3048.4634
1.2 278.65509 -57.830874 45476.764 -59953.3 5306.79 -65260.1 3061.008
1.21 272.41968 -398.287 45732.777 -59921.7 5188.04 -65109.8 3110.3196
1.22 269.98129 -538.00078 45812.225 -60009.5 5141.6 -65151.1 3132.0885
1.23 274.95696 330.51541 45480.887 -59681.1 5236.36 -64917.4 3147.0001
1.24 255.3937 -261.3015 46052.433 -60446 4863.79 -65309.8 3208.929
1.25 276.93715 470.60737 45338.414 -59710.3 5274.07 -64984.4 3189.6956
1.26 272.98619 -466.71443 45954.607 -59537.6 5198.83 -64736.5 3242.8313
1.27 277.38596 -74.610303 45706.175 -59838.3 5282.62 -65120.9 3257.6567
1.28 268.5744 -428.84921 45817.262 -60015.9 5114.81 -65130.7 3306.7535
1.29 279.87947 -84.101005 45501.504 -59909.2 5330.11 -65239.4 3333.662
1.3 268.0448 -413.45441 45935.695 -59852 5104.73 -64956.8 3387.6766
1.31 271.47107 172.61473 45612.297 -59860.3 5169.98 -65030.3 3394.8407
1.32 267.92654 232.95021 45164.307 -60004.7 5102.47 -65107.2 3416.2171
1.33 277.5893 69.369472 45522.934 -59586.6 5286.49 -64873.1 3459.9524
1.34 274.21862 -26.312769 45931.347 -59707.2 5222.3 -64929.5 3528.5177
1.35 267.49956 -166.28477 45664.726 -60086.3 5094.34 -65180.6 3532.9778
1.36 278.37784 298.17147 45442.697 -59709.3 5301.51 -65010.8 3549.3608
1.37 265.24129 202.79161 45449.958 -59958.2 5051.33 -65009.5 3574.0056
1.38 279.88064 -447.27473 45765.144 -59597.6 5330.13 -64927.7 3616.7817
1.39 266.347 -176.62351 45598.421 -59971.2 5072.39 -65043.6 3626.083
1.4 277.24974 524.07762 45255.093 -59978.5 5280.03 -65258.5 3635.6325
1.41 287.92436 450.75938 45599.824 -59668.1 5483.32 -65151.4 3684.4833
1.42 275.66946 -66.05346 45501.917 -60186.1 5249.93 -65436 3708.9778
1.43 271.33398 -578.89803 45686.345 -59780.2 5167.37 -64947.5 3754.0342
1.44 273.15133 215.2165 45411.578 -60172.7 5201.98 -65374.6 3756.4731
1.45 278.40762 107.12117 45753.749 -59695.8 5302.08 -64997.9 3803.6282
1.46 272.17224 376.87322 45525.784 -60182.8 5183.33 -65366.1 3798.3943
1.47 275.93375 -243.14078 45804.448 -59734.7 5254.97 -64989.6 3861.7637
1.48 277.7466 -14.762696 45553.466 -59755.3 5289.49 -65044.8 3862.5727
1.49 271.05208 391.24602 45481.064 -59972.2 5162 -65134.2 3889.6679
1.5 265.12989 -459.36378 45615.176 -60084.8 5049.21 -65134.1 3939.6522
1.51 271.99263 -255.1382 45598.438 -59860.3 5179.91 -65040.2 3953.2049
1.52 262.12613 520.33962 45559.172 -59983.5 4992.01 -64975.5 3972.8267
1.53 273.92774 -754.75089 45682.836 -59913.9 5216.76 -65130.7 3999.6963
1.54 266.11051 -476.81176 45707.601 -59853.3 5067.89 -64921.2 4039.3896
1.55 272.8648 -9.3561691 45700.794 -60027.2 5196.52 -65223.7 4080.1686
1.56 269.60606 -308.56453 45979.454 -59851.8 5134.46 -64986.3 4122.307
1.57 282.86622 -361.23187 45657.31 -59838.4 5386.99 -65225.4 4128.8004
1.58 277.13729 -205.47282 45318.811 -59880.9 5277.89 -65158.8 4123.6052
1.59 273.5671 -165.86642 45388.045 -60184.2 5209.89 -65394.1 4147.0247
1.6 276.18922 -108.9284 45823.837 -59827.7 5259.83 -65087.5 4196.6259
1.61 283.61099 -652.39516 45947.393 -59435.5 5401.17 -64836.6 4229.0128
1.62 273.6575 666.91268 45424.804 -59802.4 5211.62 -65014.1 4215.2092
1.63 278.05585 734.94704 45597.928 -59571.5 5295.38 -64866.9 4271.7178
1.64 257.97076 183.88877 45622.085 -59939.5 4912.87 -64852.4 4285.6978
1.65 262.13639 811.26502 45351.002 -60315.3 4992.2 -65307.5 4293.4872
1.66 270.00738 137.59562 45548.674 -59726 5142.1 -64868.1 4337.3793
1.67 270.34755 -179.80149 45818.132 -59888.2 5148.58 -65036.7 4375.7146
1.68 276.86943 -46.139418 45837.856 -59508.6 5272.78 -64781.4 4401.231
1.69 262.9473 147.48839 45381.225 -60084.5 5007.65 -65092.1 4395.3802
1.7 275.15828 -254.68674 45542.931 -60017.4 5240.2 -65257.6 4437.8169
1.71 279.67056 -169.62632 45572.42 -59703.6 5326.13 -65029.7 4479.1103
1.72 268.69486 -455.33909 45961.197 -60002.7 5117.11 -65119.8 4555.4212
1.73 276.79752 -434.07374 46219.138 -59898.8 5271.41 -65170.2 4591.1289
1.74 277.48436 180.6221 45624.216 -59416.2 5284.5 -64700.7 4597.0619
1.75 280.38887 -404.00296 45624.395 -59749.4 5339.81 -65089.3 4629.3449
1.76 280.95588 -745.20754 46127.751 -59413.6 5350.61 -64764.2 4676.5762
1.77 278.44631 79.249381 45753.478 -59869.3 5302.81 -65172.1 4686.3116
1.78 277.12945 376.55003 45567.334 -59518.2 5277.74 -64796 4698.0388
1.79 266.87487 237.36449 45535.745 -59951.4 5082.45 -65033.8 4743.2954
1.8 279.60633 896.8839 45579.983 -59846.7 5324.91 -65171.6 4781.099
1.81 280.95055 342.39815 45435.794 -59747.1 5350.51 -65097.6 4799.3534
1.82 279.58918 740.33284 45201.784 -59887.6 5324.58 -65212.2 4780.393
1.83 272.25253 258.84078 45940.59 -60061.2 5184.86 -65246 4840.6996
1.84 274.72899 -851.78912 45676.567 -59920.2 5232.02 -65152.2 4873.9393
1.85 277.47825 268.89679 45507.696 -59906 5284.38 -65190.4 4883.3372
1.86 270.06895 -770.97146 45541.723 -59972.6 5143.27 -65115.9 4905.6863
1.87 274.06336 -339.0789 45708.704 -59885.8 5219.35 -65105.2 4935.7046
1.88 267.46637 96.361654 45595.931 -60147.6 5093.71 -65241.4 4981.5703
1.89 272.72536 -34.035937 45556.276 -59656.8 5193.86 -64850.7 5013.0263
1.9 273.88333 372.69353 45507.528 -60098.7 5215.92 -65314.7 5020.4637
1.91 275.56317 -394.11233 45855.778 -59796.6 5247.91 -65044.5 5086.6091
1.92 279.11627 -61.741921 45757.975 -59809.7 5315.57 -65125.3 5104.5632
1.93 274.67686 -79.127219 45442.903 -60013.3 5231.03 -65244.3 5115.0493
1.94 269.89948 -626.4735 45614.432 -59777 5140.05 -64917.1 5169.3501
1.95 273.5816 -65.298008 45652.173 -59955.2 5210.17 -65165.4 5212.1496
1.96 280.45623 -978.76438 45806.003 -59668.6 5341.09 -65009.7 5273.2096
1.97 271.97308 -681.24402 45967.381 -59947.5 5179.54 -65127 5338.4539
1.98 277.88122 300.82031 45827.736 -59585.5 5292.05 -64877.6 5369.9712
1.99 271.92888 -325.3893 45591.567 -60062 5178.7 -65240.7 5391.1613
2 275.38864 -318.07583 46118.258 -59533.1 5244.58 -64777.7 5485.3707
2.01 263.42451 -195.7986 45860.589 -60012.5 5016.74 -65029.3 5485.9776
2.02 266.00114 -4.2532535 45486.703 -60012.8 5065.81 -65078.6 5478.9473
2.03 259.61891 8.3996275 45741.614 -60094.1 4944.26 -65038.3 5536.3119
2.04 286.71377 307.62349 45530.022 -59703.7 5460.26 -65164 5554.6735
2.05 266.0787 -58.767948 45467.24 -59962.3 5067.28 -65029.6 5567.3679
2.06 273.75093 159.59215 45649.747 -59848.8 5213.39 -65062.2 5609.7734
2.07 259.80988 354.47948 45558.745 -59975.8 4947.9 -64923.7 5623.9827
2.08 266.42207 -192.84165 45612.965 -59885.5 5073.82 -64959.4 5658.3744
2.09 273.52202 -469.64422 45942.559 -59697.3 5209.04 -64906.3 5707.1822
2.1 280.06156 -298.068 45662.037 -59971.8 5333.58 -65305.3 5711.4745
2.11 273.00141 -261.4626 45732.776 -59831.8 5199.12 -65030.9 5760.2502
2.12 277.15804 -540.07334 45807.805 -59662.9 5278.28 -64941.2 5795.1717
2.13 272.84707 429.93686 45348.792 -60107.9 5196.18 -65304.1 5804.1447
2.14 278.5419 -142.36014 45590.513 -59656 5304.64 -64960.6 5855.6924
2.15 271.62258 31.732928 45677.294 -59695.2 5172.86 -64868.1 5895.6548
2.16 275.5772 117.99999 45839.992 -59695.8 5248.17 -64944 5941.7191
2.17 272.79581 -15.25867 45362.353 -60091.8 5195.21 -65287 5932.89
2.18 274.36916 -972.87695 45668.302 -60011 5225.17 -65236.2 5992.1535
2.19 264.57307 -519.69419 45797.311 -60290.8 5038.61 -65329.4 6043.8004
2.2 277.14859 125.66638 45899.659 -59767.6 5278.1 -65045.7 6082.7055
2.21 278.23418 15.948046 45353.073 -59793 5298.78 -65091.8 6071.7453
2.22 272.62522 -305.63093 45755.299 -60043.7 5191.96 -65235.6 6130.0545
2.23 276.96468 -195.93279 45733.619 -59714.8 5274.6 -64989.4 6162.899
2.24 280.00994 248.66346 45715.67 -59937.8 5332.59 -65270.4 6180.7702
2.25 266.69805 263.60401 45539.129 -60136.4 5079.08 -65215.5 6176.8934
2.26 273.10167 515.63393 45821.302 -59777.1 5201.03 -64978.1 6237.0721
2.27 274.48534 -596.56595 46111.493 -59920.8 5227.38 -65148.2 6302.5731
2.28 274.78157 59.741935 45799.964 -60013.5 5233.02 -65246.6 6305.7273
2.29 273.23134 -421.99096 45875.202 -59829.1 5203.5 -65032.6 6347.3556
2.3 292.00361 189.45668 45471.222 -59540.9 5561 -65101.9 6346.6153
2.31 281.03378 -287.75797 45727.894 -60035.9 5352.09 -65387.9 6400.2144
2.32 268.38796 -371.89842 45675.188 -59962.2 5111.26 -65073.5 6414.2526
2.33 273.14021 65.416293 45496.44 -59629.7 5201.76 -64831.4 6420.7279
2.34 273.04239 767.86436 45412.644 -60257 5199.9 -65456.9 6432.6413
2.35 274.17111 -368.44356 45842.541 -59824.6 5221.4 -65046 6482.9482
2.36 273.27648 99.146086 45518.511 -60022.5 5204.36 -65226.9 6477.3308
2.37 277.59193 116.7957 45632.247 -59824 5286.54 -65110.6 6537.4061
2.38 273.92024 -51.811271 45827.077 -60242.6 5216.62 -65459.2 6582.8122
2.39 278.68588 -203.97494 45852.464 -59888.8 5307.38 -65196.2 6611.9158
2.4 278.71712 -772.2237 45862.144 -59888.2 5307.97 -65196.1 6647.7273
2.41 269.1497 662.71635 45195.86 -59876.1 5125.77 -65001.9 6600.2539
2.42 278.44644 -113.87099 45765.525 -59844.3 5302.82 -65147.1 6682.2762
2.43 285.10066 546.10648 45425.09 -59526 5429.54 -64955.5 6719.014
2.44 270.16228 367.87112 45252.846 -59755 5145.05 -64900.1 6738.6864
2.45 267.2619 340.86529 45437.523 -59906.9 5089.82 -64996.7 6781.7347
2.46 266.1889 650.59897 45543.774 -60177 5069.38 -65246.4 6811.496
2.47 286.08536 501.24966 45632.763 -59692.4 5448.3 -65140.7 6843.9383
2.48 278.50384 -251.28146 45331.437 -59793 5303.91 -65096.9 6845.9616
2.49 272.48249 -525.97445 45843.559 -60072.1 5189.24 -65261.3 6918.2721
2.5 272.61436 21.227205 45568.372 -59910 5191.75 -65101.7 6931.0138
2.51 268.86739 74.267572 45639.436 -59789.3 5120.39 -64909.7 6960.5491
2.52 268.22209 -234.45357 45622.796 -60028 5108.1 -65136.1 6984.4349
2.53 266.5953 130.74746 45664.873 -60291.4 5077.12 -65368.5 7029.9327
2.54 276.63243 -576.66612 45784.463 -60006.5 5268.27 -65274.7 7074.0412
2.55 269.75307 200.82701 45604.656 -59914 5137.26 -65051.3 7079.4935
2.56 276.46785 195.39472 45615.794 -60118.3 5265.14 -65383.4 7109.6592
2.57 276.73395 405.19079 45613.171 -59754.4 5270.2 -65024.6 7150.6049
2.58 274.43501 56.804684 45717.233 -60015.5 5226.42 -65241.9 7193.2632
2.59 270.67853 -24.756708 45764.59 -60144.3 5154.88 -65299.2 7233.6968
2.6 273.42461 -1221.2065 46042.803 -59935.7 5207.18 -65142.9 7301.5483
2.61 274.20675 -397.68802 46020.336 -59929.3 5222.08 -65151.4 7332.5799
2.62 275.77578 97.79885 45457.125 -59977.2 5251.96 -65229.1 7304.0792
2.63 267.25402 -24.273168 45759.662 -60163.6 5089.67 -65253.2 7356.9804
2.64 273.9948 -7.48622 45927.926 -59808.7 5218.04 -65026.7 7374.2059
2.65 277.28274 95.00427 45670.811 -59780.5 5280.66 -65061.1 7381.2325
2.66 273.36871 195.06411 45684.202 -59869.5 5206.12 -65075.6 7402.8816
2.67 272.849 -9.2694363 45640.904 -59694.7 5196.22 -64891 7425.1881
2.68 274.6164 478.50599 45510.16 -60055.9 5229.88 -65285.7 7448.3501
2.69 278.49169 353.94638 45473.698 -59767.1 5303.68 -65070.8 7479.9192
2.7 271.84745 2.0702758 45481.822 -59982 5177.14 -65159.1 7518.3361
2.71 280.35291 1101.7694 45085.232 -59513.3 5339.12 -64852.4 7498.8447
2.72 271.05207 745.56803 45318.764 -59927.1 5162 -65089.1 7556.8612
2.73 269.49769 63.265084 45757.022 -60073.2 5132.39 -65205.6 7642.2595
2.74 270.11971 466.6418 45661.917 -59954.9 5144.24 -65099.2 7671.8197
2.75 285.78199 126.17273 45689.325 -59616.8 5442.52 -65059.3 7701.0399
2.76 268.36402 -135.91457 45660.628 -60059.5 5110.8 -65170.3 7761.6168
2.77 274.5622 -93.370663 45801.432 -59859.3 5228.84 -65088.1 7823.4214
2.78 267.92007 -616.23205 45762.443 -59883.3 5102.35 -64985.6 7863.8506
2.79 273.12045 -442.44225 45571.911 -59614 5201.39 -64815.4 7889.3958
2.8 266.87547 -343.42041 45550.019 -60146.5 5082.46 -65229 7932.2131
2.81 279.56211 -830.00859 45969.305 -59857.7 5324.06 -65181.8 8009.4975
2.82 280.82007 -35.740627 45505.722 -59637.3 5348.02 -64985.3 7993.2872
2.83 273.29862 310.95778 45355.619 -59765.4 5204.78 -64970.2 8003.8499
2.84 276.58343 403.86985 45508.253 -59903.9 5267.34 -65171.2 8057.6714
2.85 280.36642 7.8774919 46148.329 -59824.1 5339.38 -65163.5 8124.1331
2.86 270.65341 60.751659 45555.439 -59979.8 5154.4 -65134.2 8087.5309
2.87 273.01948 479.98703 45456.607 -59948.5 5199.46 -65147.9 8116.7775
2.88 275.95448 -247.2247 45346.153 -59913.6 5255.36 -65169 8142.2356
2.89 270.46554 -434.75478 45973.044 -59879.6 5150.83 -65030.5 8235.8267
2.9 274.40457 61.599542 45546.346 -59782.3 5225.84 -65008.1 8233.1769
2.91 282.49348 -625.72949 45877.894 -59391.9 5379.89 -64771.7 8281.5335
2.92 270.92802 -0.68328597 45748.465 -60106.6 5159.63 -65266.2 8292.3978
2.93 272.9711 -514.02121 45727.327 -60007.7 5198.54 -65206.2 8322.9922
2.94 276.9271 -298.16752 45618.72 -59796.8 5273.88 -65070.6 8339.0783
2.95 266.23759 185.74906 45567.685 -59959.6 5070.31 -65029.9 8362.3948
2.96 280.57589 -152.93877 45655.502 -59853.9 5343.37 -65197.3 8403.9678
2.97 270.16768 758.81576 45450.843 -59821.7 5145.15 -64966.8 8412.5913
2.98 273.00003 -688.83855 45848.105 -60025.5 5199.09 -65224.6 8484.9575
2.99 275.41663 -452.97631 45598.585 -59535.2 5245.12 -64780.3 8490.1857
3 275.60371 -801.85618 45868.06 -59894.1 5248.68 -65142.8 8571.6089
3.01 280.47556 -582.68577 45558.244 -59712.8 5341.46 -65054.3 8580.4896
3.02 274.92943 353.12411 45627.872 -59714.2 5235.84 -64950.1 8610.979
3.03 268.30854 -670.37766 46135.699 -59929.8 5109.75 -65039.6 8740.0786
3.04 278.17949 35.844087 45984.554 -59595.6 5297.73 -64893.4 8749.2369
3.05 278.54948 164.16117 45632.463 -60097.6 5304.78 -65402.3 8746.9108
3.06 267.24377 -340.23834 45860.133 -59882.9 5089.47 -64972.4 8827.5321
3.07 268.33567 -157.32922 45517.063 -60032.4 5110.27 -65142.6 8801.9191
3.08 272.49581 -773.61285 45654.782 -59855.6 5189.49 -65045.1 8818.9374
3.09 282.21848 -330.43659 45830.964 -59845.8 5374.65 -65220.5 8878.9826
3.1 274.40851 282.21728 45402.946 -59935.8 5225.92 -65161.7 8864.3162
3.11 265.35726 402.79032 45679.187 -60419.4 5053.54 -65473 8939.34
3.12 277.09841 715.65487 45391.082 -59853.8 5277.15 -65130.9 8933.4209
3.13 273.74575 180.96429 45578.926 -60111.6 5213.3 -65324.9 8987.8641
3.14 270.76492 -436.7447 45774.522 -60031.4 5156.53 -65187.9 9039.1763
3.15 285.52277 -136.34336 45678.163 -59525.6 5437.58 -64963.1 9082.1295
3.16 268.3639 -20.164224 45679.868 -59893.3 5110.8 -65004.1 9109.7177
3.17 272.44141 -137.98974 45597.968 -59972.6 5188.46 -65161.1 9129.4823
3.18 270.98453 -98.195044 45594.526 -60004.8 5160.71 -65165.5 9171.3642
3.19 277.63921 -392.8649 45937.961 -59947 5287.44 -65234.4 9263.5404
3.2 273.78433 -586.7978 45833.3 -59794.4 5214.03 -65008.5 9287.1215
3.21 281.74216 264.19048 45528.193 -59902.8 5365.58 -65268.4 9266.866
3.22 272.61703 600.87148 45276.779 -59822.1 5191.8 -65013.9 9280.3345
3.23 273.83465 -676.91729 45735.265 -59890.5 5214.99 -65105.5 9369.7541
3.24 275.50691 360.87111 45237.433 -59960.2 5246.84 -65207 9310.9762
3.25 274.75541 -19.707348 45802.573 -59817.6 5232.52 -65050.1 9411.1868
3.26 269.44432 -828.94161 45764.111 -60068.5 5131.38 -65199.9 9417.2293
3.27 273.86619 121.5945 45470.374 -59859.3 5215.59 -65074.9 9373.9716
3.28 281.3736 300.92959 45577.356 -59785.2 5358.56 -65143.8 9423.9571
3.29 272.91546 -751.49779 45902.679 -59996.6 5197.48 -65194.1 9496.0269
3.3 287.2233 474.40876 45519.654 -59660.8 5469.97 -65130.8 9488.7893
3.31 261.07221 873.61526 45067.293 -59853.2 4971.94 -64825.2 9490.7997
3.32 286.52344 447.00714 45369.629 -59595.5 5456.64 -65052.1 9558.3977
3.33 273.99291 -464.14062 45459.015 -59915.7 5218 -65133.7 9596.2402
3.34 280.49208 -53.9333 45726.196 -59439 5341.78 -64780.8 9678.9891
3.35 281.4763 -45.733641 45670.158 -59716.2 5360.52 -65076.7 9697.3763
3.36 271.29692 73.532267 45604.803 -60025.3 5166.66 -65192 9735.1806
3.37 272.22533 -177.60756 45998.698 -59992.9 5184.34 -65177.3 9845.9575
3.38 273.96757 -778.97219 46091.215 -59806.6 5217.52 -65024.1 9864.1862
3.39 273.93139 -308.0183 45835.716 -59825 5216.83 -65041.8 9856.3638
3.4 274.74416 -242.35605 45521.691 -59943.3 5232.31 -65175.6 9846.9103
3.41 270.0254 -740.32817 45681.652 -60076.8 5142.44 -65219.2 9881.1876
3.42 276.74088 -105.95413 45872.596 -59776.2 5270.34 -65046.5 9930.4145
3.43 266.51697 100.00875 45652.677 -59770 5075.63 -64845.7 9929.4087
3.44 286.24572 844.18022 45088.717 -59614.2 5451.35 -65065.6 9883.4303
3.45 276.50221 274.71034 45629.616 -59655.9 5265.79 -64921.7 10020.603
3.46 265.81999 -534.64417 45825.781 -59873.1 5062.36 -64935.4 10076.296
3.47 273.25496 -37.658116 45609.347 -59919.8 5203.95 -65123.8 10072.823
3.48 277.81796 35.78629 45497.138 -59878.5 5290.85 -65169.3 10109.565
3.49 271.24348 -564.36347 45771.386 -59919.1 5165.64 -65084.7 10218.255
3.5 272.84648 -307.36388 45559.347 -59879.8 5196.17 -65076 10217.161
3.51 274.11232 -186.98567 45829.583 -60110 5220.28 -65330.3 10287.308
3.52 281.63895 566.48728 45546.157 -59979.7 5363.62 -65343.3 10270.904
3.53 268.02855 -31.753506 45454.861 -60175.5 5104.42 -65279.9 10293.922
3.54 266.96147 -268.83226 45667.02 -59708.2 5084.09 -64792.3 10317.369
3.55 277.4659 901.76517 45405.546 -59760.4 5284.14 -65044.5 10316.995
3.56 266.24497 -78.095974 45715.776 -60161 5070.45 -65231.5 10390.88
3.57 276.36565 88.239415 45750.65 -59738.4 5263.19 -65001.6 10448.137
3.58 274.60734 9.5043687 45627.464 -59918.5 5229.7 -65148.2 10460.145
3.59 274.10008 -767.09493 46033.177 -59748.5 5220.04 -64968.5 10548.742
3.6 277.50854 -311.54311 45733.567 -59596.9 5284.96 -64881.9 10511.503
3.61 264.60053 -918.02174 45808.945 -60220.6 5039.13 -65259.7 10535.109
3.62 264.1525 120.78528 45746.387 -60022.1 5030.6 -65052.7 10555.426
3.63 277.89456 129.78331 45760.069 -59757.5 5292.31 -65049.8 10597.559
3.64 280.35023 612.61775 45780.39 -59801.9 5339.07 -65141 10660.278
3.65 269.29018 -962.3173 45635.252 -59848.4 5128.44 -64976.8 10654.303
3.66 272.51411 369.97339 45252.794 -60078.1 5189.84 -65267.9 10633.178
3.67 277.24799 100.96092 45646.955 -59695.5 5279.99 -64975.5 10725.96
3.68 267.84153 -530.8267 45717.673 -60250 5100.85 -65350.8 10790.707
3.69 285.21558 -77.53182 45477.827 -59925.6 5431.73 -65357.3 10760.74
3.7 277.84149 240.65927 45726.962 -59678 5291.3 -64969.3 10840.359
3.71 276.35282 952.64584 45249.134 -59691.2 5262.95 -64954.1 10759.916
3.72 275.11177 -22.740516 45336.259 -59648.9 5239.31 -64888.2 10792.821
3.73 269.72995 -549.68268 46090.647 -60014 5136.82 -65150.8 10979.817
3.74 282.5873 788.06188 45375.122 -59947.7 5381.68 -65329.3 10897.421
3.75 268.62157 16.823682 45761.121 -59971.1 5115.71 -65086.8 10975.183
3.76 275.57045 369.84279 45511.54 -59833.8 5248.05 -65081.8 10942.835
3.77 268.90032 148.60191 45701.172 -60174.6 5121.02 -65295.6 11031.238
3.78 276.6933 -261.05536 45944.587 -59681.9 5269.43 -64951.4 11111.059
3.79 270.51467 -783.75229 45991.92 -59827.8 5151.76 -64979.6 11160.6
3.8 276.5563 -16.153968 45561.625 -60190.1 5266.82 -65457 11074.635
3.81 281.04521 420.93054 45464.597 -59902.8 5352.31 -65255.1 11068.404
3.82 276.44125 210.70949 45658.444 -59805.9 5264.63 -65070.5 11132.36
3.83 273.0495 482.06418 45713.98 -59941.3 5200.04 -65141.3 11181.729
3.84 276.06719 -152.75754 45634.654 -59763.7 5257.51 -65021.2 11189.476
3.85 281.24477 -165.66678 45695.308 -60081.5 5356.11 -65437.6 11239.447
3.86 279.52402 -1286.7577 45897.67 -59633.4 5323.34 -64956.7 11308.144
3.87 265.03957 -596.70329 45850.627 -59978.8 5047.49 -65026.3 11293.752
3.88 259.16314 301.17209 45557.621 -60272.3 4935.58 -65207.9 11266.053
3.89 271.40888 -27.987181 45784.867 -59861.8 5168.79 -65030.6 11317.131
3.9 274.12221 -363.88762 45664.605 -59849.8 5220.47 -65070.2 11328.856
3.91 271.86276 316.05962 45548.184 -59846.5 5177.44 -65023.9 11342.45
3.92 268.38384 -633.69647 45507.922 -59716.1 5111.18 -64827.3 11402.546
3.93 278.1556 282.49578 45531.238 -59974.2 5297.28 -65271.5 11445.328
3.94 270.67609 -342.89333 45847.977 -59903.7 5154.84 -65058.6 11506.056
3.95 278.37899 135.52241 45646.224 -59801 5301.53 -65102.5 11497.239
3.96 280.81444 -138.63805 45656.379 -59631.2 5347.91 -64979.1 11512.749
3.97 260.56518 -264.45135 45731.026 -59999.3 4962.28 -64961.5 11575.729
3.98 273.62951 702.43183 45469.852 -59830.3 5211.08 -65041.3 11567.53
3.99 269.79743 -413.76055 45546.99 -59932.9 5138.1 -65071 11613.594
4 273.35064 341.50001 45773.125 -59695.3 5205.77 -64901 11692.659
4.01 267.86351 -356.39987 45834.841 -59995.1 5101.27 -65096.4 11741.545
4.02 280.41818 624.75712 45309.614 -59973.5 5340.37 -65313.9 11675.532
4.03 276.86747 484.3137 45744.699 -60085.7 5272.75 -65358.5 11772.084
4.04 274.18295 103.77592 45492.353 -59711.4 5221.62 -64933 11751.172
4.05 278.6472 549.20776 45489.616 -59723.7 5306.64 -65030.4 11773.43
4.06 269.74261 384.07535 45261.297 -60349.4 5137.06 -65486.4 11756.859
4.07 271.06636 237.40564 45407.936 -60031 5162.27 -65193.3 11794.239
4.08 270.21494 -67.19717 45686.418 -59988.7 5146.05 -65134.8 11885.747
4.09 252.08687 -744.71791 45638.789 -60370.1 4800.82 -65170.9 11907.564
4.1 268.00022 -37.229532 45674.02 -59865.1 5103.88 -64968.9 11929.104
4.11 268.76971 -103.25975 45466.504 -60008 5118.53 -65126.6 11925.204
4.12 280.64164 144.06893 45738.35 -59746.2 5344.62 -65090.8 11999.018
4.13 269.97192 -489.52261 45484.237 -60066.1 5141.43 -65207.6 11975.416
4.14 276.5563 -274.04969 45798.302 -59907.6 5266.82 -65174.4 12046.733
4.15 269.46774 274.40354 45540.364 -60030.9 5131.82 -65162.7 12039.568
4.16 280.45953 1000.4799 45430.394 -59858.4 5341.16 -65199.6 12039.471
4.17 265.91507 -127.98606 45682.435 -60077.9 5064.17 -65142.1 12100.142
4.18 281.49913 -183.08531 45781.652 -59670.4 5360.95 -65031.3 12174.586
4.19 267.1344 -401.33493 46043.21 -59956.9 5087.39 -65044.3 12280.002
4.2 262.68573 76.180839 45772.763 -60025 5002.67 -65027.6 12265.513
4.21 273.84994 -485.0633 45903.239 -60005.3 5215.28 -65220.6 12317.062
4.22 283.47819 414.34293 45211.634 -59759.7 5398.64 -65158.3 12228.887
4.23 266.84534 132.13785 45603.874 -60018.3 5081.88 -65100.2 12332.054
4.24 270.806 345.4623 45478.7 -59881.9 5157.31 -65039.2 12332.438
4.25 279.9301 -341.05033 45423.693 -59701.7 5331.07 -65032.8 12318.145
4.26 260.75911 -774.59071 45872.199 -60225.8 4965.97 -65191.8 12425.496
4.27 274.77308 159.80863 45628.149 -59741.5 5232.86 -64974.3 12408.653
4.28 282.16359 571.87749 45368.132 -59839.7 5373.61 -65213.4 12392.478
4.29 274.7883 337.10387 45387.923 -60043.9 5233.15 -65277.1 12469.556
4.3 269.78888 451.80281 45517.926 -60042.5 5137.94 -65180.5 12515.541
4.31 271.82444 632.19205 45594.313 -59725.4 5176.71 -64902.1 12558.176
4.32 271.9271 -4.9172537 45467.082 -60018.3 5178.66 -65197 12575.93
4.33 277.56774 854.89787 45289.249 -59927.4 5286.08 -65213.5 12566.144
4.34 284.19781 -58.233647 45824.706 -59541.4 5412.35 -64953.7 12725.962
4.35 268.64545 213.75694 45585.599 -59777.1 5116.16 -64893.3 12708.412
4.36 273.72431 681.78589 45308.813 -59794.6 5212.89 -65007.5 12683.093
4.37 279.50212 -131.78569 46009.657 -59698 5322.92 -65020.9 12849.426
4.38 266.44976 541.77962 45447.646 -59974.4 5074.35 -65048.8 12760.543
4.39 278.00908 -188.84428 45587.82 -59476 5294.49 -64770.4 12804.14
4.4 264.01931 144.24292 45719.913 -59774 5028.06 -64802.1 12853.109
4.41 280.10215 323.6387 45342.358 -59762.8 5334.35 -65097.1 12809.4
4.42 282.87664 543.64339 45420.992 -59881.6 5387.19 -65268.7 12843.532
4.43 276.33965 -814.41185 46090.83 -59782.2 5262.7 -65044.9 13006.226
4.44 270.63584 -61.615257 45411.052 -59908.8 5154.07 -65062.9 12933.019
4.45 277.96155 198.03665 45692.676 -59682.3 5293.58 -64975.9 13000.388
4.46 283.92321 200.04375 45745.66 -59852.3 5407.12 -65259.4 13007.566
4.47 275.58742 370.63053 45633.636 -59946.6 5248.37 -65195 13013.269
4.48 272.26082 -756.67276 45779.414 -59987.5 5185.02 -65172.6 13039.22
4.49 274.98782 -59.408322 45660.534 -59978.6 5236.95 -65215.6 13035.719
4.5 274.94422 -196.95645 45688.357 -59887.8 5236.12 -65123.9 13083.134
4.51 284.9161 -505.02546 45896.247 -59488.1 5426.03 -64914.1 13174.571
4.52 276.11482 -626.63531 45949.637 -59856 5258.41 -65114.4 13223.254
4.53 279.02305 -301.45876 45573.433 -59934.5 5313.8 -65248.3 13207.238
4.54 276.89303 -322.55097 45553.489 -59777.2 5273.23 -65050.4 13236.862
4.55 279.38645 -444.58864 45741.943 -59761.3 5320.72 -65082.1 13294.209
4.56 274.14135 140.24013 45327.165 -60016.3 5220.83 -65237.2 13256.783
4.57 268.75655 -928.97691 45905.302 -60044 5118.28 -65162.3 13384.353
4.58 282.26658 -23.381056 45371.093 -59741.2 5375.57 -65116.7 13359.631
4.59 275.40475 -217.29227 45500.003 -59757.8 5244.89 -65002.6 13415.813
4.6 267.15557 -499.59432 45693.655 -59856.5 5087.79 -64944.3 13493.325
4.61 274.58676 -183.0529 45736.618 -59783.3 5229.31 -65012.6 13552.684
4.62 271.61703 491.42544 45486.519 -59970.9 5172.76 -65143.6 13527.896
4.63 268.23295 -490.42402 46213.634 -59740.5 5108.31 -64848.8 13721.295
4.64 274.01885 127.49871 45478.141 -59789.1 5218.5 -65007.6 13628.454
4.65 269.84576 -705.15936 45620.862 -60183.6 5139.02 -65322.6 13683.674
4.66 273.55045 -614.63142 45808.221 -59875.4 5209.58 -65085 13761.929
4.67 268.06296 193.35936 45614.779 -60181.7 5105.07 -65286.7 13775.426
4.68 284.64214 1002.633 45335.991 -59608.4 5420.81 -65029.2 13725.115
4.69 271.01176 175.66845 45861.955 -60017.5 5161.23 -65178.7 13844.022
4.7 275.8251 176.44398 45535.232 -59761.8 5252.9 -65014.7 13804.436
4.71 277.87168 -113.73346 45756.771 -59491.4 5291.87 -64783.3 13857.944
4.72 271.75216 777.95693 45541.085 -59959.3 5175.33 -65134.7 13833.059
4.73 270.01661 -133.89983 45485.855 -60284.6 5142.28 -65426.9 13822.625
4.74 271.39513 -77.693174 45605.056 -60188.3 5168.53 -65356.8 13895.052
4.75 272.10179 -334.68946 45538.477 -59666.6 5181.99 -64848.6 13904.939
4.76 274.69021 -138.53747 45501.172 -60064.1 5231.28 -65295.3 13907.591
4.77 269.69728 -568.07691 45831.403 -60043.6 5136.2 -65179.8 13985.084
4.78 274.50659 -553.51465 45787.789 -59747.4 5227.79 -64975.2 14039.668
4.79 265.11079 256.39275 45593.576 -60204.6 5048.85 -65253.4 14042.057
4.8 282.24834 707.6693 45381.226 -59780.6 5375.22 -65155.8 14011.435
4.81 277.51542 -279.29139 45447.272 -59735.3 5285.09 -65020.4 14033.436
4.82 277.9289 518.35221 45620.856 -59766.8 5292.96 -65059.7 14121.954
4.83 267.09629 -43.548114 45731.566 -60012.3 5086.66 -65098.9 14155.463
4.84 273.61528 -199.16438 45711.72 -59824.6 5210.81 -65035.4 14206.206
4.85 279.90884 698.05864 45469.165 -59889.5 5330.67 -65220.2 14172.817
4.86 274.45439 -612.97917 45757.029 -59957.5 5226.79 -65184.3 14232.634
4.87 276.89312 -632.22948 45996.513 -59961.5 5273.24 -65234.8 14337.046
4.88 279.62118 -362.92836 45835.45 -59860.9 5325.19 -65186.1 14325.036
4.89 254.08787 48.598237 45651.611 -60064.6 4838.93 -64903.5 14335.64
4.9 271.27777 -830.3706 45921.037 -59963 5166.3 -65129.3 14405.085
4.91 271.63096 -361.89332 45742.358 -59933.6 5173.02 -65106.7 14425.225
4.92 271.50661 885.63615 45098.727 -59957.2 5170.65 -65127.9 14302.737
4.93 267.18552 -320.29556 45733.161 -59759.6 5088.36 -64848 14443.367
4.94 268.62512 -290.05314 45767.839 -59984.5 5115.78 -65100.2 14459.25
4.95 269.11813 513.39938 45676.83 -60327.3 5125.17 -65452.5 14462.098
4.96 268.26139 -164.27866 45634.18 -59901.3 5108.85 -65010.1 14506.11
4.97 283.50404 497.8845 45221.781 -59885.5 5399.14 -65284.6 14432.037
4.98 269.27161 948.69627 45515.366 -60196.8 5128.09 -65324.9 14527.688
4.99 271.55045 848.60024 45534.39 -59980.8 5171.49 -65152.3 14572.449
5 280.71138 653.23824 45173.688 -59839.1 5345.95 -65185 14517.809
5.01 272.88421 420.41986 45516.426 -59979.4 5196.89 -65176.3 14637.266
5.02 281.08117 125.34212 45751.513 -60024.1 5352.99 -65377.1 14698.846
5.03 278.62696 739.80518 45493.162 -60097.4 5306.26 -65403.7 14664.464
5.04 270.36961 -1169.2122 45867.999 -59574.1 5149 -64723.1 14782.269
5.05 279.91218 -760.19352 45945.183 -59990.1 5330.73 -65320.9 14817.371
5.06 270.07082 -108.75179 45519.829 -59905.2 5143.31 -65048.5 14737.698
5.07 290.00189 106.31471 45379.72 -59550.3 5522.88 -65073.2 14715.977
5.08 274.77521 -361.69658 45763.466 -60073.6 5232.9 -65306.5 14807.333
5.09 268.66921 335.19149 45811.75 -59689.8 5116.62 -64806.5 14849.285
5.1 265.44618 -65.76806 45602.86 -59946.8 5055.24 -65002 14815.402
5.11 262.11204 523.33678 45290.944 -60203.2 4991.74 -65194.9 14791.781
5.12 275.73778 653.82515 45341.039 -59799.2 5251.23 -65050.4 14857.251
5.13 262.20399 -53.461026 45816.473 -60035 4993.49 -65028.4 14992.033
5.14 268.39214 523.47591 45433.517 -60017.2 5111.34 -65128.5 14917.198
5.15 277.56904 394.70699 45523.39 -59613.5 5286.11 -64899.6 14941.759
5.16 264.11588 -82.213477 45631.992 -60009 5029.9 -65038.9 14994.208
5.17 272.91773 -594.20148 45771.389 -59781.8 5197.53 -64979.3 15040.353
5.18 266.01027 -250.15666 45826.521 -60077.2 5065.98 -65143.2 15062.729
5.19 267.75783 291.48184 45299.435 -59987.9 5099.26 -65087.1 14973.591
5.2 283.19755 -253.75069 45603.251 -59582.2 5393.3 -64975.5 15063.329
5.21 273.41714 -267.14965 45629.964 -59889.2 5207.04 -65096.2 15095.382
5.22 270.48589 -254.03915 45663.71 -59829.7 5151.21 -64980.9 15141.336
5.23 274.84715 69.500092 45575.328 -59894 5234.27 -65128.3 15148.823
5.24 279.71761 151.68785 45326.51 -59863.2 5327.03 -65190.3 15115.312
5.25 267.44042 740.03444 45360.99 -60166.7 5093.22 -65260 15174.394
5.26 269.57445 236.14864 45600.193 -60033.4 5133.86 -65167.2 15251.195
5.27 279.35377 -59.096131 45746.805 -59745.8 5320.1 -65065.9 15310.158
5.28 272.27485 448.44758 45401.048 -59977 5185.28 -65162.3 15258.849
5.29 276.32179 69.831859 45816.286 -59701.9 5262.35 -64964.3 15376.914
5.3 274.85571 340.47185 45588.106 -59984.7 5234.43 -65219.1 15361.928
5.31 279.76909 115.46771 45614.429 -59668.2 5328.01 -64996.2 15390.75
5.32 272.19255 250.89866 45512.076 -59861.8 5183.72 -65045.5 15397.765
5.33 274.23924 16.806519 45589.398 -60013.8 5222.69 -65236.5 15432.5
5.34 279.94771 164.93417 45591.097 -59608.3 5331.41 -64939.7 15476.964
5.35 283.16495 -651.67832 45980.63 -59824.3 5392.68 -65217 15594.752
5.36 270.38591 888.45496 45391.563 -59882.7 5149.31 -65032 15459.441
5.37 285.52934 330.40894 45720.373 -59419.1 5437.71 -64856.8 15543.945
5.38 276.2337 570.60546 45599.532 -59864.8 5260.68 -65125.5 15543.73
5.39 261.32193 -259.34034 45726.17 -60001.1 4976.69 -64977.8 15605.758
5.4 273.32557 -176.1921 45576.615 -59845.1 5205.29 -65050.4 15613.684
5.41 266.62932 691.41033 45171.35 -60318.8 5077.77 -65396.6 15545.259
5.42 275.81244 -518.72391 45878.299 -60269.2 5252.65 -65521.8 15749.12
5.43 281.16617 -6.6039053 45504.908 -59704.2 5354.61 -65058.8 15667.043
5.44 270.68799 -1189.9335 46161.602 -59986.7 5155.06 -65141.8 15845.635
5.45 276.74015 0.11778677 45731.08 -59759.1 5270.32 -65029.5 15780.841
5.46 268.98268 -601.80825 45764.615 -60124 5122.59 -65246.6 15799.129
5.47 285.53083 419.99275 45768.341 -59633.2 5437.73 -65070.9 15815.112
5.48 284.44279 713.77652 45115.236 -59796.9 5417.01 -65213.9 15711.494
5.49 272.25823 394.49665 45444.304 -60087.9 5184.97 -65272.9 15794.506
5.5 281.11369 68.129366 45539.426 -59823.3 5353.61 -65176.9 15842.139
5.51 273.40427 -27.681165 45351.482 -60282.7 5206.79 -65489.5 15816.696
5.52 278.47403 -233.98112 45641.882 -59750.1 5303.34 -65053.5 15877.307
5.53 284.31252 192.94958 45577.579 -59871.7 5414.53 -65286.2 15903.065
5.54 272.86476 50.737253 45531.791 -59993.5 5196.52 -65190 15912.31
5.55 269.52267 678.00376 45492.508 -60132 5132.87 -65264.9 15917.03
5.56 272.90407 -426.72127 45663.4 -60029.8 5197.27 -65227.1 15992.794
5.57 274.70585 28.290792 45634.555 -59824.2 5231.58 -65055.8 16026.642
5.58 277.40539 -264.4791 45779.241 -59922.3 5282.99 -65205.3 16058.408
5.59 268.04707 -312.09366 45390.776 -59937.8 5104.77 -65042.6 15999.697
5.6 281.57093 216.2578 45945.353 -59584.4 5362.32 -64946.7 16147.829
5.61 275.49428 378.11916 45316.592 -59794 5246.6 -65040.6 16061.513
5.62 276.29536 49.080124 45846.722 -59832.1 5261.85 -65093.9 16211.832
5.63 268.65446 189.40299 45333.522 -60139.7 5116.34 -65256 16122.493
5.64 279.5976 -971.13274 45936.748 -59726 5324.74 -65050.7 16292.79
5.65 272.64901 -824.685 45866.705 -59969 5192.41 -65161.4 16298.119
5.66 290.99863 -188.28643 45492.964 -59672.3 5541.87 -65214.1 16245.431
5.67 275.14725 -133.42536 45519.576 -59837.1 5239.99 -65077.1 16287.477
5.68 285.4994 504.34082 45555.068 -59660.1 5437.14 -65097.3 16319.106
5.69 274.11956 -337.09918 45434.216 -60071.3 5220.42 -65291.7 16365.897
5.7 271.13664 251.18379 45625.055 -59934.6 5163.61 -65098.2 16456.277
5.71 270.6926 724.06219 45295.783 -59830.3 5155.15 -64985.4 16418.844
5.72 272.16728 312.33212 45508.233 -60286.5 5183.24 -65469.7 16473.259
5.73 282.51959 1197.1989 45403.812 -59860.8 5380.39 -65241.2 16489.32
5.74 265.75837 -356.64338 45762.196 -60292.9 5061.18 -65354.1 16601.508
5.75 279.18118 -451.51785 45797.823 -59977.5 5316.81 -65294.3 16645.722
5.76 265.93848 402.6489 45312 -60238.5 5064.61 -65303.1 16602.512
5.77 272.47549 -343.27265 45897.741 -59723.9 5189.1 -64913 16747.029
5.78 281.50355 447.47068 45155.727 -59790.3 5361.04 -65151.3 16584.746
5.79 274.75954 167.00057 45557.179 -59903.7 5232.6 -65136.3 16706.449
5.8 277.64572 -64.276477 45660.559 -59793.1 5287.57 -65080.7 16705.617
5.81 267.26463 452.76397 45539.066 -60172.9 5089.87 -65262.8 16685.278
5.82 277.80928 -690.03486 45666.208 -59652.9 5290.68 -64943.5 16731.792
5.83 272.88197 459.02623 45199.395 -59931.5 5196.85 -65128.3 16625.554
5.84 280.12022 -45.335195 45781.439 -59768.3 5334.69 -65102.9 16811.725
5.85 281.07116 157.24702 45472.665 -59747.9 5352.8 -65100.7 16762.16
5.86 278.46026 416.38609 45430.746 -60091.3 5303.08 -65394.4 16769.077
5.87 275.16958 42.170083 45615.786 -59894.9 5240.41 -65135.3 16868.848
5.88 274.29634 -198.23012 45683.601 -60054.8 5223.78 -65278.6 16885.457
5.89 271.80005 332.7373 45348.5 -59958.3 5176.24 -65134.5 16815.503
5.9 276.40347 -315.45957 45939.926 -60031.8 5263.91 -65295.7 16943.21
5.91 272.11075 -54.484144 45328.33 -59811.8 5182.16 -64993.9 16826.885
5.92 281.02396 131.70536 45472.818 -59926.5 5351.9 -65278.4 16844.426
5.93 279.4919 -697.70511 45916.957 -59586 5322.73 -64908.7 16991.618
5.94 274.233 704.89755 45347.473 -60028.5 5222.58 -65251.1 16901.292
5.95 267.50581 97.604338 45922.913 -60084.3 5094.46 -65178.7 17081.967
5.96 278.7193 306.8405 45228.096 -59684.9 5308.01 -64993 16933.172
5.97 267.63182 398.45964 45711.827 -59937.4 5096.86 -65034.2 17050.55
5.98 272.96853 502.29358 45517.611 -59978.9 5198.49 -65177.4 17046.595
5.99 274.36619 185.52028 45737.746 -59889 5225.11 -65114.1 17109.611
6 278.53971 183.64117 45529.745 -59716 5304.59 -65020.6 17116.805
6.01 268.63001 599.63424 45286.127 -60028.4 5115.87 -65144.3 17037.738
6.02 258.77772 -469.93354 45578.481 -60327.7 4928.24 -65255.9 17136.073
6.03 281.42453 80.637161 45664.913 -59829.8 5359.53 -65189.3 17145.374
6.04 276.00899 252.87822 45366.349 -59801 5256.4 -65057.4 17089.945
6.05 278.71126 -431.64707 45733.955 -59792.8 5307.86 -65100.7 17183.582
6.06 276.35492 269.06689 45703.722 -59995 5262.99 -65258 17229.221
6.07 271.93615 -409.0239 45781.427 -59836.6 5178.83 -65015.4 17275.565
6.08 279.4389 328.84264 45507.722 -60075.9 5321.72 -65397.6 17266.598
6.09 273.25835 -83.313657 45955.183 -59812.4 5204.01 -65016.4 17413.136
6.1 279.09472 939.23522 45383.455 -59548.2 5315.16 -64863.4 17299.31
6.11 273.51152 65.007361 45562.028 -59980 5208.84 -65188.9 17336.546
6.12 266.35172 806.61282 45332.858 -59998.7 5072.48 -65071.1 17324.994
6.13 277.1672 726.32131 45692.134 -59769.3 5278.46 -65047.8 17441.767
6.14 277.38745 177.25548 45692.642 -59925.9 5282.65 -65208.6 17442.214
6.15 274.2959 -30.978376 45389.377 -60114.2 5223.77 -65338 17410.174
6.16 274.69534 -329.16705 45462.134 -59914.4 5231.38 -65145.7 17443.772
6.17 283.66039 186.54834 45598.8 -59655.2 5402.11 -65057.3 17500.919
6.18 266.64021 -117.9668 45746.191 -60027 5077.98 -65105 17567.355
6.19 278.51567 169.04273 45664.532 -59630.2 5304.14 -64934.4 17557.793
6.2 270.27746 570.12795 45498.215 -59936.6 5147.25 -65083.9 17541.245
6.21 272.87903 -233.36365 45710.66 -59898.2 5196.79 -65095 17599.806
6.22 268.41802 -115.95243 45170.914 -59912.2 5111.83 -65024.1 17476.231
6.23 278.2199 -192.19147 45826.981 -59802.8 5298.5 -65101.3 17658.685
6.24 271.58689 -92.101051 45648.345 -59876.7 5172.18 -65048.9 17664.341
6.25 286.35865 -280.40726 45817.809 -59638.2 5453.5 -65091.7 17752.622
6.26 267.30601 -25.832381 45517.397 -60339 5090.66 -65429.7 17680.357
6.27 282.73309 -120.71134 45567.017 -59785.6 5384.45 -65170.1 17729.053
6.28 284.03826 630.23328 45590.126 -59825.1 5409.31 -65234.4 17769.749
6.29 277.33548 -462.06815 45602.407 -59899.6 5281.66 -65181.2 17821.424
6.3 266.67593 -339.88005 45537.757 -59954 5078.66 -65032.7 17800.827
6.31 281.27485 765.72394 45395.671 -59786.5 5356.68 -65143.2 17814.738
6.32 266.60736 222.83451 45489.472 -59890 5077.35 -64967.3 17840.025
6.33 274.62135 513.3705 45288.324 -60184.8 5229.97 -65414.8 17834.045
6.34 272.22365 -222.70576 45719.09 -59968.6 5184.31 -65152.9 17958.8
6.35 275.38 243.68951 45604.394 -59997.5 5244.42 -65241.9 17979.605
6.36 268.0209 367.08446 45475.212 -60219.7 5104.27 -65324 17971.448
6.37 267.48776 -29.007397 45720.162 -59909.2 5094.12 -65003.4 18046.433
6.38 273.90359 438.78592 45462.755 -59794.5 5216.3 -65010.8 18028.923
6.39 268.65128 -572.92063 45874.548 -60081.9 5116.28 -65198.2 18131.487
6.4 265.75415 -241.42479 45935.399 -59850.3 5061.1 -64911.4 18143.688
6.41 278.35622 280.96754 45713.407 -60075.7 5301.1 -65376.8 18099.396
6.42 277.35965 226.55463 45475.541 -59777.3 5282.12 -65059.4 18084.238
6.43 289.79858 -393.08667 45652.402 -59677.9 5519.01 -65196.9 18152.072
6.44 274.94416 -181.50437 45520.399 -60085.7 5236.12 -65321.8 18176.973
6.45 269.84016 -227.99935 45967.7 -59908.1 5138.92 -65047 18352.483
6.46 272.71336 19.278352 45583.524 -60180.7 5193.64 -65374.4 18270.368
6.47 272.51479 -552.34524 45762.22 -59783.6 5189.85 -64973.4 18329.638
6.48 272.61935 289.20132 45415.914 -60236.1 5191.84 -65428 18254.737
6.49 274.35319 272.77056 45506.404 -59847.1 5224.86 -65071.9 18323.588
6.5 275.33259 116.09388 45637.977 -59945.8 5243.52 -65189.3 18400.961
6.51 266.41425 29.182592 45689.176 -60327.6 5073.67 -65401.2 18442.41
6.52 275.02523 -526.82761 45733.6 -60038.8 5237.66 -65276.5 18483.192
6.53 274.99033 332.55517 45797.995 -59558.4 5237 -64795.4 18565.354
6.54 278.9573 513.37349 45371.492 -59936.3 5312.55 -65248.9 18464.492
6.55 261.14403 -212.17366 45669.29 -60148.5 4973.31 -65121.8 18563.504
6.56 273.51548 530.67804 45435.337 -59770.1 5208.91 -64979 18544.509
6.57 272.31159 -93.973278 45905.423 -59992 5185.98 -65178 18716.546
6.58 276.93667 418.67431 45553.476 -59657 5274.07 -64931.1 18646.957
6.59 262.80705 552.31371 45694.99 -60216.8 5004.98 -65221.8 18742.271
6.6 278.25413 -85.056278 45537.489 -59842.3 5299.16 -65141.4 18695.492
6.61 280.85879 655.2112 45543.847 -59694.7 5348.76 -65043.5 18709.98
6.62 281.96519 -1015.7987 45952.504 -59704.8 5369.83 -65074.6 18843.765
6.63 274.93931 255.17801 45575.1 -59822.4 5236.03 -65058.4 18781.204
6.64 276.56018 -215.10205 45827.08 -59865.1 5266.89 -65132 18898.361
6.65 264.95558 625.71906 45310.973 -60220.8 5045.89 -65266.7 18764.216
6.66 275.50422 898.427 45421.901 -59733.6 5246.78 -64980.3 18832.444
6.67 270.80876 -76.427525 45600.699 -59992.9 5157.36 -65150.3 18920.636
6.68 274.81244 -98.089884 45797.943 -59795.1 5233.61 -65028.7 19026.09
6.69 272.27301 -778.10849 45856.138 -59990.4 5185.25 -65175.7 19032.768
6.7 277.10069 -593.26687 45689.902 -59933.1 5277.19 -65210.3 19041.935
6.71 275.57584 349.78372 45467.002 -59797.7 5248.15 -65045.9 19017.389
6.72 291.54334 220.66802 45625.437 -59763.1 5552.24 -65315.3 19103.813
6.73 273.11865 -1013.9622 45801.035 -59991.7 5201.35 -65193 19183.416
6.74 284.81862 217.561 45612.107 -59910.1 5424.17 -65334.2 19146.011
6.75 286.15251 -56.373718 45458.379 -59562.7 5449.57 -65012.3 19129.477
6.76 284.44643 78.983417 45606.51 -59780.2 5417.08 -65197.3 19214.567
6.77 265.54324 407.74091 45404.478 -60098.2 5057.09 -65155.3 19168.193
6.78 268.02248 -219.86781 45888.488 -59841.1 5104.3 -64945.5 19345.74
6.79 269.85961 74.359134 45599.514 -59918.8 5139.29 -65058.1 19306.476
6.8 279.72014 87.687401 45632.88 -59717.2 5327.07 -65044.3 19361.96
6.81 272.43224 -74.176608 45496.738 -59948.2 5188.28 -65136.5 19359.245
6.82 279.69045 -77.990832 45911.246 -59605.3 5326.51 -64931.8 19496.074
6.83 275.55616 -1101.1466 45721.681 -60016.5 5247.77 -65264.3 19466.503
6.84 266.31906 -251.53435 45722.598 -60169.5 5071.86 -65241.4 19492.802
6.85 271.59506 185.25811 45584.108 -59909.2 5172.34 -65081.6 19486.869
6.86 265.19277 -358.90328 45799.316 -60324.7 5050.41 -65375.1 19591.046
6.87 274.05287 150.17461 45686.388 -59891.4 5219.15 -65110.5 19563.178
6.88 284.45964 -31.594206 45802.21 -59626.2 5417.33 -65043.6 19609.538
6.89 262.55597 116.93664 45387.136 -60372.9 5000.19 -65373.1 19504.118
6.9 271.30355 209.59469 45591.764 -59989.3 5166.79 -65156.1 19599.75
6.91 273.12569 468.01181 45214.119 -59844.2 5201.49 -65045.7 19487.188
6.92 266.75004 -123.46581 45530.755 -59964 5080.07 -65044 19559.281
6.93 276.4002 556.96045 45409.157 -59792.3 5263.85 -65056.1 19583.882
6.94 266.81985 -130.79179 45495.638 -60028.8 5081.4 -65110.2 19610.025
6.95 279.12502 311.37884 45846.54 -59778.7 5315.74 -65094.5 19722.92
6.96 269.34129 -163.75069 45957.029 -59839.9 5129.42 -64969.3 19790.378
6.97 268.90395 -505.07425 45628.677 -59891.5 5121.09 -65012.5 19648.565
6.98 275.60213 -234.12877 45689.223 -59718.2 5248.65 -64966.9 19685.099
6.99 272.85492 46.960758 45928.78 -59792.1 5196.33 -64988.4 19789.773
7 268.47459 -55.837133 45561.174 -60070.7 5112.91 -65183.6 19712.629
7.01 274.53864 -9.4693954 45682.736 -59904.5 5228.4 -65132.9 19781.268
7.02 269.70787 -295.74869 45887.044 -60394.6 5136.4 -65531 19893.657
7.03 280.48364 -243.88439 45698.407 -60036.1 5341.61 -65377.7 19842.117
7.04 280.69528 766.65266 45452.976 -59687.5 5345.64 -65033.2 19756.542
7.05 284.63511 240.78788 45879.113 -59636 5420.68 -65056.6 19871.348
7.06 270.98273 258.26806 45515.877 -59938.9 5160.68 -65099.6 19796.884
7.07 275.36246 279.15968 45274.022 -59807.3 5244.09 -65051.4 19703.366
7.08 270.13741 -311.52615 45680.038 -59971.2 5144.58 -65115.8 19894.861
7.09 273.69428 594.93503 45741.4 -59913.2 5212.32 -65125.5 19911.502
7.1 269.90243 -219.91128 45897.319 -60043 5140.1 -65183.1 19991.947
7.11 281.11819 297.71272 46043.663 -59808.2 5353.7 -65161.9 20043.975
7.12 272.9589 -696.55431 45761.942 -59914.4 5198.31 -65112.7 19967.452
7.13 277.34827 -182.35695 45567.254 -59917.1 5281.9 -65199 19929.196
7.14 267.36886 -518.07149 45628.37 -59881.3 5091.85 -64973.2 20007.02
7.15 283.69469 105.14729 45521.558 -59660.4 5402.77 -65063.2 19989.882
7.16 276.07493 -45.152889 45575.192 -59756.6 5257.65 -65014.3 20037.792
7.17 271.70569 597.7893 45476.832 -60164.5 5174.44 -65338.9 20050.668
7.18 277.35555 -263.83289 45718.325 -59743.3 5282.04 -65025.3 20166.69
7.19 265.83639 -712.37025 45767.211 -60288.5 5062.67 -65351.2 20174.199
7.2 278.94099 339.79813 45496.055 -59665.5 5312.24 -64977.8 20117.446
7.21 269.01719 152.4505 45949.859 -60007.4 5123.24 -65130.7 20289.892
7.22 265.80208 -20.734602 45543.408 -59872.4 5062.01 -64934.5 20177.997
7.23 280.2875 44.830392 45792.924 -59738.3 5337.88 -65076.2 20302.53
7.24 268.52175 683.22553 45145.368 -59973.6 5113.81 -65087.4 20122.554
7.25 271.9986 -761.50947 45998.186 -59600.9 5180.02 -64780.9 20395.131
7.26 283.2565 293.2959 45488.277 -60053.5 5394.42 -65447.9 20279.537
7.27 268.3234 -189.92721 45796.818 -59748.1 5110.03 -64858.2 20353.062
7.28 284.41368 773.82352 45187.937 -59870.7 5416.46 -65287.2 20200.958
7.29 276.67646 -367.0455 45889.588 -59607.6 5269.11 -64876.7 20426.487
7.3 272.91474 -307.9174 45731.239 -59966 5197.47 -65163.4 20397.37
7.31 282.02405 66.528778 45529.395 -59639.6 5370.95 -65010.6 20381.395
7.32 271.41121 -67.224589 45615.271 -60099.4 5168.84 -65268.3 20447.538
7.33 285.71645 493.09613 45431.236 -59765.3 5441.27 -65206.6 20451.593
7.34 279.20227 -100.45851 45451.766 -59894.7 5317.21 -65211.9 20467.767
7.35 267.894 -687.54465 45535.079 -60262.1 5101.85 -65363.9 20508.582
7.36 264.85716 56.823256 45641.648 -60017.3 5044.02 -65061.3 20551.583
7.37 283.90811 721.92477 45420.497 -59657.6 5406.83 -65064.5 20532.006
7.38 271.57065 386.53841 45487.154 -59916.2 5171.87 -65088.1 20571.72
7.39 276.12987 893.2942 45747.215 -59862.4 5258.7 -65121.1 20680.546
7.4 269.53651 662.86841 45177.66 -60177.2 5133.13 -65310.4 20520.806
7.41 276.2231 361.32284 45446.126 -59904.6 5260.48 -65165.1 20635.509
7.42 279.98664 -213.04493 45675.884 -59724.1 5332.15 -65056.2 20686.674
7.43 276.3801 50.618779 45465.185 -59923.7 5263.47 -65187.2 20613.854
7.44 269.15249 55.051415 45859.721 -60030.5 5125.82 -65156.3 20768.523
7.45 260.81287 -89.791847 45548.58 -60225.9 4967 -65192.9 20725.469
7.46 280.99271 265.83894 45399.804 -59681.2 5351.31 -65032.5 20693.433
7.47 268.64605 68.089733 45623.221 -59636.7 5116.18 -64752.9 20803.447
7.48 276.92759 -19.647748 45738.462 -59891.5 5273.89 -65165.4 20844.92
7.49 270.69475 -446.42037 45926.695 -59760.8 5155.19 -64916 20898.802
7.5 270.42148 128.41563 45672.948 -60057.8 5149.99 -65207.8 20898.147
7.51 273.95841 148.44741 45531.504 -59667.3 5217.35 -64884.7 20913.228
7.52 268.04617 454.31686 45424.914 -60164.5 5104.75 -65269.3 20879.578
7.53 268.1266 259.8392 45714.528 -59827.5 5106.28 -64933.8 20987.911
7.54 258.23926 -920.37655 45842.744 -60124.8 4917.99 -65042.7 21094.61
7.55 267.78042 -722.49863 45859.131 -59841.9 5099.69 -64941.6 21135.752
7.56 275.58362 712.35746 45325.192 -59923.2 5248.3 -65171.5 20993.154
7.57 281.98917 -529.32755 46156.564 -60001 5370.29 -65371.3 21276.17
7.58 274.18793 -135.20035 45734.138 -59553.8 5221.72 -64775.5 21195.322
7.59 268.81448 -497.32868 45813.99 -60056.4 5119.38 -65175.8 21195.176
7.6 289.44316 -102.33763 45922.865 -59467.9 5512.24 -64980.2 21302.492
7.61 269.7104 -781.98705 46015.551 -60076.2 5136.45 -65212.7 21352.732
7.62 280.3926 -141.56765 45922.064 -59584.1 5339.88 -64924 21307.345
7.63 271.08385 665.29116 45498.317 -60001.2 5162.6 -65163.8 21229.6
7.64 270.5694 -195.8158 45432.16 -60052.8 5152.8 -65205.6 21268.923
7.65 276.87887 110.49648 45980.894 -59801.4 5272.96 -65074.3 21442.682
7.66 272.20064 -171.59712 45590.145 -59989.5 5183.87 -65173.4 21336.769
7.67 275.56912 65.860372 45736.056 -59855.1 5248.02 -65103.1 21394.443
7.68 270.56786 -356.10092 45461.254 -60098.8 5152.78 -65251.6 21280.742
7.69 276.15828 -194.85696 45639.71 -59852.4 5259.24 -65111.6 21369.354
7.7 263.38653 -260.70526 45426.944 -60093.3 5016.01 -65109.3 21331.5
7.71 265.76806 281.00762 45341.185 -60282.2 5061.37 -65343.6 21316.576
7.72 269.90471 -223.33994 45489.037 -59935.4 5140.15 -65075.5 21380.491
7.73 266.97898 -265.25748 45737.507 -60194.1 5084.43 -65278.5 21458.493
7.74 264.09058 -301.93739 45576.383 -60144.4 5029.42 -65173.8 21413.342
7.75 280.49405 -227.19939 45967.771 -59961.3 5341.81 -65303.1 21527.402
7.76 282.06748 -675.44085 45782.047 -59971.3 5371.78 -65343.1 21483.828
7.77 269.99673 190.42847 45556.439 -60079.9 5141.9 -65221.8 21439.991
7.78 286.45109 447.30196 45587.269 -59642.5 5455.26 -65097.8 21452.633
7.79 269.77974 -711.92027 45815.098 -60152 5137.77 -65289.7 21554.26
7.8 282.52204 83.223136 45663.34 -60115.3 5380.43 -65495.8 21521.219
7.81 265.64266 -413.13995 45851.802 -59924.9 5058.98 -64983.9 21572.392
7.82 268.20452 568.79936 45475.262 -59820.2 5107.77 -64927.9 21499.124
7.83 274.69141 -658.881 45883.315 -59842.6 5231.31 -65073.9 21684.782
7.84 276.46326 131.03545 45498.453 -59573.2 5265.05 -64838.3 21631.353
7.85 265.01217 -509.97819 45364.692 -60051.7 5046.97 -65098.6 21598.308
7.86 277.05549 -612.92147 45851.821 -59770.4 5276.33 -65046.8 21807.345
7.87 286.70883 536.73778 45326.236 -59653.3 5460.17 -65113.5 21679.657
7.88 270.4863 194.90642 45537.538 -60132.3 5151.22 -65283.6 21803.341
7.89 267.23912 190.93437 45528.61 -59969.7 5089.38 -65059.1 21841.482
7.9 275.76703 -265.51488 45938.646 -59783.5 5251.79 -65035.3 22017.155
7.91 269.9789 228.5137 45585.403 -59747.1 5141.56 -64888.6 21970.571
7.92 271.27624 -460.43938 45682.365 -59829.6 5166.27 -64995.8 22020.832
7.93 270.15027 -466.21578 46003.113 -60149 5144.82 -65293.8 22104.698
7.94 281.79465 1054.9162 45368.646 -59461 5366.58 -64827.6 21881.535
7.95 276.91505 -452.06025 45876.283 -59787.2 5273.65 -65060.8 22057.848
7.96 270.92586 326.15136 45492.644 -60449.4 5159.59 -65609 21923.03
7.97 272.33189 72.025937 45673.75 -59910.9 5186.37 -65097.2 22014.447
7.98 267.56081 748.40379 45368.449 -60015.4 5095.51 -65110.9 21940.545
7.99 277.5716 -791.94721 45774.559 -59791.4 5286.16 -65077.6 22125.971
8 267.4529 -135.01902 45564.163 -60266.3 5093.45 -65359.8 22051.271
8.01 276.88892 -636.45066 46149.591 -59643 5273.16 -64916.1 22298.325
8.02 268.44282 -537.45286 45682.195 -59884 5112.31 -64996.3 22139.207
8.03 278.52939 -88.867591 46102 -59273.9 5304.4 -64578.2 22357.662
8.04 273.50089 -433.86397 45620.9 -59966.5 5208.63 -65175.1 22207.298
8.05 275.07706 78.772007 45617.615 -59679.7 5238.65 -64918.4 22209.367
8.06 264.16375 169.88625 45631.52 -60153.6 5030.81 -65184.4 22249.727
8.07 274.0168 378.64645 45410.923 -59913.5 5218.46 -65132 22236.123
8.08 266.77561 657.83714 45290.833 -59954.7 5080.55 -65035.2 22195.8
8.09 272.84773 -284.72853 45956.19 -59682.8 5196.19 -64879 22458.513
8.1 276.22164 -41.450092 45666.286 -59663.9 5260.45 -64924.4 22407.056
8.11 278.50824 -792.5672 45864.774 -59725.8 5303.99 -65029.8 22482.023
8.12 277.85232 570.60893 45610.542 -59546.3 5291.5 -64837.8 22453.652
8.13 271.75681 -688.1966 45804.147 -59954.5 5175.42 -65130 22552.908
8.14 267.64864 454.82883 45460.48 -59857.4 5097.18 -64954.6 22488.686
8.15 273.87345 -464.32202 45870.709 -59853.5 5215.73 -65069.3 22675.115
8.16 270.955 -310.77218 45832.579 -60098.9 5160.15 -65259.1 22703.527
8.17 279.18569 -33.691916 45824.944 -59750.6 5316.9 -65067.5 22753.305
8.18 269.81902 39.218978 45791.954 -60076.6 5138.51 -65215.1 22743.62
8.19 287.06622 35.43475 45775.495 -59782.3 5466.98 -65249.3 22777.319
8.2 273.76791 -240.69832 45591.584 -60053.5 5213.72 -65267.2 22765.031
8.21 279.75593 417.90442 45608.282 -60068.4 5327.76 -65396.1 22798.084
8.22 269.87505 -44.625606 45500.914 -60048.6 5139.58 -65188.2 22826.085
8.23 272.93981 291.22394 45417.799 -60006.1 5197.95 -65204 22809.977
8.24 266.43037 -18.285241 45756.754 -59867.2 5073.98 -64941.2 22942.508
8.25 266.64708 397.57549 45597.64 -60082.3 5078.11 -65160.4 22902.051
8.26 277.63552 108.78197 45306.336 -59870.2 5287.37 -65157.6 22807.925
8.27 275.20981 -184.13847 45786.702 -59591.2 5241.18 -64832.4 23017.558
8.28 275.55562 -274.37161 45859.967 -59987.5 5247.76 -65235.2 23022.96
8.29 273.93881 361.39748 45604.698 -59885.3 5216.97 -65102.2 22987.367
8.3 269.87912 -503.98143 45774.13 -59893 5139.66 -65032.7 23064.076
8.31 274.22867 -350.52616 45677.152 -59887.4 5222.49 -65109.9 23041.047
8.32 274.10642 240.05685 45717.746 -59657.9 5220.16 -64878 23045.071
8.33 275.32977 756.33317 45203.784 -60042.8 5243.46 -65286.3 22883.345
8.34 277.53087 6.5972838 45753.259 -59707.8 5285.38 -64993.2 23104.222
8.35 271.29228 841.36052 45215.944 -59898.1 5166.57 -65064.7 22929.234
8.36 279.17594 -262.96476 45918.319 -60014.1 5316.71 -65330.8 23218.604
8.37 276.53752 109.12613 45727.682 -59521.9 5266.46 -64788.3 23210.272
8.38 281.09225 420.33996 45349.333 -59939.5 5353.2 -65292.7 23123.61
8.39 264.57296 -790.71578 45794.454 -59955.9 5038.61 -64994.5 23293.26
8.4 267.85614 -89.766364 45662.415 -59725.7 5101.13 -64826.8 23264.736
8.41 275.6749 48.815947 45410.693 -60032.8 5250.04 -65282.9 23204.734
8.42 278.88788 -624.84434 45858.446 -59681.5 5311.22 -64992.8 23357.306
8.43 270.8281 131.35212 45374.155 -59833.3 5157.73 -64991.1 23229.043
8.44 263.46277 -392.32003 45743.329 -60266.5 5017.46 -65284 23381.658
8.45 281.72654 -57.517351 45541.47 -59826.4 5365.28 -65191.7 23392.979
8.46 267.64887 -205.10146 45755.73 -60071 5097.19 -65168.2 23492.467
8.47 284.17839 62.764321 45787.08 -59644.6 5411.98 -65056.5 23528.444
8.48 257.87387 -607.7222 46089.596 -60098.3 4911.03 -65009.3 23664.393
8.49 270.34676 -557.87802 45844.46 -59726.9 5148.56 -64875.5 23590.43
8.5 273.09552 -108.82448 45839.928 -59908.2 5200.91 -65109.2 23606.543
8.51 282.3667 -305.32651 46098.706 -59807 5377.48 -65184.5 23699.7
8.52 271.09911 506.57323 45543.215 -59934.9 5162.89 -65097.8 23527.206
8.53 270.06195 -119.78427 45514.273 -59991.1 5143.14 -65134.2 23557.587
8.54 278.81491 804.1623 45679.646 -59452.4 5309.83 -64762.2 23633.306
8.55 272.83057 -568.49986 45599.942 -60062.1 5195.87 -65258 23653.53
8.56 282.31911 329.77777 45758.967 -59649.1 5376.57 -65025.7 23743.651
8.57 274.39813 -210.65661 45564.766 -59742.2 5225.72 -64967.9 23706.88
8.58 275.92155 -455.03612 45713.411 -59827 5254.73 -65081.7 23792.28
8.59 272.15861 -91.497797 45655.558 -59994 5183.07 -65177 23793.415
8.6 262.72061 419.04028 45495.611 -60034 5003.33 -65037.3 23729.852
8.61 284.03808 13.528697 45592.13 -59818.7 5409.31 -65228 23809.957
8.62 280.75977 -176.05144 45639.221 -60114.3 5346.87 -65461.2 23823.641
8.63 276.47059 -368.33203 45646.085 -59782.8 5265.19 -65048 23797.798
8.64 275.58698 276.59748 45595.617 -59927.5 5248.36 -65175.9 23793.4
8.65 270.17489 -188.06964 45660.301 -60340.3 5145.29 -65485.6 23888.383
8.66 276.35784 -715.39241 45940.388 -59886.8 5263.04 -65149.8 23998.136
8.67 272.29481 -504.20377 45781.149 -59960.4 5185.66 -65146.1 23966.75
8.68 266.91292 -213.70908 45567.814 -60203.3 5083.17 -65286.4 23923.649
8.69 282.92375 -16.807533 45594.37 -59762.9 5388.08 -65151 23941.951
8.7 278.76728 211.66336 45647.4 -59859.5 5308.93 -65168.5 24014.693
8.71 266.44929 -537.34992 45512.829 -60347.9 5074.34 -65422.3 23983.39
8.72 275.90528 -842.44926 45920.5 -59882.6 5254.42 -65137.1 24173.964
8.73 278.24281 420.15358 45409.969 -59678.8 5298.94 -64977.7 24061.972
8.74 272.24288 -534.80697 45745.258 -60075.6 5184.68 -65260.3 24203.396
8.75 272.57367 -37.849894 45604.611 -59733.7 5190.97 -64924.7 24225.566
8.76 271.0428 -80.348786 45619.294 -59809.4 5161.82 -64971.2 24260.178
8.77 260.25247 -570.82143 45691.016 -60049.5 4956.33 -65005.8 24295.252
8.78 266.71484 31.664763 45816.983 -60116.2 5079.4 -65195.6 24339.386
8.79 272.42781 -198.1763 45642.591 -59896.2 5188.2 -65084.4 24304.492
8.8 284.6323 -890.93548 46003.684 -59754.6 5420.62 -65175.2 24448.658
8.81 278.56212 236.67709 45526.203 -60157.9 5305.02 -65462.9 24286.172
8.82 275.45557 -294.98191 45843.322 -59915.3 5245.86 -65161.2 24408.352
8.83 281.89568 194.70668 45520.28 -59966.8 5368.51 -65335.4 24269.961
8.84 275.88951 249.76791 45528.553 -59504.4 5254.12 -64758.5 24308.52
8.85 279.09532 -430.41738 45826.738 -59965.6 5315.17 -65280.7 24432.35
8.86 290.76902 -66.922845 45801.634 -59201.9 5537.49 -64739.4 24464.109
8.87 275.81661 -38.589243 45778.349 -59834.5 5252.73 -65087.2 24473.406
8.88 272.22931 5.1399979 45620.645 -59906.6 5184.42 -65091.1 24440.551
8.89 273.87216 140.83104 45634.71 -59802.1 5215.7 -65017.8 24475.929
8.9 277.55098 483.75167 45276.894 -59972.3 5285.76 -65258 24395.982
8.91 267.87597 106.94401 45476.319 -59759.5 5101.51 -64861 24506.65
8.92 263.45276 -93.170685 45654.484 -60472.9 5017.27 -65490.2 24560.178
8.93 266.62337 -234.62463 45808.147 -60225.3 5077.66 -65303 24657.662
8.94 267.1072 -226.60743 45884.642 -59985.2 5086.87 -65072 24710.558
8.95 274.07079 297.50556 45686.873 -59882 5219.49 -65101.5 24653.703
8.96 272.89654 341.50611 45371.205 -60056.3 5197.12 -65253.4 24612.985
8.97 264.58681 -237.44037 45733.999 -59962.3 5038.87 -65001.2 24767.307
8.98 275.41924 141.9246 45808.804 -59956.2 5245.17 -65201.3 24814.931
8.99 280.65672 137.01099 45603.451 -59916.6 5344.91 -65261.5 24811.938
9 277.66802 11.129726 45360.819 -59805 5287.99 -65093 24705.075
9.01 265.91275 -237.50388 45702.645 -60187.7 5064.12 -65251.8 24871.522
9.02 268.7827 682.28012 45372.875 -59819 5118.78 -64937.8 24765.963
9.03 271.05214 129.73521 45727.884 -60150.6 5162 -65312.6 24912.345
9.04 271.35975 451.52587 45524.465 -59930.7 5167.86 -65098.6 24878.582
9.05 278.95128 -43.690847 45856.76 -59547.3 5312.43 -64859.7 25005.058
9.06 264.6334 -5.2603258 45642.157 -60188.3 5039.76 -65228 24888.932
9.07 265.44108 -339.38399 45768.249 -59927.6 5055.14 -64982.7 24955.186
9.08 273.45257 -511.79711 45646.45 -59489.7 5207.71 -64697.4 24905.61
9.09 278.97953 111.5724 45538.895 -59811 5312.97 -65124 24879.386
9.1 266.9646 24.782575 45628.159 -60064.2 5084.15 -65148.3 24903.562
9.11 269.172 489.87856 45710.794 -60202.1 5126.19 -65328.3 24967.212
9.12 277.06564 -124.30332 45721.887 -59765.4 5276.52 -65041.9 24968.749
9.13 275.99997 1006.9123 45173.902 -60161.3 5256.23 -65417.5 24786.641
9.14 274.34115 93.623901 45495.662 -59965 5224.64 -65189.6 24941.222
9.15 271.97034 -156.689 45319.307 -59772.8 5179.48 -64952.3 24884.642
9.16 271.81414 -130.68811 45275.685 -60047.3 5176.51 -65223.8 24914.391
9.17 279.84117 -460.15699 45688.741 -59699.1 5329.38 -65028.5 25077.846
9.18 268.98998 79.756516 45513.152 -59818.8 5122.73 -64941.6 25047.172
9.19 285.19338 96.665634 45847.019 -59556.6 5431.31 -64987.9 25231.902
9.2 267.2689 -268.63255 45584.747 -60052.9 5089.95 -65142.9 25171.952
9.21 281.43057 163.03051 45805.642 -59856.2 5359.65 -65215.9 25247.206
9.22 280.17284 218.44586 45537.888 -59528.6 5335.7 -64864.3 25170.916
9.23 268.65018 637.32206 45523.28 -59921.2 5116.25 -65037.5 25182.569
9.24 277.51881 194.48662 45747.259 -59749.1 5285.15 -65034.3 25278.475
9.25 269.68305 247.48043 45543.27 -60027.3 5135.92 -65163.2 25251.665
9.26 261.68919 -634.33309 45900.369 -59929.1 4983.69 -64912.8 25350.624
9.27 264.32825 -247.78954 45615.211 -59993 5033.95 -65026.9 25258.924
9.28 280.44025 332.375 45566.846 -59665.1 5340.79 -65005.9 25279.867
9.29 278.71002 -570.39837 45836.028 -59713.4 5307.84 -65021.2 25428.228
9.3 269.63255 -496.29112 46171.111 -59872.2 5134.96 -65007.1 25592.88
9.31 270.3546 388.9531 45649.934 -59997.4 5148.71 -65146.1 25471.014
9.32 280.27294 693.88789 45495.696 -59615.5 5337.6 -64953.1 25489.501
9.33 278.47492 -337.39672 45751.575 -59719.4 5303.36 -65022.8 25601.823
9.34 282.28899 -251.19599 45537.765 -59833 5376 -65209 25537.659
9.35 266.91578 -310.51168 45753.831 -59766.4 5083.22 -64849.6 25653.574
9.36 267.45177 -73.864196 45517.021 -60106.8 5093.43 -65200.3 25573.083
9.37 268.72319 -1063.4525 45846.622 -59741 5117.64 -64858.7 25754.756
9.38 276.42483 354.93389 45279.527 -59989.4 5264.32 -65253.7 25609.321
9.39 275.53024 321.16429 45751.738 -59705.5 5247.28 -64952.8 25788.425
9.4 273.76835 128.88048 45560.275 -59978.5 5213.73 -65192.2 25728.492
9.41 275.07848 -318.98703 46180.037 -60052.3 5238.68 -65291 25934.761
9.42 269.04045 -12.460286 45680.225 -59783 5123.69 -64906.6 25730.57
9.43 276.69511 -22.82027 45533.503 -59841.5 5269.46 -65111 25734.743
9.44 275.38038 -128.40741 45413.221 -59524.5 5244.43 -64769 25739.264
9.45 275.46647 -84.27328 45688.507 -59883.9 5246.07 -65130 25873.794
9.46 271.91089 -529.70951 45972.752 -60055.5 5178.35 -65233.8 25989.408
9.47 263.26468 -200.89148 45614.154 -60190.9 5013.69 -65204.6 25862.3
9.48 276.37261 -214.41972 45770.604 -59943.2 5263.32 -65206.5 25926.25
9.49 275.17897 -740.73697 45624.943 -59921.7 5240.59 -65162.3 25936.67
9.5 270.95817 -259.05207 45844.69 -59668.8 5160.21 -64829 26052.611
9.51 271.21698 -265.93474 45613.959 -59785.6 5165.14 -64950.8 26021.195
9.52 274.13031 -333.9172 45753.47 -59932.2 5220.62 -65152.9 26097.439
9.53 273.24389 291.59321 45546.374 -59896 5203.74 -65099.8 26031.496
9.54 263.03877 423.70611 46025.162 -59981.3 5009.39 -64990.7 26226.373
9.55 256.96664 11.310896 45350.631 -60137.4 4893.75 -65031.1 25976.044
9.56 262.56923 86.556243 45772.475 -59943.9 5000.45 -64944.3 26153.671
9.57 271.67696 781.26103 45424.263 -59856.6 5173.9 -65030.5 26042.025
9.58 275.37597 16.563034 45630.814 -59836.7 5244.34 -65081 26155.478
9.59 279.59019 169.66988 45718.041 -59516.6 5324.6 -64841.2 26239.555
9.6 266.99725 -649.04338 45965.455 -59894.8 5084.78 -64979.5 26374.429
9.61 271.4034 267.62304 45430.925 -60032.2 5168.69 -65200.9 26216.489
9.62 281.41714 -241.41505 45689.859 -59510.7 5359.39 -64870.1 26337.76
9.63 270.88966 67.219564 45548.869 -60009.5 5158.9 -65168.4 26306.086
9.64 264.39207 206.00696 45657.29 -59951.4 5035.16 -64986.6 26405.711
9.65 288.44922 -275.83123 45540.782 -59299.5 5493.31 -64792.8 26397.474
9.66 275.33306 166.41979 45644.036 -59770 5243.53 -65013.5 26519.478
9.67 273.31364 83.195536 45619.419 -59870.4 5205.07 -65075.5 26503.633
9.68 267.46827 206.83165 45511.603 -60141.4 5093.75 -65235.1 26486.195
9.69 281.48925 364.42649 45621.939 -59687.8 5360.77 -65048.6 26561.593
9.7 278.74205 -502.0655 45704.492 -59730.4 5308.45 -65038.9 26625.801
9.71 274.57043 -584.44437 45965.648 -60052.6 5229 -65281.6 26732.467
9.72 266.0572 156.91033 45536.939 -59990.3 5066.87 -65057.2 26625.893
9.73 282.0998 -183.86926 45601.81 -59647.7 5372.39 -65020.1 26749.698
9.74 274.7166 -501.7986 45823.223 -59918.3 5231.79 -65150.1 26871.817
9.75 268.29331 -303.07561 45694.948 -60103.1 5109.46 -65212.6 26849.741
9.76 276.98256 296.17577 45407.987 -59766.3 5274.94 -65041.2 26735.637
9.77 270.25589 -34.427894 45463.894 -60011.7 5146.83 -65158.6 26749.202
9.78 272.36499 -781.11671 45534.612 -59882.9 5187 -65069.9 26797.247
9.79 273.03299 660.96214 45444.442 -59569.7 5199.72 -64769.4 26779.649
9.8 272.40448 151.59902 45446.156 -59973.2 5187.75 -65161 26804.174
9.81 273.63731 -291.67774 45760.679 -59666.4 5211.23 -64877.6 26930.462
9.82 270.0013 -164.38962 45684.084 -59771.4 5141.99 -64913.4 26899.75
9.83 260.25823 136.15819 45264.779 -60368 4956.44 -65324.5 26787.503
9.84 272.0915 253.75826 45507.917 -59773.9 5181.79 -64955.7 26930.071
9.85 274.14267 901.10316 45437.357 -59704.7 5220.86 -64925.5 26928.252
9.86 280.18595 -679.43028 45837.708 -59643.3 5335.95 -64979.2 27117.057
9.87 278.96416 79.036872 45540.824 -59742 5312.68 -65054.6 27094.387
9.88 277.3026 -193.89938 45636.589 -59731.7 5281.03 -65012.8 27190.241
9.89 276.32286 -16.602378 45319.366 -59874.8 5262.38 -65137.2 27078.16
9.9 269.04655 -467.11086 45612.785 -59991.1 5123.8 -65114.9 27232.586
9.91 275.3983 561.66512 45556.708 -59761.3 5244.77 -65006.1 27191.871
9.92 274.01091 9.473064 45642.211 -59850 5218.35 -65068.3 27309.768
9.93 274.1124 -432.70736 45699.212 -60122.5 5220.28 -65342.8 27317.545
9.94 265.41072 -126.22998 45586.091 -60217.8 5054.56 -65272.3 27357.019
9.95 270.44573 772.88969 45587.128 -59940.3 5150.45 -65090.7 27405.092
9.96 271.29405 -194.69299 45647.261 -59960.2 5166.61 -65126.8 27439.081
9.97 273.30633 477.10909 45702.555 -60275.7 5204.93 -65480.7 27511.36
9.98 273.14428 -682.48136 45840.717 -59894.7 5201.84 -65096.6 27568.608
