0 259.34605 -485.47355 21704.497 -29875.8 2325.6 -32201.4 5.0479288
0.01 279.15885 -242.7573 21868.847 -29596.8 2503.26 -32100.1 17.295035
0.02 255.02636 198.55644 21724.788 -29947.3 2286.86 -32234.2 25.888095
0.03 270.85778 -162.90867 21757.329 -29706.6 2428.82 -32135.4 36.272923
0.04 267.03091 -688.52072 21857.795 -29845.8 2394.51 -32240.3 46.658235
0.05 277.24795 -531.32558 21897.835 -29794.7 2486.13 -32280.9 56.966573
0.06 271.62796 61.523313 21790.485 -30051.1 2435.73 -32486.8 64.887602
0.07 285.12292 732.23716 21727.478 -29674.9 2556.74 -32231.6 73.242533
0.08 275.0099 -179.87298 21800.546 -29805.7 2466.06 -32271.8 81.426227
0.09 282.60006 249.12087 21816.395 -29563.6 2534.12 -32097.7 90.477852
0.1 286.44626 827.55886 21740.199 -29538.1 2568.61 -32106.7 98.703371
0.11 274.4902 151.65456 21912.557 -29810.4 2461.4 -32271.8 109.26377
0.12 281.94989 741.11042 21672.043 -29476.7 2528.29 -32005 119.61864
0.13 256.72849 514.07957 21648.149 -29739.8 2302.13 -32041.9 127.56167
0.14 267.04045 188.90134 21767.758 -29646.9 2394.59 -32041.5 138.27947
0.15 271.40894 -350.6 21786.407 -29425.6 2433.77 -31859.4 148.5159
0.16 273.95117 -108.61169 21840.977 -29408.2 2456.56 -31864.8 158.02228
0.17 274.82701 -124.96607 21813.789 -29446.9 2464.42 -31911.4 170.22765
0.18 264.53881 -355.0693 21807.04 -29442.4 2372.16 -31814.6 182.49026
0.19 262.86641 169.23324 21692.2 -29285 2357.16 -31642.1 200.88407
0.2 274.8489 -801.75167 21845.137 -29270.7 2464.61 -31735.3 217.01463
0.21 264.97129 279.13491 21705.224 -29313.2 2376.04 -31689.3 231.8663
0.22 269.65988 -318.31846 21825.916 -29124.1 2418.08 -31542.2 251.46153
0.23 259.667 70.026933 21593.771 -29380.3 2328.48 -31708.8 266.06743
0.24 263.35286 -455.31215 21839.062 -29525.1 2361.53 -31886.6 279.75362
0.25 295.66212 489.34212 21819.313 -29160.8 2651.25 -31812.1 294.69548
0.26 273.22475 557.46617 21719.019 -29422.5 2450.05 -31872.5 309.09854
0.27 282.15089 701.79196 21916.044 -29443.1 2530.09 -31973.2 316.49263
0.28 270.14436 -331.36729 21765.393 -29660.1 2422.43 -32082.5 326.91512
0.29 274.16999 648.58047 21575.674 -29459.9 2458.53 -31918.4 330.69378
0.3 262.81477 202.99995 21810.17 -29759.3 2356.7 -32116 337.18307
0.31 272.18896 -554.97374 21860.587 -29389.4 2440.76 -31830.2 360.29341
0.32 279.61908 511.35315 21583.502 -29108.1 2507.39 -31615.5 367.70005
0.33 277.80896 491.9935 21623.569 -29195 2491.16 -31686.2 388.84196
0.34 269.93705 977.3568 21442.671 -29188.6 2420.57 -31609.2 393.44477
0.35 270.88386 281.34093 21622.18 -29354.6 2429.06 -31783.7 410.10013
0.36 265.26446 690.85889 21562.831 -29324.4 2378.67 -31703.1 415.38239
0.37 266.76202 -468.34168 21841.534 -29127 2392.1 -31519.1 428.97307
0.38 273.5205 -463.3067 21658.977 -29103.1 2452.7 -31555.8 442.04454
0.39 274.32775 -365.85712 21651.227 -29178 2459.94 -31637.9 451.83263
0.4 259.97151 -154.3983 21571.493 -29251.9 2331.21 -31583.1 466.70043
0.41 263.95761 211.99122 21664.834 -29301.4 2366.95 -31668.4 475.68381
0.42 271.87813 -359.07216 21771.162 -29206.8 2437.97 -31644.8 482.81885
0.43 274.92301 524.5695 21935.548 -29079.4 2465.28 -31544.7 493.51852
0.44 267.63145 155.49576 21897.178 -28945 2399.89 -31344.9 514.54906
0.45 269.55537 246.75037 21602.951 -29173.8 2417.15 -31591 522.01023
0.46 280.02453 -179.1378 21803.583 -28844.6 2511.02 -31355.6 543.50192
0.47 267.6254 952.18118 21696.701 -29038.4 2399.84 -31438.3 562.15823
0.48 275.0428 273.78054 21583.477 -29145.6 2466.35 -31611.9 577.3903
0.49 269.31379 -619.36042 21946.448 -29320.9 2414.98 -31735.8 586.80313
0.5 256.94194 -1063.4983 21855.429 -29113.5 2304.04 -31417.5 591.23014
0.51 278.54445 92.756039 21755.646 -29286.2 2497.75 -31784 600.09211
0.52 272.61384 -288.55247 21872.598 -29281.2 2444.57 -31725.8 620.7718
0.53 284.55239 654.55402 21600.639 -28926.1 2551.63 -31477.7 633.18139
0.54 267.03818 -738.25553 21753.508 -29258.5 2394.57 -31653.1 639.26258
0.55 267.75107 -950.99956 21790.01 -29014.7 2400.97 -31415.6 656.12441
0.56 285.14817 173.86446 21624.134 -29138.3 2556.97 -31695.2 679.00895
0.57 272.14944 111.84223 21736.606 -28909.7 2440.41 -31350.1 702.7396
0.58 269.90691 -177.41318 21558.815 -28659.6 2420.3 -31079.9 717.01033
0.59 266.01381 -259.45536 21636.563 -28316.4 2385.39 -30701.8 738.95952
0.6 279.50976 -1400.6028 21445.083 -28133.6 2506.41 -30640 761.37919
0.61 256.39439 556.83387 21320.28 -28421 2299.13 -30720.1 789.28763
0.62 267.69495 25.920317 21474.878 -28419.2 2400.46 -30819.7 812.80107
0.63 267.63672 454.80366 21543.394 -28226 2399.94 -30625.9 841.0065
0.64 271.04941 1316.3271 21416.04 -28351.4 2430.54 -30781.9 881.23654
0.65 263.37155 -289.58399 21627.287 -28322.8 2361.69 -30684.5 941.13582
0.66 283.07823 407.85199 21405.851 -28393.1 2538.41 -30931.5 964.35199
0.67 267.38214 107.90878 21583.364 -28342.2 2397.66 -30739.8 1005.1413
0.68 278.84235 212.55234 21147.427 -28149.9 2500.42 -30650.4 1009.6726
0.69 256.50945 490.6114 21390.721 -28459.8 2300.16 -30760 1043.5366
0.7 261.03255 3.5018382 21510.24 -28404 2340.72 -30744.7 1062.9463
0.71 270.71092 411.7836 21468.108 -28145.5 2427.51 -30573 1083.857
0.72 271.45933 -214.33516 21460.832 -28321.1 2434.22 -30755.3 1120.2949
0.73 274.1841 24.072879 21591.688 -28201.8 2458.65 -30660.5 1148.783
0.74 264.49505 -142.4546 21512.521 -28465.1 2371.77 -30836.9 1181.4535
0.75 269.54497 634.54413 21534.756 -28491.6 2417.05 -30908.6 1212.2235
0.76 253.19146 164.73992 21293.33 -28623.9 2270.41 -30894.3 1252.4277
0.77 278.13989 693.13184 21344.628 -28211.4 2494.12 -30705.6 1286.4814
0.78 264.5193 -829.68541 21499.417 -28492 2371.99 -30863.9 1330.3736
0.79 283.66214 206.90604 21348.337 -28245.3 2543.64 -30788.9 1349.526
0.8 266.13464 400.6359 21556.649 -28415.6 2386.47 -30802.1 1380.3046
0.81 275.29681 -663.52622 21546.317 -28090.9 2468.63 -30559.5 1397.3927
0.82 267.30525 -229.70036 21471.465 -28470.8 2396.97 -30867.8 1420.7977
0.83 257.27796 -460.70253 21527.887 -28265.9 2307.05 -30572.9 1457.3951
0.84 267.53823 -155.17561 21443.639 -28421.6 2399.06 -30820.7 1481.5536
0.85 268.48748 -236.20248 21544.925 -28524.8 2407.57 -30932.4 1507.678
0.86 273.51772 -515.74929 21573.441 -28310.5 2452.68 -30763.1 1526.1923
0.87 282.50447 353.91352 21505.649 -28238.8 2533.26 -30772.1 1544.2559
0.88 276.15068 -246.37922 21520.072 -28105 2476.29 -30581.3 1589.8208
0.89 269.4168 395.08898 21426.821 -28338.8 2415.9 -30754.7 1613.4342
0.9 261.54707 -287.79984 21620.801 -28283.3 2345.33 -30628.7 1675.7768
0.91 280.74685 188.26214 21358.134 -28253.9 2517.5 -30771.4 1700.5742
0.92 282.36604 77.515662 21418.536 -28343.9 2532.02 -30875.9 1722.0055
0.93 282.62295 -394.00672 21398.568 -28350.1 2534.32 -30884.4 1744.8836
0.94 256.7453 273.98481 21627.652 -28450 2302.28 -30752.3 1777.6517
0.95 253.5273 -589.34105 21590.298 -28357.7 2273.42 -30631.1 1799.007
0.96 280.83383 424.86658 21355.639 -28290 2518.28 -30808.3 1832.6709
0.97 250.25612 -90.785119 21447.454 -28533 2244.09 -30777.1 1853.0476
0.98 269.13762 -469.23176 21757.388 -28178.8 2413.4 -30592.2 1904.9289
0.99 285.41822 -435.51602 21611.68 -28053.9 2559.39 -30613.3 1928.8884
1 263.85912 227.41614 21604.728 -28311.8 2366.07 -30677.9 1947.5459
1.01 256.44353 293.17535 21533.802 -28536.6 2299.57 -30836.2 1971.9823
1.02 265.14343 -491.8898 21561.322 -28365.8 2377.58 -30743.3 1982.8954
1.03 279.9775 -604.70608 21900.261 -28067.9 2510.6 -30578.5 2043.599
1.04 263.35005 1546.763 21192.93 -28422.5 2361.5 -30784 2015.8018
1.05 280.8468 -538.40715 21651.432 -28271.3 2518.4 -30789.7 2073.3839
1.06 269.04805 239.86388 21424.815 -28375 2412.6 -30787.6 2076.5247
1.07 273.07332 745.67052 21416.673 -28139.4 2448.69 -30588.1 2096.0965
1.08 264.02928 -35.103193 21593.167 -28325.1 2367.59 -30692.7 2131.4249
1.09 260.26517 320.71333 21267.968 -28321.2 2333.84 -30655 2141.6304
1.1 264.49895 676.79743 21322.688 -28547.9 2371.8 -30919.7 2142.2509
1.11 274.59099 351.38315 21344.92 -28259.9 2462.3 -30722.2 2179.6702
1.12 286.8638 -86.397039 21479.018 -28108.2 2572.35 -30680.6 2208.76
1.13 273.24878 -977.26821 21671.131 -28347.4 2450.27 -30797.6 2232.9196
1.14 279.5366 -658.10528 21526.082 -28227.1 2506.65 -30733.7 2250.0863
1.15 275.87965 219.90425 21533.309 -28344.5 2473.86 -30818.4 2288.9301
1.16 264.9509 -134.36301 21526.026 -28512.7 2375.86 -30888.5 2305.9352
1.17 269.82826 -701.40128 21516.598 -28169.4 2419.59 -30588.9 2312.3595
1.18 275.74292 -812.74988 21775.364 -28167 2472.63 -30639.7 2364.3393
1.19 265.21526 -102.94397 21603.062 -28440.1 2378.23 -30818.3 2367.7363
1.2 279.72579 762.55805 21518.916 -28102.6 2508.35 -30610.9 2375.8743
1.21 264.04918 -184.38228 21526.913 -28310.1 2367.77 -30677.9 2408.8349
1.22 251.77797 410.04075 21609.499 -28304.1 2257.73 -30561.9 2433.7381
1.23 263.84432 753.71577 21347.006 -28430 2365.93 -30796 2433.5176
1.24 266.35097 -630.99636 21618.027 -28316.1 2388.41 -30704.5 2454.7286
1.25 285.84342 -97.488317 21655.396 -28228.7 2563.2 -30791.9 2462.1031
1.26 271.56916 430.07615 21510.249 -28373.9 2435.2 -30809.1 2475.2406
1.27 274.01454 -130.62503 21519.969 -28355.1 2457.13 -30812.2 2498.3956
1.28 283.8111 -429.77299 21466.099 -28077 2544.98 -30622 2522.2215
1.29 262.62943 254.86636 21390.238 -28467.8 2355.04 -30822.8 2541.2066
1.3 263.66499 72.851747 21489.362 -28260.4 2364.33 -30624.7 2579.3756
1.31 276.47063 309.64577 21443.453 -28213.9 2479.16 -30693.1 2620.1168
1.32 266.63882 178.78871 21402.799 -28355.8 2390.99 -30746.8 2641.5845
1.33 252.22063 -799.91032 21551.754 -28575.6 2261.7 -30837.3 2676.3393
1.34 272.99255 625.50603 21233.5 -28269.6 2447.97 -30717.6 2677.4594
1.35 268.15388 436.76304 21599.679 -28128.7 2404.58 -30533.3 2723.5881
1.36 266.37982 47.418151 21318.014 -28500.9 2388.67 -30889.6 2733.8032
1.37 275.34596 -820.38718 21558.65 -28341.7 2469.07 -30810.8 2798.0282
1.38 269.54434 219.93816 21551.965 -28386.2 2417.05 -30803.2 2850.8233
1.39 269.20895 1071.3958 21366.467 -28094.9 2414.04 -30508.9 2865.5414
1.4 274.29887 632.43689 21356.708 -28096.2 2459.68 -30555.9 2884.9493
1.41 264.23221 -524.9949 21546.722 -28405.7 2369.41 -30775.1 2910.1918
1.42 275.35217 770.39154 21489.391 -28138.4 2469.13 -30607.5 2944.4647
1.43 255.21949 222.56883 21446.267 -28430.2 2288.59 -30718.8 2981.4621
1.44 275.21367 -220.32099 21463.574 -28358.2 2467.88 -30826.1 3004.4364
1.45 277.20127 349.49703 21393.4 -28244.4 2485.71 -30730.1 3028.9046
1.46 253.5955 -285.57502 21363.963 -28648.5 2274.03 -30922.5 3062.3227
1.47 274.37871 276.94625 21592.953 -28364.8 2460.4 -30825.2 3095.9625
1.48 276.69194 -149.67071 21340.821 -28295.9 2481.14 -30777 3082.8665
1.49 262.75432 215.0717 21403.012 -28526.4 2356.16 -30882.6 3114.7938
1.5 267.00684 551.00924 21311.068 -28435.5 2394.29 -30829.8 3116.9369
1.51 280.68182 -326.29919 21581.913 -28377.1 2516.92 -30894 3181.1223
1.52 278.10695 76.993732 21490.186 -28124.6 2493.83 -30618.5 3204.8192
1.53 268.82014 -167.32364 21457.005 -28254.2 2410.55 -30664.8 3229.043
1.54 271.05608 126.23006 21370.622 -28203 2430.6 -30633.6 3231.5828
1.55 266.31617 -69.351724 21401.12 -28185.6 2388.1 -30573.7 3277.8351
1.56 266.69065 -606.18484 21517.087 -28319.1 2391.46 -30710.5 3309.119
1.57 273.14665 365.11595 21371.755 -28359.7 2449.35 -30809.1 3312.4948
1.58 266.31345 252.43846 21514.967 -28338.7 2388.08 -30726.8 3373.2711
1.59 268.85048 -67.54653 21859.748 -28308 2410.82 -30718.8 3421.7252
1.6 266.07767 -606.74759 21606.052 -28349.1 2385.96 -30735.1 3420.4496
1.61 258.88544 -110.00069 21532.056 -28462 2321.47 -30783.5 3473.7002
1.62 262.73465 -113.63306 21737.796 -28320.6 2355.98 -30676.6 3550.1734
1.63 260.38237 30.319479 21637.1 -28601.1 2334.89 -30935.9 3556.8283
1.64 264.09648 195.26729 21324.908 -28328.3 2368.2 -30696.5 3564.4592
1.65 281.11429 618.01984 21638.265 -28369.2 2520.8 -30890 3612.2229
1.66 268.75541 660.2607 21239.509 -28470.7 2409.97 -30880.7 3577.8216
1.67 261.80024 1370.9644 21486.209 -28608.1 2347.6 -30955.7 3647.9409
1.68 278.34152 445.89139 21293.189 -28170.2 2495.93 -30666.1 3664.3336
1.69 281.0107 -338.49544 21325.789 -28270.3 2519.87 -30790.2 3690.642
1.7 261.20975 -240.96419 21518.223 -28368.9 2342.31 -30711.2 3737.6662
1.71 269.70539 224.53562 21469.443 -28168 2418.49 -30586.5 3766.0677
1.72 267.90121 725.93792 21361.298 -28446.2 2402.31 -30848.5 3776.4619
1.73 270.83896 144.01544 21449.857 -28310.2 2428.66 -30738.8 3784.4201
1.74 256.24798 621.20309 21306.66 -28490.2 2297.82 -30788 3798.3606
1.75 264.79374 1394.8769 21469.465 -28310.6 2374.45 -30685 3829.2213
1.76 269.29707 686.12797 21431.147 -28471 2414.83 -30885.8 3872.6375
1.77 273.87367 -143.57532 21545.419 -28337.1 2455.87 -30793 3897.3507
1.78 272.07948 190.37488 21419.94 -28337.7 2439.78 -30777.5 3917.4274
1.79 282.98095 721.02768 21276.382 -28076.2 2537.54 -30613.7 3918.0945
1.8 259.15904 -1140.5445 21766.694 -28483.2 2323.92 -30807.1 4019.4337
1.81 273.43142 -232.75904 21243.845 -28162 2451.9 -30613.9 3987.2602
1.82 261.31534 -95.066906 21482.01 -28259.5 2343.26 -30602.7 4055.7135
1.83 280.65995 -843.5116 21560.339 -28225.3 2516.72 -30742 4100.1363
1.84 265.7265 777.85418 21450.849 -28327.7 2382.81 -30710.5 4132.1557
1.85 285.32162 -309.09933 21821.406 -28157.4 2558.52 -30715.9 4208.5403
1.86 263.24706 -335.34998 21830.468 -28368.2 2360.58 -30728.8 4234.2212
1.87 272.29135 752.46499 21440.292 -28249.9 2441.68 -30691.5 4213.7356
1.88 263.30513 -414.73684 21589.898 -28347.4 2361.1 -30708.5 4238.8645
1.89 274.72184 -817.35217 21555.808 -28228.7 2463.47 -30692.1 4282.8304
1.9 256.3905 -278.87776 21508.301 -28496 2299.09 -30795.1 4304.457
1.91 270.12598 -364.34955 21542.147 -28326.9 2422.26 -30749.2 4339.81
1.92 253.523 -131.39236 21610.66 -28587.3 2273.38 -30860.7 4381.4386
1.93 262.03798 11.265054 21583.811 -28338.3 2349.74 -30688 4402.8542
1.94 265.16548 -325.89637 21366.373 -28368 2377.78 -30745.8 4414.0769
1.95 290.46257 626.83601 21462.714 -28102.1 2604.62 -30706.7 4475.9799
1.96 267.84514 -583.52965 21404.885 -28370.8 2401.81 -30772.6 4494.79
1.97 275.89877 -117.15639 21575.543 -28413.9 2474.03 -30887.9 4529.7047
1.98 265.59875 83.514288 21586.05 -28224.6 2381.67 -30606.3 4556.5215
1.99 268.86587 -80.885282 21551.502 -28324.9 2410.96 -30735.9 4575.2389
2 266.58567 759.509 21353.66 -28409.3 2390.52 -30799.9 4589.43
2.01 269.64275 508.40003 21453.878 -28268 2417.93 -30686 4617.8423
2.02 269.65094 856.04217 21433.946 -28130.8 2418 -30548.8 4624.7488
2.03 273.0583 -589.04233 21474.4 -28410.6 2448.56 -30859.2 4671.354
2.04 272.53696 -439.37014 21647.322 -28329.2 2443.88 -30773.1 4715.8897
2.05 280.42955 43.535395 21576.005 -28356.9 2514.66 -30871.5 4737.4454
2.06 272.61439 523.76501 21468.07 -28460.3 2444.58 -30904.8 4777.5401
2.07 262.14141 -430.50419 21512.322 -28479.8 2350.66 -30830.5 4830.5769
2.08 275.488 -375.30835 21646.53 -28161.6 2470.34 -30631.9 4872.8955
2.09 279.1671 114.48153 21497.986 -28241.7 2503.34 -30745.1 4882.6369
2.1 277.38249 345.44929 21491.945 -28332.9 2487.33 -30820.3 4923.0352
2.11 299.15872 484.06947 21443.888 -28147.9 2682.6 -30830.5 4942.2015
2.12 274.42731 232.20834 21492.147 -28315.7 2460.83 -30776.6 4969.2962
2.13 269.97248 321.85116 21489.732 -28487.9 2420.89 -30908.8 4981.1654
2.14 270.09783 1048.1333 21606.452 -28237.1 2422.01 -30659.1 5025.7789
2.15 273.02609 602.96624 21295.032 -28484.8 2448.27 -30933.1 5033.1998
2.16 271.36412 -1134.6756 21557.557 -28278.7 2433.37 -30712.1 5090.9531
2.17 278.14738 123.61501 21481.075 -28188.8 2494.19 -30683 5072.6266
2.18 273.59394 -87.144926 21638.995 -28374.9 2453.36 -30828.2 5128.3483
2.19 266.98834 54.769071 21430.67 -28506.2 2394.13 -30900.3 5131.7631
2.2 266.61513 -17.084541 21404.945 -28564.7 2390.78 -30955.5 5129.0483
2.21 269.05634 345.48695 21649.943 -28331 2412.67 -30743.7 5182.8382
2.22 273.12446 302.65044 21649.412 -28288.4 2449.15 -30737.6 5228.1535
2.23 276.49448 -489.0438 21585.888 -28516.3 2479.37 -30995.7 5223.7173
2.24 276.96435 -316.8873 21639.023 -28323.6 2483.58 -30807.2 5274.1116
2.25 256.3036 -378.33428 21578.273 -28388.3 2298.32 -30686.6 5295.0544
2.26 272.33891 97.585109 21369.639 -28243.7 2442.11 -30685.8 5283.185
2.27 276.07847 -363.32316 21493.17 -28173.3 2475.64 -30648.9 5350.2834
2.28 275.21025 274.43956 21481.243 -28282.1 2467.85 -30750 5381.3648
2.29 270.03718 -1003.298 21584.325 -28419.7 2421.47 -30841.2 5414.2933
2.3 282.12316 -76.52294 21599.002 -28224.9 2529.84 -30754.7 5419.4505
2.31 269.88958 -538.65893 21607.524 -28357.9 2420.14 -30778.1 5454.1404
2.32 269.25893 459.31777 21466.79 -28166.5 2414.49 -30580.9 5447.7923
2.33 269.19618 267.10522 21438.01 -28397.5 2413.92 -30811.4 5473.7554
2.34 277.21419 1797.197 21216.651 -28220.1 2485.82 -30706 5443.7525
2.35 260.5061 806.66445 21377.268 -28349.5 2336 -30685.5 5507.047
2.36 261.28667 453.62951 21369.214 -28310.1 2343 -30653.1 5519.6523
2.37 281.83419 586.22768 21451.888 -28242.1 2527.25 -30769.4 5565.0651
2.38 271.42034 458.22323 21309.988 -28385.7 2433.87 -30819.6 5574.3023
2.39 270.98599 -436.06873 21769.467 -28307.8 2429.97 -30737.8 5700.9445
2.4 264.43199 -834.07866 21594.818 -28475.1 2371.2 -30846.3 5696.0556
2.41 276.60755 -94.923663 21504.657 -28266.8 2480.38 -30747.1 5709.7051
2.42 268.29875 -585.24144 21679.07 -28446 2405.88 -30851.9 5785.7428
2.43 284.40359 303.90285 21801.983 -28089.7 2550.29 -30640 5802.6503
2.44 272.11142 -231.03068 21537.862 -28344 2440.07 -30784.1 5770.9676
2.45 263.23293 -664.56254 21464.923 -28279.9 2360.45 -30640.4 5776.6263
2.46 274.74247 267.00661 21349.235 -28267.7 2463.66 -30731.4 5786.9536
2.47 271.12739 -418.91275 21628.957 -28165.7 2431.24 -30597 5859.1988
2.48 259.01321 -305.63432 21429.084 -28430.9 2322.61 -30753.5 5843.4755
2.49 277.51689 1154.2865 21259.32 -28144.9 2488.54 -30633.5 5841.8726
2.5 270.35997 128.28981 21326.882 -28277.1 2424.36 -30701.4 5881.3952
2.51 273.54607 861.19703 21326.189 -28226 2452.93 -30678.9 5901.4252
2.52 267.33531 207.31318 21434.471 -28425.2 2397.24 -30822.5 5976.4131
2.53 266.79436 -643.29994 21414.675 -28347.3 2392.39 -30739.6 6013.8115
2.54 264.36981 -814.71162 21603.423 -28201.1 2370.65 -30571.7 6061.9929
2.55 262.74422 489.5232 21397.902 -28141.5 2356.07 -30497.6 6050.4312
2.56 268.21618 667.09874 21640.643 -28547.2 2405.14 -30952.4 6109.0338
2.57 263.84956 -516.37628 21708.05 -28274.2 2365.98 -30640.2 6145.1251
2.58 273.82079 72.272254 21473.855 -28428.8 2455.39 -30884.2 6135.6203
2.59 275.00339 -411.62095 21606.59 -28329.9 2466 -30795.9 6213.9846
2.6 284.18751 491.59928 21393.086 -28301.6 2548.35 -30849.9 6181.8685
2.61 267.5501 360.75863 21446.167 -28240.2 2399.16 -30639.3 6203.6372
2.62 274.03836 -113.79327 21516.278 -28305.3 2457.35 -30762.7 6211.3037
2.63 273.8173 -403.18064 21653.79 -28274.5 2455.36 -30729.9 6281.6946
2.64 260.67161 175.70425 21534.076 -28340.9 2337.48 -30678.4 6267.518
2.65 271.04494 444.3031 21489.532 -28204.7 2430.5 -30635.2 6268.4575
2.66 255.91643 -1286.7876 21601.178 -28468.3 2294.84 -30763.1 6330.9805
2.67 274.25491 -762.90815 21673.65 -28307.6 2459.29 -30766.9 6339.4226
2.68 271.16484 812.68242 21399.633 -28261.1 2431.58 -30692.7 6317.9763
2.69 276.35637 -155.54027 21380.676 -28165.5 2478.13 -30643.6 6352.1864
2.7 277.27818 318.16985 21356.132 -28381 2486.4 -30867.4 6353.0053
2.71 267.8322 -25.024319 21753.319 -28421.9 2401.69 -30823.6 6478.4446
2.72 271.54857 -103.80282 21624.614 -28344.3 2435.02 -30779.3 6495.7664
2.73 275.74661 -23.138105 21545.749 -28232.3 2472.66 -30705 6538.9711
2.74 262.17296 -541.85394 21564.724 -28439.2 2350.95 -30790.1 6587.0376
2.75 278.1633 339.06501 21522.411 -28376 2494.33 -30870.3 6587.5733
2.76 265.87788 -716.85485 21697.991 -28243.5 2384.17 -30627.7 6665.9112
2.77 257.91259 -163.64596 21518.792 -28423.8 2312.74 -30736.5 6650.6834
2.78 278.12366 486.34619 21393.556 -28339.9 2493.98 -30833.9 6620.6176
2.79 270.26432 -836.98145 21560.316 -28448.4 2423.5 -30871.9 6688.2944
2.8 281.89621 299.59951 21393.752 -28211.2 2527.81 -30739.1 6713.885
2.81 253.28634 421.78824 21308.48 -28644.1 2271.26 -30915.4 6702.4779
2.82 259.35951 15.194317 21496.795 -28338.1 2325.72 -30663.8 6753.5172
2.83 272.48855 -821.62912 21659.516 -28236.6 2443.45 -30680 6835.4203
2.84 275.16553 1441.4842 21312.585 -28404.3 2467.45 -30871.7 6789.4314
2.85 260.76949 -373.34274 21437.922 -28425.6 2338.36 -30763.9 6855.2718
2.86 270.64172 491.01713 21551.827 -28440.4 2426.89 -30867.3 6939.8985
2.87 276.8706 -1039.4609 21532.842 -28375.3 2482.74 -30858 6970.9393
2.88 282.81152 149.23511 21610.867 -28167.4 2536.02 -30703.4 6994.4385
2.89 271.25098 1339.8676 21181.295 -28305.1 2432.35 -30737.5 6916.5198
2.9 269.77677 171.52665 21366.146 -28288 2419.13 -30707.2 7016.2103
2.91 268.53957 361.31945 21246.175 -28570.9 2408.04 -30978.9 7024.015
2.92 267.34852 127.05552 21534.882 -28225.9 2397.36 -30623.3 7116.0714
2.93 275.40917 544.04485 21311.443 -28330 2469.64 -30799.7 7100.1121
2.94 274.71609 -685.30573 21628.219 -28204.1 2463.42 -30667.6 7181.0813
2.95 270.85517 -1142.0447 21464.064 -28161 2428.8 -30589.8 7152.3082
2.96 279.48583 174.07998 21303.147 -28442.7 2506.19 -30948.9 7134.0333
2.97 273.706 -165.28594 21359.724 -28253.8 2454.37 -30708.2 7171.1582
2.98 268.50894 125.20237 21591.02 -28254.2 2407.76 -30662 7257.5791
2.99 267.65342 -37.669535 21500.719 -28389.8 2400.09 -30789.9 7261.3373
3 277.82172 -611.72111 21448.856 -28262.8 2491.27 -30754.1 7235.8558
3.01 263.70086 909.232 21402.497 -28396.2 2364.65 -30760.8 7270.676
3.02 259.18681 406.99003 21409.146 -28432 2324.17 -30756.2 7293.183
3.03 268.91748 -251.12566 21551.074 -28370.9 2411.43 -30782.3 7382.7081
3.04 270.69417 411.69942 21514.82 -28144.9 2427.36 -30572.2 7428.907
3.05 262.84281 588.31468 21528.175 -28435.7 2356.95 -30792.6 7443.9795
3.06 278.2462 147.28674 21533.284 -28157.1 2495.08 -30652.1 7500.0746
3.07 271.24488 -424.83632 21385.996 -28371.6 2432.3 -30803.9 7482.5384
3.08 275.3198 -73.454975 21376.214 -28090.8 2468.84 -30559.6 7498.5651
3.09 261.78147 -361.61221 21552.652 -28503.1 2347.44 -30850.5 7545.9351
3.1 270.73601 401.97121 21437.232 -28260.1 2427.73 -30687.8 7561.811
3.11 270.85859 275.60647 21615.655 -28402.4 2428.83 -30831.2 7638.8361
3.12 270.18074 964.3842 21414.923 -28376.8 2422.75 -30799.5 7616.2024
3.13 260.43525 -274.90422 21661.278 -28608.6 2335.36 -30944 7714.7044
3.14 269.93799 -321.01438 21729.321 -28354 2420.58 -30774.6 7764.924
3.15 285.9303 247.13505 21347.754 -28133.5 2563.98 -30697.5 7692.4005
3.16 282.68913 1795.6646 21228.74 -28169.9 2534.92 -30704.9 7669.8798
3.17 264.87062 -105.69821 21468.245 -28419.9 2375.14 -30795.1 7736.8641
3.18 284.10443 435.18269 21504.898 -28261.8 2547.61 -30809.4 7769.7449
3.19 263.29274 521.97445 21405.394 -28453.5 2360.99 -30814.5 7754.1096
3.2 270.25723 -77.22757 21737.776 -28299.9 2423.44 -30723.3 7860.6797
3.21 266.49401 -104.13594 21426.804 -28435.5 2389.69 -30825.2 7792.5295
3.22 263.33704 -876.62298 21482.383 -28344 2361.39 -30705.4 7856.2933
3.23 264.33389 -464.64709 21761.667 -28455.4 2370.32 -30825.8 7958.9851
3.24 269.01106 -1382.4505 21612.643 -28288.8 2412.26 -30701.1 7950.3928
3.25 266.514 38.57428 21467.475 -28361.2 2389.87 -30751 7943.5437
3.26 290.91775 121.15105 21391.184 -28068.6 2608.71 -30677.3 7937.9899
3.27 264.94299 -292.98128 21378.085 -28348.6 2375.79 -30724.4 7983.6257
3.28 264.54347 607.42995 21361.278 -28535.2 2372.2 -30907.4 7990.1632
3.29 273.04486 -25.189424 21448.994 -28286 2448.44 -30734.4 8033.5219
3.3 260.76621 711.92947 21546.675 -28368.1 2338.33 -30706.5 8031.8515
3.31 291.57199 481.91729 21321.881 -28092.9 2614.57 -30707.5 7977.4579
3.32 275.79681 168.51158 21411.046 -28327.8 2473.11 -30800.9 8033.2612
3.33 266.84522 -451.83655 21579.267 -28465.7 2392.84 -30858.6 8101.2162
3.34 271.5047 161.63644 21435.625 -28241.9 2434.63 -30676.5 8078.2263
3.35 276.12724 259.30026 21517.42 -28112.5 2476.08 -30588.6 8102.3406
3.36 265.79765 -138.37692 21626.751 -28436.1 2383.45 -30819.5 8127.9669
3.37 271.7232 -150.29901 21628.585 -28421.7 2436.59 -30858.3 8177.1103
3.38 278.35992 -616.80868 21531.294 -28196.2 2496.1 -30692.3 8182.1999
3.39 267.06807 387.61131 21326.186 -28399.3 2394.84 -30794.1 8170.9672
3.4 271.15941 319.99195 21467.218 -28200.3 2431.53 -30631.8 8220.988
3.41 266.71293 -122.47583 21478.129 -28396.7 2391.66 -30788.4 8215.9582
3.42 263.01786 -1058.0787 21512.04 -28429.8 2358.52 -30788.3 8245.4404
3.43 278.88519 328.22719 21439.685 -28379.3 2500.81 -30880.1 8216.8399
3.44 263.07283 -389.48245 21628.534 -28378.4 2359.02 -30737.5 8299.4772
3.45 265.00356 -686.6145 21627.906 -28292.1 2376.33 -30668.4 8316.8277
3.46 260.66727 -50.603678 21460.769 -28462.3 2337.44 -30799.8 8306.8136
3.47 276.7238 -609.45978 21251.179 -28236.7 2481.43 -30718.1 8285.7492
3.48 271.57914 111.5881 21296.932 -28320.8 2435.29 -30756.1 8352.7577
3.49 273.92493 -515.96101 21572.877 -28232.3 2456.33 -30688.6 8427.0435
3.5 259.7096 450.87614 21423.617 -28352.1 2328.86 -30681 8423.4853
3.51 267.11292 -884.23475 21725.764 -28473.6 2395.24 -30868.8 8578.0261
3.52 270.77864 76.631313 21548.411 -28380.8 2428.12 -30808.9 8572.1209
3.53 280.77411 -433.70375 21513.427 -28246 2517.75 -30763.8 8622.4187
3.54 286.64628 -1229.6964 21620.328 -28320.5 2570.4 -30890.9 8643.825
3.55 268.90673 371.04948 21450.273 -28315.6 2411.33 -30727 8608.0364
3.56 278.98211 215.6214 21774.056 -28191.5 2501.68 -30693.2 8717.8004
3.57 264.71707 -341.70844 21444.633 -28473.8 2373.76 -30847.6 8665.6994
3.58 274.62955 467.45906 21312.896 -28419.7 2462.65 -30882.4 8645.4187
3.59 275.89195 -761.69423 21599 -28173.9 2473.97 -30647.8 8728.2589
3.6 271.77885 51.624319 21468.177 -28336.5 2437.08 -30773.6 8713.8378
3.61 266.42063 -542.91455 21448.754 -28354.5 2389.04 -30743.5 8755.1947
3.62 271.84733 -414.24669 21577.726 -28170 2437.7 -30607.7 8813.5745
3.63 275.70017 -782.81552 21657.024 -28244.9 2472.25 -30717.1 8865.0882
3.64 268.60679 377.389 21537.93 -28403.4 2408.64 -30812 8857.2745
3.65 265.9126 -1136.7056 21713.602 -28242.5 2384.48 -30627 8924.2063
3.66 282.97366 -286.33178 21594.679 -28089.3 2537.47 -30626.7 8944.7591
3.67 256.5884 452.47016 21309.935 -28401.3 2300.87 -30702.2 8897.2638
3.68 268.73076 170.74702 21548.461 -27990 2409.75 -30399.7 9009.8755
3.69 261.3979 527.71523 21492.344 -28398.6 2344 -30742.5 9016.3097
3.7 281.19867 948.99665 21466.57 -28029.5 2521.55 -30551 9064.9374
3.71 268.38288 -255.68898 21607.822 -28355.5 2406.63 -30762.1 9091.2605
3.72 277.46903 -293.09837 21452.483 -28349.6 2488.11 -30837.7 9088.1083
3.73 281.93547 631.24162 21449.653 -28373.9 2528.16 -30902.1 9117.948
3.74 254.85221 751.34668 21406.095 -28481.8 2285.3 -30767.1 9125.1327
3.75 249.80284 -364.64757 21703.128 -28462.6 2240.02 -30702.6 9201.3155
3.76 273.54753 -49.695663 21552.573 -28276.8 2452.94 -30729.7 9209.8885
3.77 262.57457 -349.47311 21552.574 -28504.5 2354.55 -30859.1 9217.2539
3.78 258.00183 -272.19499 21698.109 -28590 2313.54 -30903.5 9270.7974
3.79 276.11591 140.03886 21426.817 -28308.7 2475.98 -30784.7 9184.9466
3.8 263.72666 627.03428 21263.39 -28469.5 2364.88 -30834.4 9174.7709
3.81 281.40278 -198.98504 21688.421 -28072.1 2523.38 -30595.5 9328.8587
3.82 270.95345 1024.2069 21512.046 -28396.9 2429.68 -30826.5 9278.6385
3.83 275.98762 799.98696 21303.371 -28538.3 2474.82 -31013.1 9260.5727
3.84 275.99516 146.57458 21449.057 -28176 2474.89 -30650.9 9316.8473
3.85 259.19924 -161.00713 21547.864 -28275.4 2324.28 -30599.7 9383.4887
3.86 255.17807 1382.1458 21252.407 -28462.7 2288.22 -30750.9 9309.4277
3.87 274.84027 828.81548 21460.822 -28098.3 2464.54 -30562.8 9395.2206
3.88 271.76207 883.56772 21498.786 -28370 2436.93 -30807 9457.3914
3.89 265.21115 -376.76503 21490.316 -28304.3 2378.19 -30682.4 9483.2375
3.9 264.66366 483.04029 21425.649 -28415.4 2373.28 -30788.7 9501.2671
3.91 268.89939 -873.66612 21479.322 -28281.8 2411.26 -30693 9554.4873
3.92 277.52159 -715.85887 21687.733 -27992.9 2488.58 -30481.5 9668.8971
3.93 270.693 103.36279 21409.617 -28278.7 2427.35 -30706 9594.6
3.94 269.85189 709.94098 21416.766 -28541.1 2419.8 -30960.9 9602.6287
3.95 262.57149 662.5034 21534.408 -28498.8 2354.52 -30853.3 9676.9569
3.96 262.93909 -20.457954 21495.798 -28542.5 2357.82 -30900.3 9687.9201
3.97 263.29904 48.58842 21271.889 -28520.3 2361.04 -30881.4 9642.836
3.98 275.09391 427.36902 21394.975 -28276.3 2466.81 -30743.1 9735.2251
3.99 276.84382 69.774717 21499.268 -28161.1 2482.5 -30643.6 9756.7957
4 272.93616 18.561678 21391.062 -28286.7 2447.46 -30734.2 9741.1126
4.01 275.06483 330.49014 21525.43 -28215.3 2466.55 -30681.8 9815.8953
4.02 262.80821 254.09919 21505.184 -28411.9 2356.64 -30768.5 9828.3889
4.03 278.89459 254.75416 21636.328 -28218.8 2500.89 -30719.7 9874.5735
4.04 254.72303 -69.847557 21353.003 -28531.1 2284.14 -30815.2 9852.9755
4.05 279.85205 -432.52322 21731.948 -28282.2 2509.48 -30791.7 9984.006
4.06 262.42003 -318.41793 21408.583 -28403.3 2353.16 -30756.4 9898.9946
4.07 269.02211 69.403915 21333.812 -28403.9 2412.36 -30816.2 9901.3343
4.08 264.9908 -266.07549 21631.894 -28450.3 2376.21 -30826.5 10008.034
4.09 262.65862 1231.7674 21463.726 -28391 2355.3 -30746.3 9976.9955
4.1 285.5136 -148.52294 21388.142 -28265.9 2560.25 -30826.1 9959.4655
4.11 274.45629 -111.01501 21585.022 -28255.9 2461.09 -30717 10045.174
4.12 269.38706 -35.68734 21448.802 -28428.8 2415.64 -30844.4 10015.038
4.13 281.5766 -47.581852 21536.618 -28064.3 2524.94 -30589.2 10040.851
4.14 278.9226 -108.28512 21561.831 -28219.3 2501.14 -30720.5 10091.213
4.15 275.36942 7.9108288 21474.388 -28123.5 2469.28 -30592.8 10112.765
4.16 265.64416 -129.37973 21329.927 -28479.6 2382.07 -30861.7 10135.489
4.17 280.80792 354.88862 21649.72 -28376.9 2518.05 -30895 10278.538
4.18 266.75006 -197.42237 21420.413 -28364.5 2391.99 -30756.5 10230.911
4.19 294.91062 470.68355 21465.724 -28212.6 2644.51 -30857.1 10256.469
4.2 256.73428 -621.04118 21552.804 -28529.2 2302.18 -30831.4 10300.827
4.21 264.92315 -78.992217 21540.883 -28355.6 2375.61 -30731.2 10335.199
4.22 271.81816 -74.291827 21474.686 -28422.4 2437.44 -30859.9 10345.893
4.23 257.38821 365.84428 21261.292 -28398.4 2308.04 -30706.4 10292.6
4.24 253.8408 -460.05208 21470.417 -28531.9 2276.23 -30808.1 10368.516
4.25 286.39382 90.046023 21544.663 -28148.3 2568.14 -30716.4 10454.102
4.26 266.70737 -1085.6002 21705.364 -28447.1 2391.61 -30838.7 10531.968
4.27 274.05051 -235.55186 21428.14 -28300.5 2457.45 -30758 10477.023
4.28 270.93305 -1349.4942 21778.083 -28401.9 2429.5 -30831.4 10605.58
4.29 266.42176 -38.192807 21425.827 -28523.9 2389.05 -30913 10544.523
4.3 274.12948 239.45763 21603.518 -28122.6 2458.16 -30580.7 10656.281
4.31 270.02359 279.30801 21444.265 -28461.6 2421.34 -30882.9 10659.32
4.32 272.41562 -111.58948 21478.765 -28298.7 2442.79 -30741.5 10693.031
4.33 271.03338 928.41218 21460.21 -28404.9 2430.4 -30835.3 10690.733
4.34 263.78039 -625.2301 21528.384 -28490.8 2365.36 -30856.2 10754.166
4.35 263.96493 -597.99182 21474.044 -28318.4 2367.02 -30685.4 10745.368
4.36 279.71214 -820.67285 21672.117 -28171.5 2508.22 -30679.8 10861.545
4.37 265.77635 -412.59387 21512.165 -28357.8 2383.26 -30741.1 10821.872
4.38 253.13501 911.37294 21551.954 -28578.4 2269.9 -30848.3 10872.694
4.39 268.17988 -682.39439 21627.727 -28289.9 2404.81 -30694.8 10913.146
4.4 268.15699 567.66731 21320.475 -28407.1 2404.61 -30811.7 10834.641
4.41 276.5554 -126.66613 21601.071 -28184.5 2479.92 -30664.5 10950.534
4.42 263.09654 -446.32907 21618.04 -28374.1 2359.23 -30733.3 10976.236
4.43 261.60741 608.77124 21304.261 -28401.9 2345.88 -30747.7 10885.969
4.44 274.3693 228.61136 21431.428 -28154.6 2460.31 -30614.9 10915.372
4.45 262.82008 645.78751 21413.445 -28383.9 2356.75 -30740.6 10913.501
4.46 276.65592 546.19366 21478.909 -28277.1 2480.82 -30757.9 10926.155
4.47 266.48158 258.40202 21485.7 -28244.9 2389.58 -30634.5 10896.315
4.48 271.48074 201.49672 21569.536 -28220.8 2434.41 -30655.3 10914.629
4.49 263.25786 155.28145 21453.657 -28565.3 2360.68 -30925.9 10878.082
4.5 267.78052 -420.37851 21538.837 -28250.2 2401.23 -30651.4 10949.402
4.51 264.5228 -417.93252 21301.213 -28426.6 2372.02 -30798.7 10879.404
4.52 265.25797 -299.86298 21282.989 -28549.1 2378.61 -30927.7 10938.449
4.53 267.2919 193.42005 21502.507 -28214.3 2396.85 -30611.2 11026.195
4.54 273.3775 -1.7591865 21689.668 -28345.6 2451.42 -30797 11113.598
4.55 275.41783 -1209.3761 21704.849 -28391.3 2469.72 -30861.1 11179.52
4.56 259.50122 -931.69786 21638.541 -28333.2 2326.99 -30660.2 11126.416
4.57 266.42856 -392.09821 21480.161 -28377.8 2389.11 -30766.9 11110.516
4.58 276.07558 -173.98174 21433.538 -28525.3 2475.61 -31000.9 11138.079
4.59 277.06166 -287.0478 21448.885 -28380.9 2484.46 -30865.4 11166.733
4.6 281.65806 886.90187 21134.972 -28310.7 2525.67 -30836.4 11105.251
4.61 256.23348 -326.53454 21391.99 -28357.2 2297.69 -30654.9 11258.847
4.62 258.41472 -833.664 21573.234 -28508.5 2317.25 -30825.8 11395.428
4.63 259.64155 -672.06953 21634.777 -28521.8 2328.25 -30850 11414.218
4.64 267.12503 207.1985 21558.091 -28294.3 2395.35 -30689.7 11443.338
4.65 271.61364 672.30977 21207.22 -28501.4 2435.6 -30937 11358.512
4.66 272.99455 -239.65117 21532.45 -28295.2 2447.99 -30743.2 11517.72
4.67 287.83145 100.45264 21387.51 -28106.6 2581.03 -30687.6 11476.947
4.68 275.06878 -112.54413 21448.947 -28345.3 2466.59 -30811.8 11552.385
4.69 268.64974 -883.57976 21523.945 -28426.1 2409.02 -30835.1 11604.137
4.7 280.99127 273.67019 21348.899 -28229.9 2519.69 -30749.6 11522.653
4.71 278.49455 -225.75369 21531.276 -28087.5 2497.3 -30584.8 11648.961
4.72 265.06161 -277.44999 21511.008 -28327.8 2376.85 -30704.6 11677.862
4.73 281.22996 -509.77298 21399.049 -28188.7 2521.83 -30710.5 11661.266
4.74 273.87014 -340.88105 21593.686 -28223.9 2455.84 -30679.8 11805.827
4.75 256.33619 596.87855 21365.327 -28444.9 2298.61 -30743.5 11761.316
4.76 277.605 256.50586 21492.984 -28237.1 2489.33 -30726.5 11841.594
4.77 272.47387 -196.69728 21480.642 -28254.2 2443.32 -30697.5 11848.989
4.78 262.93514 141.05924 21488.591 -28477.4 2357.78 -30835.2 11873.544
4.79 280.89197 -170.56177 21679.392 -28215.6 2518.8 -30734.4 11962.461
4.8 261.88109 -454.75806 21661.187 -28327.2 2348.33 -30675.5 11967.133
4.81 266.42571 1006.853 21377.501 -28296.9 2389.08 -30685.9 11894.033
4.82 261.18475 958.31182 21324.369 -28310.9 2342.09 -30652.9 11866.286
4.83 265.31679 375.39516 21317.547 -28507.1 2379.14 -30886.3 11944.43
4.84 269.05865 -212.8556 21483.11 -28252.2 2412.69 -30664.9 12049.453
4.85 275.60384 556.24034 21342.637 -28239.4 2471.38 -30710.7 12019.723
4.86 266.86663 311.08051 21506.406 -28183.6 2393.04 -30576.6 12092.368
4.87 260.97575 -119.13236 21405.534 -28393.3 2340.21 -30733.5 12068.835
4.88 263.01802 71.031817 21313.023 -28505.4 2358.52 -30864 12085.827
4.89 280.27541 -407.31657 21652.098 -28224.2 2513.27 -30737.5 12228.253
4.9 264.76376 -135.11986 21451.285 -28431.9 2374.18 -30806.1 12174.468
4.91 277.89991 755.09984 21364.826 -28317.9 2491.97 -30809.9 12189.901
4.92 268.22303 -249.53457 21543.203 -28309.6 2405.2 -30714.8 12247.718
4.93 265.59731 -168.82874 21478.782 -28210.6 2381.65 -30592.2 12287.035
4.94 263.83067 -135.23013 21499.977 -28440.6 2365.81 -30806.4 12320.558
4.95 267.41755 -446.1606 21671.256 -28275 2397.98 -30673 12404.952
4.96 258.40779 652.53963 21322.249 -28537.8 2317.18 -30855 12318.777
4.97 292.10823 423.07901 21407.915 -28147.7 2619.38 -30767.1 12371.866
4.98 254.01115 35.876289 21404.225 -28343.8 2277.76 -30621.5 12403.969
4.99 263.79054 118.38237 21532.302 -28408.7 2365.45 -30774.1 12522.8
5 274.61961 -308.59495 21706.888 -28025.8 2462.56 -30488.3 12573.147
5.01 268.65222 -605.10301 21497.465 -28357.5 2409.05 -30766.5 12589.754
5.02 256.51822 -26.5507 21616.576 -28502.1 2300.24 -30802.3 12622.296
5.03 266.19511 572.7841 21319.795 -28386.3 2387.01 -30773.3 12559.846
5.04 276.44075 1572.6548 21183.873 -28286.4 2478.89 -30765.3 12554.283
5.05 262.45233 -20.62209 21535.178 -28427.5 2353.45 -30780.9 12736.214
5.06 252.92403 -260.38142 21740.162 -28379 2268.01 -30647 12821.619
5.07 271.79341 20.230212 21406.877 -28461.2 2437.21 -30898.4 12742.37
5.08 279.18033 -420.08357 21550.445 -28410.2 2503.45 -30913.7 12836.371
5.09 269.51705 1245.3497 21115.227 -28430.5 2416.8 -30847.3 12695.324
5.1 280.90455 178.68898 21742.101 -28328 2518.92 -30846.9 12979.373
5.11 275.35842 -716.9154 21516.059 -28500.9 2469.18 -30970.1 12906.906
5.12 268.58118 263.30919 21557.155 -28542.4 2408.41 -30950.9 12976.53
5.13 269.58175 655.34277 21574.536 -28312.9 2417.38 -30730.3 13004.727
5.14 273.02753 113.37258 21460.301 -28584.2 2448.28 -31032.4 12936.539
5.15 261.22708 221.72123 21575.319 -28309.1 2342.46 -30651.5 12986.081
5.16 269.22169 -323.59263 21565.401 -28419.7 2414.15 -30833.9 13008.933
5.17 281.75535 -93.70587 21409.116 -28233.6 2526.55 -30760.1 12960.376
5.18 259.87676 -114.73648 21464.662 -28255.5 2330.36 -30585.9 13004.035
5.19 270.4029 88.193477 21368.82 -28351.5 2424.75 -30776.2 12972.039
5.2 280.37139 792.2942 21440.918 -28301.7 2514.13 -30815.8 13057.783
5.21 278.20122 -809.43317 21791.245 -28231.4 2494.67 -30726.1 13206.52
5.22 273.6422 -493.25378 21471.98 -28377.8 2453.79 -30831.6 13075.144
5.23 275.60193 -105.42286 21424.56 -28160.4 2471.37 -30631.8 13167.724
5.24 265.14062 -248.93376 21406.555 -28582.6 2377.56 -30960.1 13176.624
5.25 272.35438 476.31123 21307.878 -28367.1 2442.25 -30809.4 13224.037
5.26 252.0592 197.22989 21352.463 -28533.3 2260.25 -30793.6 13283.837
5.27 294.58706 116.34322 21406.79 -28194.7 2641.61 -30836.3 13337.085
5.28 268.30668 212.66485 21514.195 -28329.7 2405.95 -30735.6 13384.432
5.29 273.05753 580.71815 21583.636 -28228.4 2448.55 -30676.9 13476.342
5.3 267.66826 9.3904501 21545.616 -28208.7 2400.22 -30608.9 13465.53
5.31 270.50081 -453.21976 21514.073 -28421.9 2425.62 -30847.5 13442.089
5.32 280.16104 1063.3984 21478.814 -28339.3 2512.25 -30851.6 13444.915
5.33 249.30153 -1023.6703 21781.231 -28612.6 2235.53 -30848.1 13598.849
5.34 276.5367 766.33688 21488.324 -28212.8 2479.75 -30692.6 13472.398
5.35 282.17172 368.4887 21431.336 -28282.5 2530.28 -30812.7 13453.232
5.36 269.42782 13.304597 21561.11 -28415.9 2416 -30831.9 13539.027
5.37 268.29091 415.94351 21533.45 -28413.2 2405.81 -30819 13502.671
5.38 266.19505 1345.0869 21330.098 -28286.7 2387.01 -30673.7 13406.27
5.39 263.84497 573.55002 21505.039 -28534.2 2365.94 -30900.2 13524.68
5.4 264.9833 -270.57668 21639.986 -28232.8 2376.15 -30608.9 13608.925
5.41 259.96004 -372.6752 21422.932 -28497.3 2331.1 -30828.4 13533.644
5.42 270.84908 230.10974 21270.844 -28379.3 2428.75 -30808.1 13517.728
5.43 265.24576 745.90938 21276.136 -28392.9 2378.5 -30771.4 13503.23
5.44 252.60022 -294.83452 21394.81 -28642.4 2265.11 -30907.5 13597.725
5.45 266.73124 760.34613 21518.32 -28220.4 2391.82 -30612.2 13660.21
5.46 262.45593 907.10507 21350.645 -28417.4 2353.48 -30770.9 13630.01
5.47 268.04503 -402.72521 21711.125 -28196.1 2403.6 -30599.7 13767.375
5.48 268.42562 -152.7887 21440.607 -28343.5 2407.02 -30750.5 13652.726
5.49 273.93337 554.4727 21462.491 -28336.5 2456.4 -30792.9 13726.141
5.5 261.71598 -1062.7737 21655.46 -28152.5 2346.85 -30499.4 13850.863
5.51 277.1559 242.67496 21586.721 -28343.1 2485.3 -30828.4 13841.707
5.52 267.92033 117.62409 21412.037 -28423.8 2402.48 -30826.3 13832.682
5.53 268.97707 433.59746 21412.601 -28298.8 2411.96 -30710.8 13880.47
5.54 267.66796 -82.735468 21286.923 -28436.7 2400.22 -30836.9 13813.392
5.55 281.47412 196.64386 21544.367 -28131.5 2524.02 -30655.5 13939.791
5.56 268.52065 -695.87027 21674.608 -28337.8 2407.87 -30745.7 14018.348
5.57 266.93258 -580.57623 21573.41 -28199.2 2393.63 -30592.9 13977.849
5.58 268.31354 -773.27213 21697.888 -28337.2 2406.01 -30743.2 14063.49
5.59 266.26158 -358.25942 21552.491 -28372.5 2387.61 -30760.1 14004.561
5.6 254.15527 -429.75808 21384.077 -28366.3 2279.05 -30645.3 13992.585
5.61 259.98247 -128.40334 21470.143 -28293 2331.3 -30624.3 14082.218
5.62 283.56694 -2.5979342 21627.882 -28236.8 2542.79 -30779.6 14213.999
5.63 260.98963 711.51354 21166.393 -28526.8 2340.34 -30867.1 14046.267
5.64 277.82248 456.31751 21161.423 -28313.1 2491.28 -30804.3 14062.468
5.65 270.48834 -204.57366 21691.662 -28160 2425.51 -30585.5 14326.54
5.66 261.98765 -691.25436 21371.835 -28462.5 2349.28 -30811.8 14249.542
5.67 255.05139 -311.22639 21446.923 -28251.2 2287.09 -30538.3 14331.599
5.68 266.75132 -466.21637 21533.107 -28211.4 2392 -30603.4 14381.493
5.69 271.62073 0.36324035 21539.006 -28168.4 2435.67 -30604 14413.788
5.7 259.02548 -321.33246 21741.135 -28645 2322.72 -30967.7 14491.791
5.71 262.66471 194.65718 21542.512 -28360.6 2355.36 -30715.9 14412.546
5.72 258.06626 -62.788506 21543.871 -28533.8 2314.12 -30847.9 14440.628
5.73 282.35476 685.05188 21295.585 -28204.4 2531.92 -30736.3 14375.562
5.74 267.89643 -413.03722 21433.573 -28402.3 2402.27 -30804.5 14456.406
5.75 279.1188 21.836847 21673.838 -28270.2 2502.9 -30773.1 14570.925
5.76 269.0288 -606.60859 21362.89 -28279.1 2412.42 -30691.5 14490.091
5.77 276.87168 261.51162 21453.08 -28307.9 2482.75 -30790.7 14554.507
5.78 274.18815 -487.57958 21728.008 -28306.9 2458.69 -30765.6 14711.522
5.79 275.03501 166.12169 21377.978 -28351.1 2466.28 -30817.4 14590.628
5.8 267.68818 399.04995 21529.431 -28333.7 2400.4 -30734.1 14696.689
5.81 268.90419 188.34501 21457.429 -28428.8 2411.31 -30840.1 14694.863
5.82 264.4463 560.93166 21255.966 -28297.9 2371.33 -30669.2 14624.816
5.83 273.01012 129.2365 21487.288 -28211.6 2448.13 -30659.7 14752.898
5.84 274.9379 166.43262 21504.86 -28188.8 2465.41 -30654.2 14752.916
5.85 262.45913 -661.23485 21507.818 -28332.8 2353.51 -30686.3 14767.492
5.86 264.09047 147.93364 21441.148 -28216.2 2368.14 -30584.4 14809.642
5.87 265.96161 120.66009 21739.397 -28297.6 2384.92 -30682.5 14991.716
5.88 265.28432 829.91198 21421.705 -28306.8 2378.85 -30685.7 14881.46
5.89 277.18615 508.48845 21353.071 -28319 2485.57 -30804.6 14933.433
5.9 271.59831 230.27086 21309.408 -28472.3 2435.47 -30907.7 14963.28
5.91 273.44688 215.6337 21603.098 -28389.2 2452.04 -30841.3 15104.21
5.92 268.23286 143.61323 21336.78 -28286 2405.29 -30691.2 15035.078
5.93 282.86888 160.29436 21681.173 -28335.9 2536.53 -30872.4 15219.026
5.94 261.43991 -497.54121 21687.067 -28371.2 2344.37 -30715.6 15284.156
5.95 274.87142 11.961167 21580.953 -28131.7 2464.82 -30596.5 15298.227
5.96 271.78622 65.470696 21493.399 -28372.7 2437.15 -30809.8 15269.183
5.97 271.50259 -532.13552 21697.486 -28149.7 2434.61 -30584.4 15402.765
5.98 275.98198 -844.01541 21462.019 -28444 2474.77 -30918.7 15292.684
5.99 282.88158 101.97143 21532.134 -28121.9 2536.64 -30658.5 15427.959
6 260.73695 -41.564516 21472.789 -28459.5 2338.07 -30797.6 15420.715
6.01 267.94786 280.50164 21550.268 -28342.5 2402.73 -30745.3 15451.108
6.02 254.89784 1240.0398 21347.113 -28586.1 2285.71 -30871.8 15372.037
6.03 274.81243 31.133455 21573.365 -28243.6 2464.29 -30707.9 15522.965
6.04 285.128 -724.82325 21621.6 -28403.8 2556.79 -30960.6 15551.516
6.05 273.81387 -151.50585 21483.002 -28373.2 2455.33 -30828.5 15483.756
6.06 270.70485 -13.922427 21401.903 -28477.1 2427.45 -30904.6 15447.228
6.07 280.03808 444.8931 21275.326 -28122.2 2511.15 -30633.3 15419.821
6.08 255.12511 -426.14387 21500.964 -28652.6 2287.75 -30940.3 15555.676
6.09 267.4891 -587.69781 21495.523 -28358 2398.62 -30756.6 15565.747
6.1 283.72058 -16.549605 21535.681 -28216.6 2544.17 -30760.8 15614.961
6.11 274.16716 147.38969 21501.64 -28215.8 2458.5 -30674.3 15617.824
6.12 271.39616 -465.61431 21554.92 -28328.5 2433.65 -30762.2 15635.552
6.13 272.28041 946.93482 21378.106 -28491.1 2441.58 -30932.7 15542.238
6.14 263.72954 705.19644 21463.285 -28380.3 2364.9 -30745.2 15602.566
6.15 261.1003 39.507958 21386.777 -28376 2341.33 -30717.3 15582.525
6.16 278.32409 -375.43001 21491.37 -28159.4 2495.78 -30655.1 15677.064
6.17 264.60618 -724.19462 21541.444 -28386.3 2372.77 -30759.1 15734.855
6.18 271.1182 408.50183 21506.233 -28227.3 2431.16 -30658.4 15731.538
6.19 257.98236 564.06282 21271.776 -28389 2313.37 -30702.4 15622.23
6.2 278.97269 89.565618 21441.84 -28170.6 2501.59 -30672.2 15744.132
6.21 269.7294 -490.17024 21560.992 -28298.7 2418.71 -30717.4 15808.663
6.22 274.26514 -915.407 21520.051 -28241.6 2459.38 -30701 15815.598
6.23 259.04138 -834.69893 21674.592 -28341 2322.87 -30663.8 15950.457
6.24 263.94916 -658.41715 21769.63 -28149.1 2366.87 -30516 16014.206
6.25 288.72545 -830.0015 21544.235 -28219.6 2589.05 -30808.6 15954.532
6.26 264.62688 -14.826287 21327.452 -28445.3 2372.95 -30818.2 15899.96
6.27 258.65981 -217.1173 21524.385 -28333.8 2319.44 -30653.3 16048.213
6.28 263.38533 4.5621266 21381.993 -28474.1 2361.82 -30835.9 16022.59
6.29 279.03324 -105.33706 21633.52 -28222.4 2502.14 -30724.5 16157.626
6.3 272.72084 689.38813 21425.084 -28305.8 2445.53 -30751.4 16108.335
6.31 277.44766 -272.74754 21602.465 -28167.6 2487.92 -30655.5 16231.17
6.32 271.7457 -88.546603 21230.828 -28288 2436.79 -30724.8 16063.412
6.33 277.53075 -707.81939 21640.359 -28153.6 2488.66 -30642.3 16287.9
6.34 265.11892 -308.82628 21351.638 -28270.8 2377.36 -30648.2 16163.255
6.35 296.15433 -684.90039 21542.518 -28235 2655.66 -30890.7 16314.48
6.36 271.07344 301.37736 21265.117 -28294 2430.76 -30724.8 16167.501
6.37 266.72619 -264.54904 21494.359 -28393 2391.78 -30784.8 16224.071
6.38 273.37481 -516.0377 21640.472 -28206.2 2451.4 -30657.6 16327.147
6.39 259.73289 514.62105 21450.236 -28394.4 2329.07 -30723.5 16273.301
6.4 287.1198 815.16657 21372.022 -28174.4 2574.65 -30749.1 16308.62
6.41 274.02676 401.62563 21445.285 -28300.4 2457.24 -30757.6 16298.554
6.42 266.03596 -164.1451 21529.604 -28351.9 2385.59 -30737.5 16400.043
6.43 265.91348 -418.93397 21637.866 -28430.4 2384.49 -30814.9 16455.248
6.44 264.23295 387.15693 21568.308 -28650.8 2369.42 -31020.3 16475.354
6.45 276.29325 5.9770537 21527.836 -28122.2 2477.57 -30599.7 16474.676
6.46 270.33773 -635.8767 21739.596 -28497.8 2424.16 -30922 16631.446
6.47 259.34517 511.60274 21361.68 -28338.9 2325.59 -30664.5 16475.427
6.48 267.41295 587.83001 21451.824 -28240.2 2397.93 -30638.2 16537.805
6.49 278.21932 799.59971 21465.501 -28481.7 2494.84 -30976.5 16567.333
6.5 269.56113 -107.13372 21400.833 -28484.8 2417.2 -30902 16523.595
6.51 256.56099 -469.31327 21562.364 -28369.2 2300.62 -30669.8 16607.005
6.52 279.3531 -199.23465 21449.744 -28390.1 2505 -30895.1 16585.161
6.53 257.73756 -135.14151 21595.953 -28535.6 2311.17 -30846.8 16668.703
6.54 271.64632 -50.608367 21474.31 -28348.7 2435.9 -30784.6 16641.48
6.55 271.37776 92.489111 21517.32 -28189.9 2433.49 -30623.4 16657.178
6.56 269.43384 -240.29567 21640.557 -28357.6 2416.06 -30773.6 16708.73
6.57 269.04123 -115.0317 21521.74 -28292 2412.54 -30704.6 16690.707
6.58 251.22967 54.165748 21529.679 -28410.6 2252.82 -30663.5 16705.7
6.59 265.29686 32.517245 21465.232 -28293.2 2378.96 -30672.2 16713.169
6.6 259.81503 -159.29669 21612.681 -28440.5 2329.8 -30770.3 16828.625
6.61 274.3265 -173.52028 21414.75 -28395.3 2459.93 -30855.2 16716.752
6.62 264.21174 -621.29357 21412.425 -28497 2369.23 -30866.2 16749.886
6.63 263.12609 -475.60418 21679.847 -28260 2359.49 -30619.5 16902.906
6.64 282.21812 536.9744 21194.902 -28266.4 2530.69 -30797.1 16686.819
6.65 271.82573 -508.63897 21511.18 -28238.1 2437.5 -30675.7 16936.136
6.66 273.52393 221.95176 21197.283 -28415.5 2452.73 -30868.2 16781.446
6.67 266.92653 -206.67453 21362.556 -28286.7 2393.57 -30680.3 16848.919
6.68 272.54681 -687.6234 21618.845 -28333.6 2443.97 -30777.5 17009.474
6.69 273.62606 -855.25934 21474.063 -28477.1 2453.65 -30930.8 16968.792
6.7 263.90502 -298.98565 21486.477 -28323.5 2366.48 -30690 16981.234
6.71 263.37661 122.82641 21759.397 -28501.4 2361.74 -30863.1 17164.109
6.72 269.98331 797.14844 21308.061 -28361.4 2420.98 -30782.4 16922.626
6.73 268.77385 737.98863 21306.033 -28352.3 2410.14 -30762.4 16908.907
6.74 286.20531 -434.84289 21666.446 -28054.3 2566.45 -30620.7 17172.74
6.75 270.97322 -197.54187 21552.45 -28404.2 2429.86 -30834.1 17091.763
6.76 281.63051 -259.17121 21630.683 -28372.1 2525.43 -30897.5 17120.208
6.77 275.49974 -271.71408 21649.441 -28189.6 2470.45 -30660.1 17110.966
6.78 276.50826 480.98737 21240.054 -28472.4 2479.49 -30951.8 16927.194
6.79 263.43859 -370.88832 21602.213 -28267.7 2362.3 -30630 17158.044
6.8 259.26567 -219.52108 21463.135 -28487.7 2324.88 -30812.5 17136.759
6.81 276.65186 211.57665 21554.405 -28329.6 2480.78 -30810.4 17194.816
6.82 266.99714 -218.96807 21407.375 -28259.2 2394.21 -30653.4 17148.889
6.83 285.50355 156.1052 21470.795 -28112.1 2560.16 -30672.3 17110.192
6.84 256.8954 343.95573 21405.225 -28355.4 2303.62 -30659 17151.022
6.85 267.91109 -606.60088 21568.731 -28285.7 2402.4 -30688.1 17217.146
6.86 269.24356 -1162.8831 21500.326 -28328.5 2414.35 -30742.8 17208.138
6.87 263.00259 728.12012 21494.525 -28169.9 2358.39 -30528.3 17282.936
6.88 259.48384 -26.641347 21583.692 -28245 2326.83 -30571.8 17319.411
6.89 254.36154 -215.28474 21645.779 -28551.8 2280.9 -30832.7 17378.167
6.9 271.22108 289.88852 21411.961 -28376.4 2432.08 -30808.5 17321.945
6.91 264.33244 130.33545 21478.126 -28373.3 2370.31 -30743.6 17356.044
6.92 262.06812 -240.04766 21504.996 -28406.3 2350.01 -30756.3 17374.697
6.93 278.02932 363.12655 21628.883 -28249.1 2493.13 -30742.2 17484.531
6.94 264.76551 2.4589832 21565.329 -28223.5 2374.19 -30597.7 17441.514
6.95 272.92061 -200.88423 21480.654 -28372.5 2447.32 -30819.8 17435.272
6.96 269.72052 609.90661 21484.953 -28349.5 2418.63 -30768.2 17449.858
6.97 293.7467 604.29642 21390.211 -28198.9 2634.07 -30833 17403.108
6.98 268.12265 434.34188 21482.843 -28336.8 2404.3 -30741.1 17496.76
6.99 273.97014 360.11288 21357.186 -28253.3 2456.73 -30710 17462.245
7 276.87082 -489.19949 21528.135 -28533.6 2482.74 -31016.4 17565.944
7.01 276.78386 282.69124 21520.28 -28299.6 2481.96 -30781.6 17582.454
7.02 275.40763 -580.51905 21659.279 -28312.3 2469.62 -30781.9 17667.938
7.03 285.28874 409.61301 21544.561 -28220 2558.23 -30778.2 17623.77
7.04 262.06477 -112.0077 21493.052 -28428.3 2349.98 -30778.3 17638.973
7.05 267.30262 -91.037737 21466.315 -28295.8 2396.95 -30692.8 17658.95
7.06 259.5085 -149.54854 21249.736 -28552.3 2327.05 -30879.3 17596.863
7.07 276.87111 -220.17788 21541.232 -28268.5 2482.75 -30751.3 17755.027
7.08 274.08768 111.07421 21599.906 -28379.9 2457.79 -30837.7 17882.122
7.09 263.08461 780.04591 21363.011 -28399.3 2359.12 -30758.4 17786.686
7.1 264.09492 -134.32398 21803.211 -28484 2368.18 -30852.2 18086.481
7.11 265.14885 -22.224745 21335.918 -28301.1 2377.63 -30678.8 17855.198
7.12 272.50179 387.16512 21351.958 -28374.3 2443.57 -30817.9 17912.95
7.13 266.97945 1042.9992 21139.087 -28302.1 2394.05 -30696.2 17843.79
7.14 279.73281 -122.3549 21446.774 -28341.9 2508.41 -30850.3 18071.805
7.15 264.77426 -796.03875 21676.924 -28458.6 2374.27 -30832.8 18208.459
7.16 255.28433 -206.46689 21557.851 -28366 2289.18 -30655.2 18130.336
7.17 270.02995 367.86771 21511.826 -28408.1 2421.4 -30829.5 18155.996
7.18 280.45713 218.13954 21450.892 -28185.3 2514.9 -30700.2 18172.433
7.19 274.66267 -388.37224 21593.145 -28427.2 2462.94 -30890.2 18312.055
7.2 253.52867 -838.07631 21681.799 -28223.4 2273.43 -30496.9 18401.573
7.21 268.48427 -414.17301 21481.307 -28394.3 2407.54 -30801.9 18316.73
7.22 277.6442 -950.38075 21706.304 -28231.8 2489.68 -30721.5 18469.323
7.23 272.37731 551.14703 21441.382 -28368.4 2442.45 -30810.8 18316.368
7.24 271.73471 -231.30985 21296.938 -28222.9 2436.69 -30659.6 18224.899
7.25 271.77411 -397.48775 21356.465 -28356.9 2437.04 -30794 18299.189
7.26 267.3638 -62.778976 21353.439 -28417 2397.49 -30814.5 18337.097
7.27 266.0524 104.06266 21340.093 -28403 2385.73 -30788.8 18333.436
7.28 272.7869 -276.73803 21353.505 -28369.8 2446.12 -30815.9 18396.617
7.29 263.49113 800.39605 21308.782 -28339.6 2362.77 -30702.3 18393.395
7.3 246.90226 -812.4871 21469.694 -28680.7 2214.01 -30894.8 18465.656
7.31 252.99221 303.63726 21465.122 -28474.5 2268.62 -30743.2 18519.232
7.32 273.12048 -210.1471 21799.521 -28136.2 2449.11 -30585.3 18731.449
7.33 274.45332 1142.9107 21342.852 -28287.7 2461.07 -30748.7 18494.143
7.34 280.08073 -710.83997 21511.21 -28177.6 2511.53 -30689.2 18597.577
7.35 264.63306 -4.0846355 21399.999 -28212.6 2373.01 -30585.6 18552.964
7.36 263.58136 -164.6866 21373.544 -28414.4 2363.58 -30778 18517.773
7.37 278.07111 -17.23912 21449.921 -28334.4 2493.51 -30828 18586.596
7.38 282.45632 776.63868 21558.764 -28282 2532.83 -30814.9 18727.777
7.39 267.17498 698.78926 21422.872 -28365 2395.8 -30760.8 18713.549
7.4 281.72959 58.820376 21565.018 -28385.4 2526.31 -30911.8 18806.05
7.41 275.47094 27.975606 21491.842 -28146.8 2470.19 -30617 18713
7.42 258.18643 935.96318 21382.249 -28329.1 2315.2 -30644.3 18658.535
7.43 261.08068 -826.7581 21629.131 -28205.4 2341.15 -30546.5 18802.048
7.44 260.20576 -383.11218 21720.187 -28330.8 2333.31 -30664.1 18843.671
7.45 263.01929 -182.23 21524.763 -28356.5 2358.54 -30715 18717.957
7.46 272.28866 -168.24044 21588.974 -28333.2 2441.66 -30774.9 18790.656
7.47 266.42817 -65.101674 21653.325 -28448.4 2389.1 -30837.5 18822.284
7.48 267.90172 200.69046 21513.909 -28356.3 2402.32 -30758.6 18762.884
7.49 269.00867 -443.78994 21697.13 -28229.8 2412.24 -30642 18915.823
7.5 263.47771 -1779.2278 21536.846 -28416 2362.65 -30778.6 18872.022
7.51 264.15677 304.51912 21436.917 -28386.1 2368.74 -30754.9 18838.923
7.52 270.38022 296.79565 21276.301 -28227.3 2424.54 -30651.9 18771.592
7.53 275.90851 801.80379 21511.217 -28320.3 2474.12 -30794.4 18946.019
7.54 274.52619 -38.000762 21221.259 -28252.1 2461.72 -30713.8 18816.364
7.55 266.15467 1281.6888 21314.087 -28618.6 2386.65 -31005.3 18931.933
7.56 279.7643 -497.46721 21664.018 -28300 2508.69 -30808.7 19157.996
7.57 253.89742 422.25981 21355.389 -28406.1 2276.74 -30682.9 19018.246
7.58 288.43072 227.58463 21566.387 -28067.3 2586.4 -30653.7 19130.516
7.59 267.01432 97.258017 21457.129 -28358.7 2394.36 -30753.1 19085.715
7.6 264.64083 -435.70491 21691.897 -28185.9 2373.08 -30559 19243.289
7.61 261.49898 369.87841 21327.981 -28454.4 2344.9 -30799.3 19022.442
7.62 268.91763 109.09497 21642.933 -28199.3 2411.43 -30610.7 19209.628
7.63 265.31292 44.628027 21471.058 -28329.3 2379.1 -30708.4 19114.851
7.64 276.4868 -733.60761 21590.072 -28207.8 2479.3 -30687.1 19215.054
7.65 278.85798 -418.14574 21450.9 -28134.7 2500.56 -30635.3 19123.625
7.66 260.80891 -108.60738 21580.302 -28381.7 2338.71 -30720.4 19204.654
7.67 279.41213 756.29944 21417.87 -28024.8 2505.53 -30530.4 19129.583
7.68 265.90009 -586.97154 21581.02 -28391.6 2384.37 -30776 19273.219
7.69 273.29194 -422.47124 21784.285 -28166.6 2450.65 -30617.2 19443.826
7.7 261.89346 222.79363 21431.554 -28333.3 2348.44 -30681.7 19267.288
7.71 270.90567 -252.59182 21521.182 -28253 2429.25 -30682.2 19385.445
7.72 269.56153 466.43476 21465.836 -28246.2 2417.2 -30663.4 19433.851
7.73 272.54486 -565.58294 21560.18 -28288.1 2443.95 -30732 19497.592
7.74 265.76311 60.021238 21685.396 -28209.7 2383.14 -30592.8 19624.084
7.75 273.91833 440.73486 21533.923 -28289.9 2456.27 -30746.2 19545.443
7.76 261.30669 -899.17913 21625.178 -28619.5 2343.18 -30962.7 19651.079
7.77 272.34943 -175.73399 21658.815 -28331.1 2442.2 -30773.3 19651.948
7.78 252.36975 904.89059 21722.4 -28556.6 2263.04 -30819.6 19709.056
7.79 264.67745 687.81963 21415.433 -28301.8 2373.4 -30675.2 19503.548
7.8 264.50904 96.505076 21585.096 -28425.9 2371.89 -30797.8 19611.201
7.81 264.08577 152.41153 21511.454 -28383.3 2368.1 -30751.4 19580.712
7.82 269.56524 -718.0091 21644.26 -28241.7 2417.23 -30658.9 19717.278
7.83 267.95068 570.95721 21560.509 -28490.8 2402.76 -30893.6 19685.625
7.84 276.77021 -7.343777 21616.062 -28282 2481.84 -30763.8 19779.619
7.85 267.51186 204.94625 21728.672 -28444.5 2398.82 -30843.3 19892.921
7.86 270.33347 908.76647 21492.621 -28277.7 2424.12 -30701.9 19847.817
7.87 286.43399 608.27814 21342.4 -28136.1 2568.5 -30704.6 19781.46
7.88 268.68355 438.46305 21507.497 -28417.1 2409.33 -30826.5 19973.534
7.89 282.2723 -1059.9019 21490.284 -28145.4 2531.18 -30676.6 19922.77
7.9 262.98647 -282.382 21472.523 -28426.9 2358.24 -30785.1 19964.908
7.91 279.01974 -76.237255 21455.951 -28280.2 2502.01 -30782.2 19927.125
7.92 264.86941 -407.52004 21510.329 -28528.3 2375.13 -30903.4 20019.214
7.93 280.23004 -499.53031 21671.63 -28262.7 2512.87 -30775.6 20167.031
7.94 259.8352 -305.05106 21590.51 -28605.7 2329.98 -30935.7 20184.032
7.95 277.82977 -718.34779 21585.796 -28161.3 2491.34 -30652.6 20191.34
7.96 272.59896 880.85184 21267.13 -28147.8 2444.44 -30592.2 20055.42
7.97 260.02906 261.6933 21439.602 -28500.2 2331.72 -30832 20219.332
7.98 260.70542 971.11102 21503.99 -28437.5 2337.79 -30775.2 20242.174
7.99 261.98756 -64.498048 21430.85 -28488.4 2349.28 -30837.7 20220.103
8 269.95359 -565.54372 21538.271 -28533 2420.72 -30953.8 20321.684
8.01 269.34525 -839.02746 21638.153 -28358 2415.26 -30773.2 20419.706
8.02 258.28625 618.00445 21478.181 -28233.7 2316.09 -30549.8 20375.439
8.03 261.47919 -257.96641 21308.2 -28349.6 2344.73 -30694.4 20259.513
8.04 275.18053 -1126.794 21651.614 -28213.6 2467.59 -30681.2 20499.198
8.05 268.48839 57.934107 21356.463 -28392.7 2407.58 -30800.3 20312.253
8.06 277.55295 355.59708 21378.934 -28369.9 2488.86 -30858.8 20324.086
8.07 277.23553 39.686014 21401.341 -28201.2 2486.02 -30687.2 20365.81
8.08 283.38276 481.97914 21449.144 -28325.2 2541.14 -30866.4 20415.601
8.09 283.24492 -306.98363 21307.814 -28306.5 2539.9 -30846.4 20325.79
8.1 262.36268 346.70047 21389.452 -28472 2352.65 -30824.6 20396.426
8.11 268.24559 -323.06139 21416.348 -28303.2 2405.4 -30708.6 20442.245
8.12 260.19059 120.52314 21517.258 -28454.3 2333.17 -30787.4 20509.985
8.13 260.82813 279.52891 21403.507 -28346.6 2338.89 -30685.5 20430.323
8.14 273.76983 -92.392433 21336.366 -28316.5 2454.94 -30771.5 20408.889
8.15 273.22463 112.64325 21355.752 -28351.3 2450.05 -30801.3 20427.387
8.16 264.90602 448.01378 21526.204 -28564.2 2375.45 -30939.7 20533.45
8.17 256.94991 -307.0055 21417.804 -28263.6 2304.11 -30567.7 20498.926
8.18 285.54125 524.04125 21508.878 -28121.8 2560.49 -30682.3 20531.29
8.19 274.95444 693.18943 21485.222 -28409.2 2465.56 -30874.7 20551.397
8.2 275.65377 -538.86446 21696.208 -28391.6 2471.83 -30863.4 20721.035
8.21 263.53116 -471.29005 21689.493 -28230.6 2363.13 -30593.7 20716.36
8.22 259.03245 -12.821762 21627.882 -28510.3 2322.79 -30833.1 20666.374
8.23 270.54792 111.3351 21325.969 -28187 2426.05 -30613.1 20470.406
8.24 262.50903 305.32023 21449.706 -28544 2353.96 -30898 20546.29
8.25 270.24367 -425.76813 21580.353 -28330.1 2423.32 -30753.4 20701.19
8.26 267.23066 -185.87637 21484.406 -28538.1 2396.3 -30934.4 20699.342
8.27 283.59078 452.48838 21412.536 -28180.1 2543 -30723.1 20652.241
8.28 259.27891 152.71287 21452.414 -28426 2325 -30751 20701.435
8.29 274.57279 -852.62183 21809.507 -28341.4 2462.14 -30803.5 20990.397
8.3 244.36118 -72.11978 21495.689 -28883.3 2191.23 -31074.5 20799.729
8.31 269.54709 923.94487 21525.075 -28485.6 2417.07 -30902.7 20918.154
8.32 292.34115 292.63909 21537.144 -28231.3 2621.47 -30852.8 20957.051
8.33 279.35431 1412.4808 21446.77 -28065.2 2505.01 -30570.2 20923.216
8.34 269.08657 95.792698 21348.398 -28498.2 2412.94 -30911.2 20920.901
8.35 266.77949 -153.38477 21447.998 -28299.8 2392.25 -30692.1 20992.401
8.36 270.60477 626.86957 21406.603 -28433.1 2426.56 -30859.7 21005.086
8.37 266.91212 85.575315 21371.048 -28283.3 2393.44 -30676.7 21018.619
8.38 260.81618 -344.17956 21477.396 -28299.7 2338.78 -30638.5 21139.178
8.39 279.88083 140.73686 21685.923 -28124.7 2509.74 -30634.4 21206.546
8.4 266.56422 -200.70043 21465.153 -28428.1 2390.32 -30818.5 21056.165
8.41 281.20118 -747.44067 21627.801 -28123.9 2521.58 -30645.5 21171.325
8.42 262.55514 455.91648 21374.546 -28494.7 2354.37 -30849.1 21058.108
8.43 267.32844 -1108.143 21760.308 -28364.9 2397.18 -30762.1 21304.488
8.44 267.69253 72.495926 21431.251 -28315.9 2400.44 -30716.3 21120.941
8.45 264.40446 -252.79861 21560.462 -28513.7 2370.96 -30884.7 21212.599
8.46 273.48273 46.860108 21328.395 -28259.4 2452.36 -30711.7 21115.347
8.47 267.06782 -288.1155 21582.256 -28424 2394.84 -30818.8 21354.437
8.48 266.61813 -63.56412 21481.463 -28344.5 2390.81 -30735.3 21327.858
8.49 271.95437 451.03997 21546.098 -28298.7 2438.66 -30737.3 21411.659
8.5 282.34661 816.72814 21375.98 -28268.4 2531.85 -30800.3 21314.404
8.51 269.87912 -286.30339 21650.079 -28413.1 2420.05 -30833.2 21574.307
8.52 269.91652 109.5954 21565.664 -28227.8 2420.38 -30648.2 21531.416
8.53 267.77179 -1421.0949 21841.893 -28261.2 2401.15 -30662.4 21765.164
8.54 264.85874 -214.04227 21531.689 -28367.9 2375.03 -30742.9 21568.179
8.55 268.279 -198.55671 21437.941 -28347.3 2405.7 -30753 21595.941
8.56 268.73865 -364.07671 21499.123 -28314.9 2409.82 -30724.7 21659.279
8.57 272.94338 540.76574 21363.733 -28389.4 2447.53 -30836.9 21598.827
8.58 285.87344 155.96906 21176.911 -28131.2 2563.47 -30694.6 21501.795
8.59 260.65284 -50.586982 21413.13 -28421.3 2337.32 -30758.6 21659.891
8.6 273.27076 244.28921 21443.892 -28314.8 2450.46 -30765.3 21691.005
8.61 274.80717 -207.66609 21704.182 -27970.7 2464.24 -30434.9 21942.564
8.62 265.76004 -1100.8655 21695.311 -28232.2 2383.11 -30615.3 21892.63
8.63 259.80214 -420.7208 21751.606 -28380.1 2329.69 -30709.8 21939.062
8.64 281.63829 -479.87109 21669.017 -28119 2525.5 -30644.5 21944.851
8.65 262.40215 -149.90275 21441.325 -28353.5 2353 -30706.5 21822.349
8.66 272.01024 438.97112 21383.077 -28361.1 2439.16 -30800.3 21869.21
8.67 263.56094 -221.6947 21713.466 -28378.5 2363.39 -30741.9 22100.538
8.68 273.59059 892.62451 21336.118 -28284.7 2453.33 -30738 21850.874
8.69 273.63113 -219.10126 21470.979 -28427.9 2453.69 -30881.6 21928.342
8.7 278.53543 -106.31112 21334.747 -28218.6 2497.67 -30716.2 21854.334
8.71 272.21326 -480.74747 21487.755 -28134.6 2440.98 -30575.6 21961.8
8.72 259.46121 -521.56889 21636.37 -28400.7 2326.63 -30727.3 22073.383
8.73 277.05997 791.46449 21240.083 -28181.4 2484.44 -30665.8 21825.452
8.74 261.77754 -419.1087 21628.905 -28616.4 2347.4 -30963.8 22139.883
8.75 277.58881 701.34991 21251.852 -28335.4 2489.18 -30824.5 21890.36
8.76 272.83732 116.02117 21411.235 -28345.8 2446.58 -30792.3 22025.287
8.77 275.45639 -181.57431 21559.675 -28327.3 2470.06 -30797.3 22229.796
8.78 264.6565 -204.9238 21416.764 -28533.8 2373.22 -30907 22140.884
8.79 269.12536 -166.21176 21501.278 -28263.6 2413.29 -30676.9 22198.065
8.8 269.778 -36.02362 21440.79 -28401.8 2419.14 -30820.9 22236.539
8.81 282.03078 7.5726087 21530.16 -28131.2 2529.01 -30660.2 22332.025
8.82 249.21234 623.60543 21448.802 -28442.4 2234.73 -30677.1 22289.426
8.83 265.969 -563.98335 21595.778 -28286 2384.99 -30671 22452.965
8.84 282.44804 -862.0735 21587.821 -28164.9 2532.76 -30697.7 22448.093
8.85 257.42803 -145.63963 21307.475 -28409 2308.4 -30717.4 22329.521
8.86 259.9942 -168.55832 21494.82 -28553 2331.41 -30884.4 22491.293
8.87 264.88804 464.39706 21492.217 -28245.7 2375.29 -30621 22518.654
8.88 272.70025 -51.504425 21684.278 -28387.3 2445.35 -30832.7 22662.759
8.89 262.46334 311.45582 21368.065 -28337.1 2353.55 -30690.6 22485.933
8.9 261.6153 -669.85073 21607.862 -28527.2 2345.95 -30873.2 22694.726
8.91 262.43643 95.787503 21561.977 -28325.8 2353.31 -30679.1 22681.708
8.92 263.14297 164.01641 21463.665 -28325.3 2359.64 -30685 22657.689
8.93 261.29684 -18.763668 21476.1 -28212.6 2343.09 -30555.7 22748.33
8.94 251.37022 72.038364 21559.834 -28516.8 2254.08 -30770.9 22862.151
8.95 272.35091 -463.79378 21486.444 -28406 2442.21 -30848.3 22835.256
8.96 268.21703 -679.04349 21549.293 -28229.7 2405.14 -30634.9 22957.936
8.97 269.73083 -512.04286 21650.329 -28563.4 2418.72 -30982.1 23074.002
8.98 263.65599 454.04369 21457.518 -28383.5 2364.25 -30747.7 22945.124
8.99 261.79564 213.27709 21514.542 -28386.9 2347.56 -30734.5 22987.512
9 268.7268 567.83814 21472.103 -28379.2 2409.72 -30788.9 22953.152
9.01 273.65207 137.70456 21341.035 -28439.9 2453.88 -30893.7 22938.52
9.02 282.51038 699.22285 21338.103 -28299.9 2533.32 -30833.2 22923.118
9.03 286.28219 -509.69128 21456.788 -28360.1 2567.14 -30927.2 23051.163
9.04 267.70395 263.45429 21513.087 -28220.4 2400.54 -30620.9 23138.29
9.05 271.56677 -453.65083 21701.936 -28193.6 2435.18 -30628.8 23333.365
9.06 267.81032 677.55988 21593.298 -28200.6 2401.5 -30602.1 23295.591
9.07 259.74864 -146.19067 21647.224 -28372.1 2329.21 -30701.3 23390.301
9.08 275.90357 -324.16019 21499.616 -28285.3 2474.07 -30759.3 23309.993
9.09 281.79036 62.854002 21543.645 -28162.3 2526.86 -30689.2 23370.782
9.1 278.38914 -362.1603 21598.606 -28310.5 2496.36 -30806.9 23472.319
9.11 262.20311 -587.41216 21578.041 -28453.4 2351.22 -30804.6 23509.787
9.12 263.4651 -578.02071 21442.171 -28222.7 2362.53 -30585.2 23443.998
9.13 264.27197 -276.15259 21478.393 -28443.8 2369.77 -30813.5 23519.612
9.14 269.3204 392.87641 21524.129 -28309.9 2415.04 -30724.9 23571.57
9.15 284.16115 -172.05235 21462.699 -28083.5 2548.12 -30631.6 23483.717
9.16 276.49794 -25.820289 21603.446 -28311.6 2479.4 -30791 23547.31
9.17 263.68335 -408.49732 21488.088 -28241.8 2364.49 -30606.3 23512.157
9.18 267.57335 1372.37 21212.341 -28310.2 2399.37 -30709.6 23401.191
9.19 260.94452 393.80012 21191.084 -28610.1 2339.93 -30950.1 23366.877
9.2 272.36293 -403.64243 21416.509 -28212.7 2442.32 -30655 23546.992
9.21 274.57109 199.1953 21605.369 -28197.5 2462.12 -30659.6 23777.483
9.22 273.39482 237.58393 21589.342 -28110.2 2451.57 -30561.8 23792.964
9.23 267.77527 -238.56557 21455.438 -28397.1 2401.18 -30798.3 23725.19
9.24 263.29679 387.67731 21172.714 -28437 2361.02 -30798 23522.053
9.25 277.01512 -246.32523 21553.798 -28192.1 2484.04 -30676.1 23861.264
9.26 275.36283 -328.4438 21625.408 -28241.5 2469.22 -30710.7 23954.681
9.27 259.33679 -197.52561 21213.844 -28606.3 2325.51 -30931.8 23687.484
9.28 266.47312 -49.942964 21421.902 -28372.4 2389.51 -30761.9 23862.933
9.29 270.10798 446.22264 21404.802 -28299.6 2422.1 -30721.7 23885.9
9.3 273.39261 260.69441 21366.594 -28444.8 2451.56 -30896.3 23922.038
9.31 278.11205 370.34182 21242.15 -28366.6 2493.87 -30860.5 23873.103
9.32 278.57328 151.67866 21363.717 -28223.4 2498.01 -30721.4 24001.924
9.33 269.53518 35.241832 21527.42 -28151.6 2416.96 -30568.6 24119.449
9.34 272.14427 -257.26014 21642.422 -28422.5 2440.36 -30862.8 24186.63
9.35 257.25407 -302.47604 21572.023 -28357.6 2306.84 -30664.4 24168.751
9.36 266.17056 1570.1202 21221.593 -28356.5 2386.79 -30743.3 23936.686
9.37 284.45132 412.22669 21423.65 -28075.9 2550.72 -30626.6 24141.751
9.38 263.79355 -112.00083 21543.671 -28341.6 2365.48 -30707 24281.821
9.39 267.15615 363.17841 21435.971 -28498.2 2395.63 -30893.8 24179.163
9.4 275.77136 87.500994 21499.647 -28501.3 2472.89 -30974.2 24212.883
9.41 266.54054 -106.83798 21520.439 -28407.5 2390.11 -30797.6 24256.405
9.42 264.62933 -76.970516 21576.744 -28339.1 2372.97 -30712 24320.195
9.43 256.97715 -105.9156 21498.488 -28496.5 2304.35 -30800.9 24325.08
9.44 268.02962 693.26139 21398.733 -28447.8 2403.46 -30851.3 24301.467
9.45 258.63978 269.25517 21426.624 -28556.3 2319.26 -30875.5 24381.711
9.46 277.98018 -105.63386 21530.642 -28283.3 2492.69 -30776 24486.306
9.47 273.47339 -305.35049 21513.544 -28215.9 2452.28 -30668.2 24489.516
9.48 263.11478 208.65669 21453.545 -28316.9 2359.39 -30676.3 24484.257
9.49 285.13526 -143.21461 21627.111 -28155.2 2556.85 -30712 24601.971
9.5 278.9851 108.5268 21537.885 -28437.4 2501.7 -30939.1 24606.901
9.51 272.99938 230.28098 21489.321 -28152.7 2448.03 -30600.8 24585.835
9.52 254.35097 196.55078 21627.795 -28366.8 2280.81 -30647.6 24665.805
9.53 282.95618 134.43406 21327.146 -28057.8 2537.31 -30595.1 24443.468
9.54 269.62639 372.89426 21553.735 -28277.4 2417.78 -30695.2 24615.663
9.55 277.35294 607.32594 21474.073 -28271.9 2487.07 -30758.9 24610.533
9.56 284.52677 1004.4235 21294.718 -28111 2551.4 -30662.4 24574.893
9.57 281.00911 37.676186 21539.002 -28296.3 2519.85 -30816.1 24832.576
9.58 279.47734 -631.90326 21597.02 -28211.6 2506.12 -30717.7 24880.964
9.59 279.58607 -790.25138 21640.79 -28022.9 2507.09 -30530 24929.906
9.6 267.39327 317.3925 21578.481 -28322.2 2397.76 -30720 24913.956
9.61 276.68903 214.96077 21556.205 -28053.4 2481.11 -30534.5 24896.664
9.62 270.21084 -130.68957 21455.456 -28424.8 2423.02 -30847.8 24887.271
9.63 273.90031 -575.73795 21554.111 -28178.8 2456.11 -30634.9 24934.006
9.64 266.86405 471.1168 21286.23 -28305.5 2393.01 -30698.5 24755.356
9.65 257.50889 148.12792 21501.766 -28447.5 2309.12 -30756.6 24921.241
9.66 264.48538 874.92781 21365.686 -28255.2 2371.68 -30626.9 24834.142
9.67 265.49943 656.54131 21468.165 -28491.8 2380.78 -30872.6 24945.181
9.68 272.29678 -225.38735 21605.708 -28261.9 2441.73 -30703.6 25062.315
9.69 267.76976 -222.679 21504.703 -28267.8 2401.13 -30668.9 24948.728
9.7 279.5054 157.89379 21466.851 -28218.9 2506.37 -30725.3 24936.166
9.71 275.32575 372.01665 21452.372 -28426.8 2468.89 -30895.7 24912.181
9.72 256.88328 920.35045 21226.025 -28462.7 2303.51 -30766.2 24805.604
9.73 281.14052 -81.540105 21496.518 -28068.5 2521.03 -30589.5 25084.542
9.74 266.03207 -214.06843 21598.586 -28422.2 2385.55 -30807.8 25183.962
9.75 277.10949 117.2492 21506.077 -28151.8 2484.88 -30636.7 25115.694
9.76 267.92311 -147.89626 21748.801 -28402.5 2402.51 -30805 25387.193
9.77 270.65223 528.66602 21307.954 -28216.4 2426.98 -30643.4 25056.493
9.78 273.87704 -656.3395 21783.885 -28169.9 2455.9 -30625.8 25536.839
9.79 262.85132 1040.0654 21467.808 -28388.6 2357.03 -30745.6 25209.681
9.8 271.99689 990.2912 21416.209 -28237 2439.04 -30676 25252.687
9.81 256.90055 501.9842 21257.007 -28511.5 2303.67 -30815.2 25124.069
9.82 277.81521 -402.74922 21484.56 -28260.1 2491.21 -30751.3 25352.015
9.83 258.87369 566.51293 21400.083 -28476.5 2321.36 -30797.9 25292.782
9.84 268.85334 268.11469 21253.946 -28329 2410.85 -30739.8 25202.268
9.85 262.64758 -731.9666 21359.171 -28386.2 2355.2 -30741.4 25244.867
9.86 282.54815 -563.17001 21537.497 -28248.1 2533.65 -30781.8 25425.737
9.87 259.88907 191.72941 21406.961 -28387.9 2330.47 -30718.3 25353.824
9.88 285.97185 -134.70164 21517.706 -28163.5 2564.36 -30727.9 25465.787
9.89 273.77433 483.68259 21576.092 -28231.3 2454.98 -30686.3 25537.319
9.9 266.07742 226.36057 21261.99 -28378.2 2385.96 -30764.1 25354.398
9.91 277.66788 -50.253806 21436.894 -28446.3 2489.89 -30936.2 25513.291
9.92 266.25098 91.114701 21601.619 -28205.1 2387.51 -30592.7 25727.267
9.93 268.24313 -60.461477 21733.723 -28339.8 2405.38 -30745.1 25891.964
9.94 271.04844 359.72717 21235.589 -28303.9 2430.53 -30734.4 25515.244
9.95 289.18053 495.35643 21479.686 -28102.5 2593.13 -30695.7 25706.661
9.96 268.50482 441.81244 21386.032 -28407.3 2407.73 -30815 25655.092
9.97 272.99047 233.8474 21548.825 -28216.5 2447.95 -30664.5 25858.736
9.98 265.74916 -327.14129 21537.59 -28420.6 2383.01 -30803.6 25824.335
