0 268.36702 -266.16114 46438.329 -63731.3 5120.9 -68852.2 10.15355
0.01 268.91042 470.19231 46058.931 -63995.2 5131.27 -69126.4 20.62243
0.02 262.91032 -225.42366 46515.015 -63711.6 5016.78 -68728.3 30.426766
0.03 277.77936 500.98755 46140.471 -63500.8 5300.51 -68801.3 41.265632
0.04 268.46891 374.19328 46185.167 -63769.5 5122.85 -68892.3 51.13396
0.05 269.748 -631.90119 46619.724 -63412.8 5147.25 -68560.1 61.207593
0.06 259.48709 5.351338 46202.007 -64093.5 4951.46 -69044.9 69.497635
0.07 265.6906 236.03436 46415.38 -63793 5069.83 -68862.8 76.161676
0.08 277.03058 -349.19845 46553.203 -63692.3 5286.22 -68978.5 86.365194
0.09 275.05878 318.03792 46210.415 -64001.4 5248.59 -69250 93.889818
0.1 266.46009 -123.97545 46375.952 -63867.8 5084.52 -68952.4 102.85328
0.11 265.74818 283.16973 46303.598 -63776.2 5070.93 -68847.1 113.29524
0.12 258.63491 -35.986675 46556.622 -63880.2 4935.2 -68815.4 124.55165
0.13 267.97974 680.41392 46191.114 -63810.2 5113.51 -68923.7 133.2619
0.14 265.56797 232.99114 46403.345 -64032.9 5067.49 -69100.4 141.91635
0.15 267.91121 60.46114 46720.464 -63478.3 5112.21 -68590.5 148.89405
0.16 265.18212 -36.738335 46251.558 -63818.1 5060.13 -68878.2 160.19303
0.17 262.43304 -207.83022 46425.649 -63465.4 5007.67 -68473.1 166.99471
0.18 275.65458 -117.93481 46471.736 -63525.2 5259.96 -68785.2 178.80109
0.19 262.85392 -225.79197 46609.604 -63654.5 5015.7 -68670.2 187.59234
0.2 270.24679 178.85593 46344.393 -64019.9 5156.77 -69176.6 192.44874
0.21 268.92353 148.85946 46408.593 -63852.8 5131.52 -68984.3 198.56293
0.22 271.25865 -778.36277 46840.409 -63817.7 5176.08 -68993.8 208.41135
0.23 268.30013 -628.74467 46768.093 -64197.5 5119.63 -69317.1 217.53155
0.24 268.02794 27.708969 46482.354 -64344.1 5114.43 -69458.5 225.24599
0.25 272.96045 -149.34942 46711.215 -64276.6 5208.55 -69485.1 231.21954
0.26 262.49127 184.53149 46421.01 -64793.1 5008.78 -69801.9 234.28581
0.27 264.67669 -67.759489 46419.207 -64311.5 5050.49 -69362 241.00905
0.28 274.59682 112.30255 46374.556 -64565.2 5239.78 -69804.9 249.33606
0.29 267.5499 -295.84463 46602.986 -64529.6 5105.31 -69634.9 251.46455
0.3 272.55802 -34.060661 46672.914 -64841 5200.87 -70041.8 258.23766
0.31 269.91762 -744.69773 46932.882 -65353.2 5150.49 -70503.7 264.96968
0.32 266.37482 226.83761 46641.406 -65301.3 5082.89 -70384.2 266.43227
0.33 274.07053 9.9058977 46476.522 -65481.8 5229.74 -70711.5 270.32793
0.34 272.1488 229.83077 46534.632 -65050.2 5193.07 -70243.2 272.76285
0.35 264.3195 405.99803 46688.691 -65543.9 5043.67 -70587.5 276.75471
0.36 268.10864 -33.685942 46802.635 -65254.5 5115.97 -70370.5 282.94817
0.37 259.90489 -196.99918 46666.564 -65418.9 4959.43 -70378.3 285.74087
0.38 274.59466 155.24789 46659.449 -64637.4 5239.74 -69877.1 290.6866
0.39 274.1133 -25.84162 46780.343 -65173.9 5230.55 -70404.5 299.58405
0.4 271.07744 540.75626 46393.253 -64802 5172.62 -69974.6 301.47034
0.41 269.11371 -203.03725 46523.621 -65169.9 5135.15 -70305 306.65602
0.42 258.06123 -349.46436 46714.09 -65226 4924.25 -70150.2 314.13879
0.43 265.47594 -604.57286 46982.925 -65042.4 5065.74 -70108.1 322.64638
0.44 273.85776 412.54545 46474.718 -65365.6 5225.68 -70591.2 322.21849
0.45 269.85258 -329.74063 46861.002 -65049.8 5149.25 -70199 327.42219
0.46 265.89134 -1036.7001 47193.855 -65078.2 5073.66 -70151.9 328.31067
0.47 274.75938 381.31591 46448.44 -65389 5242.88 -70631.9 331.02567
0.48 271.85114 -361.15162 46817.161 -65188 5187.39 -70375.4 334.56621
0.49 260.67472 -256.31872 46660.446 -65620.7 4974.12 -70594.8 338.73022
0.5 269.42611 249.69552 46599.995 -65510.2 5141.11 -70651.3 340.07251
0.51 264.63134 -282.96821 46803.341 -65769.9 5049.62 -70819.6 344.40874
0.52 276.21658 502.79328 46459.025 -65501 5270.69 -70771.7 347.4905
0.53 255.87743 22.07276 46719.879 -65945.3 4882.58 -70827.9 347.76497
0.54 261.42921 -143.14018 46713.325 -65997 4988.52 -70985.5 351.38914
0.55 269.60698 438.27468 46399.518 -65948 5144.56 -71092.5 354.04459
0.56 280.00966 516.507 46478.523 -65583.6 5343.06 -70926.7 356.62405
0.57 270.76851 -108.25561 46852.926 -65556.6 5166.73 -70723.4 360.18258
0.58 263.32417 565.64342 46499.03 -66145.8 5024.68 -71170.5 362.73563
0.59 275.08537 -104.36487 46682.991 -65897.2 5249.1 -71146.3 366.02639
0.6 266.26397 23.539312 46666.792 -65852.2 5080.77 -70932.9 366.40203
0.61 266.42635 387.11451 46453.247 -65538.4 5083.87 -70622.3 367.05186
0.62 266.44284 -495.51163 46928.098 -65698.8 5084.19 -70783 370.89627
0.63 264.87321 325.17877 46400.666 -65981.3 5054.24 -71035.6 371.11889
0.64 272.74225 422.07372 46384.068 -65884.1 5204.39 -71088.5 371.89741
0.65 263.46381 130.40004 46583.789 -66017.8 5027.34 -71045.2 373.4133
0.66 264.49221 95.072552 46617.601 -66159.3 5046.97 -71206.2 374.10088
0.67 265.83039 403.05602 46385.846 -65887.7 5072.5 -70960.2 374.92498
0.68 253.87743 -439.791 46937.394 -66325 4844.42 -71169.4 379.47915
0.69 268.42022 -381.34819 47077.509 -65848.6 5121.92 -70970.6 383.82054
0.7 267.82643 147.62325 46738.957 -66215.6 5110.59 -71326.2 385.27135
0.71 269.07538 599.50724 46562.486 -66398.7 5134.42 -71533.1 385.21178
0.72 265.02645 -269.70278 46877.708 -66467.1 5057.16 -71524.3 386.79555
0.73 250.06429 -199.63346 46779.78 -66653.7 4771.66 -71425.4 389.21226
0.74 264.81518 466.09171 46556.049 -66345.5 5053.13 -71398.6 389.81822
0.75 268.19721 279.20204 46576.959 -66618.2 5117.66 -71735.8 389.26993
0.76 268.6126 153.56066 46764.637 -66506.1 5125.59 -71631.7 390.59239
0.77 267.18178 237.09696 46594.833 -66648.4 5098.29 -71746.7 393.93303
0.78 270.18832 230.71662 46632.177 -66350.4 5155.66 -71506.1 397.39545
0.79 269.97583 -322.45961 46920.8 -66554.4 5151.6 -71706 401.04923
0.8 266.39882 80.289278 46810.995 -66720.6 5083.35 -71803.9 401.53337
0.81 279.38599 403.32303 46650.629 -66454.4 5331.16 -71785.5 403.04906
0.82 261.22842 52.629442 46584.75 -66605.1 4984.69 -71589.8 403.16809
0.83 271.36992 102.13941 46612.867 -66353.6 5178.2 -71531.8 403.28836
0.84 256.58995 -318.51325 46870.837 -66654.9 4896.18 -71551 405.79238
0.85 263.05599 -290.86235 46931.527 -66381.9 5019.56 -71401.5 406.8719
0.86 263.00745 354.55593 46643.245 -66157.9 5018.63 -71176.5 407.44916
0.87 262.12207 -36.564645 46772.269 -66597.4 5001.74 -71599.1 410.02089
0.88 274.46074 539.17955 46503.429 -66247 5237.18 -71484.2 408.16124
0.89 275.48477 43.760384 46787.352 -65993.1 5256.72 -71249.8 414.41293
0.9 264.31738 -755.83002 47128.997 -66370.1 5043.63 -71413.8 416.6293
0.91 262.76988 110.85166 46497.542 -66043.8 5014.1 -71057.9 415.9437
0.92 268.47414 290.18004 46621.464 -65977.2 5122.95 -71100.2 418.72199
0.93 274.19146 -452.11715 46991.652 -65777.4 5232.04 -71009.5 424.61986
0.94 269.05209 -166.76839 46903.316 -66169.7 5133.98 -71303.7 429.59261
0.95 266.68647 -307.3318 46989.199 -66499.8 5088.84 -71588.6 429.0559
0.96 271.49308 -234.17457 46890.652 -66269.2 5180.55 -71449.8 428.40703
0.97 264.44778 91.295864 46778.038 -66506.6 5046.12 -71552.7 427.29076
0.98 268.89554 615.14526 46438.188 -66332.5 5130.99 -71463.5 426.74882
0.99 271.09116 458.09219 46515.486 -66015.3 5172.88 -71188.2 428.09398
1 272.26812 694.9973 46423.187 -66235.7 5195.34 -71431.1 428.93343
1.01 263.7354 -537.62794 46983.638 -66462.1 5032.52 -71494.6 432.93368
1.02 271.57197 297.16763 46600.123 -66449.1 5182.06 -71631.2 431.78872
1.03 266.08511 599.00031 46470.581 -66517.7 5077.36 -71595.1 430.59389
1.04 265.11122 667.5522 46275.649 -66791.7 5058.78 -71850.5 433.45185
1.05 260.85317 427.7286 46442.84 -66506.9 4977.53 -71484.4 436.70847
1.06 275.13913 -95.481065 46769.278 -66192.7 5250.13 -71442.8 440.72329
1.07 261.70016 110.72814 46648.189 -66553.5 4993.69 -71547.2 441.19882
1.08 279.08877 698.72289 46618.158 -66468.3 5325.49 -71793.8 440.89871
1.09 278.63238 511.33517 46448.264 -66442.1 5316.78 -71758.9 442.31713
1.1 271.57006 175.39177 46690.073 -66248.6 5182.02 -71430.7 445.334
1.11 263.8938 0.10352606 46575.594 -66501.7 5035.55 -71537.2 447.93394
1.12 264.50727 115.0475 46669.983 -66331.9 5047.25 -71379.1 450.5081
1.13 267.88866 -460.64586 46977.627 -66241.5 5111.78 -71353.2 452.81563
1.14 270.16297 -133.13067 46764.901 -66492.8 5155.17 -71647.9 454.79939
1.15 274.99902 594.86444 46415.788 -66198.5 5247.45 -71446 451.58228
1.16 255.30938 277.33692 46787.517 -66585.6 4871.74 -71457.3 456.47771
1.17 271.52719 443.07335 46506.347 -66483.1 5181.2 -71664.3 456.39742
1.18 266.35689 -304.51179 46803.682 -66314.3 5082.55 -71396.8 460.70175
1.19 275.82905 -586.38613 47010.61 -66227.9 5263.29 -71491.2 464.63658
1.2 264.28201 -275.04107 46890.079 -66820.6 5042.95 -71863.5 464.45816
1.21 271.46958 1020.9791 46210.749 -66324.5 5180.1 -71504.6 461.73012
1.22 265.12377 543.64974 46507.513 -66581.3 5059.02 -71640.3 466.17412
1.23 266.8941 68.481623 46790.267 -66934.1 5092.8 -72026.9 468.48103
1.24 267.03102 -268.35585 47008.867 -66719.2 5095.41 -71814.6 470.20275
1.25 268.93918 -437.62057 46788.369 -66710.3 5131.82 -71842.1 470.35068
1.26 261.61154 -157.8349 46840.321 -67009.7 4992 -72001.7 472.32256
1.27 268.77327 543.98254 46573.703 -66499.9 5128.66 -71628.6 473.52482
1.28 264.77113 182.33594 46639.578 -66836 5052.29 -71888.3 472.44922
1.29 264.13156 606.24893 46471.282 -66822.5 5040.08 -71862.5 471.96916
1.3 266.30685 -60.454622 46832.212 -66737.9 5081.59 -71819.5 474.43897
1.31 272.51889 779.40803 46320.46 -66306 5200.13 -71506.1 470.68478
1.32 268.13518 622.70225 46379.719 -66555.8 5116.48 -71672.2 471.11276
1.33 265.59677 164.29201 46812.797 -66398.8 5068.04 -71466.9 474.33032
1.34 265.60539 256.38004 46616.075 -66537.9 5068.21 -71606.1 473.94279
1.35 271.65254 526.11713 46444.268 -66257.1 5183.6 -71440.7 473.00777
1.36 266.76233 -7.8659489 46721.802 -66301 5090.28 -71391.3 472.37269
1.37 263.59454 -745.33952 47217.714 -66457.2 5029.84 -71487 477.31752
1.38 260.85636 -538.37657 47149.113 -66805.7 4977.59 -71783.3 477.64447
1.39 266.81876 -616.95012 47162.308 -66671.8 5091.36 -71763.1 479.12597
1.4 266.9717 -86.60457 46752.261 -66632.1 5094.28 -71726.4 477.68293
1.41 267.70661 244.02819 46555 -66367.9 5108.3 -71476.2 477.67073
1.42 261.61362 672.33503 46481.395 -66918.8 4992.04 -71910.8 480.10268
1.43 270.17862 -541.49678 46960.738 -66577.8 5155.47 -71733.2 484.00626
1.44 266.01905 48.1515 46667.111 -66414.3 5076.1 -71490.4 481.25826
1.45 259.39001 -11.387817 46674.174 -66617.6 4949.61 -71567.2 484.02708
1.46 257.11244 -462.69224 46907.104 -66737.9 4906.15 -71644.1 485.93002
1.47 267.44755 -146.99697 46797.385 -66414.1 5103.36 -71517.4 488.91709
1.48 269.26755 390.84788 46646.431 -66513.3 5138.09 -71651.4 486.10237
1.49 269.56467 248.3386 46572.967 -66172.2 5143.76 -71316 484.01034
1.5 273.90542 -527.78721 46875.129 -65979.9 5226.59 -71206.4 486.73694
1.51 265.91349 -897.5145 47392.568 -66124.4 5074.09 -71198.4 490.01669
1.52 268.92753 -200.4867 46814.795 -66211.8 5131.6 -71343.4 489.84669
1.53 277.89594 -579.72233 47182.972 -65869.2 5302.73 -71171.9 493.72112
1.54 264.85682 -500.64154 47127.158 -66200.2 5053.92 -71254.2 495.88652
1.55 278.36784 184.02554 46832.159 -65790.9 5311.74 -71102.6 495.03924
1.56 269.86641 339.71334 46605.839 -66317.7 5149.51 -71467.2 496.41006
1.57 267.07513 -422.40225 46965.882 -66072.2 5096.25 -71168.5 499.91264
1.58 260.61735 -322.06509 46862.976 -66104.9 4973.03 -71078 502.5492
1.59 249.97601 -20.972273 46699.718 -66601.8 4769.97 -71371.8 502.53751
1.6 267.88626 431.84231 46520.927 -66331.6 5111.73 -71443.4 504.19126
1.61 265.10144 -281.78988 46774.985 -66021.7 5058.59 -71080.3 506.95584
1.62 265.02209 -552.07936 47275.561 -66344.2 5057.08 -71401.2 513.58201
1.63 261.73754 -611.26354 46945.953 -66505.1 4994.4 -71499.5 515.62697
1.64 267.1129 49.889805 46773.757 -66417.3 5096.97 -71514.3 515.11848
1.65 257.28459 36.029398 46545.934 -66687.2 4909.43 -71596.6 515.32794
1.66 272.4211 337.73318 46594.224 -66650 5198.26 -71848.2 518.78213
1.67 260.80318 256.55568 46564.253 -66643.9 4976.57 -71620.5 518.94372
1.68 268.32286 -663.31716 46970.728 -66405.3 5120.06 -71525.4 521.8057
1.69 274.96996 -299.278 46949.291 -66118.6 5246.9 -71365.5 524.66941
1.7 263.17254 -405.22865 47160.169 -66627.7 5021.78 -71649.5 527.90761
1.71 259.8903 -250.15925 46892.283 -66711.2 4959.15 -71670.4 524.81911
1.72 264.43959 -559.00028 47160.363 -66544.6 5045.96 -71590.6 527.50227
1.73 262.48096 62.180239 46670.207 -66651.4 5008.59 -71659.9 526.40595
1.74 276.56173 372.41006 46750.132 -66449.8 5277.27 -71727.1 528.20732
1.75 260.47076 -539.50257 47025.234 -66972 4970.23 -71942.2 529.4232
1.76 266.06121 333.5094 46690.75 -66260.4 5076.9 -71337.3 528.04409
1.77 257.69725 596.63709 46423.324 -66466.1 4917.31 -71383.4 526.82411
1.78 264.58017 -40.872488 46726.724 -66312.7 5048.64 -71361.4 529.25085
1.79 271.6468 -622.996 47071.083 -66360.4 5183.49 -71543.9 536.2424
1.8 262.07929 -90.368165 46654.83 -66505.6 5000.92 -71506.5 533.67608
1.81 266.24958 476.67914 46549.036 -66365 5080.5 -71445.5 535.93076
1.82 276.53213 259.9308 46672.361 -66070.7 5276.71 -71347.4 537.93186
1.83 268.59374 -556.17722 47140.372 -66434 5125.23 -71559.3 544.94995
1.84 272.59004 29.566688 46876.807 -66170.5 5201.49 -71371.9 543.14301
1.85 265.01753 193.79798 46541.377 -66473.5 5056.99 -71530.5 542.17888
1.86 276.28089 273.35211 46657.256 -66212.2 5271.91 -71484.2 541.65442
1.87 262.85969 49.563873 46989.195 -66522.5 5015.81 -71538.4 546.42966
1.88 272.50535 30.264171 46704.366 -66241.9 5199.87 -71441.7 546.52483
1.89 270.1919 -710.62974 47173.878 -66434.5 5155.72 -71590.2 551.65022
1.9 276.08484 -128.08232 46887.722 -66409 5268.17 -71677.2 548.57125
1.91 275.07808 183.26067 46597.729 -66347.3 5248.96 -71596.3 548.95467
1.92 266.76032 -235.60459 46983.944 -66235.4 5090.24 -71325.7 553.2587
1.93 261.5068 6.9355805 46847.635 -66631.9 4990 -71621.9 555.18087
1.94 262.40399 -5.9282399 46638.251 -66667.3 5007.12 -71674.4 554.01378
1.95 257.54892 -375.68444 46917.748 -66585.9 4914.48 -71500.4 559.30843
1.96 277.14735 370.81477 46829.351 -65943.5 5288.45 -71231.9 557.69406
1.97 265.10124 283.75933 46612.138 -66551.4 5058.59 -71609.9 556.40092
1.98 266.51222 -100.16729 46905.442 -66495.9 5085.51 -71581.4 558.68639
1.99 265.99804 -838.21391 47183.206 -66104.8 5075.7 -71180.5 561.92719
2 265.70209 -46.884539 46741.909 -66494.4 5070.05 -71564.4 561.02278
2.01 264.34461 10.871619 46974.989 -66623.2 5044.15 -71667.3 564.35643
2.02 266.49682 -618.14833 47026.19 -66648 5085.22 -71733.2 565.10714
2.03 263.37058 -302.42192 46941.817 -66531.8 5025.56 -71557.4 566.07009
2.04 267.74367 73.280834 46664.787 -66704.1 5109.01 -71813.1 565.18053
2.05 271.36597 134.57003 46567.46 -66440.7 5178.13 -71618.9 566.14825
2.06 268.41232 357.60817 46616.241 -66783.9 5121.77 -71905.7 567.87498
2.07 273.13115 318.27763 46577.119 -66575 5211.81 -71786.8 568.7844
2.08 257.94256 252.19205 46747.366 -66700.2 4921.99 -71622.2 574.66473
2.09 259.19887 -241.12256 47017.151 -66814.9 4945.96 -71760.9 577.71892
2.1 267.39667 -241.49455 46964.149 -66631.1 5102.39 -71733.5 577.81776
2.11 270.27719 166.66234 46833.979 -66433.4 5157.35 -71590.8 577.54407
2.12 258.79664 -237.47196 46873.582 -66634.3 4938.28 -71572.5 581.76412
2.13 263.46761 -418.18233 47004.893 -66417.3 5027.41 -71444.7 585.12082
2.14 263.10275 -59.624911 46792.719 -66796.8 5020.45 -71817.3 583.82581
2.15 273.35545 -64.971611 47012.076 -66290.3 5216.09 -71506.4 586.7377
2.16 273.80405 383.01808 46613.651 -66571 5224.65 -71795.7 585.19051
2.17 267.21352 274.9282 46788.871 -66353.5 5098.89 -71452.4 590.42481
2.18 264.96346 678.23059 46529.003 -66451.6 5055.96 -71507.6 587.20402
2.19 256.79126 -78.715296 46610.737 -66986.6 4900.02 -71886.6 591.41623
2.2 262.08853 -598.69308 47211.247 -66717.1 5001.1 -71718.2 597.79289
2.21 276.8701 -222.93525 46988.75 -66434.5 5283.16 -71717.7 599.29527
2.22 264.11489 -461.95184 47126.421 -66548.6 5039.77 -71588.4 601.58694
2.23 269.96027 -540.73585 47134.148 -66650.3 5151.3 -71801.6 600.08536
2.24 262.91124 -150.63244 46853.147 -66571.3 5016.8 -71588.1 600.04947
2.25 267.5033 -311.88702 46916.025 -66546 5104.42 -71650.4 601.04505
2.26 255.73614 -668.19807 47085.495 -66705.2 4879.88 -71585.1 603.48084
2.27 265.57764 -540.6631 47114.362 -66628.1 5067.68 -71695.8 607.59557
2.28 256.00389 -448.08169 46941.926 -66907.6 4884.99 -71792.6 607.58252
2.29 261.82434 -87.973237 46769.888 -66664.3 4996.06 -71660.4 609.33592
2.3 265.05727 -34.926149 46875.424 -67017.9 5057.75 -72075.6 611.76738
2.31 267.65911 6.4085791 46785.482 -66564.3 5107.39 -71671.7 611.12283
2.32 269.81945 522.83953 46506.351 -66630.2 5148.62 -71778.8 608.73052
2.33 271.43427 -579.40549 46982.621 -66496.3 5179.43 -71675.7 611.84859
2.34 265.22032 -132.13094 46830.401 -66673.3 5060.86 -71734.2 610.00641
2.35 266.03167 -281.77475 46985.736 -66657.2 5076.34 -71733.5 613.67427
2.36 266.12067 135.49517 46689.685 -66563.2 5078.04 -71641.2 612.5298
2.37 272.65479 435.33726 46595.933 -66385 5202.72 -71587.8 613.06781
2.38 269.21877 109.51646 46630.744 -66534.5 5137.16 -71671.7 611.96209
2.39 277.53714 483.48388 46510.79 -66360.8 5295.88 -71656.7 614.07345
2.4 277.75234 330.65066 46615.398 -66252.1 5299.99 -71552.1 615.27827
2.41 268.02652 -386.34918 46953.56 -66540.2 5114.41 -71654.6 620.60348
2.42 269.68944 -870.47496 47230.677 -66560.6 5146.14 -71706.7 622.77086
2.43 275.49986 -56.594707 46805.956 -66823.1 5257.01 -72080.2 621.07992
2.44 267.30228 379.24194 46561.728 -66502.3 5100.59 -71602.9 617.6234
2.45 263.65325 -391.18227 46906.128 -66807.4 5030.96 -71838.3 621.97069
2.46 272.34495 286.80262 46698.796 -66688.7 5196.81 -71885.5 618.61437
2.47 272.97251 -636.93825 47003.059 -66254.6 5208.78 -71463.4 621.93598
2.48 264.21169 -364.54815 47101.513 -66586.2 5041.61 -71627.8 627.57668
2.49 271.02297 -499.35188 47192.665 -66397.6 5171.58 -71569.2 630.51556
2.5 265.58087 -683.05136 47253.608 -66645.6 5067.74 -71713.4 629.67725
2.51 272.2733 -639.54021 47155.029 -66257 5195.44 -71452.4 633.06192
2.52 261.69243 -56.554544 46734.425 -66603.8 4993.54 -71597.4 629.26097
2.53 254.01318 -798.94148 47094.319 -66862.8 4847.01 -71709.8 633.54865
2.54 271.6272 241.21004 46730.96 -66538.3 5183.11 -71721.4 631.70556
2.55 268.85075 340.57037 46643.279 -66660.7 5130.13 -71790.8 631.54815
2.56 267.04189 296.76273 46757.591 -66788.8 5095.62 -71884.4 632.39908
2.57 274.49915 237.85558 46798.64 -66647.5 5237.91 -71885.4 631.70948
2.58 266.87885 502.67513 46382.921 -66993.3 5092.51 -72085.8 628.51933
2.59 271.78301 319.21684 46535.19 -66509.7 5186.09 -71695.8 630.78782
2.6 274.27909 -250.92557 46967.189 -66333.3 5233.72 -71567 635.75054
2.61 274.96201 -151.53056 46852.082 -66597.7 5246.75 -71844.5 635.66919
2.62 274.16894 54.56721 46908.676 -66429.1 5231.61 -71660.7 637.66138
2.63 272.53135 798.33917 46436.449 -66696 5200.37 -71896.3 636.44775
2.64 260.2044 -213.62764 46811.824 -66523.4 4965.15 -71488.6 640.31319
2.65 275.58947 616.01014 46483.377 -66038.6 5258.72 -71297.4 642.1907
2.66 263.76349 -625.19835 47106.126 -66348.3 5033.06 -71381.4 649.69955
2.67 277.59407 -701.94233 47380.613 -66172.7 5296.97 -71469.7 651.66333
2.68 269.31583 -574.83182 47030.463 -66639.6 5139.01 -71778.6 651.01425
2.69 269.87831 273.52518 46821.74 -66246.4 5149.74 -71396.1 650.69427
2.7 273.81775 483.00281 46665.682 -66129 5224.91 -71354 649.11818
2.71 265.18635 -241.66577 46747.824 -66435.9 5060.21 -71496.1 649.76848
2.72 270.90028 85.839677 46814.225 -66249.1 5169.24 -71418.4 652.10555
2.73 263.03827 560.34556 46456.418 -66860.6 5019.22 -71879.8 649.18936
2.74 264.19486 376.08152 46318.685 -66401.8 5041.29 -71443.1 648.63744
2.75 277.98965 736.38866 46427.813 -65925.1 5304.52 -71229.6 650.4873
2.76 266.47654 658.42034 46472.243 -66264.2 5084.83 -71349 654.05467
2.77 274.93137 -613.04226 47172.82 -66119.6 5246.16 -71365.7 660.8225
2.78 273.82431 -35.159876 46749.825 -66116.5 5225.04 -71341.5 656.05694
2.79 273.15397 -161.85798 46938.445 -65952.2 5212.25 -71164.5 663.16317
2.8 267.54547 409.50856 46627.542 -66408.5 5105.23 -71513.7 661.89987
2.81 271.90313 -240.08565 46786.526 -65967 5188.38 -71155.4 665.33408
2.82 274.95924 372.72772 46584.737 -66376 5246.69 -71622.6 666.64368
2.83 273.01778 -413.3107 46942.175 -66335.8 5209.65 -71545.5 670.95992
2.84 262.91622 -33.145634 46770.499 -66549.8 5016.89 -71566.7 670.45262
2.85 270.55711 14.3934 46871.841 -66815.1 5162.69 -71977.8 671.83378
2.86 264.91291 399.76793 46450.856 -66819.5 5054.99 -71874.5 666.97172
2.87 284.9731 318.6879 46509.031 -66532.9 5437.78 -71970.6 669.66647
2.88 261.13431 -687.38639 46908.472 -66601 4982.89 -71583.8 676.33458
2.89 263.08989 -584.44071 47013.554 -66632.1 5020.21 -71652.4 677.56037
2.9 271.11513 -10.701453 46802.836 -66651.7 5173.34 -71825 678.50197
2.91 264.42682 505.061 46498.196 -66845.8 5045.72 -71891.5 676.55335
2.92 271.75293 474.0879 46648.07 -66752.6 5185.51 -71938.1 679.99919
2.93 268.09034 492.74014 46546.383 -66842.5 5115.62 -71958.1 680.18057
2.94 264.18154 103.90842 46671.473 -66833.5 5041.04 -71874.6 682.79238
2.95 280.45689 19.139615 46810.52 -66612.7 5351.6 -71964.3 683.95761
2.96 261.04221 -215.92117 47140.475 -66958.9 4981.13 -71940 689.6744
2.97 271.55888 -579.09828 47315.521 -66756.5 5181.81 -71938.3 691.93208
2.98 271.14946 -207.70897 46812.269 -66537.3 5174 -71711.3 686.9539
2.99 262.98879 137.95603 46681.605 -66704.2 5018.28 -71722.5 684.20695
3 274.71515 3.3225666 46760.366 -66273.6 5242.04 -71515.6 685.39668
3.01 252.24124 -268.14001 46983.042 -66740.7 4813.2 -71553.9 688.62362
3.02 266.34221 -926.98343 47154.425 -66523 5082.27 -71605.2 690.43557
3.03 272.50083 -45.352005 46896.568 -66137.8 5199.78 -71337.6 690.86525
3.04 262.57411 -411.75572 47008.198 -66272.5 5010.36 -71282.9 694.93667
3.05 274.78722 387.94965 46631.897 -66309.4 5243.41 -71552.8 693.23138
3.06 275.18364 198.89574 46630.703 -66191.7 5250.98 -71442.7 693.76113
3.07 279.53634 610.82892 46452.241 -65785.4 5334.03 -71119.4 689.65356
3.08 270.6957 -261.41318 46941.471 -66112.1 5165.34 -71277.5 697.15676
3.09 269.43863 -129.00445 46850.186 -66483.5 5141.35 -71624.8 696.00252
3.1 278.37469 -499.39123 47123.91 -66017.9 5311.87 -71329.8 697.97476
3.11 272.05534 -306.94335 46804.464 -66302.6 5191.28 -71493.9 697.01635
3.12 262.15122 -777.76864 47174.677 -66389.1 5002.3 -71391.4 702.27981
3.13 276.72707 -310.36126 47075.756 -65977.2 5280.43 -71257.7 704.00143
3.14 270.31176 -185.33658 46854.058 -66482.6 5158.01 -71640.7 704.73911
3.15 272.32985 -378.50383 46974.873 -66227.3 5196.52 -71423.8 709.5289
3.16 268.07934 707.8796 46558.655 -66185.3 5115.41 -71300.8 708.71325
3.17 268.4449 332.62975 46530.543 -66383.1 5122.39 -71505.5 711.54341
3.18 276.13949 534.2439 46572.723 -66239.7 5269.21 -71508.9 713.75759
3.19 269.09722 309.21164 46521.986 -66535.9 5134.84 -71670.7 714.64238
3.2 276.67156 -90.734321 46859.659 -66354.6 5279.37 -71633.9 721.51876
3.21 266.04648 220.9572 46841.98 -66476.5 5076.62 -71553.1 724.72207
3.22 260.53069 -528.85246 46963.836 -66799.5 4971.37 -71770.9 729.47374
3.23 273.94159 -487.7684 47033.21 -66410.2 5227.28 -71637.5 729.53028
3.24 265.65429 116.15497 46787.917 -66867.7 5069.14 -71936.8 727.84071
3.25 264.0986 -221.39915 46835.075 -66484.7 5039.45 -71524.1 732.60559
3.26 274.42972 -43.467711 46755.734 -66096.5 5236.59 -71333.1 736.88934
3.27 262.79952 34.701346 46625.247 -66477.7 5014.67 -71492.4 738.26242
3.28 272.09852 64.57269 46796.268 -66290.8 5192.11 -71482.9 742.84249
3.29 262.5667 51.741765 46838.162 -66453.3 5010.22 -71463.6 741.20201
3.3 271.88209 -77.635633 46824.625 -66167.4 5187.98 -71355.4 745.33284
3.31 270.08604 368.55953 46546.675 -66609 5153.7 -71762.7 740.68754
3.32 263.54912 312.98258 46473.71 -66761.2 5028.97 -71790.1 740.38235
3.33 265.98239 355.16993 46618.299 -66408.9 5075.4 -71484.3 742.33264
3.34 271.20975 -774.80927 47149.127 -66582.3 5175.15 -71757.5 749.25069
3.35 267.28017 -264.24065 46993.827 -66522.6 5100.16 -71622.8 749.9994
3.36 271.15616 -551.61029 47175.351 -66695 5174.12 -71869.2 749.57611
3.37 269.2754 8.1655209 46738.898 -66861.7 5138.24 -72000 747.57348
3.38 264.89542 349.52093 46776.199 -66547 5054.66 -71601.7 746.74271
3.39 262.48509 310.06778 46409.171 -66518.4 5008.67 -71527.1 742.84664
3.4 270.0258 427.2819 46589.255 -66440.3 5152.56 -71592.8 746.37968
3.41 273.35127 -160.38514 47209.024 -66574.7 5216.01 -71790.7 755.87989
3.42 260.21641 -333.3623 47103.954 -66714.3 4965.38 -71679.7 755.59301
3.43 266.96279 -547.30443 47166.505 -66744.9 5094.11 -71839 757.10929
3.44 267.44215 189.7755 46527.02 -66346.3 5103.25 -71449.5 750.85411
3.45 277.44541 443.72285 46708.871 -66129.8 5294.13 -71423.9 752.77394
3.46 267.38159 754.28322 46423.274 -66476.8 5102.1 -71578.9 751.46418
3.47 278.18249 390.39633 46526.644 -66209.9 5308.2 -71518.1 754.39406
3.48 256.75973 -302.04515 46856.827 -66631.1 4899.42 -71530.5 757.33298
3.49 278.15788 -44.673772 46863.068 -66284.4 5307.73 -71592.1 762.45136
3.5 269.00618 49.880901 46562.492 -66645.2 5133.1 -71778.3 758.96101
3.51 272.68193 -737.82235 47166.918 -66472.3 5203.24 -71675.6 766.19319
3.52 259.78512 497.8142 46505.799 -66914 4957.15 -71871.1 758.68054
3.53 270.47205 367.63654 46577.455 -66591.9 5161.07 -71753 760.84177
3.54 276.47737 182.49093 46687.293 -66348.7 5275.66 -71624.3 763.79607
3.55 268.58405 -346.66361 46993.08 -66551.1 5125.04 -71676.2 771.53043
3.56 267.08478 -411.11733 47054.052 -66570 5096.44 -71666.5 774.09148
3.57 279.70156 303.73439 46741.822 -66413.8 5337.19 -71751 770.6119
3.58 266.05468 225.47649 46617.056 -66605.8 5076.78 -71682.6 769.33492
3.59 281.67224 284.5135 46531.848 -66156.1 5374.79 -71530.9 768.63505
3.6 272.02262 183.46965 46737.907 -66419.5 5190.66 -71610.1 770.15511
3.61 262.40061 -47.000056 46890.11 -66545.5 5007.05 -71552.5 774.07608
3.62 282.32032 -163.3701 46841.521 -65988.9 5387.16 -71376.1 777.74454
3.63 269.92385 -428.90114 47056.645 -66688 5150.61 -71838.6 775.51222
3.64 263.99637 -195.96253 46850.931 -66570 5037.5 -71607.5 777.97075
3.65 274.73437 -223.08969 46996.898 -66298.4 5242.4 -71540.8 778.35437
3.66 270.62079 809.14789 46304.966 -66076.9 5163.91 -71240.8 772.00451
3.67 269.6884 6.1428955 46761.269 -66320.1 5146.12 -71466.2 777.59697
3.68 265.75501 -835.9886 47119.584 -66540.1 5071.06 -71611.2 785.77077
3.69 276.84499 -81.228958 46767.764 -66036.8 5282.68 -71319.5 785.09457
3.7 279.92151 -290.26253 46950.178 -65839.8 5341.38 -71181.1 789.78234
3.71 278.72252 244.15926 46769.511 -66180.6 5318.5 -71499.1 791.57241
3.72 274.43707 27.859479 46873.016 -66215.8 5236.73 -71452.5 793.8895
3.73 264.14548 85.204306 46691.321 -66692.6 5040.35 -71733 794.6465
3.74 259.28842 -179.43287 46728.79 -66093.6 4947.67 -71041.2 793.61299
3.75 265.39851 345.46132 46619.358 -66199.9 5064.26 -71264.1 789.88587
3.76 273.94224 305.11642 46686.917 -66047.1 5227.29 -71274.4 796.5426
3.77 283.16783 -357.96765 47102.073 -66454.4 5403.33 -71857.7 802.33448
3.78 274.90203 -348.95515 47076.989 -66326.8 5245.6 -71572.4 802.2721
3.79 267.12296 231.32854 46551.296 -66497.5 5097.16 -71594.7 799.14429
3.8 273.67558 536.58951 46425.252 -66169 5222.2 -71391.2 799.2888
3.81 278.57707 190.51845 46825.785 -66382.9 5315.73 -71698.6 802.77973
3.82 257.85271 -267.89488 46990.177 -66712.3 4920.27 -71632.6 807.13845
3.83 268.18085 -352.67284 46885.634 -66213.1 5117.35 -71330.4 805.77787
3.84 273.08505 -419.87057 47112.332 -66339 5210.93 -71550 815.52098
3.85 267.47721 79.328666 46818.016 -66517.5 5103.92 -71621.4 814.34047
3.86 270.95694 245.93957 46659.584 -66647 5170.32 -71817.3 813.55764
3.87 264.00759 231.15562 46545.659 -66380.4 5037.72 -71418.1 813.65894
3.88 267.26779 -346.57775 47014.916 -66701.3 5099.93 -71801.3 820.53182
3.89 272.35035 -19.667682 46759.544 -66543.9 5196.91 -71740.8 817.59196
3.9 268.17598 -489.0771 47116.178 -66402.2 5117.26 -71519.4 821.64157
3.91 265.31298 90.409872 46820.461 -66694.6 5062.63 -71757.3 818.58561
3.92 275.29026 50.691001 46626.676 -66442.9 5253.01 -71696 819.39165
3.93 269.05256 -190.94538 46944.195 -66425.5 5133.98 -71559.5 824.89757
3.94 268.18325 3.1946538 46805.736 -66407.2 5117.4 -71524.6 827.57763
3.95 272.62913 231.72661 46665.376 -66313.6 5202.23 -71515.8 829.53671
3.96 268.7074 -485.32198 46905.75 -66154.3 5127.4 -71281.7 834.33672
3.97 267.66767 98.735446 46679.078 -66525.8 5107.56 -71633.4 832.35388
3.98 277.4598 323.06997 46594.766 -66229.3 5294.41 -71523.7 832.8312
3.99 262.92568 593.40865 46399.85 -66591.9 5017.07 -71609 830.84392
4 276.21159 -93.789526 46943.212 -66035.7 5270.59 -71306.3 840.47529
4.01 273.42758 -574.55114 47055.301 -66388.5 5217.47 -71606 841.02355
4.02 259.71299 -136.49796 46670.046 -66784.7 4955.77 -71740.5 838.47338
4.03 273.31793 271.76434 46634.412 -66238.3 5215.37 -71453.7 842.14092
4.04 267.80741 -228.45454 46939.598 -66352.6 5110.22 -71462.8 848.58254
4.05 272.90297 -441.65321 46800.342 -65974.2 5207.46 -71181.7 846.47496
4.06 264.10147 -44.265254 46667.905 -66447.9 5039.51 -71487.4 846.5262
4.07 264.25194 302.28726 46436.112 -66377.6 5042.38 -71420 842.42327
4.08 264.04053 -158.49955 46812.245 -66281.2 5038.35 -71319.5 848.8079
4.09 278.62469 -55.192988 46745.314 -66456.2 5316.64 -71772.9 848.56612
4.1 271.66763 584.14127 46494.114 -66278.1 5183.88 -71461.9 847.51863
4.11 276.00332 311.4223 46673.521 -66319.6 5266.62 -71586.2 849.82019
4.12 265.06208 53.350471 46668.365 -66565.8 5057.84 -71623.7 848.71711
4.13 266.64361 679.95032 46502.589 -66691.9 5088.02 -71780 844.97608
4.14 267.57336 709.51632 46492.066 -66648.3 5105.76 -71754.1 846.11658
4.15 276.10842 850.07874 46443.164 -66409.7 5268.62 -71678.3 848.82784
4.16 270.7212 768.64415 46360.999 -66624.3 5165.82 -71790.1 851.23438
4.17 271.18204 705.0382 46422.218 -66391.4 5174.62 -71566 849.78997
4.18 263.17316 -375.17219 47091.828 -66653.4 5021.8 -71675.2 857.20788
4.19 263.55292 -800.65805 47075.381 -66619.9 5029.04 -71648.9 857.73615
4.2 264.76927 279.42346 46680.564 -66509.6 5052.25 -71561.9 855.1016
4.21 254.76505 -698.3362 47083.801 -66833.7 4861.35 -71695 861.4985
4.22 271.16086 -649.29197 46990.626 -66768.8 5174.21 -71943 865.80554
4.23 268.65574 342.72726 46473.57 -66388.3 5126.41 -71514.7 856.898
4.24 272.73634 -391.07722 47069.083 -66682.5 5204.28 -71886.7 866.32675
4.25 252.83502 -112.39039 46867.398 -66972.7 4824.53 -71797.2 864.40487
4.26 272.35214 -342.44049 46927.671 -66729 5196.95 -71926 865.58257
4.27 263.31829 -348.13089 46947.351 -67001.9 5024.56 -72026.4 865.7489
4.28 268.92788 -339.80269 46975.691 -66728.7 5131.61 -71860.4 864.04562
4.29 259.89532 -936.87629 47083.281 -66433.7 4959.25 -71392.9 867.91212
4.3 264.09282 678.63506 46261.93 -66626.2 5039.34 -71665.6 859.53081
4.31 260.19022 -518.80762 46842.712 -66510.5 4964.88 -71475.4 867.45946
4.32 256.87641 -61.068507 46834.864 -66545.7 4901.64 -71447.4 868.45649
4.33 272.15379 539.62229 46343.152 -66127.8 5193.16 -71320.9 864.57441
4.34 266.47577 168.49873 46493.104 -65698.6 5084.81 -70783.4 869.5251
4.35 268.28714 7.3873685 46755.259 -66126.2 5119.38 -71245.6 872.85218
4.36 271.86377 175.43309 46696.731 -65927 5187.63 -71114.7 875.70158
4.37 273.43104 -98.754916 46752.769 -65852.2 5217.53 -71069.7 885.21622
4.38 270.78463 -214.81011 46798.138 -66045.7 5167.04 -71212.7 890.27143
4.39 272.00406 179.6787 46409.716 -65840.1 5190.3 -71030.4 890.28391
4.4 266.45938 -175.03716 46838.683 -65967.6 5084.5 -71052.1 895.89698
4.41 261.62747 508.41494 46485.277 -65991.1 4992.3 -70983.4 893.44344
4.42 264.73122 -274.23461 46987.076 -66307.1 5051.53 -71358.7 907.01731
4.43 265.8256 115.86735 46743.394 -66598 5072.41 -71670.4 904.00608
4.44 270.08716 494.2871 46591.302 -66219.6 5153.73 -71373.4 904.54748
4.45 274.41215 179.23895 46567.102 -66135.7 5236.25 -71372 904.26952
4.46 265.27567 -244.74982 46952.953 -66046.3 5061.91 -71108.2 908.41262
4.47 263.42635 -215.51776 46907.935 -66370.9 5026.63 -71397.6 909.91834
4.48 269.5176 -615.12727 46955.953 -66219.6 5142.86 -71362.4 912.7734
4.49 268.69492 135.81346 46510.781 -66173.2 5127.16 -71300.3 908.74847
4.5 262.70239 606.67179 46355.901 -66550.6 5012.81 -71563.4 909.7106
4.51 274.91764 -506.77578 47056.349 -66540.5 5245.9 -71786.4 917.16372
4.52 266.05888 -797.77018 47140.317 -66142.8 5076.86 -71219.7 920.62657
4.53 270.09166 -736.55354 47086.911 -66368.7 5153.81 -71522.5 921.62526
4.54 260.21613 -536.44317 47033.171 -66556.9 4965.37 -71522.2 921.40458
4.55 269.23163 311.19656 46646.423 -66499.4 5137.4 -71636.8 918.64838
4.56 263.17676 421.53901 46597.769 -66503.5 5021.86 -71525.4 919.59113
4.57 272.56497 -49.343777 46746.476 -66427.8 5201.01 -71628.8 925.04506
4.58 265.26902 -127.19253 46702.396 -66177.8 5061.79 -71239.6 926.94005
4.59 272.2947 -395.61991 47028.122 -66269.2 5195.85 -71465 934.32748
4.6 266.75155 673.31739 46473.302 -66429.7 5090.08 -71519.8 929.54162
4.61 265.95787 -352.21155 46831.071 -66034.2 5074.93 -71109.2 935.43708
4.62 260.03252 -357.5219 46896.597 -66204.8 4961.87 -71166.7 936.36893
4.63 274.01853 -266.34394 46865.981 -65799.9 5228.74 -71028.6 937.73441
4.64 272.71462 -383.33659 46931.938 -65395.8 5203.86 -70599.6 941.25574
4.65 269.51363 389.34848 46387.438 -65685.2 5142.78 -70827.9 933.6834
4.66 260.87446 -518.48584 46994.882 -66132.7 4977.93 -71110.6 946.59036
4.67 259.98425 -225.70448 46965.053 -66406 4960.95 -71366.9 946.10118
4.68 264.88203 -351.77554 47093.633 -66244.9 5054.4 -71299.3 950.68135
4.69 278.81196 370.99316 46479.969 -66121.4 5320.21 -71441.6 942.38578
4.7 266.96703 541.57347 46364.319 -66488.2 5094.19 -71582.4 943.58367
4.71 273.82046 -462.64312 47036.245 -66232 5224.96 -71456.9 954.31353
4.72 269.9719 263.38128 46553.303 -66303.5 5151.53 -71455.1 952.23079
4.73 265.13117 246.04186 46627.59 -66621.7 5059.16 -71680.8 954.71309
4.74 265.23907 309.91217 46772.004 -66523.4 5061.22 -71584.6 958.00827
4.75 267.37037 268.88502 46615.522 -66686.5 5101.89 -71788.4 958.78035
4.76 267.88891 -395.50017 46986.16 -66595 5111.78 -71706.8 961.29561
4.77 267.43981 -46.925794 46930.727 -66303.7 5103.21 -71406.9 961.03654
4.78 261.72025 869.74612 46370.981 -66681.7 4994.07 -71675.8 955.77316
4.79 271.87896 -192.0589 46946.345 -66353.3 5187.92 -71541.2 964.25854
4.8 261.25076 -215.80833 47028.905 -66315.6 4985.11 -71300.7 969.62776
4.81 270.71361 95.193129 46790.06 -66264.8 5165.68 -71430.5 968.08804
4.82 270.32791 -221.34028 46845.098 -66259.7 5158.32 -71418 973.96812
4.83 264.99759 715.30384 46330.798 -66421.4 5056.61 -71478 964.83791
4.84 269.23 127.49301 46748.797 -66014.4 5137.37 -71151.8 971.08701
4.85 262.77668 -292.74175 46994.768 -66397.1 5014.23 -71411.3 975.69181
4.86 266.50591 -811.55983 47337.872 -66457.1 5085.39 -71542.5 981.01731
4.87 273.35343 -65.173447 46762.64 -66326.5 5216.05 -71542.6 974.20409
4.88 267.9045 700.5787 46569.084 -66284.4 5112.08 -71396.4 974.56446
4.89 258.31179 504.25827 46553 -66761.1 4929.03 -71690.2 977.34094
4.9 262.24866 -323.26431 46879.557 -66273.1 5004.15 -71277.3 980.53007
4.91 275.69011 71.820538 46750.899 -65923.1 5260.64 -71183.8 981.16087
4.92 266.27404 -695.0725 47013.356 -66064 5080.97 -71145 985.14933
4.93 263.02621 -754.45618 47044.564 -66294.7 5018.99 -71313.7 990.07838
4.94 262.95081 -282.32927 46856.473 -66025 5017.55 -71042.5 989.84962
4.95 269.93668 -519.92034 47143.766 -66091.5 5150.85 -71242.4 994.0046
4.96 260.78775 -235.94859 46852.973 -66408 4976.28 -71384.3 987.142
4.97 266.31432 268.44824 46540.137 -66180.8 5081.73 -71262.5 984.06748
4.98 275.74058 173.22569 46636.552 -65809.5 5261.6 -71071.1 986.60806
4.99 266.87781 -568.3288 47148.054 -66177.7 5092.49 -71270.2 994.4322
5 272.07344 398.43521 46520.208 -66056.8 5191.63 -71248.4 990.31511
5.01 268.22952 642.99962 46412.452 -66076.4 5118.28 -71194.7 987.2388
5.02 270.43245 -409.9527 46906.41 -65508.6 5160.32 -70668.9 1000.4843
5.03 265.95869 -150.20786 46710.029 -65844.2 5074.95 -70919.1 998.53771
5.04 274.35612 -321.11812 46741.713 -65333.3 5235.19 -70568.5 1003.2113
5.05 267.60058 57.642352 46772.022 -65786.1 5106.28 -70892.3 1009.9084
5.06 260.57416 -834.19629 47212.916 -65811.1 4972.2 -70783.3 1019.2762
5.07 263.51944 -252.79018 46857.729 -65759.3 5028.4 -70787.7 1014.6162
5.08 268.8773 509.36269 46549.057 -65623.1 5130.64 -70753.8 1014.6544
5.09 268.99875 -466.56096 47067.157 -66074.3 5132.96 -71207.3 1024.4015
5.1 254.79762 -209.39305 46844.372 -66393.4 4861.98 -71255.4 1023.0388
5.11 271.58178 338.14651 46592.696 -66163.6 5182.25 -71345.9 1020.1742
5.12 273.37197 -260.22485 46991.857 -66343.7 5216.41 -71560.1 1027.3466
5.13 264.6091 -956.85312 47297.097 -66718.4 5049.2 -71767.6 1036.0275
5.14 275.60509 -620.83346 47049.786 -66279.8 5259.02 -71538.8 1033.4846
5.15 264.16724 524.26835 46326.682 -66709.5 5040.76 -71750.3 1021.9213
5.16 261.22224 261.4607 46557.091 -66464.6 4984.57 -71449.1 1026.8581
5.17 255.92183 -523.22187 46931.359 -66703.6 4883.43 -71587 1031.7469
5.18 267.33631 514.23896 46597.956 -66485.7 5101.24 -71586.9 1031.121
5.19 275.71385 286.86217 46548.422 -66058.9 5261.09 -71320 1029.9533
5.2 267.8027 -214.63798 46884.113 -66093.8 5110.13 -71203.9 1034.1349
5.21 271.87671 347.81473 46431.883 -66189.2 5187.87 -71377.1 1029.1176
5.22 273.31749 471.82117 46410.433 -66455.6 5215.37 -71670.9 1028.7029
5.23 276.91507 -398.21015 46770.409 -66202.4 5284.01 -71486.4 1034.9867
5.24 269.6394 470.12025 46640.371 -66348.7 5145.18 -71493.9 1033.4676
5.25 263.40923 -303.88688 46957.345 -66058 5026.3 -71084.3 1038.5526
5.26 273.85216 534.29403 46410.083 -65932.5 5225.57 -71158.1 1031.5879
5.27 273.49312 72.469054 46769.332 -65673.2 5218.72 -70891.9 1037.9721
5.28 267.16206 104.25785 46808.331 -66001.4 5097.91 -71099.3 1043.6602
5.29 271.11351 -107.50094 46644.205 -65645.4 5173.31 -70818.7 1047.2673
5.3 272.43123 -338.41726 46804.947 -66072.5 5198.46 -71270.9 1050.8032
5.31 269.88053 -9.7648478 46658.158 -66374.7 5149.78 -71524.5 1047.9698
5.32 269.47417 -264.0237 47105.683 -66138 5142.03 -71280 1060.0135
5.33 268.97978 318.07416 46497.091 -66447.5 5132.6 -71580.1 1052.416
5.34 269.04254 318.83604 46490.743 -66355.1 5133.79 -71488.9 1056.6124
5.35 279.69076 152.92267 46584.289 -66147 5336.98 -71483.9 1057.0644
5.36 266.5828 553.39238 46452.024 -66290.9 5086.86 -71377.7 1058.8581
5.37 267.80821 338.15379 46691.996 -66691.9 5110.24 -71802.1 1065.3187
5.38 273.8932 147.9208 46711.98 -66514.4 5226.35 -71740.8 1065.9605
5.39 263.9247 -171.07405 46765.747 -66470.1 5036.14 -71506.2 1067.3506
5.4 262.50453 192.55193 46525.384 -66606.2 5009.04 -71615.2 1067.0432
5.41 262.69521 -268.82156 46892.491 -66587.4 5012.68 -71600 1072.3201
5.42 262.29831 -439.00175 46988.764 -66329.4 5005.1 -71334.5 1073.4061
5.43 276.81174 261.84998 46670.327 -66073.6 5282.04 -71355.6 1069.5069
5.44 269.59521 -176.68257 46855.171 -66259 5144.34 -71403.3 1076.5442
5.45 273.37008 479.26744 46504.244 -66355.2 5216.37 -71571.6 1070.4027
5.46 265.32175 166.92638 46719.646 -66370.5 5062.79 -71433.3 1077.9428
5.47 265.47735 593.27124 46382.163 -66447.5 5065.76 -71513.2 1075.8745
5.48 261.34108 269.07506 46545.807 -66436 4986.84 -71422.8 1079.0808
5.49 275.45921 -245.60504 46867.534 -66041.4 5256.23 -71297.7 1083.8647
5.5 267.9221 -900.60374 47078.527 -66073 5112.41 -71185.4 1091.0302
5.51 257.18865 -200.44193 47025.896 -66538.6 4907.6 -71446.2 1089.382
5.52 267.29312 -545.35036 47017.768 -66264.6 5100.41 -71365 1090.9838
5.53 266.02062 -170.10804 46783.346 -66332.3 5076.13 -71408.4 1093.3837
5.54 266.41859 -577.93801 47003.799 -66451.5 5083.72 -71535.2 1096.4382
5.55 275.71079 -878.14304 47318.26 -66127 5261.03 -71388 1103.5578
5.56 274.40115 78.379861 46887.517 -66108.4 5236.04 -71344.4 1097.6311
5.57 261.53016 -1.0967392 46947.299 -66553.5 4990.44 -71544 1100.9932
5.58 266.62007 171.61084 46852.911 -66334.3 5087.57 -71421.9 1098.5182
5.59 269.72967 -572.10519 47072.703 -66634.5 5146.9 -71781.4 1104.8222
5.6 267.68624 -453.35288 47143.871 -66517 5107.91 -71624.9 1110.4941
5.61 266.00401 229.09266 46653.169 -66614.7 5075.81 -71690.6 1104.5798
5.62 266.1947 381.35776 46739.724 -66638 5079.45 -71717.4 1106.492
5.63 268.13651 546.33045 46586.943 -66563.4 5116.5 -71679.9 1105.0201
5.64 265.21094 336.45311 46603.396 -66990.1 5060.68 -72050.8 1106.4942
5.65 277.36323 1100.4224 46149.258 -66327.1 5292.57 -71619.6 1100.8806
5.66 268.04756 547.61068 46409.356 -66970.7 5114.81 -72085.5 1103.0146
5.67 266.91431 180.6392 46722.596 -66556.3 5093.18 -71649.4 1108.3129
5.68 262.53171 88.255569 46769.491 -66890.2 5009.56 -71899.7 1112.0715
5.69 272.46958 15.316892 46726.037 -66406.9 5199.19 -71606.1 1110.789
5.7 264.47599 133.67684 46753.55 -66791.5 5046.66 -71838.1 1117.235
5.71 265.84301 18.599777 46536.212 -66749.3 5072.74 -71822 1115.0331
5.72 275.31259 -516.71278 47054.663 -66420.1 5253.44 -71673.6 1126.3271
5.73 262.09345 -230.7402 46921.481 -66810.6 5001.19 -71811.8 1127.3334
5.74 268.22582 213.70252 46699.984 -66445.5 5118.21 -71563.7 1123.2423
5.75 277.31688 -33.758619 46758.414 -66468.9 5291.68 -71760.6 1122.1711
5.76 262.18659 -239.55375 46953.419 -66655.4 5002.97 -71658.4 1127.1703
5.77 273.51409 -501.04894 46998.424 -66468.2 5219.12 -71687.3 1130.0133
5.78 270.18967 252.50708 46619.828 -66645.4 5155.68 -71801.1 1120.2865
5.79 272.60821 -839.23498 47185.782 -66248.6 5201.83 -71450.5 1132.232
5.8 261.9565 -179.58343 46779.118 -66509.7 4998.58 -71508.3 1128.4253
5.81 263.6168 -317.94614 46927.217 -66648.3 5030.26 -71678.6 1134.0779
5.82 278.51613 -382.07015 47139.593 -66411.7 5314.57 -71726.3 1137.9529
5.83 265.67583 899.0694 46178.803 -66665.3 5069.55 -71734.8 1123.7587
5.84 272.57659 497.3945 46498.624 -66355.6 5201.23 -71556.8 1128.6582
5.85 261.49401 -331.67075 46879.257 -66601.7 4989.75 -71591.5 1135.5432
5.86 267.39259 -434.75773 47023.367 -66433.3 5102.31 -71535.6 1141.2601
5.87 273.45027 500.88644 46574.688 -66402.3 5217.9 -71620.2 1132.5213
5.88 265.39165 -1.2893307 46697.186 -66570.9 5064.13 -71635.1 1138.0873
5.89 266.31783 -102.70989 46859.453 -66879.9 5081.8 -71961.7 1140.4448
5.9 262.06094 -296.44915 47030.479 -66660.7 5000.57 -71661.3 1143.9196
5.91 259.64387 119.61877 46785.298 -66995.8 4954.45 -71950.2 1143.8747
5.92 268.3476 46.935444 46953.933 -66768.5 5120.53 -71889.1 1149.5391
5.93 272.37565 -159.54378 46846.188 -66790.2 5197.39 -71987.6 1149.4105
5.94 265.69715 -406.49638 46888.188 -66682.5 5069.96 -71752.5 1152.4612
5.95 281.02071 495.29278 46577.969 -66327.4 5362.36 -71689.8 1144.9515
5.96 262.94677 370.77762 46617.248 -66550.2 5017.48 -71567.6 1147.8235
5.97 268.12951 573.62125 46282.958 -66905.8 5116.37 -72022.1 1143.6461
5.98 266.91558 101.98431 46779.222 -66572.3 5093.21 -71665.5 1151.3868
5.99 260.47419 450.71236 46536.905 -67027.4 4970.29 -71997.7 1147.6768
6 267.64609 133.00195 46698.318 -66605.3 5107.15 -71712.5 1147.5358
6.01 268.55215 -39.434307 46804.973 -66824.3 5124.44 -71948.8 1148.7536
6.02 268.76637 -412.6131 47053.289 -66414.8 5128.52 -71543.3 1153.7195
6.03 264.45099 -149.32484 46925.187 -66481 5046.18 -71527.2 1152.889
6.04 264.68 -418.27436 47099.82 -66729.5 5050.55 -71780.1 1156.7508
6.05 268.88485 -190.05867 47009.802 -66191.8 5130.78 -71322.6 1156.11
6.06 269.23137 403.76912 46459.131 -66204.1 5137.4 -71341.5 1148.6745
6.07 268.8896 -365.13817 46975.008 -66453.7 5130.87 -71584.5 1159.0791
6.08 260.5906 278.04525 46584.92 -66788 4972.52 -71760.5 1157.3365
6.09 271.55639 200.76667 46702.213 -66451.9 5181.76 -71633.7 1159.0398
6.1 268.94534 637.81719 46303.727 -66639.6 5131.94 -71771.5 1155.7988
6.11 267.97967 747.83514 46411.622 -66538.4 5113.51 -71651.9 1158.3229
6.12 262.66072 -297.44607 46892.462 -66676.5 5012.02 -71688.5 1168.199
6.13 267.95982 192.094 46693.525 -66300.9 5113.13 -71414 1167.4783
6.14 256.037 650.1425 46372.967 -66644.3 4885.63 -71529.9 1162.1284
6.15 267.5025 -629.89578 47171.758 -66440.6 5104.41 -71545 1175.4556
6.16 265.62967 -334.17902 46921.187 -66442.8 5068.67 -71511.5 1172.4161
6.17 274.24389 398.5788 46536.414 -66058.4 5233.04 -71291.4 1168.6505
6.18 266.74757 -436.7523 47102.198 -66255.4 5090 -71345.4 1177.7684
6.19 276.36542 -444.45521 46979.053 -65980.6 5273.53 -71254.1 1177.1655
6.2 269.58042 655.48717 46468.136 -66361.3 5144.06 -71505.3 1169.3657
6.21 268.72392 735.69572 46362.159 -66200.4 5127.71 -71328.2 1170.0477
6.22 267.05363 306.74254 46543.502 -66333.9 5095.84 -71429.7 1174.7247
6.23 275.61974 363.69017 46592.456 -66119.7 5259.3 -71379 1181.7062
6.24 260.70189 404.03793 46578.071 -66302.7 4974.64 -71277.3 1180.6744
6.25 270.99474 -351.62958 46872.627 -66414.6 5171.04 -71585.6 1183.5639
6.26 281.39811 74.049003 46782.587 -66166.4 5369.56 -71535.9 1182.8588
6.27 262.99818 309.14426 46674.249 -66546.5 5018.46 -71564.9 1179.4164
6.28 274.41532 -81.687339 46837.076 -66066 5236.31 -71302.3 1187.842
6.29 267.19384 -304.59265 46875.106 -66425.4 5098.52 -71523.9 1190.9633
6.3 277.78041 -461.15 46785.476 -66011 5300.53 -71311.6 1188.5449
6.31 271.07051 55.984531 46601.716 -66528.1 5172.49 -71700.6 1185.4862
6.32 265.68551 489.77576 46421.797 -66453.3 5069.74 -71523 1183.1765
6.33 265.7716 83.86606 46685.597 -66716.6 5071.38 -71788 1188.5428
6.34 264.24003 223.36296 46609.157 -66557.2 5042.15 -71599.3 1189.4257
6.35 265.33499 651.02846 46553.476 -66769 5063.05 -71832 1191.2102
6.36 271.25126 -207.95502 46972.869 -66498.9 5175.94 -71674.8 1201.4245
6.37 268.29821 -691.92392 47015.048 -66725.5 5119.59 -71845 1201.4384
6.38 276.45059 -415.16817 47012.054 -66268.3 5275.15 -71543.4 1205.1854
6.39 263.40538 403.39594 46390.026 -66656.3 5026.23 -71682.5 1194.4357
6.4 271.46557 302.56586 46635.677 -66440.9 5180.03 -71621 1200.9408
6.41 266.84753 -18.279955 46757.662 -66747.4 5091.91 -71839.3 1199.8595
6.42 274.35604 138.94159 46704.922 -66378.7 5235.18 -71613.8 1200.8019
6.43 262.15448 216.93546 46563.403 -66697.2 5002.36 -71699.6 1200.4157
6.44 261.46391 -624.9523 47027.805 -66426.4 4989.18 -71415.6 1209.7471
6.45 268.55122 -414.12958 46997.811 -66194.7 5124.42 -71319.2 1208.0447
6.46 269.97974 220.20285 46624.827 -66447.9 5151.68 -71599.6 1202.3613
6.47 270.2972 -144.98618 46519.826 -66255.8 5157.73 -71413.5 1202.6697
6.48 269.53866 -149.93181 47051.673 -66235.5 5143.26 -71378.7 1211.4423
6.49 262.4273 -271.69932 46817.002 -66111.6 5007.56 -71119.2 1204.6332
6.5 266.37436 -447.13007 47068.552 -65883.6 5082.88 -70966.5 1213.3918
6.51 264.90453 344.21327 46654.656 -66226.7 5054.83 -71281.5 1207.0186
6.52 267.7462 -559.30238 47000.307 -66066 5109.06 -71175 1215.577
6.53 271.07655 608.4501 46558.358 -65949.7 5172.61 -71122.3 1211.8194
6.54 271.52593 558.00808 46420.944 -65781.5 5181.18 -70962.7 1209.2737
6.55 263.55477 66.286633 46588.277 -66084.7 5029.08 -71113.7 1211.9711
6.56 270.57969 402.66239 46454.773 -65903.8 5163.12 -71066.9 1208.0402
6.57 259.52579 -741.15775 47135.435 -66356.1 4952.2 -71308.3 1224.2371
6.58 266.3111 -39.581877 46591.597 -66230.3 5081.67 -71312 1214.6934
6.59 274.70656 524.25746 46502.961 -65836.9 5241.87 -71078.7 1218.693
6.6 259.41354 -543.49855 47125.751 -65943.9 4950.06 -70894 1233.2011
6.61 266.68474 -45.713009 46894.592 -66352.3 5088.8 -71441.1 1233.2247
6.62 261.23078 294.51401 46817.379 -66182.1 4984.73 -71166.8 1232.8144
6.63 279.20382 315.08494 46598.6 -66214.4 5327.69 -71542.1 1226.1482
6.64 268.54918 681.1672 46203.463 -66343 5124.38 -71467.4 1221.9594
6.65 268.75974 -26.61386 46768.568 -65996.1 5128.4 -71124.5 1233.4254
6.66 268.82534 220.71567 46821.923 -66398.7 5129.65 -71528.4 1234.0144
6.67 269.32112 -16.182033 46858.694 -66246.9 5139.11 -71386 1233.4593
6.68 260.38198 -471.25962 46987.204 -66683.6 4968.53 -71652.1 1234.4306
6.69 268.42056 -318.25263 47056.38 -66353.3 5121.92 -71475.2 1239.7439
6.7 261.48252 -342.45365 46891.19 -66759.9 4989.54 -71749.4 1239.6674
6.71 263.1505 -473.36205 47092.869 -66534.5 5021.36 -71555.9 1242.901
6.72 271.29373 211.02607 46692.094 -66333.5 5176.75 -71510.2 1236.1956
6.73 260.49096 -613.32572 47079.707 -66409.3 4970.61 -71379.9 1246.2099
6.74 274.70881 -183.62562 46741.409 -66211.1 5241.92 -71453 1242.0794
6.75 270.23501 409.78973 46568.249 -66368.5 5156.55 -71525 1245.9082
6.76 265.75365 -369.29727 46878.664 -66212.6 5071.04 -71283.6 1251.7656
6.77 267.78703 -353.02177 47032.572 -66359.6 5109.84 -71469.5 1256.8271
6.78 274.99825 443.11036 46469.064 -65926.8 5247.44 -71174.3 1247.6146
6.79 266.86252 -49.957752 46792.259 -65959.9 5092.19 -71052.1 1254.316
6.8 273.98172 -269.36666 46814.385 -65850 5228.04 -71078 1252.8966
6.81 269.81439 114.99716 46666.988 -65812.2 5148.52 -70960.7 1252.3384
6.82 270.01058 -509.37592 47103.867 -66307.1 5152.27 -71459.3 1258.0677
6.83 267.3799 -706.34783 47144.007 -66053.3 5102.07 -71155.4 1259.8501
6.84 273.75009 443.31758 46563.194 -66566.8 5223.62 -71790.4 1253.5928
6.85 258.96275 -534.50905 47035.832 -66649.2 4941.45 -71590.6 1259.8836
6.86 273.54436 -11.467574 46757.421 -66292.5 5219.7 -71512.2 1257.6933
6.87 274.20032 -524.5591 47037.707 -66104.7 5232.21 -71336.9 1266.5211
6.88 270.39083 726.08431 46459.509 -66544.6 5159.52 -71704.1 1257.8007
6.89 263.37956 -153.06597 46938.484 -66797 5025.73 -71822.7 1267.7129
6.9 261.42396 -399.84155 46946.3 -66580.1 4988.42 -71568.5 1268.9734
6.91 270.58612 537.09928 46662.953 -66317.2 5163.25 -71480.5 1264.0583
6.92 268.03169 -250.94328 46842.144 -66679.8 5114.5 -71794.3 1267.8901
6.93 274.16804 -753.53634 47157.704 -66621.5 5231.6 -71853.1 1275.1416
6.94 264.80366 -92.356289 46992.897 -66732.6 5052.91 -71785.5 1272.1003
6.95 270.99911 63.801351 46690.754 -66866.9 5171.13 -72038 1266.3298
6.96 264.78474 252.28823 46478.374 -66642.7 5052.55 -71695.3 1264.5717
6.97 268.40412 -128.60532 46922.07 -66103 5121.61 -71224.6 1274.9861
6.98 271.28836 -503.27829 46931.284 -66408.7 5176.65 -71585.4 1274.1961
6.99 272.03493 366.1954 46466.175 -66317.8 5190.89 -71508.7 1268.2807
7 280.86232 -8.8052885 46901.648 -65958.6 5359.33 -71318 1274.9644
7.01 266.21611 -382.41485 46939.548 -66562.8 5079.86 -71642.7 1272.6912
7.02 270.93854 -349.09934 47046.334 -66124.4 5169.97 -71294.4 1278.0183
7.03 266.4722 -262.58792 46893.444 -66569 5084.75 -71653.7 1275.585
7.04 265.85277 -145.45928 46848.683 -66620.3 5072.93 -71693.2 1276.4965
7.05 263.08799 -123.09052 46915.853 -66896.6 5020.17 -71916.8 1279.1177
7.06 268.2726 671.7939 46434.43 -66666.6 5119.1 -71785.7 1271.4408
7.07 272.83918 -690.36483 47378.309 -66264 5206.24 -71470.2 1289.733
7.08 269.99974 -488.77004 47075.773 -66466.4 5152.06 -71618.5 1285.3266
7.09 264.8707 -549.24838 47167.329 -66430.1 5054.19 -71484.3 1287.8677
7.1 259.10456 -463.00747 47082.596 -66674.8 4944.16 -71618.9 1285.1138
7.11 259.20916 -914.13181 47178.206 -66712.2 4946.16 -71658.3 1286.816
7.12 276.90878 -38.217296 46862.218 -66072 5283.89 -71355.9 1283.8342
7.13 266.23028 101.01677 46694.767 -66372.6 5080.13 -71452.8 1283.3828
7.14 266.93964 -150.79168 46811.248 -66772 5093.67 -71865.6 1281.5538
7.15 269.44205 -198.14474 46877.177 -66505.8 5141.42 -71647.2 1285.8464
7.16 262.49589 356.93451 46654.287 -66490.3 5008.87 -71499.2 1285.7292
7.17 263.95289 131.81989 46720.835 -66676.5 5036.67 -71713.2 1286.2707
7.18 262.46634 -513.78408 47183.583 -66492.9 5008.31 -71501.2 1295.2263
7.19 270.34811 -491.91236 46981.139 -66383 5158.71 -71541.7 1290.1549
7.2 265.97589 70.804687 46719.51 -66793.4 5075.28 -71868.7 1284.8621
7.21 271.36319 416.41038 46697.891 -66543.2 5178.07 -71721.3 1286.9851
7.22 262.93295 254.43192 46779.32 -66639.9 5017.21 -71657.1 1289.0901
7.23 259.65214 343.87223 46558.757 -66965.9 4954.61 -71920.5 1284.3259
7.24 265.51045 -741.47962 47103.333 -66619.2 5066.39 -71685.6 1296.5684
7.25 264.86286 -746.36257 47281.525 -66350.3 5054.04 -71404.3 1299.9437
7.26 270.63034 638.14996 46388.409 -66559.5 5164.09 -71723.6 1283.247
7.27 278.21995 486.14952 46421.567 -66236.2 5308.91 -71545.1 1287.7837
7.28 266.11473 526.92931 46444.233 -66660.5 5077.93 -71738.4 1285.4664
7.29 274.19582 -108.3134 46805.965 -66565.7 5232.13 -71797.8 1292.7049
7.3 264.16977 -267.29473 47073.616 -66828.6 5040.81 -71869.4 1299.7051
7.31 271.40924 -531.88542 47148.653 -66423.2 5178.95 -71602.1 1301.4057
7.32 268.49541 -437.68221 46870.927 -66758.2 5123.35 -71881.5 1297.1955
7.33 270.48721 -599.4044 47050.002 -66153 5161.36 -71314.4 1301.3778
7.34 271.21781 128.1512 46763.708 -66591.8 5175.3 -71767.1 1298.2725
7.35 268.99958 177.64654 46785.662 -66251.5 5132.97 -71384.5 1301.5741
7.36 257.22621 -247.18601 47001.937 -66743.1 4908.32 -71651.4 1305.058
7.37 270.52651 270.74987 46633.786 -66350.7 5162.11 -71512.8 1299.7052
7.38 267.20496 -395.82225 47072.456 -66352.8 5098.73 -71451.5 1306.9034
7.39 269.66317 240.00017 46607.606 -66673.6 5145.64 -71819.2 1299.9382
7.4 259.81462 -216.90896 46836.8 -66276.6 4957.71 -71234.3 1304.3387
7.41 264.83476 488.64471 46454.998 -66522.5 5053.5 -71576 1300.978
7.42 268.35546 -14.570352 46836.416 -66311.4 5120.68 -71432 1308.0125
7.43 257.62672 -758.93021 47181.661 -66414 4915.96 -71330 1312.4636
7.44 268.94567 -295.20133 46985.315 -66278.7 5131.94 -71410.6 1310.2533
7.45 262.60925 -261.5169 46810.407 -66546.6 5011.03 -71557.6 1308.5791
7.46 282.90126 -86.285758 46801.449 -66246.9 5398.24 -71645.2 1310.7083
7.47 262.33477 169.43651 46717.413 -66529 5005.8 -71534.8 1310.7393
7.48 281.92958 -276.87676 47052.233 -66187.6 5379.7 -71567.3 1318.8032
7.49 269.90904 -570.17205 47043.402 -66648.4 5150.33 -71798.7 1317.6039
7.5 261.96891 199.73039 46752.311 -66670.9 4998.82 -71669.7 1310.8839
7.51 272.98053 -28.44078 46827.475 -66547.1 5208.94 -71756 1313.8821
7.52 270.83437 669.12585 46448.446 -66554.9 5167.98 -71722.8 1308.3315
7.53 262.9518 518.66263 46525.366 -66362.6 5017.57 -71380.2 1310.4079
7.54 266.01929 289.55767 46586.147 -66583.1 5076.1 -71659.2 1316.0779
7.55 261.45003 -468.73195 47109.725 -66639.6 4988.91 -71628.5 1327.4569
7.56 272.96681 -311.84 47110.83 -66632.3 5208.67 -71841 1325.1348
7.57 258.25552 -460.65211 47111.321 -66953.7 4927.96 -71881.6 1326.1337
7.58 271.14165 -336.54709 46970.723 -66614.3 5173.85 -71788.2 1322.4218
7.59 261.19729 261.43288 46608.625 -66797.6 4984.09 -71781.7 1317.0541
7.6 262.34246 114.90104 46760.763 -67108.6 5005.94 -72114.5 1322.1721
7.61 271.30654 -114.91268 46861.964 -66690.1 5176.99 -71867 1321.6213
7.62 260.60532 -824.21494 47211.412 -66506 4972.8 -71478.8 1326.8319
7.63 273.32622 103.09965 46722.03 -66816.2 5215.53 -72031.7 1323.5783
7.64 268.79385 -399.17406 47078.141 -66378.6 5129.05 -71507.7 1333.6523
7.65 267.44603 -445.32776 47036.714 -66595 5103.33 -71698.4 1329.5553
7.66 269.26859 150.84097 46788.922 -66386 5138.11 -71524.1 1326.2658
7.67 271.69373 950.62749 46180.557 -66393.6 5184.38 -71577.9 1313.5425
7.68 266.24216 -52.36632 46784.011 -66669 5080.36 -71749.3 1326.4671
7.69 264.36224 496.7704 46501.017 -66427.8 5044.48 -71472.3 1325.309
7.7 260.46394 -465.83389 46987.264 -66716.5 4970.1 -71686.6 1335.0201
7.71 266.31184 -295.26245 46902.716 -66436.9 5081.69 -71518.6 1334.4709
7.72 270.10521 504.25635 46444.619 -66366.4 5154.07 -71520.4 1328.2169
7.73 270.64654 656.90953 46676.27 -66438.8 5164.4 -71603.2 1332.8428
7.74 279.95639 -449.84526 47069.2 -66294.7 5342.05 -71636.7 1341.1049
7.75 273.47866 -46.143386 46886.45 -66394.2 5218.44 -71612.7 1339.7293
7.76 263.71576 662.55009 46201.528 -66458.8 5032.15 -71490.9 1328.1672
7.77 264.76336 -42.876121 46841.973 -66177.5 5052.14 -71229.7 1344.0084
7.78 263.07042 232.32001 46609.833 -66309.5 5019.83 -71329.4 1342.8268
7.79 264.28831 676.03564 46617.581 -66452.6 5043.07 -71495.7 1340.6134
7.8 268.79842 69.738325 46732.995 -66114.4 5129.14 -71243.6 1342.997
7.81 262.20793 319.3591 46518.375 -66143 5003.38 -71146.4 1341.2987
7.82 275.93449 -195.19407 46875.792 -66071.9 5265.3 -71337.2 1350.102
7.83 263.63892 63.305707 46846.504 -66194.8 5030.68 -71225.5 1350.5111
7.84 264.68191 -826.6813 46996.957 -66104.5 5050.58 -71155.1 1350.4703
7.85 274.52141 168.03676 46619.262 -66089.4 5238.34 -71327.7 1347.4481
7.86 269.55472 -306.65715 46771.429 -65994.5 5143.57 -71138.1 1345.9558
7.87 267.42067 289.85036 46528.787 -66433.7 5102.84 -71536.5 1343.5877
7.88 275.50932 469.65308 46591.759 -66272.3 5257.19 -71529.5 1343.849
7.89 269.09598 -278.52093 46735.818 -65945.2 5134.81 -71080 1346.2289
7.9 264.12437 -557.13288 47037.86 -66220.5 5039.95 -71260.5 1354.5812
7.91 270.57828 542.23815 46215.834 -66204.2 5163.1 -71367.2 1340.1341
7.92 277.13104 -130.57795 46851.449 -65766 5288.14 -71054.2 1356.1906
7.93 277.77424 387.6277 46476.407 -65938.2 5300.41 -71238.6 1354.7467
7.94 269.06776 -57.145388 46727.859 -65951.4 5134.27 -71085.7 1359.9672
7.95 266.60132 -40.640135 46677.453 -66463.6 5087.21 -71550.8 1362.1412
7.96 269.37304 118.26833 46791.509 -66176.1 5140.1 -71316.2 1366.2049
7.97 270.48678 159.53827 46558.002 -65684.5 5161.35 -70845.8 1360.4632
7.98 259.88195 -217.0545 46676.288 -65747.9 4958.99 -70706.9 1364.7916
7.99 267.69363 2.659756 46720.942 -65706.7 5108.05 -70814.8 1367.5519
8 272.16757 -659.62353 47067.094 -65705.7 5193.42 -70899.1 1374.6749
8.01 267.09827 432.7315 46482.435 -65964.8 5096.69 -71061.5 1365.5775
8.02 275.7053 458.27654 46631.631 -65574.7 5260.93 -70835.6 1371.6447
8.03 265.63426 380.68513 46522.768 -66070.6 5068.76 -71139.4 1373.9334
8.04 257.72185 -25.646011 46707.157 -66608.3 4917.77 -71526.1 1378.7203
8.05 265.46515 -223.91799 46895.219 -66432.4 5065.53 -71497.9 1384.1004
8.06 277.04905 -54.56909 46899.622 -66304.4 5286.57 -71590.9 1386.2513
8.07 270.59122 -629.89207 47163.919 -66627 5163.34 -71790.3 1391.1748
8.08 271.91223 354.21967 46676.728 -66366.6 5188.55 -71555.1 1383.4631
8.09 265.93721 195.26615 46623.678 -66503.9 5074.54 -71578.4 1384.613
8.1 268.24719 -245.2864 46848.551 -66964.2 5118.62 -72082.8 1389.383
8.11 270.30488 -518.42281 47043.07 -66479.9 5157.88 -71637.8 1393.4797
8.12 279.05272 85.88903 46764.311 -66472.1 5324.8 -71796.9 1389.1838
8.13 261.04447 511.24944 46596.144 -66798.8 4981.18 -71779.9 1385.1943
8.14 258.04962 -511.36746 46978.341 -66740.9 4924.03 -71664.9 1394.7731
8.15 264.70093 -145.36164 46743.597 -66596.6 5050.95 -71647.5 1393.4029
8.16 268.78988 520.04289 46483.972 -66710.8 5128.97 -71839.7 1391.6856
8.17 260.06294 469.60325 46555.282 -67031.6 4962.45 -71994 1394.5802
8.18 277.84998 -431.37541 47084.997 -66394.3 5301.85 -71696.1 1404.1892
8.19 269.21658 742.5604 46362.258 -66807.9 5137.11 -71945.1 1394.9358
8.2 271.35873 -330.15463 47057.146 -66480.6 5177.99 -71658.5 1408.1869
8.21 267.83525 -33.694974 46664.769 -66417.7 5110.76 -71528.5 1402.4881
8.22 261.79222 224.92639 46642.647 -66551.3 4995.44 -71546.8 1404.1832
8.23 262.16513 304.90821 46547.947 -66760.8 5002.56 -71763.3 1401.6299
8.24 280.42856 859.69461 46244.039 -66223.7 5351.06 -71574.8 1395.1611
8.25 261.17099 -220.04243 46954.161 -66756.1 4983.59 -71739.7 1407.6546
8.26 275.5798 -10.746359 46779.985 -66601.2 5258.54 -71859.7 1403.703
8.27 261.52625 -434.07717 47044.183 -66722 4990.37 -71712.3 1409.5869
8.28 273.66649 -295.92788 46885.742 -66325.1 5222.03 -71547.2 1401.9644
8.29 273.00932 41.187494 46813.615 -66475.1 5209.49 -71684.6 1405.143
8.3 263.08434 772.98435 46710.486 -66691.1 5020.1 -71711.2 1400.1372
8.31 273.43756 -5.427429 46789.133 -66505 5217.66 -71722.7 1402.7623
8.32 267.19338 602.23793 46403.392 -66607.3 5098.51 -71705.8 1395.3321
8.33 272.64692 430.43431 46571.429 -66154.9 5202.57 -71357.5 1402.0185
8.34 266.32178 -8.3307968 46785.102 -66458 5081.88 -71539.8 1406.3653
8.35 261.73613 -243.26936 46814.282 -66586.2 4994.37 -71580.5 1409.2564
8.36 264.75469 704.47052 46295.281 -66565.3 5051.97 -71617.3 1403.1487
8.37 273.8597 -513.4768 47195.026 -66172.6 5225.71 -71398.3 1424.4707
8.38 268.0872 40.460823 46761.914 -66548.6 5115.56 -71664.2 1420.842
8.39 277.55033 238.63178 46584.009 -66519.5 5296.14 -71815.6 1418.1932
8.4 266.4611 -248.70091 47008.921 -66536.1 5084.53 -71620.7 1424.5913
8.41 263.75442 -271.71252 47018.673 -67014.3 5032.89 -72047.2 1426.488
8.42 268.86065 -250.7303 47149.335 -66740.6 5130.32 -71871 1428.8993
8.43 265.22686 -36.45768 46885.031 -66884.6 5060.98 -71945.6 1423.8326
8.44 259.06942 -57.699355 46885.885 -67059.1 4943.49 -72002.6 1426.6333
8.45 263.74252 -494.14142 47051.861 -66710.7 5032.66 -71743.3 1429.9694
8.46 270.97592 -99.231892 46827.656 -66587.9 5170.69 -71758.6 1426.0693
8.47 271.90765 408.70455 46579.727 -66181.7 5188.46 -71370.2 1424.0105
8.48 273.35855 -478.12238 47188.419 -66507.8 5216.15 -71723.9 1435.0919
8.49 268.46445 -117.92325 46931.6 -66644.9 5122.76 -71767.7 1425.3444
8.5 261.01965 -302.22743 46955.449 -66750 4980.7 -71730.7 1425.849
8.51 264.47942 -831.92567 47250.844 -66627.1 5046.72 -71673.9 1432.9487
8.52 275.26827 -89.521758 46988.722 -66773.4 5252.59 -72026 1429.5295
8.53 275.62716 558.25911 46513.132 -66591.9 5259.44 -71851.3 1423.4388
8.54 269.30333 -183.50825 46962.369 -66673.2 5138.77 -71812 1436.7625
8.55 265.84885 699.96582 46321.284 -66815.6 5072.85 -71888.5 1422.9287
8.56 273.64544 368.26158 46613.059 -66456.7 5221.62 -71678.3 1427.8239
8.57 263.95124 -430.05762 46917.485 -66564.7 5036.64 -71601.3 1433.068
8.58 279.33378 -22.982372 46766.184 -66002.2 5330.17 -71332.4 1430.4099
8.59 271.27017 -192.14973 47059.663 -66772.9 5176.3 -71949.2 1437.7676
8.6 268.49626 -637.06257 47226.746 -66816.1 5123.37 -71939.4 1442.07
8.61 260.23208 -220.83153 46810.089 -66705.7 4965.67 -71671.3 1433.9252
8.62 276.18353 -178.84807 47064.037 -66348 5270.06 -71618 1437.8659
8.63 273.71031 222.80768 46657.435 -66478.4 5222.86 -71701.2 1429.7278
8.64 257.92592 -76.886791 46756.753 -66748.9 4921.67 -71670.6 1430.3016
8.65 266.75509 66.979514 46505.567 -66509.5 5090.14 -71599.6 1427.5553
8.66 260.14757 -136.61959 46877.929 -66476.2 4964.06 -71440.2 1437.6202
8.67 262.90368 679.89092 46378.408 -66729.2 5016.65 -71745.9 1431.5683
8.68 274.05028 506.48118 46575.877 -66401.8 5229.35 -71631.2 1433.1185
8.69 269.8076 654.61651 46528.9 -66397.2 5148.39 -71545.6 1435.521
8.7 267.15932 322.70079 46693.99 -66431.8 5097.86 -71529.6 1439.6125
8.71 276.11332 37.25381 46646.947 -66087.7 5268.72 -71356.4 1437.8697
8.72 273.68265 -401.05804 46937.496 -66069 5222.33 -71291.3 1446.075
8.73 268.04642 -13.844519 46821.825 -66244.6 5114.79 -71359.4 1445.5799
8.74 267.50544 -267.14828 46952.035 -66078.1 5104.46 -71182.6 1452.0931
8.75 267.87843 -418.67957 47072.084 -66269.3 5111.58 -71380.9 1456.0036
8.76 270.29193 -714.97567 47130.38 -65815.9 5157.63 -70973.6 1460.7233
8.77 267.20686 277.73689 46585.247 -66464 5098.77 -71562.7 1450.2346
8.78 261.51217 -592.80899 47063.34 -66624.9 4990.1 -71615 1462.0355
8.79 267.04479 -595.27595 47165.772 -66398.3 5095.67 -71493.9 1466.8064
8.8 273.83312 -48.37266 46789.192 -66426.2 5225.21 -71651.4 1462.1034
8.81 265.84806 282.91596 46489.707 -66757.4 5072.84 -71830.3 1457.1032
8.82 268.73311 520.96163 46633.64 -66442.4 5127.89 -71570.3 1464.8636
8.83 263.93485 245.01407 46693.063 -66203.1 5036.33 -71239.4 1469.0193
8.84 264.45866 475.03455 46431.773 -66524.8 5046.32 -71571.1 1465.5693
8.85 273.09544 -387.84683 46967.798 -66276.6 5211.13 -71487.7 1481.195
8.86 277.59332 -600.27947 47080.136 -66162.3 5296.96 -71459.3 1483.9733
8.87 261.41882 492.59746 46692.131 -66597.9 4988.32 -71586.3 1477.9484
8.88 273.50208 484.78084 46572.811 -66420 5218.89 -71638.9 1479.6091
8.89 269.13097 408.72575 46559.076 -66666.2 5135.48 -71801.7 1480.0127
8.9 264.85828 142.97459 46770.055 -66673.6 5053.95 -71727.5 1485.0203
8.91 268.55982 468.55009 46551.519 -66989.4 5124.58 -72114 1481.0615
8.92 263.41754 -723.86936 47305.515 -66892.4 5026.46 -71918.8 1498.6037
8.93 274.48263 -733.67313 47124.729 -66603.1 5237.6 -71840.7 1497.2016
8.94 266.61222 188.63139 46672.418 -66569.6 5087.42 -71657 1488.2933
8.95 268.82207 257.50097 46569.747 -66551.2 5129.59 -71680.8 1489.257
8.96 265.42733 -427.39256 46987.179 -66508.7 5064.81 -71573.5 1500.1607
8.97 273.62203 -396.47175 47059.829 -66633.3 5221.18 -71854.4 1500.4311
8.98 258.12659 -280.64716 46857.574 -67071 4925.5 -71996.5 1497.8723
8.99 269.16727 387.46822 46604.092 -66613.8 5136.17 -71750 1494.6048
9 258.80462 -528.00624 47133.416 -67035.9 4938.44 -71974.4 1505.9846
9.01 272.20154 349.56161 46613.008 -66412.7 5194.07 -71606.8 1495.5731
9.02 268.90405 510.99398 46622.484 -66866.7 5131.15 -71997.8 1497.6904
9.03 268.73834 101.8411 46572.783 -66589.9 5127.99 -71717.9 1497.4488
9.04 274.51662 460.71533 46542.808 -66586.8 5238.25 -71825 1494.6296
9.05 256.52046 403.95369 46548.482 -66959.8 4894.85 -71854.6 1496.2699
9.06 260.04326 200.78495 46704.497 -66495.2 4962.07 -71457.3 1504.3732
9.07 271.82928 272.44661 46639.938 -66733 5186.97 -71920 1505.2927
9.08 280.33402 -259.59255 46997.414 -66133.2 5349.25 -71482.5 1513.1744
9.09 263.19788 -804.14099 47212.832 -66545.6 5022.27 -71567.9 1519.8593
9.1 266.44868 361.45773 46618.35 -66833.4 5084.3 -71917.7 1511.4533
9.11 265.52659 728.11581 46413.282 -66924.4 5066.7 -71991.1 1507.4677
9.12 265.11556 -199.63489 46780.762 -66386 5058.86 -71444.8 1515.4291
9.13 262.7743 42.674467 46817.428 -66607.5 5014.18 -71621.7 1515.2265
9.14 273.0953 482.88962 46604.983 -66670.1 5211.13 -71881.2 1513.1459
9.15 269.6776 -26.743995 46722.774 -66524.7 5145.91 -71670.6 1514.0475
9.16 266.47648 -175.1378 46917.692 -66983 5084.83 -72067.8 1516.657
9.17 267.48564 -156.00257 46925.059 -66408.5 5104.08 -71512.6 1519.1146
9.18 272.74493 -201.62226 46888.772 -66583.6 5204.44 -71788 1517.7239
9.19 267.81615 461.70706 46594.639 -66588.4 5110.39 -71698.8 1512.3898
9.2 268.10754 214.28404 46607.288 -66552.6 5115.95 -71668.6 1511.2939
9.21 266.21712 651.84538 46362.686 -66733.7 5079.88 -71813.6 1505.3636
9.22 270.38845 -376.69062 47049.124 -66741.3 5159.48 -71900.8 1520.0287
9.23 264.27077 -220.80758 46890.86 -67032.2 5042.74 -72074.9 1519.2959
9.24 276.07709 344.18665 46598.67 -66813.3 5268.02 -72081.3 1515.5707
9.25 274.45272 422.59581 46606.556 -66626.1 5237.03 -71863.1 1514.2444
9.26 263.25679 -397.04571 47012.695 -66860.9 5023.39 -71884.3 1524.5677
9.27 261.15257 -85.268551 46799.925 -66691.6 4983.24 -71674.8 1522.3273
9.28 270.4041 539.6529 46540.979 -66805.1 5159.77 -71964.8 1516.0873
9.29 272.34144 469.70531 46573.046 -66558.4 5196.74 -71755.2 1519.279
9.3 263.95007 578.83428 46586.307 -66805.8 5036.62 -71842.4 1523.4486
9.31 268.64528 359.87895 46683.865 -66423.4 5126.21 -71549.6 1524.2546
9.32 258.40426 341.67625 46647.631 -66747.4 4930.8 -71678.2 1527.2459
9.33 267.3227 10.519054 46726.522 -66402.7 5100.98 -71503.7 1530.5677
9.34 259.62057 -408.65267 46943.911 -66987.4 4954.01 -71941.5 1537.2467
9.35 275.78701 -175.83451 46884.629 -66543.1 5262.49 -71805.5 1536.179
9.36 262.04839 -10.272066 46800.655 -66754.5 5000.33 -71754.8 1535.7409
9.37 272.94798 -275.11023 46749.473 -66512.3 5208.32 -71720.6 1531.3567
9.38 269.21486 496.39293 46435.729 -66773.2 5137.08 -71910.2 1529.8304
9.39 268.89564 796.22738 46509.345 -66671 5130.99 -71802 1534.7306
9.4 264.93816 421.42675 46513.504 -66913.4 5055.47 -71968.9 1533.7633
9.41 263.70243 -274.88996 46917.851 -66613.6 5031.89 -71645.5 1543.3312
9.42 265.65223 -25.021335 46728.993 -66780.3 5069.1 -71849.4 1541.8678
9.43 271.41983 728.92013 46453.11 -66420.7 5179.16 -71599.9 1532.9175
9.44 266.00448 655.33692 46411.462 -66587 5075.82 -71662.8 1536.8197
9.45 264.97902 -514.0761 46980.222 -66732.1 5056.25 -71788.4 1548.2795
9.46 267.78841 -386.17745 47013.885 -66445.9 5109.86 -71555.8 1550.5646
9.47 260.77327 49.477305 46655.248 -66850.2 4976 -71826.2 1546.2884
9.48 268.69618 16.34615 46720.021 -66568 5127.18 -71695.2 1551.7016
9.49 259.66596 -150.08104 46787.222 -66968.7 4954.87 -71923.6 1552.582
9.5 261.69684 -376.63046 46879.857 -66784.6 4993.62 -71778.2 1554.1963
9.51 273.5335 764.50707 46286.115 -66628 5219.49 -71847.5 1539.256
9.52 271.76788 481.69101 46438.745 -66427.3 5185.8 -71613.1 1545.0859
9.53 265.76438 259.21869 46563.438 -66760.9 5071.24 -71832.1 1549.5325
9.54 277.76501 513.23779 46501.327 -66172.6 5300.23 -71472.8 1547.6209
9.55 268.42033 -425.75401 46950.58 -66616 5121.92 -71737.9 1556.4038
9.56 259.74772 -123.76382 46769.773 -66387.2 4956.43 -71343.7 1553.3841
9.57 265.60267 284.25369 46542.767 -66357.6 5068.15 -71425.8 1553.3343
9.58 266.88099 -126.24791 46823.626 -66439.2 5092.55 -71531.7 1561.9375
9.59 258.78423 -48.675382 46741.864 -66707.7 4938.05 -71645.8 1558.9018
9.6 266.28859 275.04544 46594.5 -66527.6 5081.24 -71608.9 1556.6758
9.61 262.08178 231.7823 46707.979 -66356.4 5000.97 -71357.3 1560.2528
9.62 271.86759 235.24641 46833.919 -66001.4 5187.7 -71189.1 1563.3391
9.63 267.09594 280.77732 46577.54 -66289.3 5096.65 -71385.9 1560.5396
9.64 273.80969 -298.91632 46795.988 -65974.5 5224.76 -71199.2 1563.658
9.65 262.02498 599.24013 46258.292 -66359.5 4999.89 -71359.4 1551.8852
9.66 263.01816 -756.28085 47223.214 -66214.7 5018.84 -71233.6 1577.1123
9.67 265.40569 -267.67538 46903.514 -66052.2 5064.4 -71116.6 1575.167
9.68 261.61488 1027.0285 46373.407 -66420.3 4992.06 -71412.3 1565.3786
9.69 255.73379 -343.21056 46817.951 -66555.2 4879.84 -71435 1575.5031
9.7 274.12415 651.23982 46462.112 -66194.9 5230.76 -71425.6 1571.1462
9.71 270.38243 -400.86448 47021.223 -66439.9 5159.36 -71599.3 1586.1596
9.72 260.17253 381.24636 46643.354 -66620.5 4964.54 -71585 1579.0269
9.73 265.53798 -123.79166 46825.367 -66568.9 5066.92 -71635.8 1586.659
9.74 267.47488 97.645032 46592.392 -66409 5103.88 -71512.8 1583.8015
9.75 265.53435 347.24172 46540.171 -66424.7 5066.85 -71491.5 1584.5431
9.76 267.85513 -666.33331 47297.757 -66214.7 5111.14 -71325.8 1603.045
9.77 267.54808 -381.71498 46981.345 -66212.7 5105.28 -71317.9 1600.172
9.78 266.87684 653.53247 46470.165 -66353.1 5092.47 -71445.6 1592.5816
9.79 263.59227 400.01358 46459.011 -66680.4 5029.79 -71710.2 1593.4251
9.8 265.88095 408.30411 46562.777 -66508.9 5073.46 -71582.3 1598.1122
9.81 279.2979 13.860073 46979.255 -66251.7 5329.48 -71581.1 1608.811
9.82 267.76694 90.431735 46785.686 -66574.1 5109.45 -71683.5 1604.8313
9.83 268.22317 101.24738 46865.14 -66473.1 5118.16 -71591.3 1608.5271
9.84 262.88404 -468.39108 46877.723 -66805.1 5016.28 -71821.4 1609.8427
9.85 260.0016 -194.76217 46816.234 -66957.4 4961.28 -71918.7 1609.545
9.86 276.1451 -99.699188 47072.496 -66498.7 5269.32 -71768 1616.7657
9.87 266.76858 547.24063 46465.884 -66663.5 5090.4 -71753.9 1603.8324
9.88 270.47098 -153.92388 46708.158 -66459.9 5161.05 -71621 1608.2451
9.89 265.26094 -224.97842 46760.306 -66849.6 5061.63 -71911.2 1609.247
9.9 265.7868 -395.85895 47052.816 -66612.4 5071.67 -71684.1 1615.6557
9.91 274.8295 -202.73854 47007.848 -66620.6 5244.22 -71864.8 1617.1421
9.92 270.48289 -319.27488 47053.539 -66678 5161.28 -71839.3 1618.6443
9.93 277.11076 -211.7997 46917.942 -66316.2 5287.75 -71604 1614.825
9.94 272.81488 -283.47269 46819.784 -66509.1 5205.78 -71714.9 1611.2051
9.95 275.39692 -431.76628 47048.781 -66366.5 5255.05 -71621.6 1618.9573
9.96 265.95094 61.84189 46687.078 -66455.5 5074.8 -71530.3 1608.3442
9.97 269.33623 687.93859 46369.243 -66117.5 5139.4 -71256.9 1607.4724
9.98 267.84637 -413.1997 47137.512 -65744.1 5110.97 -70855 1629.7004
