0 266.80546 -8.1872425 21834.06 -29788.5 2392.49 -32181 6.2335137
0.01 264.00671 -124.429 21695.737 -29539.2 2367.39 -31906.6 17.733098
0.02 270.2344 -161.97132 21808.08 -29796 2423.23 -32219.2 29.917404
0.03 262.74435 752.98926 21589.506 -29730.8 2356.07 -32086.9 39.2367
0.04 287.86708 -33.992031 21860.999 -29665.2 2581.35 -32246.6 50.592504
0.05 259.89073 461.11072 21717.529 -29721.4 2330.48 -32051.9 63.48354
0.06 268.29235 -16.476639 21894.159 -29640.7 2405.82 -32046.5 77.751425
0.07 260.51377 -347.58162 21626.6 -29511.8 2336.07 -31847.9 89.427961
0.08 268.00187 -308.16021 21955.017 -29612.5 2403.22 -32015.7 100.32262
0.09 255.27175 419.9499 21598.552 -29812.8 2289.06 -32101.8 111.3578
0.1 274.06943 -275.39513 21933.737 -29576.3 2457.62 -32033.9 125.49076
0.11 281.99252 -40.673788 21642.522 -29668.7 2528.67 -32197.4 138.69801
0.12 254.45808 -118.7185 21723.464 -29564.2 2281.77 -31845.9 150.88691
0.13 268.68522 -184.91538 21821.875 -29944 2409.34 -32353.3 164.52619
0.14 250.33129 75.117687 21737.869 -30036.2 2244.76 -32281 169.58761
0.15 269.8484 557.71329 21739.011 -29740.7 2419.77 -32160.5 179.43459
0.16 276.64015 -424.86447 21908.843 -29540.6 2480.68 -32021.2 192.94637
0.17 278.30166 -760.6626 21911.507 -29687.6 2495.58 -32183.2 200.18525
0.18 275.87187 -94.070337 21926.951 -29808.3 2473.79 -32282.1 201.5786
0.19 264.83398 575.1157 21842.131 -30126.3 2374.81 -32501.1 210.79867
0.2 263.35977 62.232247 21764.548 -29854 2361.59 -32215.5 218.67678
0.21 265.89183 -79.122383 21631.976 -29918.3 2384.29 -32302.6 226.6997
0.22 258.14998 668.23682 21756.366 -30114.2 2314.87 -32429.1 232.41848
0.23 278.00497 -127.53443 22003.862 -29660.6 2492.91 -32153.6 250.3763
0.24 268.24841 -968.15913 21939.389 -29736.8 2405.43 -32142.3 257.51389
0.25 261.47128 -334.72868 21902.045 -29769.1 2344.65 -32113.8 276.18001
0.26 274.49494 -13.723972 21929.242 -29992.9 2461.44 -32454.3 287.82203
0.27 258.50865 232.88356 21806.922 -29907.6 2318.09 -32225.7 290.0701
0.28 264.42623 -335.08489 21695.741 -30081.7 2371.15 -32452.9 298.73328
0.29 264.35805 -920.90573 21810.496 -30000.9 2370.54 -32371.4 308.79656
0.3 283.25183 -299.80935 21906.934 -29773.7 2539.96 -32313.7 317.79581
0.31 281.9177 326.54747 21814.27 -29954.2 2528 -32482.2 331.10902
0.32 271.65185 -234.83463 22112.697 -29844.9 2435.95 -32280.8 344.26246
0.33 269.47559 -332.44504 21769.78 -29991.7 2416.43 -32408.2 340.74025
0.34 263.24835 673.30928 21697.748 -30118 2360.59 -32478.6 346.37132
0.35 283.97003 -93.629731 21777.499 -29967.9 2546.4 -32514.3 355.14025
0.36 250.9718 -437.02205 21734.439 -30237.2 2250.5 -32487.7 359.2196
0.37 275.2911 -557.93009 21996.874 -30226.2 2468.58 -32694.8 366.41378
0.38 268.19619 28.921866 21947.729 -30321.3 2404.96 -32726.2 369.26809
0.39 270.89494 526.50687 21781.314 -30480.7 2429.16 -32909.9 373.69643
0.4 269.41316 -1190.7065 22073.311 -30591.1 2415.87 -33007 383.79932
0.41 256.79378 285.27124 21857.814 -30745.5 2302.71 -33048.2 384.94737
0.42 284.30727 359.12186 21760.062 -30652.5 2549.43 -33201.9 383.27207
0.43 272.46902 333.35126 21811.222 -30403.5 2443.27 -32846.8 387.39102
0.44 279.81275 252.75898 21833.45 -30649.3 2509.13 -33158.4 389.13441
0.45 275.28302 -103.70634 22030.237 -30982.6 2468.51 -33451.1 393.84045
0.46 263.81368 -724.38179 22050.539 -31085.2 2365.66 -33450.9 396.60418
0.47 267.29332 -858.97823 22202.513 -30859.6 2396.86 -33256.4 400.89805
0.48 280.24371 225.22158 22040.62 -31024.3 2512.99 -33537.3 402.16143
0.49 271.63448 392.75567 21946.96 -31299.4 2435.79 -33735.2 403.04035
0.5 282.85415 -146.05009 22071.899 -31818.1 2536.4 -34354.5 404.32007
0.51 269.14826 132.86951 21943.606 -32156.1 2413.5 -34569.6 402.47924
0.52 267.10791 429.68764 21877.665 -31948.6 2395.2 -34343.8 400.86285
0.53 269.80591 104.37234 21965.35 -32012.4 2419.39 -34431.8 402.13844
0.54 274.25409 401.51303 21899.046 -32099 2459.28 -34558.2 401.84227
0.55 268.21121 -186.0575 22008.694 -32198.1 2405.09 -34603.2 403.51516
0.56 254.67658 -340.87193 22052.787 -32137 2283.73 -34420.7 403.8215
0.57 266.60185 -983.89575 22257.448 -32059 2390.66 -34449.7 405.89795
0.58 256.51027 -441.40294 22081.338 -32254.6 2300.17 -34554.7 403.73277
0.59 273.05849 -71.561739 22021.818 -31963.1 2448.56 -34411.7 402.82016
0.6 266.63694 372.65012 21917.511 -32040.6 2390.98 -34431.6 401.8712
0.61 273.8776 529.93159 21846.732 -32121.4 2455.9 -34577.3 401.14239
0.62 268.81505 111.50954 21975.059 -32025.2 2410.51 -34435.7 402.91722
0.63 268.24348 -320.45175 22045.886 -32225.1 2405.38 -34630.5 403.4219
0.64 263.94009 -30.071304 21994.722 -32051.7 2366.79 -34418.5 403.12974
0.65 270.18383 -692.32552 22205.435 -31951.5 2422.78 -34374.3 405.27937
0.66 273.9117 -861.28739 22231.309 -32084.3 2456.21 -34540.5 406.10209
0.67 279.79854 -394.83016 22113.516 -32081.5 2509 -34590.5 403.89749
0.68 264.71261 35.260537 21930.528 -32241.1 2373.72 -34614.8 401.63141
0.69 280.76658 442.39417 21862.215 -32009.8 2517.68 -34527.4 401.20084
0.7 247.77556 390.62009 21836.551 -32352.2 2221.84 -34574 401.33362
0.71 275.76659 229.82392 21907.259 -32004 2472.84 -34476.8 402.33388
0.72 269.39995 478.99105 21887.716 -32010.6 2415.75 -34426.3 401.29922
0.73 265.19163 259.18284 21954.56 -32132.4 2378.02 -34510.4 403.03746
0.74 266.15619 674.11587 21816.025 -32083.2 2386.66 -34469.9 401.52962
0.75 270.95517 47.578562 21977.947 -32120 2429.7 -34549.7 403.32443
0.76 262.32179 54.132679 21984.793 -32140.6 2352.28 -34492.9 403.08325
0.77 263.6737 -33.950087 22035.795 -32185.8 2364.4 -34550.2 402.57754
0.78 275.80217 -824.03025 22204.958 -32068.9 2473.16 -34542 405.36903
0.79 271.83602 -481.71726 22129.032 -32011.9 2437.6 -34449.5 404.35316
0.8 266.85265 -53.401643 22021.952 -32096.8 2392.91 -34489.8 403.43203
0.81 277.42144 21.1003 22006.249 -31919.8 2487.68 -34407.5 403.53383
0.82 272.91904 288.52062 21912.63 -32169.9 2447.31 -34617.2 402.5039
0.83 285.15462 279.17492 21916.007 -32043.4 2557.03 -34600.5 402.71517
0.84 275.73286 344.20435 21891.613 -32216.6 2472.54 -34689.1 402.07933
0.85 276.9885 573.81726 21843.031 -32139.7 2483.8 -34623.5 401.74486
0.86 277.50164 -11.493769 22002.429 -32102.2 2488.4 -34590.6 403.37097
0.87 252.25048 -441.29263 22132.005 -32271.8 2261.97 -34533.8 404.77368
0.88 269.15691 -745.33618 22203.584 -32063.1 2413.57 -34476.7 405.14764
0.89 255.82628 -246.09846 22025.188 -32072.7 2294.03 -34366.7 403.09968
0.9 270.88061 -1.7436813 22006.393 -32170.5 2429.03 -34599.5 403.2521
0.91 269.34596 169.61243 21917.161 -31997.3 2415.27 -34412.6 402.00069
0.92 277.37688 504.22635 21861.836 -32106.3 2487.28 -34593.6 401.39032
0.93 283.04776 64.105858 21989.762 -31810.7 2538.13 -34348.9 402.52494
0.94 267.65727 148.36541 21958.53 -32180.6 2400.13 -34580.8 401.91891
0.95 248.53491 -189.39614 22030.818 -32136.2 2228.65 -34364.9 403.46178
0.96 285.36325 -322.27561 22110.274 -31835.4 2558.9 -34394.3 405.07472
0.97 255.65766 -497.86248 22166.436 -32096.2 2292.52 -34388.7 404.83653
0.98 275.91613 -73.639129 22031.825 -31836.7 2474.18 -34310.9 403.00112
0.99 273.51676 111.13032 21971.001 -32031.7 2452.67 -34484.4 403.2462
1 279.78923 276.66645 21907.092 -32144.7 2508.91 -34653.6 402.33654
1.01 278.28923 323.59693 21945.287 -32039.9 2495.46 -34535.4 402.50249
1.02 274.37361 659.95449 21808.388 -32192.7 2460.35 -34653 401.45348
1.03 260.84147 289.37639 21922.24 -32179.3 2339.01 -34518.3 402.21654
1.04 273.54485 379.33298 21932.632 -31995.8 2452.92 -34448.7 401.46999
1.05 280.10986 547.89766 21854.98 -32078 2511.79 -34589.8 400.42348
1.06 262.74437 168.46247 21950.571 -32169 2356.07 -34525.1 402.18341
1.07 278.57616 -103.15072 22015.302 -32014.8 2498.04 -34512.8 403.5297
1.08 267.55612 -428.18224 22141.836 -32053.7 2399.22 -34453 405.13854
1.09 268.91566 -446.37924 22133.989 -32130.5 2411.41 -34541.9 404.88518
1.1 267.05165 -699.62115 22178.753 -32201.8 2394.69 -34596.5 405.41566
1.11 265.03189 -161.69668 22059.057 -31886.5 2376.58 -34263 404.19342
1.12 260.88097 103.71598 21928.8 -32166.6 2339.36 -34506 402.83215
1.13 266.55936 364.39757 21873.495 -31984.6 2390.28 -34374.9 400.93597
1.14 271.55194 613.38056 21870.574 -31974.6 2435.05 -34409.6 400.93533
1.15 259.92377 82.345602 21953.95 -32184.7 2330.78 -34515.5 402.32306
1.16 264.1239 -98.993249 22026.265 -32098.4 2368.44 -34466.9 402.93646
1.17 274.2031 -380.36284 22103.749 -32051.5 2458.82 -34510.4 404.20901
1.18 266.18393 -846.02121 22229.49 -32203.3 2386.91 -34590.2 405.83635
1.19 267.45926 -281.94014 22064.719 -31943.4 2398.35 -34341.7 404.39237
1.2 264.24614 -280.27194 22027.4 -32131.6 2369.54 -34501.1 403.60703
1.21 268.86301 115.73451 21966.149 -32004 2410.94 -34414.9 402.08093
1.22 275.03679 477.25783 21868.766 -31966.6 2466.3 -34432.9 401.11903
1.23 266.94567 500.33273 21859.234 -32250.1 2393.74 -34643.8 401.04633
1.24 264.74205 548.64305 21833.567 -32030.6 2373.98 -34404.6 401.27749
1.25 261.53216 12.904874 22004.772 -32162.1 2345.2 -34507.3 403.66677
1.26 265.25359 -62.979101 22032.6 -32020.5 2378.57 -34399.1 404.30687
1.27 266.2632 680.35271 21802.484 -32211.8 2387.62 -34599.4 400.65681
1.28 270.54274 11.820352 21976.212 -32135.3 2426 -34561.3 402.66573
1.29 262.07324 51.031536 22001.919 -32056.9 2350.05 -34407 403.05461
1.3 254.71678 -136.2495 21999.655 -32261.2 2284.09 -34545.3 402.80002
1.31 269.19336 -155.58379 22056.043 -32032.4 2413.9 -34446.3 403.49823
1.32 274.08386 -21.600406 22040.185 -32008 2457.75 -34465.8 403.56399
1.33 258.69035 -558.18729 22125.039 -32251.9 2319.72 -34571.6 404.49774
1.34 277.32918 -108.17155 22037.96 -32058.3 2486.85 -34545.2 404.06212
1.35 272.45044 -861.48283 22235.299 -32109.7 2443.11 -34552.8 405.89645
1.36 265.28496 -353.23004 22088.757 -32128 2378.85 -34506.8 403.94247
1.37 277.67382 -83.707134 22050.643 -31946.2 2489.95 -34436.2 403.99092
1.38 275.74796 311.91959 21918.133 -32068.2 2472.68 -34540.9 401.9258
1.39 273.23409 282.4393 21940.444 -32091.4 2450.13 -34541.5 402.54661
1.4 292.39956 669.65548 21840.511 -31866.5 2621.99 -34488.5 401.30264
1.41 265.03672 227.93725 21916.918 -32113.1 2376.63 -34489.7 402.00544
1.42 275.31301 276.64897 21935.682 -31912.2 2468.78 -34381 402.81682
1.43 262.03251 91.466202 21962.31 -32093.5 2349.69 -34443.2 403.06411
1.44 284.34243 599.34399 21855.639 -31937.7 2549.74 -34487.4 401.62792
1.45 263.91793 64.598112 21980.382 -32148.2 2366.59 -34514.7 403.0763
1.46 274.13465 -225.22523 22071.152 -31982.3 2458.21 -34440.5 404.45315
1.47 269.23897 -31.171574 22017.355 -32156.5 2414.31 -34570.8 403.31974
1.48 279.85814 -259.59178 22085.196 -32013.2 2509.53 -34522.7 403.81998
1.49 255.03904 -548.44855 22137.08 -32207.8 2286.98 -34494.7 404.34646
1.5 260.59555 -706.33929 22222.384 -31999 2336.8 -34335.8 405.73584
1.51 267.42614 18.43256 21977.924 -32212.9 2398.05 -34611 402.57067
1.52 268.93113 139.50895 21947.217 -32070.6 2411.55 -34482.2 402.79639
1.53 261.30967 250.14737 21868.511 -32236.9 2343.21 -34580.1 401.43687
1.54 269.1125 292.97332 21919.344 -32049.9 2413.17 -34463.1 402.14538
1.55 267.88302 698.25989 21781.306 -32149.9 2402.15 -34552 400.41624
1.56 273.49798 574.68261 21819.253 -32061.7 2452.5 -34514.2 401.02542
1.57 263.96809 206.99986 21923.329 -32037.5 2367.04 -34404.6 402.44409
1.58 276.5466 549.29049 21862.201 -31979.9 2479.84 -34459.7 402.29306
1.59 272.3474 83.145697 21972.956 -31985.3 2442.18 -34427.5 403.18353
1.6 275.23501 -2.8313942 21997.194 -32007.9 2468.08 -34476 402.85114
1.61 266.16197 -141.28218 22018.482 -32182.9 2386.72 -34569.6 403.55011
1.62 287.25828 -837.00256 22248.689 -31900.3 2575.89 -34476.2 405.64503
1.63 260.10476 -464.90388 22110.871 -32171.6 2332.4 -34504 403.62108
1.64 262.53123 -188.32397 22020.707 -32193.2 2354.16 -34547.4 402.6247
1.65 267.02099 -207.36805 22028.193 -32074.2 2394.42 -34468.7 402.89083
1.66 269.6319 -41.394651 21989.36 -32169.4 2417.83 -34587.3 402.99413
1.67 256.95443 -96.990162 21964.204 -32216.6 2304.15 -34520.7 402.28761
1.68 273.30556 -458.28715 22147.535 -31955.5 2450.77 -34406.3 404.34371
1.69 273.45302 -23.138123 22034.236 -32150.9 2452.1 -34603 404.16117
1.7 262.31289 -335.03523 22134.847 -32127 2352.2 -34479.2 404.98761
1.71 261.05335 -142.22724 22002.583 -32119.6 2340.91 -34460.5 402.81442
1.72 263.67917 22.150996 21976.381 -32195.5 2364.45 -34560 403.52274
1.73 270.65001 72.538563 21969.575 -32030 2426.96 -34456.9 403.6584
1.74 256.71061 718.27627 21774.304 -32175.3 2301.96 -34477.3 400.71494
1.75 287.64903 868.53243 21784.817 -31842.3 2579.39 -34421.7 400.07838
1.76 269.43003 426.39589 21897.662 -32117.4 2416.02 -34533.5 401.66569
1.77 277.50197 512.72417 21880.035 -31880.5 2488.4 -34368.9 401.17078
1.78 275.14792 339.64199 21893.367 -32041.3 2467.3 -34508.6 401.14507
1.79 271.47811 131.70946 21945.121 -32071.6 2434.39 -34506 402.43551
1.8 269.31242 -155.7893 22055.482 -31926.8 2414.97 -34341.8 403.73113
1.81 268.45093 -176.94885 22022.947 -32161.9 2407.24 -34569.1 403.44556
1.82 273.59991 -233.72165 22075.899 -31924.9 2453.41 -34378.3 404.429
1.83 262.62832 -835.31306 22236.451 -32108.5 2355.03 -34463.5 405.69092
1.84 284.84994 -695.76926 22207.297 -31852 2554.29 -34406.3 405.56258
1.85 255.35029 -245.84429 22041.247 -32105.8 2289.77 -34395.6 403.21315
1.86 268.52898 -110.29858 22041.987 -31963.5 2407.94 -34371.4 403.6249
1.87 273.91609 216.45176 21947.939 -32174.6 2456.25 -34630.8 403.01384
1.88 271.06299 225.86296 21929.381 -32180.9 2430.66 -34611.6 402.30211
1.89 275.39912 110.81532 22007.391 -31914.5 2469.55 -34384.1 402.72291
1.9 264.45049 222.08084 21913.368 -32154.9 2371.37 -34526.3 402.13609
1.91 279.87053 105.63106 21978.194 -31867.4 2509.64 -34377 402.3725
1.92 279.40394 -14.612846 22008.3 -32097.3 2505.46 -34602.7 402.63648
1.93 269.25008 -16.895521 22002.858 -31975.3 2414.41 -34389.7 402.87115
1.94 272.53996 -227.64012 22067.593 -32003.6 2443.91 -34447.5 403.68962
1.95 263.20132 -695.87828 22160.104 -32058.4 2360.17 -34418.6 405.74306
1.96 289.4791 -195.43894 22092.412 -31920.5 2595.81 -34516.3 404.85668
1.97 270.85303 -548.10345 22144.941 -32079.5 2428.78 -34508.2 405.5916
1.98 278.10255 158.89536 21977.695 -31914.2 2493.79 -34408 402.8494
1.99 280.38253 425.70996 21890.32 -32012.1 2514.23 -34526.3 401.70027
2 261.71647 274.46257 21940.756 -32160.7 2346.85 -34507.6 402.99266
2.01 276.48736 543.95164 21879.006 -31856.1 2479.31 -34335.4 401.36088
2.02 275.80485 112.12383 21958.481 -32021.2 2473.19 -34494.4 402.29093
2.03 270.5746 124.98698 21975.813 -32110.3 2426.29 -34536.6 403.30085
2.04 257.2615 -254.87893 22041.382 -32142.2 2306.9 -34449.1 403.64303
2.05 279.30617 -106.34211 22039.56 -31955.3 2504.58 -34459.9 403.83583
2.06 276.72433 -189.39191 22036.135 -31974.3 2481.43 -34455.8 403.09382
2.07 278.63749 137.11432 21944.076 -32122.9 2498.59 -34621.5 401.25252
2.08 258.7056 607.72571 21800.25 -32228.9 2319.85 -34548.8 400.39456
2.09 272.97585 181.93984 21969.288 -32003.5 2447.82 -34451.3 402.39899
2.1 262.21468 -17.917113 22039.539 -32242.1 2351.32 -34593.4 403.73058
2.11 287.63606 -525.6576 22160.99 -31942.4 2579.28 -34521.7 404.50854
2.12 267.55216 -42.054359 22019.797 -31971.7 2399.18 -34370.8 403.46673
2.13 269.60173 367.12219 21901.004 -32178.5 2417.56 -34596 402.27774
2.14 270.10289 569.71327 21851.942 -31979.6 2422.06 -34401.7 401.57286
2.15 262.24475 163.11372 21924.205 -32272.9 2351.59 -34624.4 402.17927
2.16 277.75679 612.9274 21848.739 -32015.1 2490.69 -34505.8 400.95343
2.17 256.05768 -24.708333 21981.859 -32226.5 2296.11 -34522.6 403.20768
2.18 276.10278 -61.420114 22040.517 -32081.3 2475.86 -34557.1 403.06362
2.19 258.93949 -293.51787 22059.101 -32155 2321.95 -34476.9 403.94363
2.2 286.5663 -489.93872 22171.543 -31752.6 2569.69 -34322.3 405.47784
2.21 273.1607 -132.54162 22034.475 -32110.2 2449.48 -34559.7 402.94033
2.22 283.28669 452.64906 21864.87 -31961 2540.28 -34501.2 401.81339
2.23 275.79063 157.86513 21939.352 -32173.9 2473.06 -34647 402.69986
2.24 271.66743 80.709622 21976.999 -32058.4 2436.09 -34494.5 403.42591
2.25 260.65002 -59.010204 21997.575 -32193.6 2337.29 -34530.8 403.26246
2.26 265.12003 -294.96814 22036.539 -31998.2 2377.37 -34375.6 403.56923
2.27 273.34456 -6.3271715 22009.6 -32106 2451.12 -34557.2 403.20343
2.28 282.06106 -248.61413 22071.862 -31941.5 2529.29 -34470.8 403.57635
2.29 273.14877 -3.8626654 21992.495 -32143.8 2449.37 -34593.2 402.95442
2.3 277.53295 227.20051 21944.193 -31837.2 2488.68 -34325.9 402.66803
2.31 269.66605 225.71587 21916.36 -32094.7 2418.14 -34512.8 402.4141
2.32 260.40364 131.32781 21941.894 -32160 2335.08 -34495.1 402.65258
2.33 267.49606 667.57605 21803.525 -32001.3 2398.68 -34400 400.99766
2.34 258.97322 558.65002 21825.139 -32223.9 2322.25 -34546.2 401.67692
2.35 274.5224 58.359103 22008.651 -31954.8 2461.69 -34416.4 403.8844
2.36 263.33323 -248.89524 22033.859 -32224.6 2361.35 -34586 403.68351
2.37 272.08231 -697.50061 22185.896 -32072.5 2439.81 -34512.3 405.38178
2.38 266.77827 -83.707344 21992.201 -32169.5 2392.24 -34561.8 402.75271
2.39 270.25601 -65.80026 22005.553 -32122.7 2423.43 -34546.1 403.61879
2.4 272.46181 -25.64105 22003.999 -32032.1 2443.21 -34475.3 402.93384
2.41 261.36217 410.82131 21871.426 -32269.1 2343.68 -34612.8 401.05433
2.42 281.27737 248.61272 21933.893 -31941.4 2522.26 -34463.7 402.21015
2.43 255.97095 684.03161 21774.544 -32206.3 2295.33 -34501.6 400.15461
2.44 270.67395 -50.92762 22000.547 -32049 2427.18 -34476.1 402.44912
2.45 264.12089 -209.60406 22017.999 -32257.5 2368.41 -34625.9 403.17371
2.46 274.61541 -1113.3859 22356.275 -32016.5 2462.52 -34479 406.93481
2.47 271.24813 -558.25883 22144.254 -32104.1 2432.33 -34536.4 405.22867
2.48 287.27856 -254.40844 22084.412 -31867.5 2576.07 -34443.6 404.12292
2.49 260.06887 -181.07126 22035.622 -32107.7 2332.08 -34439.8 402.93457
2.5 261.80703 338.13786 21860.81 -32248.8 2347.67 -34596.5 401.73026
2.51 264.00302 252.19976 21946.932 -32077.4 2367.36 -34444.8 402.25483
2.52 265.17887 614.20079 21802.767 -32160.5 2377.9 -34538.4 400.27209
2.53 265.60237 674.15394 21794.556 -32219.8 2381.7 -34601.5 400.09146
2.54 272.90955 304.94784 21928.547 -32040.8 2447.22 -34488.1 401.88475
2.55 254.47076 103.27035 21921.672 -32278.3 2281.88 -34560.1 401.09756
2.56 275.46598 -246.01515 22064.482 -32074 2470.15 -34544.2 403.60784
2.57 274.21825 -193.53316 22037.717 -32055.1 2458.96 -34514 403.18882
2.58 273.79844 -71.479062 21999.65 -31852.7 2455.19 -34307.9 402.81752
2.59 269.90773 83.026167 21994.201 -32197.9 2420.31 -34618.2 402.90677
2.6 263.01039 -188.7071 22037.931 -32124.3 2358.46 -34482.8 404.00308
2.61 273.0338 -230.10926 22058.857 -32081.3 2448.34 -34529.7 404.50617
2.62 260.34684 -323.08676 22080.731 -32221.2 2334.57 -34555.8 404.07585
2.63 276.41773 -738.35829 22212.744 -32050.8 2478.68 -34529.4 405.81155
2.64 264.15973 -300.74198 22075.954 -32241.7 2368.76 -34610.5 403.90601
2.65 272.8286 -486.11066 22131.592 -32005.2 2446.5 -34451.7 404.64731
2.66 261.66551 -241.04037 22052.433 -32115.5 2346.4 -34461.9 403.25507
2.67 291.96623 -157.68969 22060.297 -31869.8 2618.11 -34487.9 403.52783
2.68 262.82312 577.38063 21804.928 -32130 2356.78 -34486.8 401.13292
2.69 272.14663 334.4899 21899.778 -32003 2440.38 -34443.3 401.91421
2.7 268.70839 253.86266 21929.928 -32051.8 2409.55 -34461.3 402.60798
2.71 266.36041 658.10429 21849.237 -32100.2 2388.5 -34488.7 401.46566
2.72 272.75641 -72.297359 22012.429 -32003.4 2445.85 -34449.3 402.96902
2.73 286.75302 -294.8699 22059.698 -32158.6 2571.36 -34729.9 403.75426
2.74 292.50389 -146.06532 22054.222 -31940.1 2622.93 -34563.1 402.97646
2.75 269.6964 -278.54667 22055.796 -32140.1 2418.41 -34558.5 403.74524
2.76 276.24507 -536.82051 22135.853 -31941.1 2477.13 -34418.2 404.25146
2.77 269.32811 30.230291 21975.672 -32135.7 2415.11 -34550.9 402.08894
2.78 275.92783 517.35071 21852.974 -31930.4 2474.29 -34404.6 401.17913
2.79 268.94455 332.68893 21928.224 -32149.8 2411.67 -34561.4 402.32871
2.8 282.60119 83.312699 21996.794 -31833.9 2534.13 -34368 403.32872
2.81 263.12741 -323.50799 22064.952 -32127.7 2359.51 -34487.2 404.62643
2.82 280.2426 -299.93567 22094.099 -31931.9 2512.98 -34444.9 403.88761
2.83 269.92339 -907.58788 22234.635 -31980.2 2420.45 -34400.7 405.40877
2.84 260.00075 -515.52507 22110.79 -32280.6 2331.47 -34612.1 403.83116
2.85 274.08284 -229.35019 22068.98 -32038.2 2457.74 -34495.9 403.56729
2.86 272.73612 -143.38905 22010.714 -32161.1 2445.67 -34606.8 403.41765
2.87 264.70765 -224.83999 22064.274 -32148.1 2373.68 -34521.8 404.18691
2.88 278.97821 90.409863 21986.239 -31934.8 2501.64 -34436.5 403.21682
2.89 280.79386 383.39314 21889.126 -32011.6 2517.92 -34529.5 402.33334
2.9 273.56109 679.22427 21821.731 -32069.4 2453.07 -34522.5 401.31641
2.91 279.28272 -152.5112 22047.076 -31884 2504.37 -34388.4 403.3841
2.92 268.46121 -130.41032 22024.376 -32185 2407.33 -34592.3 403.0955
2.93 263.76689 -23.539847 21957.603 -32188.9 2365.24 -34554.1 401.69791
2.94 271.95292 -336.35213 22073.73 -32008.4 2438.65 -34447 403.49872
2.95 249.17613 -62.13115 22005.148 -32250.2 2234.4 -34484.6 403.39111
2.96 280.44493 -704.43151 22189.931 -31997.2 2514.79 -34512 405.31677
2.97 269.43876 -199.82313 22047.768 -32099.4 2416.1 -34515.5 403.3272
2.98 264.73184 -81.433806 22004.598 -32153.5 2373.89 -34527.4 403.24829
2.99 265.5741 205.78965 21924.397 -32068 2381.45 -34449.4 402.27913
3 264.72272 381.16454 21891.036 -32143.6 2373.81 -34517.4 401.35914
3.01 263.75057 354.19333 21888.95 -32279.6 2365.09 -34644.7 401.65079
3.02 274.13906 48.876987 21958.897 -32038.2 2458.25 -34496.5 402.34629
3.03 250.27391 27.987785 21959.174 -32286.3 2244.25 -34530.5 402.18339
3.04 265.59996 -115.62791 22039.361 -32150.7 2381.68 -34532.4 403.55116
3.05 254.75554 -432.27426 22128.758 -32191.1 2284.43 -34475.6 404.54603
3.06 282.85491 -1127.5806 22360.953 -31842.1 2536.4 -34378.5 406.48936
3.07 273.89228 -317.19291 22053.843 -32107.1 2456.04 -34563.2 403.42837
3.08 279.65158 -41.771885 22031.308 -31894.2 2507.68 -34401.8 402.88334
3.09 281.84206 224.47354 21923.593 -32034.7 2527.32 -34562 401.96865
3.1 270.79956 211.94474 21917.353 -32093.9 2428.3 -34522.2 402.39104
3.11 272.6131 699.26239 21820.642 -32176.1 2444.57 -34620.7 401.29286
3.12 276.25301 18.196274 21976.323 -31993.4 2477.2 -34470.6 403.26989
3.13 251.46789 538.57772 21821.699 -32355.4 2254.95 -34610.4 401.65491
3.14 268.16074 638.06895 21874.028 -31975 2404.64 -34379.6 401.92628
3.15 266.82781 191.29703 21940.208 -32154.2 2392.69 -34546.9 401.52536
3.16 278.56538 24.586444 22000.812 -31902 2497.94 -34399.9 403.12746
3.17 272.36787 -23.598914 21988.973 -32123 2442.37 -34565.4 403.15649
3.18 283.98525 -491.99793 22153.464 -31955.7 2546.54 -34502.2 404.44408
3.19 267.42383 -418.24491 22128.367 -32121.1 2398.03 -34519.2 404.48214
3.2 270.63818 -323.99171 22116.178 -31889.9 2426.86 -34316.8 403.84009
3.21 265.55941 -171.66819 22027.557 -32141.7 2381.31 -34523.1 402.37899
3.22 265.99347 117.47716 21974.44 -32196.2 2385.21 -34581.4 402.13425
3.23 264.21914 141.85578 21954.003 -32098.5 2369.3 -34467.8 401.87462
3.24 284.80461 417.5964 21906.78 -31949.7 2553.89 -34503.6 402.13607
3.25 268.99678 168.34202 21921.989 -32164.5 2412.14 -34576.6 401.69389
3.26 274.39215 288.65903 21925.231 -31980.5 2460.52 -34441 402.69834
3.27 256.59229 -4.3834009 21983.326 -32215.6 2300.9 -34516.5 402.9628
3.28 280.48841 -85.693171 22023.111 -32077.8 2515.18 -34593 403.15266
3.29 270.65025 -5.5793997 21971.749 -32105.2 2426.96 -34532.2 402.40238
3.3 263.19182 -335.41582 22062.513 -32175.4 2360.08 -34535.5 404.14103
3.31 272.33908 -161.59298 22060.437 -31899.7 2442.11 -34341.8 404.05011
3.32 281.05263 -350.44173 22121.826 -32117.2 2520.24 -34637.5 404.6231
3.33 280.85319 -1.6432413 22013.797 -31858.8 2518.46 -34377.2 403.39342
3.34 272.43879 72.213429 21964.368 -32051.5 2443 -34494.5 402.82613
3.35 280.1771 -129.13899 22072.504 -32111.2 2512.39 -34623.6 403.41228
3.36 258.59701 -52.322262 22000.844 -32102.7 2318.88 -34421.6 402.45565
3.37 276.91148 181.49544 21955.196 -32192.7 2483.11 -34675.8 402.27304
3.38 287.89487 210.45081 21930.858 -31910.9 2581.6 -34492.5 402.97639
3.39 272.27727 -107.89241 21990.973 -32121.9 2441.55 -34563.4 403.46978
3.4 281.29488 -168.61592 22057.589 -31920.3 2522.42 -34442.8 404.03198
3.41 259.33197 80.162411 21988.38 -32114.7 2325.47 -34440.1 403.17588
3.42 280.60649 103.34577 21970.682 -32032.1 2516.24 -34548.3 402.38888
3.43 267.88631 106.72981 21916.924 -32277.9 2402.18 -34680.1 401.64708
3.44 270.84597 590.98673 21810.622 -32089.3 2428.72 -34518 400.20087
3.45 270.75441 289.32459 21933.218 -31996.7 2427.9 -34424.6 402.43543
3.46 276.53512 258.38763 21950.79 -32096.9 2479.73 -34576.7 402.20988
3.47 279.7464 -58.324049 22006.467 -31968 2508.53 -34476.6 403.35597
3.48 262.52995 -173.50281 22003.975 -32215.9 2354.15 -34570 403.0577
3.49 262.06012 -362.47393 22110.178 -32215.6 2349.93 -34565.5 404.56719
3.5 271.79187 -425.26563 22099.726 -32028 2437.2 -34465.2 403.80165
3.51 266.87937 100.7815 21954.813 -32186.6 2393.15 -34579.7 402.6339
3.52 273.15166 250.89749 21906.843 -32047.9 2449.39 -34497.3 401.96079
3.53 275.8109 278.32877 21966.089 -32014.8 2473.24 -34488.1 402.31238
3.54 269.22782 -46.804182 21992.904 -32157.8 2414.21 -34572 403.24308
3.55 269.20345 -389.33483 22092.472 -32011.5 2413.99 -34425.5 403.59179
3.56 276.01948 -423.76318 22105.978 -32070.6 2475.11 -34545.7 404.95168
3.57 267.614 -250.02541 22040.422 -32229.6 2399.74 -34629.3 403.69322
3.58 259.7735 -477.57525 22126.287 -31977.6 2329.43 -34307.1 404.28188
3.59 273.47716 -856.75945 22265.451 -31965.9 2452.31 -34418.3 405.22404
3.6 274.895 -23.980085 22015.323 -32062.7 2465.03 -34527.7 403.3274
3.61 276.9318 -60.726329 21994.295 -32024.6 2483.29 -34507.9 403.72322
3.62 274.3656 148.07219 21979.778 -31985.5 2460.28 -34445.8 403.07765
3.63 267.79381 143.99863 21913.565 -32224.7 2401.35 -34626.1 402.43409
3.64 267.49694 669.2464 21815.915 -32115.2 2398.69 -34513.9 401.552
3.65 279.10905 318.10764 21915.607 -32013.1 2502.82 -34515.9 401.62507
3.66 281.98292 184.97569 21932.22 -32013.7 2528.59 -34542.3 402.16908
3.67 273.33662 481.33234 21876.971 -32019.8 2451.05 -34470.9 401.68531
3.68 280.37898 -7.7619661 22033.823 -31905.4 2514.2 -34419.6 402.93028
3.69 270.90392 -445.4394 22096.981 -32047.5 2429.24 -34476.8 404.54383
3.7 264.44265 -726.96652 22202.053 -32019.7 2371.3 -34391 405.88532
3.71 264.62844 144.9634 21934.863 -32118.1 2372.97 -34491.1 402.97356
3.72 271.48607 646.79336 21830.598 -31925.3 2434.46 -34359.8 401.23913
3.73 284.01192 169.89028 21914.099 -32173.3 2546.78 -34720.1 401.82064
3.74 270.01006 119.7844 21937.498 -32129.3 2421.22 -34550.5 401.7222
3.75 269.3448 104.18809 22000.758 -32049.2 2415.26 -34464.5 402.52471
3.76 252.6698 -231.86134 22049.46 -32244.2 2265.73 -34509.9 404.10917
3.77 263.52046 -514.82948 22140.952 -31999.1 2363.03 -34362.2 404.88684
3.78 262.67828 -514.2783 22135.729 -32159.4 2355.48 -34514.8 404.54417
3.79 278.22117 -165.28941 22057.58 -31962.2 2494.85 -34457.1 403.378
3.8 263.16515 350.39799 21927.113 -32127.8 2359.84 -34487.6 401.78852
3.81 263.81685 182.39873 21989.468 -31946 2365.69 -34311.6 402.92964
3.82 267.28971 -108.55902 22019.99 -32127.4 2396.83 -34524.2 402.69533
3.83 280.55426 -85.827079 22020.156 -31925.1 2515.77 -34440.8 402.99627
3.84 275.04572 -382.42222 22123.43 -32112.9 2466.38 -34579.3 404.05576
3.85 275.32201 -236.88598 22057.216 -31984 2468.86 -34452.9 403.77435
3.86 276.90096 442.20112 21899.214 -32024.1 2483.01 -34507.1 402.28713
3.87 283.5354 4.4007738 21994.911 -31971.8 2542.51 -34514.3 403.37124
3.88 252.85239 -445.59689 22119.814 -32123.1 2267.37 -34390.5 405.01768
3.89 270.85271 -653.64741 22182.093 -32072.3 2428.78 -34501.1 406.41869
3.9 257.09493 -114.72414 22014.343 -32245.6 2305.41 -34551 403.85349
3.91 269.06665 -428.94097 22145.419 -32123.8 2412.76 -34536.6 405.40384
3.92 269.44227 102.60726 21938.187 -32181.4 2416.13 -34597.5 402.55427
3.93 274.77916 408.59241 21930.742 -31897.8 2463.99 -34361.8 402.63019
3.94 259.12624 78.443016 21991.682 -32140.7 2323.63 -34464.3 403.53639
3.95 277.84741 429.68467 21869.88 -31990.6 2491.5 -34482.1 401.98575
3.96 268.84583 165.8964 21956.079 -32007.1 2410.78 -34417.9 402.52227
3.97 269.58474 120.39709 21949.174 -32206.1 2417.41 -34623.5 401.69408
3.98 268.16347 -348.62505 22104.521 -32033.8 2404.66 -34438.4 404.11749
3.99 256.53159 -488.75572 22088.847 -32196.9 2300.36 -34497.3 404.11231
4 255.05004 -275.77536 22086.631 -32123.4 2287.07 -34410.5 404.38029
4.01 278.5407 -518.64507 22189.024 -32055.1 2497.72 -34552.8 405.40521
4.02 273.86864 -104.15441 22044.769 -31916.4 2455.82 -34372.2 403.56221
4.03 264.28944 84.395737 21995.855 -32127.6 2369.93 -34497.5 402.60704
4.04 267.96852 -419.05156 22102.037 -32064.2 2402.92 -34467.1 403.95443
4.05 273.1514 -130.4736 22019.79 -32017 2449.39 -34466.4 403.95507
4.06 282.14583 -177.91689 22090.809 -31955.3 2530.05 -34485.4 404.25814
4.07 275.03616 -485.413 22128.415 -32131.1 2466.29 -34597.4 405.10508
4.08 278.79591 -41.769418 22023.236 -32112.5 2500.01 -34612.5 403.52251
4.09 253.80409 85.810336 21944.402 -32332.3 2275.9 -34608.2 402.58454
4.1 266.32463 607.8243 21803.064 -32038 2388.18 -34426.1 400.52155
4.11 257.8718 151.23146 21959.397 -32162.9 2312.38 -34475.3 402.71031
4.12 274.62639 68.682991 22023.601 -31970.9 2462.62 -34433.5 402.86786
4.13 273.36413 307.54443 21935.655 -32048.1 2451.3 -34499.4 401.85088
4.14 265.49814 71.57345 21960.803 -32144.2 2380.76 -34525 402.06089
4.15 271.02359 594.80919 21838.84 -31900.9 2430.31 -34331.2 400.76747
4.16 266.94828 455.37278 21827.548 -32136.5 2393.77 -34530.3 400.62086
4.17 275.79087 298.96299 21917.889 -31914.8 2473.06 -34387.8 402.45961
4.18 280.89631 169.31081 21947.736 -32011.9 2518.84 -34530.8 402.45263
4.19 259.82296 -465.10815 22123.123 -32150.8 2329.87 -34480.7 405.17521
4.2 269.44861 -632.14759 22167.312 -31840.9 2416.19 -34257.1 406.34423
4.21 266.38837 -355.01572 22076.524 -32103.5 2388.75 -34492.3 404.24999
4.22 275.22246 -157.34454 22056.171 -31972.8 2467.96 -34440.7 404.47041
4.23 261.15589 130.52266 21923.387 -31966.6 2341.83 -34308.4 401.60052
4.24 295.24834 922.94471 21766.159 -32081.3 2647.54 -34728.8 400.00489
4.25 284.8863 476.70308 21864.032 -31957.9 2554.62 -34512.6 401.15488
4.26 278.7842 478.66046 21891.711 -32106.9 2499.9 -34606.8 402.26714
4.27 277.19419 431.88547 21911.755 -31900.1 2485.64 -34385.8 402.07813
4.28 256.63855 107.19983 21955.612 -32137.7 2301.32 -34439 402.56006
4.29 280.60663 -37.402243 22036.288 -31959.8 2516.24 -34476 403.2792
4.3 255.5274 -554.95758 22150.257 -32337.3 2291.35 -34628.7 405.00714
4.31 270.69171 -125.73746 22047.437 -31978.3 2427.34 -34405.6 403.78365
4.32 245.43684 -543.01192 22128.661 -32245.4 2200.87 -34446.3 404.23986
4.33 263.40282 -66.327941 21996.076 -32168.8 2361.97 -34530.8 402.99361
4.34 273.22196 -330.61674 22090.405 -32033.4 2450.02 -34483.4 404.17287
4.35 270.98843 -8.8609245 21974.829 -32139.5 2430 -34569.5 402.69143
4.36 271.29009 207.96044 21965.124 -32051.6 2432.7 -34484.3 402.95511
4.37 264.1276 -252.98339 22091.915 -32084.1 2368.47 -34452.6 403.78989
4.38 245.05004 -359.4181 22094.99 -32254.3 2197.4 -34451.7 404.27963
4.39 265.7831 -727.7415 22199.251 -32058.4 2383.32 -34441.7 404.56683
4.4 264.29973 -30.454356 22012.274 -31989.7 2370.02 -34359.7 402.33386
4.41 254.91563 148.39167 21933.207 -32100.2 2285.87 -34386 401.73429
4.42 272.41908 197.72412 21937.551 -32078.6 2442.83 -34521.4 403.35487
4.43 264.10966 574.02534 21847.459 -32173.4 2368.31 -34541.7 401.37822
4.44 281.58264 785.26119 21797.005 -31982.3 2525 -34507.3 400.50367
4.45 268.02348 19.483644 21971.128 -32262.4 2403.41 -34665.8 402.58287
4.46 281.37742 -5.8150234 22014.645 -31996.3 2523.16 -34519.4 403.2483
4.47 276.99845 -78.43537 22036.708 -31864.5 2483.89 -34348.4 404.0006
4.48 264.20528 -390.45971 22087.095 -32040.2 2369.17 -34409.4 404.27892
4.49 267.03051 -342.65031 22078.709 -32064.3 2394.5 -34458.8 404.33126
4.5 249.23842 -737.27177 22157.255 -32246.4 2234.96 -34481.3 405.56918
4.51 271.9871 -17.330378 22023.559 -31930.9 2438.95 -34369.9 403.20569
4.52 270.62166 -477.82281 22110.258 -32174.4 2426.71 -34601.1 404.40137
4.53 271.49867 -160.16865 22031.328 -32080.8 2434.57 -34515.4 402.91171
4.54 271.362 356.93733 21885.363 -32128.7 2433.35 -34562 400.95561
4.55 271.7676 621.42974 21840.47 -32083.1 2436.98 -34520.1 400.94243
4.56 260.08741 336.01436 21894.859 -32145.6 2332.25 -34477.9 401.37475
4.57 268.85458 -35.960867 22013.837 -32181.8 2410.86 -34592.7 403.25057
4.58 282.25123 54.95857 22008.48 -32039 2530.99 -34570 402.96493
4.59 262.60246 128.30745 21946.658 -32266.5 2354.8 -34621.3 402.28956
4.6 268.61696 5.3109796 21989.165 -31999.7 2408.73 -34408.4 404.2969
4.61 260.23383 -166.28594 22030.213 -32202.1 2333.56 -34535.6 403.99588
4.62 282.18144 -354.67131 22131.967 -31968.5 2530.37 -34498.8 404.98488
4.63 275.18663 -671.03553 22181.662 -31946.2 2467.64 -34413.9 405.59729
4.64 260.79064 -229.66789 22013.428 -32272.3 2338.55 -34610.9 403.47973
4.65 277.96726 -82.180113 22015.165 -32019.9 2492.58 -34512.4 403.71802
4.66 263.68762 223.83892 21923.109 -32252.2 2364.53 -34616.7 402.77076
4.67 260.66631 178.9982 21907.538 -32110.4 2337.44 -34447.8 401.71664
4.68 264.59121 436.08388 21869.617 -32107.6 2372.63 -34480.3 401.19135
4.69 264.73244 206.96531 21895.485 -32213.3 2373.9 -34587.2 400.71514
4.7 272.45884 -112.0491 22021.746 -32196.6 2443.18 -34639.8 402.25135
4.71 274.06733 -112.55486 22055.07 -32136.6 2457.61 -34594.2 402.73715
4.72 273.33589 -312.61918 22060.266 -32072.7 2451.05 -34523.8 402.81501
4.73 246.89084 -389.99015 22070.782 -32303.8 2213.91 -34517.7 403.86414
4.74 269.37167 -535.9116 22113.713 -31952.6 2415.5 -34368.1 404.6152
4.75 258.32238 -456.23671 22105.357 -32186 2316.42 -34502.4 404.54251
4.76 285.11203 -123.03101 22060.938 -31913.4 2556.64 -34470.1 404.85941
4.77 269.97858 261.9986 21931.517 -32153.9 2420.94 -34574.8 402.6366
4.78 278.65324 418.1132 21919.543 -31844 2498.73 -34342.8 402.51181
4.79 266.81449 404.83586 21876.789 -32110.1 2392.57 -34502.7 401.3651
4.8 285.4773 469.53986 21898.111 -32056.8 2559.92 -34616.7 401.73126
4.81 281.79819 289.06132 21915.153 -32143.7 2526.93 -34670.6 402.09736
4.82 269.92125 2.9579295 21992.725 -32005.2 2420.43 -34425.6 402.65389
4.83 264.39626 -607.10942 22166.625 -32128.7 2370.88 -34499.6 404.63746
4.84 289.33347 -70.564374 22068.733 -31790.9 2594.5 -34385.4 404.16852
4.85 266.14995 -544.81137 22141.477 -32164.9 2386.61 -34551.5 404.88703
4.86 274.11658 -166.20956 22012.074 -31966.4 2458.05 -34424.5 403.83087
4.87 265.11784 -71.337655 21984.3 -32216.2 2377.35 -34593.6 403.18715
4.88 276.16327 30.306817 21984.587 -31953.5 2476.4 -34429.9 403.3714
4.89 261.83936 549.64868 21819.722 -32214.3 2347.96 -34562.3 400.75291
4.9 276.50854 233.15585 21918.196 -32017.1 2479.5 -34496.6 401.95717
4.91 276.83754 831.77803 21754.906 -32154.2 2482.45 -34636.7 399.64715
4.92 266.16384 192.68139 21922.108 -32216.8 2386.73 -34603.5 401.67185
4.93 279.2653 26.095498 22014.155 -31999.3 2504.22 -34503.6 402.44784
4.94 260.60652 -465.37201 22092.32 -32103.7 2336.9 -34440.6 403.93965
4.95 277.12253 -324.2974 22119.324 -31971.4 2485 -34456.4 404.4234
4.96 280.19342 -547.49895 22142.69 -32029.6 2512.54 -34542.1 404.20411
4.97 283.87468 -536.03762 22159.365 -32145.5 2545.55 -34691.1 405.05179
4.98 269.76767 27.510244 22041.265 -32094.8 2419.05 -34513.9 403.663
4.99 263.45234 264.15138 21940.607 -32195 2362.42 -34557.4 402.47915
5 267.98724 583.01233 21832.281 -32064 2403.08 -34467.1 401.90024
5.01 266.47292 179.29695 21920.281 -32124.5 2389.51 -34514 402.566
5.02 267.2213 357.6327 21886.502 -32001.5 2396.22 -34397.8 401.31859
5.03 262.03359 486.76306 21839.866 -32200.3 2349.7 -34550 400.68803
5.04 266.81684 64.52879 21979.462 -32098.1 2392.59 -34490.7 402.2519
5.05 272.40951 71.946351 22000.428 -32054.4 2442.74 -34497.2 403.12342
5.06 259.62226 -610.09359 22171.758 -32229.4 2328.07 -34557.5 404.67029
5.07 266.3602 -407.68207 22125.943 -32038.1 2388.49 -34426.6 405.23725
5.08 272.01148 -287.67871 22106.253 -32126.6 2439.17 -34565.7 404.2051
5.09 285.41204 -402.08188 22131.749 -31892.6 2559.34 -34451.9 405.09431
5.1 270.96824 -114.60865 22030.492 -32140.3 2429.82 -34570.1 403.51416
5.11 277.86719 205.06856 21946.684 -32148.4 2491.68 -34640.1 402.60601
5.12 263.20465 238.60305 21948.735 -32043.8 2360.2 -34404 402.60903
5.13 271.71164 -74.154547 22008.163 -32044.6 2436.48 -34481.1 402.51537
5.14 272.5584 283.77212 21915.12 -32131.3 2444.07 -34575.4 402.51516
5.15 270.48301 593.62671 21829.728 -32072.2 2425.46 -34497.7 401.16698
5.16 262.61277 60.035047 21942.855 -32090 2354.89 -34444.8 401.9093
5.17 266.47544 301.43331 21928.993 -32094.3 2389.53 -34483.8 402.94856
5.18 280.45427 -105.97568 22044.096 -31941.7 2514.88 -34456.5 403.71937
5.19 262.76438 -487.70474 22119.849 -32159 2356.25 -34515.2 403.74803
5.2 267.04227 32.099773 21951.21 -32200.9 2394.61 -34595.5 401.95464
5.21 282.80548 243.95959 21918.933 -32055.4 2535.96 -34591.4 402.01779
5.22 250.64941 158.98545 21915.201 -32336 2247.61 -34583.6 401.63277
5.23 275.22231 535.74028 21817.422 -32045.1 2467.96 -34513.1 400.72844
5.24 276.05324 371.08813 21895.754 -31986.8 2475.41 -34462.2 402.41669
5.25 266.33958 -136.80387 22022.226 -32157 2388.31 -34545.3 402.78565
5.26 278.35184 -329.26711 22135.392 -32056.8 2496.03 -34552.8 404.10374
5.27 279.57143 -984.31787 22283.737 -31996.1 2506.96 -34503.1 406.48715
5.28 279.01499 -173.32807 22047.159 -32051.2 2501.97 -34553.1 403.59881
5.29 259.97317 -97.833091 21998.638 -32151.1 2331.22 -34482.3 402.97291
5.3 268.04842 272.33718 21878.033 -32166 2403.63 -34569.6 401.61062
5.31 267.87783 192.98023 21952.771 -32149.4 2402.1 -34551.5 402.28676
5.32 287.53552 13.920386 22021.741 -31739.3 2578.38 -34317.7 403.89191
5.33 257.3633 -167.81872 22025.294 -32144 2307.82 -34451.8 403.12741
5.34 268.35608 -869.62914 22276.768 -31885.2 2406.39 -34291.6 406.45537
5.35 261.11711 -296.55995 22051.655 -32184.3 2341.48 -34525.8 404.04706
5.36 277.60672 -396.96422 22103.602 -31918.3 2489.34 -34407.6 403.56401
5.37 269.8392 -207.74886 22035.495 -32148.7 2419.69 -34568.4 402.89073
5.38 265.74778 189.90306 21956.905 -31977.3 2383 -34360.3 403.39657
5.39 258.72068 418.62314 21846.776 -32153.5 2319.99 -34473.5 400.44276
5.4 268.44276 311.94392 21937.994 -32013.8 2407.17 -34420.9 402.41372
5.41 266.82069 117.78346 21938.334 -32240.2 2392.62 -34632.8 402.32021
5.42 274.29313 14.702047 22006.402 -31965.9 2459.63 -34425.5 402.93313
5.43 276.9183 -152.62121 22028.652 -32133.4 2483.17 -34616.6 403.05908
5.44 263.93899 -383.01895 22120.049 -31881.8 2366.78 -34248.5 403.75893
5.45 263.5602 -512.91658 22151.938 -32098.9 2363.39 -34462.3 404.6725
5.46 271.31665 -707.11642 22187.06 -32006.4 2432.94 -34439.4 404.96955
5.47 259.46654 -27.942291 22021.602 -32062 2326.68 -34388.7 402.57551
5.48 260.18307 -52.755837 21979.439 -32114.8 2333.1 -34447.9 403.13447
5.49 275.26527 -186.7724 22014.968 -32013.5 2468.35 -34481.8 403.77743
5.5 268.90103 456.6101 21910.475 -32091 2411.28 -34502.3 402.09501
5.51 256.78359 277.53519 21920.231 -32171.2 2302.62 -34473.8 402.35746
5.52 268.94635 317.4361 21897.229 -32190.5 2411.68 -34602.2 401.59808
5.53 254.40787 413.64424 21865.115 -32151.1 2281.32 -34432.4 402.57167
5.54 271.53468 311.31013 21928.825 -31977.4 2434.89 -34412.2 402.28807
5.55 260.45094 881.00424 21744.909 -32217.5 2335.5 -34553 400.59419
5.56 266.75971 482.71944 21893.909 -32030.6 2392.08 -34422.6 402.07072
5.57 263.49506 139.12905 21933.861 -32127.3 2362.8 -34490.1 402.0429
5.58 268.67513 -73.891034 22024.706 -32163.5 2409.25 -34572.7 404.12235
5.59 265.48396 -380.21285 22106.272 -31947.6 2380.64 -34328.3 404.61649
5.6 262.15354 -736.55766 22217.747 -32097 2350.77 -34447.8 405.261
5.61 273.13865 23.254514 21997.49 -31989.1 2449.28 -34438.3 403.07558
5.62 279.40023 -601.13143 22184.668 -31982.4 2505.43 -34487.9 404.96043
5.63 279.04955 -51.592304 22042.66 -31948.1 2502.28 -34450.4 403.47424
5.64 270.23982 -120.23547 22042.108 -32135.5 2423.28 -34558.8 403.72455
5.65 274.6638 -44.945933 22029.93 -32037.9 2462.95 -34500.8 403.62682
5.66 258.97055 186.76173 21939.887 -32284.2 2322.23 -34606.4 402.28168
5.67 265.96747 -97.812767 22010.465 -32128.1 2384.97 -34513 402.76238
5.68 261.82847 -85.849791 21999.872 -32149.7 2347.86 -34497.6 403.56318
5.69 294.8021 263.84353 21988.961 -31937.3 2643.54 -34580.9 403.00962
5.7 276.39329 361.41442 21866.971 -32075 2478.46 -34553.4 402.02282
5.71 264.4758 228.01884 21948.402 -32164.6 2371.6 -34536.2 402.52447
5.72 273.23408 93.260451 21971.497 -32065.1 2450.13 -34515.2 402.90245
5.73 259.4226 10.654835 21997.888 -32197.2 2326.28 -34523.5 403.13624
5.74 266.90577 -315.95553 22103.599 -32032.8 2393.39 -34426.2 404.03557
5.75 273.37652 277.17958 21914.098 -32015.4 2451.41 -34466.8 401.95304
5.76 272.01932 184.66484 21930.359 -32133.1 2439.24 -34572.3 401.611
5.77 266.1227 -340.37554 22085.022 -31966.6 2386.36 -34352.9 404.09129
5.78 249.19836 -311.48796 22030.188 -32330.8 2234.6 -34565.4 403.35692
5.79 270.77938 -621.13788 22164.16 -32026.5 2428.12 -34454.7 404.7189
5.8 259.96393 -139.41195 22012.122 -32205 2331.14 -34536.1 403.46652
5.81 269.80811 118.08624 21991.364 -32045.2 2419.41 -34464.6 402.90136
5.82 273.33186 45.766705 21969.88 -32129.2 2451.01 -34580.2 402.77492
5.83 272.31452 719.65471 21805.281 -32175 2441.89 -34616.9 400.45815
5.84 270.67525 188.76159 21966.327 -32117.1 2427.19 -34544.3 402.73897
5.85 275.51857 369.71742 21927.717 -32077.5 2470.62 -34548.2 401.77872
5.86 271.04682 20.610151 22001.098 -32256.4 2430.52 -34686.9 402.95512
5.87 279.34674 -206.48681 22090.213 -31983 2504.95 -34488 403.63932
5.88 262.10604 -161.19994 22023.415 -32138.6 2350.35 -34488.9 403.71595
5.89 263.9681 80.276913 21968.153 -32179.4 2367.04 -34546.5 403.82329
5.9 268.63118 72.133981 21962.412 -32192.1 2408.86 -34600.9 403.0177
5.91 275.37905 -113.57371 22002.149 -32044.5 2469.37 -34513.9 403.3839
5.92 265.64401 -188.54424 22023.906 -32237.3 2382.07 -34619.4 402.90841
5.93 274.10224 -422.57795 22140.765 -31968.5 2457.92 -34426.4 404.23691
5.94 266.34664 -466.55109 22107.116 -32005.2 2388.37 -34393.6 404.0738
5.95 271.70418 -777.0752 22236.348 -31932.6 2436.41 -34369 405.40432
5.96 262.72579 -429.147 22085.803 -32070.1 2355.9 -34426 403.9745
5.97 272.32593 62.3626 21982.362 -32062.3 2441.99 -34504.3 402.58777
5.98 276.27818 -80.93603 22046.326 -32048.3 2477.43 -34525.8 403.84732
5.99 263.45 86.891382 21946.425 -32183.7 2362.4 -34546.1 402.01291
6 274.95195 663.12136 21801.265 -32015.5 2465.54 -34481.1 400.22126
6.01 262.90516 305.876 21876.937 -32261.4 2357.51 -34618.9 401.8468
6.02 276.32991 82.66431 21956.988 -31940 2477.89 -34417.9 402.32695
6.03 271.85457 -560.62604 22155.448 -32099.5 2437.76 -34537.2 405.7097
6.04 277.22851 -318.90191 22081.391 -31999.8 2485.95 -34485.8 404.29376
6.05 271.76603 -82.408314 22003.387 -32148.6 2436.97 -34585.6 402.62537
6.06 281.26698 847.511 21789.3 -31839.7 2522.17 -34361.9 400.5491
6.07 262.22181 447.91197 21872.216 -32181.4 2351.38 -34532.8 401.58153
6.08 260.02402 284.02777 21949.326 -32041.5 2331.68 -34373.2 402.01001
6.09 259.51568 -315.23596 22068.106 -32203.3 2327.12 -34530.4 403.81262
6.1 268.70303 -297.23856 22068.56 -32140.6 2409.5 -34550.1 403.83037
6.11 266.32928 -510.78518 22134.789 -32138.7 2388.22 -34526.9 404.79459
6.12 284.62811 -807.71942 22242.971 -31825.8 2552.31 -34378.1 406.36025
6.13 259.36543 -338.41342 22061.273 -32130 2325.77 -34455.8 403.55594
6.14 269.53703 -107.09731 22030.398 -32005.3 2416.98 -34422.3 403.56327
6.15 256.49501 -70.408016 21959.378 -32259.5 2300.03 -34559.6 403.01671
6.16 276.43361 153.3552 21971.648 -32030.8 2478.82 -34509.6 402.48913
6.17 258.674 393.33022 21842.733 -32260.8 2319.57 -34580.4 400.61987
6.18 270.21653 776.8303 21801.821 -32074.4 2423.07 -34497.5 401.0481
6.19 273.94817 319.95279 21934.876 -32066.9 2456.54 -34523.4 402.96716
6.2 275.15752 468.564 21879.832 -32010.3 2467.38 -34477.7 401.94128
6.21 270.9112 288.35653 21899.963 -32028.3 2429.3 -34457.6 402.48284
6.22 265.71182 -70.822629 22016.97 -32046.4 2382.68 -34429.1 402.82624
6.23 265.69767 -317.71073 22073.421 -32147.8 2382.55 -34530.3 403.48214
6.24 271.59809 -376.7516 22107.164 -32113.6 2435.46 -34549.1 404.36738
6.25 265.87846 -658.07523 22166.18 -32072.8 2384.17 -34457 405.46963
6.26 262.01025 -749.58921 22181.656 -32252.5 2349.49 -34602 404.97226
6.27 268.00022 -495.92703 22102.865 -32006.4 2403.2 -34409.6 404.00133
6.28 277.12437 -386.47711 22081.32 -31935.9 2485.02 -34420.9 404.27447
6.29 262.82059 -120.50481 22036.764 -32129.2 2356.75 -34485.9 403.36259
6.3 270.95225 94.516317 21981.484 -31951.1 2429.67 -34380.8 403.17085
6.31 282.2344 422.06801 21875.085 -32079.6 2530.84 -34610.5 401.41788
6.32 264.35704 481.81213 21847.329 -32113.8 2370.53 -34484.3 400.90187
6.33 268.23224 225.26016 21923.642 -32138.7 2405.28 -34544 401.93188
6.34 266.84113 89.072376 21972.619 -32053.4 2392.81 -34446.2 402.76283
6.35 268.93057 -565.49555 22149.085 -32114 2411.54 -34525.6 404.62164
6.36 283.61589 -173.57848 22093.862 -31920.6 2543.23 -34463.8 404.18407
6.37 262.66336 -581.32071 22184.516 -32113.6 2355.34 -34468.9 405.56273
6.38 277.64904 -21.181876 22010.657 -31978.8 2489.72 -34468.6 402.83842
6.39 277.55035 346.45316 21915.386 -32034.6 2488.84 -34523.4 401.96694
6.4 264.45013 318.08532 21903.556 -32249.6 2371.37 -34621 402.02845
6.41 269.50484 635.3479 21843.863 -32062.3 2416.69 -34479 401.0958
6.42 259.31285 70.223782 21946.013 -32185.9 2325.3 -34511.2 402.93853
6.43 288.11095 -164.97517 22102.594 -32009 2583.54 -34592.6 404.8438
6.44 265.88092 -436.14504 22098.28 -32074.7 2384.2 -34458.9 404.64518
6.45 271.3167 -252.00876 22044.44 -32108.9 2432.94 -34541.9 404.94848
6.46 250.62905 -884.56216 22217.475 -32296.2 2247.43 -34543.6 405.43184
6.47 273.57057 -327.536 22076.121 -32004.9 2453.15 -34458.1 404.13858
6.48 255.81408 -158.22485 22023.693 -32182.8 2293.93 -34476.7 402.89797
6.49 262.20372 -183.96168 22035.623 -32147.9 2351.22 -34499.1 403.27119
6.5 277.12657 184.05185 21982.338 -31926.3 2485.04 -34411.4 402.65181
6.51 260.05317 -6.2901037 21971.659 -32222 2331.94 -34553.9 402.41372
6.52 279.83753 295.2146 21918.393 -32034.8 2509.35 -34544.2 401.4584
6.53 272.24882 72.678137 21974.738 -32037.5 2441.3 -34478.8 402.27643
6.54 262.91719 -42.49486 21998.061 -32127.8 2357.62 -34485.5 403.41094
6.55 267.45049 -123.25436 22024.577 -32175.6 2398.27 -34573.9 404.10313
6.56 277.27245 -406.80392 22102.627 -31979.3 2486.35 -34465.6 404.87838
6.57 274.46378 245.68375 21958.275 -32082.9 2461.16 -34544.1 403.41136
6.58 272.25636 489.62058 21864.48 -32033.5 2441.37 -34474.9 401.99913
6.59 270.47905 250.77661 21903.987 -32160.2 2425.43 -34585.6 402.05672
6.6 263.29015 94.714981 21936.813 -32257.8 2360.96 -34618.7 402.50427
6.61 264.01301 -275.4778 22069.279 -32015.5 2367.45 -34382.9 403.53518
6.62 264.82177 -62.475433 22002.375 -32172.7 2374.7 -34547.4 402.92449
6.63 282.35337 -552.9158 22176.104 -31980.9 2531.91 -34512.8 404.93964
6.64 247.19346 -147.01076 22031.25 -32253.9 2216.62 -34470.5 403.40236
6.65 266.26294 -123.24174 22023.077 -32104.3 2387.62 -34492 403.53258
6.66 263.48158 -224.45566 22029.91 -32124.9 2362.68 -34487.6 403.31359
6.67 259.74439 -225.62595 22012.529 -32229.2 2329.17 -34558.4 403.47577
6.68 279.59925 205.27431 21937.123 -32038.1 2507.21 -34545.3 402.13589
6.69 267.68357 6.6159006 21984.582 -32153.1 2400.36 -34553.4 402.20918
6.7 268.19713 -321.25574 22106.815 -31905.7 2404.97 -34310.6 403.94074
6.71 270.90433 -144.72099 22062.638 -32060.6 2429.24 -34489.9 403.18823
6.72 280.83853 -452.66555 22153.694 -31928.2 2518.32 -34446.5 403.60354
6.73 280.83137 28.174657 21985.195 -31950.7 2518.26 -34469 403.10328
6.74 269.01735 402.99808 21864.156 -32002.3 2412.32 -34414.6 401.37951
6.75 253.13314 226.1651 21930.362 -32266.7 2269.89 -34536.6 401.91935
6.76 260.10735 334.22456 21912.092 -32031.9 2332.42 -34364.3 402.78385
6.77 258.00762 -95.985129 22015.239 -32266.8 2313.6 -34580.4 403.61312
6.78 267.17543 -363.65044 22060.756 -32028.9 2395.8 -34424.7 403.58789
6.79 272.08174 -218.37481 22081.152 -32074.2 2439.8 -34514 404.63467
6.8 278.43943 -963.3716 22237.754 -31852.2 2496.81 -34349 406.12125
6.81 260.68107 -137.4119 22023.49 -32159.1 2337.57 -34496.6 403.4285
6.82 270.86191 41.414703 21981.865 -31924.5 2428.86 -34353.4 402.94271
6.83 263.67134 254.45924 21901.771 -32012.5 2364.38 -34376.9 401.50884
6.84 254.25812 201.31978 21882.144 -32202.1 2279.97 -34482.1 401.43391
6.85 275.1985 178.84593 21941.807 -32038.6 2467.75 -34506.3 403.12902
6.86 265.21778 56.812815 21974.112 -32220.1 2378.25 -34598.4 402.40665
6.87 281.62066 -333.75317 22113.661 -31952.8 2525.34 -34478.1 404.16913
6.88 259.0722 -378.07938 22090.615 -32282.7 2323.14 -34605.8 404.51321
6.89 274.43702 -169.5171 22049.739 -32065.4 2460.92 -34526.3 403.0543
6.9 277.22592 -249.85563 22057.481 -32234.4 2485.93 -34720.4 403.67025
6.91 259.75173 117.90086 21981.824 -32075.6 2329.24 -34404.8 403.06263
6.92 285.80859 430.81067 21891.908 -31960.2 2562.89 -34523.1 402.27247
6.93 273.10171 918.8093 21726.683 -32130.4 2448.95 -34579.3 399.84035
6.94 275.20617 551.71544 21802.319 -32106.6 2467.82 -34574.4 400.94965
6.95 273.05272 8.516317 21977.633 -32079.2 2448.51 -34527.7 403.23673
6.96 270.44805 -420.27258 22096.233 -31943.3 2425.15 -34368.4 404.52578
6.97 280.00078 -578.52483 22175.059 -32027.6 2510.81 -34538.4 405.87098
6.98 272.30955 -638.61592 22162.379 -32106.5 2441.84 -34548.4 405.08404
6.99 272.76159 -415.99837 22098.68 -32157.5 2445.9 -34603.4 404.00623
7 268.54189 -194.7786 22083.427 -31736.6 2408.06 -34144.7 404.31122
7.01 265.26601 335.31435 21907.409 -32127.7 2378.68 -34506.4 401.6031
7.02 282.86385 330.14821 21918.21 -31882.5 2536.49 -34419 402.27444
7.03 273.94953 425.05818 21901.631 -32083.4 2456.55 -34539.9 402.2541
7.04 256.19152 476.82218 21857.924 -32237.6 2297.31 -34534.9 401.58287
7.05 286.22982 166.96455 21960.012 -32007.8 2566.67 -34574.5 402.56304
7.06 266.94388 64.792895 21987.39 -32180.7 2393.73 -34574.4 402.40945
7.07 272.74789 -16.509272 22004.811 -32010.1 2445.77 -34455.8 402.76499
7.08 265.55257 -450.3715 22133.036 -32050.1 2381.25 -34431.3 404.06262
7.09 277.90314 -620.93098 22231.802 -31886.4 2492 -34378.4 405.26054
7.1 267.31857 -23.094712 21981.464 -32068.7 2397.09 -34465.8 402.85473
7.11 277.25083 264.7223 21900.507 -31965.4 2486.15 -34451.5 401.04865
7.12 259.5249 320.95586 21871.953 -32213.5 2327.2 -34540.7 401.41816
7.13 275.8252 8.0028122 21971.942 -32029.6 2473.37 -34502.9 402.9829
7.14 264.41746 14.912444 21977.336 -32153.3 2371.07 -34524.4 403.3411
7.15 265.29689 -201.18305 22036.046 -31948.5 2378.96 -34327.4 403.67202
7.16 258.14941 -42.724669 22013.046 -32140.4 2314.87 -34455.3 403.99703
7.17 278.50711 -308.24571 22087.348 -31941.7 2497.42 -34439.1 404.36425
7.18 268.74069 -682.73026 22197.75 -32084.6 2409.84 -34494.5 405.13383
7.19 281.50156 -302.75595 22087.756 -31902.1 2524.27 -34426.4 403.09644
7.2 258.14051 54.216141 21964.795 -32162.9 2314.79 -34477.7 402.32622
7.21 256.05107 333.89312 21883.264 -32226.6 2296.05 -34522.7 401.47899
7.22 271.45799 119.81155 21932.173 -32090.1 2434.21 -34524.3 402.32469
7.23 265.49198 618.94496 21813.537 -32177.3 2380.71 -34558.1 400.88567
7.24 266.95749 32.989069 21961.773 -32164.8 2393.85 -34558.6 402.96181
7.25 267.44613 24.709456 22013.146 -32014.1 2398.23 -34412.4 403.36382
7.26 269.42078 -352.75541 22054.19 -32195 2415.94 -34611 403.87987
7.27 275.31316 -707.05281 22187.475 -32083.9 2468.78 -34552.7 405.54972
7.28 266.27626 -882.10325 22242.468 -32137.8 2387.74 -34525.6 406.23681
7.29 296.70968 -160.41274 22088.979 -31700.7 2660.64 -34361.3 403.72839
7.3 254.53282 -318.28302 22082.04 -32116.3 2282.44 -34398.7 404.42711
7.31 278.11941 36.534011 21995.892 -31863.2 2493.94 -34357.2 402.60975
7.32 263.69234 248.23502 21928.763 -32071.4 2364.57 -34436 402.78139
7.33 275.22885 627.56847 21812.955 -31989.3 2468.02 -34457.3 400.80961
7.34 286.76302 155.21393 21952.422 -31920.9 2571.45 -34492.4 401.66353
7.35 276.81782 348.81522 21888.177 -32120 2482.27 -34602.3 401.18254
7.36 294.1779 329.01258 21892.46 -31944.8 2637.94 -34582.8 401.95714
7.37 268.35066 202.26456 21924.306 -32096.7 2406.34 -34503 403.30265
7.38 272.54864 -135.38 22028.459 -31906.4 2443.99 -34350.4 404.19987
7.39 270.80452 -655.31142 22173.97 -32112.1 2428.35 -34540.4 405.6655
7.4 275.70386 -149.1679 22065.729 -31923.5 2472.28 -34395.7 403.77639
7.41 263.60262 -533.91293 22130.273 -32086.7 2363.77 -34450.5 404.75469
7.42 267.65484 -271.09806 22090.009 -32188.8 2400.1 -34588.9 404.02351
7.43 281.33007 158.7188 21966.809 -32032.8 2522.73 -34555.5 402.57723
7.44 254.35643 290.58638 21901.358 -32249.7 2280.85 -34530.5 402.29035
7.45 277.43654 241.50803 21925.339 -32012.1 2487.82 -34499.9 401.33464
7.46 274.3796 683.93774 21816.471 -31967.2 2460.41 -34427.6 401.32036
7.47 266.53104 531.90427 21827.253 -32181.7 2390.03 -34571.7 401.4198
7.48 275.19227 128.4391 21942.458 -31924 2467.69 -34391.7 402.20258
7.49 262.81434 131.39147 21965.757 -32076.5 2356.7 -34433.2 402.10277
7.5 288.96893 169.71358 21974.061 -31916.9 2591.23 -34508.2 402.63198
7.51 265.51069 30.161984 21996.432 -32211.7 2380.88 -34592.6 403.28484
7.52 272.89489 -484.92281 22132.147 -32061.9 2447.09 -34509 404.71681
7.53 281.57986 -232.72903 22090.564 -32006.2 2524.97 -34531.2 404.26572
7.54 269.83329 -191.69815 22022.701 -32099.2 2419.64 -34518.9 403.73391
7.55 281.67456 68.847329 21986.833 -31879.1 2525.82 -34404.9 403.50265
7.56 269.01595 43.965312 21959.652 -32173.1 2412.31 -34585.4 402.82033
7.57 262.14751 716.62077 21801.355 -32153.9 2350.72 -34504.6 400.76669
7.58 270.62564 200.08225 21904.953 -32254.9 2426.74 -34681.7 401.87981
7.59 269.28652 413.25032 21895.521 -32050.2 2414.74 -34465 402.11934
7.6 259.91347 -64.531176 21990.635 -32264.3 2330.69 -34595 403.28346
7.61 287.05926 -484.84624 22151.652 -31982.6 2574.11 -34556.7 404.22889
7.62 268.59337 -152.38661 22019.035 -32244.1 2408.52 -34652.7 403.40841
7.63 266.3869 -185.26454 22044.958 -32091.8 2388.73 -34480.6 402.828
7.64 267.78965 21.063987 21981.97 -32205.5 2401.31 -34606.8 402.47864
7.65 274.10403 154.43753 21985.056 -32092.5 2457.93 -34550.4 402.5706
7.66 257.75383 58.781325 21968.623 -32106.2 2311.32 -34417.5 402.51893
7.67 276.52962 626.92377 21848.849 -31900.2 2479.69 -34379.9 401.53018
7.68 268.58409 -17.726331 21997.404 -32148.4 2408.44 -34556.9 403.28069
7.69 274.45613 -59.528805 22009.11 -31911.9 2461.09 -34373 403.1271
7.7 268.34585 -293.54173 22052.881 -32060.1 2406.3 -34466.4 404.18299
7.71 270.98951 -374.55714 22100.581 -32055.2 2430.01 -34485.2 404.26588
7.72 254.3391 -489.96091 22111.72 -32282.2 2280.7 -34562.9 405.08357
7.73 266.75873 -326.49047 22072.818 -31998 2392.07 -34390.1 403.84079
7.74 265.43202 -51.36672 22023.614 -31933.2 2380.17 -34313.3 403.6979
7.75 270.68503 665.62325 21809.616 -32048.9 2427.28 -34476.2 400.84734
7.76 270.25271 479.26345 21887.207 -32065.7 2423.4 -34489.1 401.77959
7.77 277.21575 131.11117 21955.508 -32022.1 2485.84 -34508 402.63727
7.78 267.16734 44.974008 21959.548 -32054.3 2395.73 -34450 402.67656
7.79 278.97499 -64.540941 22015.231 -32095.7 2501.61 -34597.3 403.00533
7.8 263.77416 -181.00281 22058.219 -32140.5 2365.3 -34505.8 403.3082
7.81 264.40853 -625.74579 22149.018 -32145.6 2370.99 -34516.6 404.6846
7.82 271.27654 -248.549 22047.787 -32218.4 2432.58 -34651 402.8876
7.83 281.87844 -394.67602 22127.654 -32150.5 2527.65 -34678.1 403.41267
7.84 283.58055 -101.0634 22058.146 -31896.4 2542.91 -34439.3 403.18687
7.85 266.05248 -180.70342 22047.041 -32073.9 2385.73 -34459.6 403.08158
7.86 277.30415 -29.523307 21997.74 -32059.7 2486.63 -34546.3 402.86208
7.87 274.18169 414.06068 21914.426 -31970.7 2458.63 -34429.4 402.14878
7.88 248.44516 -5.0382225 21972.949 -32235.8 2227.85 -34463.6 402.61443
7.89 286.69408 -122.24783 22050.444 -32012 2570.83 -34582.8 404.29089
7.9 268.67108 -33.322797 22011.186 -31976.2 2409.22 -34385.4 403.0555
7.91 250.73353 513.37914 21828.107 -32330.2 2248.37 -34578.6 401.18312
7.92 271.14077 259.74113 21947.679 -31958.3 2431.36 -34389.7 402.85321
7.93 261.61301 249.67817 21899.151 -32139.8 2345.93 -34485.8 402.0436
7.94 274.62546 273.08584 21922.503 -31958.8 2462.61 -34421.4 402.23464
7.95 270.08203 86.408291 21971.481 -32155.1 2421.87 -34576.9 402.7404
7.96 265.52256 -190.5088 22057.164 -32158.7 2380.98 -34539.7 404.15356
7.97 290.47624 -344.52428 22082.67 -32032 2604.75 -34636.7 403.81498
7.98 266.57916 -328.96914 22065.41 -32155.2 2390.46 -34545.6 404.05325
7.99 262.83053 234.5038 21934.678 -32089.3 2356.84 -34446.2 401.79352
8 279.60129 442.78292 21875.661 -31894 2507.23 -34401.3 401.70942
8.01 270.60322 136.56049 21944.808 -32204.5 2426.54 -34631.1 402.33888
8.02 281.30978 -49.902184 22016.492 -32060.4 2522.55 -34582.9 403.16016
8.03 270.30512 -226.02713 22072.547 -32042.5 2423.87 -34466.3 404.08892
8.04 264.12379 -240.29111 22042.765 -32118.6 2368.44 -34487 403.38474
8.05 265.05104 -321.26427 22074.552 -32134.9 2376.75 -34511.7 403.72956
8.06 282.69301 -797.86733 22229.687 -31965.4 2534.95 -34500.4 406.26593
8.07 270.00036 -374.0044 22062.503 -32064.8 2421.14 -34485.9 404.00314
8.08 283.76717 -212.35678 22053.797 -32024.5 2544.59 -34569.1 403.25601
8.09 276.26701 77.333782 21951.137 -32150.5 2477.33 -34627.8 401.90394
8.1 282.59031 551.94834 21855.15 -31971.9 2534.03 -34506 401.56222
8.11 254.39364 218.45472 21949.26 -32091.6 2281.19 -34372.8 402.63253
8.12 262.16566 636.49238 21775.038 -32180.2 2350.88 -34531.1 400.70779
8.13 277.66103 62.754952 21990.211 -32046.6 2489.83 -34536.5 403.28596
8.14 258.88922 332.41196 21906.779 -32239.5 2321.5 -34561 401.87079
8.15 268.14884 -91.50652 22027.529 -32092.5 2404.53 -34497.1 404.27943
8.16 264.48367 -399.87264 22120.633 -32118.1 2371.67 -34489.7 403.84929
8.17 283.36282 -563.72934 22160.171 -31983.5 2540.96 -34524.5 405.12833
8.18 273.92925 -298.77088 22069.212 -32115.9 2456.37 -34572.3 404.26383
8.19 270.21906 -436.4153 22139.274 -31918 2423.1 -34341.1 405.51795
8.2 261.39405 249.45193 21917.742 -32113.8 2343.96 -34457.8 401.86238
8.21 270.17476 623.71746 21858.712 -31970.7 2422.7 -34393.4 401.53377
8.22 266.50654 462.01084 21883.823 -32074.3 2389.81 -34464.1 401.78034
8.23 265.71651 188.10795 21900.73 -32237.5 2382.72 -34620.2 401.37182
8.24 271.26074 -101.53685 22029.624 -31993.2 2432.44 -34425.6 403.34467
8.25 264.22809 -263.19339 22063.453 -32191.5 2369.38 -34560.9 404.01846
8.26 272.94254 -382.79765 22086.5 -32097.5 2447.52 -34545 403.70262
8.27 271.12783 -281.78121 22070.378 -31987.1 2431.25 -34418.3 404.11849
8.28 262.25909 -323.43261 22037.083 -31992.2 2351.72 -34343.9 403.85452
8.29 259.96294 5.3483687 21982.378 -32037.9 2331.13 -34369 402.95019
8.3 268.72008 -11.349457 21960.68 -32160.8 2409.66 -34570.5 402.95332
8.31 279.21953 -89.887894 22040.458 -31999.3 2503.81 -34503.1 404.30486
8.32 260.66705 -691.87768 22148.961 -32189.8 2337.44 -34527.2 404.95832
8.33 267.36074 -129.83764 22040.764 -32144.6 2397.47 -34542.1 403.72274
8.34 262.71109 -109.33848 22046.425 -31993.8 2355.77 -34349.6 403.14684
8.35 262.03817 137.48351 21951.773 -32118 2349.74 -34467.7 401.68809
8.36 282.80227 -21.957314 22002.217 -31944.5 2535.93 -34480.4 402.69222
8.37 266.10522 129.68653 21927.965 -32337.5 2386.21 -34723.7 402.26538
8.38 272.48635 451.77999 21886.795 -32013.6 2443.43 -34457 402.01049
8.39 267.91171 779.82997 21747.238 -32193 2402.41 -34595.4 400.28315
8.4 274.6876 381.61279 21896.854 -32012.9 2463.17 -34476 401.92061
8.41 266.57975 -89.321888 22027.139 -32008.9 2390.46 -34399.3 403.34898
8.42 271.18798 -319.31925 22100.631 -32070.3 2431.79 -34502 404.28164
8.43 272.84706 -933.9806 22270.119 -31989.9 2446.66 -34436.6 405.4191
8.44 248.81563 -380.98576 22082.351 -32248.7 2231.17 -34479.8 404.32891
8.45 271.10799 -298.27368 22079.571 -32021.2 2431.07 -34452.2 403.49986
8.46 250.87626 -561.96575 22143.335 -32350 2249.65 -34599.7 404.31083
8.47 272.86966 -4.5908746 22045.278 -32017.8 2446.87 -34464.7 403.79311
8.48 282.03055 -55.732058 22019.48 -31857 2529.01 -34386 403.29879
8.49 271.81255 257.79979 21950.547 -32113.9 2437.39 -34551.3 402.38875
8.5 272.34851 760.3903 21816.158 -31892.1 2442.19 -34334.3 401.46957
8.51 268.99115 439.75393 21867.294 -32180.7 2412.09 -34592.8 401.27432
8.52 270.91609 144.15281 21955.669 -31996.1 2429.35 -34425.5 402.35163
8.53 274.54485 39.411948 22001.442 -32045.6 2461.89 -34507.5 403.03694
8.54 262.88345 -354.55369 22084.032 -32089.5 2357.32 -34446.8 403.96863
8.55 281.14776 -383.38802 22090.57 -31896.2 2521.1 -34417.3 404.17835
8.56 258.22041 -691.14781 22206.916 -32129.2 2315.5 -34444.7 404.16185
8.57 277.01079 -263.39967 22038.909 -31983.8 2484 -34467.8 403.18846
8.58 274.18157 126.3836 22000.007 -32089.2 2458.63 -34547.8 402.77235
8.59 279.49453 15.068534 22002.783 -31998.3 2506.27 -34504.6 403.11349
8.6 268.89887 283.7203 21930.179 -32128.8 2411.26 -34540.1 402.26558
8.61 283.04738 73.038101 22014.821 -31955.7 2538.13 -34493.9 402.56032
8.62 271.31058 -96.406047 22023.442 -32164.1 2432.89 -34597 403.29045
8.63 268.27028 -645.93424 22173.958 -31876.1 2405.62 -34281.7 405.72656
8.64 270.7586 -307.12834 22074.206 -32091.5 2427.94 -34519.4 403.8763
8.65 260.298 -424.37182 22110.183 -32289 2334.13 -34623.1 404.54488
8.66 273.25288 -241.73232 22062.962 -32044.9 2450.3 -34495.2 403.5357
8.67 262.56959 96.27678 21969.742 -32316.9 2354.5 -34671.4 401.85741
8.68 262.04625 -73.428721 22016.857 -32078.5 2349.81 -34428.3 403.29595
8.69 280.10421 490.84867 21866.261 -31902.1 2511.74 -34413.8 401.71265
8.7 273.47703 461.66102 21854.698 -32103 2452.31 -34555.4 401.41088
8.71 281.30516 856.7019 21739.662 -31797.3 2522.51 -34319.8 400.33093
8.72 271.89139 351.17968 21889.583 -32105.1 2438.09 -34543.2 402.05123
8.73 279.59631 -59.288596 22009.962 -31965.1 2507.18 -34472.3 403.67954
8.74 268.06421 -361.87287 22110.692 -32010.8 2403.77 -34414.5 403.82372
8.75 272.53185 -298.77467 22081.989 -32121 2443.84 -34564.9 404.12474
8.76 267.05039 -232.91258 22083.778 -32022.4 2394.68 -34417.1 404.15061
8.77 266.91425 -414.6149 22107.197 -32068.3 2393.46 -34461.8 404.47967
8.78 261.52511 -271.94915 22047.284 -32236.4 2345.14 -34581.6 403.97079
8.79 255.44697 -157.68952 22017.078 -32170.5 2290.63 -34461.1 402.87926
8.8 275.32896 35.392677 21987.528 -32129.3 2468.92 -34598.2 402.43101
8.81 285.15311 957.27659 21779.818 -31903.5 2557.01 -34460.5 400.27351
8.82 274.45495 431.71387 21880.101 -32113.1 2461.08 -34574.1 401.05795
8.83 259.6195 139.60286 21941.442 -32303.7 2328.05 -34631.8 402.4474
8.84 262.08702 -408.28209 22112.281 -32030.3 2350.18 -34380.5 404.47271
8.85 262.53942 -119.23527 22024.982 -32257 2354.23 -34611.2 403.20159
8.86 279.00973 273.91812 21898.599 -32110 2501.92 -34611.9 402.48037
8.87 263.41411 50.359298 21950.377 -32063.7 2362.08 -34425.7 402.92491
8.88 268.12916 486.0587 21869.934 -32194.6 2404.36 -34599 401.76407
8.89 264.55512 152.24255 21933.043 -32039.3 2372.31 -34411.6 402.6368
8.9 265.43273 149.25011 21939.331 -32240.4 2380.18 -34620.6 401.96664
8.91 277.51704 275.44092 21933.869 -31977.5 2488.54 -34466 401.23812
8.92 257.97168 -49.053803 21975.531 -32235.5 2313.27 -34548.8 402.07536
8.93 281.41866 533.87547 21868.959 -32032.7 2523.53 -34556.2 401.05872
8.94 255.52408 366.46406 21920.928 -32179.6 2291.33 -34470.9 401.54555
8.95 267.30548 516.29805 21869.876 -32098.8 2396.97 -34495.8 401.22252
8.96 283.20818 637.83451 21829.855 -31938.9 2539.57 -34478.5 401.23422
8.97 271.65709 -184.2764 22036.816 -32196.2 2435.99 -34632.1 403.38643
8.98 266.60051 165.67463 21964.235 -32024.7 2390.65 -34415.3 402.59356
8.99 258.45638 -55.923732 21985.385 -32169 2317.62 -34486.7 403.40966
9 273.74788 -53.894704 22000.068 -32113.6 2454.74 -34568.3 402.32045
9.01 258.91869 -518.89025 22170.978 -32101 2321.77 -34422.8 405.3059
9.02 277.61554 -17.814998 22009.036 -32006 2489.42 -34495.4 403.39722
9.03 263.73226 194.15766 21941.218 -32156.8 2364.93 -34521.7 402.00859
9.04 263.64816 489.23391 21899.337 -31996.3 2364.17 -34360.5 401.97428
9.05 271.92594 406.10146 21895.665 -32127.4 2438.4 -34565.8 401.45379
9.06 265.53068 571.80811 21854.301 -32052.8 2381.06 -34433.9 400.69053
9.07 266.66331 204.61631 21948.426 -32260.4 2391.21 -34651.6 402.19928
9.08 273.51627 -230.30514 22051.553 -32027.4 2452.66 -34480.1 403.03182
9.09 270.77427 -428.23 22127.339 -32205.3 2428.08 -34633.4 404.53977
9.1 267.21255 -273.5866 22102.586 -32060.3 2396.14 -34456.4 405.1987
9.11 264.63006 -472.67127 22131.175 -32188.8 2372.98 -34561.7 404.97545
9.12 271.55309 -55.251916 22029.317 -31986.7 2435.06 -34421.7 404.10367
9.13 267.60666 -554.19469 22141.829 -32012.8 2399.67 -34412.5 405.25651
9.14 264.4621 -352.06705 22068.709 -31989.6 2371.47 -34361.1 404.2542
9.15 262.46663 -116.11036 21998.835 -32264.9 2353.58 -34618.5 403.55089
9.16 270.75058 155.72261 21921.209 -32104.1 2427.86 -34531.9 401.9352
9.17 264.21795 768.22573 21748.01 -32112.4 2369.28 -34481.7 399.27562
9.18 264.45114 411.80161 21857.016 -32175 2371.38 -34546.3 401.97701
9.19 269.95659 419.89775 21896.316 -31935.6 2420.74 -34356.4 401.92915
9.2 265.81028 353.80706 21872.552 -32195.5 2383.56 -34579 401.4486
9.21 286.43755 623.52618 21886.354 -31942.6 2568.53 -34511.1 401.5098
9.22 266.60719 117.87537 21933.286 -32194.5 2390.71 -34585.2 402.20449
9.23 271.49758 -59.557071 22015.463 -31985.4 2434.56 -34420 403.09615
9.24 258.69495 -54.268653 22003.211 -32170.8 2319.76 -34490.5 402.90689
9.25 273.5679 -105.42622 22044.544 -32013.5 2453.13 -34466.6 403.98332
9.26 268.59987 -871.8922 22224.704 -32125.1 2408.58 -34533.7 405.35018
9.27 278.27883 -482.32357 22149.957 -31897.7 2495.37 -34393.1 404.58957
9.28 263.07943 -260.14135 22044.93 -32222.7 2359.08 -34581.8 402.95597
9.29 272.4809 -539.44388 22126.082 -32024.5 2443.38 -34467.9 404.05275
9.3 269.39487 -770.80789 22198.505 -32074.5 2415.71 -34490.2 405.42558
9.31 263.47556 -124.96573 22005.889 -32120.2 2362.63 -34482.8 403.45402
9.32 263.97728 65.103779 21978.214 -32024.9 2367.13 -34392 403.54913
9.33 261.57851 717.25327 21771.267 -32321.9 2345.62 -34667.5 400.74183
9.34 275.70777 736.42129 21791.007 -32062.5 2472.32 -34534.8 400.45728
9.35 260.13695 301.34012 21892.29 -32330.4 2332.69 -34663.1 401.86537
9.36 259.28603 329.83031 21913.264 -32070.5 2325.06 -34395.5 402.01792
9.37 264.6955 342.03848 21942.878 -32188.1 2373.57 -34561.7 402.36008
9.38 270.21723 -23.063691 21979.658 -32003.2 2423.08 -34426.3 402.7318
9.39 263.79439 -55.300533 22018.338 -32123.3 2365.49 -34488.8 403.30541
9.4 265.48147 116.01269 21987.728 -32045.3 2380.61 -34425.9 402.40703
9.41 266.51088 -327.76419 22072.381 -32017.6 2389.85 -34407.5 404.04479
9.42 263.61315 -81.446681 22050.523 -32203.7 2363.86 -34567.6 403.64289
9.43 278.75907 -114.86166 22041.226 -32103.8 2499.68 -34603.4 403.9823
9.44 278.69258 -350.17867 22124.567 -31983.7 2499.08 -34482.8 404.67583
9.45 266.26189 -107.22945 22003.266 -32212.8 2387.61 -34600.4 403.48191
9.46 273.38807 -16.694533 22000.978 -32054.5 2451.51 -34506 403.71706
9.47 258.82023 -184.28057 22051.905 -32195.1 2320.88 -34515.9 404.07654
9.48 277.83628 -156.38736 22024.727 -32144.4 2491.4 -34635.8 403.64615
9.49 277.5095 -528.41721 22155.707 -32001.2 2488.47 -34489.7 405.22316
9.5 279.84765 -214.67636 22030.902 -32004.6 2509.44 -34514 403.70411
9.51 276.80028 40.662443 22009.962 -31966.8 2482.11 -34448.9 402.93588
9.52 270.96684 1059.1874 21740.35 -32163.5 2429.8 -34593.3 399.79207
9.53 279.22302 340.8658 21918.293 -31923.4 2503.84 -34427.3 401.96058
9.54 277.07725 353.56967 21909.323 -32053.8 2484.6 -34538.4 401.20562
9.55 270.32943 264.37413 21907.491 -32046.7 2424.09 -34470.8 401.94418
9.56 266.23521 228.01739 21944.938 -32096.5 2387.37 -34483.9 402.26646
9.57 272.314 482.64002 21897.12 -31875.6 2441.88 -34317.5 402.27696
9.58 265.43229 284.29246 21932.17 -32138.8 2380.17 -34519 402.59328
9.59 277.41036 236.21553 21931.579 -32013.8 2487.58 -34501.4 403.21366
9.6 274.03995 16.995825 21996.643 -32140.4 2457.36 -34597.8 403.49235
9.61 283.37564 -200.51422 22064.755 -31968.7 2541.07 -34509.8 403.68197
9.62 275.38294 -711.9013 22169.128 -32138.8 2469.4 -34608.2 405.31749
9.63 262.74028 -441.54375 22094.442 -32047.5 2356.03 -34403.5 402.90118
9.64 269.50097 -55.363761 22008.502 -32046.8 2416.66 -34463.4 402.12855
9.65 278.68182 161.28244 21979.163 -31911.6 2498.98 -34410.6 401.93888
9.66 269.00042 411.05855 21846.471 -32118.3 2412.17 -34530.5 401.15175
9.67 277.17495 182.22114 21963.551 -31911.5 2485.47 -34397 402.91454
9.68 261.93454 -211.5885 22016.302 -32234.6 2348.81 -34583.4 402.5518
9.69 268.95617 -331.04361 22086.818 -32071.1 2411.77 -34482.9 404.59901
9.7 257.66304 -480.9743 22109.379 -32199.4 2310.51 -34509.9 404.73021
9.71 270.31123 -38.606473 22059.727 -31984.2 2423.92 -34408.1 404.30191
9.72 257.51596 -213.82479 22004.574 -32047.5 2309.19 -34356.6 404.13988
9.73 278.44191 300.10002 21940.05 -31985.1 2496.83 -34481.9 403.04155
9.74 271.77142 431.66978 21854.349 -32159.3 2437.02 -34596.3 401.04282
9.75 274.65822 226.90437 21936.854 -32109.6 2462.9 -34572.5 402.00434
9.76 277.78096 194.46272 21928.657 -32059 2490.91 -34549.9 401.9198
9.77 273.70404 255.34854 21959.064 -32091.7 2454.35 -34546.1 401.6976
9.78 261.1816 -154.43073 22000.062 -32063.7 2342.06 -34405.7 402.86267
9.79 272.03073 -53.508478 22050.301 -31977.5 2439.34 -34416.8 403.29428
9.8 252.80294 -306.44937 22059.246 -32358.7 2266.92 -34625.6 403.33614
9.81 283.59558 -163.81727 22082.391 -31969.5 2543.05 -34512.5 404.35985
9.82 273.40588 -598.34703 22175.125 -32171.7 2451.67 -34623.3 405.20993
9.83 282.8698 38.632252 21990.372 -32015.4 2536.54 -34551.9 403.51942
9.84 259.20009 36.985887 21944.163 -32206.7 2324.29 -34531 402.5585
9.85 273.65924 522.93519 21824.42 -32032.2 2453.95 -34486.1 401.89736
9.86 274.43555 107.80391 21953.355 -32099.7 2460.91 -34560.6 402.42476
9.87 253.8459 367.65814 21870.116 -32267.1 2276.28 -34543.3 401.21794
9.88 269.773 582.89533 21847.114 -31984.8 2419.1 -34403.9 400.9969
9.89 277.09828 274.28002 21963.748 -31982.7 2484.78 -34467.5 401.7633
9.9 268.04477 257.66336 21877.81 -32280.3 2403.6 -34683.9 401.3279
9.91 275.49437 55.537303 22001.077 -32110.3 2470.4 -34580.7 402.45763
9.92 272.85423 474.70609 21861.754 -32033.5 2446.73 -34480.2 401.10161
9.93 268.38159 157.01966 21934.918 -32050.1 2406.62 -34456.7 402.31514
9.94 282.5006 595.12447 21875.84 -31945.8 2533.23 -34479 402.23506
9.95 278.34693 65.084949 21980.898 -31996.6 2495.98 -34492.6 403.45932
9.96 269.17728 197.95603 21934.471 -32210.8 2413.76 -34624.6 402.71366
9.97 271.22613 -25.641296 22012.81 -32006 2432.13 -34438.1 403.57182
9.98 256.7279 -678.40393 22176.476 -32121.8 2302.12 -34423.9 404.93368
