0 265.1455 -182.69092 46603.344 -63393.9 5049.51 -68443.4 9.7204229
0.01 267.35722 292.48402 46321.215 -63802 5091.63 -68893.6 20.487683
0.02 279.95878 305.89607 46476.024 -63579 5331.62 -68910.6 27.93015
0.03 271.12365 -526.18081 46517.587 -63653.8 5163.36 -68817.2 37.524187
0.04 278.03508 -581.8251 46490.192 -63238.4 5294.98 -68533.4 46.997524
0.05 269.25511 -493.29918 46387.539 -63203.8 5127.78 -68331.6 57.582537
0.06 275.47166 178.92142 45982.797 -62984.9 5246.16 -68231.1 68.750155
0.07 272.71889 287.58132 46141.289 -62992 5193.74 -68185.8 79.855741
0.08 276.75221 -562.39545 46744.025 -62740 5270.55 -68010.5 90.565843
0.09 273.28217 -441.39107 46363.491 -62828.2 5204.47 -68032.6 102.24621
0.1 274.36637 -381.7402 46516.582 -62441.1 5225.12 -67666.3 114.79134
0.11 275.98851 482.66064 46076.148 -62366.7 5256.01 -67622.7 124.0044
0.12 275.57436 -3.2408426 46120.456 -62512.5 5248.12 -67760.7 137.68321
0.13 278.37731 781.39591 45921.807 -62338.7 5301.5 -67640.2 149.06141
0.14 279.14135 -50.930666 46148.854 -62404.4 5316.05 -67720.5 163.20025
0.15 265.29078 -652.31214 46387.529 -62615.9 5052.28 -67668.2 177.68172
0.16 269.19498 -362.47935 46332.745 -62900 5126.63 -68026.6 188.63763
0.17 272.86297 120.27052 45945.8 -62581.6 5196.48 -67778.1 198.3046
0.18 278.85426 287.1132 45908.172 -62314.8 5310.58 -67625.4 214.68272
0.19 263.92499 -474.85516 46290.152 -62449.7 5026.27 -67476 224.14531
0.2 275.56226 -688.9334 46359.381 -62057.3 5247.89 -67305.2 236.53391
0.21 274.61601 -733.08546 46311.088 -62572.3 5229.87 -67802.2 246.31783
0.22 284.43597 188.16865 46200.922 -62183.1 5416.88 -67600 254.08367
0.23 265.03527 765.8031 45783.269 -62340.7 5047.41 -67388.1 271.13365
0.24 274.23857 -87.664352 46408.083 -62005.5 5222.68 -67228.2 283.96713
0.25 272.19706 -294.74601 46458.432 -62361.9 5183.8 -67545.7 300.23666
0.26 261.10104 -166.17598 46318.508 -63048.3 4972.49 -68020.8 312.39585
0.27 269.82667 -376.27781 46165.654 -62328.9 5138.66 -67467.6 323.08029
0.28 270.0576 -90.301296 46521.146 -62313.9 5143.06 -67457 335.46452
0.29 283.19921 -145.14744 46488.947 -61999.2 5393.33 -67392.6 346.19598
0.3 273.59453 13.793025 45984.995 -62394.1 5210.42 -67604.5 358.37498
0.31 277.61065 493.49059 46154.279 -62018.9 5286.9 -67305.8 370.07071
0.32 268.29283 -235.64993 46565.79 -62337.8 5109.45 -67447.3 383.57525
0.33 281.52724 51.860941 46386.685 -62124.9 5361.49 -67486.3 395.88667
0.34 279.01346 -183.01492 46074.684 -62546.2 5313.62 -67859.8 407.46467
0.35 282.07972 -87.326841 46076.548 -62382.4 5372.01 -67754.5 419.52875
0.36 268.71772 281.1869 45842.108 -62425 5117.54 -67542.6 428.61747
0.37 264.96091 -255.02533 46033.86 -62631.9 5046 -67677.9 440.41616
0.38 281.35663 295.12478 45996.707 -62387.7 5358.24 -67745.9 445.96906
0.39 266.57554 505.5232 45878.732 -62817.7 5076.74 -67894.5 460.62875
0.4 271.11837 91.945761 46227.493 -62575.6 5163.26 -67738.9 472.25387
0.41 275.75004 -629.65944 46501.933 -62246.6 5251.47 -67498 480.11493
0.42 278.57745 -477.38356 46376.91 -62026.7 5305.31 -67332 492.64554
0.43 266.45497 -84.612103 46225.673 -61741.6 5074.45 -66816.1 500.30371
0.44 277.46873 -287.86117 46238.292 -61718.7 5284.2 -67002.9 512.80739
0.45 263.03377 -641.55048 46015.277 -62233.9 5009.29 -67243.2 525.64578
0.46 268.28048 -631.17198 46081.034 -61929.9 5109.21 -67039.1 543.76901
0.47 265.31747 101.58491 45999.568 -61955.2 5052.79 -67008 559.4112
0.48 263.51948 -347.45319 46086.634 -61637 5018.54 -66655.6 571.52193
0.49 262.85397 -663.40876 46359.483 -60962.6 5005.87 -65968.5 590.39716
0.5 263.74495 -239.66265 45965.789 -60917.3 5022.84 -65940.2 608.28711
0.51 274.50034 -392.86151 45881.896 -60336.3 5227.67 -65563.9 629.16878
0.52 266.97929 62.273957 45539.295 -60182.8 5084.43 -65267.2 650.80387
0.53 274.49804 288.29343 45525.823 -59762.1 5227.62 -64989.7 678.18071
0.54 273.83346 276.3486 45512.827 -60136.3 5214.97 -65351.3 706.49905
0.55 278.09816 -38.523187 45532.083 -59866.4 5296.19 -65162.6 741.4642
0.56 269.22442 -336.65428 45615.741 -60187.6 5127.19 -65314.8 767.16363
0.57 270.35285 -116.05978 45644.068 -60089.3 5148.68 -65238 785.51181
0.58 272.6331 -943.53665 46106.7 -59822.6 5192.11 -65014.7 808.80727
0.59 272.39983 478.9867 45530.801 -59862.2 5187.66 -65049.8 822.36186
0.6 260.22367 -56.242146 45600.678 -60183.8 4955.78 -65139.6 854.77413
0.61 264.64422 -338.67276 45969.264 -60174.6 5039.96 -65214.5 887.64235
0.62 274.03513 -48.189854 45653.131 -60215.2 5218.81 -65434 907.4954
0.63 270.46221 -916.31747 45650.347 -60067.5 5150.76 -65218.3 938.99108
0.64 271.39721 -26.662164 45299.674 -60022 5168.57 -65190.6 962.50725
0.65 273.38373 24.843136 45408.409 -59878.9 5206.4 -65085.3 992.58318
0.66 267.7067 -113.66198 45412.71 -60142.3 5098.29 -65240.6 1022.1146
0.67 266.91467 21.247333 45607.879 -59898.3 5083.2 -64981.5 1056.2873
0.68 266.97379 355.18905 45456.428 -60253 5084.33 -65337.4 1076.7634
0.69 279.55524 178.68996 45556.092 -60058.5 5323.93 -65382.4 1103.1978
0.7 273.10421 59.525378 45572.355 -59956.4 5201.08 -65157.4 1132.2341
0.71 265.33133 -314.3293 45624.044 -59995.4 5053.05 -65048.4 1160.4131
0.72 267.88198 -424.83888 45779.42 -60516.2 5101.62 -65617.9 1187.5972
0.73 270.70626 -777.31011 45749.932 -60005.6 5155.41 -65161 1226.4812
0.74 276.78455 362.16137 45398.391 -59874.2 5271.17 -65145.4 1250.0981
0.75 271.15181 86.610761 45517.132 -60231.6 5163.9 -65395.5 1279.9718
0.76 268.70459 -670.60169 46171.515 -59975.4 5117.29 -65092.7 1317.7709
0.77 265.49294 -51.975318 45458.021 -59974.7 5056.13 -65030.8 1330.6351
0.78 277.77847 773.43391 45345.684 -60054 5290.1 -65344.1 1350.3402
0.79 273.90778 -500.83827 45791.524 -60126.1 5216.38 -65342.4 1380.5961
0.8 266.27835 160.54231 45588.907 -60229.1 5071.08 -65300.2 1394.6854
0.81 264.29418 -69.807557 45398.643 -60469.3 5033.3 -65502.6 1421.6457
0.82 270.09319 447.78409 45377.053 -60111.8 5143.74 -65255.5 1456.6689
0.83 270.63956 -581.71219 45798.436 -59985.1 5154.14 -65139.2 1488.903
0.84 271.86375 277.86408 45339.043 -60100.7 5177.45 -65278.2 1509.9521
0.85 273.64687 -122.85486 46017.396 -59942.1 5211.41 -65153.5 1541.8184
0.86 268.25549 -378.98137 45640.575 -60122.9 5108.74 -65231.7 1567.8559
0.87 266.31743 -475.56182 45754.928 -60063.6 5071.83 -65135.4 1598.3452
0.88 261.33518 285.94851 45591.698 -60258.9 4976.95 -65235.9 1609.3415
0.89 267.45315 -8.1579218 45736.453 -60014.7 5093.46 -65108.1 1636.8661
0.9 271.39013 -378.70186 45843.685 -59797.8 5168.43 -64966.2 1658.9787
0.91 270.46008 -584.50869 46141.623 -60032.1 5150.72 -65182.8 1687.5035
0.92 269.64088 -52.689282 45531.264 -59939 5135.12 -65074.1 1698.3285
0.93 275.76527 -430.50533 45681.737 -59923.9 5251.76 -65175.7 1717.0346
0.94 277.11318 158.2301 45531.557 -59948.7 5277.43 -65226.1 1739.0224
0.95 284.44775 427.84649 45535.683 -59770.8 5417.11 -65187.9 1769.4549
0.96 264.1832 475.63944 45493.024 -60197.4 5031.18 -65228.6 1806.2491
0.97 274.29712 63.747093 45437.022 -59805.9 5223.8 -65029.7 1832.271
0.98 276.41703 494.22585 45814.797 -59849.5 5264.17 -65113.7 1874.6544
0.99 260.85723 122.31404 45248.407 -60074.9 4967.84 -65042.7 1889.3957
1 275.97002 5.1200767 45684.258 -59901.4 5255.66 -65157.1 1918.5535
1.01 264.37284 26.300552 45441.18 -60232.5 5034.8 -65267.3 1942.8882
1.02 266.41911 -251.90667 45971.772 -60152.4 5073.77 -65226.2 1980.8413
1.03 260.68623 301.1222 45262.06 -60075.3 4964.59 -65039.9 1992.6441
1.04 274.63844 647.85196 45342.601 -59759 5230.3 -64989.3 2023.5835
1.05 272.51485 -0.32879828 45592.915 -60093.2 5189.85 -65283.1 2061.7602
1.06 266.01618 217.31225 45472.035 -59930.1 5066.09 -64996.2 2087.6708
1.07 275.98889 397.12697 45255.333 -60022.1 5256.02 -65278.1 2102.6729
1.08 283.24117 784.23699 45477.279 -59766 5394.13 -65160.1 2139.5805
1.09 273.93932 128.16275 45550.78 -60042.6 5216.98 -65259.5 2180.0818
1.1 268.93539 40.234627 45891.261 -59925.5 5121.69 -65047.2 2210.225
1.11 268.19681 -142.60682 45491.328 -60195.8 5107.62 -65303.5 2223.9368
1.12 272.75764 252.28114 45615.429 -59970.2 5194.48 -65164.7 2249.5469
1.13 268.23253 640.22187 45251.163 -60192.6 5108.3 -65300.9 2276.7994
1.14 269.95553 -348.75321 45558.04 -60235.8 5141.11 -65376.9 2313.5713
1.15 269.86153 -696.90818 45960.986 -59816.5 5139.32 -64955.9 2367.9971
1.16 265.29067 278.50996 45659.375 -60171.8 5052.27 -65224.1 2391.6203
1.17 267.15311 145.12745 45496.114 -60158.1 5087.74 -65245.9 2414.7732
1.18 269.78669 -671.48058 45682.262 -60029 5137.9 -65166.9 2450.9638
1.19 267.21529 -37.197197 45748.713 -59962.4 5088.93 -65051.4 2488.7193
1.2 274.58587 -548.06018 45739.722 -59808.7 5229.3 -65038 2505.867
1.21 268.98476 526.49641 45265.261 -60237.6 5122.63 -65360.3 2518.4006
1.22 274.23767 127.31933 45680.85 -59808.5 5222.66 -65031.2 2567.7592
1.23 275.59867 480.03064 45484.228 -59914.5 5248.58 -65163.1 2593.964
1.24 269.70633 533.85885 45443.86 -60124.1 5136.37 -65260.5 2610.8552
1.25 278.28096 197.09101 45451.291 -59870.2 5299.67 -65169.8 2622.0262
1.26 267.30694 175.45862 45378.793 -60553.7 5090.67 -65644.4 2652.4427
1.27 274.78973 -438.62219 45823.176 -60080.8 5233.18 -65313.9 2693.0475
1.28 269.68769 -512.35597 45738.933 -59936.6 5136.01 -65072.6 2707.5555
1.29 271.72244 -265.76396 45832.641 -59933.9 5174.76 -65108.7 2743.2543
1.3 272.40466 -537.04087 45825.057 -60020.2 5187.76 -65208 2759.3847
1.31 279.30157 -246.5777 46151.991 -59915 5319.1 -65234.1 2797.0533
1.32 264.53866 -271.97033 45760.053 -59944.4 5037.95 -64982.3 2799.2691
1.33 260.51445 323.11308 45536.24 -60071.3 4961.32 -65032.6 2816.9589
1.34 271.49144 428.28245 45694.124 -59967.1 5170.36 -65137.5 2855.6103
1.35 273.11262 165.49561 45576.868 -59858.5 5201.24 -65059.7 2879.2128
1.36 270.89049 -264.98009 45761.909 -59997.8 5158.92 -65156.7 2915.6408
1.37 266.70848 79.874955 45442.46 -60324.3 5079.28 -65403.6 2944.4352
1.38 277.78271 169.63069 45761.472 -59847.2 5290.18 -65137.4 2976.428
1.39 272.23106 -734.41219 45929.483 -60044.7 5184.45 -65229.1 3005.1935
1.4 270.47934 -406.02784 45602.68 -59804.9 5151.09 -64956 3001.1578
1.41 267.24696 -331.14552 45740.043 -60129.2 5089.53 -65218.7 3048.2598
1.42 271.52908 356.65284 45546.841 -60043.6 5171.08 -65214.7 3083.0815
1.43 273.73495 -247.4545 45603.099 -59815.3 5213.09 -65028.3 3123.6187
1.44 265.34846 52.172024 45718.055 -60262.9 5053.38 -65316.2 3168.7394
1.45 266.5776 1015.2264 45196.34 -59975.3 5076.78 -65052.1 3168.2366
1.46 264.39192 483.29469 45510.101 -60406.9 5035.16 -65442 3203.0156
1.47 270.77791 277.2885 45374.317 -59822.7 5156.78 -64979.5 3212.9702
1.48 271.00092 140.58995 45388.202 -60048.2 5161.02 -65209.3 3248.3905
1.49 269.96089 24.95476 45379.374 -60449.5 5141.22 -65590.8 3283.3276
1.5 267.42467 169.74827 45245.263 -59844.5 5092.92 -64937.4 3309.0571
1.51 266.58327 -358.57168 45630.336 -60108.6 5076.89 -65185.5 3338.0159
1.52 259.48617 47.198885 45764.025 -60069.2 4941.73 -65010.9 3380.235
1.53 261.35303 4.0683237 45243.86 -60362.3 4977.29 -65339.6 3380.3967
1.54 268.23602 -475.25351 45893.206 -59771.1 5108.37 -64879.5 3437.2984
1.55 267.22279 -581.89237 45849.007 -60102.4 5089.07 -65191.5 3463.4102
1.56 276.07814 603.30075 45603.976 -59923 5257.71 -65180.7 3479.0451
1.57 265.03043 -116.88333 45409.162 -59959.5 5047.32 -65006.8 3484.1998
1.58 273.76293 325.69146 45449.863 -59950.5 5213.62 -65164.2 3521.802
1.59 275.26594 105.61067 45756.264 -59748.7 5242.25 -64991 3571.9299
1.6 269.44121 215.8818 45511.588 -59953.5 5131.32 -65084.8 3588.562
1.61 271.77758 -542.93794 45952.314 -59860 5175.81 -65035.8 3652.2418
1.62 276.99768 407.04966 45633.547 -59810 5275.23 -65085.2 3648.1982
1.63 264.35911 -548.796 45898.814 -59992.9 5034.53 -65027.5 3691.7137
1.64 282.8453 106.20618 45321.172 -59794.2 5386.59 -65180.8 3698.8708
1.65 270.86523 -71.852648 45615.959 -60238.4 5158.44 -65396.8 3757.2217
1.66 271.91 -179.15294 45533.165 -59865.8 5178.34 -65044.1 3794.7129
1.67 266.97103 -306.58008 45716.9 -60311.8 5084.28 -65396.1 3816.4165
1.68 267.20039 169.27681 45748.62 -59883.7 5088.64 -64972.3 3848.995
1.69 259.91172 124.89599 45513.993 -60293 4949.84 -65242.8 3861.0196
1.7 267.96695 267.2127 45684.483 -60004 5103.24 -65107.2 3914.0815
1.71 263.36172 -815.10137 45956.28 -60029.3 5015.54 -65044.9 3978.5917
1.72 266.8683 -328.96798 45352.12 -60286.5 5082.32 -65368.9 3974.1719
1.73 277.80711 354.65394 45474.385 -60052.8 5290.64 -65343.5 4017.9218
1.74 280.07836 -184.87279 45876.551 -59701.7 5333.9 -65035.5 4067.9988
1.75 269.14042 -697.56011 45729.315 -60183.1 5125.59 -65308.7 4079.3225
1.76 266.96793 -437.30579 45657.075 -59951.6 5084.22 -65035.8 4111.2076
1.77 264.2945 1011.3208 45228.99 -60109.1 5033.3 -65142.4 4135.4333
1.78 269.29389 -34.32881 45665.214 -59914.8 5128.51 -65043.3 4194.3287
1.79 274.23303 -211.24319 45583.014 -59810.1 5222.58 -65032.6 4204.4049
1.8 277.07014 190.04439 45396.845 -60006.6 5276.61 -65283.2 4221.0138
1.81 267.70785 60.023067 45706.979 -60239.5 5098.31 -65337.8 4267.1538
1.82 269.27794 458.67281 45413.146 -59615.2 5128.21 -64743.4 4278.5716
1.83 269.28479 -0.22087018 45663.016 -60191.8 5128.34 -65320.1 4317.3295
1.84 272.14995 -139.56504 45694.301 -59958.7 5182.91 -65141.6 4347.7205
1.85 274.34447 30.515819 45586.64 -59893.9 5224.7 -65118.6 4370.2749
1.86 269.94195 85.583885 45639.237 -60059.9 5140.86 -65200.7 4416.1419
1.87 269.94005 224.33696 45656.682 -60156.2 5140.82 -65297 4438.3701
1.88 282.02453 231.87359 45516.029 -60063.4 5370.96 -65434.4 4450.4686
1.89 272.26729 -173.94341 45498.823 -60020.3 5185.14 -65205.5 4484.5742
1.9 264.20489 -613.55349 45675.927 -60018.9 5031.6 -65050.5 4545.7926
1.91 269.49761 -973.23383 45945.382 -60452.2 5132.39 -65584.6 4578.6898
1.92 276.40912 543.63115 45270.749 -60069.9 5264.02 -65333.9 4540.2234
1.93 282.2318 -42.594269 45631.666 -59904.9 5374.91 -65279.8 4584.0207
1.94 279.02275 -168.37206 45623.706 -59645.4 5313.79 -64959.2 4590.4697
1.95 277.75626 95.501429 45520.31 -60074.8 5289.67 -65364.5 4603.2552
1.96 267.60363 -575.08893 46019.607 -60094.6 5096.32 -65190.9 4659.6245
1.97 271.29638 -307.78316 45876.334 -59805.6 5166.65 -64972.3 4669.5781
1.98 267.50984 -68.012558 45398.455 -60350.1 5094.54 -65444.6 4646.4797
1.99 274.36207 -275.00492 45644.972 -60127.7 5225.03 -65352.7 4684.6967
2 274.80851 -497.25414 45634.667 -60127.3 5233.54 -65360.8 4685.3398
2.01 276.08518 -267.03557 45602.146 -59760.1 5257.85 -65017.9 4708.9327
2.02 273.59225 -293.16744 45939.468 -59956.5 5210.37 -65166.8 4762.7113
2.03 265.61053 -4.8015995 45540.246 -60181 5058.37 -65239.4 4750.4085
2.04 267.64664 748.94471 45567.645 -60237.2 5097.14 -65334.4 4795.1265
2.05 269.64966 284.73505 45533.573 -60082.9 5135.29 -65218.2 4820.9413
2.06 275.86517 72.500588 45512.055 -59847.7 5253.66 -65101.3 4824.8164
2.07 268.52783 -497.35783 45766.66 -60148.4 5113.92 -65262.3 4862.0226
2.08 266.52752 -59.450725 45662.194 -60046.5 5075.83 -65122.3 4877.827
2.09 273.27468 293.71698 45270.482 -60053.2 5204.32 -65257.5 4881.2304
2.1 268.21468 198.45852 45815.773 -59958.9 5107.96 -65066.9 4928.4062
2.11 272.10886 364.75918 45480.692 -59851.2 5182.12 -65033.3 4932.4396
2.12 271.99588 -894.53435 45678.643 -60014.9 5179.97 -65194.9 4974.7177
2.13 274.55139 297.43003 45672.762 -59851.3 5228.64 -65079.9 4982.7182
2.14 266.2916 -198.20231 45365.62 -60133.5 5071.34 -65204.8 4983.2353
2.15 270.20421 432.65232 45859.583 -60157.1 5145.85 -65303 5049.8626
2.16 273.87172 -612.3569 45983.628 -60095.8 5215.7 -65311.5 5079.8051
2.17 279.47637 -390.55107 45596.218 -59772.7 5322.43 -65095.1 5066.9252
2.18 272.17142 -121.00966 45435.718 -59959.3 5183.31 -65142.6 5081.228
2.19 274.25785 -747.06826 45900.067 -59996.8 5223.05 -65219.8 5171.4994
2.2 268.75831 661.20464 45244.886 -60043.7 5118.31 -65162 5136.9109
2.21 272.29045 516.55353 45463.101 -59999.8 5185.58 -65185.3 5190.7693
2.22 266.07253 335.83164 45279.792 -59966.6 5067.16 -65033.7 5200.1023
2.23 275.51451 -128.55458 45701.223 -59870.3 5246.98 -65117.3 5255.853
2.24 277.66526 528.9891 45344.869 -59835.5 5287.94 -65123.5 5232.7117
2.25 260.36723 140.47305 45464.906 -60222.4 4958.51 -65181 5260.441
2.26 273.22929 724.53213 45583.558 -59662 5203.46 -64865.5 5314.3266
2.27 272.16598 -169.33353 45926.072 -59823.4 5183.21 -65006.6 5398.4946
2.28 264.77818 137.80309 45952.413 -59964.5 5042.51 -65007 5442.2827
2.29 272.38126 -915.99135 45972.815 -60117.8 5187.31 -65305.1 5472.6047
2.3 274.84708 115.58779 45552.613 -60014 5234.27 -65248.2 5477.8168
2.31 271.03156 -790.84651 45954.689 -60034.1 5161.61 -65195.8 5542.7991
2.32 276.36931 -99.414467 45602.329 -59816.7 5263.26 -65080 5548.6785
2.33 270.9949 -180.59488 45688.668 -59973.8 5160.91 -65134.7 5585.8543
2.34 269.45063 336.64211 45358.497 -59969.5 5131.5 -65101 5603.8363
2.35 270.39467 -431.58409 45741.099 -59968.8 5149.48 -65118.3 5675.3385
2.36 277.3152 391.75582 45410.588 -59766.1 5281.27 -65047.4 5671.9507
2.37 273.69521 -159.56859 45488.18 -60136.1 5212.33 -65348.4 5695.4611
2.38 264.0641 311.0015 45617.661 -60338.2 5028.92 -65367.1 5707.2208
2.39 274.78985 -209.32314 45900.961 -59841.9 5233.18 -65075.1 5755.186
2.4 276.50099 127.3267 45487.48 -60168.9 5265.77 -65434.7 5735.3479
2.41 274.20079 22.609125 45920.452 -60113.4 5221.96 -65335.4 5818.9711
2.42 279.24466 -566.71536 45750.528 -59791.1 5318.02 -65109.1 5825.8135
2.43 271.29348 353.81683 45577.131 -59820.9 5166.59 -64987.5 5839.769
2.44 276.18872 348.81417 45587.728 -59940.6 5259.82 -65200.4 5881.408
2.45 268.70831 -65.709579 45674.682 -59948.3 5117.36 -65065.6 5916.0958
2.46 258.13576 533.49296 45203.188 -60195 4916.01 -65111 5900.107
2.47 284.84916 46.964087 45496.731 -60072.4 5424.75 -65497.1 5958.1127
2.48 268.11508 -693.11166 45876.042 -60309.1 5106.06 -65415.2 6022.5782
2.49 265.55088 -103.08402 45730.85 -60090.8 5057.23 -65148.1 6061.52
2.5 266.1489 17.119194 45493.55 -60044 5068.62 -65112.6 6062.4757
2.51 273.26197 27.422138 45643.719 -60094.7 5204.08 -65298.8 6097.9549
2.52 277.63221 124.84482 45364.02 -60249.6 5287.31 -65536.9 6077.247
2.53 279.29878 363.75736 45398.568 -60077.9 5319.05 -65396.9 6109.8984
2.54 263.80183 298.5282 45247.073 -60292.1 5023.92 -65316 6122.3689
2.55 277.21962 432.65974 45455.102 -59873.6 5279.45 -65153.1 6162.4355
2.56 281.73436 617.69471 45729.58 -60004 5365.43 -65369.4 6245.2124
2.57 266.23866 499.19395 45577.295 -60203 5070.33 -65273.3 6237.9513
2.58 268.86108 -47.141878 45582.124 -60115.4 5120.27 -65235.6 6288.5126
2.59 278.30653 550.43536 45140.051 -59661.7 5300.15 -64961.8 6283.1721
2.6 268.30519 99.51174 45452.934 -60128.8 5109.68 -65238.5 6338.2824
2.61 263.29493 264.20434 45425.895 -60249.2 5014.27 -65263.5 6375.3687
2.62 279.48462 109.25948 45614.302 -59902.3 5322.59 -65224.8 6408.0976
2.63 264.59904 -67.902673 45725.438 -60109.4 5039.1 -65148.5 6448.0648
2.64 275.56055 194.52563 45610.565 -59871.2 5247.86 -65119 6459.6975
2.65 267.86786 438.81797 45189.781 -60500.6 5101.36 -65602 6441.0815
2.66 273.12863 -72.035397 45435.054 -59978.9 5201.54 -65180.5 6498.8002
2.67 264.28526 719.89778 45039.832 -60325 5033.13 -65358.2 6487.5614
2.68 268.6232 -254.71133 45580.007 -60207.1 5115.74 -65322.8 6569.7881
2.69 271.99784 191.20026 45319.413 -59855.2 5180.01 -65035.2 6573.4405
2.7 270.18311 519.2119 45453.639 -60180.6 5145.45 -65326 6650.2927
2.71 272.9294 514.32746 45472.66 -60013.8 5197.75 -65211.6 6688.5645
2.72 270.68925 -158.90368 45804.977 -60040.5 5155.09 -65195.6 6744.4068
2.73 260.7296 -410.42451 45484.453 -60258.9 4965.41 -65224.3 6745.4404
2.74 272.06946 -847.56218 46050.557 -59892.4 5181.37 -65073.8 6826.9796
2.75 275.36043 262.5739 45429.87 -60022.8 5244.05 -65266.8 6788.2567
2.76 273.83754 -487.52495 45825.316 -60029.7 5215.04 -65244.8 6852.7731
2.77 284.944 -306.79821 45894.836 -59665 5426.56 -65091.5 6909.7074
2.78 271.39432 -933.75269 45848.709 -59840.4 5168.51 -65008.9 6949.6818
2.79 271.12328 159.9902 45586.617 -60012.1 5163.35 -65175.4 6952.9041
2.8 269.00847 95.846219 45555.448 -59980.8 5123.08 -65103.9 6970.2517
2.81 273.77293 16.692397 45662.151 -59894.4 5213.81 -65108.3 7001.2042
2.82 273.99788 49.038568 45762.039 -59879.7 5218.1 -65097.8 7054.456
2.83 267.75087 904.91367 45593.282 -60099.3 5099.13 -65198.4 7051.4571
2.84 273.73789 -142.52748 45749.016 -59953.6 5213.15 -65166.7 7108.4328
2.85 263.22972 -377.60944 45802.309 -60153.1 5013.03 -65166.1 7117.6681
2.86 272.49486 -304.671 45738.446 -60049.9 5189.47 -65239.4 7136.7028
2.87 274.71539 106.8072 45311.816 -60161.7 5231.76 -65393.5 7104.146
2.88 284.03074 34.904945 45797.752 -59897.7 5409.17 -65306.9 7177.2113
2.89 280.48325 -843.25504 45717.943 -60254 5341.61 -65595.6 7171.5701
2.9 269.81502 -556.68217 45974.15 -59871.7 5138.44 -65010.1 7215.1829
2.91 273.98835 794.65956 45247.73 -59930.3 5217.92 -65148.2 7159.6549
2.92 272.14234 136.50698 45429.672 -59969.1 5182.76 -65151.8 7217.2166
2.93 268.03617 -473.25372 45759.489 -60334.6 5104.56 -65439.2 7301.0561
2.94 271.28401 -132.67476 45682.523 -59996.5 5166.41 -65162.9 7331.7146
2.95 265.90287 -387.98728 45397.722 -60403.9 5063.93 -65467.8 7323.0208
2.96 272.24399 -28.52206 45665.613 -60016.4 5184.7 -65201.1 7381.4513
2.97 268.48526 867.60036 45538.745 -60081.7 5113.11 -65194.8 7400.1553
2.98 277.41059 -466.79351 45539.045 -59809.4 5283.09 -65092.5 7438.9351
2.99 272.95803 229.46833 45575.225 -59898.3 5198.29 -65096.6 7497.3728
3 272.27984 663.19715 45376.214 -60198.7 5185.38 -65384.1 7505.9894
3.01 279.76802 20.475243 45538.322 -59700.3 5327.99 -65028.3 7534.1883
3.02 267.74179 -114.73242 45749.231 -59976.6 5098.96 -65075.6 7576.8374
3.03 268.07986 -577.88397 45661.928 -60093.9 5105.39 -65199.3 7588.2436
3.04 278.56307 150.22966 45452.558 -59851.3 5305.04 -65156.4 7615.4533
3.05 269.20201 -493.47665 45850.172 -59889.2 5126.76 -65015.9 7678.2486
3.06 271.92482 534.03855 45432.598 -60102.3 5178.62 -65280.9 7667.4014
3.07 264.18804 -0.51951456 45800.377 -60334.6 5031.28 -65365.9 7727.0443
3.08 273.82986 -435.52451 46045.736 -59985.3 5214.9 -65200.2 7784.3899
3.09 262.24878 -640.10748 45895.17 -60168.3 4994.34 -65162.6 7799.7573
3.1 269.72961 131.84138 45641.488 -59881.4 5136.81 -65018.2 7781.9727
3.11 264.36562 9.9976594 45476.281 -60160.3 5034.66 -65194.9 7763.9718
3.12 270.91079 457.60173 45596.371 -60060.7 5159.31 -65220 7786.9735
3.13 272.37804 -215.87543 45575.558 -59896.5 5187.25 -65083.7 7820.6665
3.14 269.20325 285.40303 45601.369 -60052.4 5126.79 -65179.2 7863.4252
3.15 271.20033 -303.9562 45808.771 -59663.9 5164.82 -64828.8 7926.6342
3.16 272.37699 95.630695 45246.934 -60153.4 5187.23 -65340.6 7893.0187
3.17 279.26912 -70.097798 45966.913 -59538.8 5318.48 -64857.3 7995.0817
3.18 274.25955 -113.83732 45375.893 -59925.7 5223.08 -65148.8 7930.2481
3.19 275.5293 572.84702 45477.32 -59831.3 5247.26 -65078.6 7997.334
3.2 259.5906 -273.14616 45796.9 -60098.8 4943.72 -65042.5 8063.056
3.21 288.75376 -251.42235 45793.913 -59692.5 5499.11 -65191.6 8065.002
3.22 270.27155 116.04775 45668.668 -60154.9 5147.13 -65302 8080.8523
3.23 270.58083 -473.6749 45779.185 -59731.3 5153.02 -64884.4 8096.4811
3.24 284.54202 74.273249 45638.411 -59803.6 5418.9 -65222.5 8113.6001
3.25 265.53964 -273.82427 45624.341 -60027.7 5057.02 -65084.8 8126.0659
3.26 272.01493 640.65895 45484.356 -59885.4 5180.33 -65065.7 8141.0922
3.27 279.83891 -251.16078 45402.312 -59844.5 5329.34 -65173.8 8180.0211
3.28 265.33508 108.16104 45469.147 -60139.3 5053.12 -65192.4 8210.4438
3.29 256.64112 -54.814237 45696.588 -60169.6 4887.55 -65057.2 8262.4428
3.3 274.18196 247.14785 45507.162 -59923.6 5221.6 -65145.2 8261.3162
3.31 269.18978 809.14659 45490.464 -59872.3 5126.53 -64998.8 8314.4462
3.32 277.85223 -811.47518 45913.249 -59737.9 5291.5 -65029.4 8385.7776
3.33 277.37691 -40.775199 45839.219 -59718.1 5282.45 -65000.5 8397.688
3.34 265.71937 -382.03824 45701.141 -59973.4 5060.44 -65033.9 8428.6213
3.35 281.99296 65.463103 45408.451 -59959.6 5370.36 -65330 8407.5768
3.36 275.64164 65.732842 45508.132 -59996.4 5249.4 -65245.8 8425.3688
3.37 275.19839 49.364302 45550.69 -59808.1 5240.96 -65049 8443.3655
3.38 271.69016 -109.43198 45789.576 -59660.6 5174.15 -64834.8 8507.7856
3.39 277.41251 542.13271 45412.713 -59861.7 5283.13 -65144.8 8509.878
3.4 275.99836 -97.233976 45678.826 -60350.9 5256.2 -65607.1 8569.5151
3.41 278.85978 -959.34675 46064.983 -59880.7 5310.69 -65191.4 8645.8122
3.42 278.05258 1191.5902 45267.116 -59861.1 5295.32 -65156.4 8568.634
3.43 271.52358 -116.99609 45658.42 -60085.9 5170.98 -65256.8 8650.2345
3.44 275.48859 -834.5405 45770.05 -59902 5246.49 -65148.5 8694.3163
3.45 280.49624 322.39972 45612.021 -59696.2 5341.85 -65038.1 8690.9636
3.46 275.93667 280.96675 45506.344 -60037.7 5255.02 -65292.7 8727.124
3.47 262.61654 547.81057 45415.437 -60359.5 5001.35 -65360.8 8735.6286
3.48 275.67161 -245.52132 45675.999 -59935.2 5249.97 -65185.2 8793.6045
3.49 274.24878 344.88643 45600.722 -60015.8 5222.88 -65238.7 8829.1949
3.5 270.70543 -877.74934 45673.825 -59840.9 5155.4 -64996.2 8873.2517
3.51 270.91644 -263.8956 45719.128 -60062.3 5159.41 -65221.7 8927.2268
3.52 275.24665 -1190.1503 46157.877 -59881.6 5241.88 -65123.4 9031.3473
3.53 263.62279 -521.95507 46050.353 -60372 5020.51 -65392.5 9040.6242
3.54 274.15538 505.2748 45458.863 -59896.2 5221.1 -65117.3 8993.6283
3.55 277.14592 -150.41066 45593.354 -59881.1 5278.05 -65159.2 9060.6586
3.56 272.06823 24.905007 45478.401 -60071.8 5181.35 -65253.2 9076.6157
3.57 269.63329 342.62091 45365.757 -59984.2 5134.98 -65119.1 9099.9781
3.58 284.00172 -339.4393 45626.121 -59833.6 5408.61 -65242.3 9163.9114
3.59 271.38429 -445.45524 45792.118 -60193.9 5168.32 -65362.3 9216.1513
3.6 276.96587 -309.57482 45727.171 -59753.2 5274.62 -65027.8 9233.9102
3.61 271.39626 242.12939 45395.816 -59954.2 5168.55 -65122.8 9199.7674
3.62 265.55916 -239.31859 45809.29 -60116.3 5057.39 -65173.7 9298.3843
3.63 280.22736 -425.63803 45701.564 -59851.7 5336.73 -65188.4 9310.4675
3.64 257.98058 -273.29933 45321.856 -60206.7 4913.06 -65119.8 9270.0641
3.65 274.32049 -174.73209 45586.069 -60052 5224.24 -65276.3 9336.7159
3.66 269.14087 -269.79261 45588.32 -60059.1 5125.6 -65184.7 9353.662
3.67 272.35843 -178.11286 45560.255 -59961.1 5186.88 -65148 9388.2778
3.68 273.67772 -180.52142 45796.474 -59970 5212 -65182 9460.5887
3.69 268.72816 -129.52775 45665.952 -59957.1 5117.74 -65074.8 9481.6775
3.7 266.02207 -218.98119 45607.159 -60136.5 5066.2 -65202.7 9499.8382
3.71 268.65531 330.15349 45620.645 -60204.5 5116.35 -65320.9 9542.3155
3.72 272.72796 207.49717 45603.528 -60204 5193.91 -65397.9 9564.0386
3.73 276.01831 300.96645 45698.178 -59854.3 5256.58 -65110.9 9600.5953
3.74 269.09754 -111.38269 45365.161 -60315.6 5124.77 -65440.4 9574.8968
3.75 271.34587 -576.25377 45885.642 -60084.9 5167.59 -65252.5 9669.0334
3.76 264.33229 -85.002373 45546.115 -59878.7 5034.02 -64912.7 9640.5595
3.77 282.35753 957.76972 45505.982 -59486.9 5377.3 -64864.2 9663.6994
3.78 265.36043 -45.764665 45757.835 -60098.5 5053.6 -65152.1 9743.62
3.79 267.37775 -148.64987 45812.12 -60073.4 5092.02 -65165.4 9783.2341
3.8 278.51829 -106.38891 45715.527 -59943.4 5304.19 -65247.6 9800.6784
3.81 280.85807 240.69442 45792.53 -59954.4 5348.75 -65303.1 9835.6933
3.82 272.43829 551.62364 45544.921 -59846.9 5188.4 -65035.3 9823.2709
3.83 276.57843 80.560485 45550.925 -59878.7 5267.24 -65145.9 9831.7837
3.84 269.95229 108.88357 45413.529 -60187 5141.05 -65328.1 9857.0415
3.85 277.58994 -441.57434 45991.023 -59769.4 5286.51 -65055.9 9974.4512
3.86 275.33311 177.24332 45659.76 -59968 5243.53 -65211.5 9970.487
3.87 276.82814 202.11454 45311.379 -59886.9 5272 -65158.9 9960.2207
3.88 277.53099 40.065343 45558.846 -59907.9 5285.38 -65193.3 10019.594
3.89 270.68891 -535.12567 45989.136 -60149 5155.08 -65304.1 10132.135
3.9 273.04721 -309.23577 45787.835 -59900.4 5199.99 -65100.4 10099.584
3.91 269.51884 -587.9777 45653.673 -60268 5132.8 -65400.8 10112.461
3.92 279.08843 -23.720053 45511.441 -59655.2 5315.04 -64970.2 10113.394
3.93 266.84518 -79.403567 45434.777 -60153.6 5081.88 -65235.4 10124.47
3.94 272.76799 -78.708133 45514.031 -60151.9 5194.68 -65346.6 10164.526
3.95 279.23917 40.523466 45646.832 -59863.2 5317.91 -65181.2 10207.526
3.96 274.86949 243.76719 45465.701 -60065.8 5234.7 -65300.5 10198.318
3.97 281.15046 -630.70745 45727.031 -59624.7 5354.31 -64979 10295.17
3.98 262.39831 -158.87434 45865.802 -60162.7 4997.19 -65159.9 10323.804
3.99 270.65728 -552.37091 45751.705 -60139.9 5154.48 -65294.4 10312.561
4 289.70402 -239.78766 45551.07 -59581.6 5517.21 -65098.8 10314.747
4.01 271.76099 1143.7769 45299.263 -60031.7 5175.5 -65207.2 10304.852
4.02 270.51139 413.06598 45619.702 -60130.9 5151.7 -65282.6 10397.467
4.03 271.07001 -683.93695 45872.842 -59951.4 5162.34 -65113.7 10475.385
4.04 271.0882 551.75392 45153.604 -60068.2 5162.68 -65230.9 10394.095
4.05 265.9107 -72.649118 45578.636 -60313.4 5064.08 -65377.5 10479.88
4.06 266.63173 -703.90245 45845.473 -60018.9 5077.81 -65096.7 10542.215
4.07 266.76071 435.98035 45421.162 -60261.9 5080.27 -65342.2 10476.94
4.08 266.92681 -361.69769 45666.93 -59876.9 5083.43 -64960.3 10528.313
4.09 273.17071 -178.25715 45680.409 -60043.9 5202.35 -65246.3 10535.519
4.1 262.21833 -200.94314 45462.253 -60194.9 4993.76 -65188.6 10530.772
4.11 273.81616 520.58544 45495.553 -59784.1 5214.64 -64998.7 10569.949
4.12 270.21398 -609.35821 45849.34 -60060.7 5146.04 -65206.7 10650.129
4.13 261.8496 -131.97274 45692.042 -60149.9 4986.74 -65136.6 10690.018
4.14 274.67543 799.2532 45398.895 -59790.2 5231 -65021.2 10692.719
4.15 279.37796 -294.35029 45793.289 -59770.7 5320.56 -65091.2 10774.243
4.16 260.04608 293.51334 45292.246 -60187.6 4952.4 -65140 10713.632
4.17 280.12269 -160.93139 45667.292 -59670.9 5334.74 -65005.6 10788.598
4.18 260.41239 48.204233 45549.487 -60180 4959.37 -65139.4 10797.422
4.19 264.01638 -800.00249 46011.724 -60183.8 5028.01 -65211.8 10914.214
4.2 275.8606 -245.26747 45461.849 -59893.7 5253.57 -65147.2 10844.991
4.21 272.65201 382.66056 45660.945 -59859.8 5192.47 -65052.2 10942.067
4.22 280.37217 -44.225819 45829.886 -59828.6 5339.49 -65168.1 10985.229
4.23 273.79702 180.80537 45539.337 -59920.3 5214.27 -65134.6 10953.06
4.24 275.11654 176.56822 45569.655 -60037.8 5239.4 -65277.2 10998.62
4.25 271.06586 286.18958 45648.997 -60001.4 5162.26 -65163.6 11040.561
4.26 266.31955 711.16644 45412.011 -60096.4 5071.87 -65168.3 11036.881
4.27 265.94655 538.55948 45335.925 -60041.6 5064.77 -65106.3 11065.267
4.28 271.86285 -232.40729 45783.466 -59691.9 5177.44 -64869.4 11197.154
4.29 274.41938 140.08221 45946.398 -59897.2 5226.13 -65123.4 11255.244
4.3 269.26055 455.62226 45099.643 -60446.4 5127.88 -65574.3 11138.432
4.31 272.61254 -517.09957 45871.461 -59990.7 5191.72 -65182.5 11308.432
4.32 274.47272 -0.70610179 45525.796 -60056.9 5227.14 -65284 11278.444
4.33 269.07336 -334.3705 45675.655 -60285.7 5124.31 -65410 11350.359
4.34 280.37327 381.79062 45982.976 -59575.3 5339.51 -64914.8 11400.466
4.35 275.57861 133.06729 45549.452 -60043.8 5248.2 -65292 11374.896
4.36 267.62341 -622.51115 45913.532 -60121.2 5096.7 -65217.9 11452.807
4.37 259.62015 36.657932 45407.456 -60440.2 4944.28 -65384.5 11364.191
4.38 277.08751 21.190448 45622.814 -59903.3 5276.94 -65180.3 11426.452
4.39 276.90957 144.3963 45860.144 -59707.1 5273.55 -64980.6 11499.599
4.4 273.98225 -95.493044 45651.793 -60225.8 5217.8 -65443.6 11482.238
4.41 265.58794 326.64729 45583.152 -60086.1 5057.94 -65144.1 11506.606
4.42 278.53551 -500.10568 45722.21 -59910.9 5304.51 -65215.4 11597.088
4.43 275.19938 -410.5955 45815.293 -59827.9 5240.98 -65068.9 11644.348
4.44 265.07683 121.88402 45388.323 -60043.4 5048.2 -65091.6 11604.326
4.45 277.41144 -377.16851 45599.845 -59604.7 5283.11 -64887.8 11671.883
4.46 272.763 -229.57761 45538.849 -59980.6 5194.58 -65175.2 11695.93
4.47 262.36255 -364.14736 45867.828 -60177.3 4996.51 -65173.8 11791.035
4.48 272.45316 -488.32728 46025.126 -59732.1 5188.68 -64920.7 11849.108
4.49 276.54806 97.448163 45536.782 -59774.7 5266.66 -65041.4 11821.505
4.5 274.9314 401.71845 45535.527 -59999.1 5235.88 -65235 11838.482
4.51 275.14553 520.41072 45534.723 -59815.8 5239.95 -65055.8 11866.035
4.52 270.14249 244.27829 45612.635 -60116.1 5144.67 -65260.8 11884.951
4.53 274.20669 285.55114 45280.723 -60070.9 5222.07 -65293 11878.556
4.54 270.70799 -180.98969 45815.661 -60098.8 5155.44 -65254.2 12020.069
4.55 283.05154 400.04121 45502.985 -59479.5 5390.52 -64870 12022.856
4.56 272.1635 90.25636 45897.007 -60101.2 5183.16 -65284.3 12141.345
4.57 272.50815 -220.38664 45477.378 -59965.8 5189.73 -65155.5 12078.269
4.58 271.7226 162.88132 45602.332 -60091.7 5174.77 -65266.4 12174.89
4.59 271.64303 108.24692 45408.146 -60005.7 5173.25 -65178.9 12221.964
4.6 282.0011 -379.04805 46062.783 -59745.7 5370.51 -65116.2 12365.532
4.61 270.58382 -574.66493 45812.016 -59947.3 5153.08 -65100.3 12342.361
4.62 270.86793 528.59487 45718.365 -59972 5158.49 -65130.5 12357.781
4.63 281.74964 14.341351 45592.435 -59839.2 5365.72 -65204.9 12345.315
4.64 268.50354 116.11678 45483.686 -60185 5113.46 -65298.5 12366.538
4.65 269.38906 389.33794 45494.825 -59885 5130.33 -65015.3 12362.936
4.66 274.72657 978.84341 45169.881 -59699.5 5231.98 -64931.5 12310.132
4.67 271.90554 393.16294 45409.431 -59920.8 5178.25 -65099 12357.662
4.68 283.88204 -25.700879 45712.223 -59755.8 5406.33 -65162.1 12467.04
4.69 270.78632 -758.89488 45837.978 -59971.9 5156.94 -65128.9 12490.607
4.7 283.35581 59.692779 45530.187 -59880.7 5396.31 -65277 12469.866
4.71 262.23713 -408.17738 45539.579 -60258.8 4994.12 -65252.9 12496.838
4.72 275.06063 569.44703 45171.543 -60033 5238.34 -65271.4 12424.191
4.73 271.24522 136.04595 45476.607 -59806 5165.68 -64971.6 12491.139
4.74 278.08578 -476.85475 45845.619 -59823.3 5295.95 -65119.3 12603.883
4.75 270.33419 387.9591 45429.766 -60043 5148.33 -65191.3 12571.055
4.76 273.00561 308.56917 45660.901 -60141.8 5199.2 -65341 12667.697
4.77 271.3659 -119.45805 45471.458 -60202.6 5167.97 -65370.6 12684.442
4.78 272.76489 -403.97961 45771.597 -60086.3 5194.62 -65280.9 12780.425
4.79 272.90081 -93.706468 45565.589 -60030.1 5197.2 -65227.3 12770.493
4.8 270.97721 -362.36434 45668.66 -60113.2 5160.57 -65273.8 12848.577
4.81 271.64111 -556.67461 45953.926 -60099.7 5173.21 -65273 12920.351
4.82 263.70007 356.81186 45738.903 -60277 5021.98 -65299 12902.368
4.83 274.07547 -484.08024 45692.307 -60225.5 5219.58 -65445.1 12942.446
4.84 271.63067 230.37558 45408.088 -59885.1 5173.02 -65058.1 12899.689
4.85 285.36136 486.20766 45565.182 -59718.9 5434.51 -65153.4 12937.305
4.86 267.7049 313.28464 45709.59 -60107.4 5098.25 -65205.7 13005.244
4.87 273.41044 1045.4091 44913.732 -59760.5 5206.91 -64967.4 12909.245
4.88 279.69907 -264.54376 45724.859 -60008 5326.67 -65334.7 13103.16
4.89 273.2045 -612.90985 45858.546 -60059.6 5202.99 -65262.6 13149.489
4.9 266.27129 74.61477 45340.89 -60235.6 5070.95 -65306.6 13082.489
4.91 289.54917 477.40379 45545.169 -59978.8 5514.26 -65493.1 13133.772
4.92 267.65261 -599.1759 45763.2 -60244.8 5097.26 -65342 13169.518
4.93 276.82813 -866.28685 45897.055 -59904.7 5272 -65176.7 13191.969
4.94 287.61432 -302.33115 45809.908 -59643.1 5477.41 -65120.5 13175.122
4.95 266.07288 -231.08753 45703.624 -60298.4 5067.17 -65365.5 13223.758
4.96 274.13135 -786.26549 45914.756 -59764.9 5220.64 -64985.6 13286.182
4.97 270.34919 5.6381594 45889.173 -60118.5 5148.61 -65267.1 13310.933
4.98 273.2007 -232.69431 45486.819 -59756.9 5202.92 -64959.8 13250.177
4.99 275.27699 84.887457 45801.086 -60084.2 5242.46 -65326.7 13304.095
5 270.8676 100.49894 45647.034 -60182.7 5158.48 -65341.2 13289.38
5.01 267.32633 511.27924 45339.198 -60134.2 5091.04 -65225.3 13260.886
5.02 281.76065 100.88204 45545.143 -59683.1 5365.93 -65049 13346.805
5.03 261.89764 -453.91196 45697.822 -60177.4 4987.66 -65165.1 13422.827
5.04 283.62703 -81.521477 45957.096 -59561.3 5401.48 -64962.8 13511.36
5.05 276.41945 420.64011 45433.529 -59856.3 5264.22 -65120.5 13436.722
5.06 271.47586 687.57021 45411.576 -59878.1 5170.07 -65048.2 13467.89
5.07 270.50959 -351.85362 45751.777 -60153.1 5151.67 -65304.8 13583.179
5.08 286.13078 -377.90603 45893.002 -59796.4 5449.16 -65245.6 13638.464
5.09 276.63865 -86.618505 45422.5 -60097.2 5268.39 -65365.6 13554.936
5.1 267.67773 -99.728074 45590.979 -59899.9 5097.73 -64997.6 13601.884
5.11 272.84235 -504.58435 45783.588 -60076.8 5196.09 -65272.9 13715.233
5.12 278.11438 -335.01631 45917.033 -59934.3 5296.49 -65230.8 13736.515
5.13 270.6908 -283.66699 45761.53 -60401.3 5155.12 -65556.4 13740.424
5.14 277.92036 108.57284 45613.366 -60060.9 5292.8 -65353.7 13741.919
5.15 272.11975 354.32025 45811.306 -60092.4 5182.33 -65274.7 13790.305
5.16 267.63403 -570.46322 45874.277 -60103.6 5096.9 -65200.5 13800.656
5.17 267.97696 -465.1813 45700.566 -59960.6 5103.43 -65064 13784.363
5.18 281.36803 194.32338 45501.354 -59826.8 5358.46 -65185.2 13813.052
5.19 267.77478 310.38682 45349.725 -59929 5099.58 -65028.6 13813.337
5.2 264.73648 225.73929 45708.504 -60124.7 5041.72 -65166.4 13935.523
5.21 273.51382 170.95163 45431 -59781.6 5208.88 -64990.4 13887.412
5.22 262.74928 -57.694931 45837.159 -59898.7 5003.88 -64902.5 13988.219
5.23 270.02727 343.90327 45602.128 -60184.9 5142.48 -65327.4 13962.166
5.24 271.71191 405.23885 45532.2 -59825.7 5174.56 -65000.3 13980.135
5.25 271.25881 319.24305 45789.511 -59961.5 5165.93 -65127.4 14038.224
5.26 281.39084 -284.23078 45673.85 -59970.2 5358.89 -65329.1 14057.843
5.27 282.17247 178.37871 45406.179 -59849.5 5373.78 -65223.3 14022.582
5.28 268.26624 94.918122 45326.013 -60081.8 5108.94 -65190.8 14018.817
5.29 274.57913 -76.08161 45525.919 -59873.4 5229.17 -65102.5 14095.637
5.3 267.28771 -142.76132 45865.059 -60276.2 5090.31 -65366.5 14173.093
5.31 269.81615 -543.88807 45839.243 -60023.2 5138.46 -65161.7 14179.445
5.32 265.27372 153.68 45671.211 -60173.5 5051.95 -65225.5 14186.303
5.33 275.22383 633.879 45331.89 -59877.8 5241.45 -65119.2 14160.543
5.34 269.08549 -307.13358 45815.235 -60024.6 5124.54 -65149.2 14300.061
5.35 274.76267 384.05479 45450.791 -60078.8 5232.66 -65311.4 14230.69
5.36 274.25204 -457.36715 45613.344 -60054.7 5222.94 -65277.6 14305.047
5.37 273.62988 149.08548 45663.198 -59955.9 5211.09 -65167 14364.666
5.38 271.36435 108.87437 45548.606 -59999 5167.94 -65166.9 14360.182
5.39 269.77816 -333.92694 45714.325 -60023.9 5137.74 -65161.6 14417.679
5.4 271.72419 11.179886 45575.928 -59841.2 5174.8 -65016 14436.995
5.41 266.88994 1.8311979 45785.021 -60462.9 5082.73 -65545.7 14511.928
5.42 279.29166 -152.42336 45583.081 -60070 5318.91 -65388.9 14477.076
5.43 263.84232 -191.83196 45611.973 -60312.6 5024.69 -65337.3 14510.922
5.44 276.09361 -224.01447 45813.948 -59950.6 5258.01 -65208.6 14573.61
5.45 261.93744 -321.89348 45605.23 -60163.9 4988.42 -65152.3 14542.523
5.46 276.44961 48.686937 45622.753 -59726.6 5264.79 -64991.4 14575.943
5.47 267.91368 315.73932 45653.426 -60145.7 5102.23 -65247.9 14615.269
5.48 274.91986 -90.375568 45820.059 -59923.3 5235.66 -65159 14676.769
5.49 262.74426 374.5357 45460.955 -60353 5003.78 -65356.7 14622.408
5.5 278.60414 366.15698 45478.265 -60072.7 5305.82 -65378.6 14654.834
5.51 271.64665 -433.70283 45790.122 -60412.1 5173.32 -65585.4 14762.119
5.52 267.10049 -420.89393 45617.913 -60205.6 5086.74 -65292.3 14763.72
5.53 275.15308 -4.0228157 45790.387 -59876.5 5240.1 -65116.6 14817.458
5.54 270.59553 837.45579 45432.774 -59881.7 5153.3 -65035 14735.669
5.55 265.39522 -367.27311 45509.392 -60118.2 5054.27 -65172.4 14784.127
5.56 265.57164 452.37925 45222.458 -60104.9 5057.63 -65162.5 14788.89
5.57 271.06325 371.15913 45303.297 -59925.9 5162.21 -65088.1 14876.301
5.58 263.05166 -595.69677 45864.479 -60204.6 5009.63 -65214.3 15049.544
5.59 260.592 -22.252187 45507.171 -60276.1 4962.79 -65238.9 15019.175
5.6 271.44686 -248.20422 45507.953 -59940.4 5169.52 -65109.9 15068.016
5.61 269.12855 86.206571 45512.63 -60156.3 5125.36 -65281.7 15105.151
5.62 280.61892 813.43073 45287.739 -59685.1 5344.19 -65029.3 15089.218
5.63 273.53039 -460.87985 45743.783 -59881.1 5209.19 -65090.3 15207.24
5.64 266.73032 -212.51022 45592.822 -60140.7 5079.69 -65220.4 15212.614
5.65 275.45671 -674.1812 45683.975 -59979.8 5245.88 -65225.7 15255.887
5.66 283.87699 495.80411 45265.053 -59837 5406.24 -65243.2 15180.971
5.67 269.73392 -26.594355 45234.771 -60271.7 5136.89 -65408.5 15213.086
5.68 273.6459 -363.6791 45796.713 -59929.4 5211.39 -65140.8 15370.784
5.69 257.64449 -497.87364 45722.917 -60265.3 4906.66 -65171.9 15386.525
5.7 273.48576 809.94467 45286.03 -59885.8 5208.34 -65094.1 15330.139
5.71 265.54167 110.83317 45774.012 -60201.6 5057.06 -65258.6 15480.15
5.72 281.38982 702.69693 45356.438 -59811.1 5358.87 -65170 15395.368
5.73 274.4763 116.13028 45559.847 -60166.5 5227.21 -65393.7 15447.623
5.74 272.31184 127.29307 45455.492 -60004.1 5185.99 -65190 15468.004
5.75 283.73053 -94.222887 45648.95 -59890.7 5403.45 -65294.2 15575.452
5.76 265.13459 -368.84275 45962.492 -60033.6 5049.3 -65082.9 15696.814
5.77 276.0936 113.12058 45435.692 -60002 5258.01 -65260 15603.289
5.78 269.60177 -534.8872 45524.305 -60055.9 5134.38 -65190.3 15659.696
5.79 272.629 -579.75567 45608.082 -60039.4 5192.03 -65231.4 15688.461
5.8 268.08014 449.54418 45388.293 -60084.1 5105.4 -65189.5 15691.697
5.81 283.82141 -85.40651 45803.813 -59773.2 5405.18 -65178.4 15821.193
5.82 276.8893 -280.76043 45387.995 -60235.7 5273.16 -65508.9 15738.57
5.83 269.2676 -114.41142 45541.608 -59929.4 5128.01 -65057.4 15813.894
5.84 281.59838 375.48175 45609.677 -59757.9 5362.84 -65120.7 15854.298
5.85 276.17515 -237.18151 45567.117 -60006.7 5259.56 -65266.3 15886.095
5.86 272.95018 -245.12426 45613.529 -60130.2 5198.15 -65328.3 15927.972
5.87 267.6144 -58.847315 45352.89 -60302.4 5096.53 -65399 15849.232
5.88 284.45256 21.581138 45416.509 -59702 5417.2 -65119.2 15932.659
5.89 273.84942 625.05114 45450.453 -60017.2 5215.27 -65232.5 15973.728
5.9 255.7716 -129.32879 45443.255 -60480 4870.99 -65351 16001.489
5.91 270.46872 -791.43522 45882.434 -60086.9 5150.89 -65237.8 16144.42
5.92 276.58846 635.2807 45714.392 -59678.3 5267.43 -64945.8 16152.79
5.93 280.92168 -690.86194 45664.338 -60101 5349.96 -65450.9 16145.845
5.94 274.38976 638.94596 45452.757 -59815.9 5225.56 -65041.4 16120.797
5.95 270.55144 -519.72511 45806.594 -60007.4 5152.46 -65159.8 16239.546
5.96 276.91113 -218.32193 45545.156 -59829.3 5273.58 -65102.9 16197.626
5.97 274.08897 -467.86953 45820.179 -59986.9 5219.83 -65206.8 16254.526
5.98 267.70517 -526.251 45697.361 -59930.5 5098.26 -65028.8 16258.338
5.99 271.24394 -269.06539 45557.155 -60209.7 5165.65 -65375.4 16243.553
6 277.15788 69.978666 45590.098 -59956.9 5278.28 -65235.2 16309.145
6.01 273.37315 382.30677 45418.466 -59997.8 5206.2 -65204 16316.138
6.02 279.63133 -257.92246 45738.842 -59777.3 5325.38 -65102.7 16367.509
6.03 269.61377 -417.54102 45561.96 -60139.1 5134.61 -65273.7 16374.196
6.04 271.56664 202.6932 45619.351 -60160.9 5171.8 -65332.7 16404.954
6.05 273.51356 342.33615 45451.801 -59844.5 5208.87 -65053.3 16423.165
6.06 270.86503 50.438451 45490.365 -60114.9 5158.43 -65273.4 16472.553
6.07 269.68209 -99.403545 45467.685 -60005.2 5135.91 -65141.1 16459.375
6.08 264.991 -251.3827 45647.391 -60035.9 5046.57 -65082.5 16525.224
6.09 269.99733 -757.57813 45785.59 -59876 5141.91 -65017.9 16551.478
6.1 279.19958 -625.11766 45740.719 -60016.3 5317.16 -65333.5 16548.656
6.11 278.87805 258.61534 45564.178 -59886.7 5311.04 -65197.7 16511.592
6.12 271.54354 -58.009988 45497.266 -59927.8 5171.36 -65099.1 16513.885
6.13 268.5736 -573.44611 45759.922 -60192.8 5114.8 -65307.6 16618.28
6.14 274.33149 -422.62747 45978.733 -59877.9 5224.45 -65102.3 16712.66
6.15 270.31517 -372.75158 45568.187 -60180.4 5147.96 -65328.4 16661.345
6.16 276.17037 -250.03348 45603.653 -59901.3 5259.47 -65160.7 16709.704
6.17 268.53236 180.55813 45649.496 -59972.1 5114.01 -65086.1 16738.828
6.18 274.65256 -151.58339 46140.668 -59899.9 5230.57 -65130.5 16909.514
6.19 270.38652 445.77397 45549.894 -59856.5 5149.32 -65005.9 16781.904
6.2 271.64191 158.67303 45630.579 -60119.9 5173.23 -65293.1 16824.744
6.21 261.49358 198.18091 45733.962 -60371.6 4979.96 -65351.6 16847.448
6.22 264.79441 -344.52722 45733.507 -60019.1 5042.82 -65062 16878.482
6.23 265.08699 -133.24445 45872.683 -60291.5 5048.4 -65339.9 16948.137
6.24 274.32605 845.58011 45164.871 -59732.4 5224.35 -64956.8 16837.159
6.25 265.28332 -185.58496 45625.702 -60069.3 5052.14 -65121.4 16993.273
6.26 275.21251 -493.72139 45653.341 -59850 5241.23 -65091.2 17056.785
6.27 273.98717 165.17343 45628.097 -60008.1 5217.89 -65226 17046.882
6.28 270.41337 589.92631 45421.504 -59807.1 5149.83 -64956.9 17037.954
6.29 271.99533 944.45593 45674.906 -60039.6 5179.96 -65219.6 17159.282
6.3 273.09887 1078.377 45369.841 -60132.6 5200.98 -65333.5 17133.65
6.31 273.16697 -368.21362 45513.77 -59797.4 5202.27 -64999.7 17188.428
6.32 270.85881 -78.45186 45391.674 -60307 5158.32 -65465.3 17190.952
6.33 268.8673 -112.86702 45597.923 -60390.6 5120.39 -65511 17281.534
6.34 267.02889 696.48377 45302.908 -60199.3 5085.38 -65284.7 17253.599
6.35 273.98368 631.41246 45753.259 -60095.1 5217.83 -65313 17385.621
6.36 274.86352 757.04205 45390.516 -59998 5234.58 -65232.6 17324.984
6.37 270.62359 -232.43688 45850.92 -59801.8 5153.84 -64955.6 17505.418
6.38 265.60151 -312.05642 45544.747 -60376.9 5058.19 -65435.1 17481.642
6.39 265.93259 -394.57401 45879.934 -59923.5 5064.5 -64988 17628.246
6.4 277.4467 78.186465 45580.336 -59942.8 5283.78 -65226.6 17570.984
6.41 265.27973 -43.184981 45314.496 -60558.6 5052.07 -65610.6 17496.492
6.42 276.13603 -100.64484 45655.527 -60117.6 5258.82 -65376.4 17634.155
6.43 271.16729 -193.0877 45580.785 -60130.3 5164.19 -65294.5 17645.035
6.44 281.06032 -835.45086 45920.979 -59747.4 5352.6 -65100 17775.739
6.45 267.48243 -30.745258 45597.154 -60135.4 5094.02 -65229.4 17721.496
6.46 268.43569 -357.31903 45593.204 -60154.8 5112.17 -65267 17750.388
6.47 267.30913 -888.76736 45732.216 -59995.4 5090.72 -65086.1 17788.789
6.48 270.92257 734.11923 45398.233 -59938.3 5159.53 -65097.8 17750.01
6.49 284.52024 623.16337 45440.736 -59546.4 5418.49 -64964.9 17757.137
6.5 278.30642 76.905369 45829.76 -59908.6 5300.15 -65208.7 17902.951
6.51 273.06695 6.2646312 45550.215 -59944.2 5200.37 -65144.5 17831.709
6.52 273.09968 46.135054 45650.649 -60014.2 5200.99 -65215.2 17891.746
6.53 269.11131 -777.65259 45725.947 -59974.1 5125.04 -65099.1 17923.057
6.54 270.48917 188.28612 45553.608 -60416.5 5151.28 -65567.8 17866.481
6.55 282.21116 724.96015 45525.886 -59813.9 5374.51 -65188.4 17883.706
6.56 259.94738 315.44079 45610.148 -60225.9 4950.52 -65176.4 17952.593
6.57 278.69901 10.491802 45661.928 -59876.8 5307.63 -65184.4 18037.926
6.58 266.06308 420.22924 45321.748 -60345.2 5066.99 -65412.2 18022.12
6.59 271.27944 337.45269 45811.5 -60003.8 5166.33 -65170.1 18214.834
6.6 280.18628 -105.81372 45609.222 -59860.5 5335.95 -65196.5 18162.696
6.61 294.31971 -101.88578 45354.607 -59710.5 5605.11 -65315.6 18087.313
6.62 274.42119 -32.205537 45730.521 -60081.5 5226.16 -65307.7 18193.37
6.63 269.13909 253.10954 45449.026 -60196 5125.57 -65321.6 18113.509
6.64 271.0677 -148.69998 45713.1 -59911.5 5162.29 -65073.8 18195.806
6.65 279.26565 -81.528465 45549.686 -59721.9 5318.42 -65040.3 18206.056
6.66 266.87926 -185.49196 45437.418 -60225.4 5082.53 -65307.9 18175.742
6.67 272.11299 599.74983 45304.98 -60129.9 5182.2 -65312.1 18165.044
6.68 272.05261 370.82412 45464.017 -59872.7 5181.05 -65053.7 18234.818
6.69 271.62911 -340.51367 45304.841 -60104.9 5172.99 -65277.9 18223.089
6.7 274.6235 -93.626654 45561.555 -59785.1 5230.01 -65015.1 18344.332
6.71 272.48032 614.72414 45148.668 -60169.3 5189.2 -65358.5 18242.591
6.72 264.34173 53.347088 45927.237 -60085.3 5034.2 -65119.5 18456.036
6.73 271.75686 616.38146 45454.803 -60176 5175.42 -65351.4 18395.573
6.74 271.67748 -679.39615 46172.025 -60143.9 5173.91 -65317.9 18612.63
6.75 270.86743 589.15079 45467.744 -60113.7 5158.48 -65272.2 18457.299
6.76 270.69127 425.97188 45321.76 -60031.7 5155.13 -65186.8 18486.116
6.77 268.38364 5.236123 45745.154 -59932.1 5111.18 -65043.3 18639.145
6.78 265.68999 725.25305 45505.793 -59810.4 5059.88 -64870.2 18609.864
6.79 267.4123 83.060103 45509.213 -60246.4 5092.68 -65339 18646.925
6.8 280.97614 1439.3371 45557.604 -59769.2 5350.99 -65120.2 18704.528
6.81 273.02805 -93.910489 45679.712 -60079.1 5199.63 -65278.7 18756.546
6.82 274.213 -351.39598 45551.205 -60173.3 5222.19 -65395.5 18718.317
6.83 269.74612 506.89842 45740.612 -59901.2 5137.13 -65038.3 18787.706
6.84 272.08536 276.02319 45669.184 -59940.6 5181.68 -65122.2 18834.306
6.85 266.67086 -480.95686 46021.163 -59941.9 5078.56 -65020.4 18947.435
6.86 267.08335 -241.14181 45710.373 -60168 5086.42 -65254.4 18871.51
6.87 264.04784 -429.58167 45919.644 -59998 5028.61 -65026.6 18934.837
6.88 288.04317 539.89449 45311.605 -59760.2 5485.58 -65245.8 18761.424
6.89 274.08315 -116.50867 45521.065 -59954 5219.72 -65173.7 18817.699
6.9 277.8298 495.20347 45588.059 -59696.7 5291.07 -64987.8 18809.056
6.91 260.27301 171.16014 45713.287 -60058.5 4956.72 -65015.3 18881.45
6.92 265.20489 -14.798903 45740.673 -60347.2 5050.64 -65397.8 18952.286
6.93 271.90094 -456.72779 45789.27 -59934.7 5178.16 -65112.9 18982.75
6.94 256.64078 361.00445 45369.359 -60413.3 4887.54 -65300.8 18869.495
6.95 273.78095 -770.63585 45666.034 -59966.2 5213.97 -65180.2 19006.254
6.96 278.26649 154.88066 45475.176 -59938.5 5299.39 -65237.9 19019.964
6.97 283.72554 -202.46748 45780.91 -59810.3 5403.35 -65213.6 19122.248
6.98 267.16629 -247.84329 45900.044 -60176.8 5088 -65264.8 19226.759
6.99 267.79513 214.36094 45518.619 -60105.7 5099.97 -65205.7 19157.273
7 276.45849 463.47358 45340.233 -59821.5 5264.96 -65086.4 19155.949
7.01 275.26346 645.82646 45601.17 -59629.5 5242.2 -64871.7 19253.713
7.02 275.43152 -173.26325 45700.8 -60071.2 5245.4 -65316.6 19320.264
7.03 262.14498 418.11401 45812.083 -60090 4992.37 -65082.4 19350.381
7.04 270.08232 10.078037 45805.414 -60052.8 5143.53 -65196.3 19336.092
7.05 267.97217 200.11532 45341.457 -60033.4 5103.34 -65136.7 19226.152
7.06 262.32639 -46.495477 45618.561 -59975.8 4995.82 -64971.6 19367.078
7.07 279.26402 418.332 45632.87 -59555 5318.39 -64873.4 19403.329
7.08 274.03281 319.54057 45361.042 -60015.9 5218.76 -65234.7 19328.699
7.09 265.78464 -213.61652 45691.802 -60122.1 5061.68 -65183.8 19460.482
7.1 277.21905 416.82465 45661.552 -59830.6 5279.44 -65110 19425.877
7.11 275.43644 -328.98379 45809.983 -60070.7 5245.49 -65316.2 19514.947
7.12 278.36687 172.32815 45203.654 -60236 5301.3 -65537.3 19377.034
7.13 269.56965 -385.32062 45768.069 -59690.4 5133.77 -64824.2 19565.259
7.14 275.95619 889.54388 45405.779 -59509.7 5255.39 -64765.1 19514.146
7.15 274.80377 37.609861 45690.882 -60223.2 5233.45 -65456.6 19621.093
7.16 267.95881 -4.6029783 45751.262 -60123.4 5103.09 -65226.5 19636.76
7.17 264.03408 -65.442261 45759.664 -60047.6 5028.34 -65076 19690.992
7.18 273.18603 -275.70154 45853.886 -59979.3 5202.64 -65182 19782.602
7.19 278.66107 483.15619 45390.717 -59690.8 5306.9 -64997.7 19674.521
7.2 275.38021 478.6328 45595.006 -60116.3 5244.42 -65360.7 19730.401
7.21 269.89729 266.98625 45645.465 -60189.4 5140.01 -65329.4 19744.108
7.22 266.83216 540.42813 45151.754 -60366.9 5081.63 -65448.5 19618.831
7.23 274.9624 -460.65344 45627.046 -59899.9 5236.47 -65136.4 19779.961
7.24 281.92104 -365.99889 45786.824 -59928.4 5368.99 -65297.4 19882.449
7.25 272.15746 45.540067 45339.83 -59868 5183.05 -65051.1 19760.282
7.26 272.87434 -501.27512 45434.117 -60184.5 5196.7 -65381.2 19848.669
7.27 271.75433 251.70447 45443.209 -60079 5175.37 -65254.3 19895.564
7.28 280.05174 -16.497298 45445.17 -59634.9 5333.39 -64968.3 19910.454
7.29 259.95185 -317.44494 45653.493 -60348.9 4950.6 -65299.5 20001.644
7.3 269.32944 -551.39771 45673.116 -60352.1 5129.19 -65481.3 20066.235
7.31 278.86684 -305.01015 45735.409 -59674.1 5310.82 -64984.9 20061.263
7.32 267.90152 -809.70316 46152.1 -59864 5102 -64966 20222.665
7.33 257.90294 -1127.7758 45949.701 -60375.8 4911.58 -65287.4 20190.437
7.34 279.59898 -230.3448 45419.306 -59901.1 5324.77 -65225.9 20027.643
7.35 265.58917 502.01013 45411.744 -60082.3 5057.96 -65140.3 20052.954
7.36 271.85265 -386.89624 45621.921 -59999.8 5177.24 -65177.1 20136.02
7.37 265.5624 -239.23668 45535.044 -60271.3 5057.45 -65328.8 20118.826
7.38 260.65354 -425.64608 45980.354 -59959 4963.96 -64923 20242.525
7.39 273.23272 -102.3417 45646.879 -60111.8 5203.53 -65315.3 20182.202
7.4 270.24631 28.757712 45498.996 -60079.6 5146.65 -65226.3 20148.431
7.41 278.51441 122.38393 45604.993 -59816.6 5304.11 -65120.7 20206.208
7.42 261.21174 -419.54307 45862.251 -60043.9 4974.59 -65018.5 20331.643
7.43 266.59669 -202.89539 45791.644 -60114.4 5077.15 -65191.6 20353.4
7.44 281.82753 -376.3122 45927.167 -59676.8 5367.21 -65044 20441.432
7.45 260.3224 -449.24288 45836.358 -60051.8 4957.66 -65009.4 20467.673
7.46 272.929 -8.3340563 45685.945 -60289.3 5197.74 -65487 20431.078
7.47 275.35663 326.34437 45464.057 -59972.8 5243.97 -65216.8 20388.571
7.48 273.9167 563.68203 45412.02 -60138.6 5216.55 -65355.1 20427.578
7.49 271.63048 -1255.4123 46251.162 -59752.4 5173.01 -64925.4 20709.597
7.5 277.11116 -266.22795 45868.817 -59903.1 5277.39 -65180.5 20659.553
7.51 271.77548 53.796715 45474.288 -60114.8 5175.77 -65290.6 20539.653
7.52 274.97968 709.31453 45563.595 -60043.6 5236.8 -65280.4 20603.741
7.53 266.00926 -496.62627 45796.847 -60107.2 5065.96 -65173.1 20656.718
7.54 280.76411 -342.31778 46054.544 -59527.1 5346.96 -64874 20787.286
7.55 259.08326 -231.89211 45821.904 -60192.8 4934.06 -65126.8 20756.515
7.56 272.98395 511.85771 45557.874 -59975.6 5198.79 -65174.4 20731.666
7.57 269.34507 -271.51207 45752.612 -60169 5129.49 -65298.5 20797.973
7.58 273.38117 -357.77162 45469.899 -60025 5206.35 -65231.4 20723.7
7.59 269.88372 -303.53104 45773.599 -60099.5 5139.75 -65239.2 20862.585
7.6 269.69462 -169.81768 45715.882 -59851 5136.15 -64987.1 20889.757
7.61 271.10604 148.02223 45675.117 -60157 5163.02 -65320 20887.695
7.62 267.85484 765.10172 45447.167 -60133.1 5101.11 -65234.2 20848.297
7.63 268.33714 622.03475 45524.683 -60087.7 5110.29 -65198 20913.018
7.64 266.24251 27.404889 45406.604 -60130.8 5070.4 -65201.2 20866.521
7.65 277.11647 397.78975 45420.798 -59646.4 5277.49 -64923.9 20897.102
7.66 271.1476 247.35014 45731.628 -59997.5 5163.82 -65161.3 21023.881
7.67 271.60153 388.82924 45427.266 -60121.1 5172.46 -65293.5 20955.545
7.68 273.58015 64.906751 45668.559 -59924.5 5210.14 -65134.6 21039.983
7.69 272.12107 592.6863 45489.432 -60129 5182.36 -65311.4 20991.972
7.7 270.42831 133.09704 45611.035 -59988.7 5150.12 -65138.8 21022.634
7.71 277.86287 404.71838 45544.981 -59854.2 5291.7 -65145.9 21002.36
7.72 273.36413 -97.937003 45632.676 -59752.2 5206.03 -64958.2 21054.309
7.73 269.14018 287.30102 45576.638 -60076 5125.59 -65201.6 21056.103
7.74 274.7923 -522.94917 45664.387 -59739.2 5233.23 -64972.4 21097.402
7.75 263.75186 226.47804 45557.137 -60402.4 5022.97 -65425.4 21116.837
7.76 279.38659 -389.62926 45886.002 -59942.5 5320.72 -65263.3 21207.936
7.77 269.53378 -465.69926 45585.94 -60017 5133.08 -65150.1 21114.606
7.78 279.50874 297.27284 45613.497 -59777.1 5323.05 -65100.1 21113.065
7.79 272.46808 -14.875521 45846.65 -59899.1 5188.96 -65088.1 21231.442
7.8 273.2555 492.17135 45371.476 -59910 5203.96 -65113.9 21130.874
7.81 269.41154 -655.65512 45907.207 -60203.6 5130.75 -65334.3 21296.459
7.82 272.27959 -493.8484 45865.766 -60157.8 5185.37 -65343.2 21286.627
7.83 265.62533 371.57187 45672.504 -60213.3 5058.65 -65271.9 21228.988
7.84 274.45201 -317.85761 45750.279 -60134.9 5226.75 -65361.6 21248.486
7.85 271.80729 -164.52913 45524.98 -59812.2 5176.38 -64988.6 21178.277
7.86 277.24773 -563.76757 45844.091 -60178 5279.99 -65458 21361.237
7.87 278.10204 112.09866 45701.923 -59809.2 5296.26 -65105.5 21332.706
7.88 278.81816 -52.908413 45839.073 -60067.2 5309.9 -65377.1 21432.069
7.89 277.49979 486.59621 45609.107 -59758.7 5284.79 -65043.5 21342.133
7.9 269.55929 -466.05842 45625.833 -60048.4 5133.57 -65182 21413.263
7.91 272.77481 -639.91424 45704.084 -59948.4 5194.81 -65143.2 21461.258
7.92 278.11391 294.32669 45573.617 -60004.4 5296.48 -65300.9 21475.085
7.93 263.7239 -425.18756 45381.519 -60244.2 5022.44 -65266.6 21451.492
7.94 284.68637 -182.78992 45729.657 -59861.5 5421.65 -65283.1 21579.614
7.95 269.25677 361.51133 45230.293 -59974.9 5127.81 -65102.7 21456.107
7.96 256.62825 -336.27977 45543.442 -60216.9 4887.31 -65104.2 21580.482
7.97 270.50002 -683.204 45989.482 -59725.2 5151.48 -64876.7 21732.45
7.98 280.3659 589.19717 45692.005 -59945.5 5339.37 -65284.9 21674.158
7.99 264.30333 210.56907 45666.179 -60295.8 5033.47 -65329.3 21695.025
8 282.91671 191.79803 45636.33 -59644.2 5387.95 -65032.1 21722.162
8.01 272.84281 -131.08989 45969.46 -59887.1 5196.1 -65083.2 21843.316
8.02 269.29299 529.82883 45456.151 -60153 5128.5 -65281.5 21717.136
8.03 276.59961 249.39346 45426.393 -59669 5267.65 -64936.6 21738.93
8.04 278.88372 161.61372 45391.855 -60038.2 5311.15 -65349.4 21745.523
8.05 276.21613 392.815 45701.894 -59952.9 5260.34 -65213.3 21860.247
8.06 260.87758 -13.881209 45671.994 -60178 4968.23 -65146.2 21865.77
8.07 266.75799 -520.33616 45762.24 -60072.6 5080.22 -65152.8 21914.069
8.08 264.54573 301.973 45605.221 -60237.1 5038.09 -65275.2 21879.208
8.09 281.40145 293.05821 45487.524 -59750.9 5359.09 -65110 21872.625
8.1 266.66438 -74.512914 45913.106 -59960.9 5078.44 -65039.4 22055.46
8.11 268.87714 -73.784361 45398.552 -60122.6 5120.58 -65243.2 21922.024
8.12 272.31097 -31.202316 45826.977 -60119.9 5185.97 -65305.8 22080.095
8.13 284.87351 -181.73515 46005.086 -59686.3 5425.22 -65111.5 22183.457
8.14 270.14154 111.49081 45593.93 -60108.9 5144.66 -65253.5 22103.552
8.15 278.47923 656.73255 45370.075 -59906.9 5303.44 -65210.3 22057.197
8.16 272.64169 -112.59369 45745.946 -60264.6 5192.27 -65456.9 22181.879
8.17 261.82378 -683.64651 45986.013 -60241.2 4986.25 -65227.4 22253.458
8.18 271.72362 -117.91265 45866.273 -59987.4 5174.79 -65162.2 22223.844
8.19 266.63799 -432.16103 45888.251 -60194.6 5077.93 -65272.6 22272.527
8.2 271.391 589.81766 45266.822 -60287.6 5168.45 -65456.1 22093.903
8.21 276.72079 407.08641 45698.959 -60071.4 5269.95 -65341.3 22286.216
8.22 270.60196 -279.07676 45663.751 -59726.4 5153.42 -64879.8 22329.559
8.23 271.65423 199.83682 45582.935 -60003 5173.46 -65176.4 22309.791
8.24 266.38988 40.73868 45400.135 -60282.5 5073.21 -65355.7 22284.851
8.25 277.73148 -286.29979 45521.05 -59829.8 5289.2 -65119 22380.989
8.26 264.75922 -385.00555 45881.322 -60108.7 5042.15 -65150.8 22495.369
8.27 278.15526 65.485338 45355.365 -59796.4 5297.27 -65093.7 22358.921
8.28 267.90661 -18.481983 45659.295 -60154.7 5102.09 -65256.8 22482.494
8.29 272.15643 12.608457 45928.118 -59972.2 5183.03 -65155.2 22647.486
8.3 276.56934 711.56665 45231.443 -60151.7 5267.07 -65418.7 22436.72
8.31 263.93245 -218.89563 45613.762 -60179.8 5026.41 -65206.2 22599.679
8.32 275.80728 -1020.9923 46101.105 -60012 5252.56 -65264.6 22750.265
8.33 273.20289 141.85285 45725.659 -59966.5 5202.96 -65169.5 22694.079
8.34 277.77271 -244.3021 45714.271 -59787.3 5289.99 -65077.3 22711.62
8.35 269.44233 572.42085 45371.145 -60240.5 5131.34 -65371.8 22644.272
8.36 279.21988 -61.553526 45615.575 -59900.4 5317.55 -65218 22754.909
8.37 286.41123 578.90875 45463.177 -59706.6 5454.5 -65161.1 22743.829
8.38 277.14555 72.377586 45696.823 -60080.5 5278.04 -65358.5 22787.508
8.39 275.31485 -417.7231 45653.917 -59812.3 5243.18 -65055.5 22790.357
8.4 271.2981 102.0306 45432.229 -59951.1 5166.68 -65117.8 22715.449
8.41 275.84768 573.59879 45402.922 -59987.4 5253.33 -65240.8 22761.03
8.42 276.85794 -0.53477622 45858.793 -59948.3 5272.57 -65220.9 22928.979
8.43 271.44866 620.3036 45213.425 -60209.3 5169.55 -65378.8 22771.6
8.44 274.05507 394.73793 45475.782 -59920.8 5219.19 -65140 22899.291
8.45 262.50716 -135.50984 45671.472 -60039.5 4999.26 -65038.8 22988.976
8.46 265.98459 -2.332948 45497.097 -60207.3 5065.49 -65272.8 22973.45
8.47 268.78115 1337.4155 45250.47 -59977.9 5118.75 -65096.6 22915.432
8.48 270.45802 441.62569 45679.548 -60215.1 5150.68 -65365.8 23113.382
8.49 281.60679 543.61313 45403.239 -59867.2 5363 -65230.2 23076.985
8.5 261.58605 -797.52612 45569.963 -60285.3 4981.72 -65267 23146.32
8.51 271.63776 -117.86468 45887.705 -60095.4 5173.15 -65268.6 23250.891
8.52 273.16031 -211.42855 45858.874 -60132.8 5202.15 -65335 23283.087
8.53 278.46772 -385.74543 45970.16 -59806 5303.22 -65109.2 23340.997
8.54 267.37904 547.10932 45342.232 -59957.6 5092.05 -65049.6 23135.294
8.55 274.65776 -559.5886 46028.902 -60110.6 5230.66 -65341.2 23380.891
8.56 287.77608 398.16089 45969.567 -59754.2 5480.49 -65234.7 23381.908
8.57 270.96589 1146.7219 45246.395 -60306.6 5160.36 -65467 23158.072
8.58 274.66292 759.34572 45145.344 -59760.7 5230.76 -64991.4 23160.903
8.59 263.18793 17.191557 45580.758 -60228.2 5012.23 -65240.4 23327.957
8.6 263.41803 248.23067 45571.755 -59998.3 5016.61 -65014.9 23363.002
8.61 265.20326 -299.74781 45546.299 -60151.9 5050.61 -65202.6 23401.233
8.62 273.05191 219.32274 45541.365 -59896.7 5200.08 -65096.8 23466.667
8.63 274.27865 -141.69627 45802.297 -59885.5 5223.44 -65108.9 23582.885
8.64 266.73111 -134.0858 45673.206 -60132.4 5079.71 -65212.1 23603.097
8.65 274.62455 -9.6461999 45593.691 -60066.8 5230.03 -65296.8 23541.446
8.66 267.11128 -603.41379 45765.385 -59922.2 5086.95 -65009.2 23662.191
8.67 269.52913 -338.06039 45546.31 -60066.9 5132.99 -65199.9 23588.317
8.68 265.35085 -167.18143 45371.171 -60091.5 5053.42 -65144.9 23532.434
8.69 269.46252 830.76492 45349.474 -59814.1 5131.72 -64945.8 23567.018
8.7 271.03184 610.39283 45575.012 -59942.3 5161.61 -65103.9 23710.007
8.71 277.42068 384.12517 45626.567 -60012.9 5283.28 -65296.2 23737.172
8.72 274.119 -624.52752 45858.688 -60270 5220.4 -65490.4 23843.526
8.73 281.28339 363.13324 45589.59 -59838.8 5356.85 -65195.6 23816.444
8.74 277.90747 -463.87798 45890.179 -59850 5292.55 -65142.5 23952.389
8.75 268.43814 376.4277 45487.277 -59969.5 5112.22 -65081.7 23834.104
8.76 269.41857 304.46505 45508.61 -60226.7 5130.89 -65357.6 23863.324
8.77 281.9659 324.37958 45559.749 -59850.2 5369.84 -65220 23905.546
8.78 262.37935 -159.85361 45585.822 -60132.2 4996.83 -65129.1 23966.732
8.79 274.30809 319.32287 45547.299 -59612.9 5224.01 -64836.9 23990.154
8.8 272.16578 -418.38209 45606.594 -59985.5 5183.21 -65168.7 24016.047
8.81 287.48932 -305.05925 45718.86 -59691.1 5475.03 -65166.2 24085.229
8.82 270.66123 -250.42095 45736.536 -60004.6 5154.55 -65159.2 24131.82
8.83 271.86643 -237.86537 45574.984 -59986 5177.51 -65163.5 24134.526
8.84 265.97419 -162.68774 45847.232 -60093.4 5065.29 -65158.7 24225.197
8.85 272.46314 -168.62601 45603.735 -59922.6 5188.87 -65111.5 24176.386
8.86 270.03197 31.953183 45590.12 -60129.6 5142.57 -65272.2 24235.298
8.87 285.21432 -197.69792 45637.677 -59855.4 5431.71 -65287.1 24296.261
8.88 265.07097 -389.98777 45887.266 -60230.9 5048.09 -65278.9 24409.698
8.89 276.46429 448.56777 45419.32 -59876.2 5265.07 -65141.2 24260.943
8.9 267.09112 -574.18284 45605.285 -59975.7 5086.56 -65062.2 24334.82
8.91 269.66904 269.24485 45772.729 -59895.1 5135.66 -65030.8 24425.441
8.92 277.17372 471.30875 45429.177 -59841.3 5278.58 -65119.9 24320.896
8.93 279.00647 196.23457 45258.246 -59862.5 5313.48 -65176 24294.662
8.94 270.20184 -513.39284 45561.254 -60171.4 5145.8 -65317.2 24426.545
8.95 275.37748 1090.5341 45535.835 -59878.1 5244.37 -65122.5 24480.365
8.96 265.95512 778.53418 45373.837 -60108.2 5064.93 -65173.1 24495.497
8.97 269.69753 -336.08792 45874.668 -59798.4 5136.2 -64934.6 24732.454
8.98 261.38571 -486.48947 45852.205 -60150.8 4977.91 -65128.7 24732.28
8.99 282.5889 489.45782 45683.435 -59703.6 5381.71 -65085.3 24639.006
9 277.46048 463.12723 45524.613 -59865.4 5284.04 -65149.4 24599.212
9.01 273.02192 543.75783 45451.619 -60152.3 5199.51 -65351.8 24570.233
9.02 260.75292 -191.59939 45493.582 -60256.5 4965.86 -65222.3 24603.666
9.03 268.10951 148.95614 45773.436 -59912.3 5105.96 -65018.3 24684.184
9.04 277.96343 615.33799 45430.464 -59834.1 5293.62 -65127.7 24552.596
9.05 272.26156 -299.19735 45858.617 -59900 5185.03 -65085.1 24773.275
9.06 267.07896 -7.6811431 45601.82 -60073.9 5086.33 -65160.2 24722.419
9.07 273.31124 -1024.7533 46043.181 -59891 5205.02 -65096.1 24891.088
9.08 268.31366 -344.83352 45834.324 -60041.4 5109.85 -65151.3 24874.561
9.09 278.41713 -553.39972 45790.348 -59806.3 5302.26 -65108.5 24895.589
9.1 266.12494 -996.4416 45931.091 -60160.4 5068.16 -65228.6 24950.12
9.11 268.55609 -285.67186 45609.406 -60077.7 5114.46 -65192.1 24845.481
9.12 275.85927 191.22462 45654.033 -59786.4 5253.55 -65039.9 24927.816
9.13 277.25362 530.30664 45565.377 -59997.5 5280.1 -65277.6 24955.587
9.14 268.36894 -511.98015 45851.057 -59975.5 5110.9 -65086.4 25090.448
9.15 271.95257 -38.334428 45612.87 -60065.4 5179.15 -65244.5 25009.091
9.16 271.49374 -889.96086 45872.979 -60050.2 5170.41 -65220.7 25145.689
9.17 268.80073 484.04611 45256.049 -60110.7 5119.12 -65229.8 25018.004
9.18 269.25298 461.01039 45706.792 -59901.3 5127.73 -65029.1 25247.621
9.19 269.45292 313.37383 45636.703 -60022.6 5131.54 -65154.2 25256.143
9.2 270.14928 -848.08543 45557.526 -59950.3 5144.8 -65095.1 25249.539
9.21 265.95043 -72.075502 45616.821 -59963.5 5064.84 -65028.3 25290.188
9.22 270.72972 -461.19357 45824.302 -60012.3 5155.86 -65168.2 25405.126
9.23 268.92465 -241.21042 45801.786 -59822.8 5121.48 -64944.3 25426.963
9.24 272.54559 269.77657 45633.328 -60081.6 5190.44 -65272 25364.589
9.25 265.95695 -138.54495 45804.685 -60027.5 5064.96 -65092.5 25429.342
9.26 267.37703 96.081721 45715.001 -60015.5 5092.01 -65107.5 25445.002
9.27 271.62636 -28.237515 45706.165 -59899.1 5172.93 -65072 25461.362
9.28 255.79027 -371.98283 45886.407 -60145.6 4871.35 -65016.9 25595.666
9.29 273.7068 -706.71463 45597.331 -60255.9 5212.55 -65468.5 25558.023
9.3 271.62148 339.17909 45591.396 -60051.1 5172.84 -65223.9 25639.978
9.31 272.0326 12.705085 45596.672 -60027.2 5180.67 -65207.9 25672.958
9.32 269.37486 442.54724 45497.443 -60057.4 5130.06 -65187.4 25620.982
9.33 278.13031 409.47819 45572.248 -60090.5 5296.8 -65387.3 25703.504
9.34 272.18399 -210.8505 45856.161 -60244 5183.55 -65427.5 25858.569
9.35 277.49468 269.05043 45691.714 -59878.1 5284.69 -65162.8 25791.96
9.36 278.47535 160.43741 45291.2 -60104.8 5303.37 -65408.2 25699.644
9.37 287.54258 38.700473 45501.612 -59856.2 5476.05 -65332.3 25813.179
9.38 269.84176 111.2303 45685.362 -60033.7 5138.95 -65172.6 25900.269
9.39 274.25362 147.21532 45344.723 -60239.5 5222.97 -65462.4 25800.658
9.4 272.09961 -248.24423 45898.341 -60065.7 5181.95 -65247.7 26074.865
9.41 268.74992 -169.74058 45647.715 -60071.8 5118.15 -65189.9 25982.631
9.42 262.95504 -292.36308 45798.242 -60224.8 5007.79 -65232.6 26057.906
9.43 274.33669 60.834417 45753.1 -60003.4 5224.55 -65227.9 25984.814
9.44 275.30263 -337.93192 45556.805 -60074.8 5242.95 -65317.7 25940.654
9.45 265.78457 -393.78449 45464.964 -60371.7 5061.68 -65433.4 25955.625
9.46 276.04185 -40.046059 45396.782 -59925.6 5257.02 -65182.6 25951.1
9.47 275.3867 381.43311 45597.304 -59880.6 5244.55 -65125.2 26037.987
9.48 267.75219 131.81588 45730.883 -59654.4 5099.15 -64753.6 26124.829
9.49 272.51899 -490.10471 45822.882 -59901.2 5189.93 -65091.1 26173.097
9.5 260.08884 -101.41509 45638.063 -60207.7 4953.21 -65160.9 26124.215
9.51 273.93625 -324.75344 45687.728 -59781 5216.92 -64997.9 26164.885
9.52 272.03449 114.59181 45686.601 -60063.4 5180.71 -65244.1 26196.743
9.53 268.94684 -524.41945 45746.41 -59899.8 5121.9 -65021.7 26297.997
9.54 271.15781 326.40664 45260.721 -60071.8 5164.01 -65235.8 26090.893
9.55 283.21413 81.144323 45537.418 -59659 5393.61 -65052.6 26228.109
9.56 271.45489 91.5918 45440.235 -60137.4 5169.67 -65307 26245.22
9.57 276.66119 502.48861 45783.758 -59732.3 5268.82 -65001.1 26400.158
9.58 274.04308 415.66137 45440.979 -59950.2 5218.96 -65169.2 26307.252
9.59 269.32704 -445.34318 45657.541 -59986.7 5129.15 -65115.9 26440.702
9.6 269.08752 -376.7303 45986.368 -60019.9 5124.58 -65144.5 26584.478
9.61 269.91737 -336.89349 45763.591 -59991.4 5140.39 -65131.8 26510.681
9.62 265.9893 136.20932 45569.33 -60297.2 5065.58 -65362.7 26444.233
9.63 278.31182 -504.67825 45857.489 -59938.2 5300.25 -65238.5 26549.306
9.64 275.25561 416.10719 45387.069 -60083.8 5242.05 -65325.9 26371.27
9.65 273.65994 1217.3354 45351.396 -59934.7 5211.66 -65146.3 26369.353
9.66 274.70013 932.48286 45346.844 -60006.6 5231.47 -65238.1 26402.895
9.67 271.31993 -227.64816 45876.561 -60203.1 5167.1 -65370.2 26602.449
9.68 260.94482 -964.18682 45703.771 -60476.5 4969.51 -65446 26588.22
9.69 266.13313 -687.82697 45758.915 -60080.8 5068.32 -65149.1 26645.985
9.7 270.25803 -280.97338 46005.736 -59824.2 5146.87 -64971 26753.916
9.71 263.698 -767.82235 45722.381 -60040.3 5021.94 -65062.2 26675.614
9.72 264.48927 41.692793 45789.642 -60151.1 5037.01 -65188.1 26698.727
9.73 274.16923 71.943237 45560.058 -59743.7 5221.36 -64965.1 26667.576
9.74 268.76348 512.68169 45255.79 -60092 5118.41 -65210.5 26589.664
9.75 269.21957 100.19673 45561.668 -60393.1 5127.1 -65520.2 26758.197
9.76 279.22873 24.176306 45564.212 -59938.8 5317.72 -65256.5 26800.177
9.77 273.13589 -232.95374 45402.018 -60170.8 5201.68 -65372.5 26756.251
9.78 273.25903 213.52023 45594.543 -59859.3 5204.03 -65063.3 26895.126
9.79 265.21874 -17.655291 45573.124 -59882.9 5050.91 -64933.8 26916.156
9.8 276.7105 572.38179 45255.368 -59843.3 5269.76 -65113 26828.012
9.81 263.65984 -234.18191 45722.879 -59895.3 5021.22 -64916.5 27076.39
9.82 269.72308 -217.99194 45690.929 -59995.9 5136.69 -65132.6 27056.72
9.83 273.98766 283.95178 45526.493 -60243.4 5217.9 -65461.3 27019.11
9.84 279.29245 519.69772 45526.682 -59781 5318.93 -65100 27058.404
9.85 267.09834 -397.67642 45654.044 -59777.7 5086.7 -64864.4 27160.94
9.86 268.76515 15.218467 45982.481 -60153.8 5118.44 -65272.2 27353.55
9.87 285.80839 -23.833454 45769.897 -59867.9 5443.02 -65310.9 27284.966
9.88 270.86511 -290.29686 45658.155 -59960.1 5158.44 -65118.6 27275.743
9.89 267.82597 416.26805 45536.889 -60119.1 5100.56 -65219.6 27247.707
9.9 281.0811 -336.53803 45739.632 -59685 5352.99 -65038 27376.518
9.91 270.28002 816.74069 45430.999 -60095.1 5147.29 -65242.4 27318.866
9.92 264.89954 -313.19121 45387.732 -60347.7 5044.83 -65392.6 27310.526
9.93 272.86486 101.77491 45234.269 -60095.2 5196.52 -65291.7 27255.98
9.94 269.58945 -675.13859 45687.783 -59908.7 5134.14 -65042.8 27442.189
9.95 270.76146 -78.430085 45944.376 -60011.6 5156.46 -65168.1 27585.527
9.96 280.95397 348.38548 45670.465 -59567.3 5350.57 -64917.9 27500.273
9.97 273.67219 -152.33272 45766.434 -60213.3 5211.9 -65425.2 27519.938
9.98 271.23701 -292.78652 45519.921 -60118.6 5165.52 -65284.2 27421.486
