0 271.50943 -231.89164 21839.917 -30004.5 2434.67 -32439.1 5.2690575
0.01 266.047 -731.63234 21895.506 -29797 2385.69 -32182.7 15.182464
0.02 261.18925 -868.05527 21795.701 -30047.8 2342.13 -32389.9 24.072383
0.03 266.56562 -212.96377 21666.41 -29971.2 2390.34 -32361.6 34.129594
0.04 258.22911 174.23134 21786.081 -29885.8 2315.58 -32201.4 42.91718
0.05 268.36182 -316.47302 21823.677 -29637.1 2406.44 -32043.5 51.663104
0.06 266.56889 325.38454 21766.772 -29766.7 2390.37 -32157.1 68.002841
0.07 281.63114 -710.39576 21809.603 -29800.2 2525.43 -32325.6 74.886239
0.08 267.41946 -269.91824 21729.704 -29979.3 2397.99 -32377.3 83.315144
0.09 265.71779 321.81249 21671.235 -29905.5 2382.73 -32288.2 88.209282
0.1 256.54351 -896.84335 22008.724 -29947.6 2300.47 -32248 96.07303
0.11 273.55283 -378.26409 21950.035 -29885.9 2452.99 -32338.9 110.1352
0.12 252.56301 195.21902 21682.141 -30206 2264.77 -32470.8 117.88101
0.13 269.63345 308.19518 21841.348 -30028.4 2417.85 -32446.3 126.54356
0.14 267.32265 138.17202 21751.905 -30354.7 2397.12 -32751.8 133.11538
0.15 267.32847 -415.71841 21865.783 -30253.9 2397.18 -32651 143.88979
0.16 258.48015 188.96114 21695.973 -30440.5 2317.83 -32758.3 147.33073
0.17 283.43363 -168.07008 21894.333 -30023.5 2541.59 -32565.1 156.24051
0.18 268.3041 -109.70436 21901.378 -30101.8 2405.93 -32507.7 160.34311
0.19 269.36623 142.71901 21886.617 -30540 2415.45 -32955.4 166.94395
0.2 269.54902 158.43445 21747.787 -30169.4 2417.09 -32586.5 175.9566
0.21 273.07679 127.11958 21985.483 -30327.5 2448.72 -32776.2 179.28974
0.22 273.95238 281.45952 21887.855 -30312.1 2456.57 -32768.7 187.12569
0.23 266.29743 180.0598 21924.741 -30557 2387.93 -32944.9 194.03304
0.24 281.92495 -476.2143 21963.205 -30270.1 2528.07 -32798.2 205.35214
0.25 266.41058 -174.65145 21924.671 -30491.6 2388.95 -32880.5 208.91603
0.26 257.81514 -161.48732 21886.92 -30826.5 2311.87 -33138.3 216.89754
0.27 269.11499 -489.28239 22133.606 -30682.7 2413.2 -33095.9 222.61569
0.28 271.1577 383.28871 21819.39 -30446.4 2431.51 -32877.9 223.61741
0.29 275.13205 450.21961 21842.764 -30439.8 2467.15 -32907 227.55267
0.3 278.98732 656.07765 21784.63 -30242.4 2501.72 -32744.2 235.52258
0.31 269.73455 165.19548 21757.204 -30404.1 2418.75 -32822.8 241.22447
0.32 263.23871 349.47671 21787.141 -30579.6 2360.5 -32940.1 247.3658
0.33 273.23843 988.63787 21692.84 -30517.6 2450.17 -32967.8 253.53867
0.34 266.2536 -417.79162 21996.771 -30451 2387.54 -32838.6 259.52252
0.35 271.19406 301.79194 21789.183 -30394 2431.84 -32825.8 263.5326
0.36 271.9171 579.31284 21851.519 -30364.2 2438.32 -32802.5 271.26942
0.37 272.75301 -399.90734 21846.547 -30384.1 2445.82 -32829.9 279.0008
0.38 268.7113 103.35127 21790.6 -30654.1 2409.58 -33063.7 281.22916
0.39 275.03191 -271.98352 22021.398 -30444.3 2466.25 -32910.5 291.93479
0.4 279.25518 -202.61813 21842.247 -30273.4 2504.13 -32777.5 298.75463
0.41 267.88504 -66.672471 21951.717 -30290 2402.17 -32692.2 306.84995
0.42 267.38395 864.21557 21755.815 -30488 2397.67 -32885.7 309.1721
0.43 260.44524 -569.82824 21880.264 -30422.4 2335.45 -32757.8 316.23383
0.44 253.2347 53.207713 21874.604 -30584.8 2270.8 -32855.6 320.0535
0.45 276.34603 810.07417 21782.828 -30323.8 2478.04 -32801.9 324.98017
0.46 250.98107 -192.97381 21793.236 -30637.6 2250.59 -32888.2 334.37131
0.47 263.72028 115.53491 21894.284 -30521.2 2364.82 -32886.1 345.99667
0.48 269.49871 -97.409363 21943.532 -30469.2 2416.64 -32885.8 348.02856
0.49 260.9349 198.72618 21946.598 -30560 2339.84 -32899.9 363.70502
0.5 267.21028 -9.6588743 21794.345 -30689.5 2396.12 -33085.7 364.97476
0.51 272.62924 727.89951 21728.711 -30583.4 2444.71 -33028.2 363.47348
0.52 266.12585 -812.0455 22095.175 -30736.4 2386.39 -33122.8 370.59011
0.53 273.94722 217.08655 21803.906 -30682.4 2456.53 -33139 369.08233
0.54 268.494 -868.15572 22229.868 -30896.9 2407.63 -33304.5 371.07127
0.55 267.61261 395.99131 21887.315 -31063.3 2399.72 -33463 371.20883
0.56 279.11972 418.63745 21879.707 -30857.8 2502.91 -33360.7 370.76096
0.57 263.84003 -757.7901 22180.399 -31283.9 2365.9 -33649.8 375.39759
0.58 267.05003 698.34197 21755.039 -31403 2394.68 -33797.7 374.60019
0.59 263.6179 421.20862 21884.975 -31884.1 2363.9 -34248 377.41015
0.6 266.94364 421.77932 21861.286 -32218.6 2393.73 -34612.4 377.17093
0.61 269.62668 155.19087 21963.504 -31996.7 2417.79 -34414.5 377.27923
0.62 278.20342 145.91907 21966.303 -32126.4 2494.69 -34621.1 378.79544
0.63 266.49519 -471.95177 22121.512 -32157.3 2389.7 -34547 380.13682
0.64 258.04286 -192.25459 22062.588 -32340.9 2313.91 -34654.8 378.67532
0.65 263.85669 -591.95971 22154.046 -32068.9 2366.04 -34434.9 379.3242
0.66 265.76949 -42.79534 22023.463 -32007.7 2383.2 -34390.9 378.32063
0.67 259.59474 -516.44704 22118.981 -32294.4 2327.83 -34622.2 379.32164
0.68 269.58965 -96.396285 22006.629 -32068.8 2417.45 -34486.2 378.9221
0.69 278.2842 -47.954556 22015.199 -32031.1 2495.42 -34526.5 378.51909
0.7 271.22272 -189.47956 22036.497 -31968.3 2432.1 -34400.4 378.16532
0.71 261.83451 -333.91381 22076.508 -32129.7 2347.91 -34477.6 378.84063
0.72 277.67903 -158.21812 22016.274 -32007.2 2489.99 -34497.2 378.25776
0.73 279.4134 681.81083 21812.042 -32049.4 2505.54 -34554.9 375.59713
0.74 264.15696 295.87596 21898.667 -32150.6 2368.74 -34519.3 376.86626
0.75 268.86616 336.88577 21932.525 -32056.3 2410.97 -34467.2 377.1136
0.76 260.8973 22.532788 21942.93 -32259.1 2339.51 -34598.6 377.51299
0.77 267.61745 -157.21211 22035.059 -32064.2 2399.77 -34464 378.52412
0.78 246.70893 -445.03086 22084.259 -32399.1 2212.28 -34611.4 378.71586
0.79 269.686 -51.596145 21986.973 -32142.1 2418.32 -34560.4 377.93931
0.8 271.69353 -565.52772 22151.442 -31948.4 2436.32 -34384.7 380.22806
0.81 268.49714 -345.24084 22032.544 -32207.4 2407.66 -34615 379.04939
0.82 262.08485 -697.37084 22160.568 -32119.8 2350.16 -34470 379.55209
0.83 274.33167 -268.7497 22083.424 -32168.4 2459.98 -34628.4 379.58444
0.84 263.40795 -229.21157 22046.696 -32098.6 2362.02 -34460.6 378.68001
0.85 255.88828 242.49068 21911.028 -32255.3 2294.59 -34549.8 377.32384
0.86 265.99894 253.87878 21929.853 -31992.6 2385.25 -34377.8 377.81815
0.87 256.69375 518.64841 21834.687 -32324.7 2301.81 -34626.6 377.13665
0.88 272.42512 139.16199 21966.536 -32104.2 2442.88 -34547.1 377.38242
0.89 255.1041 396.23865 21851.262 -32261.8 2287.56 -34549.4 376.46
0.9 271.24226 184.04965 21936.719 -32155.8 2432.27 -34588.1 377.55262
0.91 281.57337 -66.70927 22027.481 -32092.7 2524.91 -34617.6 378.4252
0.92 273.30961 -288.4696 22069.523 -32153.4 2450.81 -34604.2 378.92297
0.93 277.06185 -165.18908 22072.751 -31952.2 2484.46 -34436.6 378.97695
0.94 264.12622 -681.14137 22171.328 -32102 2368.46 -34470.4 379.27004
0.95 255.07793 -34.771389 22013.772 -32250.4 2287.32 -34537.7 379.47006
0.96 266.05021 80.898072 21965.664 -32161.1 2385.71 -34546.8 378.38702
0.97 259.24095 539.59349 21822.888 -32239.4 2324.65 -34564.1 377.01464
0.98 297.02608 84.688783 22025.507 -31911.6 2663.48 -34575.1 378.39713
0.99 269.87369 -349.35356 22074.599 -32162.4 2420 -34582.4 379.01204
1 273.34052 -474.32791 22117.99 -32178.3 2451.09 -34629.4 379.40217
1.01 261.74083 -820.93916 22222.563 -32079.1 2347.07 -34426.2 380.49411
1.02 269.89597 -580.34192 22146.025 -32195.1 2420.2 -34615.3 380.07036
1.03 276.57875 -370.3521 22086.48 -31953.2 2480.13 -34433.3 378.82086
1.04 260.63817 -357.00958 22076.805 -32253.1 2337.18 -34590.3 379.44644
1.05 263.19624 -519.93816 22108.087 -32051.8 2360.12 -34411.9 379.94163
1.06 262.28084 -312.06139 22078.282 -32165.8 2351.91 -34517.7 379.10394
1.07 270.22595 70.828472 21978.418 -31975.2 2423.16 -34398.4 378.0753
1.08 268.15492 247.81371 21928.663 -32049.3 2404.59 -34453.9 377.75178
1.09 267.49346 751.20104 21766.418 -31966.1 2398.66 -34364.8 376.50265
1.1 264.17972 275.81879 21943.574 -32055.6 2368.94 -34424.6 378.00683
1.11 277.19047 435.77906 21921.934 -32117.6 2485.61 -34603.2 377.23561
1.12 270.25923 524.9004 21840.54 -32159.4 2423.46 -34582.9 376.65867
1.13 278.5174 1067.2236 21709.073 -31979.8 2497.51 -34477.3 374.74638
1.14 260.8485 328.03345 21870.816 -32263.1 2339.07 -34602.2 377.4857
1.15 267.02031 148.18789 21913.731 -32072.2 2394.41 -34466.6 377.31305
1.16 259.97415 229.32448 21899.061 -32209.4 2331.23 -34540.6 377.23135
1.17 264.06269 -140.74506 22044.157 -32254.5 2367.89 -34622.4 378.36564
1.18 266.59617 -230.38695 22054.71 -32180.3 2390.61 -34571 378.85989
1.19 271.75098 -574.11307 22180.526 -31896.1 2436.83 -34333 380.45564
1.2 268.9957 -90.015429 22004.104 -32150.9 2412.13 -34563 378.56344
1.21 269.25632 130.28526 21972.693 -31949.6 2414.46 -34364.1 377.81905
1.22 274.46602 485.46964 21894.48 -32077.2 2461.18 -34538.3 377.08567
1.23 269.25209 506.92486 21836.873 -32115.7 2414.43 -34530.1 375.75461
1.24 274.88031 188.79157 21954.791 -31951.9 2464.9 -34416.8 377.68296
1.25 264.35829 -88.467183 22018.477 -32145.3 2370.54 -34515.9 378.30158
1.26 265.7715 -511.02458 22126.198 -32018 2383.22 -34401.2 379.73122
1.27 283.35756 -357.35941 22096.026 -32032.7 2540.91 -34573.6 379.44462
1.28 256.90352 -656.50189 22175.887 -32170.8 2303.69 -34474.5 380.54736
1.29 263.39343 -26.59697 22042.452 -32045.5 2361.89 -34407.4 378.90475
1.3 261.00294 -568.03721 22127.024 -32218.8 2340.45 -34559.3 379.65454
1.31 267.8883 -62.208339 22032.072 -32064.9 2402.2 -34467.1 378.40939
1.32 260.80426 35.37293 21962.719 -32282.4 2338.67 -34621.1 377.78997
1.33 275.78418 9.0809736 21989.862 -32048.1 2473 -34521.1 378.37562
1.34 267.92675 284.03056 21953.44 -32159.1 2402.54 -34561.7 377.90029
1.35 277.25644 139.63495 21979.318 -31916.9 2486.2 -34403.1 377.41158
1.36 260.18684 641.49196 21812.487 -32164.9 2333.14 -34498.1 376.17846
1.37 260.79584 88.692186 21958.79 -32102.8 2338.6 -34441.4 377.36704
1.38 255.19384 272.11149 21888.874 -32333.7 2288.36 -34622.1 376.99092
1.39 273.93659 152.28865 21947.685 -32123.6 2456.43 -34580 377.70416
1.4 256.59772 105.15252 21932.858 -32194.2 2300.95 -34495.2 377.17411
1.41 278.30652 57.775126 21969.133 -31964.8 2495.62 -34460.4 378.03958
1.42 283.35677 185.87337 21937.304 -32160.6 2540.91 -34701.5 377.91104
1.43 274.13182 -141.31665 22047.815 -32041.2 2458.18 -34499.4 379.04444
1.44 265.84992 -21.763014 22008.153 -32310.7 2383.92 -34694.6 378.55824
1.45 270.4382 -147.74499 22059.206 -32032.8 2425.06 -34457.9 378.60864
1.46 267.49192 -767.674 22207.414 -32218.2 2398.64 -34616.9 380.53818
1.47 273.38805 -721.43147 22218.311 -32021.9 2451.51 -34473.4 379.95795
1.48 280.03384 -229.9163 22081.937 -32006.3 2511.11 -34517.4 378.87969
1.49 262.0728 1.0861561 22001.695 -32143.1 2350.05 -34493.1 378.66418
1.5 281.266 370.93524 21923.698 -31951.1 2522.16 -34473.2 377.9677
1.51 272.41543 311.18566 21936.871 -32207.1 2442.79 -34649.9 378.58693
1.52 292.61048 502.91617 21871.615 -32029.8 2623.88 -34653.7 376.84247
1.53 253.41469 241.24489 21901.35 -32293.8 2272.41 -34566.2 376.94893
1.54 280.19314 104.69105 22015.629 -32046.4 2512.54 -34559 377.92877
1.55 258.51898 -212.41654 22031.45 -32329.8 2318.18 -34648 378.64867
1.56 263.865 -236.40826 22066.956 -32141.2 2366.12 -34507.3 378.06194
1.57 280.05154 -337.01434 22094.392 -32150.4 2511.27 -34661.7 379.07104
1.58 280.71317 -816.44754 22214.76 -31875.1 2517.2 -34392.3 381.4259
1.59 269.87192 -263.19068 22077.771 -32160.7 2419.98 -34580.7 378.67544
1.6 269.98977 -140.88754 22022.211 -32090.5 2421.04 -34511.5 379.12633
1.61 259.09933 -97.033884 21970.768 -32276.3 2323.38 -34599.7 377.35688
1.62 276.1156 -7.7830165 21993.811 -32094.6 2475.97 -34570.6 378.79832
1.63 261.86086 516.46054 21846.951 -32148.9 2348.15 -34497 376.87506
1.64 266.89588 156.1164 21916.733 -32088.5 2393.3 -34481.8 378.34049
1.65 255.85638 232.76625 21902.65 -32271.9 2294.3 -34566.2 377.86401
1.66 272.25184 222.35823 21904.539 -32091.8 2441.33 -34533.2 377.05637
1.67 271.20747 -10.995305 21978.893 -32260.6 2431.96 -34692.5 378.15664
1.68 273.56009 146.24706 21957.695 -32100.6 2453.06 -34553.7 378.31516
1.69 251.76337 -201.09459 22002.206 -32277.4 2257.6 -34535 378.40619
1.7 263.90986 -512.19775 22135.848 -32046.8 2366.52 -34413.3 379.78027
1.71 255.66991 -390.0303 22084.973 -32289.9 2292.63 -34582.5 378.30389
1.72 273.51618 -510.61475 22153.984 -32038.6 2452.66 -34491.3 379.64135
1.73 265.57741 -132.17982 22008.852 -32176 2381.47 -34557.5 378.71265
1.74 269.67478 -171.72094 22021.531 -32103.9 2418.22 -34522.1 378.20085
1.75 280.27068 348.19355 21933.026 -32054.8 2513.23 -34568 376.8171
1.76 255.82106 108.38293 21945.124 -32213 2293.99 -34507 377.73796
1.77 257.82418 -107.74952 21987.327 -32129.5 2311.95 -34441.5 378.27896
1.78 272.99259 73.01784 21990.142 -32105.9 2447.97 -34553.9 378.15664
1.79 259.16435 390.08043 21880.592 -32244.7 2323.97 -34568.6 376.82646
1.8 260.11823 -130.38105 22029.839 -32030.8 2332.52 -34363.3 378.31025
1.81 277.10381 -275.27649 22093.445 -32134.4 2484.83 -34619.3 378.98541
1.82 273.22868 -264.44375 22082.19 -31914.8 2450.09 -34364.9 378.75784
1.83 269.7142 72.127071 21959.687 -32210.4 2418.57 -34628.9 377.81989
1.84 263.54515 525.83901 21836.92 -32150.5 2363.25 -34513.7 376.05311
1.85 263.48015 938.05647 21744.94 -32256.8 2362.67 -34619.5 375.81679
1.86 282.4168 191.4282 21961.006 -31965.7 2532.48 -34498.2 378.18696
1.87 263.24326 110.67201 21960.176 -32138.7 2360.54 -34499.3 378.30264
1.88 265.75909 -218.78831 22018.125 -32129.1 2383.1 -34512.2 379.36426
1.89 268.73456 -908.42045 22226.958 -32038 2409.79 -34447.8 382.01693
1.9 259.99769 -351.82781 22092.024 -32232.2 2331.44 -34563.6 379.34201
1.91 278.4729 -413.44957 22117.732 -32047.7 2497.11 -34544.8 378.97203
1.92 262.25434 89.253135 22000.485 -32272 2351.68 -34623.7 378.10392
1.93 270.46301 735.2034 21789.045 -32173.7 2425.28 -34599 375.5463
1.94 276.37205 296.07521 21933.081 -31996.3 2478.27 -34474.6 377.20204
1.95 264.3355 481.93815 21823.069 -32238.8 2370.34 -34609.1 376.22305
1.96 249.96459 371.34546 21881.445 -32131.5 2241.47 -34373 377.59435
1.97 269.38914 386.44176 21885.032 -32157.1 2415.66 -34572.7 377.19857
1.98 272.67765 612.50996 21843.947 -32063.5 2445.14 -34508.6 376.22083
1.99 258.38054 1048.4334 21701.613 -32132.4 2316.94 -34449.3 374.78881
2 269.16617 562.19316 21871.8 -31933 2413.66 -34346.7 376.85804
2.01 275.44238 504.83846 21863.398 -32156.7 2469.94 -34626.7 377.08082
2.02 273.10536 494.41083 21867.215 -32216 2448.98 -34664.9 376.86504
2.03 277.2603 394.30606 21907.014 -31958.6 2486.24 -34444.9 377.67701
2.04 266.32017 461.34869 21855.551 -32197.4 2388.14 -34585.6 377.07301
2.05 277.07593 828.13321 21781.465 -31994.5 2484.58 -34479.1 375.86458
2.06 270.8843 374.50972 21907.238 -32129.1 2429.06 -34558.1 376.76585
2.07 268.28395 338.37094 21920.047 -32002.6 2405.74 -34408.4 377.25678
2.08 277.88848 166.9648 21934.458 -32102 2491.87 -34593.9 377.87741
2.09 271.88068 54.136399 21964.826 -32134.3 2438 -34572.3 378.53175
2.1 274.38966 44.443267 21967.84 -32013.7 2460.5 -34474.1 377.99269
2.11 278.08705 95.550689 21987.564 -32184.3 2493.65 -34677.9 378.05486
2.12 258.61501 -5.3912088 22001.423 -32102.4 2319.04 -34421.4 377.69187
2.13 253.52864 -9.9832386 22003.851 -32233.9 2273.43 -34507.4 377.42423
2.14 268.73538 3.0258806 22006.382 -32170 2409.79 -34579.8 377.48931
2.15 258.22139 -363.29856 22113.811 -32059.7 2315.51 -34375.2 379.00064
2.16 275.34567 -290.35413 22039.658 -32166 2469.07 -34635 378.34987
2.17 264.6312 -595.50719 22170.983 -32081 2372.99 -34454 380.40387
2.18 260.28643 -111.10871 21987.851 -32296.1 2334.03 -34630.2 377.74513
2.19 277.86085 36.806049 21992.494 -32046.5 2491.62 -34538.1 377.61952
2.2 268.11521 60.210975 21981.219 -32150.1 2404.23 -34554.3 378.61467
2.21 262.75505 988.90484 21735.521 -32149.7 2356.17 -34505.8 375.05021
2.22 278.1328 442.92806 21915.197 -31903.5 2494.06 -34397.5 377.62029
2.23 264.21981 242.80305 21919.357 -32183.4 2369.3 -34552.7 377.89561
2.24 264.8552 376.65498 21875.964 -32302 2375 -34677 377.50092
2.25 281.28118 -298.60282 22112.567 -32088.8 2522.29 -34611.1 380.66576
2.26 251.50074 -538.13262 22128.531 -32364.3 2255.25 -34619.6 379.89686
2.27 264.98687 -372.29218 22095.887 -32001.1 2376.18 -34377.3 379.41585
2.28 264.66228 -294.33793 22064.496 -31999.6 2373.27 -34372.8 378.45473
2.29 263.75617 -35.236441 21962.588 -32141.2 2365.14 -34506.4 377.47665
2.3 277.67771 523.43526 21892.164 -31942.1 2489.98 -34432.1 376.81718
2.31 277.85337 225.36343 21930.088 -32166.4 2491.56 -34658 376.95967
2.32 270.27423 455.71161 21858.611 -32110.7 2423.59 -34534.3 376.42236
2.33 272.0062 726.39724 21793.824 -32052.2 2439.12 -34491.3 376.44547
2.34 264.33846 284.81749 21887.387 -32171.2 2370.37 -34541.5 377.5682
2.35 246.31636 381.70996 21894.27 -32217 2208.76 -34425.8 377.58537
2.36 265.65067 163.01448 21959.504 -32154.6 2382.13 -34536.7 378.08182
2.37 276.41319 312.96801 21933.021 -32053.6 2478.64 -34532.3 378.15713
2.38 257.18293 107.19718 21961.724 -32394.2 2306.2 -34700.4 378.37322
2.39 271.28149 147.77999 21975.364 -32090.4 2432.62 -34523 377.53136
2.4 257.01399 -91.370298 22009.756 -32216.2 2304.69 -34520.9 377.59643
2.41 282.42923 -359.08026 22127.501 -31909 2532.59 -34441.6 379.87654
2.42 268.82278 239.37319 21940.872 -32148 2410.58 -34558.6 377.49016
2.43 277.78818 682.27632 21875.762 -31982.6 2490.97 -34473.6 376.67443
2.44 271.09865 -45.737641 22006.1 -32191.2 2430.98 -34622.2 377.53676
2.45 261.08044 -320.30195 22054.692 -32231.8 2341.15 -34572.9 379.44957
2.46 260.16451 36.722399 21967.007 -32250.8 2332.94 -34583.7 378.02515
2.47 273.8073 237.52316 21973.083 -32040.1 2455.27 -34495.4 378.02581
2.48 274.18809 745.21618 21804.254 -32113.8 2458.69 -34572.5 375.76169
2.49 279.65123 162.96421 21984.218 -31808.6 2507.68 -34316.3 377.98664
2.5 265.7555 128.12147 21981.128 -32137.5 2383.07 -34520.6 378.6972
2.51 276.16087 -127.09599 22050.407 -31966.6 2476.38 -34443 378.22614
2.52 260.20558 -156.29101 22011.999 -32115 2333.3 -34448.3 377.93834
2.53 272.64745 -271.07323 22066.877 -32072 2444.87 -34516.8 378.35743
2.54 272.05538 -373.23604 22085.477 -32252.3 2439.56 -34691.8 378.04297
2.55 270.67714 -341.88609 22066.622 -32223.7 2427.2 -34650.9 378.7927
2.56 267.56531 -794.03938 22198.343 -32038.6 2399.3 -34437.9 379.78824
2.57 269.0226 -191.37933 22065.909 -32199.5 2412.37 -34611.9 378.79671
2.58 265.54937 154.05288 21927.411 -32047.8 2381.22 -34429.1 377.10059
2.59 268.29127 308.86293 21886.058 -32163.2 2405.81 -34569 377.24172
2.6 282.20539 622.02588 21833.235 -31974.8 2530.58 -34505.4 376.16131
2.61 276.50172 384.55935 21904.88 -32162.7 2479.43 -34642.1 376.20715
2.62 265.82018 106.32597 21968.094 -32051.2 2383.65 -34434.8 377.95951
2.63 254.32048 68.989422 21954.21 -32271.4 2280.53 -34552 377.79311
2.64 271.18248 -341.21594 22070.645 -32071.7 2431.74 -34503.5 378.5993
2.65 258.64159 -212.82428 22063.123 -32168.5 2319.28 -34487.8 379.31735
2.66 266.1068 -245.12383 22063.025 -32042 2386.22 -34428.2 378.11603
2.67 266.69205 -360.60235 22107.345 -32234.6 2391.47 -34626.1 379.03278
2.68 258.49365 -867.06467 22231.312 -32156.9 2317.95 -34474.9 380.63162
2.69 262.73594 -256.22613 22054.962 -32166.2 2355.99 -34522.2 378.58464
2.7 268.5639 -225.07012 22056.22 -32172.3 2408.26 -34580.6 379.04675
2.71 266.08212 -48.608553 21983.326 -32080.6 2386 -34466.6 378.53551
2.72 268.18716 202.05562 21985.311 -31962 2404.88 -34366.9 378.9552
2.73 270.37629 176.10465 21914.213 -32212.1 2424.51 -34636.6 377.6418
2.74 275.3698 313.5205 21898.655 -32153.3 2469.28 -34622.6 377.17385
2.75 272.0293 -178.42218 22050.305 -32069.1 2439.33 -34508.4 378.69631
2.76 271.85141 -368.70547 22135.422 -31963.4 2437.73 -34401.1 379.88653
2.77 278.47879 -759.35256 22190.672 -32054.5 2497.16 -34551.6 379.48373
2.78 265.3171 -442.21463 22112.329 -32115.6 2379.14 -34494.7 379.40285
2.79 280.5273 -324.16611 22107.036 -31894.1 2515.53 -34409.7 379.78463
2.8 269.38183 -23.958409 21992.153 -32178.2 2415.59 -34593.8 378.82715
2.81 272.06963 121.55887 21979.588 -31957.1 2439.69 -34396.8 377.98003
2.82 256.62648 149.16745 21945.236 -32221.2 2301.21 -34522.4 377.93513
2.83 275.11536 514.50447 21839.198 -31934.7 2467 -34401.7 376.69029
2.84 266.66895 -126.40578 22046.353 -32158.8 2391.26 -34550.1 378.38027
2.85 270.02104 -560.58551 22170.072 -31934.9 2421.32 -34356.2 379.53625
2.86 252.49277 -91.673853 22001.117 -32195.7 2264.14 -34459.8 377.45181
2.87 273.34982 -761.29215 22209.932 -31968.6 2451.17 -34419.8 380.97782
2.88 254.92479 -406.10703 22051.144 -32210.3 2285.95 -34496.2 379.462
2.89 268.31411 -381.29574 22102.592 -31965.8 2406.02 -34371.8 380.0564
2.9 253.51887 -161.14291 22010.109 -32064.8 2273.34 -34338.1 378.553
2.91 275.40683 197.62994 21925.577 -32197.5 2469.62 -34667.1 377.28328
2.92 267.34942 237.70224 21904.928 -32071.6 2397.36 -34469 376.67072
2.93 259.03314 883.27233 21717.023 -32213.9 2322.79 -34536.6 374.28532
2.94 264.27556 192.4296 21944.503 -31961.1 2369.8 -34330.9 377.4772
2.95 263.28776 258.62183 21920.294 -32143.4 2360.94 -34504.4 377.55324
2.96 271.29588 569.10256 21859.472 -31996.3 2432.75 -34429.1 376.62659
2.97 262.13441 -96.144002 22021.319 -32185.1 2350.6 -34535.7 378.73581
2.98 264.50913 -179.21472 22058.845 -32284.8 2371.9 -34656.7 379.51832
2.99 269.73335 -402.24139 22136.368 -32083.7 2418.74 -34502.5 379.28524
3 261.89387 -748.96722 22214.767 -32101.6 2348.44 -34450.1 380.45654
3.01 273.9576 -271.62656 22081.478 -32109.4 2456.62 -34566 379.32761
3.02 261.73131 -479.95275 22136.047 -32108.3 2346.99 -34455.3 379.74735
3.03 270.42067 47.485721 22022.591 -32014.2 2424.91 -34439.1 379.13113
3.04 274.42227 -480.99839 22127.531 -32052.8 2460.79 -34513.6 380.08736
3.05 271.29732 -231.61998 22048.113 -32153.8 2432.77 -34586.6 379.04216
3.06 267.08103 31.735921 21986.99 -32090 2394.96 -34485 378.18052
3.07 263.98529 233.83959 21911.034 -32081.3 2367.2 -34448.5 377.0807
3.08 272.21325 537.63497 21859.587 -32137.1 2440.98 -34578.1 376.13362
3.09 280.90754 1322.2978 21634.778 -31966.8 2518.94 -34485.7 373.65187
3.1 278.24722 279.56514 21923.647 -32166.9 2495.09 -34662 377.56711
3.11 282.36117 504.99793 21885.826 -31965.7 2531.98 -34497.7 377.28842
3.12 274.25766 421.63252 21918.865 -32109.5 2459.31 -34568.8 378.14262
3.13 274.85883 496.97947 21883.978 -32018.8 2464.7 -34483.5 377.292
3.14 259.47954 138.61958 21975.395 -32126.9 2326.79 -34453.7 378.55941
3.15 275.92502 44.281208 21976.156 -32002.6 2474.26 -34476.8 377.15598
3.16 260.26598 331.95411 21926.851 -32246.1 2333.85 -34580 376.80069
3.17 275.9373 156.90002 21931.1 -32049.9 2474.37 -34524.2 377.58491
3.18 256.16869 101.08492 21939.467 -32170.4 2297.11 -34467.5 377.51344
3.19 268.26946 -194.14859 22053.769 -31789.6 2405.61 -34195.3 379.56302
3.2 255.84551 -199.21452 22026.078 -32192.3 2294.21 -34486.5 378.89479
3.21 283.53629 -419.87897 22128.158 -32052.1 2542.51 -34594.7 379.67867
3.22 267.73198 -688.25674 22154.468 -32190.3 2400.8 -34591.1 379.81731
3.23 255.52787 -264.43538 22083.953 -32306.4 2291.36 -34597.7 379.35231
3.24 280.13491 -236.18004 22076.621 -32050.2 2512.01 -34562.2 378.77409
3.25 255.90347 -338.2767 22103.074 -32451.4 2294.73 -34746.1 379.83573
3.26 275.55201 -340.45497 22085.93 -32020.9 2470.92 -34491.8 378.7854
3.27 273.46778 52.093447 21984.16 -32025.2 2452.23 -34477.5 378.58804
3.28 257.53256 312.3693 21865.934 -32416.5 2309.34 -34725.9 376.72216
3.29 265.13318 13.76207 21971.94 -32073.8 2377.49 -34451.3 377.62737
3.3 266.24469 691.34236 21787.149 -32254.8 2387.46 -34642.3 375.26109
3.31 270.11934 139.96487 21956.314 -31976.7 2422.2 -34398.9 377.02704
3.32 279.54912 616.36378 21833.553 -31927.3 2506.76 -34434.1 376.03059
3.33 268.34396 75.54941 21980.505 -32104.2 2406.28 -34510.5 378.51027
3.34 272.91768 -15.468961 22024.014 -32171 2447.3 -34618.3 379.01212
3.35 272.09344 -161.74754 22055.373 -31861.4 2439.91 -34301.3 379.934
3.36 250.93758 -485.56633 22106.575 -32226.2 2250.2 -34476.4 380.13303
3.37 268.81511 -395.619 22081.819 -32156 2410.51 -34566.5 379.51113
3.38 267.46826 -720.95142 22209.836 -31928.1 2398.43 -34326.5 379.35197
3.39 271.5205 26.927446 21969.891 -32139.3 2434.77 -34574.1 377.37896
3.4 263.52523 305.94015 21919.02 -32005.7 2363.07 -34368.8 376.80968
3.41 253.93301 266.07961 21930.694 -32229.1 2277.06 -34506.2 377.72169
3.42 267.61833 641.32964 21825.765 -32012.5 2399.78 -34412.3 377.1654
3.43 274.87558 423.20939 21910.047 -32075.7 2464.85 -34540.5 377.30263
3.44 275.46101 105.25231 21944.405 -32120.1 2470.1 -34590.2 377.76647
3.45 269.56639 353.14613 21902.307 -32140.9 2417.24 -34558.2 376.55189
3.46 268.27202 160.81592 21913.038 -32146.7 2405.64 -34552.4 377.18849
3.47 271.25813 -30.667067 21996.919 -32196.2 2432.41 -34628.6 378.09125
3.48 270.85636 -216.1406 22078.928 -31995.6 2428.81 -34424.4 378.93704
3.49 269.36399 -733.60293 22215.958 -32157.1 2415.43 -34572.5 380.52611
3.5 278.51727 -151.55521 22040.294 -32174.5 2497.51 -34672 379.34818
3.51 257.55327 0.69811238 21979.996 -32296.1 2309.52 -34605.6 378.27528
3.52 270.07144 -23.43523 22014.679 -32096.8 2421.77 -34518.5 378.23777
3.53 255.89629 215.00236 21936.743 -32399.3 2294.66 -34693.9 377.6516
3.54 278.10632 358.66317 21891.608 -32028.5 2493.82 -34522.3 377.07691
3.55 267.75925 860.23873 21770.115 -32028 2401.04 -34429.1 375.663
3.56 266.01354 466.66216 21875.782 -32107.9 2385.39 -34493.2 376.71995
3.57 274.70722 252.35235 21893.38 -32127.7 2463.34 -34591.1 377.70402
3.58 272.34091 437.93798 21904.123 -32074.2 2442.12 -34516.3 377.02731
3.59 256.82345 -139.30116 21997.598 -32253.9 2302.98 -34556.9 378.50959
3.6 269.14188 -347.32265 22073.856 -32118.6 2413.44 -34532.1 379.12939
3.61 273.03519 -296.57914 22061.769 -31992 2448.35 -34440.4 378.6062
3.62 253.52722 -434.75216 22119.276 -32308.3 2273.42 -34581.7 378.70944
3.63 265.15226 -153.22711 22029.041 -32016.9 2377.66 -34394.6 378.00424
3.64 261.85111 -655.60524 22175.74 -32243.7 2348.06 -34591.8 380.01758
3.65 273.32284 -80.631972 22026.32 -32103.3 2450.93 -34554.3 378.07001
3.66 273.73948 -401.01398 22122.131 -32151.6 2454.67 -34606.3 379.32502
3.67 272.81436 -59.892572 22057.987 -32072.7 2446.37 -34519.1 379.37853
3.68 275.34285 164.39149 21979.145 -32012.2 2469.04 -34481.3 377.86778
3.69 271.19049 546.56685 21850.66 -32119.8 2431.81 -34551.7 377.09587
3.7 278.98382 441.70073 21904.872 -31994.3 2501.69 -34496 376.53102
3.71 263.72898 290.7509 21926.339 -32040.4 2364.9 -34405.3 377.17406
3.72 252.54522 544.41814 21843.108 -32137.8 2264.61 -34402.4 377.39652
3.73 277.78782 152.98551 21939.808 -31988.9 2490.97 -34479.8 377.67251
3.74 256.43402 726.95971 21795.757 -32220.3 2299.48 -34519.7 376.50509
3.75 262.19403 450.00187 21869.264 -32129.1 2351.14 -34480.2 376.82271
3.76 268.48792 366.17092 21881.551 -31999 2407.57 -34406.5 376.40802
3.77 267.1551 963.44809 21721.633 -32175.3 2395.62 -34571 375.15881
3.78 274.48766 195.24256 21951.099 -32008.3 2461.37 -34469.7 377.53803
3.79 271.12531 220.69168 21940.845 -32193 2431.22 -34624.2 377.63134
3.8 264.8191 69.180675 21987.465 -32260.9 2374.68 -34635.6 377.66966
3.81 278.35049 752.92225 21824.684 -31935.5 2496.01 -34431.5 375.75831
3.82 272.37395 191.01643 21966.318 -32185 2442.42 -34627.4 377.38638
3.83 269.92203 131.57723 21988.752 -32053.8 2420.43 -34474.2 377.97595
3.84 255.32661 15.550839 21955.404 -32320.2 2289.55 -34609.8 377.64593
3.85 284.62379 -94.599514 22053.533 -32001.1 2552.27 -34553.4 379.38317
3.86 276.9702 -339.04862 22057.98 -32127.8 2483.64 -34611.5 379.24536
3.87 256.40926 -307.30271 22072.254 -32227.3 2299.26 -34526.5 378.97817
3.88 289.18507 -499.60116 22161.254 -31875.6 2593.17 -34468.8 379.79993
3.89 269.91659 -669.28946 22180.83 -32159.3 2420.38 -34579.7 380.16848
3.9 262.811 -285.09906 22046.529 -32313.7 2356.67 -34670.4 378.65223
3.91 265.50246 -332.16013 22075.988 -32075.9 2380.8 -34456.7 379.14199
3.92 258.43246 15.839503 21951.366 -32299.9 2317.4 -34617.3 377.97518
3.93 256.73432 -331.2322 22055.901 -32168.8 2302.18 -34471 378.73039
3.94 259.53444 44.83801 21983.819 -32268 2327.29 -34595.3 377.5833
3.95 281.55693 123.09051 21953.357 -32017 2524.77 -34541.7 377.05815
3.96 265.6901 304.13972 21892.538 -32081.2 2382.49 -34463.7 377.47596
3.97 247.02466 446.69004 21867.105 -32286.3 2215.11 -34501.4 376.31665
3.98 273.88597 469.38826 21882.619 -32002.6 2455.98 -34458.6 377.48741
3.99 253.94748 762.2068 21754.305 -32213.3 2277.19 -34490.4 376.21268
4 266.90946 673.2715 21765.442 -32137.5 2393.42 -34530.9 375.95224
4.01 265.62437 342.02411 21888.337 -32143.6 2381.9 -34525.5 377.16841
4.02 267.7787 297.50391 21948.565 -31962.1 2401.21 -34363.4 377.76752
4.03 272.78568 17.141985 21991.903 -32131.7 2446.11 -34577.8 377.44615
4.04 274.47144 83.018555 21975.359 -32055.5 2461.23 -34516.8 377.49302
4.05 270.19361 277.31811 21924.397 -32070.4 2422.87 -34493.3 377.20502
4.06 278.99585 176.00442 21921.127 -32070.4 2501.8 -34572.2 376.8669
4.07 249.63456 176.72735 21916.524 -32354.8 2238.51 -34593.4 377.45791
4.08 273.15779 160.27508 21911.628 -32138.4 2449.45 -34587.9 377.34205
4.09 266.43422 -3.3249209 21996.074 -32114.9 2389.16 -34504.1 378.39984
4.1 254.42703 -145.29456 22043.529 -32260.9 2281.49 -34542.3 378.77893
4.11 265.61377 -293.35529 22041.942 -32094.9 2381.8 -34476.7 378.73547
4.12 273.66741 -300.99823 22047.162 -32114.7 2454.02 -34568.7 378.75404
4.13 259.0009 -769.30704 22196.65 -32245.2 2322.5 -34567.7 380.39031
4.14 266.23094 -222.44996 22086.145 -32106 2387.34 -34493.4 379.08175
4.15 262.31202 -500.94633 22108.492 -32177.7 2352.19 -34529.9 379.44255
4.16 273.54973 -241.16469 22063.202 -31948 2452.96 -34401 378.98178
4.17 260.81707 -130.68178 22034.39 -32134.4 2338.79 -34473.2 378.8164
4.18 262.89427 -217.57863 22052.307 -32102.7 2357.41 -34460.2 378.78986
4.19 263.39293 47.38152 21934.758 -32304.3 2361.89 -34666.2 377.03664
4.2 262.93296 200.92085 21943.043 -32016.6 2357.76 -34374.3 376.88517
4.21 268.42923 301.10451 21900.096 -32168.9 2407.05 -34575.9 376.0486
4.22 271.65837 185.62015 21959.443 -32023.3 2436 -34459.3 377.3009
4.23 259.75704 397.90381 21874.383 -32143.7 2329.28 -34473 376.80329
4.24 262.86227 66.11369 21970.562 -32307.6 2357.13 -34664.7 378.23859
4.25 270.94981 57.477518 22016.479 -32097 2429.65 -34526.6 378.34206
4.26 266.78691 -112.00989 22002.736 -32124.1 2392.32 -34516.4 377.78881
4.27 275.50609 -498.96727 22141.872 -31870.5 2470.51 -34341.1 379.69033
4.28 267.32393 -184.71914 22051.386 -32093.6 2397.14 -34490.7 379.07959
4.29 254.21901 -382.1413 22058.316 -32350.5 2279.62 -34630.1 378.75441
4.3 273.00355 -435.8544 22126.404 -32111.2 2448.07 -34559.3 380.09026
4.31 273.34525 -115.06602 22030.51 -32153.1 2451.13 -34604.2 378.37727
4.32 281.09373 53.878538 22012.437 -32093.6 2520.61 -34614.2 378.24833
4.33 252.54895 119.77846 21946.326 -32312.5 2264.65 -34577.1 377.38355
4.34 273.93942 343.15399 21899.399 -32078.6 2456.46 -34535.1 377.70486
4.35 245.34237 185.08141 21912.49 -32492 2200.02 -34692.1 377.25574
4.36 275.35414 258.08179 21908.516 -32110 2469.14 -34579.2 377.25217
4.37 264.95329 367.92659 21863.558 -32195.1 2375.88 -34571 376.34737
4.38 266.40042 260.83707 21896.518 -32055.8 2388.85 -34444.7 376.59935
4.39 281.62878 539.89081 21884.334 -31973.8 2525.41 -34499.2 376.67431
4.4 269.02678 -112.64366 22000.053 -32175.2 2412.41 -34587.6 377.84333
4.41 261.38158 -517.46967 22113.209 -32080.6 2343.85 -34424.5 379.23285
4.42 260.02424 -134.46118 22025.761 -32178.4 2331.68 -34510.1 378.25032
4.43 277.65479 -352.38672 22094.323 -31902.7 2489.77 -34392.5 378.98962
4.44 268.10984 -766.49497 22213.367 -32145.7 2404.18 -34549.9 381.23165
4.45 273.11977 -361.96618 22041.756 -31894.2 2449.11 -34343.3 378.47959
4.46 259.16632 -326.79893 22085.202 -32054.4 2323.99 -34378.4 379.85997
4.47 269.29035 -149.53905 22007.313 -32062.2 2414.77 -34477 378.27791
4.48 251.01852 -69.38599 21970.875 -32272 2250.92 -34522.9 377.97395
4.49 268.04976 21.304134 21973.148 -31938.5 2403.64 -34342.1 377.35898
4.5 252.83307 -61.616091 22010.36 -32187.7 2267.19 -34454.9 378.12559
4.51 282.42942 100.78348 21988.047 -31970.6 2532.59 -34503.2 378.53285
4.52 265.07634 101.13597 21926.553 -32144.7 2376.98 -34521.7 377.82634
4.53 264.83852 286.34467 21920.576 -32221.6 2374.85 -34596.4 377.55157
4.54 275.71397 723.30825 21790.306 -32062.2 2472.37 -34534.6 375.28153
4.55 258.23659 129.2946 21945.545 -32243 2315.65 -34558.7 377.55674
4.56 274.8509 554.09588 21827.571 -32097.7 2464.63 -34562.3 375.33369
4.57 269.71426 157.14406 21951.208 -31982.5 2418.57 -34401.1 377.56807
4.58 265.26497 318.79937 21885.129 -32148.2 2378.67 -34526.8 377.06641
4.59 280.2865 27.045226 22018.342 -31996 2513.37 -34509.4 379.13902
4.6 274.7806 -142.25085 22028.305 -32069.6 2464 -34533.6 378.24538
4.61 256.53326 -407.00497 22101.156 -32123.9 2300.37 -34424.3 378.67893
4.62 277.04081 -638.18955 22179.751 -32016.3 2484.27 -34500.6 380.23078
4.63 251.70186 -257.77302 22030.788 -32259.6 2257.05 -34516.6 378.42935
4.64 281.36125 -293.97245 22099.031 -32081.6 2523.01 -34604.6 379.41402
4.65 258.30917 -99.091054 21985.144 -32235 2316.3 -34551.3 377.77386
4.66 260.16126 -122.80324 22019.443 -32136.3 2332.91 -34469.2 377.97222
4.67 273.65306 -339.92737 22091.554 -32020.8 2453.89 -34474.7 379.02257
4.68 265.06077 -161.59148 22026.026 -32009.2 2376.84 -34386.1 378.74952
4.69 264.95316 328.03519 21903.302 -32188 2375.88 -34563.9 377.03106
4.7 262.61884 235.34418 21924.291 -32107.9 2354.94 -34462.9 376.81693
4.71 259.13739 423.22877 21838.518 -32360.1 2323.73 -34683.9 376.17243
4.72 270.80331 353.82423 21897.513 -32107.8 2428.34 -34536.1 377.49816
4.73 278.88053 218.35416 21929.291 -32220.1 2500.77 -34720.9 377.28436
4.74 261.55726 351.23395 21897.162 -32194.9 2345.43 -34540.3 377.61394
4.75 257.37493 -6.5902774 21980.595 -32215.3 2307.92 -34523.3 378.25947
4.76 255.1705 -203.70695 22065.905 -32174.1 2288.15 -34462.3 378.87302
4.77 266.10913 -367.25739 22087.704 -32123.1 2386.24 -34509.4 378.91214
4.78 263.88821 -100.37523 22005.48 -32263.4 2366.33 -34629.8 378.20005
4.79 290.60904 -78.107314 22015.693 -31993.7 2605.94 -34599.6 378.57534
4.8 265.27929 -525.51588 22136.896 -32078.3 2378.8 -34457.1 379.72164
4.81 268.72191 -133.76815 21992.13 -32081.4 2409.67 -34491.1 377.33141
4.82 259.92087 -319.19766 22092.642 -32165.8 2330.75 -34496.6 377.78013
4.83 268.99097 -177.39226 22062.33 -32082.1 2412.08 -34494.2 378.16417
4.84 268.84419 -533.70111 22179.144 -31997.1 2410.77 -34407.9 379.76256
4.85 263.90806 -90.79727 21999.129 -32201 2366.51 -34567.5 378.53211
4.86 266.03859 -277.01702 22072.118 -31983.8 2385.61 -34369.4 379.41139
4.87 269.98275 -80.803596 22035.704 -32144.1 2420.98 -34565.1 379.42691
4.88 277.81621 280.41661 21962.799 -31975.7 2491.22 -34466.9 377.85684
4.89 276.99741 254.09604 21916.578 -32183.2 2483.88 -34667.1 377.38814
4.9 270.3232 302.24266 21910.29 -31976.7 2424.03 -34400.8 376.73172
4.91 255.99091 522.10057 21824.152 -32201.5 2295.51 -34497 376.21315
4.92 279.01784 818.81806 21776.902 -32069.7 2502 -34571.7 376.28598
4.93 273.05831 272.24187 21931.636 -32008.5 2448.56 -34457.1 378.04045
4.94 265.21275 72.01036 21977.907 -32211.5 2378.2 -34589.7 378.4026
4.95 274.32439 279.17245 21885.506 -32090.6 2459.91 -34550.5 376.54363
4.96 257.21457 397.48879 21883.197 -32207.2 2306.48 -34513.7 376.31361
4.97 264.35513 795.45912 21763.327 -32209.2 2370.51 -34579.7 375.74292
4.98 279.56555 106.23888 21960.659 -31927.3 2506.91 -34434.2 377.65781
4.99 265.18002 306.32141 21910.862 -32141.8 2377.91 -34519.7 377.00595
5 268.10893 95.982055 21965.31 -32180.3 2404.18 -34584.5 377.71876
5.01 273.26805 337.85827 21906.713 -32040.3 2450.44 -34490.7 377.18983
5.02 260.94576 1052.6642 21707.962 -32148.3 2339.94 -34488.3 375.95004
5.03 274.73983 545.82108 21835.987 -32016.7 2463.64 -34480.4 376.34794
5.04 274.69085 119.94984 21958.718 -32101.8 2463.2 -34565 378.31338
5.05 261.44416 -12.329725 21991.608 -32314.9 2344.41 -34659.3 378.89897
5.06 274.65097 -323.45609 22069.73 -32027.5 2462.84 -34490.4 378.62297
5.07 256.72269 -361.37419 22058.034 -32147.3 2302.07 -34449.4 379.02546
5.08 274.99649 -149.45912 22062.663 -31968.4 2465.94 -34434.3 379.09936
5.09 273.36365 17.673685 21992.66 -32094.7 2451.3 -34546 377.46397
5.1 252.68742 97.189114 21926.347 -32262.9 2265.89 -34528.7 377.28114
5.11 277.3803 209.13094 21941.565 -32048.8 2487.31 -34536.1 377.07804
5.12 276.74377 293.11026 21949.425 -32191.3 2481.61 -34672.9 377.38572
5.13 268.16495 601.11655 21834.679 -32145.9 2404.68 -34550.6 376.58067
5.14 272.96087 685.18522 21819.18 -32176.5 2447.68 -34624.2 376.9396
5.15 281.49461 440.93299 21861.708 -32094.8 2524.21 -34619.1 377.14486
5.16 258.85502 16.497426 21948.619 -32349.3 2321.19 -34670.5 377.66485
5.17 273.6812 347.27604 21904.268 -32015.9 2454.14 -34470.1 377.73284
5.18 263.60801 -67.318559 22015.062 -32080.7 2363.81 -34444.5 378.1314
5.19 259.95754 514.08692 21842.465 -32160.7 2331.08 -34491.8 376.70031
5.2 273.75002 -78.238641 22020.961 -31949.2 2454.76 -34404 378.50598
5.21 256.65921 -190.71385 22055.363 -32130.6 2301.5 -34432.1 378.76547
5.22 265.06133 -179.95752 22045.834 -32052.7 2376.85 -34429.6 378.68525
5.23 264.27235 -741.62901 22168.97 -32200.2 2369.77 -34570 380.04829
5.24 268.61755 -137.52593 22019.601 -32236.7 2408.74 -34645.4 379.00565
5.25 267.46545 -102.44194 22034.301 -32077.3 2398.41 -34475.7 378.61184
5.26 251.93747 -70.30278 21946.405 -32204.6 2259.16 -34463.8 377.87234
5.27 269.45243 493.70432 21843.296 -32054.4 2416.22 -34470.6 376.08012
5.28 268.59215 129.144 21947.775 -32237.3 2408.51 -34645.8 377.79645
5.29 281.58674 219.5963 21916.876 -32015.4 2525.03 -34540.4 377.31785
5.3 269.49486 -68.548436 22021.779 -32125.3 2416.6 -34541.9 378.63297
5.31 280.07785 -59.034032 22088.509 -31957.2 2511.5 -34468.7 378.82019
5.32 250.52633 -1047.9257 22250.325 -32183.5 2246.51 -34430.1 380.55758
5.33 257.75573 -390.67209 22093.286 -32197.9 2311.34 -34509.2 379.13357
5.34 253.09139 -435.70679 22069.519 -32365.5 2269.51 -34635 378.69584
5.35 277.72024 -195.67995 22043.437 -32051.9 2490.36 -34542.3 378.61252
5.36 263.4605 -433.32514 22111.022 -32206.1 2362.49 -34568.6 379.61895
5.37 258.89872 -22.812878 21997.42 -32028.4 2321.59 -34350 378.31898
5.38 254.1979 -721.89425 22138.784 -32271.8 2279.43 -34551.2 379.95443
5.39 272.73215 -195.34829 22071.392 -32071.7 2445.63 -34517.3 379.09996
5.4 267.12133 -367.0448 22090.656 -32172.8 2395.32 -34568.1 379.22069
5.41 273.33953 -643.74731 22158.524 -32037.1 2451.08 -34488.2 381.05693
5.42 259.07686 -401.6285 22094.636 -32207 2323.18 -34530.2 379.76095
5.43 281.5149 -503.40246 22168.471 -31866 2524.39 -34390.4 379.80009
5.44 256.81006 -238.27116 22044.169 -32199.7 2302.86 -34502.5 379.08801
5.45 263.2828 -122.80506 22033.345 -32027.5 2360.9 -34388.4 378.80383
5.46 266.41229 -412.84815 22108.318 -32146.5 2388.96 -34535.4 378.82186
5.47 271.29783 16.970372 21973.192 -32121.6 2432.77 -34554.3 377.57086
5.48 249.7038 424.28213 21833.217 -32397.4 2239.13 -34636.6 376.00961
5.49 270.38176 473.41591 21876.224 -32092.8 2424.56 -34517.3 376.61166
5.5 263.69458 297.77721 21930.043 -32150.7 2364.59 -34515.3 377.08947
5.51 270.77701 106.30606 21929.709 -32206.3 2428.1 -34634.4 377.22473
5.52 278.90979 141.11454 21970.602 -32008.2 2501.03 -34509.2 377.52314
5.53 262.32595 97.884957 21970.35 -32103.8 2352.32 -34456.1 377.93778
5.54 262.69168 -28.259678 21989.823 -32237.4 2355.6 -34593 378.30547
5.55 259.1984 -84.866489 22028.804 -32273.3 2324.27 -34597.6 378.37583
5.56 267.47064 -732.87012 22215.057 -32102.8 2398.45 -34501.3 380.87215
5.57 275.12054 -399.55858 22112.775 -32116.7 2467.05 -34583.7 379.7593
5.58 259.97134 -244.35864 22044.549 -32269 2331.2 -34600.2 378.94449
5.59 281.22003 -300.27512 22097.781 -32007.6 2521.74 -34529.4 378.78443
5.6 275.49803 -200.86036 22058.085 -32143.6 2470.43 -34614 379.04711
5.61 277.64623 -527.72619 22159.291 -32045.6 2489.7 -34535.3 380.40908
5.62 269.27151 -306.20353 22073.534 -32079.1 2414.6 -34493.7 378.31848
5.63 260.74847 67.314374 21984.248 -32253.2 2338.17 -34591.4 378.03684
5.64 270.54083 12.735757 22007.471 -32128.9 2425.98 -34554.9 377.71158
5.65 251.29997 576.55294 21834.646 -32211.1 2253.45 -34464.5 375.75053
5.66 286.06245 232.31196 21941.715 -31885.4 2565.17 -34450.6 377.92602
5.67 260.37526 135.14086 21960.17 -32147.4 2334.83 -34482.2 377.84921
5.68 281.882 134.73381 21955.654 -31921.9 2527.68 -34449.6 378.39993
5.69 276.85791 343.0528 21896.03 -32169.5 2482.63 -34652.2 377.92407
5.7 265.69964 152.02576 21961.106 -32039.8 2382.57 -34422.4 378.18303
5.71 266.13978 527.57163 21870.281 -32182.2 2386.52 -34568.7 376.78108
5.72 274.67456 128.29689 21960.107 -32006.4 2463.05 -34469.5 377.68463
5.73 266.54354 562.07142 21835.029 -32119.2 2390.14 -34509.3 375.67767
5.74 281.82017 170.5631 21964.106 -31980.9 2527.13 -34508 377.48119
5.75 268.20606 372.51829 21888.561 -32120.8 2405.05 -34525.8 376.71186
5.76 271.0441 195.73708 21928.922 -32115.5 2430.5 -34546 377.07433
5.77 258.64103 -257.11676 22052.909 -31981.6 2319.28 -34300.9 379.32797
5.78 275.78445 -180.5535 22057.08 -32183.1 2473 -34656.1 379.22937
5.79 266.49777 -430.06556 22081.179 -32048.7 2389.73 -34438.4 379.71608
5.8 267.62202 -164.49576 22005.99 -32272.6 2399.81 -34672.4 378.45087
5.81 265.58301 -484.11728 22136.729 -32083.9 2381.53 -34465.5 379.63435
5.82 267.81102 -135.86907 22012.788 -32287.5 2401.5 -34689 378.13034
5.83 257.36289 -523.89395 22119.323 -32162.7 2307.81 -34470.5 378.01316
5.84 282.88123 -660.47288 22216.942 -31875.3 2536.64 -34412 380.11488
5.85 266.41356 -731.02739 22221.911 -32153.2 2388.97 -34542.1 380.7409
5.86 275.52737 -118.1265 22069.595 -31994.1 2470.7 -34464.8 378.73908
5.87 263.76522 -95.026494 21993.099 -32027.3 2365.22 -34392.6 379.05195
5.88 254.97829 12.41353 21952.657 -32367.1 2286.43 -34653.5 378.2124
5.89 267.88815 515.47795 21833.868 -32012.1 2402.2 -34414.3 376.82634
5.9 268.4682 235.7161 21924.325 -32115.3 2407.4 -34522.7 377.15127
5.91 282.23406 524.90414 21840.683 -32179.9 2530.84 -34710.8 376.38365
5.92 252.80741 502.72937 21872.824 -32211.2 2266.96 -34478.1 377.01381
5.93 274.0419 190.09972 21933.304 -32133.7 2457.38 -34591.1 377.85333
5.94 271.79285 292.49819 21963.983 -32125.6 2437.21 -34562.8 378.46323
5.95 282.81639 -121.66317 22064.067 -31864.4 2536.06 -34400.4 378.95623
5.96 262.88638 131.89088 21961.605 -32154.8 2357.34 -34512.1 377.09617
5.97 259.14051 -244.16123 22043.697 -32231.2 2323.75 -34555 378.91278
5.98 274.39215 -214.29726 22023.753 -31960 2460.52 -34420.5 377.95849
5.99 275.42511 -97.441322 22035.34 -32143.9 2469.78 -34613.7 377.2719
6 267.04695 -269.27897 22117.962 -31931.1 2394.65 -34325.7 379.5089
6.01 269.07465 -276.95886 22069.344 -32271.9 2412.84 -34684.7 379.14118
6.02 271.0228 -210.07211 22070.134 -32055.9 2430.3 -34486.2 379.68074
6.03 266.42804 -123.75431 21997.707 -32150.1 2389.1 -34539.2 378.09327
6.04 272.66217 -92.628179 22017.8 -32077.6 2445.01 -34522.6 378.51534
6.05 261.49664 -32.418823 21981.97 -32237.4 2344.88 -34582.3 377.01082
6.06 274.75976 34.141051 21992.271 -32086.6 2463.81 -34550.4 378.1797
6.07 264.91404 324.00437 21854.973 -32260.2 2375.53 -34635.7 377.19034
6.08 260.2637 402.12248 21850.459 -32180.2 2333.83 -34514.1 377.34803
6.09 273.52716 950.05524 21759.863 -31989.6 2452.76 -34442.3 376.40931
6.1 248.40982 361.45829 21890.248 -32175.5 2227.53 -34403 377.10041
6.11 278.22408 344.53706 21911.39 -31948.1 2494.88 -34443 377.99535
6.12 258.43397 410.34783 21878.048 -32154.2 2317.42 -34471.6 377.07631
6.13 271.03615 154.27235 21935.148 -32041.9 2430.42 -34472.4 377.19123
6.14 259.52247 94.456088 21932.294 -32308.6 2327.18 -34635.8 376.19517
6.15 266.95095 -178.77881 22031.77 -32090.4 2393.79 -34484.2 377.62409
6.16 269.67878 -265.81959 22055.168 -32130.9 2418.25 -34549.2 378.22117
6.17 267.3065 -267.28199 22083.351 -32109.7 2396.98 -34506.6 379.74365
6.18 267.18041 -829.54502 22236.18 -32222.4 2395.85 -34618.3 381.10357
6.19 283.3833 -411.3452 22132.876 -31965.6 2541.14 -34506.8 380.2617
6.2 268.36005 -258.23997 22035.098 -32121.2 2406.43 -34527.6 378.52171
6.21 274.70296 -77.218613 22017.359 -31986.1 2463.31 -34449.4 378.17725
6.22 260.97762 272.55132 21917.409 -32161.6 2340.23 -34501.8 377.10361
6.23 277.92449 353.34077 21906.669 -32002.7 2492.19 -34494.9 377.1664
6.24 259.37682 188.0067 21929.043 -32064.8 2325.87 -34390.7 377.46576
6.25 265.62856 169.08016 21974.356 -32075.1 2381.93 -34457 378.16953
6.26 264.31982 99.455529 21908.696 -32071.6 2370.2 -34441.8 377.97271
6.27 254.7092 -181.40367 22017.796 -32221.8 2284.02 -34505.8 379.07642
6.28 258.71556 -459.74623 22097.947 -32039.9 2319.94 -34359.8 379.06966
6.29 275.98778 -211.70471 22072.321 -31938.6 2474.83 -34413.4 378.2871
6.3 267.66502 -860.68374 22203.971 -32110.7 2400.19 -34510.9 379.91553
6.31 269.97685 -44.711159 21998.157 -32227.1 2420.93 -34648 377.91398
6.32 273.8887 129.72473 21966.436 -32070.3 2456 -34526.3 378.30842
6.33 271.3976 831.43718 21755.63 -32155.9 2433.67 -34589.6 376.23532
6.34 274.66637 401.83085 21890.297 -32079.3 2462.98 -34542.3 377.33739
6.35 258.35691 116.38826 21985.467 -32088.3 2316.73 -34405.1 378.53605
6.36 279.17442 397.09952 21890.831 -31997.8 2503.4 -34501.2 377.1176
6.37 266.18193 134.98063 21955.149 -32119 2386.9 -34505.9 377.66093
6.38 260.48428 989.83503 21754.025 -32191.4 2335.8 -34527.2 375.79201
6.39 265.59542 317.71662 21944.435 -32078.3 2381.64 -34460 377.18687
6.4 261.16846 262.23204 21952.008 -32079.5 2341.94 -34421.5 377.41832
6.41 270.67987 51.032149 21971.852 -32174.8 2427.23 -34602.1 378.37075
6.42 282.00636 511.33565 21844.849 -32033.2 2528.8 -34562 376.11348
6.43 262.52163 232.15513 21904.628 -32190.4 2354.07 -34544.5 377.12581
6.44 269.76575 137.91456 21963.177 -32086.4 2419.03 -34505.4 377.83687
6.45 280.44946 546.87438 21857.412 -32154.8 2514.83 -34669.7 377.35046
6.46 276.68205 68.629882 22010.477 -32091.8 2481.05 -34572.8 378.23768
6.47 256.50619 -205.11907 22003.253 -32235.4 2300.13 -34535.5 378.65134
6.48 286.30499 -297.09024 22065.94 -31889.4 2567.34 -34456.8 378.8515
6.49 255.9199 -789.32341 22232.923 -32111.3 2294.87 -34406.2 380.96041
6.5 262.16546 -474.18768 22115.517 -32138.1 2350.88 -34489 379.37953
6.51 261.32706 -183.02016 22060.585 -32177.3 2343.36 -34520.7 378.13655
6.52 278.64655 -526.02006 22170.485 -32003.4 2498.67 -34502.1 379.94618
6.53 268.3984 -260.40518 22067.602 -32186.1 2406.77 -34592.9 379.14553
6.54 268.50916 -90.744684 22021.923 -32035.9 2407.76 -34443.6 378.6398
6.55 273.89233 -48.849218 21984.956 -32062.7 2456.04 -34518.8 377.88956
6.56 267.07483 614.81777 21815.453 -32292.9 2394.9 -34687.8 376.36653
6.57 272.17248 406.77708 21911.137 -32078 2440.61 -34518.6 377.90798
6.58 258.79744 120.92704 21919.684 -32246.3 2320.68 -34567 377.1221
6.59 259.3609 106.84046 21949.772 -32027.4 2325.73 -34353.2 378.17323
6.6 263.97473 150.57977 21928.596 -32203.4 2367.1 -34570.5 377.16729
6.61 263.56676 77.232147 21955.84 -32082.8 2363.45 -34446.2 377.64787
6.62 268.59852 124.86099 21940.553 -32338.5 2408.57 -34747.1 377.59105
6.63 275.08038 -118.96789 22045.898 -31962.2 2466.69 -34428.9 377.74023
6.64 266.81992 -401.11366 22096.318 -32089 2392.62 -34481.6 379.60017
6.65 266.99368 -74.157564 21998.552 -32244.6 2394.17 -34638.8 378.55252
6.66 258.24002 -688.80034 22157.238 -32156.9 2315.68 -34472.6 379.45886
6.67 269.83108 -387.41908 22098.089 -32133.9 2419.62 -34553.5 379.05363
6.68 266.79524 -243.81821 22080.096 -32245.8 2392.4 -34638.2 378.78129
6.69 265.69383 -160.65428 22030.523 -32046.2 2382.52 -34428.7 378.63402
6.7 260.06706 -669.3906 22176.248 -32246.6 2332.06 -34578.7 380.03587
6.71 274.86839 -420.80663 22126.675 -32023.9 2464.79 -34488.7 379.18016
6.72 275.47476 -34.352514 22002.21 -32185.6 2470.23 -34655.9 377.95538
6.73 280.69206 -637.31886 22194.008 -31836.8 2517.01 -34353.8 380.74326
6.74 272.83191 -425.36901 22075.227 -32166.7 2446.53 -34613.2 378.92806
6.75 272.57912 -304.21153 22067.458 -32128.5 2444.26 -34572.7 379.48183
6.76 275.22837 137.25765 21921.606 -32292.3 2468.02 -34760.3 377.27854
6.77 265.46611 161.1089 21940.056 -32034.1 2380.48 -34414.6 377.7016
6.78 262.87986 643.21699 21796.691 -32155.3 2357.29 -34512.6 375.60719
6.79 266.4722 173.44613 21905.793 -32113.4 2389.5 -34502.9 377.25014
6.8 266.90289 223.81222 21906.62 -32251.8 2393.36 -34645.2 377.05132
6.81 278.93783 302.45641 21938.848 -31985.8 2501.28 -34487.1 377.42129
6.82 259.93605 611.86366 21840.353 -32212.6 2330.89 -34543.5 376.72429
6.83 258.2599 91.863147 21982.25 -32038.2 2315.86 -34354.1 378.61903
6.84 249.14443 408.26027 21852.063 -32334.2 2234.12 -34568.3 376.65899
6.85 273.29097 94.05315 21930.389 -32131.9 2450.64 -34582.6 377.16242
6.86 288.99502 -12.302815 22028.153 -31851 2591.46 -34442.4 378.38641
6.87 256.52699 56.159202 21974.781 -32142.5 2300.32 -34442.8 377.64334
6.88 266.18821 -169.66533 22074.659 -31965.1 2386.95 -34352 378.77975
6.89 267.12379 -284.50482 22068.547 -32119.6 2395.34 -34514.9 379.04375
6.9 265.5522 -307.98764 22101.46 -32036.1 2381.25 -34417.4 379.09549
6.91 270.15249 -1186.8291 22311.344 -32191 2422.5 -34613.5 380.69741
6.92 273.49479 -249.96549 22079.424 -32059.8 2452.47 -34512.3 378.30858
6.93 263.24356 86.067154 21950.059 -32211.3 2360.55 -34571.8 377.21915
6.94 264.25117 398.3552 21897.973 -32039.5 2369.58 -34409 377.00822
6.95 265.32065 392.6823 21877.37 -32100.9 2379.17 -34480 377.87316
6.96 261.21322 54.497267 21966.555 -32110.6 2342.34 -34452.9 378.3605
6.97 256.85488 525.81355 21825.67 -32385.1 2303.26 -34688.3 377.2415
6.98 268.66128 -174.15727 22017.997 -32056 2409.13 -34465.2 378.17419
6.99 257.92239 -180.85395 22027.032 -32247.4 2312.83 -34560.3 378.81949
7 284.88155 -761.48057 22195.89 -32047.8 2554.58 -34602.4 380.1878
7.01 277.96535 -346.12699 22088.901 -32104.1 2492.56 -34596.7 378.72496
7.02 265.15298 -579.3211 22134.303 -32130.6 2377.67 -34508.3 379.96202
7.03 282.62916 -109.16252 22043.525 -31980.5 2534.38 -34514.9 378.18151
7.04 265.44225 561.26816 21818.358 -32238.3 2380.26 -34618.6 376.38214
7.05 267.06146 248.7651 21906.19 -32110.2 2394.78 -34505 376.82315
7.06 266.59782 309.42294 21912.565 -32145.1 2390.63 -34535.7 377.29514
7.07 262.60504 83.105486 21954.352 -32095.4 2354.82 -34450.2 377.63333
7.08 267.82467 -30.558601 22011.211 -32187 2401.63 -34588.6 378.77635
7.09 269.63669 -206.85673 22061.807 -32103.3 2417.88 -34521.2 379.35077
7.1 260.86243 -426.90617 22137.254 -32149.7 2339.19 -34488.9 380.90481
7.11 257.01985 -561.87024 22138.26 -32290.9 2304.74 -34595.7 380.33815
7.12 266.13053 -305.98217 22068.673 -32026.2 2386.43 -34412.6 378.98806
7.13 265.23197 -563.89944 22103.712 -32083.8 2378.38 -34462.2 378.63262
7.14 282.71283 -26.296162 22040.649 -31985.2 2535.13 -34520.4 378.98746
7.15 266.33506 -16.449925 22007.21 -32113.3 2388.27 -34501.6 377.94043
7.16 278.0861 -23.638755 22011.957 -31961.8 2493.64 -34455.4 377.56581
7.17 262.38321 -210.53068 22011.411 -32214.9 2352.83 -34567.7 377.61384
7.18 261.08512 -297.612 22049.925 -32111.4 2341.19 -34452.6 378.79786
7.19 266.30594 22.739628 22006.586 -32073.6 2388.01 -34461.6 378.12314
7.2 266.88003 604.19213 21861.479 -32001.9 2393.16 -34395 376.87071
7.21 261.46752 116.00827 21942.793 -32121.2 2344.62 -34465.8 377.31799
7.22 264.74853 221.64247 21921.19 -32183.4 2374.04 -34557.5 377.25668
7.23 281.74082 59.651764 21997.556 -32046.1 2526.41 -34572.5 377.99211
7.24 280.4436 -400.68092 22120.715 -31946.4 2514.78 -34461.2 378.58566
7.25 273.6697 -170.61419 22019.731 -32170.7 2454.04 -34624.8 378.606
7.26 260.25205 -457.49933 22131.163 -32080 2333.72 -34413.7 379.91725
7.27 276.62732 69.89364 21990.742 -32164.6 2480.56 -34645.1 378.11236
7.28 271.45452 9.3135394 21995.283 -32053.4 2434.18 -34487.6 378.1947
7.29 267.83474 -108.78511 22016.062 -32229.5 2401.72 -34631.3 378.38792
7.3 268.04329 -719.67672 22194.878 -32142.7 2403.59 -34546.3 379.59138
7.31 250.19755 -201.58275 22049.276 -32266.4 2243.56 -34510 378.78977
7.32 266.44216 -260.97071 22034.309 -32126.1 2389.23 -34515.3 378.56993
7.33 277.76883 319.98541 21912.29 -32091.4 2490.8 -34582.2 378.26826
7.34 265.28752 89.53364 21963.535 -32220.2 2378.88 -34599.1 378.56638
7.35 271.42357 427.97384 21887.09 -32062.7 2433.9 -34496.6 377.44992
7.36 255.91421 82.501372 21968.659 -32076.2 2294.82 -34371 377.19287
7.37 262.80191 486.82654 21844.758 -32251.2 2356.59 -34607.8 376.02707
7.38 266.00338 447.73105 21862.509 -32138.8 2385.29 -34524.1 376.37226
7.39 271.08523 741.28369 21776.458 -32212.8 2430.86 -34643.7 375.21943
7.4 275.28017 349.83228 21874.373 -32167.1 2468.48 -34635.6 377.05887
7.41 262.6233 52.701505 21937.899 -32143.1 2354.98 -34498.1 377.80979
7.42 272.97629 97.491573 21938.017 -32257.8 2447.82 -34705.6 377.41653
7.43 273.16803 101.51333 21974.932 -31880.7 2449.54 -34330.2 378.48671
7.44 271.49449 88.695742 21996.86 -32164.7 2434.53 -34599.2 378.05676
7.45 274.32662 -347.26549 22085.009 -32059.3 2459.93 -34519.2 378.92195
7.46 264.63351 -82.969729 22005.52 -32298.1 2373.01 -34671.1 378.39733
7.47 271.33423 296.00941 21911.333 -32057.3 2433.1 -34490.4 377.96328
7.48 270.20771 198.4619 21930.939 -32196.5 2423 -34619.5 378.09504
7.49 264.33495 239.37804 21941.9 -31938.8 2370.33 -34309.2 377.30076
7.5 261.17612 -102.4619 21998.467 -32128.8 2342.01 -34470.8 377.24599
7.51 272.30313 48.904457 21981.721 -32060.8 2441.79 -34502.6 377.66815
7.52 272.1196 371.15365 21911.667 -32010 2440.14 -34450.1 377.20907
7.53 264.51515 141.1421 21973.003 -32268.4 2371.95 -34640.3 378.11629
7.54 262.51767 242.05591 21925.152 -32003.3 2354.04 -34357.4 377.50893
7.55 266.5098 -72.438807 22001.379 -32145.1 2389.84 -34534.9 378.84398
7.56 277.46554 -265.93765 22091.253 -31836.3 2488.08 -34324.4 379.70911
7.57 259.93213 -291.20767 22076.927 -32148.6 2330.85 -34479.4 379.19546
7.58 259.06064 -566.95206 22161.368 -32013.1 2323.04 -34336.1 379.7398
7.59 257.62945 -398.77525 22081.917 -32214.7 2310.2 -34524.9 379.18306
7.6 275.69779 -408.1029 22101.862 -32089.1 2472.23 -34561.3 379.26993
7.61 256.48092 -489.49968 22094.926 -32285.7 2299.91 -34585.7 378.43231
7.62 274.65375 -116.60161 22047.076 -32028.9 2462.86 -34491.7 378.77974
7.63 282.49147 176.22335 21958.051 -32070.8 2533.15 -34603.9 378.42406
7.64 272.86648 -54.084683 22008.929 -32037.9 2446.84 -34484.8 379.14738
7.65 257.02458 -695.27329 22169.274 -32079.7 2304.78 -34384.5 380.20546
7.66 266.49585 1.7778591 21998.684 -32188.6 2389.71 -34578.3 379.25035
7.67 275.53573 -89.363228 22023.036 -31893.7 2470.77 -34364.5 378.72494
7.68 275.44668 -132.37465 22024.3 -32136.3 2469.97 -34606.3 378.71759
7.69 269.18884 -158.8473 22053.922 -32079.3 2413.86 -34493.1 378.99659
7.7 271.63956 95.680402 21975.51 -32057 2435.84 -34492.8 377.52189
7.71 267.20082 565.13945 21801.899 -32338 2396.03 -34734 375.70154
7.72 278.74745 250.9931 21945.871 -32080 2499.57 -34579.6 377.29702
7.73 267.50203 275.38629 21924.737 -32098.2 2398.73 -34497 377.25586
7.74 270.21176 41.382785 21999.318 -31903.8 2423.03 -34326.8 377.92053
7.75 267.26426 284.92177 21896.227 -32018.1 2396.6 -34414.7 376.61767
7.76 253.21774 242.125 21909.28 -32355.3 2270.64 -34625.9 377.44294
7.77 275.21628 15.337787 22006.852 -32097.8 2467.91 -34565.7 378.42176
7.78 264.24738 -179.58831 22049.728 -32262.7 2369.55 -34632.2 379.48232
7.79 272.92117 -88.148963 22016.199 -32000.4 2447.33 -34447.8 378.83965
7.8 261.43318 -323.08793 22023.312 -32154.6 2344.31 -34498.9 378.19317
7.81 273.80786 -393.21283 22113.952 -31987.7 2455.28 -34442.9 379.51152
7.82 267.30204 -157.14365 22018.172 -32168.4 2396.94 -34565.3 378.07864
7.83 273.21683 -591.33549 22146.177 -32215.6 2449.98 -34665.6 378.7745
7.84 256.39584 -408.10388 22075.244 -32285.4 2299.14 -34584.6 378.53508
7.85 268.78203 -571.42326 22135.847 -32015.3 2410.21 -34425.5 379.11968
7.86 259.965 -121.91783 22009.685 -32253.6 2331.15 -34584.8 377.74233
7.87 270.34954 297.14016 21908.745 -32062.7 2424.27 -34487 377.43794
7.88 256.7173 -25.362116 21950.202 -32208.4 2302.02 -34510.4 378.6656
7.89 258.79043 199.65402 21949.348 -32078 2320.61 -34398.6 378.2466
7.9 265.43574 366.13445 21888.739 -32083.5 2380.2 -34463.7 376.80279
7.91 291.0546 837.19431 21792.193 -32128.1 2609.93 -34738 376.26675
7.92 259.72933 249.97426 21908.969 -32366 2329.03 -34695 377.33122
7.93 269.51716 439.48596 21867.015 -32089.4 2416.8 -34506.2 376.90783
7.94 260.19062 634.62763 21797.809 -32351.5 2333.17 -34684.7 375.70891
7.95 259.74708 496.76242 21804.047 -32162.1 2329.19 -34491.3 375.50283
7.96 276.78952 112.03272 21957.725 -31922.6 2482.02 -34404.6 377.53086
7.97 257.71514 24.084136 21979.033 -32146.5 2310.97 -34457.5 378.12377
7.98 294.38246 -489.79244 22176.862 -31691.4 2639.77 -34331.1 379.95132
7.99 253.39651 -327.05681 22064.092 -32111 2272.25 -34383.2 379.04637
8 275.44449 -55.412604 22029.809 -31968.7 2469.95 -34438.6 378.22528
8.01 262.81456 -631.59266 22155.813 -32142.6 2356.7 -34499.3 379.78603
8.02 275.8275 -316.54114 22055.801 -32007.5 2473.39 -34480.9 378.36581
8.03 260.08361 -495.21046 22137.604 -32205.6 2332.21 -34537.8 379.07039
8.04 261.43733 -238.73677 22035.84 -32115.5 2344.35 -34459.8 378.63041
8.05 269.08969 -394.4552 22116.913 -32038.5 2412.97 -34451.5 379.44703
8.06 256.95498 -229.72205 21992.704 -32335.2 2304.16 -34639.4 377.68751
8.07 279.87224 213.84817 21933.466 -32092.2 2509.66 -34601.8 376.96381
8.08 263.55437 238.81811 21935.537 -32280.5 2363.33 -34643.8 376.92595
8.09 277.25755 -71.5537 21984.335 -31989.9 2486.21 -34476.1 377.47168
8.1 263.01262 50.11617 21940.012 -32355.1 2358.48 -34713.6 377.97672
8.11 281.17394 -150.66346 22040.261 -32008.6 2521.33 -34529.9 378.88475
8.12 260.84222 393.10272 21856.125 -32172.1 2339.01 -34511.2 376.45131
8.13 277.46504 457.09749 21879.362 -32073 2488.07 -34561.1 377.56484
8.14 273.66528 266.98532 21913.78 -32040.3 2454 -34494.3 377.62296
8.15 265.96376 483.43283 21822.832 -32213.8 2384.94 -34598.8 376.47538
8.16 269.16012 60.912556 21964.569 -32093.8 2413.6 -34507.4 376.93606
8.17 264.60024 -471.99776 22084.024 -32226.9 2372.71 -34599.6 378.71008
8.18 272.02127 -375.22496 22081.375 -32131 2439.26 -34570.3 379.03938
8.19 263.50773 -683.37128 22155.758 -32184.2 2362.92 -34547.1 379.64215
8.2 283.41239 -486.50298 22149.385 -31982.7 2541.4 -34524.1 380.52767
8.21 264.64954 -173.66443 22019.029 -32124.8 2373.15 -34497.9 378.7357
8.22 264.64866 -121.84555 22031.124 -32241.2 2373.15 -34614.4 378.93775
8.23 276.27286 311.50792 21901.289 -32068.9 2477.38 -34546.2 377.06932
8.24 257.65863 235.44105 21912.258 -32282.1 2310.47 -34592.6 377.256
8.25 265.47866 352.08438 21909.502 -32123.8 2380.59 -34504.4 377.07235
8.26 264.54608 1595.6695 21555.511 -32177.8 2372.23 -34550 373.30058
8.27 276.44257 427.07027 21908.13 -32057 2478.9 -34535.9 378.08091
8.28 265.69179 210.43804 21931.258 -32207.7 2382.5 -34590.2 378.11669
8.29 276.66515 157.27362 21976.714 -32058.9 2480.9 -34539.8 377.33131
8.3 264.27914 25.626287 21959.694 -32124 2369.83 -34493.9 377.64979
8.31 266.88728 97.436247 21965.791 -32062 2393.22 -34455.3 377.10052
8.32 273.23675 -148.24113 22036.484 -32008.4 2450.16 -34458.5 377.89463
8.33 255.50521 -188.74882 22012.458 -32353.4 2291.16 -34644.6 377.94359
8.34 267.98632 -340.06427 22094.62 -32005.6 2403.08 -34408.6 379.43433
8.35 262.76136 -173.98791 22022.024 -32277.3 2356.22 -34633.6 378.79564
8.36 268.36501 -746.82042 22200.021 -32109.2 2406.47 -34515.6 380.87645
8.37 260.12838 -204.33355 22014.782 -32223 2332.61 -34555.6 378.99935
8.38 272.73873 -623.15772 22167.53 -32008.5 2445.69 -34454.2 379.94501
8.39 273.11606 -103.50979 22004.588 -32013.8 2449.08 -34462.9 377.88581
8.4 271.38568 -67.149476 22003.559 -32098.2 2433.56 -34531.8 377.80239
8.41 278.28873 -22.971868 22011.362 -32048 2495.46 -34543.5 378.18623
8.42 276.24655 237.67456 21958.869 -31995.3 2477.15 -34472.5 377.85695
8.43 267.22777 86.64549 21937.46 -32172.9 2396.27 -34569.1 377.4511
8.44 291.61889 617.58402 21843.992 -31946.9 2614.99 -34561.9 376.37956
8.45 255.59162 203.18079 21906.832 -32236.6 2291.93 -34528.5 377.31608
8.46 262.13954 394.63399 21898.149 -32076.5 2350.65 -34427.1 376.95077
8.47 266.78566 180.95012 21963.262 -32180.3 2392.31 -34572.6 377.95521
8.48 274.83622 202.1431 21984.456 -31987.8 2464.5 -34452.3 377.2084
8.49 266.24733 151.97165 21943.044 -32231.3 2387.48 -34618.8 377.70208
8.5 274.74745 76.145353 21960.788 -32091.6 2463.7 -34555.4 377.62668
8.51 269.74285 198.1449 21947.614 -32120.8 2418.83 -34539.7 377.59999
8.52 267.82793 -172.16836 22001.968 -32132 2401.66 -34533.6 377.81169
8.53 285.71975 419.5419 21907.888 -31826.4 2562.09 -34388.5 377.19606
8.54 266.25067 -16.348889 22001.234 -32140.8 2387.51 -34528.3 378.62202
8.55 271.94843 -353.70466 22105.055 -31978.9 2438.6 -34417.5 378.7806
8.56 259.49612 -227.4257 22042.161 -32246.6 2326.94 -34573.5 379.00106
8.57 270.42575 -355.02478 22118.181 -31983.8 2424.95 -34408.7 379.4531
8.58 262.11102 -906.3838 22259.559 -32207.6 2350.39 -34558 380.97
8.59 275.39075 -539.60763 22158.231 -31997.9 2469.47 -34467.4 379.73491
8.6 258.69873 5.6476085 22012.352 -32175.9 2319.79 -34495.7 378.18641
8.61 279.87869 -379.86861 22083.827 -31946 2509.72 -34455.7 379.86947
8.62 266.09201 -266.28776 22058.627 -32080.8 2386.09 -34466.9 378.41278
8.63 268.36952 140.31169 21998.966 -32031.5 2406.51 -34438.1 377.81034
8.64 260.2055 524.83218 21835.215 -32264.2 2333.3 -34597.5 376.339
8.65 265.08746 887.45134 21743.319 -32127.2 2377.08 -34504.3 376.44709
8.66 277.0144 346.14774 21884.538 -32153.9 2484.03 -34638 377.22475
8.67 285.45576 479.28279 21915.563 -31835.8 2559.73 -34395.5 377.52882
8.68 262.10583 684.07953 21793.799 -32174.1 2350.34 -34524.5 376.18631
8.69 278.44311 524.58195 21858.818 -31983.3 2496.84 -34480.2 377.65561
8.7 256.34298 352.17854 21866.856 -32226.2 2298.67 -34524.9 376.60096
8.71 264.03366 -31.736307 22002.321 -32099.5 2367.63 -34467.1 378.49557
8.72 250.41265 -455.77201 22085.412 -32488.8 2245.49 -34734.3 378.5975
8.73 274.25047 -88.342954 22040.321 -32078.2 2459.25 -34537.5 379.19415
8.74 267.61996 -446.92003 22096.763 -32277.2 2399.79 -34677 378.80468
8.75 273.73312 -842.38908 22237.595 -32034.3 2454.61 -34488.9 380.48138
8.76 270.27774 -730.96254 22206.223 -32190.1 2423.62 -34613.7 379.74151
8.77 251.76425 -156.37786 22001.579 -32274.2 2257.61 -34531.9 377.62729
8.78 269.36762 41.935234 21985.155 -32080.4 2415.46 -34495.9 377.87499
8.79 249.5944 373.84245 21873.253 -32364.3 2238.15 -34602.5 376.21101
8.8 272.41076 137.90635 21969.639 -32074.6 2442.75 -34517.3 378.02054
8.81 269.04004 -96.055787 21985.827 -32201.5 2412.52 -34614.1 377.84804
8.82 255.2947 -410.62791 22095.129 -32118.5 2289.27 -34407.8 378.9838
8.83 268.59617 -16.913356 21997.216 -32273.5 2408.54 -34682 378.02834
8.84 275.4152 225.793 21933.199 -32139.3 2469.69 -34609 377.67582
8.85 258.01407 87.600783 21959.794 -32156.7 2313.65 -34470.4 377.62539
8.86 250.73552 650.82964 21819.943 -32293.8 2248.39 -34542.2 375.98508
8.87 267.80769 317.88442 21909.859 -32093.5 2401.47 -34495 377.06624
8.88 260.33205 151.48145 21963.808 -32196.1 2334.44 -34530.6 378.18486
8.89 272.06434 -186.79169 22014.27 -31973.4 2439.64 -34413 379.21525
8.9 269.42821 -389.29994 22127.676 -31992.8 2416.01 -34408.8 380.15828
8.91 263.47357 -577.45332 22143.995 -32139.1 2362.61 -34501.7 380.70253
8.92 278.64158 -179.91392 22021.284 -32038.5 2498.62 -34537.1 378.19818
8.93 258.07798 -317.3794 22076.363 -32295 2314.23 -34609.3 378.3498
8.94 267.67414 -0.66524027 22022.06 -32052.9 2400.28 -34453.1 378.40136
8.95 282.87041 -3.6479835 21972.81 -31896.9 2536.54 -34433.5 379.03843
8.96 274.52316 -78.764972 21995.188 -32147.3 2461.69 -34609 378.30446
8.97 273.48574 177.91737 21948.765 -31960.9 2452.39 -34413.3 377.74823
8.98 265.75786 653.00014 21799.195 -32095.2 2383.09 -34478.2 375.57538
8.99 275.40562 352.93311 21864.706 -32154.3 2469.61 -34623.9 376.88263
9 271.80383 94.436179 21950.051 -32170.5 2437.31 -34607.8 377.27364
9.01 266.09614 105.53917 21982.408 -32029.8 2386.13 -34416 378.22958
9.02 257.24294 2.584978 21994.113 -32356.4 2306.74 -34663.1 378.33517
9.03 263.69156 -607.65749 22123.941 -32052.5 2364.56 -34417.1 379.58327
9.04 269.82034 -284.19481 22046.463 -32123.8 2419.52 -34543.3 379.57967
9.05 264.56198 -56.623335 22004.143 -32117.9 2372.37 -34490.2 378.26663
9.06 285.78054 -212.20166 22050.531 -31914 2562.64 -34476.6 378.44887
9.07 256.51686 -205.94165 22054.662 -32135 2300.23 -34435.3 378.35357
9.08 252.85884 -554.94753 22143.074 -32207.5 2267.43 -34475 380.12706
9.09 275.38803 -45.556456 22035.256 -32016.9 2469.45 -34486.4 378.71669
9.1 268.43345 651.72549 21804.885 -32223.6 2407.09 -34630.7 376.03391
9.11 262.401 -33.404211 21984.033 -32098.3 2352.99 -34451.3 377.53645
9.12 264.04019 -145.56678 22013.355 -32180.3 2367.69 -34548 378.28623
9.13 275.27425 -214.30208 22079.558 -32045.5 2468.43 -34514 379.122
9.14 267.87764 -1049.0447 22270.262 -32132 2402.1 -34534.1 381.0462
9.15 261.87907 -580.10308 22134.124 -32260.5 2348.31 -34608.8 379.64398
9.16 275.7953 -29.124348 22028.19 -32080.3 2473.1 -34553.4 378.22007
9.17 267.37079 139.23498 21989.617 -32029.9 2397.56 -34427.5 378.29995
9.18 276.50449 111.2274 21985.289 -32117.4 2479.46 -34596.9 377.92234
9.19 277.82799 464.85943 21885.616 -32150 2491.33 -34641.3 377.01716
9.2 265.29275 250.95887 21955.033 -31983.3 2378.92 -34362.2 378.16336
9.21 263.96477 376.39497 21852.149 -32223.7 2367.01 -34590.7 376.11953
9.22 281.17192 840.89104 21819.505 -31950.9 2521.31 -34472.3 376.06745
9.23 282.18837 265.02519 21944.773 -32117.2 2530.43 -34647.7 377.16799
9.24 260.28735 -91.972322 21982.886 -32069.3 2334.04 -34403.3 377.67039
9.25 266.74997 -451.01381 22107.165 -32115.9 2391.99 -34507.9 379.13535
9.26 273.92312 -287.5894 22065.561 -32033.7 2456.31 -34490.1 378.80205
9.27 264.77926 -540.00099 22179.245 -32071.3 2374.32 -34445.6 380.48653
9.28 262.91224 -465.88582 22125.571 -32009.6 2357.58 -34367.2 379.2866
9.29 266.88003 -414.54655 22081.349 -32249.2 2393.16 -34642.4 378.55636
9.3 274.00228 -372.28149 22083.825 -32035.5 2457.02 -34492.5 378.91902
9.31 252.55861 -128.1424 21989.768 -32311.8 2264.73 -34576.6 378.08466
9.32 275.65861 -184.17092 22058.891 -31986.3 2471.87 -34458.2 378.6784
9.33 264.75163 -219.71488 22019.241 -32152 2374.07 -34526.1 378.9061
9.34 281.34228 213.38962 21961.417 -32034.3 2522.84 -34557.1 377.80459
9.35 273.20857 113.06072 21966.961 -31985.3 2449.9 -34435.2 377.71261
9.36 274.79131 106.22089 21939.619 -32047.1 2464.1 -34511.2 377.24915
9.37 272.19723 370.625 21895.225 -32118.1 2440.84 -34559 377.51349
9.38 276.30572 408.05272 21898.904 -31971.8 2477.68 -34449.5 377.45154
9.39 260.34871 384.0694 21873.618 -32095.2 2334.59 -34429.8 377.09985
9.4 266.90736 213.80908 21935.779 -32034.7 2393.4 -34428.1 377.26446
9.41 253.12058 -87.460283 21999.953 -32143.9 2269.77 -34413.7 378.05175
9.42 272.924 -167.93514 22067.866 -32086.4 2447.35 -34533.8 379.28054
9.43 249.34395 -841.27953 22222.043 -32244.3 2235.91 -34480.2 381.33662
9.44 252.11696 -117.88098 22032.982 -32050.2 2260.77 -34311 378.86617
9.45 268.31071 -730.6544 22195.102 -31944.4 2405.98 -34350.4 380.77709
9.46 252.44389 -41.399567 22013.625 -32185.7 2263.7 -34449.4 378.81072
9.47 275.93979 -275.04813 22054.404 -31995.7 2474.4 -34470.1 379.13109
9.48 259.6142 3.2331858 21975.455 -32230.8 2328 -34558.8 377.5943
9.49 273.85183 -578.72295 22184.973 -32079.5 2455.67 -34535.1 379.78465
9.5 269.87155 -185.16519 22052.561 -32255.6 2419.98 -34675.6 378.6669
9.51 254.74244 -149.35897 22045.793 -32082.2 2284.32 -34366.5 379.03149
9.52 268.13381 72.190783 21984.278 -32024.8 2404.4 -34429.2 378.75109
9.53 271.03831 238.95698 21953.2 -32106.5 2430.44 -34536.9 377.61719
9.54 255.74514 194.78001 21923.241 -32202.1 2293.31 -34495.4 376.76824
9.55 261.64434 723.35363 21793.79 -32285.9 2346.21 -34632.1 375.66334
9.56 265.27425 802.42486 21744.307 -32226.9 2378.76 -34605.6 375.61917
9.57 274.21508 445.88172 21869.014 -31999.6 2458.93 -34458.5 375.96905
9.58 268.57259 329.04872 21945.596 -32105.1 2408.33 -34513.4 378.13851
9.59 274.55055 544.83048 21832.253 -32126.7 2461.94 -34588.7 376.40306
9.6 266.75598 522.8829 21855.271 -32205.1 2392.04 -34597.1 377.15895
9.61 275.76114 74.422307 21997.873 -31974.9 2472.79 -34447.7 379.02539
9.62 264.90164 -162.35107 22047.051 -32129.1 2375.42 -34504.5 379.56877
9.63 271.43869 -474.28843 22106.149 -31993.6 2434.03 -34427.6 379.56454
9.64 263.15403 -891.08136 22234.04 -32099.3 2359.74 -34459 380.30779
9.65 251.90554 -479.93779 22111.388 -32271.8 2258.88 -34530.7 379.04362
9.66 266.3606 -353.66266 22141.524 -32066.7 2388.5 -34455.2 379.32571
9.67 274.57912 -692.76917 22161.545 -32235.4 2462.19 -34697.6 380.05753
9.68 273.91729 46.249886 21969.159 -32142.2 2456.26 -34598.4 377.77278
9.69 286.11888 -0.63061471 22002.069 -31968.8 2565.67 -34534.5 377.92741
9.7 273.53795 -42.99878 22013.449 -32205.6 2452.86 -34658.5 378.33895
9.71 257.54979 242.71772 21941.327 -32330 2309.49 -34639.5 377.71539
9.72 259.34236 10.422173 22018.37 -32101.9 2325.56 -34427.5 378.5096
9.73 265.809 16.190171 21985.278 -32272.3 2383.55 -34655.8 378.01945
9.74 267.04423 209.92648 21931.231 -32202 2394.63 -34596.6 377.25238
9.75 270.9997 96.399136 21944.849 -32170 2430.1 -34600.1 377.40995
9.76 269.8771 248.74675 21918.036 -32121.5 2420.03 -34541.5 377.58628
9.77 273.45101 -48.160414 22001.951 -32045.1 2452.08 -34497.2 377.83355
9.78 268.89877 -327.69804 22084.823 -32273 2411.26 -34684.3 378.75305
9.79 259.46066 -112.38956 22015.866 -32132.3 2326.62 -34458.9 378.05458
9.8 260.15739 -503.03845 22096.529 -32278 2332.87 -34610.9 379.45445
9.81 262.18443 -477.01926 22138.334 -32186.1 2351.05 -34537.2 378.78365
9.82 287.11445 19.447771 22018.343 -31858.7 2574.6 -34433.3 377.92533
9.83 277.93509 317.61044 21903.62 -32218.3 2492.29 -34710.6 376.97546
9.84 265.75253 64.288746 21945.964 -32106.5 2383.05 -34489.6 377.52976
9.85 271.57327 214.31354 21943.145 -32036.9 2435.24 -34472.1 377.78297
9.86 277.25781 120.56847 21964.015 -32010.9 2486.21 -34497.1 378.39194
9.87 269.04325 -109.62117 22021.322 -32173.9 2412.55 -34586.5 379.46765
9.88 268.90489 -495.43873 22178.328 -31834.1 2411.31 -34245.4 380.4905
9.89 269.0712 -27.565263 22022.298 -32206.9 2412.8 -34619.7 378.1387
9.9 272.71043 -581.96029 22184.493 -32035.6 2445.44 -34481 379.54302
9.91 255.53653 -345.22203 22067.441 -32203.2 2291.44 -34494.6 378.20912
9.92 270.99016 -597.60771 22190.233 -32082.8 2430.01 -34512.8 379.91578
9.93 271.31355 -223.81836 22056.962 -32070 2432.91 -34502.9 379.29941
9.94 276.67999 -345.9184 22109.178 -32085.5 2481.03 -34566.5 380.37984
9.95 266.08563 176.25614 21945.416 -32240.5 2386.03 -34626.5 378.15086
9.96 278.45327 391.01759 21896.506 -32027.5 2496.93 -34524.4 377.97686
9.97 269.17362 110.11242 21947.357 -32186.8 2413.72 -34600.6 377.74418
9.98 276.15422 225.29507 21916.448 -31944 2476.32 -34420.3 376.40939
