0 265.95724 -48.58648 46428.54 -63450 5081.55 -68531.6 10.892544
0.01 269.32127 -614.04658 46758.18 -63844 5145.83 -68989.9 21.594434
0.02 272.90042 45.540854 46509.324 -63423.2 5214.22 -68637.4 32.841286
0.03 274.32394 81.155992 46292.695 -63050.4 5241.41 -68291.8 44.682581
0.04 264.90721 672.73301 46002.427 -63549.4 5061.49 -68610.9 56.79933
0.05 268.67986 -144.93895 46610.703 -63172.3 5133.57 -68305.9 67.695335
0.06 264.33122 605.93831 46162.445 -63353.1 5050.49 -68403.6 79.060112
0.07 273.46589 175.84019 46602.627 -63383.1 5225.02 -68608.1 91.102404
0.08 273.91042 -535.5692 46604.909 -62947.4 5233.51 -68180.9 101.63005
0.09 264.93057 -25.551101 46480.636 -63432 5061.94 -68493.9 110.79297
0.1 271.10765 188.86843 46192.661 -62921.5 5179.96 -68101.5 124.61515
0.11 271.22554 26.83985 46514.701 -62609.5 5182.21 -67791.8 133.76626
0.12 268.45444 185.1598 46191.783 -62338 5129.27 -67467.3 146.9431
0.13 267.59074 -88.077877 46430.205 -62674.8 5112.76 -67787.6 157.60809
0.14 275.36164 629.17934 46318.58 -62602.4 5261.24 -67863.6 172.83131
0.15 268.21308 -496.36057 46426.924 -62801.5 5124.66 -67926.1 184.06156
0.16 273.78027 159.01126 46251.566 -62809.1 5231.03 -68040.1 198.16075
0.17 281.55382 646.44269 46259.233 -62695 5379.55 -68074.6 212.64366
0.18 276.17052 -45.431379 46486.722 -62868.3 5276.7 -68145 220.70748
0.19 269.59404 52.333078 46375.101 -63038.9 5151.04 -68190 232.93044
0.2 274.82476 -326.78352 46530.7 -62979.4 5250.98 -68230.4 243.22078
0.21 262.75455 -127.58807 46318.007 -63168.5 5020.36 -68188.8 254.30802
0.22 269.50646 397.74386 46424.632 -62948.7 5149.37 -68098.1 263.8215
0.23 275.58906 116.52881 46335.318 -62951.9 5265.59 -68217.5 276.6309
0.24 270.30079 721.70292 46162.441 -63255.2 5164.55 -68419.8 286.79881
0.25 271.16626 263.05408 46498.034 -62680.5 5181.08 -67861.6 296.4376
0.26 273.95031 -34.617994 46385.245 -62779.7 5234.27 -68014 305.14346
0.27 276.18561 648.26749 46116.173 -62811.6 5276.98 -68088.6 322.02111
0.28 266.3159 751.15328 45857.471 -62897.8 5088.41 -67986.2 336.4497
0.29 272.63224 -328.54708 46209.422 -62739 5209.09 -67948 349.48692
0.3 264.56383 269.96692 46245.031 -63041 5054.93 -68095.9 363.55031
0.31 265.04325 -113.60822 46388.024 -62725.5 5064.09 -67789.6 377.33669
0.32 272.4182 -257.21144 46314.103 -62543.9 5205 -67748.9 390.3863
0.33 273.69312 -19.434792 46294.995 -62583.9 5229.36 -67813.2 401.81093
0.34 268.48153 -65.091056 46516.041 -62188.9 5129.78 -67318.7 420.07218
0.35 277.61102 462.71947 46198.589 -62094.9 5304.22 -67399.1 430.62817
0.36 275.92757 -33.235714 46095.536 -61833 5272.05 -67105.1 444.53503
0.37 274.68866 -202.62053 46588.235 -62142.8 5248.38 -67391.2 463.42477
0.38 271.02537 872.12312 45912.945 -62206 5178.39 -67384.4 472.69125
0.39 274.82129 -143.82101 46229.415 -61800 5250.92 -67050.9 485.71267
0.4 270.10449 6.5900674 46159.855 -61651 5160.79 -66811.8 509.77947
0.41 273.59218 342.01785 46055.413 -61448.1 5227.43 -66675.5 527.54799
0.42 274.69729 -198.2825 45879.549 -61000.5 5248.55 -66249 543.00678
0.43 265.13303 -661.02139 46064.561 -60574.6 5065.81 -65640.4 570.75977
0.44 281.12778 -352.23363 45759.738 -60141.5 5371.41 -65513 598.59155
0.45 263.74299 -276.86099 45760.882 -60278.8 5039.25 -65318 625.36465
0.46 271.52459 70.084985 45564.356 -60489.9 5187.93 -65677.9 655.0128
0.47 273.60054 110.92505 45869.647 -60198.3 5227.59 -65425.9 680.77675
0.48 274.70035 125.49608 45415.799 -60181.5 5248.61 -65430.1 706.71694
0.49 280.8105 -325.91984 46109.714 -59780.4 5365.35 -65145.7 738.73552
0.5 267.04071 -193.06829 46062.623 -60072.9 5102.26 -65175.2 770.8417
0.51 273.95288 -324.58242 45980.592 -60244 5234.32 -65478.3 795.52997
0.52 259.82941 -240.39236 45800.274 -60285.6 4964.47 -65250 830.13839
0.53 279.55876 -8.0296608 45729.617 -59965.5 5341.43 -65306.9 848.83929
0.54 269.64658 85.378393 45778.998 -60303.4 5152.04 -65455.4 881.77115
0.55 269.88731 244.8573 45910.384 -60404.8 5156.64 -65561.4 914.78515
0.56 274.57637 338.03195 45684.369 -60044.4 5246.24 -65290.6 941.30982
0.57 267.76991 -257.3793 45762.905 -60349.7 5116.19 -65465.9 967.67073
0.58 279.24422 -463.94285 45849.102 -60080.9 5335.42 -65416.3 997.24949
0.59 269.48735 -605.65529 45700.126 -60300.3 5149 -65449.3 1017.7597
0.6 269.24103 -249.64515 45792.06 -60009.6 5144.3 -65153.9 1043.3774
0.61 275.76016 111.70146 45633.685 -59984.3 5268.86 -65253.2 1070.2499
0.62 286.48502 406.60515 45622.783 -60058 5473.77 -65531.8 1096.9631
0.63 259.56613 112.33154 45794.316 -60485.4 4959.44 -65444.8 1124.2689
0.64 274.08643 -279.89219 45917.55 -60226.7 5236.88 -65463.6 1143.5516
0.65 272.055 914.458 45411.832 -60242.2 5198.06 -65440.2 1175.1119
0.66 278.4626 308.97181 45693.283 -60214.9 5320.49 -65535.4 1202.4216
0.67 272.62949 -421.83498 45832.215 -59991.8 5209.04 -65200.8 1228.4999
0.68 270.53012 231.98448 45657.473 -60211.7 5168.93 -65380.6 1258.8053
0.69 279.91691 -301.82811 46055.908 -60224.2 5348.28 -65572.5 1292.074
0.7 278.5806 381.95216 45558.734 -60151.2 5322.74 -65473.9 1319.5074
0.71 275.57624 320.04468 45793.944 -60308 5265.34 -65573.3 1352.4184
0.72 273.38522 -355.47332 45889.51 -59968.6 5223.48 -65192.1 1380.9658
0.73 274.61904 -470.08374 46076.189 -60211.8 5247.05 -65458.8 1405.8517
0.74 270.67657 446.41517 45550.141 -60607 5171.72 -65778.7 1417.1198
0.75 275.61895 -425.14586 45931.966 -60243.3 5266.16 -65509.4 1440.5188
0.76 273.78394 237.9894 45938.335 -60080.9 5231.1 -65312 1471.425
0.77 270.69029 332.04705 45462.875 -60306.6 5171.99 -65478.6 1482.247
0.78 273.59152 -426.19474 45715.175 -60248.3 5227.42 -65475.7 1512.1953
0.79 266.83941 243.09631 45589.271 -60402.1 5098.41 -65500.6 1534.8817
0.8 271.26664 -61.775953 45880.856 -60312.4 5183 -65495.4 1577.0979
0.81 270.01002 -362.14852 45960.881 -60251.3 5158.99 -65410.3 1615.9756
0.82 268.24862 -431.65097 45999.933 -60013.6 5125.33 -65138.9 1636.288
0.83 271.52515 -127.21524 45894.841 -60402 5187.94 -65589.9 1657.5139
0.84 268.86861 389.74988 45725.084 -60125 5137.18 -65262.2 1688.0423
0.85 273.37202 -419.70374 45986.649 -59947.3 5223.23 -65170.5 1721.1551
0.86 275.91115 439.33412 45665.349 -60361.2 5271.74 -65633 1743.5732
0.87 271.14799 236.99638 45746.23 -60318.2 5180.73 -65499 1764.9238
0.88 267.24266 -235.44634 45881.608 -60260.1 5106.11 -65366.2 1791.4323
0.89 270.6322 -191.07027 45729.386 -60136.6 5170.88 -65307.5 1809.3622
0.9 268.36922 97.762635 45858.413 -60278.2 5127.64 -65405.9 1847.9198
0.91 264.91593 962.92176 45457.247 -60357.6 5061.66 -65419.2 1854.8809
0.92 278.53875 474.26639 45596.133 -59975.9 5321.94 -65297.8 1894.6979
0.93 287.23912 -58.235954 45682.972 -59997.1 5488.18 -65485.3 1923.1733
0.94 270.31373 -130.71608 46028.935 -60224.2 5164.79 -65389 1950.2513
0.95 271.65526 -54.766828 45850.657 -60182 5190.42 -65372.5 1973.8119
0.96 267.67178 -620.67947 45798.917 -60112.7 5114.31 -65227 1999.7439
0.97 271.37093 460.8557 45363.981 -60127.5 5184.99 -65312.5 2015.2165
0.98 271.23208 335.56773 45589.82 -59773.3 5182.34 -64955.7 2053.2654
0.99 275.11226 391.79742 45651.126 -60069.1 5256.48 -65325.6 2068.9501
1 275.63973 -522.33812 45905.911 -59899.5 5266.55 -65166.1 2101.8394
1.01 258.51818 -708.83677 46111.52 -60365.2 4939.42 -65304.7 2130.2497
1.02 267.84897 -69.370122 45919.126 -60348.2 5117.7 -65465.9 2161.9915
1.03 272.81644 -158.53881 46088.098 -59995.7 5212.61 -65208.3 2210.2131
1.04 265.96129 372.14681 45535.071 -60401.6 5081.63 -65483.2 2224.9007
1.05 267.39375 302.78962 45698.228 -60153.4 5109 -65262.4 2263.0891
1.06 274.71177 -63.094563 45667.769 -59841.6 5248.82 -65090.5 2291.9198
1.07 282.75596 -369.89328 45740.631 -60066.8 5402.52 -65469.3 2318.5218
1.08 267.30677 534.62829 45610.831 -60308.5 5107.34 -65415.8 2341.6725
1.09 274.90904 -655.60829 46023.684 -60099.3 5252.59 -65351.9 2381.0072
1.1 278.6393 117.65072 45720.091 -60303.7 5323.87 -65627.6 2400.9316
1.11 270.80169 297.21832 45635.657 -59963.2 5174.12 -65137.3 2435.1416
1.12 266.88243 -82.859026 45628.08 -60365.7 5099.23 -65464.9 2488.8182
1.13 277.06354 448.48776 45475.153 -60163.9 5293.76 -65457.6 2503.1123
1.14 272.67845 955.21133 45489.512 -60136.1 5209.97 -65346.1 2539.3996
1.15 269.44738 243.40798 45766.246 -60087.5 5148.24 -65235.8 2567.0753
1.16 268.29446 -686.27838 45947.782 -60427.3 5126.21 -65553.5 2597.4863
1.17 281.05491 312.84121 45106.884 -60040 5370.02 -65410 2597.4412
1.18 272.78164 210.22437 45562.396 -60011.4 5211.95 -65223.3 2640.4414
1.19 274.96332 370.04896 45606.75 -60348 5253.63 -65601.6 2664.6026
1.2 274.59529 10.854072 45721.855 -60331.8 5246.6 -65578.4 2704.1699
1.21 274.31227 77.805731 45792.019 -60076.8 5241.19 -65318 2726.6255
1.22 265.41426 103.36778 45726.945 -60252.7 5071.18 -65323.8 2742.4838
1.23 268.9287 286.24735 45888.027 -60253.3 5138.33 -65391.6 2770.643
1.24 264.64982 456.13454 45697.008 -60401.5 5056.57 -65458.1 2775.977
1.25 274.23397 -327.9535 46005.13 -60023.8 5239.69 -65263.5 2836.5385
1.26 273.19281 137.51534 45428.954 -60188.6 5219.8 -65408.4 2835.2589
1.27 266.82327 -278.37024 45879.674 -60340.5 5098.1 -65438.6 2889.3467
1.28 280.78412 291.85683 45441.871 -60089.4 5364.85 -65454.2 2904.7291
1.29 267.05992 644.8529 45461.84 -60364.4 5102.62 -65467 2933.9946
1.3 277.86966 494.42621 45701.077 -60191.5 5309.16 -65500.7 2983.1271
1.31 277.36939 529.09198 45771.517 -60339.3 5299.6 -65638.9 2994.0085
1.32 286.39352 69.693453 45919.258 -59866.4 5472.02 -65338.4 3033.5335
1.33 271.18955 301.5504 45583.939 -60102 5181.53 -65283.5 3070.6145
1.34 267.35216 -468.92033 45981.335 -60403.4 5108.21 -65511.6 3112.2304
1.35 284.75272 17.697184 45691.831 -59927.9 5440.67 -65368.5 3104.6992
1.36 273.26779 575.56826 45635.815 -60151.8 5221.23 -65373 3113.865
1.37 283.68711 471.79616 45486.306 -59961.5 5420.31 -65381.8 3145.2762
1.38 261.3232 -312.23345 45859.193 -60309 4993.01 -65302.1 3194.9409
1.39 280.4569 -404.50835 45881.903 -60034.1 5358.59 -65392.7 3230.915
1.4 269.49567 -67.576793 45802.604 -60237.6 5149.16 -65386.8 3244.2323
1.41 268.77636 151.2683 45631.264 -60340.2 5135.42 -65475.7 3255.2154
1.42 280.85676 123.53172 45693.235 -60177.3 5366.23 -65543.5 3296.9049
1.43 268.51682 -117.56821 45848.665 -60401.6 5130.46 -65532.1 3330.0676
1.44 269.77453 -690.84095 45975.206 -60150.3 5154.49 -65304.8 3362.0827
1.45 262.55034 485.70799 45852.448 -60246 5016.46 -65262.5 3373.4415
1.46 259.27515 -1230.1247 46293.562 -60658.8 4953.88 -65612.7 3410.8297
1.47 277.22828 256.70386 45697.657 -60307.8 5296.91 -65604.8 3397.526
1.48 264.47489 -37.136889 45627.862 -60643.7 5053.23 -65696.9 3412.1768
1.49 270.79564 -206.76169 45788.126 -60309.2 5174 -65483.2 3461.0383
1.5 281.91281 179.18017 45571.824 -60061.5 5386.41 -65447.9 3497.2961
1.51 280.87953 -151.24736 46001.921 -59745.2 5366.67 -65111.8 3544.4395
1.52 260.07642 -176.83644 45532.312 -60286.4 4969.19 -65255.6 3553.4968
1.53 275.25392 415.40965 45448.556 -59970.9 5259.18 -65230.1 3586.5237
1.54 264.53193 615.64326 45241.258 -60407.7 5054.32 -65462 3590.815
1.55 271.40042 -218.84536 45827.49 -60195 5185.56 -65380.5 3646.7975
1.56 282.44035 -133.28507 45908.268 -60146.5 5396.49 -65543 3663.1318
1.57 264.00718 261.22964 45670.793 -60296.6 5044.3 -65340.9 3679.1261
1.58 272.70944 13.837565 45476.596 -60404.8 5210.57 -65615.4 3676.761
1.59 272.73508 -33.50238 45667.385 -60136.6 5211.06 -65347.7 3697.6798
1.6 272.28517 1060.7786 45381.535 -59971.9 5202.46 -65174.4 3705.5904
1.61 263.78628 363.07458 45698.767 -60386.3 5040.07 -65426.3 3757.3731
1.62 270.04273 619.84509 45579.679 -60197.6 5159.61 -65357.2 3794.2934
1.63 282.09179 235.07844 45798.611 -59901.9 5389.83 -65291.8 3837.0371
1.64 272.52829 222.91591 45774.459 -60354.7 5207.11 -65561.8 3861.9085
1.65 280.90733 -146.22586 46111.237 -59924.5 5367.2 -65291.7 3919.9429
1.66 271.64568 282.63831 45304.245 -60330.5 5190.24 -65520.7 3911.6508
1.67 260.94186 6.0068471 45747.034 -60356.5 4985.73 -65342.2 3954.8952
1.68 274.83664 28.99524 45739.064 -59917.3 5251.21 -65168.6 3980.6423
1.69 265.72566 526.29702 45706.521 -60166.2 5077.13 -65243.4 4011.0115
1.7 271.24496 -395.5621 45757.664 -60391.5 5182.58 -65574.1 4029.5886
1.71 270.42031 49.61877 45856.78 -60164.5 5166.83 -65331.4 4058.663
1.72 265.00626 -112.85084 45783.361 -60252.8 5063.38 -65316.2 4085.9456
1.73 261.0518 -295.82847 45920.522 -60329.1 4987.83 -65317 4125.1054
1.74 266.82625 -202.97029 45640.124 -60242.5 5098.16 -65340.6 4143.8955
1.75 276.51344 348.60314 45588.175 -60103.8 5283.25 -65387 4157.8461
1.76 267.07043 -559.46593 46105.608 -60254.1 5102.82 -65357 4206.7221
1.77 262.65642 238.64242 45790.587 -60243 5018.49 -65261.5 4207.1211
1.78 267.45177 -421.20135 46080.336 -60351.5 5110.11 -65461.6 4257.6246
1.79 278.90101 -191.54854 45995.051 -60294.1 5328.87 -65623 4274.8148
1.8 279.81167 339.9395 45452.143 -60297.8 5346.27 -65644.1 4257.4662
1.81 265.97818 381.42178 45703.01 -60237.9 5081.95 -65319.9 4300.6157
1.82 271.08921 -638.71927 46029.748 -60239.9 5179.61 -65419.5 4364.8243
1.83 269.26727 -439.23598 45922.99 -60284.2 5144.8 -65429 4391.2014
1.84 269.00583 444.32943 45787.415 -60106.2 5139.8 -65246 4403.1644
1.85 265.16044 -1022.3393 46201.329 -60323.7 5066.33 -65390 4464.1806
1.86 276.37867 85.945054 45838.074 -59898 5280.67 -65178.6 4451.9259
1.87 266.62054 -56.527767 45660.135 -60186.2 5094.23 -65280.4 4480.1214
1.88 279.60474 -450.7486 46341.155 -59605.7 5342.31 -64948 4565.208
1.89 264.40959 838.38999 45226.504 -60230.2 5051.98 -65282.1 4514.9106
1.9 268.44584 -170.74117 45696.846 -60047.6 5129.1 -65176.7 4587.6537
1.91 276.1575 -337.81061 45800.74 -60175.7 5276.45 -65452.1 4630.2891
1.92 266.43993 -63.883384 45815.451 -60264.8 5090.78 -65355.6 4674.3704
1.93 270.44124 18.473007 45876.75 -59973.5 5167.23 -65140.7 4707.2392
1.94 267.73707 582.08053 45592.556 -60312.8 5115.56 -65428.3 4726.8943
1.95 278.386 -445.41746 45775.955 -59776.8 5319.03 -65095.8 4776.1182
1.96 269.708 5.0970438 45859.906 -60233.4 5153.22 -65386.6 4829.2676
1.97 266.19492 -314.76346 45649.749 -60130.2 5086.1 -65216.3 4831.1088
1.98 275.66575 -71.731219 46024.02 -60191.7 5267.05 -65458.7 4889.4539
1.99 265.05134 -361.0524 45545.732 -60431.9 5064.25 -65496.1 4892.0042
2 271.64278 -78.947084 45772.295 -60300.5 5190.19 -65490.7 4945.2524
2.01 271.5797 116.44769 46105.402 -60300 5188.98 -65488.9 4997.4414
2.02 267.70645 -86.721243 45798.2 -60045.5 5114.98 -65160.5 5010.3647
2.03 264.42523 -466.02479 46005.667 -60341.6 5052.28 -65393.9 5065.0346
2.04 270.66353 581.13159 45629.863 -60067.9 5171.48 -65239.4 5041.394
2.05 267.00614 -1495.0982 46123.032 -60049.1 5101.6 -65150.7 5092.4262
2.06 268.90467 -258.5945 45813.969 -60311.3 5137.87 -65449.2 5095.3338
2.07 271.23175 -606.7562 45953.964 -60147.3 5182.33 -65329.6 5128.9813
2.08 274.08169 -351.20838 45773.375 -60054.6 5236.79 -65291.4 5106.8214
2.09 274.72194 -903.2675 45963.338 -60399.3 5249.02 -65648.3 5157.0369
2.1 278.11034 284.83092 46005.759 -60096.4 5313.76 -65410.2 5181.381
2.11 267.18723 420.87987 45845.584 -60498.3 5105.06 -65603.4 5183.1574
2.12 259.80289 -219.79119 45882.591 -60518.7 4963.96 -65482.6 5234.5775
2.13 273.78041 -365.43622 45367.234 -60340.5 5231.03 -65571.5 5222.7315
2.14 276.86429 49.254569 45803.078 -59970.5 5289.95 -65260.5 5287.3568
2.15 265.88443 716.70063 45439.508 -60303.4 5080.16 -65383.6 5282.0932
2.16 277.97542 -790.644 45825.976 -59879.1 5311.18 -65190.3 5325.7655
2.17 283.16073 -197.58329 46103.193 -59771.6 5410.26 -65181.9 5376.9184
2.18 259.12762 18.618771 45539.974 -60790.4 4951.06 -65741.4 5365.1708
2.19 278.81468 331.80963 45556.804 -60343.5 5327.22 -65670.7 5381.7019
2.2 275.00095 -197.36933 45737.099 -60100.4 5254.35 -65354.8 5410.4766
2.21 271.45636 354.45585 45679.094 -60349.3 5186.62 -65535.9 5436.9927
2.22 269.90363 102.06349 45358.593 -60274.3 5156.96 -65431.2 5433.2276
2.23 275.21173 241.40395 45624.995 -60195.8 5258.38 -65454.2 5496.2701
2.24 276.0191 270.14137 46028.366 -60032.7 5273.8 -65306.5 5587.6429
2.25 268.20802 -156.12189 45772.658 -60229.4 5124.56 -65353.9 5588.6875
2.26 273.20229 21.653245 45768.391 -59958.4 5219.98 -65178.4 5614.074
2.27 272.84206 -28.22545 45824.094 -60110.6 5213.1 -65323.7 5650.765
2.28 269.70911 -37.633418 45701.841 -60071 5153.24 -65224.2 5651.7053
2.29 272.27746 175.37462 45752.05 -60157.3 5202.31 -65359.6 5691.551
2.3 272.12105 -109.0699 45978.368 -60298.6 5199.32 -65497.9 5744.2884
2.31 261.08863 -146.30962 45769.539 -60443.2 4988.53 -65431.8 5750.4801
2.32 274.27791 153.62296 45948.158 -60180.7 5240.53 -65421.2 5788.3126
2.33 273.22884 -128.81486 45653.918 -60250 5220.49 -65470.5 5814.8038
2.34 261.4408 35.231627 45683.201 -60247.3 4995.26 -65242.5 5853.3891
2.35 264.74145 -322.83803 45767.056 -60305.3 5058.32 -65363.7 5871.1157
2.36 272.8117 312.88823 45364.004 -60085.8 5212.52 -65298.3 5870.2307
2.37 268.15182 203.66093 45915.595 -60214.4 5123.49 -65337.9 5937.0491
2.38 266.21659 229.45799 45929.991 -60348.3 5086.51 -65434.8 5948.1696
2.39 271.22981 232.70916 45966.562 -60263 5182.3 -65445.3 5978.973
2.4 275.81316 -328.25033 46048.91 -60377.7 5269.87 -65647.5 6004.1579
2.41 278.41412 27.923822 45810.864 -60000.9 5319.56 -65320.4 6010.4948
2.42 280.12908 24.264062 45812.085 -60045.6 5352.33 -65397.9 6032.7583
2.43 269.77906 287.75149 45779.985 -60340.9 5154.58 -65495.5 6045.7162
2.44 277.94436 -97.687639 45813.842 -59845 5310.59 -65155.6 6069.6823
2.45 268.48552 112.68218 45518.58 -60334.6 5129.86 -65464.4 6060.5591
2.46 274.80576 -648.31628 45976.94 -60289.5 5250.62 -65540.1 6132.1571
2.47 260.97462 38.575331 45634.064 -60618.4 4986.35 -65604.8 6130.0242
2.48 279.85707 130.03474 45758.912 -59941.8 5347.13 -65289 6175.8929
2.49 266.47463 -307.63987 45878.553 -60378.8 5091.44 -65470.2 6189.7137
2.5 269.8464 170.83884 45669.716 -60133.3 5155.86 -65289.2 6196.6912
2.51 278.21571 196.43476 45756.121 -59930.2 5315.77 -65246 6244.8872
2.52 277.46426 828.00016 45482.306 -60227.2 5301.41 -65528.6 6236.1013
2.53 273.45201 654.0642 45923.086 -60005.4 5224.75 -65230.1 6303.7387
2.54 269.49583 -351.09682 45645.896 -60362.7 5149.16 -65511.9 6321.9295
2.55 263.68586 -48.403224 45937.43 -60206.2 5038.16 -65244.4 6399.8904
2.56 267.38022 252.85946 45712.297 -60356.8 5108.74 -65465.6 6415.5406
2.57 273.21336 429.41559 45613.417 -60268.4 5220.19 -65488.6 6430.1751
2.58 271.23986 -505.64643 46022.779 -60259.5 5182.49 -65442 6520.51
2.59 276.27111 -261.54535 46023.941 -59855.2 5278.62 -65133.9 6532.5096
2.6 267.01638 78.918313 45868.154 -60454.6 5101.79 -65556.4 6558.3775
2.61 275.00716 -702.62595 46080.999 -60175.3 5254.47 -65429.7 6610.8002
2.62 261.42158 -301.75046 45793.294 -60319.8 4994.89 -65314.7 6595.6451
2.63 281.59315 238.7567 45647.314 -59844.7 5380.3 -65225 6599.6949
2.64 269.11449 29.18197 45653.265 -60166.7 5141.88 -65308.5 6630.5072
2.65 267.09828 879.20998 45596.433 -60318.8 5103.36 -65422.1 6651.4486
2.66 266.51016 -704.77601 45881.312 -60118.5 5092.12 -65210.6 6685.1803
2.67 276.62924 323.02791 45502.242 -60134.8 5285.46 -65420.3 6651.661
2.68 267.86219 -412.20942 45802.457 -60432.8 5117.95 -65550.7 6686.951
2.69 272.95546 383.80752 45927.858 -60154.5 5215.27 -65369.8 6724.3786
2.7 271.80264 17.64794 45517.78 -60492.3 5193.24 -65685.6 6691.8721
2.71 271.30004 -96.763962 45826.177 -60030.6 5183.64 -65214.3 6730.7756
2.72 271.64475 218.77959 45597.045 -60411.8 5190.22 -65602 6728.7416
2.73 271.2825 -561.02013 45645.471 -60482.1 5183.3 -65665.4 6762.9961
2.74 276.05452 93.089911 45478.464 -60191.5 5274.48 -65466 6796.041
2.75 274.65633 -382.23461 45855.522 -60111.6 5247.76 -65359.4 6862.3288
2.76 266.72047 130.43934 45591.25 -60351.8 5096.14 -65447.9 6857.4222
2.77 270.86414 71.182953 45724.196 -60172.5 5175.31 -65347.8 6888.2285
2.78 277.81416 127.58285 45635.588 -59942.1 5308.1 -65250.2 6923.5082
2.79 270.10912 451.52602 45461.569 -60253.5 5160.88 -65414.4 6947.55
2.8 265.70239 -694.68007 45773.542 -60395.2 5076.68 -65471.8 7009.0469
2.81 260.70793 58.918457 45907.897 -60204.8 4981.26 -65186.1 7059.0573
2.82 265.88367 923.9906 45661.948 -60340.1 5080.15 -65420.3 7054.3937
2.83 287.81271 -235.124 45771.964 -60080 5499.14 -65579.2 7068.911
2.84 273.59178 145.46859 45727.164 -60111 5227.42 -65338.4 7120.3272
2.85 272.70189 795.53839 45430.789 -60288.9 5210.42 -65499.3 7108.9275
2.86 272.01905 268.81204 45529.514 -60195.5 5197.38 -65392.9 7153.052
2.87 268.9211 -66.808691 45657.833 -60321 5138.18 -65459.2 7219.433
2.88 267.4329 146.93945 45685.906 -60041.9 5109.75 -65151.7 7240.1934
2.89 273.80218 34.31774 45789.282 -60115.9 5231.44 -65347.3 7267.8241
2.9 263.8521 246.52868 45562.005 -60422.1 5041.33 -65463.4 7263.8788
2.91 265.39787 138.61822 45598.326 -60523.5 5070.87 -65594.3 7281.7736
2.92 283.62869 -486.14899 45979.193 -59838.7 5419.2 -65257.9 7337.2843
2.93 273.93142 -643.964 45802.865 -60172.4 5233.91 -65406.3 7340.5294
2.94 275.18989 -177.41204 45934.268 -60270.8 5257.96 -65528.7 7377.0953
2.95 271.03782 304.89272 45724.477 -60328.2 5178.63 -65506.8 7400.9963
2.96 280.96268 -148.18751 45577.718 -60050.8 5368.26 -65419.1 7411.095
2.97 273.97169 187.5733 45591.252 -60156.1 5234.68 -65390.8 7439.3556
2.98 281.51946 275.50339 45697.217 -59896.9 5378.9 -65275.8 7481.2731
2.99 271.73057 368.64564 45428.579 -60268.6 5191.86 -65460.5 7483.7441
3 274.73266 139.18646 45708.657 -60065.2 5249.22 -65314.5 7540.339
3.01 277.09857 -177.86799 45748.671 -60193.2 5294.43 -65487.7 7588.0277
3.02 276.76781 333.34827 45354.076 -60105.4 5288.11 -65393.5 7585.047
3.03 264.78459 228.15651 45484.329 -60414.2 5059.15 -65473.4 7613.1566
3.04 275.21418 418.90877 45601.293 -59988.4 5258.42 -65246.8 7657.2801
3.05 259.04255 369.27541 45622.266 -60204 4949.44 -65153.4 7675.4927
3.06 276.11366 271.89189 46086.302 -59978.2 5275.61 -65253.8 7731.5042
3.07 270.13889 1160.0915 45154.197 -60391.8 5161.45 -65553.3 7646.5679
3.08 276.27418 205.32277 45704.806 -60049 5278.68 -65327.7 7696.9042
3.09 272.31021 -295.62919 45897.755 -60315 5202.94 -65518 7757.9964
3.1 276.05163 260.23747 45543.88 -60066.5 5274.42 -65340.9 7744.0803
3.11 256.30544 -465.05861 46010.01 -60435.6 4897.14 -65332.8 7820.4833
3.12 268.5407 456.28071 45444.591 -60468.8 5130.92 -65599.7 7761.8757
3.13 268.85139 -104.50256 45758.633 -60129.1 5136.85 -65266 7827.6425
3.14 270.74859 -435.45319 45717.642 -60306.3 5173.1 -65479.4 7858.4065
3.15 274.25778 22.853821 45671.213 -60116.2 5240.15 -65356.4 7875.7944
3.16 280.49839 587.39065 45705.88 -60229.1 5359.39 -65588.5 7890.4102
3.17 268.54477 231.97333 45844.928 -60243.3 5130.99 -65374.2 7905.9386
3.18 276.09278 10.070156 46016.245 -60093.9 5275.21 -65369.2 7966.4645
3.19 271.9243 -198.25777 45883.589 -60244.4 5195.56 -65439.9 7952.0981
3.2 276.36994 -230.01526 45635.094 -59997.6 5280.51 -65278.1 7937.1434
3.21 273.20818 490.81224 45790.523 -59993.5 5220.1 -65213.6 7988.874
3.22 267.87897 -43.264292 45524.464 -60292.8 5118.27 -65411.1 7993.9487
3.23 268.00005 -711.70977 46000.764 -60286.2 5120.59 -65406.8 8076.3676
3.24 268.85183 459.62453 45854.706 -59942.1 5136.86 -65079 8097.2885
3.25 269.0998 158.06483 45644.565 -60324.2 5141.6 -65465.8 8098.679
3.26 281.157 -553.82936 46013.868 -59839.8 5371.97 -65211.8 8175.1794
3.27 273.3249 861.17092 45580.752 -60363.6 5222.33 -65585.9 8147.3073
3.28 270.78177 -69.202249 45902.575 -60304 5173.73 -65477.7 8213.4992
3.29 285.7133 -635.40359 45883.797 -60061.2 5459.03 -65520.3 8252.1787
3.3 273.33116 299.11482 45540.527 -60041.9 5222.44 -65264.3 8211.3285
3.31 267.89125 47.511927 45708.257 -60268 5118.51 -65386.5 8259.4829
3.32 272.30452 143.21982 45763.096 -60155.8 5202.83 -65358.6 8287.4794
3.33 277.11519 -274.62369 46029.429 -59896 5294.75 -65190.7 8359.6699
3.34 266.01305 1095.9382 45356.388 -60406.3 5082.62 -65489 8330.0785
3.35 276.25704 439.5899 45572.745 -60290.4 5278.35 -65568.7 8381.7572
3.36 276.70632 133.1335 46061.807 -60161.1 5286.93 -65448 8468.7187
3.37 274.99174 602.99438 45444.555 -60200.9 5254.17 -65455 8456.0874
3.38 277.1163 753.06598 45450.362 -59790.3 5294.77 -65085 8464.8771
3.39 276.12511 539.01928 45414.729 -59998.7 5275.83 -65274.6 8488.5282
3.4 272.83408 -532.5767 45978.781 -60217.2 5212.95 -65430.2 8587.5928
3.41 275.88119 -191.59158 45880.14 -59856.6 5271.17 -65127.8 8601.3182
3.42 266.51278 -453.63762 45878.501 -60255 5092.17 -65347.2 8637.6124
3.43 283.10266 465.51441 45739.774 -59955.5 5409.15 -65364.7 8636.1985
3.44 271.20905 -534.56451 45777.815 -60219.4 5181.9 -65401.3 8652.6357
3.45 281.14145 234.72163 45599.889 -59894.6 5371.67 -65266.3 8657.455
3.46 265.22177 -138.75673 45990.172 -60274.7 5067.5 -65342.2 8748.2698
3.47 285.98236 362.52554 45612.967 -60001.7 5464.17 -65465.8 8731.6626
3.48 261.60837 -251.20977 45842.47 -60624.4 4998.46 -65622.8 8797.6644
3.49 269.91393 150.8172 45799.133 -60124.7 5157.15 -65281.8 8809.1592
3.5 277.13975 300.41943 45794.939 -59920.5 5295.21 -65215.7 8848.6178
3.51 272.23369 -439.05275 45894.461 -60158.2 5201.48 -65359.6 8902.0978
3.52 272.41786 -446.60793 45813.462 -60009.4 5205 -65214.4 8930.2308
3.53 267.94119 -878.30155 46123.782 -60143.1 5119.46 -65262.5 9020.1061
3.54 267.70515 37.444548 45773.348 -60161.9 5114.95 -65276.8 9000.8554
3.55 261.4578 23.452892 45527.261 -60640.2 4995.58 -65635.8 8983.6721
3.56 272.09729 119.43189 45684.879 -60239.9 5198.87 -65438.7 9029.1337
3.57 271.87459 244.06802 45499.287 -60159.6 5194.62 -65354.2 9028.6098
3.58 277.12478 -274.95885 45600.073 -60079.6 5294.93 -65374.5 9069.0578
3.59 280.39221 -178.38262 45844.024 -59990.8 5357.36 -65348.1 9102.2935
3.6 269.26072 849.64422 45739.406 -60258 5144.67 -65402.7 9116.8293
3.61 271.60644 182.21544 45606.779 -60151.9 5189.49 -65341.4 9129.1534
3.62 277.03118 228.63129 46003.747 -60376.8 5293.14 -65670 9209.0614
3.63 274.21838 215.76886 45685.222 -60027.2 5239.4 -65266.6 9205.1137
3.64 262.55886 -937.15816 45984.909 -60417.8 5016.62 -65434.4 9267.1667
3.65 273.56648 -605.05058 45887.825 -60142.9 5226.94 -65369.8 9293.2562
3.66 272.53536 366.34355 45755.418 -60064.7 5207.24 -65271.9 9292.906
3.67 273.80844 -156.72472 45742.387 -60099.6 5231.56 -65331.2 9285.9003
3.68 265.06043 -776.89474 45864.031 -59996 5064.42 -65060.5 9299.622
3.69 268.5839 249.01792 45784.799 -60419 5131.74 -65550.8 9319.8531
3.7 268.22452 -286.35874 46211.741 -60218.2 5124.87 -65343.1 9389.4857
3.71 283.4639 343.87419 45940.828 -60003.9 5416.05 -65420 9386.6588
3.72 280.35108 -537.86068 45970.16 -60188.6 5356.57 -65545.2 9397.6189
3.73 274.91839 662.70453 45873.024 -59855.1 5252.77 -65107.8 9434.6176
3.74 278.95424 -526.57522 45818.85 -60306.8 5329.88 -65636.7 9470.3845
3.75 280.85581 401.35857 45678.702 -59813.2 5366.22 -65179.4 9467.5087
3.76 278.41846 -574.44268 46188.258 -60225.1 5319.65 -65544.8 9567.9548
3.77 275.73413 46.052622 45883.927 -60227.9 5268.36 -65496.3 9542.4151
3.78 267.72893 -443.36523 45718.779 -60258.1 5115.41 -65373.5 9531.1157
3.79 268.98787 -524.38378 45701.937 -60215 5139.46 -65354.5 9542.1227
3.8 273.57229 -121.17487 45813.489 -60217.9 5227.05 -65445 9554.5011
3.81 269.19968 -879.15744 46119.347 -60524.7 5143.51 -65668.2 9623.2243
3.82 273.71495 27.434916 45883.511 -60002.5 5229.78 -65232.2 9598.5148
3.83 272.45297 568.34255 45515.862 -60136.1 5205.67 -65341.7 9569.8315
3.84 278.93598 694.64871 45420.665 -60063.8 5329.53 -65393.3 9556.8416
3.85 270.97548 -526.55906 45787.795 -60107.8 5177.44 -65285.2 9634.1332
3.86 273.88347 564.36724 45708.966 -60304.3 5233 -65537.3 9654.5948
3.87 272.91027 1211.7672 45561.328 -59931.3 5214.4 -65145.7 9633.5983
3.88 286.9024 -19.06732 45733.555 -59912.6 5481.75 -65394.3 9660.8029
3.89 265.46049 -60.38763 45818.177 -60358.5 5072.06 -65430.6 9684.2105
3.9 269.53267 327.6988 45699.21 -60378.2 5149.87 -65528.1 9689.8103
3.91 274.70551 -294.5402 46063.455 -60405.8 5248.7 -65654.5 9769.6535
3.92 273.09557 312.17487 45858.939 -60031 5217.94 -65249 9771.1494
3.93 271.23907 460.86015 45501.276 -60245.1 5182.47 -65427.6 9759.6765
3.94 269.49107 360.14694 45716.95 -60343.3 5149.07 -65492.4 9822.6011
3.95 270.43789 366.22638 45668.281 -60215.9 5167.16 -65383 9848.9457
3.96 266.12227 336.06646 45686.837 -60352 5084.71 -65436.7 9881.2461
3.97 280.89078 -465.74168 45982.543 -60075.3 5366.88 -65442.2 9953.6961
3.98 267.57144 90.287018 45879.489 -60482.1 5112.4 -65594.5 9942.0412
3.99 273.28253 421.91408 45600.492 -60021.8 5221.52 -65243.3 9927.7505
4 267.82629 707.17384 45571.915 -60033.1 5117.27 -65150.4 9956.1719
4.01 272.08499 94.221694 45766.701 -60215.8 5198.64 -65414.4 10042.62
4.02 272.85756 -845.54008 46156.357 -59870.5 5213.4 -65083.9 10096.469
4.03 275.92105 1123.6909 45492.5 -59952.3 5271.93 -65224.3 10020.738
4.04 272.15678 90.973189 45711.296 -60353.6 5200.01 -65553.6 10065.084
4.05 263.33111 -223.07441 45677.185 -60510.2 5031.38 -65541.5 10105.724
4.06 274.10354 -497.94042 46297.326 -60125.2 5237.2 -65362.4 10227.151
4.07 271.69554 653.64491 45645.395 -60430 5191.19 -65621.2 10155.133
4.08 271.17087 95.492507 46012.346 -60235.1 5181.17 -65416.3 10254.963
4.09 267.40911 327.72498 45777.788 -60050.7 5109.29 -65159.9 10217.773
4.1 271.08496 -281.58047 45806.201 -60486.6 5179.53 -65666.1 10229.609
4.11 271.04977 -1017.3636 45853.801 -60285.8 5178.86 -65464.7 10269.679
4.12 280.79292 31.296074 45733.708 -59915.5 5365.01 -65280.5 10301.557
4.13 276.64635 -148.86814 45803.183 -60314.2 5285.79 -65599.9 10305.554
4.14 264.1583 191.91076 45645.805 -60170.2 5047.18 -65217.4 10272.046
4.15 260.38642 -221.78069 45901.997 -60268.1 4975.11 -65243.2 10335.248
4.16 267.61389 291.73111 45664.179 -60053.3 5113.21 -65166.5 10349.36
4.17 266.39483 -108.45963 45678.916 -60551.7 5089.92 -65641.6 10372.4
4.18 269.97655 102.50741 45991.079 -60057.4 5158.35 -65215.8 10451.999
4.19 266.93555 -781.91157 46150.396 -60371.2 5100.25 -65471.4 10506.024
4.2 271.58016 432.06447 45587.655 -60319.2 5188.99 -65508.2 10418.013
4.21 272.39955 193.9397 45759.323 -60239 5204.64 -65443.6 10485.222
4.22 272.12717 -417.0226 45765.887 -60287.2 5199.44 -65486.7 10517.72
4.23 277.86679 -405.13791 45812.102 -59849.9 5309.11 -65159 10580.682
4.24 270.81373 312.55788 45830.494 -60037.2 5174.35 -65211.6 10623.769
4.25 271.50953 54.992654 46066.653 -60264.2 5187.64 -65451.8 10674.036
4.26 275.02639 53.909762 45715.316 -60208 5254.84 -65462.8 10666.294
4.27 263.72403 178.76608 45454.123 -60515.1 5038.88 -65554 10667.264
4.28 268.638 -319.57472 45980.769 -60226.8 5132.77 -65359.6 10745.595
4.29 271.21312 385.53674 45429.078 -60301.8 5181.98 -65483.7 10690.563
4.3 281.92608 378.27633 45472.764 -60117.4 5386.67 -65504.1 10703.163
4.31 283.24208 -258.44888 45995.602 -60090.2 5411.81 -65502 10823.765
4.32 265.61899 -767.5504 45899.587 -60331.7 5075.09 -65406.8 10819.255
4.33 273.01307 203.78171 45565.445 -59954.7 5216.37 -65171 10809.193
4.34 278.16524 95.512632 45671.904 -60074 5314.81 -65388.8 10862.144
4.35 272.68166 252.59814 45778.355 -60252.5 5210.04 -65462.5 10910.312
4.36 273.17977 -14.001374 45897.014 -59924 5219.55 -65143.5 10962.354
4.37 271.20602 368.80087 45585.567 -60089 5181.84 -65270.9 10954.957
4.38 269.42332 -294.56815 46037.011 -60427.9 5147.78 -65575.6 11063.265
4.39 262.94681 -1174.94 45996.018 -60252.3 5024.03 -65276.4 11074.674
4.4 276.50911 22.906579 45898.113 -60101.2 5283.17 -65384.4 11058.918
4.41 278.32737 -1176.4374 46192.296 -59925.9 5317.91 -65243.8 11128.915
4.42 272.59418 -91.573714 45905.111 -60254.6 5208.36 -65463 11115.409
4.43 272.5929 -16.772498 45446.216 -60186.3 5208.34 -65394.7 11078.964
4.44 278.03736 782.27542 45731.104 -60010.8 5312.36 -65323.2 11167.341
4.45 266.63035 594.58352 45625.447 -60325.6 5094.41 -65420.1 11188.614
4.46 276.68244 308.30467 45667.967 -60106.9 5286.48 -65393.3 11217.833
4.47 274.17567 479.33743 45448.543 -60356.9 5238.58 -65595.5 11201.231
4.48 275.98842 154.75993 45643.523 -60347.8 5273.22 -65621 11248.788
4.49 271.32018 -427.719 46128.124 -60160.9 5184.02 -65344.9 11373.21
4.5 266.93157 -275.75429 46074.001 -60200.7 5100.17 -65300.9 11390.197
4.51 267.7191 -188.44654 45858.618 -60402.5 5115.22 -65517.7 11376.689
4.52 271.13706 -82.082356 45928.52 -60218.6 5180.52 -65399.1 11454.814
4.53 273.41651 24.806136 45819.662 -60120.4 5224.08 -65344.4 11451.052
4.54 275.53914 194.69479 45866.348 -59863.6 5264.63 -65128.2 11502.367
4.55 268.40079 -96.067184 46181.284 -60162.3 5128.24 -65290.5 11581.531
4.56 256.36974 292.37861 45791.151 -60339.1 4898.37 -65237.5 11560.748
4.57 264.96307 126.13796 45753.528 -60438.7 5062.56 -65501.3 11583.956
4.58 266.28762 -124.37716 45498.272 -60302 5087.87 -65389.9 11525.901
4.59 273.48614 -301.83494 45873.689 -60260.8 5225.41 -65486.2 11635.394
4.6 275.3246 -229.82884 45832.479 -59951.4 5260.53 -65212 11664.614
4.61 270.95833 294.71578 45589.4 -60232.8 5177.11 -65409.9 11635.846
4.62 271.38908 37.143044 45428.384 -60284 5185.34 -65469.3 11595.996
4.63 271.08826 -123.93705 45591.449 -60208 5179.59 -65387.5 11630.482
4.64 261.91995 -148.46489 45556.641 -60450.8 5004.42 -65455.2 11626.041
4.65 277.03364 -306.85658 45926.643 -60235.9 5293.19 -65529.1 11732.498
4.66 275.64381 -143.53316 45779.69 -60140.6 5266.63 -65407.2 11750.106
4.67 278.86977 -575.76309 45941.004 -60176.3 5328.27 -65504.6 11800.864
4.68 272.79676 474.98662 45614.523 -60411.7 5212.23 -65623.9 11768.098
4.69 270.91266 -310.46238 45782.812 -60229.3 5176.24 -65405.5 11836.37
4.7 269.79781 -167.16145 45799.034 -60495.4 5154.93 -65650.3 11854.343
4.71 265.23938 -3.0441246 45739.583 -60275.1 5067.84 -65342.9 11853.357
4.72 269.34027 -472.90625 45955.651 -60177.6 5146.19 -65323.8 11926.334
4.73 273.66447 78.232867 45948.702 -60160.1 5228.81 -65388.9 11942.575
4.74 273.26026 -229.91208 45735.309 -60194.3 5221.09 -65415.4 11915.943
4.75 280.30205 43.323564 45917.363 -60202.7 5355.64 -65558.4 11947.781
4.76 262.49296 -185.07097 45869.557 -60413.7 5015.36 -65429.1 11954.691
4.77 270.38402 103.62365 45818.32 -60122.2 5166.14 -65288.3 12001.044
4.78 268.47032 349.65424 45720.537 -60417.5 5129.57 -65547.1 12008.682
4.79 273.17264 2.1370176 45779.452 -60252.7 5219.42 -65472.1 12058.572
4.8 263.35643 966.51795 45518.972 -60116.8 5031.86 -65148.7 12018.916
4.81 268.26288 -87.501936 45740.288 -60272.4 5125.61 -65398 12098.605
4.82 286.03337 470.61189 45540.229 -60011 5465.14 -65476.1 12101.635
4.83 269.83215 -895.36906 45939.991 -60318.5 5155.59 -65474.1 12183.998
4.84 273.29987 -42.228801 45795.691 -60203.3 5221.85 -65425.1 12200.5
4.85 281.03314 -82.109229 45750.322 -60271 5369.6 -65640.6 12220.55
4.86 282.56994 -29.322595 45787.571 -59830.2 5398.97 -65229.2 12264.852
4.87 279.41799 -112.26526 45607.309 -60154.6 5338.74 -65493.3 12255.599
4.88 271.91854 77.768956 45733.519 -60070.6 5195.45 -65266 12280.206
4.89 263.01713 -90.665816 45631.269 -60372.2 5025.38 -65397.6 12310.347
4.9 272.77961 -311.12082 46032.564 -60092.1 5211.91 -65304 12419.446
4.91 276.25057 -309.43714 45928.197 -59866.1 5278.23 -65144.3 12419.107
4.92 276.94022 53.670082 45756.624 -60144.6 5291.4 -65436 12406.401
4.93 269.1548 113.08928 45843.744 -59863.1 5142.65 -65005.7 12451.565
4.94 274.41249 556.51469 45531.933 -60080.3 5243.11 -65323.4 12436.035
4.95 257.42741 121.35054 46007.546 -60328 4918.58 -65246.5 12569.132
4.96 271.31179 -14.051056 45554.022 -60244.5 5183.86 -65428.4 12504.195
4.97 276.72393 -117.22263 45633.773 -60161.1 5287.27 -65448.3 12579.306
4.98 268.14825 -754.19512 46253.67 -59998.5 5123.42 -65121.9 12756.171
4.99 285.22816 -55.306404 45793.935 -59994 5449.76 -65443.8 12673.132
5 273.03361 141.47498 46030.404 -60229.6 5216.76 -65446.4 12758.278
5.01 272.07016 363.85685 45650.844 -60176.6 5198.35 -65375 12726.165
5.02 273.17842 719.1705 45492.958 -60010.6 5219.53 -65230.1 12744.793
5.03 265.97777 244.24564 45702.015 -60283.7 5081.95 -65365.6 12808.533
5.04 275.28259 -367.3833 45872.267 -60228.4 5259.73 -65488.1 12874.522
5.05 270.82128 -778.38957 45865.636 -60131.1 5174.49 -65305.6 12917.397
5.06 280.07278 -512.77766 45924.489 -60170.8 5351.26 -65522.1 12938.745
5.07 279.55241 -232.37342 45551.581 -60303.7 5341.31 -65645 12871.805
5.08 269.50878 -378.20658 45741.05 -60531 5149.41 -65680.4 12908.26
5.09 269.6115 23.028197 45872.185 -60322.8 5151.37 -65474.2 12970.232
5.1 284.09189 -238.0494 45642.08 -59861.1 5428.05 -65289.1 12954.596
5.11 265.10079 309.03312 45766.267 -60427.9 5065.19 -65493.1 13031.688
5.12 282.18339 -601.17176 46144.633 -59762.3 5391.58 -65153.8 13140.041
5.13 267.04191 -64.13452 45443.095 -60133.7 5102.28 -65236 13053.877
5.14 257.87932 161.50298 45927.58 -60578.8 4927.21 -65506 13196.046
5.15 270.94547 -563.06723 45825.897 -60336.8 5176.86 -65513.7 13228.738
5.16 283.71283 285.80181 45706.02 -59958.8 5420.8 -65379.6 13250.272
5.17 268.10978 -226.75884 45858.065 -60207.5 5122.68 -65330.2 13273.288
5.18 275.88465 125.45161 45509.837 -59956.9 5271.23 -65228.2 13229.402
5.19 267.32576 -227.83712 45615.399 -60324.7 5107.7 -65432.4 13299.637
5.2 270.62548 -378.42446 45992.495 -60322.7 5170.75 -65493.4 13361.91
5.21 270.95361 -165.96689 45762.001 -60253.6 5177.02 -65430.6 13322.644
5.22 273.85428 414.32 45500.571 -60257.2 5232.44 -65489.7 13350.85
5.23 267.27744 216.70256 45422.893 -60489.1 5106.78 -65595.8 13389.996
5.24 270.99402 172.27498 45788.492 -60315.2 5177.79 -65492.9 13511.377
5.25 259.76955 -113.1269 45682.979 -60167.6 4963.33 -65131 13517.105
5.26 273.69909 478.30353 45649.33 -60261 5229.47 -65490.5 13540.922
5.27 275.81154 -638.20638 45843.389 -60112.7 5269.84 -65382.6 13614.87
5.28 275.84308 232.72891 45526.994 -59962.3 5270.44 -65232.7 13623.801
5.29 263.57266 -265.09622 46054.557 -60216 5035.99 -65252 13755.407
5.3 263.77974 -439.40818 45747.611 -60287.7 5039.95 -65327.7 13722.132
5.31 275.88755 290.36151 46047.095 -59942.4 5271.29 -65213.7 13822.803
5.32 276.79163 468.73493 45801.005 -60072.7 5288.56 -65361.3 13769.982
5.33 270.4774 -181.82426 45909.949 -60175.3 5167.92 -65343.2 13826.049
5.34 270.71849 -411.00033 45707.983 -60450.4 5172.53 -65623 13835.391
5.35 271.22449 88.773309 45626.213 -60145.7 5182.19 -65327.9 13851.136
5.36 271.97173 -173.04323 45941.627 -60036 5196.47 -65232.5 13968.042
5.37 286.00139 -756.78546 46429.384 -59824.6 5464.53 -65289.2 14108.078
5.38 261.13984 -447.76376 45645.608 -60496.5 4989.51 -65486 13968.796
5.39 271.47623 -231.19457 45526.045 -60009.8 5187 -65196.8 13992.773
5.4 265.79804 160.81321 45593.812 -60253.5 5078.51 -65332 14033.344
5.41 273.18927 -493.41389 45893.287 -60012.3 5219.73 -65232 14141.199
5.42 263.71984 -121.97597 45686.274 -60361.5 5038.81 -65400.3 14130.292
5.43 266.71212 253.79651 45695.646 -60341.1 5095.98 -65437 14184.994
5.44 265.77319 -192.51324 45931.814 -60239.6 5078.04 -65317.6 14259.367
5.45 279.27556 49.199412 45717.316 -60095.5 5336.02 -65431.6 14221.499
5.46 269.60497 710.10212 45742.419 -60200.5 5151.25 -65351.7 14239.298
5.47 272.81902 17.181759 45903.589 -60061 5212.66 -65273.7 14322.289
5.48 269.29096 -349.71033 45755.318 -60500.4 5145.25 -65645.6 14328.179
5.49 271.72383 514.34104 45569.506 -60268 5191.73 -65459.7 14311.876
5.5 270.94822 -581.23398 45976.87 -60336.8 5176.92 -65513.7 14396.918
5.51 268.3881 140.28231 46193.455 -60408.1 5128 -65536.1 14458.04
5.52 275.47205 120.45796 45664.875 -60080.2 5263.35 -65343.6 14365.274
5.53 275.92585 -357.03905 45705.154 -60245.1 5272.02 -65517.1 14425.905
5.54 272.25203 -348.06378 45796.213 -59989.1 5201.83 -65190.9 14479.362
5.55 270.00781 195.77701 45772.689 -60384.4 5158.95 -65543.4 14482.76
5.56 281.16398 -338.1372 45749.044 -60041.5 5372.1 -65413.6 14502.772
5.57 279.42642 151.68799 45962.434 -60033.9 5338.91 -65372.8 14549.114
5.58 274.1612 51.98072 45881.753 -60098.9 5238.3 -65337.2 14587.316
5.59 272.26436 586.08382 45370.132 -60442.2 5202.06 -65644.2 14485.356
5.6 272.58128 278.5472 45606.633 -59903.5 5208.12 -65111.7 14573.566
5.61 280.32978 1048.3028 45239.588 -60239.3 5356.17 -65595.4 14529.207
5.62 267.44366 -612.53535 45886.103 -60440.2 5109.95 -65550.2 14695.752
5.63 273.76295 -182.51456 45854.856 -60192.5 5230.69 -65423.2 14699.817
5.64 273.4643 -74.881191 45813.329 -60033.6 5224.99 -65258.6 14721.161
5.65 275.25368 -405.51098 46057.096 -59964.6 5259.18 -65223.8 14847.384
5.66 268.97069 60.179437 45427.877 -60424.3 5139.13 -65563.4 14713.506
5.67 268.48842 -919.31727 45783.561 -59967.6 5129.92 -65097.5 14790.652
5.68 267.8595 -3.8053399 45690.403 -60307.6 5117.9 -65425.5 14806.507
5.69 275.18076 635.12935 45676.743 -60150.8 5257.78 -65408.5 14839.355
5.7 271.0355 303.25442 45728.83 -60202.8 5178.58 -65381.4 14884.399
5.71 282.7217 118.29709 45801.781 -59715.4 5401.87 -65117.3 14927.32
5.72 278.87448 243.42272 45830.838 -60045.3 5328.36 -65373.6 14971.987
5.73 260.97067 -390.12629 45793.104 -60751.6 4986.28 -65737.9 14973.321
5.74 270.70962 1100.1781 45363.244 -60176.3 5172.36 -65348.7 14885.876
5.75 271.31773 178.59461 45683.099 -60199.6 5183.98 -65383.5 14995.263
5.76 279.77145 549.48795 45791.633 -60230.7 5345.5 -65576.2 15040.023
5.77 265.14068 -285.77089 45915.964 -60392.9 5065.95 -65458.9 15113.863
5.78 276.13053 180.4039 45807.058 -60047.3 5275.93 -65323.2 15141.127
5.79 261.69554 124.23189 45595.259 -60331.8 5000.13 -65332 15119.269
5.8 269.65977 373.01076 45939.939 -60244 5152.3 -65396.3 15188.668
5.81 269.47385 740.66675 45533.477 -60440 5148.75 -65588.7 15105.545
5.82 275.99945 -52.391035 45899.718 -60095.3 5273.43 -65368.8 15194.968
5.83 262.15756 333.38849 45811.477 -60416.5 5008.96 -65425.5 15176.139
5.84 267.81519 456.09777 45587.118 -60258.2 5117.05 -65375.3 15128.947
5.85 272.2352 -60.292452 45579.763 -60121.5 5201.5 -65323 15144.493
5.86 267.48939 229.67117 45979.471 -60348.7 5110.83 -65459.6 15262.405
5.87 279.85494 621.18508 45734.213 -60066.9 5347.09 -65414 15218.732
5.88 273.5577 -326.25047 45589.572 -60349.1 5226.77 -65575.9 15197.938
5.89 272.35043 -47.489235 45726.479 -60127.2 5203.71 -65330.9 15270.173
5.9 262.97343 -346.43935 46060.7 -60231.1 5024.54 -65255.6 15379.617
5.91 276.81857 -309.06483 45786.825 -59876.4 5289.08 -65165.5 15326.216
5.92 268.57769 73.50351 45546.022 -60379.2 5131.62 -65510.8 15295.272
5.93 268.85611 -903.88693 45919.656 -60269.5 5136.94 -65406.5 15434.158
5.94 271.26798 -695.85151 45775.386 -60230.6 5183.02 -65413.7 15433.535
5.95 275.72752 -8.8551951 45786.966 -59993.8 5268.23 -65262 15478.303
5.96 271.9198 398.51473 45363.829 -60188.9 5195.48 -65384.4 15427.715
5.97 262.15421 -557.15601 45870.052 -60608.2 5008.89 -65617.1 15545.124
5.98 268.30403 -474.16018 45806.891 -60417.1 5126.39 -65543.5 15547.012
5.99 275.99358 -677.76938 45840.933 -59843.7 5273.32 -65117 15595.022
6 269.3894 -495.86319 45970.41 -60179 5147.13 -65326.2 15649.92
6.01 261.42601 367.40158 45595.674 -60163.6 4994.98 -65158.6 15602.746
6.02 275.6145 -127.47903 46068.846 -60010.7 5266.07 -65276.8 15738.757
6.03 277.8014 59.063713 45656.27 -60284.5 5307.86 -65592.4 15656.136
6.04 268.91987 155.47943 45693.112 -60365.2 5138.16 -65503.3 15668.13
6.05 271.21014 476.08903 45754.189 -60256.5 5181.92 -65438.4 15689.503
6.06 275.61664 160.55634 45653.091 -60155.6 5266.11 -65421.7 15705.062
6.07 279.77469 568.95462 45566.942 -60000.4 5345.56 -65345.9 15715.956
6.08 270.42144 -91.242644 45742.089 -60136 5166.85 -65302.9 15782.705
6.09 267.24426 430.32299 45574.96 -60299.9 5106.14 -65406.1 15765.006
6.1 269.32584 -415.13045 45856.17 -60187 5145.92 -65332.9 15849.916
6.11 270.26669 288.34157 45728.662 -60372.1 5163.89 -65536 15875.995
6.12 281.36318 288.52853 45795.761 -60080.2 5375.91 -65456.1 15951.291
6.13 275.23256 429.34976 45748.976 -60347.2 5258.77 -65605.9 15992.459
6.14 263.62618 19.66012 45968.656 -60233.7 5037.02 -65270.7 16098.358
6.15 265.05671 189.30519 45663.556 -60301.4 5064.35 -65365.8 16038.703
6.16 266.62774 -18.224554 46065.625 -59897.8 5094.37 -64992.2 16137.641
6.17 275.3196 444.06085 45781.209 -60225.5 5260.44 -65485.9 16103.234
6.18 265.34357 -147.40627 45965.866 -60372.2 5069.83 -65442 16151.506
6.19 269.08078 9.9742059 45772.751 -60276.2 5141.23 -65417.4 16109.015
6.2 273.28505 1048.0789 45330.468 -60216.2 5221.56 -65437.8 16042.311
6.21 274.42888 53.862136 45889.745 -60244.9 5243.42 -65488.3 16186.543
6.22 270.04934 274.26664 45671.643 -60386.7 5159.74 -65546.5 16173.776
6.23 268.33335 -39.366374 45537.601 -60142.2 5126.95 -65269.1 16219.411
6.24 271.55248 -165.31167 45884.169 -60164.4 5188.46 -65352.8 16343.229
6.25 265.2062 142.31734 45513.542 -60085.7 5067.2 -65152.9 16292.588
6.26 260.97351 -542.20802 46047.581 -60332.1 4986.33 -65318.4 16424.974
6.27 269.38158 400.54779 45396.265 -60029 5146.98 -65176 16322.85
6.28 276.27838 26.951765 45578.962 -60095.7 5278.76 -65374.4 16433.365
6.29 273.51381 313.10761 45897.902 -60391.8 5225.93 -65617.8 16522.921
6.3 267.0038 -542.26169 45997.044 -60103.4 5101.55 -65204.9 16574.765
6.31 272.52663 -85.249407 45722.969 -60051 5207.07 -65258.1 16523.608
6.32 263.29072 503.20507 45185.953 -60373.1 5030.61 -65403.7 16429.485
6.33 276.31367 -882.65403 46101.687 -59844.9 5279.43 -65124.3 16703.954
6.34 266.74336 369.39043 45658.634 -60316.8 5096.57 -65413.4 16655.009
6.35 272.80457 -330.73336 45801.522 -60303.8 5212.38 -65516.2 16737.385
6.36 277.60878 230.07498 45639.933 -60085.9 5304.18 -65390.1 16712.579
6.37 278.86967 93.497451 46083.622 -60228.1 5328.27 -65556.3 16810.867
6.38 276.05229 137.37776 45761.423 -60346.4 5274.44 -65620.9 16776.673
6.39 280.29373 257.90313 45479.129 -60406.1 5355.48 -65761.6 16732.745
6.4 270.33158 -114.95238 46023.132 -60205.4 5165.13 -65370.5 16924.817
6.41 272.76972 364.19433 45809.77 -60015.4 5211.72 -65227.1 16884.401
6.42 266.75667 -358.26453 46079.235 -60419.8 5096.83 -65516.6 16995.318
6.43 270.14744 -1141.0845 46120.315 -60010.4 5161.62 -65172 17027.573
6.44 281.52518 944.48397 45484.129 -60220.8 5379.01 -65599.8 16898.191
6.45 275.9829 24.454113 45325.22 -60060.7 5273.11 -65333.8 16883.397
6.46 261.98553 311.86867 45751.911 -60101.6 5005.67 -65107.3 17050.317
6.47 280.18187 550.80934 45671.998 -59980.8 5353.34 -65334.1 17057.266
6.48 269.864 122.33407 45875.122 -60240.7 5156.2 -65396.9 17110.648
6.49 264.93655 -309.65508 45944.966 -60167.5 5062.05 -65229.6 17141.02
6.5 269.16682 -575.06541 45730.455 -60346.5 5142.88 -65489.3 17120.207
6.51 260.9507 -214.56963 46087.836 -60516.3 4985.9 -65502.2 17219.365
6.52 273.29896 153.81673 45480.449 -60132.8 5221.83 -65354.7 17081.438
6.53 276.04747 -304.37972 45872.908 -60057.7 5274.34 -65332 17211.817
6.54 275.44338 71.459078 45505.53 -60253.2 5262.8 -65516.1 17146.407
6.55 275.84998 -397.17767 46030.275 -60316.9 5270.57 -65587.5 17332.802
6.56 264.38562 53.239663 45527.998 -60373.5 5051.53 -65425 17231.023
6.57 267.10384 239.61399 45857.756 -60094.7 5103.46 -65198.1 17355.352
6.58 274.84906 441.43195 45250.864 -60341.1 5251.45 -65592.6 17240.959
6.59 265.72972 -227.98637 45924.109 -60319.7 5077.21 -65396.9 17403.087
6.6 285.4892 860.84545 45395.593 -60121.6 5454.74 -65576.3 17310.625
6.61 274.67378 3.5550881 45899.832 -60073.8 5248.1 -65321.9 17501.018
6.62 278.18944 157.67986 45731.257 -60037.6 5315.27 -65352.8 17499.256
6.63 265.40968 70.883175 45675.775 -60313.8 5071.09 -65384.9 17544.906
6.64 278.61717 -239.24209 45789.794 -59697.7 5323.44 -65021.2 17612.629
6.65 271.35822 -622.65651 45908.758 -60030.9 5184.75 -65215.6 17668.95
6.66 267.56586 635.03477 45479.639 -60484.7 5112.29 -65597 17541.616
6.67 279.07392 -36.073442 45607.715 -60130.1 5332.17 -65462.2 17571.4
6.68 273.65981 -98.935044 45642.348 -60261.5 5228.72 -65490.2 17598.812
6.69 270.03717 128.54294 45565.861 -60288.3 5159.51 -65447.8 17581.335
6.7 280.49474 117.09211 45731.541 -60092.9 5359.32 -65452.3 17702.892
6.71 260.72281 -6.03152 46000.869 -60351.7 4981.54 -65333.2 17792.46
6.72 275.50765 484.16952 45503.338 -59914.1 5264.03 -65178.1 17737.874
6.73 264.78937 -689.86658 46038.095 -60101.5 5059.24 -65160.8 17938.4
6.74 286.77712 1189.9041 45492.706 -60200.7 5479.35 -65680.1 17826.356
6.75 274.83661 -218.69188 45764.391 -60053.8 5251.21 -65305 17896.736
6.76 273.669 -236.77061 45967.611 -60260.7 5228.9 -65489.6 17994.564
6.77 274.28712 771.88109 45533.69 -60137.8 5240.71 -65378.5 17868.542
6.78 266.31242 506.57501 45634.994 -60374.5 5088.34 -65462.9 17913.623
6.79 277.98326 -391.4982 45806.972 -60098.5 5311.33 -65409.8 17968.363
6.8 268.89846 -876.51842 46094.058 -60333.9 5137.75 -65471.7 18055.747
6.81 267.36012 327.44113 45287.248 -60520.4 5108.36 -65628.7 17876.063
6.82 271.98473 -177.79711 45736.937 -60186.7 5196.72 -65383.4 18014.349
6.83 274.17974 -408.27498 45982.01 -60195.5 5238.66 -65434.2 18121.309
6.84 275.46585 814.96836 45539.447 -60263 5263.23 -65526.3 18049.065
6.85 276.9299 221.38514 45443.587 -60337.6 5291.21 -65628.8 18051.52
6.86 267.07384 648.21835 45363.895 -60288.4 5102.89 -65391.3 18053.487
6.87 274.42317 64.849001 45760.464 -59814.5 5243.31 -65057.8 18182.798
6.88 269.78141 363.34022 45935.102 -60267.8 5154.62 -65422.4 18223.472
6.89 273.17885 -501.0346 46072.443 -59874.1 5219.53 -65093.6 18277.131
6.9 276.30799 -93.70455 45928.29 -59865.9 5279.32 -65145.2 18304.876
6.91 270.10887 365.15957 45638.202 -60206.9 5160.88 -65367.8 18246.756
6.92 268.32342 -456.68035 45866.012 -59926 5126.76 -65052.8 18331.591
6.93 276.69776 128.59335 45802.763 -60153.1 5286.77 -65439.9 18334.994
6.94 265.19381 -54.085312 45923.463 -59986.7 5066.97 -65053.7 18374.32
6.95 271.66179 -543.14692 45808.146 -60247.8 5190.55 -65438.3 18415.354
6.96 273.70876 -209.31758 45912.973 -60230.7 5229.66 -65460.4 18466.448
6.97 263.9198 -742.59501 45808.289 -60539.4 5042.63 -65582 18438.55
6.98 273.01899 318.52023 45749.848 -60210.5 5216.48 -65427 18442.788
6.99 264.87792 249.66274 45685.459 -60460.3 5060.93 -65521.2 18440.791
7 282.08609 114.99681 45406.576 -59955.2 5389.72 -65344.9 18413.718
7.01 272.48195 307.54126 45895.412 -60331.8 5206.22 -65538.1 18582.525
7.02 272.00446 262.69666 45666.518 -60128.8 5197.1 -65325.9 18515.128
7.03 269.37178 590.07991 45595.257 -60368.7 5146.79 -65515.5 18573.744
7.04 280.27965 -40.471031 45792.536 -60098.3 5355.21 -65453.5 18653.782
7.05 278.25976 26.459842 45805.253 -59935.4 5316.61 -65252 18674.552
7.06 273.86901 479.97207 45632.429 -60318.9 5232.72 -65551.6 18654.545
7.07 282.73746 396.69563 45435.891 -60052.6 5402.17 -65454.7 18635.259
7.08 277.61194 -45.975879 45732.892 -59878.8 5304.24 -65183.1 18786.83
7.09 263.33171 430.18556 45564.081 -60369.6 5031.39 -65401 18796.254
7.1 269.25591 -539.3641 46052.737 -60212.1 5144.58 -65356.7 18993.728
7.11 268.50662 469.31848 45665.54 -60108.2 5130.26 -65238.5 18922.867
7.12 275.2072 -359.6014 45877.332 -60229.2 5258.29 -65487.4 18960.911
7.13 266.90319 226.29865 45502.286 -60217.3 5099.63 -65316.9 18858.21
7.14 274.22681 -759.01134 45812.869 -60341.7 5239.56 -65581.3 18997.476
7.15 280.62956 50.509462 45681.539 -60130.3 5361.89 -65492.2 18980.007
7.16 276.32025 490.39922 45800.575 -60049.4 5279.56 -65328.9 19050.874
7.17 269.40603 634.14175 45635.925 -60255.8 5147.45 -65403.3 19002.106
7.18 272.79506 -638.86965 45654.11 -60214.1 5212.2 -65426.3 19053.806
7.19 271.42022 592.61718 45886.678 -60192 5185.93 -65378 19180.801
7.2 264.44549 -601.49518 45898.522 -60449.7 5052.67 -65502.3 19235.853
7.21 270.54042 35.59613 45993.912 -59993.7 5169.12 -65162.9 19270.337
7.22 273.95201 -357.1431 45969.961 -60290.2 5234.31 -65524.5 19278.818
7.23 279.37805 -182.43293 46032.579 -59989.5 5337.98 -65327.5 19315.718
7.24 267.4517 -331.30134 46052.884 -60113.2 5110.11 -65223.3 19377.786
7.25 265.95487 926.40461 45470.84 -60540.9 5081.51 -65622.4 19231.49
7.26 272.58699 -199.00208 45799.404 -60094.1 5208.23 -65302.3 19392.508
7.27 276.82633 221.21677 45628.7 -60169 5289.23 -65458.2 19366.589
7.28 272.08898 400.40785 45659.555 -60380.3 5198.71 -65579.1 19386.933
7.29 283.38118 176.52867 46001.239 -59919.6 5414.47 -65334.1 19492.868
7.3 268.94762 -270.77747 46178.207 -60398.7 5138.69 -65537.4 19601.027
7.31 268.34085 -97.572176 45970.43 -60346.4 5127.1 -65473.5 19575.97
7.32 278.63506 -171.86155 45772.203 -60118.8 5323.78 -65442.6 19535.728
7.33 266.26627 -193.04537 46038.865 -59814.9 5087.46 -64902.3 19616.567
7.34 270.95249 -20.815044 45826.544 -60219.6 5177 -65396.6 19596.231
7.35 267.70371 98.803397 45622.089 -60248.8 5114.92 -65363.7 19578.452
7.36 266.02095 -1086.5703 46196.728 -60265.4 5082.77 -65348.1 19742.369
7.37 280.94225 26.363071 45866.163 -59906.4 5367.87 -65274.2 19658.291
7.38 276.10369 68.573798 45581.792 -60053 5275.42 -65328.4 19600.799
7.39 268.45508 922.07166 45398.804 -60295.3 5129.28 -65424.6 19596.233
7.4 282.08978 439.14902 45558.494 -59915 5389.79 -65304.8 19675.744
7.41 270.88502 -696.38256 45820.516 -60230.6 5175.71 -65406.3 19802.65
7.42 278.53731 299.48501 45847.786 -59880.6 5321.92 -65202.5 19833.117
7.43 279.19011 -242.42028 45668.293 -60194.9 5334.39 -65529.3 19774.489
7.44 270.83513 239.9052 45750.949 -60240.2 5174.75 -65415 19804.006
7.45 269.14512 332.20124 45731.755 -60239.8 5142.46 -65382.3 19777.472
7.46 276.21258 70.687128 46002.103 -60201.1 5277.5 -65478.6 19910.534
7.47 268.07381 142.47049 45767.374 -60379.5 5121.99 -65501.5 19910.053
7.48 269.57471 -333.25252 45958.561 -60453.4 5150.67 -65604 19983.376
7.49 262.14518 578.42178 45712.53 -60209.3 5008.72 -65218 19914.077
7.5 279.96265 84.446046 45859.202 -60007.8 5349.15 -65356.9 20005.239
7.51 265.61227 220.2405 45745.373 -60333.2 5074.96 -65408.1 19990.096
7.52 274.65565 113.70082 45872.988 -60293.5 5247.75 -65541.2 19967.168
7.53 270.60744 -77.286371 45798.591 -60276.4 5170.4 -65446.8 19995.973
7.54 264.58598 -21.930835 45712.447 -60598.8 5055.35 -65654.1 20006.381
7.55 276.99904 274.20567 45498.17 -59962.6 5292.53 -65255.1 19971.245
7.56 278.96456 68.021929 45801.994 -60148.1 5330.08 -65478.2 20114.133
7.57 274.12148 768.93397 45563.915 -59948.6 5237.55 -65186.1 20071.498
7.58 269.4906 -231.79076 45837.058 -60199 5149.06 -65348.1 20193.912
7.59 272.12827 -396.01335 45927.874 -59954.5 5199.46 -65154 20270.032
7.6 273.32403 336.05349 45409.24 -59957.9 5222.31 -65180.2 20124.765
7.61 275.95052 391.94134 45509.761 -60437.6 5272.49 -65710.1 20198.261
7.62 279.06413 1112.8997 45376.363 -59952.5 5331.98 -65284.5 20171.545
7.63 281.3435 181.77119 45851.784 -60111.8 5375.53 -65487.3 20315.859
7.64 276.32993 550.4701 45369.478 -60097.7 5279.74 -65377.4 20193.443
7.65 274.48884 -436.71058 46241.657 -60004.3 5244.56 -65248.9 20478.131
7.66 266.47696 77.336592 45905.418 -60263.6 5091.48 -65355.1 20432.572
7.67 268.68434 341.95804 45722.441 -60414.5 5133.66 -65548.1 20409.711
7.68 265.71826 267.64192 45677.553 -60413.6 5076.99 -65490.6 20450.74
7.69 279.24373 512.21315 45593.659 -60182.4 5335.41 -65517.8 20432.38
7.7 275.69921 -242.34585 46023.234 -59953.1 5267.69 -65220.7 20624.268
7.71 265.68204 347.27099 45833.638 -60348.3 5076.3 -65424.6 20559.221
7.72 275.9768 329.96992 45797.756 -60091.4 5272.99 -65364.4 20589.22
7.73 275.59396 -401.40471 45749.253 -60198.8 5265.68 -65464.5 20634.938
7.74 270.47125 63.79935 45549.131 -60169.4 5167.8 -65337.2 20648.026
7.75 272.19678 828.35556 45730.746 -60464.1 5200.77 -65664.9 20747.835
7.76 270.45499 -176.58429 45857.646 -60208.2 5167.49 -65375.7 20845.072
7.77 273.06207 -654.81115 46022.307 -60080.2 5217.3 -65297.5 20935.301
7.78 269.57442 267.72456 45534.109 -60348.5 5150.67 -65499.2 20830.738
7.79 277.89278 -451.87555 46096.173 -60033.5 5309.6 -65343.1 21040.028
7.8 277.64139 149.51983 45702.943 -60218.8 5304.8 -65523.6 20925.668
7.81 272.78939 327.74468 45688.823 -60340.7 5212.09 -65552.8 20940.47
7.82 261.83873 1588.4989 45208.061 -60718.5 5002.86 -65721.3 20830.6
7.83 264.86624 776.16693 45897.599 -60518.1 5060.71 -65578.9 21054.533
7.84 269.01866 -502.13505 45889.492 -60090 5140.05 -65230 21068.803
7.85 276.56754 407.82864 45398.114 -60071.1 5284.28 -65355.4 20951.698
7.86 279.2658 393.67563 45442.419 -60130.8 5335.84 -65466.6 20970.718
7.87 266.35402 -97.039245 45694.5 -60478.6 5089.14 -65567.8 21059.125
7.88 271.43147 -625.72244 45950.161 -60249.6 5186.15 -65435.8 21174.717
7.89 262.43697 -202.2522 45642.695 -60387.6 5014.29 -65401.9 21102.791
7.9 268.68682 106.62445 45729.687 -60329.3 5133.71 -65463 21183.857
7.91 269.32781 -290.32948 46033.854 -60324.8 5145.95 -65470.7 21313.286
7.92 275.0679 -484.93005 46078.847 -60116.5 5255.63 -65372.1 21346.047
7.93 273.92687 235.80798 45639.906 -60048.2 5233.83 -65282 21241.887
7.94 270.37971 318.29465 45826.541 -60434.3 5166.05 -65600.3 21325.693
7.95 270.4276 -602.8556 46135.68 -60039.2 5166.97 -65206.1 21426.961
7.96 264.65647 -199.58449 45852.563 -60235.6 5056.7 -65292.3 21358.117
7.97 272.21757 -365.87588 45923.014 -60229.6 5201.17 -65430.8 21411.873
7.98 269.61327 364.29603 45552.011 -60175.2 5151.41 -65326.6 21334.024
7.99 269.80586 -537.81586 46191.706 -60085.7 5155.09 -65240.8 21564.537
8 271.32443 2.4695001 45677.4 -60154.6 5184.1 -65338.7 21436.353
8.01 272.34946 55.090117 45806.686 -60144 5203.69 -65347.7 21543.416
8.02 270.44536 231.34232 45785.176 -60329.1 5167.31 -65496.4 21574.381
8.03 278.82429 -575.19238 46079.988 -59981.4 5327.4 -65308.8 21712.524
8.04 272.32721 -58.900085 45882.172 -60408.3 5203.26 -65611.5 21671.675
8.05 270.18209 -47.489697 45711.223 -60119.2 5162.28 -65281.5 21656.08
8.06 267.74258 -223.42666 45879.238 -60412.2 5115.67 -65527.8 21709.091
8.07 282.45065 462.66181 45714.68 -60035.5 5396.69 -65432.2 21697.646
8.08 269.3895 -21.632477 45532.527 -60314.2 5147.13 -65461.4 21694.549
8.09 275.22021 175.58429 45825.637 -60136.6 5258.54 -65395.2 21844.985
8.1 272.90513 159.80809 45539.663 -60251.8 5214.3 -65466.1 21802.671
8.11 273.56668 15.327974 45827.097 -60241.3 5226.95 -65468.3 21896.527
8.12 272.50622 643.64703 45498.747 -60160.9 5206.68 -65367.6 21860.13
8.13 278.1061 115.08294 45751.636 -60285.3 5313.68 -65599 21985.938
8.14 260.58938 -576.67334 45981.423 -60221.1 4978.99 -65200.1 22047.751
8.15 270.50832 866.09809 45407.075 -60037.4 5168.51 -65205.9 21881.829
8.16 272.09426 185.24023 45654.849 -60235.7 5198.81 -65434.5 21982.702
8.17 260.7113 69.445179 45754.236 -60317.8 4981.32 -65299.1 22031.223
8.18 277.42014 466.82086 45674.408 -59862 5300.57 -65162.5 22026.071
8.19 272.50574 -119.64231 45825.67 -60283.9 5206.67 -65490.5 22121.36
8.2 279.50031 -188.47585 45728.262 -60068.3 5340.32 -65408.6 22091.055
8.21 269.91897 -866.06105 46028.464 -60168.7 5157.25 -65325.9 22219.988
8.22 272.88239 368.45356 45484.954 -60556.7 5213.87 -65770.6 22066.821
8.23 277.1037 135.34538 45543.548 -60118.2 5294.53 -65412.8 22101.405
8.24 267.02175 -684.31135 46123.357 -60094.9 5101.89 -65196.8 22296.625
8.25 268.613 194.41854 45934.571 -60106.4 5132.3 -65238.7 22281.444
8.26 268.84897 607.08007 45731.924 -60255.4 5136.81 -65392.2 22248.265
8.27 265.03946 -390.06996 45962.6 -60213.5 5064.02 -65277.5 22373.447
8.28 271.64667 174.18479 45749.324 -60067.1 5190.26 -65257.3 22339.137
8.29 275.8274 436.00353 45804.623 -60055.4 5270.14 -65325.5 22418.935
8.3 276.39205 -85.040479 45729.788 -60282.4 5280.93 -65563.3 22418.827
8.31 264.91335 -1.5365823 45694.235 -60331.2 5061.61 -65392.8 22439.375
8.32 275.06606 130.93389 45576.919 -60259.8 5255.59 -65515.4 22428.302
8.33 264.62511 26.923787 45891.537 -60231.4 5056.1 -65287.5 22550.17
8.34 274.73277 -489.22745 45972.467 -60008.6 5249.23 -65257.9 22585.143
8.35 272.5122 192.25874 45671.369 -60338.5 5206.8 -65545.3 22553.007
8.36 257.4231 -320.67032 45914.958 -60400 4918.5 -65318.5 22668.638
8.37 277.9924 389.1832 45685.531 -60052.5 5311.51 -65364 22604.839
8.38 269.82838 -170.24721 45564.349 -60141.5 5155.52 -65297 22581.45
8.39 271.39217 -8.608711 45624.617 -60261.6 5185.4 -65447 22609.608
8.4 270.73953 -408.15402 45840.427 -59804 5172.93 -64976.9 22726.919
8.41 274.23364 -2.8375271 45779.321 -60191.1 5239.69 -65430.8 22716.207
8.42 255.82913 -931.78553 46192.511 -60699.2 4888.04 -65587.3 22852.261
8.43 273.32246 -2.5660883 45985.858 -60316.6 5222.28 -65538.9 22763.823
8.44 271.94855 330.27415 45934.634 -60436.4 5196.03 -65632.4 22776.836
8.45 273.15518 775.01127 45562.552 -60180.4 5219.08 -65399.5 22705.193
8.46 268.55603 -547.82056 45868.932 -60270.5 5131.21 -65401.7 22788.145
8.47 270.06735 144.82613 45700.354 -60195.9 5160.08 -65356 22801.339
8.48 261.68095 -283.03467 45396.516 -60394.5 4999.85 -65394.3 22743.573
8.49 270.20875 -93.749958 45572.762 -60306.1 5162.79 -65468.8 22852.315
8.5 282.49751 -235.70997 45821.149 -59997.7 5397.58 -65395.3 22952.082
8.51 275.73705 31.652469 45789.271 -60118.5 5268.41 -65387 22978.74
8.52 283.60527 -27.235078 45887.528 -59827.9 5418.75 -65246.7 23065.408
8.53 276.39054 -199.23445 45869.461 -60178.2 5280.9 -65459.1 23123.285
8.54 276.3764 302.29253 45829.667 -60198.6 5280.63 -65479.2 23159.938
8.55 273.28897 142.52037 45757.659 -60265.4 5221.64 -65487.1 23169.724
8.56 270.50698 336.69457 45708.757 -60425.8 5168.48 -65594.3 23202.34
8.57 286.9586 912.52206 45367.758 -60210.1 5482.82 -65692.9 23108.468
8.58 272.85477 -501.31354 45767.739 -60293.9 5213.34 -65507.2 23264.725
8.59 267.70144 -166.84874 45710.243 -60340 5114.88 -65454.9 23283.012
8.6 273.08261 592.31442 45730.647 -60119.1 5217.7 -65336.8 23302.32
8.61 269.27474 147.98099 45736.064 -60408.4 5144.94 -65553.4 23315.995
8.62 266.87739 228.67187 45861.655 -60445 5099.14 -65544.1 23400.64
8.63 270.13115 -267.58209 45814.326 -60057.6 5161.3 -65218.9 23438.544
8.64 275.83608 -680.22385 46225.236 -60010.7 5270.31 -65281 23583.338
8.65 273.11479 21.238894 45783.643 -60034.7 5218.31 -65253.1 23510.25
8.66 263.09596 -178.14572 45957.376 -60564.9 5026.88 -65591.8 23629.269
8.67 268.48144 -448.33647 45763.33 -60201.5 5129.78 -65331.3 23551.429
8.68 270.58254 309.9612 45631.836 -60230.4 5169.93 -65400.3 23548.264
8.69 269.69749 886.84583 45604.815 -60451.2 5153.02 -65604.3 23557.444
8.7 270.68307 91.954222 45789.928 -59954.2 5171.85 -65126 23645.657
8.71 274.03566 749.34647 45743.84 -60124.3 5235.91 -65360.2 23659.986
8.72 277.89817 456.15901 45449.98 -60158.1 5309.71 -65467.8 23597.281
8.73 266.73928 258.08895 45879.093 -60067.1 5096.5 -65163.6 23780.434
8.74 272.02808 -458.70774 46275.146 -60002.6 5197.55 -65200.1 23947.137
8.75 276.98692 -101.53061 45640.397 -60161.4 5292.29 -65453.7 23768.461
8.76 267.47083 -599.80584 45720.056 -60426.7 5110.47 -65537.2 23827.961
8.77 271.02365 183.65515 45683.431 -60323.5 5178.36 -65501.9 23814.562
8.78 280.04849 -138.96462 45599.216 -60026.1 5350.79 -65376.9 23819.869
8.79 278.41292 -802.08971 46194.712 -59813.9 5319.54 -65133.4 24064.349
8.8 278.56183 58.593435 45737.844 -59929.7 5322.39 -65252.1 23953.017
8.81 284.74042 718.42708 45735.131 -60069.1 5440.44 -65509.6 23967.531
8.82 263.29422 -401.53804 46196.099 -60479.2 5030.67 -65509.9 24161.972
8.83 277.13211 -199.1741 45624.493 -60196.1 5295.07 -65491.1 23946.709
8.84 283.63448 226.95576 45873.377 -59956.5 5419.31 -65375.9 24095.836
8.85 272.30655 -72.443161 46042.526 -60226.5 5202.87 -65429.4 24221.663
8.86 268.78971 -381.146 45843.544 -59966.8 5135.67 -65102.5 24186.238
8.87 273.92548 842.74825 45529.509 -60324.7 5233.8 -65558.5 24148.748
8.88 264.20518 -156.24812 46044.714 -60313.6 5048.08 -65361.6 24375.592
8.89 283.96539 -89.833933 45963.646 -60007.9 5425.63 -65433.5 24354.569
8.9 266.79749 219.1109 45903.143 -60235 5097.61 -65332.6 24333.939
8.91 279.42505 39.185344 45735.319 -59993.1 5338.88 -65331.9 24290.058
8.92 267.81984 -6.0448567 45935.312 -60315.9 5117.14 -65433 24364.633
8.93 273.31019 727.52071 45346.698 -60498.2 5222.04 -65720.3 24134.18
8.94 272.3325 -169.67324 45840.102 -60195 5203.36 -65398.4 24312.145
8.95 271.24964 585.93561 45696.778 -59937.9 5182.67 -65120.5 24355.552
8.96 274.6849 108.2114 45366.601 -60172.6 5248.31 -65420.9 24258.313
8.97 269.30916 -185.96973 45786.902 -60153.4 5145.6 -65299 24413.206
8.98 273.72646 -327.70827 45703.834 -60096.4 5230 -65326.4 24449.388
8.99 272.10127 -21.518302 45568.118 -60307.7 5198.95 -65506.7 24446.11
9 272.84543 -41.968452 45835.195 -60570 5213.16 -65783.1 24550.722
9.01 272.31073 -370.45407 45923.499 -60185.5 5202.95 -65388.5 24630.953
9.02 268.22283 628.44825 45646.723 -60448.9 5124.84 -65573.8 24579.283
9.03 278.09344 594.06536 45220.168 -60245 5313.44 -65558.4 24453.683
9.04 267.69443 -293.16825 45949.168 -60043.6 5114.75 -65158.4 24758.801
9.05 274.97008 500.53147 45645.554 -60203.2 5253.76 -65457 24623.788
9.06 269.27844 -575.86522 45947.104 -60082.7 5145.01 -65227.7 24733.305
9.07 269.45327 -33.541588 45770.045 -60396.7 5148.35 -65545.1 24734.138
9.08 265.94762 -268.31481 45793.052 -60292.3 5081.37 -65373.7 24804.135
9.09 270.16817 148.65567 45652.061 -60041 5162.01 -65203 24793.326
9.1 270.21375 14.41943 46001.104 -60068.6 5162.88 -65231.5 24908.691
9.11 271.83106 -15.920927 45792.347 -60286.5 5193.78 -65480.3 24887.954
9.12 274.44275 -150.66247 45481.886 -60240.9 5243.68 -65484.6 24779.781
9.13 273.67188 615.45939 45873.09 -60037.6 5228.96 -65266.6 24942.269
9.14 270.09465 168.01411 45675.33 -60422 5160.61 -65582.6 24878.592
9.15 270.70052 -78.270851 45917.306 -60145.3 5172.18 -65317.5 24949.656
9.16 274.86531 431.36625 45846.355 -60408.9 5251.76 -65660.7 24984.955
9.17 272.53421 -224.34552 45912.376 -59983.9 5207.22 -65191.1 25020.415
9.18 280.73461 151.35408 45624.956 -60317.6 5363.9 -65681.5 24932.42
9.19 277.62234 306.2275 45476.284 -60026.7 5304.44 -65331.1 24935.627
9.2 275.09435 484.68077 45711.815 -60047.6 5256.13 -65303.8 25033.642
9.21 268.35563 -158.1286 45693.351 -60310.3 5127.38 -65437.7 25077.654
9.22 274.22773 -545.70558 45634.647 -60274.8 5239.58 -65514.4 25124.161
9.23 270.39973 225.26776 46050.274 -60016.4 5166.44 -65182.9 25273.133
9.24 272.16221 312.48708 45738.648 -60481.2 5200.11 -65681.3 25173.863
9.25 270.4609 -140.82845 45620.562 -60170.3 5167.6 -65337.9 25163.813
9.26 272.15686 217.14085 45510.591 -60118.5 5200.01 -65318.5 25135.816
9.27 264.6182 223.91233 45385.736 -60423.4 5055.97 -65479.3 25103.585
9.28 278.85039 -1288.0421 46401.6 -60106.1 5327.9 -65434 25478.721
9.29 270.51546 -396.09907 45892.706 -60271.8 5168.65 -65440.4 25336.976
9.3 275.0373 -598.06033 45795.196 -60191.4 5255.04 -65446.4 25383.319
9.31 280.69734 284.41041 45750.522 -59859.4 5363.19 -65222.6 25355.355
9.32 274.11214 11.954852 45530.546 -60230.6 5237.37 -65468 25340.994
9.33 270.01777 -357.45355 45930.4 -60256.8 5159.14 -65415.9 25533.188
9.34 269.62744 -331.62008 45779.039 -60356.9 5151.68 -65508.5 25500.396
9.35 259.89689 419.21771 45509.263 -60342 4965.76 -65307.7 25440.426
9.36 273.40688 -308.57739 46170.665 -60178 5223.89 -65401.9 25694.97
9.37 271.90129 302.57099 45617.704 -60365.2 5195.13 -65560.3 25552.153
9.38 269.05462 724.94338 45543.328 -60109.6 5140.73 -65250.3 25562.191
9.39 276.45953 642.25079 45826.206 -60115.8 5282.22 -65398 25661.733
9.4 270.6154 -320.87514 45602.161 -59981.6 5170.56 -65152.1 25637.649
9.41 282.70686 -43.799433 45593.814 -60334.6 5401.58 -65736.2 25678.545
9.42 275.98223 376.58467 45518.984 -60096.9 5273.1 -65370 25620.091
9.43 263.8987 -381.36099 45849.868 -60336.3 5042.22 -65378.5 25760.771
9.44 267.61945 -832.04501 45913.92 -60297.7 5113.31 -65411 25852.405
9.45 282.46591 650.93871 45637.551 -59815.4 5396.98 -65212.3 25780.989
9.46 267.80982 121.23532 45987.572 -60077.4 5116.95 -65194.3 25922.263
9.47 278.18258 426.85111 45647.838 -59887.2 5315.14 -65202.3 25824.707
9.48 267.91629 678.07181 45422.412 -60103.4 5118.99 -65222.4 25712.267
9.49 270.14519 916.12757 45499.925 -60066.8 5161.57 -65228.4 25769.274
9.5 270.24699 842.00806 45691.564 -60334 5163.52 -65497.5 25874.651
9.51 263.94499 -465.03072 45712.128 -60361.8 5043.11 -65404.9 25948.478
9.52 278.52292 -296.25852 45764.023 -60078.9 5321.64 -65400.6 25979.139
9.53 270.07634 -108.74857 46111.947 -60054.7 5160.26 -65215 26121.09
9.54 272.92958 436.45272 45617.159 -60311 5214.77 -65525.8 25975.045
9.55 274.53492 619.94618 45781.96 -60006.2 5245.44 -65251.6 26060.242
9.56 279.46036 -59.005163 45891.079 -59636.3 5339.55 -64975.9 26133.928
9.57 275.41079 -101.07057 45912.124 -60233.3 5262.18 -65495.5 26131.278
9.58 276.57883 740.3316 45426.729 -60185.7 5284.5 -65470.2 25987.919
9.59 263.43428 -122.56492 45884.771 -60145.7 5033.35 -65179.1 26233.009
9.6 269.62749 297.47618 45440.081 -60465.4 5151.68 -65617 26086.884
9.61 274.75913 162.46415 45486.141 -60032.1 5249.73 -65281.8 26135.333
9.62 277.82466 805.51391 45713.671 -60348.7 5308.3 -65657 26263.415
9.63 279.02305 528.71237 45792.624 -59762.7 5331.2 -65093.9 26308.815
9.64 267.89184 55.68605 45692.438 -60281 5118.52 -65399.5 26277.703
9.65 270.53846 168.28571 45747.694 -60143.4 5169.09 -65312.5 26329.752
9.66 268.08905 118.6231 45671.94 -60364.5 5122.29 -65486.8 26362.209
9.67 274.54155 62.47206 45903.593 -60351.9 5245.57 -65597.5 26493.207
9.68 270.58113 -563.55297 46139.372 -60269.4 5169.9 -65439.3 26586.019
9.69 267.20444 -504.36217 45770.361 -60506.9 5105.38 -65612.3 26453.614
9.7 279.86421 587.29053 45805.329 -60055.1 5347.27 -65402.4 26534.432
9.71 275.81959 97.028334 45591.331 -60277.6 5269.99 -65547.6 26464.507
9.72 267.06618 228.76466 45889.651 -60523.1 5102.74 -65625.9 26601.002
9.73 272.74915 -135.07797 46080.993 -60083.8 5211.33 -65295.1 26687.393
9.74 273.75959 -151.94138 45861.472 -59923.6 5230.63 -65154.3 26628.325
9.75 265.08733 -163.20386 45624.868 -60450.6 5064.93 -65515.5 26574.004
9.76 278.81845 -353.99507 45961.761 -60103.1 5327.29 -65430.3 26738.556
9.77 267.80143 122.90845 45840.084 -60275 5116.79 -65391.8 26744.264
9.78 275.27082 659.9175 45701.553 -60283.7 5259.51 -65543.2 26708.406
9.79 270.66952 -420.73969 45851.335 -60300.2 5171.59 -65471.8 26820.616
9.8 262.20998 97.795291 46007.862 -60237.1 5009.96 -65247 26935.543
9.81 268.15094 -90.209221 45889.419 -60497.9 5123.47 -65621.4 26915.955
9.82 272.02445 217.29628 45923.522 -60066.9 5197.48 -65264.3 26940.813
9.83 270.57258 77.522181 45945.945 -60405.6 5169.74 -65575.3 26943.378
9.84 271.14052 237.66638 45539.984 -60363 5180.59 -65543.5 26823.091
9.85 267.34423 201.9986 45832.641 -60292 5108.05 -65400.1 26985.698
9.86 272.99539 719.44357 45664.105 -60341.1 5216.03 -65557.1 26961.807
9.87 277.282 230.05443 45435.94 -59892.5 5297.93 -65190.4 26932.436
9.88 277.99177 592.91001 45680.162 -60099.7 5311.49 -65411.2 27036.161
9.89 266.33973 -155.51032 45745.828 -60150.9 5088.86 -65239.8 27072.915
9.9 273.84559 -390.15672 45887.475 -60154.5 5232.27 -65386.8 27197.702
9.91 272.37255 -25.808346 45430.523 -60205.9 5204.13 -65410 27045.059
9.92 264.82713 -541.1547 45706.077 -60323.1 5059.96 -65383.1 27171.193
9.93 280.04601 -329.50956 45624.33 -60098 5350.74 -65448.8 27181.488
9.94 276.98786 -1110.9394 46065.857 -60247.3 5292.31 -65539.6 27370.224
9.95 266.72939 809.10092 45635.113 -60453.9 5096.31 -65550.2 27229.694
9.96 281.86892 394.69049 45481.405 -60180.9 5385.57 -65566.4 27198.999
9.97 266.30356 309.29041 45807.171 -60601.6 5088.17 -65689.8 27347.25
9.98 279.25142 249.92075 46307.984 -60142 5335.56 -65477.5 27536.431
