0 268.85933 -95.6237 46533.353 -63227.8 5113.53 -68341.3 9.7924795
0.01 270.73391 266.82545 46200.342 -63616.1 5149.18 -68765.3 20.856283
0.02 271.95639 -202.69036 46495.602 -63852.5 5172.44 -69025 31.717302
0.03 272.30917 56.839145 46337.983 -63561.1 5179.15 -68740.2 42.313517
0.04 275.64761 -134.02964 46466.75 -63926 5242.64 -69168.6 52.087153
0.05 264.99063 -83.423419 46717.944 -63970.7 5039.95 -69010.6 59.12413
0.06 273.6128 45.006745 46275.737 -63712.8 5203.94 -68916.7 67.78858
0.07 268.78244 -327.13028 46562.672 -64008.3 5112.07 -69120.4 75.548086
0.08 280.7998 218.35279 46238.387 -64256.3 5340.63 -69597 83.132518
0.09 275.40602 -181.87319 46412.623 -64273.3 5238.05 -69511.3 86.997521
0.1 270.42607 -227.17576 46750.609 -64467.4 5143.33 -69610.7 93.403713
0.11 267.9799 -178.53637 46482.413 -64543 5096.81 -69639.8 100.04781
0.12 278.93736 449.11662 46350.307 -64545.2 5305.21 -69850.4 104.21963
0.13 269.38598 159.64776 46442.236 -64782.1 5123.55 -69905.6 110.75563
0.14 267.38344 144.29203 46646.253 -64801.8 5085.46 -69887.2 115.30248
0.15 279.1059 152.03217 46461.294 -64644.8 5308.41 -69953.2 119.62934
0.16 273.13278 432.3884 46376.701 -64730.3 5194.81 -69925.1 126.86657
0.17 270.01532 635.3679 46123.246 -64701 5135.52 -69836.5 132.9949
0.18 270.1151 -236.82894 46588.769 -64285.4 5137.42 -69422.8 137.44155
0.19 274.84841 -337.17753 46500.084 -64458.1 5227.44 -69685.5 144.97442
0.2 273.13504 162.08871 46441.149 -64304.6 5194.85 -69499.5 152.1031
0.21 262.36728 -828.09877 46715.895 -64524.2 4990.06 -69514.3 158.86758
0.22 270.86879 -297.42891 46514.284 -64488.7 5151.75 -69640.5 162.25759
0.23 275.49168 -399.83618 46685.974 -64089.6 5239.67 -69329.2 169.50358
0.24 275.03241 -654.46804 47046.61 -64334.5 5230.94 -69565.4 175.42639
0.25 265.14863 -428.99565 46616.99 -64649.3 5042.96 -69692.2 179.49269
0.26 279.90825 352.02529 46048.187 -64117.8 5323.67 -69441.4 182.59536
0.27 264.65035 -193.87554 46525.605 -64095.4 5033.48 -69128.8 189.31372
0.28 271.35008 -532.90437 46800.64 -64143.9 5160.9 -69304.8 194.60183
0.29 268.33935 -102.87857 46455.65 -63810.8 5103.64 -68914.5 199.10065
0.3 279.09341 285.58462 46263.782 -63816.6 5308.18 -69124.8 203.30553
0.31 266.05945 40.581785 46471.833 -64300.4 5060.28 -69360.7 209.97706
0.32 267.89586 -237.37666 46666.772 -63996.4 5095.21 -69091.7 216.3294
0.33 272.72989 13.857217 46657.908 -64328.6 5187.15 -69515.8 221.51805
0.34 281.04306 -283.26512 46775.735 -64555.4 5345.26 -69900.6 227.03743
0.35 269.11389 -362.74136 46450.573 -64859.4 5118.37 -69977.7 229.09229
0.36 275.28633 336.55041 46342.186 -64603 5235.77 -69838.7 235.65698
0.37 267.27152 -60.865622 46633.955 -64635.4 5083.33 -69718.7 243.96994
0.38 262.45022 -31.186895 46417.593 -64861.2 4991.63 -69852.9 249.96568
0.39 271.42452 952.59031 46099.68 -64448.2 5162.32 -69610.5 251.10196
0.4 274.3875 -68.137173 46472.193 -64542.1 5218.67 -69760.8 256.1567
0.41 270.27574 -318.08278 46630.948 -64455.1 5140.47 -69595.5 260.74464
0.42 275.70558 391.85675 46324.595 -64450.1 5243.74 -69693.9 264.0492
0.43 273.46672 -285.27772 46519.233 -64360.9 5201.16 -69562 269.22973
0.44 276.50846 -111.87016 46605.848 -64337.2 5259.01 -69596.2 276.06357
0.45 266.43236 -224.09065 46445.128 -64619 5067.37 -69686.3 281.39376
0.46 268.93641 783.77446 46216.759 -64464.1 5115 -69579 285.3831
0.47 266.4781 -241.77895 46540.638 -64410.7 5068.24 -69478.9 287.33349
0.48 278.17725 -1076.8955 46946.448 -64463.4 5290.75 -69754.1 293.79714
0.49 271.96359 -577.83451 46634.143 -64484.8 5172.57 -69657.3 299.80643
0.5 272.41468 -590.67503 46777.958 -64235.6 5181.15 -69416.7 303.91204
0.51 267.35666 -117.20035 46609.583 -64531.4 5084.95 -69616.4 306.57863
0.52 276.45686 -176.85306 46485.37 -64276.7 5258.03 -69534.7 314.73443
0.53 269.79153 108.13431 46394.508 -64253.5 5131.26 -69384.8 320.36523
0.54 282.82873 -169.07831 46310.976 -63895.3 5379.22 -69274.5 323.33862
0.55 269.05171 -287.95837 46650.384 -64580 5117.19 -69697.2 328.97966
0.56 270.65075 485.52148 46226.5 -64553.9 5147.6 -69701.5 333.34113
0.57 262.53582 -444.26679 46846.705 -64519 4993.26 -69512.2 339.57328
0.58 272.12424 -74.190996 46677.436 -64920.3 5175.63 -70095.9 341.35429
0.59 277.111 174.24969 46465.512 -64636.2 5270.47 -69906.7 346.57602
0.6 272.07056 -248.7682 46744.623 -64753.8 5174.61 -69928.4 349.62632
0.61 267.33122 -17.40622 46638.462 -65066.9 5084.47 -70151.4 353.63102
0.62 272.95078 -356.0758 46766.645 -65030.7 5191.35 -70222.1 355.06372
0.63 269.29506 75.54422 46148.681 -64955.1 5121.82 -70076.9 356.0505
0.64 278.9939 -666.64965 46826.076 -64564.2 5306.28 -69870.5 365.51258
0.65 269.20715 -110.83927 46437.667 -64809.5 5120.15 -69929.7 368.09278
0.66 268.45802 -138.61598 46570.238 -64738.1 5105.9 -69844 371.58421
0.67 266.66268 394.63901 46409.005 -64877.3 5071.75 -69949 379.00382
0.68 273.35938 -374.45746 46581.258 -64351.4 5199.12 -69550.5 382.9076
0.69 275.09989 -445.3539 46708.987 -64108.1 5232.22 -69340.4 394.10935
0.7 273.65992 68.472021 46506.4 -64438.2 5204.84 -69643 401.63096
0.71 274.77712 -476.61594 46618.152 -64301 5226.08 -69527.1 404.67537
0.72 265.48384 1112.7946 45942.955 -64561.8 5049.33 -69611.1 405.73373
0.73 275.43638 -254.93985 46707.108 -64319.9 5238.62 -69558.6 417.26195
0.74 281.72611 -327.46541 46664.559 -64232.1 5358.25 -69590.3 422.83936
0.75 268.44236 -196.3342 46344.482 -64641.7 5105.6 -69747.3 424.36655
0.76 272.91272 59.031997 46493.084 -64355.9 5190.62 -69546.5 432.0582
0.77 273.69737 68.337766 46173.06 -64128 5205.55 -69333.6 435.6242
0.78 276.03997 74.597757 46539.656 -64110 5250.1 -69360.1 441.7955
0.79 274.9907 -48.939584 46570.897 -64047.5 5230.15 -69277.7 450.91412
0.8 274.33591 -270.016 46462.282 -64482.5 5217.69 -69700.2 462.58738
0.81 273.04712 -500.56133 46678.155 -64311.3 5193.18 -69504.5 468.93194
0.82 273.81654 -503.76722 46719.786 -64689.4 5207.81 -69897.3 476.28005
0.83 263.96676 -55.182394 46605.06 -65138.6 5020.48 -70159 483.62641
0.84 270.67495 547.76102 46226.696 -64705.3 5148.06 -69853.3 485.75122
0.85 277.2804 -53.804097 46612.751 -64859.2 5273.69 -70132.9 488.444
0.86 266.19617 -228.02775 46549.428 -64763.8 5062.88 -69826.6 492.95433
0.87 276.83763 371.99722 46166.714 -64417.2 5265.27 -69682.5 497.05267
0.88 270.87667 -200.71782 46739.938 -64906.1 5151.9 -70058 504.62113
0.89 264.99871 -280.77438 46664.619 -64698.9 5040.1 -69739 511.00126
0.9 271.2483 394.35971 46299.571 -64928.4 5158.97 -70087.4 513.51647
0.91 277.33047 -528.65825 46690.801 -64467.9 5274.65 -69742.6 521.25909
0.92 259.90017 8.8380646 46524.325 -64959.7 4943.13 -69902.8 525.07291
0.93 272.62101 -144.00544 46538.806 -64538 5185.08 -69723 528.16564
0.94 274.49819 452.85108 46168.287 -64557.6 5220.78 -69778.3 527.3589
0.95 268.82135 -324.52336 46507.379 -64591.3 5112.81 -69704.1 536.14828
0.96 266.91103 -138.08147 46464.312 -64255 5076.48 -69331.5 539.89149
0.97 282.23655 158.64093 46574.546 -64073 5367.96 -69440.9 546.64964
0.98 259.57008 318.98473 46252.243 -64636 4936.86 -69572.8 547.47274
0.99 274.68388 -121.26329 46372.299 -64375.5 5224.31 -69599.8 550.25243
1 260.96566 95.493999 46376.608 -64733.4 4963.4 -69696.8 554.31293
1.01 270.58337 302.51091 46266.405 -64415.3 5146.32 -69561.6 556.71895
1.02 270.15351 -465.79609 46659.342 -64593.7 5138.15 -69731.8 563.2576
1.03 274.36202 -131.49793 46497.639 -64326.1 5218.19 -69544.3 562.40828
1.04 274.21129 -67.076544 46504.859 -64477.2 5215.32 -69692.5 564.55003
1.05 268.26905 279.42085 46379.345 -64614 5102.3 -69716.3 567.95753
1.06 267.05504 76.859873 46384.591 -64969 5079.21 -70048.2 571.28701
1.07 261.51143 -344.84411 46635.792 -64976.9 4973.78 -69950.6 575.05633
1.08 281.44048 121.13881 46335.012 -64516.4 5352.82 -69869.2 578.05148
1.09 270.13133 162.2064 46421.285 -64751.9 5137.72 -69889.7 585.09846
1.1 270.84495 -486.00092 46724.547 -64478 5151.3 -69629.3 591.30058
1.11 284.44501 -231.80788 46584.228 -64216.7 5409.96 -69626.7 595.23288
1.12 266.81607 -168.52983 46587.1 -64604.5 5074.67 -69679.1 607.17187
1.13 273.88661 321.00213 46163.707 -64260.5 5209.15 -69469.6 608.51255
1.14 267.83539 -414.52231 46682.978 -64522.1 5094.06 -69616.2 620.5539
1.15 266.11892 -356.59959 46756.741 -64917.8 5061.41 -69979.2 628.06567
1.16 270.82888 -1080.1519 47035.349 -64475.4 5150.99 -69626.4 634.83243
1.17 275.94074 -167.77454 46699.547 -64703 5248.22 -69951.2 638.06496
1.18 266.85355 -519.02136 46852.314 -65135.7 5075.38 -70211.1 644.79059
1.19 262.69051 -48.858247 46568.573 -64660.2 4996.2 -69656.4 649.76873
1.2 274.94031 -521.45904 46841.31 -64749.1 5229.19 -69978.3 661.84876
1.21 274.14085 -585.34822 46753.543 -64943.8 5213.98 -70157.8 663.77102
1.22 259.2497 239.3562 46500.12 -65021.1 4930.76 -69951.8 659.17521
1.23 270.41848 -590.2194 46672.315 -65155 5143.19 -70298.1 665.35276
1.24 271.15759 91.233774 46514.914 -64756.5 5157.24 -69913.7 667.71495
1.25 274.84469 274.59906 46331.351 -64602.4 5227.37 -69829.7 678.56303
1.26 268.24135 340.80393 46297.505 -64770.7 5101.78 -69872.4 683.73598
1.27 276.03266 449.00536 46309.994 -64922.8 5249.96 -70172.8 693.91282
1.28 274.44253 43.769886 46585.243 -64807.4 5219.72 -70027.1 699.6359
1.29 266.57674 54.51949 46360.613 -65179.9 5070.12 -70250 704.99403
1.3 264.54786 640.76035 46210.226 -64967.7 5031.53 -69999.2 709.46247
1.31 271.66135 -657.18866 46626.077 -64841.3 5166.82 -70008.1 715.86867
1.32 282.62421 358.70483 46333.92 -64387.2 5375.33 -69762.6 719.19317
1.33 271.3175 -80.393926 46364.379 -64522.4 5160.28 -69682.7 721.90956
1.34 269.26493 -445.99372 46694.911 -64155.5 5121.25 -69276.7 729.60944
1.35 269.23748 438.77912 46165.015 -64320.9 5120.72 -69441.6 729.87924
1.36 266.468 -793.22418 46613.888 -64426.2 5068.05 -69494.2 739.77449
1.37 274.8609 162.76096 46427.518 -64376.8 5227.68 -69604.5 741.99735
1.38 266.35762 -162.31685 46390.737 -64639.9 5065.95 -69705.8 744.96224
1.39 280.23593 454.79114 46213.022 -63683.1 5329.91 -69013 756.44967
1.4 271.53279 -100.44463 46530.137 -63948.5 5164.38 -69112.8 766.45726
1.41 266.0127 -55.810781 46435.865 -63955.3 5059.39 -69014.7 776.68539
1.42 274.98361 645.5399 45985.8 -63636.6 5230.01 -68866.6 772.97122
1.43 265.11028 748.76416 46226.937 -64128.3 5042.23 -69170.6 785.67889
1.44 267.9335 640.87106 46243.576 -63837.1 5095.92 -68933.1 792.45075
1.45 269.53317 159.57524 46476.785 -64474 5126.35 -69600.3 795.71999
1.46 262.79232 74.865185 46155.429 -64761.4 4998.14 -69759.6 799.18355
1.47 261.48317 -463.796 46587.844 -64993.7 4973.24 -69966.9 806.09766
1.48 268.05284 411.38062 46375.333 -64657.6 5098.19 -69755.7 807.67336
1.49 261.68721 28.162745 46476.303 -64852.7 4977.12 -69829.8 814.19479
1.5 274.55257 -257.34965 46670.598 -64646 5221.81 -69867.8 823.83054
1.51 271.53539 699.66676 46142.6 -64979.1 5164.43 -70143.6 823.14287
1.52 269.74141 158.14253 46492.43 -65207 5130.31 -70337.3 828.5258
1.53 273.91207 -258.52817 46674.258 -64820.6 5209.63 -70030.3 833.8292
1.54 268.09488 265.21109 46277.629 -65122.3 5098.99 -70221.3 832.12324
1.55 269.67608 278.54313 46279.862 -64355.2 5129.07 -69484.2 835.9512
1.56 277.54787 -389.60602 46645.691 -64231.7 5278.78 -69510.4 848.36335
1.57 268.20849 -224.39556 46409.479 -63880.4 5101.15 -68981.5 849.0721
1.58 271.00988 152.78198 46403.559 -63877.9 5154.43 -69032.3 857.15121
1.59 263.3378 -537.13474 46823.199 -63973.4 5008.52 -68981.9 871.18956
1.6 276.53526 -116.64931 46566.648 -63944.4 5259.52 -69203.9 875.81329
1.61 264.11904 144.70392 46490.126 -64297.6 5023.37 -69321 879.15228
1.62 273.93542 403.45749 46099.36 -64036 5210.08 -69246.1 875.97207
1.63 268.63165 57.29554 46302.361 -64221.3 5109.2 -69330.5 885.64037
1.64 263.91407 -168.56591 46462.856 -64179.5 5019.48 -69199 897.83923
1.65 269.92059 433.00227 45975.069 -64358 5133.72 -69491.8 896.52995
1.66 268.87885 194.80128 46119.946 -64211.3 5113.9 -69325.2 901.21911
1.67 262.68825 543.60358 46167.808 -63981.1 4996.16 -68977.3 912.12623
1.68 272.42371 776.69763 46000.162 -64470.8 5181.32 -69652.1 917.94244
1.69 274.3021 -60.353934 46375.449 -64238.4 5217.05 -69455.5 932.9026
1.7 264.782 230.37084 46178.836 -63948.7 5035.98 -68984.7 947.70917
1.71 285.75952 438.03449 46236.562 -63300.5 5434.96 -68735.5 954.47816
1.72 273.17739 7.831525 46450.69 -63936.7 5195.66 -69132.3 957.57599
1.73 266.65376 -174.16143 46346.247 -64135.1 5071.58 -69206.7 964.12078
1.74 272.38719 410.99676 46296.043 -63862.4 5180.63 -69043 961.98219
1.75 267.80837 -652.4625 46736.801 -63936.1 5093.54 -69029.7 973.47312
1.76 277.41889 429.17106 46066.025 -63915 5276.33 -69191.4 973.78504
1.77 259.86369 480.64634 46263.668 -64076.6 4942.44 -69019.1 985.22177
1.78 264.68193 -746.78768 46666.627 -63957.6 5034.08 -68991.6 997.74577
1.79 256.38457 78.676171 46460.038 -63931.4 4876.27 -68807.6 998.96196
1.8 270.32261 27.225005 46416.917 -63639.3 5141.36 -68780.7 1004.049
1.81 272.93879 881.07838 45973.046 -63127.4 5191.12 -68318.6 996.89172
1.82 260.2684 242.95101 46036.937 -63426.1 4950.14 -68376.2 1004.0662
1.83 267.43455 -367.83523 46543.295 -63163.4 5086.43 -68249.8 1016.4698
1.84 276.99524 975.39042 46051.493 -63415.3 5268.27 -68683.6 1023.4565
1.85 265.968 589.53678 46021.502 -63410.7 5058.54 -68469.3 1030.7942
1.86 261.6881 -677.36914 46288.918 -63732.1 4977.14 -68709.2 1040.8063
1.87 274.55954 133.48866 46300.29 -63272.2 5221.95 -68494.2 1054.8741
1.88 270.94854 -144.73534 46246.596 -63384.7 5153.27 -68538 1067.2945
1.89 260.69112 -676.38586 46591.038 -63186 4958.18 -68144.2 1085.3862
1.9 260.58352 -670.05647 46685.125 -63523.1 4956.13 -68479.2 1100.4265
1.91 269.50086 427.32209 46189.834 -63131.3 5125.73 -68257 1094.7658
1.92 264.38393 -557.00839 46323.356 -63161.2 5028.41 -68189.6 1107.3047
1.93 273.7138 658.57959 45885.429 -62723.6 5205.86 -67929.5 1102.8292
1.94 263.81943 516.84677 46027.741 -62967.3 5017.68 -67985 1118.7781
1.95 267.21684 -240.64006 46135.157 -62644.5 5082.29 -67726.8 1119.3699
1.96 266.7156 43.892334 46299.635 -62444.7 5072.76 -67517.5 1129.5559
1.97 275.61909 1.0000763 46127.1 -62368.2 5242.1 -67610.3 1139.7826
1.98 281.73129 -292.3473 46490.147 -62079.8 5358.35 -67438.2 1156.023
1.99 275.07642 -80.921206 46139.119 -61890.6 5231.78 -67122.3 1162.4282
2 276.66914 143.47717 46129.147 -62170.4 5262.07 -67432.5 1179.9733
2.01 274.13922 271.49703 45718.373 -62097.3 5213.95 -67311.2 1178.5882
2.02 273.56589 22.636747 46159.746 -61624 5203.05 -66827 1202.4296
2.03 269.55743 -365.38613 46231.291 -61562.8 5126.81 -66689.6 1216.3597
2.04 263.99747 -544.45964 46117.402 -61756.1 5021.06 -66777.2 1221.982
2.05 265.44262 250.47743 45964.233 -61562.5 5048.55 -66611 1221.3878
2.06 270.49148 22.276742 45869.207 -61684 5144.57 -66828.6 1232.6983
2.07 267.0642 77.654559 45773.071 -61101.8 5079.39 -66181.2 1239.3576
2.08 273.85692 92.260348 45671.129 -60568.4 5208.58 -65776.9 1253.5212
2.09 276.2137 459.53833 45419.993 -59919.2 5253.41 -65172.6 1280.2498
2.1 272.42886 7.5101883 45558.207 -60133.7 5181.42 -65315.2 1305.4421
2.11 280.48201 1074.2828 45378.173 -59843.2 5334.59 -65177.8 1338.3995
2.12 271.38588 47.820775 45403.275 -60124.3 5161.58 -65285.9 1355.7797
2.13 267.10284 -596.94969 45836.159 -60221.2 5080.12 -65301.3 1391.9081
2.14 279.70351 -114.94609 45794.353 -59642.8 5319.78 -64962.6 1421.4446
2.15 274.72142 -316.18736 45792.654 -60026.9 5225.02 -65251.9 1442.6661
2.16 266.76796 490.65859 45215.479 -60351.8 5073.75 -65425.6 1458.222
2.17 280.05841 216.44329 45452.724 -59828.9 5326.53 -65155.4 1492.6821
2.18 280.13224 525.51255 45664.463 -59847 5327.93 -65174.9 1527.0227
2.19 270.75263 -328.03015 45784.932 -60091 5149.54 -65240.5 1562.4369
2.2 268.49438 376.61669 45556.385 -59937.5 5106.59 -65044 1580.0271
2.21 265.81181 246.27184 45388.338 -60055.8 5055.57 -65111.4 1599.2511
2.22 275.05724 232.95267 45243.952 -59650.4 5231.41 -64881.8 1625.6348
2.23 267.08301 426.7163 45313.484 -60183.2 5079.75 -65263 1661.1797
2.24 274.88272 162.34654 45233.227 -59862.2 5228.09 -65090.3 1683.1714
2.25 262.88784 366.50994 45393.262 -60065 4999.96 -65065 1720.5703
2.26 272.60713 -51.329632 45708.264 -60290 5184.81 -65474.8 1755.2701
2.27 264.28674 -63.441546 45645.031 -60121.5 5026.56 -65148.1 1770.9392
2.28 267.89183 391.36318 45629.83 -59834.6 5095.13 -64929.8 1791.5967
2.29 273.60768 109.54534 45099.203 -60251.3 5203.84 -65455.1 1798.0535
2.3 273.84914 224.815 45320.48 -59950.9 5208.43 -65159.3 1829.6949
2.31 266.44512 -417.83565 45777.535 -60143 5067.61 -65210.6 1877.4443
2.32 266.14589 -511.96079 45494.614 -60026.4 5061.92 -65088.4 1897.2472
2.33 265.18415 -284.21768 45630.3 -60360.4 5043.63 -65404 1933.6204
2.34 277.99055 359.14623 45677.702 -59796.3 5287.2 -65083.5 1964.0547
2.35 264.91737 797.74854 45188.844 -59993.1 5038.56 -65031.6 1983.7388
2.36 278.61145 129.0947 45553.574 -59988.9 5299.01 -65287.9 2015.8447
2.37 266.99384 -17.254721 45542.321 -59930.5 5078.05 -65008.5 2039.0517
2.38 268.81631 167.42724 45486.531 -60193 5112.71 -65305.7 2049.9092
2.39 269.08372 479.34686 45448.332 -60072 5117.8 -65189.8 2078.8207
2.4 256.89037 -20.209315 45486.223 -60087.7 4885.89 -64973.6 2104.4042
2.41 272.57259 58.269297 45620.629 -59753.5 5184.16 -64937.6 2143.2734
2.42 271.90878 -361.43438 45578.656 -60118 5171.53 -65289.6 2165.7528
2.43 270.89837 -761.52317 45734.467 -59873.3 5152.31 -65025.6 2203.661
2.44 270.76804 350.93319 45311.057 -59932 5149.83 -65081.8 2218.7316
2.45 279.24988 -273.56247 45597.603 -59728.1 5311.15 -65039.3 2251.5021
2.46 276.12291 65.13207 45796.112 -60069.4 5251.68 -65321.1 2291.2973
2.47 278.12381 -693.17449 45710.533 -60003.1 5289.74 -65292.8 2304.4948
2.48 275.31415 -154.10593 45458.451 -59877.4 5236.3 -65113.7 2313.6683
2.49 270.17385 299.59983 45158.17 -59978.2 5138.53 -65116.7 2319.3981
2.5 274.53663 -555.03747 45693.019 -59628.5 5221.51 -64850 2365.453
2.51 267.87626 -137.94092 45744.009 -60014.4 5094.83 -65109.2 2393.553
2.52 275.35403 -66.19508 45204.592 -59705.9 5237.06 -64942.9 2397.189
2.53 261.91019 -85.938842 45685.84 -59931.6 4981.36 -64913 2447.0801
2.54 262.99022 -202.54534 45612.218 -60495.7 5001.9 -65497.6 2465.5743
2.55 271.64587 -122.37637 45431.225 -59780.2 5166.53 -64946.8 2483.6505
2.56 268.63693 463.96247 45222.313 -60156.8 5109.3 -65266.1 2509.5114
2.57 264.0909 -392.78504 45787.196 -59872.3 5022.84 -64895.2 2551.4617
2.58 264.95805 -186.4989 45875.242 -60142.2 5039.33 -65181.6 2578.8723
2.59 277.21777 -182.16152 45696.338 -59768.8 5272.5 -65041.3 2602.2523
2.6 282.16173 62.838545 45365.034 -59544.3 5366.53 -64910.8 2624.4448
2.61 280.37096 194.92776 45481.232 -59820.5 5332.48 -65153 2646.2726
2.62 264.05641 -207.58093 45734.049 -60246.2 5022.18 -65268.4 2693.587
2.63 264.34273 637.38973 45366.689 -59912.7 5027.63 -64940.4 2722.1033
2.64 264.01652 -368.97895 45720.563 -60224.4 5021.42 -65245.8 2756.0015
2.65 263.83204 60.610558 45558.054 -60022.4 5017.92 -65040.4 2783.1052
2.66 271.90988 896.37556 45430.823 -60204.5 5171.55 -65376.1 2801.6064
2.67 272.29582 59.839823 45403.437 -59815.4 5178.89 -64994.3 2841.6643
2.68 270.69684 -1001.2806 46010.486 -59921.9 5148.48 -65070.3 2901.529
2.69 281.57278 495.06477 45478.953 -59879.1 5355.33 -65234.4 2901.75
2.7 272.56511 -435.65008 45379.614 -59896 5184.01 -65080.1 2921.3417
2.71 262.11234 -390.77846 45602.191 -60253.5 4985.21 -65238.7 2962.2901
2.72 275.20909 487.23786 45607.627 -59913.2 5234.3 -65147.5 2985.0627
2.73 270.63674 -125.89839 45581.298 -60086 5147.34 -65233.3 3030.7911
2.74 276.13374 559.31811 45574.71 -59928.2 5251.89 -65180 3075.8058
2.75 272.3732 403.06181 45291.649 -60034.8 5180.36 -65215.2 3077.5712
2.76 260.85331 206.95399 45665.735 -60256.9 4961.26 -65218.1 3118.1523
2.77 273.66357 -158.06478 45397.787 -60006.8 5204.91 -65211.7 3120.2465
2.78 262.7312 486.01727 45431.172 -60224.5 4996.98 -65221.4 3149.8057
2.79 268.82257 -164.63569 45364.157 -59962.8 5112.83 -65075.7 3172.4119
2.8 266.99203 -912.83781 45853.909 -60120.9 5078.02 -65198.9 3221.6022
2.81 267.21745 -678.1593 45878.185 -59974.3 5082.3 -65056.6 3261.6105
2.82 279.08132 679.20067 45225.248 -59658.2 5307.95 -64966.1 3260.5798
2.83 277.58193 -172.42179 46013.457 -59835.8 5279.43 -65115.2 3346.0445
2.84 268.31928 245.81981 45425.511 -59888.6 5103.26 -64991.8 3354.6658
2.85 270.6381 667.2827 45419.581 -59986.5 5147.36 -65133.9 3369.4967
2.86 275.98842 -70.050667 45535.078 -59970.2 5249.12 -65219.4 3405.0471
2.87 273.4845 476.03934 45508.88 -60030.7 5201.5 -65232.2 3415.8099
2.88 276.39375 -256.69333 45803.009 -59794.3 5256.83 -65051.1 3449.7458
2.89 269.3734 -158.18605 45453.276 -60000.1 5123.31 -65123.4 3450.2725
2.9 274.60681 132.82542 45831.199 -59948.4 5222.84 -65171.2 3505.8066
2.91 263.2032 -584.61367 45655.659 -60047.1 5005.96 -65053.1 3518.603
2.92 279.75053 9.1087836 45541.27 -59789.2 5320.68 -65109.8 3542.8819
2.93 270.05391 -262.35937 45636.4 -60037.1 5136.25 -65173.3 3574.8475
2.94 278.6639 1125.1946 45253.737 -59652.2 5300.01 -64952.2 3579.2632
2.95 270.06699 586.31902 45320.916 -60042.1 5136.5 -65178.6 3618.5103
2.96 274.65309 388.6569 45633.891 -59761 5223.72 -64984.7 3679.6236
2.97 281.67432 685.99271 45250.302 -60011.7 5357.26 -65368.9 3684.7325
2.98 273.44002 405.66167 45623.651 -60058.9 5200.65 -65259.6 3743.2385
2.99 263.03041 289.13788 45441.132 -60195.8 5002.67 -65198.5 3748.5847
3 273.04871 -89.335001 45569.439 -59662.4 5193.21 -64855.6 3802.2406
3.01 271.32831 587.14684 45510.716 -59876.1 5160.49 -65036.6 3816.3468
3.02 261.30339 185.74142 45558.08 -60208.5 4969.82 -65178.3 3851.7314
3.03 268.17893 212.88056 45516.265 -59826.8 5100.59 -64927.4 3875.8026
3.04 269.36957 -172.09976 45446.086 -60118 5123.24 -65241.2 3911.7792
3.05 268.74255 -54.571139 45298.044 -60129.3 5111.31 -65240.6 3929.4768
3.06 286.99328 648.59347 45468.888 -59647.7 5458.43 -65106.2 3952.2223
3.07 266.17039 37.186783 45411.224 -60015 5062.39 -65077.4 3977.9756
3.08 261.30862 -227.51252 45535.766 -60119 4969.92 -65088.9 4006.838
3.09 267.03355 -270.72499 45609.589 -59874.9 5078.81 -64953.7 4048.4565
3.1 275.0532 -175.59096 45612.208 -59883.4 5231.33 -65114.7 4051.4677
3.11 268.23107 -73.078064 45656.008 -60224.9 5101.58 -65326.5 4080.1958
3.12 271.98545 -520.06064 45580.974 -59987.2 5172.99 -65160.2 4094.9883
3.13 266.78931 850.81074 45282.96 -59990.1 5074.16 -65064.2 4114.443
3.14 273.42635 56.112971 45525.334 -59944.3 5200.39 -65144.6 4153.9862
3.15 283.03381 838.88182 45063.43 -60077.3 5383.12 -65460.5 4164.2612
3.16 268.4533 362.27619 45590.978 -60261.1 5105.81 -65366.9 4232.5159
3.17 266.41813 113.20395 45212.12 -59966.2 5067.1 -65033.3 4232.0878
3.18 273.57008 724.3018 45269.447 -59963.5 5203.13 -65166.7 4263.9188
3.19 270.04864 -325.7833 45638.975 -60118.7 5136.15 -65254.8 4337.1118
3.2 265.63839 -49.890279 45630.736 -60270.2 5052.27 -65322.5 4354.4475
3.21 272.02851 967.64139 44996.618 -59824 5173.81 -64997.8 4335.1998
3.22 265.94612 -755.03524 45898.815 -60093.1 5058.12 -65151.2 4420.8093
3.23 272.63372 147.74198 45669.1 -60039.9 5185.32 -65225.2 4444.7627
3.24 277.60178 -434.29348 45757.184 -59637.2 5279.81 -64917.1 4483.9491
3.25 267.1645 251.3171 45484.087 -60131 5081.3 -65212.3 4502.8786
3.26 266.65823 52.754272 45679.092 -59753 5071.67 -64824.7 4543.5304
3.27 278.5843 1137.958 45184.19 -59945.4 5298.49 -65243.9 4560.3775
3.28 269.41982 -615.13434 45899.375 -60000.9 5124.19 -65125.1 4659.99
3.29 266.34734 530.78697 45491.141 -60240.9 5065.75 -65306.7 4653.8675
3.3 269.73215 -637.8126 45883.657 -59780.9 5130.13 -64911.1 4726.0793
3.31 277.60502 -412.46356 45365.791 -59686.7 5279.87 -64966.6 4720.3764
3.32 268.7464 -79.375077 45719.082 -59807.9 5111.38 -64919.3 4764.6981
3.33 269.86834 128.40185 45442.862 -59835.5 5132.72 -64968.3 4774.4548
3.34 267.63515 -721.15076 45656.072 -60137.7 5090.25 -65227.9 4820.2943
3.35 272.81085 -6.9164421 45414.008 -59549.8 5188.69 -64738.5 4820.7368
3.36 270.88403 68.27604 45251.365 -60024.1 5152.04 -65176.1 4848.009
3.37 274.72929 -273.21012 45789.262 -59708.5 5225.17 -64933.7 4916.8292
3.38 262.63132 -99.012332 45598.216 -60017.9 4995.08 -65012.9 4924.5234
3.39 275.50115 123.57988 45622.603 -59797.1 5239.85 -65036.9 4954.5363
3.4 269.98526 -233.43588 45290.072 -59915.5 5134.95 -65050.5 4946.8888
3.41 269.97859 -542.24315 46004.199 -59900.4 5134.82 -65035.3 5013.7171
3.42 269.09807 -328.24631 45802.225 -59968.6 5118.07 -65086.6 5030.5762
3.43 277.93298 390.25157 45739.677 -59612.9 5286.11 -64899 5035.6392
3.44 270.44598 -70.209954 45443.036 -59970.6 5143.71 -65114.3 5040.493
3.45 267.8923 -68.795431 45666.578 -60124.1 5095.14 -65219.3 5093.8282
3.46 274.52468 -346.35749 45578.181 -59824.9 5221.28 -65046.2 5107.9568
3.47 282.94367 928.49557 45209.689 -59758.7 5381.41 -65140.1 5115.9032
3.48 275.62665 -100.11901 45535.332 -59804.3 5242.24 -65046.5 5160.8739
3.49 276.77665 -56.24681 45399.161 -59862.7 5264.11 -65126.9 5166.1095
3.5 279.21315 126.71656 45592.278 -59858.8 5310.45 -65169.3 5212.3289
3.51 256.39241 379.52755 45347.96 -60222.1 4876.42 -65098.5 5230.8489
3.52 266.38539 -223.5216 45877.917 -59898.8 5066.48 -64965.3 5283.047
3.53 276.67286 758.96233 45471.788 -59769.1 5262.14 -65031.2 5260.6431
3.54 262.14305 -105.03459 45572.449 -59990.4 4985.79 -64976.2 5297.3166
3.55 263.84922 -353.88269 45521.718 -60126.9 5018.24 -65145.1 5303.4945
3.56 271.28927 -416.4999 45515.701 -60257.2 5159.75 -65416.9 5317.6105
3.57 279.5335 -250.05547 45700.709 -59579.6 5316.55 -64896.1 5348.3845
3.58 262.06362 -579.00077 45391.796 -60111.7 4984.28 -65096 5337.0883
3.59 285.29617 -524.00708 45955.668 -59578.5 5426.15 -65004.7 5413.2943
3.6 264.59243 -430.17813 45535.396 -60154.8 5032.38 -65187.2 5394.0511
3.61 277.29807 -340.18927 45526.158 -59946.9 5274.03 -65220.9 5429.4437
3.62 271.64115 594.80313 45167.999 -60213.4 5166.44 -65379.9 5417.1369
3.63 272.54679 238.57053 45290.332 -59937.4 5183.66 -65121 5450.883
3.64 269.51825 327.84333 45147.751 -59944.1 5126.06 -65070.2 5479.8412
3.65 274.64598 823.82505 45507.668 -59818.2 5223.59 -65041.7 5568.3113
3.66 267.42432 256.97381 45526.923 -59855.2 5086.24 -64941.4 5598.9778
3.67 282.59855 218.06208 45455.383 -59752.7 5374.84 -65127.6 5611.4221
3.68 278.03143 500.57492 45575.056 -59939.8 5287.98 -65227.8 5652.4472
3.69 258.98462 -172.54917 45551.826 -60135.2 4925.72 -65060.9 5680.9048
3.7 263.12521 -537.98261 45948.984 -60207.8 5004.47 -65212.3 5750.2499
3.71 258.91296 678.98238 45455.11 -60579.6 4924.36 -65504 5738.2818
3.72 276.61917 38.130392 45426.001 -59930.6 5261.12 -65191.7 5748.2294
3.73 265.20392 -161.59022 45718.314 -60249.7 5044.01 -65293.7 5800.1762
3.74 276.71284 181.14509 45524.786 -59831.4 5262.9 -65094.3 5788.9547
3.75 269.78151 -247.36947 45480.552 -60009.6 5131.07 -65140.7 5813.1629
3.76 268.83843 -331.458 45437.345 -60144.8 5113.13 -65258 5812.4978
3.77 270.65727 170.60668 45320.149 -59943.3 5147.73 -65091 5832.4092
3.78 261.29423 -385.5574 45492.549 -60216 4969.65 -65185.6 5890.7899
3.79 268.8845 -1029.7886 45803.187 -59989.9 5114.01 -65103.9 5935.0533
3.8 276.54707 -673.46305 45861.001 -60017.9 5259.75 -65277.6 5956.8802
3.81 270.5707 -180.09627 45816.497 -59930.9 5146.08 -65076.9 5975.3328
3.82 262.171 301.97781 45253.439 -60311.7 4986.32 -65298 5980.2133
3.83 274.56958 -32.530972 45357.713 -60072.6 5222.14 -65294.7 6022.3195
3.84 263.22636 117.24855 45468.223 -59838 5006.4 -64844.4 6058.3733
3.85 282.95865 481.67684 45581.043 -60038.4 5381.69 -65420.1 6097.0206
3.86 265.27454 -756.25711 46105.95 -60233.7 5045.35 -65279 6184.0183
3.87 281.00881 -405.05455 45892.476 -60006.3 5344.61 -65350.9 6179.572
3.88 266.26633 -472.13427 45433.364 -60131.5 5064.21 -65195.7 6171.4842
3.89 273.25703 -364.68583 45657.104 -60080.2 5197.17 -65277.3 6207.1081
3.9 285.94015 70.024226 45347.312 -59557.9 5438.4 -64996.3 6210.881
3.91 266.03918 -407.06308 45441.787 -60287.4 5059.89 -65347.3 6242.7884
3.92 270.5516 -92.249508 45604.267 -60142 5145.72 -65287.7 6288.2658
3.93 272.00386 -371.23434 45428.863 -60340 5173.34 -65513.3 6310.6603
3.94 274.5682 374.02664 45442.505 -60112.1 5222.11 -65334.3 6322.305
3.95 276.45314 -36.17121 45356.501 -59914.7 5257.96 -65172.7 6361.9489
3.96 268.30656 -781.13954 46025.195 -60028.1 5103.02 -65131.1 6445.8337
3.97 281.70175 985.7937 45114.333 -59686.5 5357.79 -65044.2 6388.5948
3.98 274.66418 1131.6161 45288.103 -59731.8 5223.94 -64955.7 6426.6339
3.99 265.52396 -416.98504 45572.46 -59970.3 5050.09 -65020.4 6485.9403
4 267.32627 -24.557236 45583.461 -59894.3 5084.37 -64978.6 6506.318
4.01 258.76071 -236.88289 45739.157 -59901.2 4921.46 -64822.7 6558.7124
4.02 268.53848 11.979547 45390.497 -60205.2 5107.43 -65312.6 6537.656
4.03 269.39979 -207.75618 45725.509 -59969.2 5123.81 -65093 6617.1089
4.04 273.46163 -193.3093 45646.258 -59806.7 5201.06 -65007.8 6606.7926
4.05 270.6186 -103.98089 45698.019 -59966.8 5146.99 -65113.8 6647.9193
4.06 270.38421 -876.06609 45657.383 -59903.5 5142.53 -65046 6650.785
4.07 274.77834 -318.6441 45397.993 -60036 5226.11 -65262.1 6666.1184
4.08 268.00616 -790.94704 45981.568 -60104.5 5097.3 -65201.8 6760.0601
4.09 267.27448 181.11732 45591.832 -60249.7 5083.39 -65333.1 6756.6366
4.1 265.06628 -51.62748 45416.045 -60112.8 5041.39 -65154.2 6767.2878
4.11 273.14134 -668.57086 45814.499 -59576.8 5194.97 -64771.8 6826.4553
4.12 270.62499 -394.49556 45739.023 -59939.7 5147.11 -65086.8 6857.0527
4.13 274.34418 -217.13854 45467.706 -60079.7 5217.85 -65297.6 6835.5823
4.14 282.55898 -65.544582 45571.354 -59642.5 5374.09 -65016.6 6859.1207
4.15 266.13679 415.03311 45547.761 -59938.6 5061.75 -65000.4 6876.4472
4.16 273.20737 -438.99475 45647.939 -60073.1 5196.23 -65269.3 6919.8164
4.17 268.49253 117.03182 45292.284 -60161.6 5106.56 -65268.2 6885.1802
4.18 274.22047 335.17789 45390.813 -59825.9 5215.5 -65041.4 6917.5734
4.19 260.65508 462.61093 45289.282 -60279.2 4957.49 -65236.7 6939.8549
4.2 274.67417 -394.6765 45958.891 -59922.3 5224.13 -65146.4 7046.5557
4.21 271.22049 133.8933 45348.156 -60065.8 5158.44 -65224.3 7011.1355
4.22 272.63374 553.98958 45213.033 -60065.6 5185.32 -65250.9 7008.7519
4.23 266.97538 353.10871 45413.061 -59990.1 5077.7 -65067.8 7041.9791
4.24 269.01765 -182.51086 45596.022 -60213.7 5116.54 -65330.2 7089.2039
4.25 270.8394 64.492465 45703.413 -60080.4 5151.19 -65231.6 7110.3928
4.26 265.25152 -633.09295 45811.969 -60210.2 5044.91 -65255.1 7144.3522
4.27 268.78996 69.564161 45743.664 -60134.2 5112.21 -65246.4 7171.0843
4.28 269.18806 281.2423 45418.498 -60006.1 5119.78 -65125.8 7157.0527
4.29 274.85619 132.56292 45829.954 -59880.1 5227.59 -65107.7 7209.9147
4.3 274.38358 -681.17015 45673.372 -60086.7 5218.6 -65305.3 7231.7019
4.31 272.01401 25.113419 45648.348 -59848 5173.53 -65021.5 7254.6279
4.32 270.23114 203.52735 45480.828 -59985.2 5139.62 -65124.8 7272.3962
4.33 271.04825 -347.08622 45774.599 -59998.6 5155.16 -65153.8 7340.1475
4.34 281.06493 -85.947075 45695.7 -59733 5345.67 -65078.7 7330.6368
4.35 270.45554 74.470842 45404.598 -59979.8 5143.89 -65123.7 7303.2305
4.36 278.70595 482.63777 45382.72 -59760.2 5300.81 -65061 7327.412
4.37 260.47046 -290.19212 45566.146 -60187.5 4953.98 -65141.5 7352.3816
4.38 269.11036 99.408324 45577.142 -59967.9 5118.31 -65086.2 7384.3629
4.39 286.29471 407.1799 45756.828 -59708.4 5445.14 -65153.6 7435.2407
4.4 273.7723 377.25081 45625.428 -60089.3 5206.97 -65296.3 7449.201
4.41 272.07511 -177.13797 45558.944 -59683.7 5174.69 -64858.4 7464.6503
4.42 272.84591 52.98995 45605.34 -60067.5 5189.35 -65256.9 7504.7724
4.43 268.62461 -882.94089 45748.731 -59985.8 5109.07 -65094.9 7548.9497
4.44 285.96871 112.21366 45576.756 -59352.9 5438.94 -64791.8 7569.5122
4.45 263.40707 319.65656 45460.826 -60034.7 5009.83 -65044.5 7575.068
4.46 258.02701 -887.79686 45599.091 -60314.2 4907.51 -65221.7 7602.5006
4.47 275.68588 167.30401 45714.966 -60095.6 5243.37 -65339 7643.8349
4.48 275.44154 -372.32877 45772.164 -59869.8 5238.72 -65108.5 7696.3405
4.49 268.93824 -354.56887 46070.731 -59875.8 5115.03 -64990.8 7763.8004
4.5 266.05724 738.64416 45403.999 -59930.7 5060.24 -64990.9 7724.4099
4.51 274.70429 -627.26725 45684.418 -59830.2 5224.7 -65054.9 7798.7419
4.52 268.75237 806.74927 45090.815 -60174.1 5111.5 -65285.6 7775.2449
4.53 275.41596 -502.5642 45878.095 -59391.8 5238.23 -64630.1 7916.0468
4.54 265.61791 -252.34174 45764.067 -60036.5 5051.88 -65088.4 7929.6918
4.55 275.46354 -68.807099 45514.064 -59617 5239.14 -64856.1 7938.5635
4.56 268.85403 -547.77676 45712.987 -59934.7 5113.43 -65048.2 8000.9078
4.57 253.10056 -52.438148 45581.693 -60196.7 4813.81 -65010.5 8015.7804
4.58 279.56771 -461.50657 46108.018 -59899.6 5317.2 -65216.8 8121.1841
4.59 268.12703 55.874527 45389.374 -59920.9 5099.6 -65020.5 8080.3139
4.6 281.14623 274.76974 45737.94 -59859.8 5347.22 -65207 8160.9759
4.61 274.50635 -140.33571 45643.15 -60100.4 5220.93 -65321.4 8190.4794
4.62 273.68943 119.51352 45677.375 -60066.2 5205.4 -65271.6 8203.0842
4.63 276.45956 185.93884 45341.057 -59644.4 5258.08 -64902.5 8197.961
4.64 275.20308 -815.47378 45715.142 -59742.1 5234.19 -64976.3 8276.2862
4.65 272.58562 -177.40878 45918.457 -59947 5184.4 -65131.4 8330.9171
4.66 269.29374 317.41994 45559.762 -60005.6 5121.79 -65127.4 8320.7465
4.67 280.35021 449.23695 45460.013 -59662.5 5332.08 -64994.6 8337.9508
4.68 266.06347 -564.61989 45706.092 -60173.5 5060.36 -65233.8 8402.7667
4.69 268.69287 44.497746 45337.834 -60234.9 5110.37 -65345.3 8374.9353
4.7 265.16987 -727.31865 45634.336 -60077.6 5043.36 -65120.9 8421.3855
4.71 279.94767 -237.96762 45702.596 -59935.4 5324.42 -65259.8 8474.8966
4.72 274.73804 -84.762578 45627.698 -60002.2 5225.34 -65227.5 8484.9789
4.73 269.76086 -455.75844 45636.109 -59854.5 5130.68 -64985.2 8495.9229
4.74 273.95329 -191.26202 45566.717 -60131.5 5210.42 -65341.9 8524.9403
4.75 276.6258 312.85957 45754.395 -60005.8 5261.24 -65267 8552.2321
4.76 266.60596 -371.33422 45504.082 -60175.6 5070.67 -65246.3 8556.3261
4.77 266.96171 -60.501234 45605.883 -59865.6 5077.44 -64943 8581.8942
4.78 268.78573 -456.86143 45641.618 -60046 5112.13 -65158.1 8624.8749
4.79 278.25535 -111.11597 45808.965 -59593.3 5292.24 -64885.5 8679.8504
4.8 271.28621 452.31427 45289.245 -59804.1 5159.69 -64963.8 8658.2832
4.81 277.3508 354.56519 45555.781 -59832.5 5275.03 -65107.5 8716.3676
4.82 278.66951 -497.09284 45481.669 -60060.4 5300.12 -65360.5 8740.1922
4.83 259.94417 552.14393 45317.737 -60264.7 4943.97 -65208.6 8753.4708
4.84 276.97163 -728.33271 45795.363 -59717.7 5267.82 -64985.5 8847.3692
4.85 270.5661 -31.654412 45600.724 -60025.3 5145.99 -65171.2 8842.8666
4.86 275.26615 -127.13784 45482.551 -60011.5 5235.39 -65246.9 8848.7866
4.87 280.2497 -364.61491 45430.319 -59714.6 5330.17 -65044.8 8883.8291
4.88 270.91766 -255.95025 45650.79 -59804.1 5152.68 -64956.8 8965.267
4.89 273.3736 -571.19561 45849.809 -60038.7 5199.39 -65238.1 9007.2534
4.9 281.36236 139.43194 45303.699 -59878.8 5351.33 -65230.2 8944.1762
4.91 271.11117 547.77944 45284.993 -60060.3 5156.36 -65216.6 8954.9014
4.92 275.53647 181.67106 46001.66 -59817.2 5240.53 -65057.7 9086.0501
4.93 268.95262 -289.70791 45502.382 -60001.7 5115.31 -65117 9048.4278
4.94 271.38243 -440.20575 45806.904 -59953 5161.52 -65114.5 9128.9778
4.95 278.01583 269.68754 45610.732 -59699.9 5287.68 -64987.6 9108.2002
4.96 269.75703 -325.3861 45650.924 -59985.5 5130.61 -65116.1 9129.5279
4.97 265.99347 108.21211 45586.626 -59946.4 5059.02 -65005.5 9157.3551
4.98 268.18292 300.42466 45305.141 -60025.5 5100.67 -65126.1 9142.0696
4.99 280.36259 346.20738 45549.966 -60068.5 5332.32 -65400.8 9182.0788
5 273.9184 -114.48191 45454.36 -59978.5 5209.75 -65188.3 9183.304
5.01 273.46587 107.65262 45211.068 -59996.7 5201.15 -65197.9 9206.4926
5.02 270.65696 276.40837 45799.926 -59842.1 5147.72 -64989.8 9322.7025
5.03 273.48188 1014.7635 45430.317 -59825.6 5201.45 -65027 9326.3803
5.04 271.20174 501.96631 45575.436 -59878 5158.08 -65036.1 9400.1086
5.05 273.2378 -803.47073 45901.671 -60115.1 5196.81 -65312 9474.5482
5.06 264.23383 -452.51136 45699.809 -60319.6 5025.56 -65345.2 9500.3964
5.07 265.15755 -327.37385 45796.511 -59953.4 5043.13 -64996.6 9519.3166
5.08 272.68498 86.343172 45677.068 -59773.2 5186.29 -64959.5 9539.0145
5.09 269.77916 437.05843 45359.206 -59993.4 5131.03 -65124.4 9508.8053
5.1 267.84152 394.01537 45534.353 -60207.1 5094.17 -65301.2 9548.2236
5.11 271.00747 -942.29751 45943.735 -59731 5154.39 -64885.4 9630.453
5.12 276.04322 138.66525 45260.063 -59631 5250.16 -64881.1 9541.2512
5.13 272.0652 -149.84528 45713.812 -59765.4 5174.51 -64939.9 9636.0541
5.14 263.13193 57.608506 45997.799 -60155.1 5004.6 -65159.7 9697.2299
5.15 274.04771 -581.40362 45717.355 -59724.2 5212.21 -64936.4 9676.6216
5.16 271.98274 -600.73983 45932.452 -60030.7 5172.94 -65203.6 9742.957
5.17 270.66848 969.84236 45168.107 -60423.2 5147.94 -65571.1 9675.2772
5.18 270.91183 -400.12836 45501.874 -59999.6 5152.57 -65152.2 9784.6515
5.19 267.37578 -513.25354 45577.867 -60042.6 5085.32 -65127.9 9832.5177
5.2 282.29787 -333.50186 45782.403 -59696.8 5369.12 -65065.9 9873.3544
5.21 265.46381 -138.62783 45614.882 -60009.1 5048.95 -65058.1 9870.405
5.22 270.4357 -299.82254 45667.613 -59749.9 5143.51 -64893.4 9898.7022
5.23 273.69123 -385.92048 45551.512 -59941 5205.43 -65146.4 9882.3774
5.24 265.86539 -151.48668 45477.176 -60044.4 5056.59 -65101 9892.3445
5.25 268.51547 -458.15648 45935.595 -60175.4 5106.99 -65282.3 9989.9897
5.26 283.15151 167.33813 45526.83 -59842.1 5385.36 -65227.4 9935.7185
5.27 267.65501 560.51218 45361.738 -59886.8 5090.63 -64977.4 9940.2421
5.28 268.80311 382.23365 45541.307 -59845.7 5112.46 -64958.2 9988.068
5.29 265.95324 -435.67843 45620.623 -59933.9 5058.26 -64992.1 10026.77
5.3 274.03055 469.59632 45137.966 -60165.2 5211.88 -65377.1 9980.8053
5.31 264.25406 -350.14233 45495.13 -60170.6 5025.94 -65196.6 10064.097
5.32 267.87888 400.72928 45292.634 -60160.9 5094.88 -65255.8 10047.541
5.33 273.44744 627.76027 45504.861 -59843.9 5200.79 -65044.7 10106.666
5.34 268.89943 -87.837637 45599.583 -59950 5114.29 -65064.3 10146.535
5.35 283.11155 -116.85862 45652.619 -59629 5384.6 -65013.6 10194.232
5.36 273.67754 691.05953 45368.958 -59981.4 5205.17 -65186.6 10151.043
5.37 268.80165 -170.0477 45713.79 -60054.6 5112.43 -65167.1 10215.356
5.38 276.01237 -115.68353 45845.167 -59893.8 5249.58 -65143.4 10265.411
5.39 270.46129 -183.10803 45673.577 -60023.8 5144 -65167.8 10261.152
5.4 268.81642 781.91646 45195.619 -60234.8 5112.72 -65347.5 10216.09
5.41 283.24435 66.27284 45564.098 -59624.2 5387.13 -65011.3 10307.317
5.42 268.64824 -199.73365 45588.588 -60170.6 5109.52 -65280.1 10314.364
5.43 266.30413 815.5932 45243.497 -59927.5 5064.93 -64992.4 10276.434
5.44 268.45398 -487.19646 45845.302 -59971.3 5105.82 -65077.1 10410.135
5.45 272.22856 187.75906 45651.697 -60066.2 5177.61 -65243.9 10412.621
5.46 272.45202 353.48825 45746.511 -59870.3 5181.86 -65052.2 10469.562
5.47 270.2153 250.38248 45406.41 -59930.8 5139.32 -65070.1 10460.874
5.48 266.68146 256.17971 45174.37 -59856.5 5072.11 -64928.6 10447.296
5.49 276.1559 -173.22976 45608.948 -59753.2 5252.31 -65005.5 10541.574
5.5 265.52268 31.087892 45549.912 -60325.5 5050.07 -65375.5 10572.903
5.51 275.50656 -509.90361 45611.023 -59945.4 5239.96 -65185.4 10594.195
5.52 262.36298 -50.374252 45700.015 -60333.8 4989.98 -65323.8 10617.595
5.53 271.80378 272.55673 45302.089 -60170 5169.53 -65339.6 10602.356
5.54 272.45463 165.94728 45674.979 -59910.3 5181.91 -65092.2 10663.603
5.55 265.8178 444.30583 45404.33 -60134.3 5055.68 -65189.9 10655.815
5.56 271.30589 75.488602 45405.502 -59780.3 5160.06 -64940.4 10667.811
5.57 263.08828 503.3348 45369.85 -60045.8 5003.77 -65049.6 10670.562
5.58 269.29184 -149.17586 45663.378 -60086.3 5121.76 -65208.1 10751.075
5.59 275.02651 -360.49686 45835.032 -59853.8 5230.83 -65084.6 10808.269
5.6 283.66574 -324.09098 45535.65 -60028.8 5395.14 -65423.9 10790.191
5.61 265.29424 -44.622954 45448.282 -60319.8 5045.73 -65365.5 10788.154
5.62 268.66866 -127.25166 45518.33 -60151.3 5109.9 -65261.2 10815.038
5.63 270.90291 441.60797 45569.296 -60006.6 5152.4 -65159 10846.057
5.64 273.12381 450.79976 45406.691 -59888.3 5194.64 -65083 10848.349
5.65 276.41548 -379.22081 45551.283 -59670.1 5257.24 -64927.3 10922.163
5.66 271.03301 140.16158 45764.628 -59814.3 5154.87 -64969.2 10959.935
5.67 274.26974 -223.5086 45375.059 -59956.9 5216.43 -65173.4 10936.536
5.68 266.49839 216.4756 45640.922 -60088 5068.63 -65156.6 11037.797
5.69 269.36407 -258.32308 45841.448 -59826.6 5123.13 -64949.7 11095.421
5.7 287.23693 283.58104 45547.635 -59490.4 5463.06 -64953.4 11069.019
5.71 267.05368 -211.72144 45582.336 -60290.7 5079.19 -65369.8 11115.501
5.72 269.27241 -1180.0855 46122.73 -59853.1 5121.39 -64974.5 11242.724
5.73 271.13897 221.36895 45636.245 -59833 5156.89 -64989.9 11185.12
5.74 274.48407 181.93171 45429.938 -59857.2 5220.51 -65077.7 11180.519
5.75 270.43859 -390.5617 45571.318 -60175.9 5143.57 -65319.5 11236.678
5.76 269.57278 -253.82078 45613.577 -59788.2 5127.1 -64915.3 11256.26
5.77 262.37513 244.55381 45636.418 -59932.9 4990.21 -64923.1 11282.393
5.78 261.99714 242.78262 45606.645 -60371.9 4983.02 -65354.9 11303.424
5.79 275.265 141.88134 45279.485 -59733.8 5235.36 -64969.1 11296.693
5.8 268.67228 228.55096 45291.119 -59791.9 5109.97 -64901.8 11320.441
5.81 276.25645 347.40264 45517.932 -60158.7 5254.22 -65412.9 11389.598
5.82 279.32011 964.04519 45306.422 -59836 5312.49 -65148.5 11396.427
5.83 265.58071 -501.14416 45711.925 -60265 5051.17 -65316.2 11481.974
5.84 264.95858 -187.54934 45689.766 -60230.2 5039.34 -65269.6 11487.448
5.85 266.50235 -324.81675 45859.151 -59852.1 5068.7 -64920.8 11527.727
5.86 271.89534 -392.10591 45675.585 -60152 5171.27 -65323.3 11550.918
5.87 272.36144 -745.38156 45799.297 -59741.6 5180.14 -64921.7 11573.014
5.88 277.90978 -253.26952 45429.249 -59769.6 5285.67 -65055.2 11503.871
5.89 270.69088 -680.37072 45726.281 -60125 5148.37 -65273.4 11575.052
5.9 268.73303 107.355 45694.746 -59979.1 5111.13 -65090.2 11590.775
5.91 268.24669 526.94967 45285.39 -60264.8 5101.88 -65366.7 11559.267
5.92 276.29305 -301.37283 45411.404 -59938.2 5254.92 -65193.1 11588.395
5.93 271.68705 105.98714 45866.315 -59843.3 5167.31 -65010.6 11706.204
5.94 268.41033 37.539763 45528.513 -59990.9 5104.99 -65095.9 11672.023
5.95 253.31669 -424.42191 45530.149 -60450 4817.92 -65268 11696.965
5.96 272.01032 -522.12937 45662.761 -59892.3 5173.46 -65065.8 11736.804
5.97 281.18892 -502.73239 45806.347 -59684.4 5348.03 -65032.5 11790.603
5.98 274.98908 582.34388 45179.471 -59800.3 5230.12 -65030.4 11733.875
5.99 277.00072 117.56488 45533.182 -60014.6 5268.38 -65283 11833.306
6 266.86968 242.39849 45527.716 -59761 5075.69 -64836.7 11880.746
6.01 257.69661 -633.2026 45434.932 -60317.9 4901.22 -65219.1 11922.244
6.02 272.69897 -207.24019 45695.505 -59795.5 5186.56 -64982.1 11988.291
6.03 267.48939 -80.672204 45340.264 -60320.1 5087.48 -65407.6 11964.875
6.04 288.25916 -37.482714 45600.655 -59782.9 5482.5 -65265.4 12048.373
6.05 271.26643 526.2047 45577.527 -59972.8 5159.31 -65132.1 12068.743
6.06 266.85835 -447.04621 46019.384 -60255.5 5075.47 -65331 12157.746
6.07 269.39264 183.20293 45647.532 -59849 5123.67 -64972.7 12125.96
6.08 254.85513 110.49567 45379.854 -60479.2 4847.18 -65326.4 12104.791
6.09 268.31625 -400.23985 45946.601 -59975.7 5103.2 -65078.9 12253.945
6.1 269.05642 479.23571 45308.791 -59925.4 5117.28 -65042.6 12133.038
6.11 267.92666 -220.47954 45302.409 -59992 5095.79 -65087.8 12162.317
6.12 272.66775 167.43615 45545.843 -59840.7 5185.97 -65026.6 12237.828
6.13 267.62937 -212.44439 45670.21 -60086.3 5090.14 -65176.4 12275.83
6.14 277.52155 256.51885 45428.722 -59856.7 5278.28 -65135 12283.426
6.15 264.82349 1112.8798 45202.886 -60460.4 5036.77 -65497.2 12280.092
6.16 270.05526 518.62917 45457.383 -59829.7 5136.28 -64966 12328.869
6.17 258.80272 287.88257 45216.058 -60120.7 4922.26 -65043 12316.838
6.18 274.13906 33.479132 45599.287 -59818.7 5213.95 -65032.7 12438.117
6.19 265.4687 -571.90773 45888.256 -60243.1 5049.04 -65292.2 12496.947
6.2 273.62722 -281.0326 45727.349 -60020.9 5204.21 -65225.1 12487.368
6.21 265.62085 1192.5383 45145.182 -60198.4 5051.94 -65250.4 12408.638
6.22 276.97779 338.16019 45650.089 -59632.1 5267.94 -64900.1 12498.116
6.23 273.64295 655.21318 45391.619 -60024.6 5204.51 -65229.1 12517.848
6.24 260.71131 326.20404 45432.25 -59727.1 4958.56 -64685.7 12547.072
6.25 272.6945 -30.585867 45529.022 -60177.2 5186.47 -65363.7 12587.124
6.26 278.20993 637.47213 45479.559 -59933.4 5291.37 -65224.7 12606.824
6.27 268.29667 629.38767 45280.551 -59900.1 5102.83 -65002.9 12603.235
6.28 265.83438 142.09279 45717.216 -60029.3 5056 -65085.3 12708.149
6.29 268.60812 308.25465 45206.995 -59961.4 5108.75 -65070.2 12639.402
6.3 275.99263 756.17062 45378.728 -59883.7 5249.2 -65132.9 12678.829
6.31 271.18338 620.64594 45145.829 -60134 5157.73 -65291.7 12675.505
6.32 273.91154 -442.98538 45592.338 -60035.4 5209.62 -65245 12789.833
6.33 272.51651 -14.112089 45881.074 -59862.1 5183.09 -65045.2 12869.03
6.34 268.99499 -542.22809 45767.319 -60453.9 5116.11 -65570 12870.382
6.35 266.69967 241.74698 45163.963 -60088.6 5072.46 -65161 12786.289
6.36 273.36208 -290.204 45622.636 -60091.2 5199.17 -65290.4 12885.778
6.37 269.79871 505.43384 45543.18 -59977.8 5131.4 -65109.2 12894.822
6.38 270.41229 -746.37057 45934.644 -59946.7 5143.07 -65089.8 12990.54
6.39 275.7752 260.87789 45602.618 -59930.7 5245.07 -65175.8 12974.966
6.4 272.00647 85.095361 45889.783 -59528.3 5173.39 -64701.7 13059.466
6.41 271.56203 126.0105 45479.823 -59907.4 5164.94 -65072.3 12992.434
6.42 267.53134 183.28616 45323.155 -60144.1 5088.27 -65232.4 12987.402
6.43 263.28895 306.40511 45198.014 -60236.1 5007.59 -65243.7 12970.749
6.44 270.79969 -598.91672 45857.396 -59867 5150.44 -65017.4 13120.813
6.45 269.28445 -399.86966 45323.83 -60272.5 5121.62 -65394.1 13075.86
6.46 266.56819 73.181419 45555.055 -60099.3 5069.96 -65169.2 13151.371
6.47 274.02637 -718.50124 45964.506 -59995 5211.81 -65206.8 13235.424
6.48 276.53852 311.77943 45649.048 -59951.7 5259.58 -65211.3 13202.035
6.49 275.6025 -752.86014 45692.733 -59583.6 5241.78 -64825.4 13233.754
6.5 265.03559 150.76656 45396.376 -59965.8 5040.81 -65006.6 13231.372
6.51 264.3735 -231.47616 45483.961 -60173.8 5028.21 -65202 13268.402
6.52 279.60444 522.63944 45514.937 -60028.1 5317.9 -65346 13298.686
6.53 269.8332 -574.85741 45508.448 -59976.8 5132.05 -65108.9 13312.727
6.54 277.27317 232.52305 45542.881 -59658.5 5273.56 -64932 13339.48
6.55 267.49586 -408.92245 45855.773 -60053.5 5087.6 -65141.1 13444.124
6.56 266.44444 108.47887 45531.726 -60153.6 5067.6 -65221.2 13385.518
6.57 258.90074 165.84508 45407.69 -60122.9 4924.13 -65047 13391.802
6.58 273.55267 484.77775 45404.804 -59776.9 5202.8 -64979.7 13398.489
6.59 268.58961 739.05477 45376.886 -60051.4 5108.4 -65159.8 13417.146
6.6 268.9281 244.0558 45316.308 -60023.7 5114.84 -65138.5 13423.154
6.61 263.37561 -205.21581 45518.604 -59874.9 5009.23 -64884.1 13495.671
6.62 266.7328 377.19067 45647.384 -59965.7 5073.09 -65038.8 13577.39
6.63 260.16459 -736.51103 45778.868 -60121.2 4948.16 -65069.4 13621.572
6.64 268.03686 -0.28754301 45450.848 -60188.2 5097.89 -65286.1 13574.323
6.65 273.68345 158.82634 45304.091 -60007.4 5205.28 -65212.6 13570.122
6.66 269.80918 -935.21479 45758.739 -60090.2 5131.6 -65221.8 13662.779
6.67 276.26442 307.24032 45342.202 -60188.1 5254.37 -65442.5 13592.802
6.68 275.98781 200.0073 45200.528 -60015 5249.11 -65264.1 13609.097
6.69 278.26861 -241.08299 45577.617 -60149 5292.49 -65441.5 13719.977
6.7 272.55773 -908.87691 46087.713 -59793.4 5183.87 -64977.3 13806.557
6.71 278.85067 8.5564597 45418.921 -60047.1 5303.56 -65350.7 13718.467
6.72 285.92085 105.67867 45543.058 -59735.8 5438.03 -65173.9 13763.094
6.73 273.16371 -596.30399 45838.552 -60143.6 5195.4 -65339 13860.167
6.74 272.18634 -152.32176 45751.342 -59721.8 5176.81 -64898.6 13875.239
6.75 275.01422 307.95253 45328.674 -59954.5 5230.59 -65185.1 13839.919
6.76 269.51355 -408.77836 45803.07 -60274.1 5125.97 -65400 13991.103
6.77 258.71862 -305.05258 45955.877 -60070.7 4920.66 -64991.4 14047.648
6.78 265.99361 -21.779843 45560.24 -60024.5 5059.03 -65083.5 13965.814
6.79 268.11635 -624.24614 45834.397 -60110.4 5099.4 -65209.8 14066.583
6.8 269.55158 948.12453 45373.857 -59727.8 5126.7 -64854.5 13994.661
6.81 273.88761 -980.83684 45906.722 -60017.7 5209.17 -65226.9 14160.343
6.82 270.31894 -634.90078 45961.068 -59712 5141.29 -64853.3 14207.505
6.83 271.15267 -400.75511 45448.096 -59795.7 5157.15 -64952.9 14125.41
6.84 271.83338 360.68388 45272.427 -60079.1 5170.1 -65249.2 14090.558
6.85 278.05817 113.86343 45421.577 -59765.3 5288.49 -65053.8 14149.302
6.86 258.99855 -762.2497 45481.696 -60138.9 4925.99 -65064.9 14230.616
6.87 267.40456 -96.055966 45878.72 -59785.7 5085.86 -64871.6 14332.59
6.88 276.90245 50.111071 45635.885 -59873.6 5266.51 -65140.1 14273.106
6.89 279.96823 100.50019 45764.844 -59669.5 5324.82 -64994.3 14313.981
6.9 275.01052 445.31584 45387.858 -59863.4 5230.52 -65093.9 14254.5
6.91 267.6492 -276.02128 45399.755 -60041.9 5090.52 -65132.4 14311.869
6.92 270.83093 -383.53264 45721.337 -59746.7 5151.03 -64897.7 14410.576
6.93 270.42757 405.88429 45300.276 -59997.5 5143.36 -65140.9 14357.923
6.94 262.3625 191.21459 45464.438 -60349.6 4989.97 -65339.6 14411.991
6.95 272.69735 -224.75273 45606.799 -60099.6 5186.53 -65286.2 14497.62
6.96 270.31594 -272.77448 45573.44 -60009.7 5141.24 -65150.9 14488.127
6.97 258.15196 -26.003033 45663.615 -60274.5 4909.88 -65184.4 14578.642
6.98 275.41395 8.5799706 45436.025 -59935.7 5238.2 -65173.9 14562.052
6.99 276.64315 145.32013 45400.423 -59921.2 5261.57 -65182.8 14574.936
7 269.5256 -259.05345 45670.107 -60327.2 5126.2 -65453.5 14644.482
7.01 274.21035 60.053338 45606.333 -60027.1 5215.3 -65242.4 14646.424
7.02 257.20579 497.48392 45272.796 -59997 4891.89 -64888.9 14616.084
7.03 266.47451 -303.00735 45354.395 -60237 5068.17 -65305.2 14671.342
7.04 273.45621 564.63979 45193.789 -59931.2 5200.96 -65132.1 14651.037
7.05 289.2042 597.89382 45255.403 -59704.9 5500.48 -65205.4 14689.883
7.06 271.64526 -365.21799 45500.86 -60126.8 5166.52 -65293.3 14755.576
7.07 268.31102 400.62458 45299.338 -60186.2 5103.1 -65289.3 14708.475
7.08 272.11757 397.88095 45436.212 -60039 5175.5 -65214.5 14753.859
7.09 266.7047 -216.27651 45707.986 -60204.8 5072.55 -65277.4 14865.595
7.1 267.49281 -126.68046 45324.629 -59820.5 5087.54 -64908.1 14806.385
7.11 262.46917 -511.53893 45774.623 -59981.7 4991.99 -64973.7 14910.967
7.12 269.21635 189.38596 45314.461 -60225.7 5120.32 -65346.1 14814.138
7.13 281.27771 185.76875 45544.605 -59844.7 5349.72 -65194.5 14894.744
7.14 278.84292 184.28553 45618.544 -59891.8 5303.41 -65195.2 14902.809
7.15 272.85192 415.63329 45294.256 -60025.8 5189.47 -65215.3 14829.982
7.16 269.01989 47.259389 45481.287 -60136.4 5116.59 -65253 14887.866
7.17 272.43364 -148.54392 45397.014 -60109 5181.51 -65290.5 14885.075
7.18 264.05335 208.15679 45397.919 -60239.8 5022.13 -65261.9 14951.732
7.19 269.03085 -268.87007 45776.332 -59913.3 5116.79 -65030.1 15076.966
7.2 272.92801 296.04523 45582.867 -60120.3 5190.92 -65311.2 15038.236
7.21 275.90816 -1020.2988 45857.974 -60166.6 5247.6 -65414.2 15091.102
7.22 265.79907 118.23956 45391.617 -60194.7 5055.33 -65250 15063.659
7.23 268.60829 -494.57942 45781.278 -60066.1 5108.76 -65174.9 15175.907
7.24 277.84514 -439.07835 45831.061 -59776 5284.44 -65060.5 15224.285
7.25 275.24758 -170.23271 45361.168 -59879.4 5235.03 -65114.4 15163.14
7.26 268.55988 430.40746 45560.321 -59972.8 5107.84 -65080.6 15219.84
7.27 273.8432 -192.18726 45805.592 -59940.9 5208.32 -65149.2 15290.834
7.28 280.09176 232.9096 45297.048 -59860.5 5327.17 -65187.6 15246.087
7.29 263.61764 300.21177 45323.192 -60005.3 5013.84 -65019.2 15279.276
7.3 268.14475 30.325892 45328.547 -60143.1 5099.94 -65243 15317.368
7.31 275.7856 -615.54685 45711.174 -59902.5 5245.26 -65147.8 15398.171
7.32 265.90133 -343.541 45483.088 -60328.9 5057.27 -65386.2 15373.573
7.33 273.47602 -637.95492 45805.087 -59928.3 5201.34 -65129.7 15453.271
7.34 262.24686 -590.26529 45833.699 -60111.4 4987.77 -65099.2 15468.681
7.35 263.99042 256.08166 45227.679 -60551.1 5020.93 -65572 15354.178
7.36 263.32371 -787.98915 45749.192 -59855.5 5008.25 -64863.7 15499.169
7.37 273.51457 -399.08281 45512.696 -60016.2 5202.07 -65218.3 15461.754
7.38 278.01367 131.53267 45791.218 -59895.8 5287.64 -65183.4 15561.501
7.39 270.65785 537.67833 44961.122 -59994 5147.74 -65141.7 15391.72
7.4 278.23977 325.47701 45473.083 -59744.2 5291.94 -65036.2 15553.508
7.41 281.42961 -339.82217 45890.329 -59917.8 5352.61 -65270.4 15672.416
7.42 278.77668 -269.346 45870.569 -59685.5 5302.15 -64987.7 15656.791
7.43 272.09211 313.31309 45306.491 -59970.3 5175.02 -65145.3 15583.76
7.44 276.3906 282.09536 45530.793 -59968.4 5256.77 -65225.2 15657.991
7.45 269.4752 66.34903 45273.242 -60005.3 5125.24 -65130.5 15643.588
7.46 279.60229 1.6718723 45454.032 -59847.9 5317.86 -65165.8 15704.915
7.47 268.26051 -611.74141 45708.908 -60111.2 5102.14 -65213.4 15769.271
7.48 276.31071 666.7028 45311.15 -59723.5 5255.25 -64978.8 15737.772
7.49 269.45973 -423.03346 45582.51 -60211.5 5124.95 -65336.4 15812.66
7.5 261.45826 -7.1981166 45559.425 -60107.6 4972.77 -65080.4 15843
7.51 265.68738 -299.27987 45590.611 -60012.2 5053.2 -65065.4 15864.757
7.52 268.70593 399.12357 45280.043 -60255.3 5110.61 -65365.9 15868.685
7.53 279.85575 79.90016 45585.274 -59892.9 5322.68 -65215.6 15992.926
7.54 275.77225 423.51846 45320.918 -60073.1 5245.01 -65318.1 15934.512
7.55 265.88164 -238.20415 45544.122 -60155.1 5056.9 -65212 16015.116
7.56 277.5995 218.27312 45480.752 -59820.9 5279.76 -65100.7 16043.462
7.57 270.42818 316.7219 45574.375 -59815.6 5143.37 -64959 16096.012
7.58 271.38809 -1134.5154 45823.813 -60042.6 5161.63 -65204.3 16178.701
7.59 271.19427 353.70531 45235.039 -60259.1 5157.94 -65417.1 16102.957
7.6 278.32328 38.288183 45562.235 -59949.8 5293.53 -65243.3 16213.156
7.61 271.81808 95.397977 45524.989 -60014.2 5169.8 -65184 16225.408
7.62 277.93996 -320.61913 45731.605 -59639.7 5286.24 -64925.9 16275.578
7.63 267.79683 -92.62807 45320.868 -60048.3 5093.32 -65141.7 16218.704
7.64 284.80199 120.12264 45643.063 -59520.2 5416.75 -64937 16321.584
7.65 279.49212 960.72351 45256.179 -59830.9 5315.76 -65146.7 16260.257
7.66 264.46667 -51.938439 45804.994 -60137.9 5029.99 -65167.9 16426.058
7.67 272.94479 200.00812 45381.657 -59878.1 5191.23 -65069.3 16350.611
7.68 268.10591 36.695823 45399.853 -60254 5099.2 -65353.2 16382.497
7.69 281.45268 217.32527 45588.659 -59729.9 5353.05 -65083 16445.492
7.7 280.62732 -170.63437 45615.087 -59879.7 5337.35 -65217 16492.571
7.71 260.2804 163.053 45511.176 -60260.8 4950.37 -65211.2 16518.15
7.72 275.79265 176.23385 45643.992 -59754.5 5245.4 -64999.9 16589.394
7.73 270.65469 -402.92901 45601.685 -59897.2 5147.68 -65044.9 16604.07
7.74 269.38187 840.20473 45230.797 -59943 5123.47 -65066.5 16504.713
7.75 268.60752 1094.7517 45092.378 -60287.1 5108.74 -65395.8 16509.396
7.76 268.76477 309.02329 45482.468 -59914.5 5111.73 -65026.2 16647.273
7.77 262.90413 257.19546 45295.048 -59939.8 5000.27 -64940.1 16635.088
7.78 274.55902 154.53986 45372.846 -59582.4 5221.94 -64804.3 16666.936
7.79 268.37526 -105.2404 45683.961 -60058.9 5104.32 -65163.2 16759.298
7.8 276.08399 -614.74469 45496.297 -59998.2 5250.94 -65249.1 16702.283
7.81 278.12694 -392.4844 45583.955 -59999.5 5289.8 -65289.3 16736.131
7.82 268.64966 -104.49936 45603.87 -60229.4 5109.54 -65339 16747.961
7.83 269.94465 -133.69539 45751.361 -60100.1 5134.17 -65234.2 16811.817
7.84 278.04346 -401.43539 45766.709 -59692.7 5288.21 -64980.9 16849.797
7.85 267.13281 51.011741 45390.417 -60114.2 5080.69 -65194.9 16757.796
7.86 272.80167 -487.34483 45969.811 -59680.5 5188.51 -64869 16908.091
7.87 272.46865 436.62373 45549.215 -60041.9 5182.18 -65224.1 16846.07
7.88 274.81381 476.85595 45522.731 -60248.6 5226.78 -65475.4 16829.974
7.89 271.07583 -81.739464 45547.26 -59824.9 5155.69 -64980.6 16836.946
7.9 264.3998 42.660633 45708.395 -60194.8 5028.71 -65223.6 16904.869
7.91 272.65528 430.06586 45208.223 -59746.5 5185.73 -64932.3 16786.425
7.92 267.55445 -114.31489 45326.17 -60045 5088.71 -65133.7 16844.667
7.93 273.08784 241.29487 45497.826 -59578.6 5193.96 -64772.5 16928.08
7.94 270.87501 308.78898 45477.037 -59887.7 5151.87 -65039.5 16967.299
7.95 267.28011 -256.75008 45399.628 -60050.4 5083.5 -65133.9 16982.743
7.96 271.66335 -407.49303 45613.934 -60084.3 5166.86 -65251.1 17057.944
7.97 259.77859 339.19492 45174.556 -60292.8 4940.82 -65233.6 16979.331
7.98 267.67312 -270.56451 45940.325 -60114.2 5090.97 -65205.2 17201.572
7.99 275.5482 -649.85115 46107.349 -59700.9 5240.75 -64941.7 17296.199
8 256.49086 -18.268407 45341.211 -60215.3 4878.29 -65093.6 17137.155
8.01 274.31616 75.371128 45668.389 -59830.9 5217.32 -65048.2 17274.318
8.02 268.73764 385.84673 45645.917 -60325.7 5111.22 -65437 17300.527
8.03 274.14117 -247.32233 45544.626 -60136.7 5213.99 -65350.7 17291.486
8.04 277.1642 221.40247 45441.403 -59722.9 5271.48 -64994.4 17291.12
8.05 265.93953 395.62574 45210.681 -60256.8 5058 -65314.8 17270.98
8.06 270.00141 -701.24012 45791.972 -59799.5 5135.25 -64934.7 17464.201
8.07 271.77861 87.362655 45728.165 -60013.9 5169.05 -65183 17491.889
8.08 276.40027 99.538372 45707.421 -60098.5 5256.96 -65355.5 17502.064
8.09 274.04626 -487.68663 45943.907 -59953.6 5212.18 -65165.8 17591.391
8.1 275.2047 -39.214712 45375.968 -60007.5 5234.22 -65241.7 17505.113
8.11 264.11194 -345.90811 45632.502 -59842.6 5023.24 -64865.8 17641.845
8.12 268.77702 148.50678 45401.609 -60074.7 5111.97 -65186.7 17639.685
8.13 260.68395 -134.45441 45603.903 -60259.9 4958.04 -65217.9 17715.413
8.14 274.06393 -148.93368 45453.843 -60013.1 5212.52 -65225.6 17690.262
8.15 274.28624 -561.14732 45936.245 -59942 5216.75 -65158.8 17840.953
8.16 271.38563 148.03127 45479.902 -60099.8 5161.58 -65261.4 17790.769
8.17 264.90084 -345.35413 45733.83 -60003.5 5038.24 -65041.7 17850.499
8.18 270.52396 190.56894 45538.956 -59800.3 5145.19 -64945.5 17840.777
8.19 264.64478 -188.57257 45417.797 -60356.7 5033.37 -65390.1 17830.876
8.2 267.65827 272.40506 45601.318 -59943.3 5090.69 -65034 17907.67
8.21 275.45894 396.26348 45475.984 -59811.7 5239.05 -65050.8 17935.024
8.22 276.16516 519.29923 45426.275 -59970.2 5252.48 -65222.7 17947.12
8.23 264.57922 -455.86084 45770.438 -60076.3 5032.13 -65108.4 18048.358
8.24 267.38091 -457.38184 45800.589 -60178.5 5085.41 -65263.9 18057.73
8.25 272.58328 -456.24793 45663.856 -59675.5 5184.36 -64859.8 18023.499
8.26 271.54583 291.84461 45342.458 -60033.1 5164.63 -65197.8 17965.353
8.27 273.41059 269.13646 45508.755 -59757 5200.09 -64957.1 18017.927
8.28 275.3565 -892.45231 45810.081 -59980 5237.1 -65217.1 18145.889
8.29 273.10215 582.55098 45115.92 -59981.4 5194.23 -65175.6 18024.99
8.3 276.19188 -480.90298 45843.48 -59653.8 5252.99 -64906.7 18245.464
8.31 279.81688 -303.92304 45629.091 -60085.9 5321.94 -65407.8 18208.092
8.32 272.85484 568.78274 45264.89 -60036 5189.52 -65225.6 18126.204
8.33 279.12218 48.915964 45522.728 -59820.8 5308.72 -65129.6 18245.526
8.34 279.19794 741.13517 45104.497 -59926.4 5310.17 -65236.5 18178.658
8.35 272.60499 -454.67657 45765.357 -59900.4 5184.77 -65085.2 18418.405
8.36 268.9607 17.31 45501.329 -59952.4 5115.46 -65067.9 18419.469
8.37 274.24317 -93.782896 45802.991 -59834.2 5215.93 -65050.1 18553.467
8.38 265.55506 -29.616151 45635.402 -59668.4 5050.69 -64719.1 18522.742
8.39 274.70177 -175.05289 45446.27 -59860.5 5224.65 -65085.2 18525.54
8.4 267.91687 -677.39625 45692.173 -59978.4 5095.61 -65074 18604.355
8.41 267.18446 176.80866 45526.472 -60188.2 5081.68 -65269.9 18575.908
8.42 259.38044 653.74445 45285.233 -60230.3 4933.25 -65163.5 18519.326
8.43 271.83051 353.2532 45655.955 -60091.9 5170.04 -65261.9 18649.026
8.44 285.71881 -138.3533 45675.619 -59498.8 5434.19 -64933 18687.588
8.45 271.95018 50.734691 45620.836 -60054.3 5172.32 -65226.6 18707.494
8.46 282.45873 -398.58583 45886.542 -59602.6 5372.18 -64974.7 18784.783
8.47 264.74843 -152.07847 45675.774 -60185.3 5035.34 -65220.6 18743.563
8.48 263.15013 12.869289 45806.911 -60020.2 5004.95 -65025.1 18821.126
8.49 267.10268 -383.8185 45570.918 -60392.6 5080.12 -65472.8 18763.118
8.5 270.69423 497.93923 45576.668 -59790.9 5148.43 -64939.3 18780.742
8.51 279.9106 -223.51201 45600.012 -59736.1 5323.72 -65059.8 18785.444
8.52 268.51556 243.53066 45567.701 -60224.5 5106.99 -65331.5 18812.493
8.53 267.93415 -309.42126 45600.538 -59864.1 5095.94 -64960 18831.134
8.54 264.47731 -212.43677 45312.458 -60145.5 5030.19 -65175.7 18725.602
8.55 264.93981 -655.39075 45632.675 -59936.6 5038.98 -64975.6 18807.759
8.56 275.31389 -491.36162 45658.12 -59816.6 5236.29 -65052.9 18868.633
8.57 273.17686 541.92892 45071.374 -59980.1 5195.65 -65175.8 18734.206
8.58 267.91173 -229.44134 45704.225 -59924.2 5095.51 -65019.7 18920.777
8.59 272.45385 78.462697 45775.292 -59815.7 5181.9 -64997.6 19006.004
8.6 263.99069 82.174486 45544.233 -60112.4 5020.93 -65133.4 18989.069
8.61 266.15035 2.5930051 45323.989 -60343.9 5062.01 -65405.9 18999.554
8.62 270.29696 101.14419 45398.569 -59954.7 5140.87 -65095.6 19056.028
8.63 271.22229 -310.04894 45716.23 -60005.8 5158.47 -65164.3 19200.007
8.64 269.75498 -1149.7905 45777.354 -60224.3 5130.57 -65354.9 19233.27
8.65 264.30683 -237.02859 45584.911 -60076.3 5026.95 -65103.2 19194.981
8.66 269.03226 -78.519807 45515.485 -60109.3 5116.82 -65226.1 19155.268
8.67 264.6887 -483.06882 45884.211 -60148.8 5034.21 -65183 19274.579
8.68 271.10796 298.14838 45447.566 -60259.8 5156.3 -65416.1 19140.919
8.69 266.92662 -92.221409 45591.987 -59795.2 5076.77 -64872 19201.726
8.7 269.22467 -44.940838 45584.198 -59982.4 5120.48 -65102.9 19211.588
8.71 273.29361 -140.29012 46012.693 -59635 5197.87 -64832.9 19389.735
8.72 265.20754 -529.44546 45742.614 -60078.8 5044.08 -65122.9 19335.067
8.73 271.09735 490.5286 45347.567 -60112.8 5156.1 -65268.9 19251.041
8.74 271.73738 -177.15993 45790.521 -59893.2 5168.27 -65061.5 19387.643
8.75 267.02863 100.19354 45141.192 -59956.8 5078.71 -65035.5 19253.399
8.76 264.13434 -767.5804 46109.148 -59636.5 5023.67 -64660.2 19553.477
8.77 282.39125 -360.30621 45738.679 -59933.1 5370.9 -65304 19468.348
8.78 276.40834 -65.318702 45839.427 -59811.3 5257.11 -65068.4 19523.684
8.79 280.33139 375.26943 45539.161 -59887.6 5331.72 -65219.3 19458.671
8.8 266.63351 -197.65286 45626.194 -59895.9 5071.2 -64967.1 19465.354
8.81 278.64423 -940.32775 45980.641 -59863.8 5299.63 -65163.4 19587.528
8.82 258.07435 -115.2145 45484.798 -60347.1 4908.41 -65255.5 19488.894
8.83 279.87663 474.83133 45429.044 -59936.4 5323.07 -65259.5 19517.45
8.84 273.41941 67.244751 45418.458 -59796.5 5200.26 -64996.8 19491.117
8.85 272.3824 394.30162 45567.519 -60167.1 5180.54 -65347.6 19535.82
8.86 267.76262 -289.54639 45706.807 -60115.7 5092.67 -65208.3 19631.267
8.87 274.82945 212.93988 45340.869 -59938.6 5227.08 -65165.6 19555.857
8.88 276.83778 -340.35012 45295.66 -60137.4 5265.28 -65402.7 19570.726
8.89 264.74763 81.437198 45824.349 -59742.7 5035.33 -64778 19746.575
8.9 270.47796 31.774933 45703.004 -59891.2 5144.32 -65035.5 19759.257
8.91 271.27405 711.74509 45477.473 -60150.7 5159.46 -65310.1 19716.22
8.92 264.31975 478.22428 45428.505 -60068.7 5027.19 -65095.9 19754.838
8.93 271.01385 -667.24058 45730.599 -59817.4 5154.51 -64971.9 19877.897
8.94 272.69569 -194.21261 45464.464 -59838.1 5186.5 -65024.6 19847.299
8.95 267.78437 573.61211 45432.768 -59930.7 5093.09 -65023.8 19872.674
8.96 275.92539 -235.4968 45404.665 -59662.7 5247.92 -64910.7 19903.194
8.97 268.20325 -98.501561 45649.532 -60004.2 5101.05 -65105.2 20032.103
8.98 278.64109 323.50373 45338.285 -59681 5299.57 -64980.6 19972.154
8.99 268.49 249.47973 45214.194 -60201.2 5106.51 -65307.7 19996.607
9 273.43102 146.29087 45503.222 -59906.8 5200.48 -65107.3 20101.602
9.01 262.56956 489.71352 45633.161 -60199.8 4993.9 -65193.7 20157.192
9.02 269.89262 -256.30153 45772.368 -59811.1 5133.18 -64944.3 20241.286
9.03 268.64213 -1011.161 45770.161 -60053.6 5109.4 -65163 20243.631
9.04 266.31251 208.08738 45610.616 -60139.3 5065.09 -65204.4 20249.605
9.05 269.60528 -469.56778 45698.271 -59892.2 5127.72 -65019.9 20307.062
9.06 276.07495 -31.615962 45351.444 -59913.4 5250.77 -65164.2 20225.177
9.07 273.41746 179.72501 45362.694 -59998.9 5200.22 -65199.1 20284.496
9.08 276.40144 -172.72549 45711.558 -59888 5256.98 -65145 20409.633
9.09 271.09387 -397.92608 45906.747 -59966.7 5156.03 -65122.8 20522.655
9.1 275.32203 101.34935 45409.675 -59763.4 5236.45 -64999.8 20384.601
9.11 276.54827 272.75161 45645.07 -60024.2 5259.77 -65284 20504.362
9.12 269.74355 938.88174 45179.929 -60067.6 5130.35 -65198 20415.561
9.13 272.01326 311.75563 45375.311 -60172.7 5173.52 -65346.2 20538.101
9.14 269.63447 205.06387 45180.474 -60104.7 5128.27 -65233 20502.888
9.15 265.10806 -226.02468 45451.122 -60218.9 5042.18 -65261.1 20629.788
9.16 278.22158 55.648061 45246.885 -59829 5291.6 -65120.6 20566.024
9.17 273.28927 -399.69241 45584.254 -59951.9 5197.79 -65149.7 20695.265
9.18 274.23901 -108.53897 45732.022 -59723.8 5215.85 -64939.7 20801.951
9.19 263.74276 349.10272 45495.196 -60157.9 5016.22 -65174.1 20770.786
9.2 276.38269 -228.74315 45385.738 -59891.7 5256.62 -65148.3 20763.101
9.21 271.33054 527.55637 45107.364 -59781.3 5160.53 -64941.9 20736.298
9.22 273.25091 -340.34843 45600.797 -59984.1 5197.06 -65181.1 20917.233
9.23 270.00415 -25.75723 45754.961 -59849.5 5135.31 -64984.8 21017.386
9.24 275.05103 339.1413 45589.245 -59670.3 5231.29 -64901.6 21015.373
9.25 277.66678 125.91903 45520.203 -59970 5281.04 -65251.1 21034.41
9.26 273.58147 236.53787 45528.094 -59795.6 5203.34 -64998.9 21030.456
9.27 268.37657 -358.80754 45856.94 -59987.5 5104.35 -65091.8 21165.418
9.28 271.00706 -929.6162 45976.061 -60334.9 5154.38 -65489.3 21194.159
9.29 284.5486 17.413325 45566.62 -59825.1 5411.93 -65237 21100.275
9.3 277.35668 -210.14769 45691.317 -59988.6 5275.15 -65263.7 21164.735
9.31 267.8516 463.25879 45429.646 -59979.4 5094.37 -65073.8 21101.912
9.32 262.05165 -863.65249 45760.679 -59949.1 4984.05 -64933.2 21238.338
9.33 276.827 -87.001509 45637.742 -59558.5 5265.07 -64823.6 21234.175
9.34 268.88029 -93.397768 45493.729 -59997.1 5113.93 -65111.1 21171.292
9.35 273.55637 -127.20127 45736.802 -60007.9 5202.87 -65210.8 21244.206
9.36 276.20794 -908.88263 45763.277 -59670.5 5253.3 -64923.8 21299.862
9.37 276.6782 -413.72254 45330.647 -60033 5262.24 -65295.2 21258.118
9.38 276.01555 377.44766 45280.368 -59870 5249.64 -65119.7 21264.059
9.39 281.62121 104.69174 45583.544 -60053.5 5356.25 -65409.7 21393.489
9.4 279.28374 511.81606 45434.369 -59912.1 5311.8 -65223.9 21386.455
9.41 260.21651 -948.50539 45777.478 -60126.5 4949.15 -65075.6 21525.648
9.42 262.22699 -500.1896 45775.646 -59925.3 4987.39 -64912.7 21548.977
9.43 278.41441 -128.12569 45704.511 -59742.7 5295.26 -65038 21524.714
9.44 269.40689 -291.4287 45715.792 -60148.7 5123.95 -65272.6 21550.729
9.45 271.44651 182.97223 45548.148 -59817.2 5162.74 -64979.9 21499.498
9.46 271.37864 218.44156 45672.085 -60268.8 5161.45 -65430.2 21586.256
9.47 273.45376 628.04788 45148.813 -60098.8 5200.91 -65299.7 21466.523
9.48 275.50325 -750.28317 45510.217 -59998.3 5239.89 -65238.2 21609.936
9.49 277.91126 -21.978813 45630.075 -59899 5285.69 -65184.7 21702.813
9.5 264.42503 190.38666 45579.208 -60292.7 5029.19 -65321.9 21690.24
9.51 266.40267 -258.33803 45738.578 -59729.5 5066.81 -64796.3 21755.664
9.52 274.65149 -141.28708 45477.444 -60138.7 5223.69 -65362.4 21731.47
9.53 266.78319 -205.13169 45709.93 -59923 5074.04 -64997.1 21820.878
9.54 277.33186 -181.08573 45464.652 -59927.7 5274.67 -65202.4 21785.219
9.55 280.26964 267.46299 45615.26 -60013.7 5330.55 -65344.3 21831.421
9.56 279.58898 385.80395 45286.519 -59951.9 5317.6 -65269.5 21776.003
9.57 269.8877 -583.51637 45510.254 -59985.3 5133.09 -65118.4 21839.189
9.58 272.21829 -143.41267 45659.016 -59799.9 5177.42 -64977.3 21917.646
9.59 272.0226 -587.85955 45767.192 -60064.9 5173.69 -65238.6 21982.424
9.6 273.27314 220.9633 46001.067 -59631.5 5197.48 -64829 22081.83
9.61 271.74469 -325.70145 45514.379 -59942.4 5168.41 -65110.8 21963.824
9.62 268.35553 -151.13863 45702.836 -59877.2 5103.95 -64981.1 22056.448
9.63 269.65358 -90.930763 45564.312 -60137.1 5128.64 -65265.7 22011.293
9.64 273.92137 -638.21717 45897.047 -60011.3 5209.81 -65221.1 22143.327
9.65 268.84007 276.86857 45291.168 -59938.2 5113.17 -65051.4 21967.002
9.66 279.66904 219.38739 45303.15 -59928 5319.13 -65247.1 22013.929
9.67 268.93287 -17.665106 45189.482 -60170.2 5114.93 -65285.2 21978.181
9.68 272.42273 78.688548 45320 -59822.7 5181.3 -65004 22041.251
9.69 276.71937 417.33128 45716.057 -59663.5 5263.02 -64926.5 22196.402
9.7 264.70963 -609.61936 45511.547 -60180.1 5034.61 -65214.7 22179.535
9.71 272.88533 741.16061 45085.095 -60068.4 5190.1 -65258.5 22113.027
9.72 267.48172 -39.044346 45319.716 -60083.7 5087.33 -65171 22191.64
9.73 273.517 -880.27528 45988.031 -60175.3 5202.12 -65377.4 22460.306
9.74 269.8197 315.40593 45349.117 -60022.8 5131.8 -65154.6 22251.402
9.75 275.42086 408.89698 45476.989 -59876.5 5238.33 -65114.8 22305.032
9.76 265.40128 -203.52757 45452.077 -59834.8 5047.76 -64882.6 22264.402
9.77 259.6239 -648.25252 45880.917 -60250.2 4937.88 -65188.1 22419.29
9.78 275.18446 -96.896874 45546.898 -60045.2 5233.83 -65279 22297.293
9.79 265.36712 652.3968 45430.779 -59996.2 5047.11 -65043.3 22264.69
9.8 273.94934 205.5387 45659.668 -59758.5 5210.34 -64968.9 22385.424
9.81 269.26457 -5.6922452 45451.114 -60138.4 5121.24 -65259.7 22308.338
9.82 268.48277 -707.80742 45556.201 -60137.6 5106.37 -65244 22381
9.83 272.62201 0.91755143 45189.159 -59798.8 5185.1 -64983.9 22307.569
9.84 260.82492 -846.43662 46043.228 -60282.2 4960.72 -65242.9 22585.76
9.85 280.64764 100.93439 45417.457 -59800.4 5337.74 -65138.1 22395.136
9.86 270.62047 135.17528 45587.91 -59924.8 5147.03 -65071.9 22447.808
9.87 262.32791 -434.52509 45724.979 -60359.7 4989.31 -65349 22535.3
9.88 275.90649 -146.07767 45235.452 -59778.9 5247.56 -65026.5 22395.934
9.89 268.24183 389.88483 45451.956 -60144.9 5101.79 -65246.7 22527.944
9.9 268.73404 -609.87064 45847.599 -59807.7 5111.15 -64918.8 22718.463
9.91 258.36376 54.982375 45598.92 -60176.7 4913.91 -65090.6 22645.147
9.92 269.03975 491.95584 45067.698 -59947.2 5116.96 -65064.2 22517.677
9.93 268.92867 51.279888 45568.626 -60075.8 5114.85 -65190.7 22724.726
9.94 272.70832 -1.5757218 45664.556 -59803.7 5186.74 -64990.4 22769.545
9.95 257.98407 -491.3331 45772.972 -60208.5 4906.69 -65115.2 22838.121
9.96 267.70032 -682.91837 45705.105 -59981.6 5091.49 -65073.1 22816.378
9.97 266.43024 118.05421 45403.643 -60075.4 5067.33 -65142.7 22783.003
9.98 259.75178 0.13072523 45686.907 -59964.8 4940.31 -64905.1 22883.926
