0 273.36893 -33.304948 46617.877 -63617.5 5216.35 -68833.9 10.597295
0.01 271.72877 -249.92219 46576.348 -63186.2 5185.05 -68371.2 22.80641
0.02 271.69721 301.71023 46149.161 -63457.2 5184.45 -68641.6 34.283547
0.03 265.915 -712.75636 46682.712 -63461.5 5074.11 -68535.6 44.756867
0.04 274.7479 -226.08034 46522.739 -63442.6 5242.66 -68685.3 58.220003
0.05 275.07379 440.8354 46365.284 -63536 5248.88 -68784.9 69.958886
0.06 280.87738 295.68368 46220.268 -63203.3 5359.62 -68562.9 78.62248
0.07 267.52593 -247.29116 46571.559 -63497.8 5104.85 -68602.7 92.435338
0.08 271.97565 -670.00584 46721.812 -63891.6 5189.76 -69081.4 102.34384
0.09 279.82154 166.2768 46232.079 -63510.7 5339.47 -68850.2 111.91424
0.1 266.99441 -269.65678 46300.759 -63710.1 5094.71 -68804.9 124.19169
0.11 276.93661 -248.88175 46723.12 -63659.7 5284.43 -68944.1 135.65349
0.12 274.95775 209.96048 46456.267 -63606.2 5246.67 -68852.9 144.52472
0.13 284.05078 -91.001935 46617.115 -63421.9 5420.18 -68842.1 154.76177
0.14 269.36393 22.584194 46409.429 -63741.1 5139.93 -68881 163.70974
0.15 272.43007 351.11659 46245.622 -63878.7 5198.43 -69077.1 169.28006
0.16 263.54417 504.09125 46179.754 -63924.8 5028.87 -68953.7 176.67121
0.17 278.33612 -151.494 46367.872 -63460.4 5311.13 -68771.5 184.16318
0.18 264.69456 61.955819 46441.17 -63771.4 5050.83 -68822.2 194.77827
0.19 265.36315 -167.54198 46488.138 -64192.4 5063.58 -69256 203.05558
0.2 275.10557 24.991561 46528.729 -63849.4 5249.49 -69098.9 209.41093
0.21 266.33902 106.49462 46358.377 -64047.2 5082.21 -69129.4 216.83405
0.22 266.20829 -453.72222 46686.364 -64161.1 5079.71 -69240.8 227.4779
0.23 264.65505 -222.30838 46398.867 -64009 5050.07 -69059.1 235.29559
0.24 264.17713 -67.870728 46695.692 -64156.5 5040.95 -69197.5 239.67069
0.25 274.16619 -7.5891877 46610.854 -64135.1 5231.56 -69366.7 242.32753
0.26 275.52696 -111.73072 46773.931 -64222.4 5257.53 -69479.9 247.1754
0.27 269.65745 101.20087 46553.021 -64659.5 5145.53 -69805 249.17773
0.28 270.61673 -346.72496 46698.472 -64472.9 5163.83 -69636.7 250.61254
0.29 284.18799 533.92355 46253.453 -64571.3 5422.79 -69994.1 253.57129
0.3 272.32189 461.39967 46544.443 -64695.7 5196.37 -69892.1 260.26659
0.31 264.91845 143.02852 46609.052 -64675.5 5055.1 -69730.6 266.54987
0.32 274.18267 -90.66909 46598.337 -64504.2 5231.88 -69736 270.31061
0.33 278.02336 -537.08522 47080.459 -64219.9 5305.16 -69525.1 276.82536
0.34 270.1941 -322.21187 46810.195 -64333 5155.77 -69488.7 278.76486
0.35 276.0042 -397.41007 46771.146 -64692.6 5266.63 -69959.3 283.33103
0.36 259.05436 -64.462645 46583.558 -64922.5 4943.2 -69865.7 286.32579
0.37 267.31707 -730.84918 46946.75 -64499.8 5100.87 -69600.6 296.44454
0.38 274.78821 -325.44438 46700.407 -64630 5243.43 -69873.4 299.95914
0.39 270.5117 -316.27233 46978.361 -64877.4 5161.83 -70039.2 307.11825
0.4 268.07354 192.90949 46418.304 -64554.3 5115.3 -69669.6 306.86285
0.41 264.42497 -571.09759 46976.835 -64580.1 5045.68 -69625.8 316.68178
0.42 280.77389 397.38055 46542.937 -64522.1 5357.65 -69879.7 319.63697
0.43 269.66979 -343.29049 46640.557 -64702.1 5145.76 -69847.9 328.9245
0.44 278.71211 -293.88381 46722.148 -64397 5318.3 -69715.3 335.45984
0.45 268.20219 -114.74371 46594.71 -64780 5117.76 -69897.7 340.60554
0.46 277.84737 -263.21588 46740.952 -64789.1 5301.8 -70090.9 345.31582
0.47 265.39425 -167.12225 46798.791 -65143.6 5064.18 -70207.8 348.25318
0.48 270.24534 -408.11724 46645.053 -65017.6 5156.74 -70174.3 347.89211
0.49 270.26544 362.88328 46716.708 -64750.4 5157.13 -69907.5 354.72246
0.5 262.67468 131.96359 46395.309 -65090.7 5012.28 -70103 356.88093
0.51 273.5681 75.693229 46618.726 -64822.6 5220.15 -70042.7 363.22976
0.52 278.98281 460.2786 46623.469 -65017.3 5323.47 -70340.7 370.7185
0.53 270.19697 322.22206 46446.956 -65115.8 5155.82 -70271.6 376.51233
0.54 278.42977 497.59005 46583.564 -64965.9 5312.92 -70278.8 380.20922
0.55 282.6047 45.400532 46495.933 -65292.2 5392.58 -70684.8 382.46438
0.56 263.28555 180.13423 46571.533 -64841.9 5023.94 -69865.9 388.54951
0.57 274.98643 -72.110903 46925.047 -64601.1 5247.21 -69848.3 395.2154
0.58 269.62655 66.803493 46697.172 -64768.5 5144.94 -69913.4 399.41789
0.59 266.5176 -175.23812 46697.554 -65022.7 5085.61 -70108.3 403.1221
0.6 269.24968 398.12749 46404.694 -65317.7 5137.75 -70455.4 404.56616
0.61 275.08555 120.22349 46703.778 -65135.9 5249.1 -70385 411.54744
0.62 276.49537 13.573445 46639.683 -64765.4 5276.01 -70041.4 413.90269
0.63 274.24799 -93.266273 46734.005 -64556.5 5233.12 -69789.7 419.15657
0.64 280.45738 -223.18606 46733.291 -64898.5 5351.61 -70250.1 426.52245
0.65 269.29107 57.789059 46577.596 -65213.8 5138.54 -70352.3 428.84577
0.66 272.22017 -2.9013033 46635.576 -65135.1 5194.43 -70329.5 435.43285
0.67 272.66943 81.621238 46776.242 -64537.2 5203 -69740.2 443.75428
0.68 276.08947 -324.58023 46729.899 -64569.7 5268.26 -69838 451.29791
0.69 267.9136 94.849289 46714.639 -64774.9 5112.25 -69887.1 458.44961
0.7 274.46982 -77.107529 46605.092 -65096.5 5237.36 -70333.9 463.92061
0.71 276.78184 -287.09985 46652.288 -64694.7 5281.47 -69976.2 467.72473
0.72 269.30653 844.63562 46250.605 -64857.6 5138.83 -69996.5 463.50126
0.73 278.66003 395.78543 46314.488 -64823.6 5317.31 -70140.9 467.83093
0.74 269.11119 -67.543613 46722.801 -64559.6 5135.1 -69694.7 481.79636
0.75 279.61789 -109.71869 46414.308 -64366.1 5335.59 -69701.6 484.27809
0.76 269.40982 656.24842 46285.94 -64948.8 5140.8 -70089.6 490.32372
0.77 279.98208 -45.988273 46713.859 -64348.2 5342.54 -69690.7 498.82605
0.78 267.42321 -316.61233 46691.273 -64752.6 5102.89 -69855.5 506.82545
0.79 267.40822 138.41277 46520.844 -64159.5 5102.61 -69262.1 518.40639
0.8 278.98361 72.282207 46776.064 -64142.2 5323.49 -69465.7 528.4123
0.81 260.04401 -390.72109 46737.543 -64523.4 4962.09 -69485.5 530.7538
0.82 268.68936 569.24602 46349.577 -64069.9 5127.05 -69196.9 533.94029
0.83 276.09617 -385.05496 46594.931 -63806.6 5268.39 -69075 542.6273
0.84 264.59358 547.25872 46182.875 -63979.8 5048.9 -69028.7 543.0034
0.85 270.77935 323.7084 46403.869 -63737.2 5166.93 -68904.2 550.50805
0.86 265.13153 -658.7795 46829.834 -63932 5059.16 -68991.1 559.68756
0.87 275.37083 -379.58923 46714.033 -63549.3 5254.55 -68803.9 573.38702
0.88 274.83404 211.79295 46351.316 -63683.9 5244.3 -68928.2 575.44025
0.89 282.26018 247.26396 46462.25 -63221.8 5386.01 -68607.9 589.81678
0.9 273.60098 400.39067 46284.618 -63656.6 5220.78 -68877.3 589.3089
0.91 263.4148 172.07819 46447.432 -64061.8 5026.41 -69088.2 598.32717
0.92 277.57336 438.04625 46367.708 -63831 5296.58 -69127.6 601.83286
0.93 267.62074 -61.073451 46538.135 -63853.3 5106.66 -68960 609.94992
0.94 279.19689 801.19611 46238.661 -63947.1 5327.56 -69274.7 618.47632
0.95 261.31174 106.41503 46469.665 -64279 4986.28 -69265.2 628.05166
0.96 271.14194 -330.02001 46419.656 -63935.7 5173.85 -69109.6 634.47119
0.97 263.58623 -374.53476 46585.205 -63964 5029.68 -68993.7 640.38047
0.98 272.92697 647.92433 46207.881 -64134.9 5207.91 -69342.8 645.71809
0.99 276.75532 -32.459919 46345.504 -63969.2 5280.97 -69250.2 652.96099
1 257.63866 -70.238409 46618.895 -64581.8 4916.19 -69498 661.11474
1.01 280.17646 -513.40464 47097.448 -63941.8 5346.25 -69288 669.53001
1.02 265.6828 36.600549 46284.361 -64275.9 5069.68 -69345.6 671.71101
1.03 277.22659 330.79554 46319.508 -64165.2 5289.96 -69455.1 677.68322
1.04 281.97398 -13.652559 46512.209 -64107.9 5380.55 -69488.4 678.89643
1.05 269.49486 -244.54405 46648.066 -64505.2 5142.42 -69647.7 681.48206
1.06 270.84816 -122.64393 46556.955 -64546.1 5168.25 -69714.3 682.12899
1.07 263.97389 24.72716 46572.596 -64910.6 5037.07 -69947.7 687.48205
1.08 276.12571 -723.10141 46900.621 -64468.2 5268.95 -69737.2 695.26038
1.09 265.87527 -414.26847 46852.945 -64754.7 5073.36 -69828.1 696.04584
1.1 277.76441 -491.55271 46902.216 -64329.5 5300.22 -69629.7 700.93421
1.11 270.77906 -66.544795 46775.411 -64766.8 5166.93 -69933.7 708.00094
1.12 273.99803 -6.2804855 46829.344 -64479.9 5228.35 -69708.3 711.42057
1.13 277.83319 576.37035 46523.888 -64096.3 5301.53 -69397.9 715.85977
1.14 268.13148 328.19741 46575.222 -64433.2 5116.41 -69549.6 721.0978
1.15 264.69227 -586.68324 47005.749 -64583.8 5050.78 -69634.6 719.44281
1.16 284.94034 527.15591 46414.335 -64346.1 5437.15 -69783.3 720.46222
1.17 267.29017 119.17205 46729.657 -64748.9 5100.35 -69849.2 729.22078
1.18 286.51066 62.083584 46565.813 -64435.3 5467.11 -69902.4 735.62017
1.19 269.17463 -502.09494 47025.498 -64818 5136.31 -69954.3 747.84684
1.2 263.53449 -195.74964 46763.773 -64396.5 5028.69 -69425.2 741.82289
1.21 279.86292 120.04756 46559.29 -64466.8 5340.26 -69807.1 746.89719
1.22 270.49278 -289.13106 46887.584 -64178.2 5161.47 -69339.7 758.68092
1.23 258.02411 -349.93162 46453.253 -64579.4 4923.54 -69502.9 755.5155
1.24 275.18124 -512.97787 46804.395 -63959.1 5250.93 -69210.1 766.95899
1.25 258.64145 280.72423 46619.822 -64267.8 4935.32 -69203.1 767.29201
1.26 269.10611 229.58427 46517.182 -64475.7 5135.01 -69610.7 776.98612
1.27 275.52149 169.27283 46437.437 -64057.8 5257.42 -69315.3 775.55949
1.28 263.81976 -720.7193 46735.708 -64508.2 5034.13 -69542.4 780.68046
1.29 276.92129 248.0219 46445.683 -63979.8 5284.13 -69263.9 786.50774
1.3 265.88961 -86.488341 46453.428 -64347.7 5073.63 -69421.4 792.51039
1.31 257.4318 -261.22491 46769.314 -64498.7 4912.24 -69410.9 802.63581
1.32 266.95383 192.85318 46344.559 -64252.8 5093.94 -69346.8 800.64673
1.33 276.37569 -276.43523 46544.382 -63968.5 5273.72 -69242.2 810.33816
1.34 263.64347 -319.9466 46575.145 -64398.6 5030.77 -69429.4 812.4623
1.35 266.56873 -15.323082 46585.504 -64362.4 5086.59 -69449 818.54756
1.36 280.22251 336.1999 46292.774 -63939.1 5347.13 -69286.2 821.31792
1.37 266.47051 -266.29377 46564.564 -64222.7 5084.71 -69307.4 836.94472
1.38 277.24601 -348.25727 46383.091 -64130.3 5290.33 -69420.7 845.33595
1.39 269.63047 -136.28406 46755.656 -64398.5 5145.01 -69543.5 859.17209
1.4 278.64165 -393.23886 46590.262 -63992.5 5316.96 -69309.5 868.44735
1.41 273.02627 684.73009 46003.367 -63827.4 5209.81 -69037.2 869.00953
1.42 272.74857 253.45832 46262.718 -63818.7 5204.51 -69023.2 879.74899
1.43 275.33036 308.80865 46384.808 -63532.4 5253.78 -68786.2 883.95891
1.44 273.25466 -305.0703 46592.751 -63709.1 5214.17 -68923.3 894.39712
1.45 270.28758 32.007265 46384.882 -63711.6 5157.55 -68869.1 899.23525
1.46 271.39629 -277.82487 46793.468 -63255.4 5178.71 -68434.1 908.42699
1.47 280.23363 -151.07236 46300.107 -63413.5 5347.34 -68760.8 912.25074
1.48 279.14464 271.36472 46243.418 -63289.4 5326.56 -68615.9 922.90163
1.49 269.45493 -801.9635 46826.281 -63358.4 5141.66 -68500.1 943.7484
1.5 258.7127 -248.3893 46679.782 -63253.1 4936.68 -68189.8 954.0206
1.51 277.82203 292.32885 46380.676 -62892.8 5301.32 -68194.2 956.76111
1.52 265.43998 -178.81785 46536.494 -63075.2 5065.05 -68140.2 969.52011
1.53 269.27367 72.184767 46107.74 -63332.1 5138.2 -68470.3 976.83947
1.54 267.03801 -1005.8266 46715.678 -62842.1 5095.54 -67937.7 991.17812
1.55 282.60163 300.19049 46083.481 -62594.5 5392.52 -67987 990.67945
1.56 274.91022 547.41986 46162.623 -62651.5 5245.76 -67897.2 1005.2555
1.57 274.38003 -84.861761 46333.299 -62899.8 5235.64 -68135.5 1020.7338
1.58 278.44335 961.65441 45808.604 -62891.7 5313.18 -68204.8 1022.9854
1.59 269.01952 406.73792 45972.624 -63121.8 5133.35 -68255.2 1030.0977
1.6 271.48668 -306.41577 46525.879 -63129.9 5180.43 -68310.3 1046.5277
1.61 271.33195 515.39371 46109.435 -62949.9 5177.48 -68127.4 1049.8679
1.62 269.50762 391.47238 46104.187 -63059.9 5142.67 -68202.5 1062.5298
1.63 269.03078 -321.16308 46365.17 -63139.3 5133.57 -68272.8 1072.5323
1.64 272.91227 -670.63302 46716.384 -62705.9 5207.63 -67913.5 1097.1897
1.65 272.64919 349.10177 46133.167 -62149.5 5202.61 -67352.1 1103.1353
1.66 269.9605 -379.40872 46563.844 -62371.9 5151.31 -67523.2 1119.5911
1.67 268.50551 -740.79998 46371.399 -62358.3 5123.55 -67481.8 1125.7912
1.68 274.75155 506.54986 46085.002 -61995.3 5242.73 -67238 1120.3344
1.69 278.93439 493.96111 46012.638 -61648.9 5322.55 -66971.5 1136.6208
1.7 278.83764 -347.49775 46469.394 -61891.6 5320.7 -67212.3 1156.3851
1.71 267.54451 291.51852 46201.655 -62044.5 5105.21 -67149.7 1167.0673
1.72 268.60334 159.11987 46009.267 -62164.8 5125.41 -67290.2 1173.5705
1.73 274.95325 -214.26607 46191.843 -61873.5 5246.58 -67120.1 1186.2844
1.74 278.57865 1.8893395 46208.553 -61533.2 5315.76 -66849 1205.1434
1.75 258.69135 -318.01918 46131.21 -61817.4 4936.27 -66753.6 1220.1611
1.76 270.15935 258.5883 45639.269 -61055.8 5155.1 -66210.9 1223.5875
1.77 275.10975 165.41177 45812.942 -60452.4 5249.57 -65701.9 1257.6025
1.78 273.98021 875.04375 45421.007 -60331.6 5228.01 -65559.7 1282.375
1.79 274.27339 -192.01218 45730.622 -60217 5233.61 -65450.6 1312.8002
1.8 280.44859 392.15348 45849.976 -59958.1 5351.44 -65309.6 1364.1824
1.81 266.93886 -260.70186 45684.279 -60083.3 5093.65 -65176.9 1392.0847
1.82 275.49153 -156.047 45750.23 -60169 5256.85 -65425.8 1430.0154
1.83 270.08785 320.29186 45395.092 -60201.9 5153.74 -65355.6 1445.3772
1.84 281.54271 318.52448 45482.194 -59946.8 5372.32 -65319.1 1477.4246
1.85 259.43728 -171.48601 45599.315 -60385.7 4950.51 -65336.2 1506.5218
1.86 273.18505 -336.49214 45900.756 -60041.1 5212.84 -65254 1542.4811
1.87 273.50931 -460.00267 45872.977 -60263.5 5219.03 -65482.5 1580.4539
1.88 276.28187 -285.81069 45639.7 -60123.3 5271.93 -65395.3 1599.4057
1.89 265.73147 289.23935 45388.101 -60150.3 5070.61 -65220.9 1611.7968
1.9 277.16495 164.36368 45686.868 -60024.3 5288.78 -65313.1 1659.793
1.91 262.40076 107.69294 45627.864 -60213.3 5007.06 -65220.4 1691.6626
1.92 275.01222 -539.13889 45799.289 -59829.8 5247.71 -65077.5 1726.7889
1.93 272.76715 -127.15717 45705.207 -60243 5204.87 -65447.8 1760.9792
1.94 270.57669 636.94587 45550.413 -59979.9 5163.07 -65143 1790.4679
1.95 261.65175 -211.94024 45913.557 -60364.9 4992.76 -65357.6 1838.5304
1.96 280.58235 -161.81423 45643.013 -60122.4 5353.99 -65476.4 1876.7681
1.97 270.70026 60.576836 45993.5 -60362.7 5165.43 -65528.1 1916.6524
1.98 272.33042 -322.42753 45827.093 -60264.6 5196.53 -65461.1 1945.3898
1.99 265.06084 -206.22609 45585.796 -60216.7 5057.82 -65274.5 1960.138
2 274.34601 -780.84815 46126.373 -60124.1 5234.99 -65359 2006.3262
2.01 267.5842 -687.43474 46004.495 -60189.5 5105.97 -65295.5 2032.6996
2.02 264.02411 547.26896 45779.442 -60298.7 5038.03 -65336.8 2052.8993
2.03 273.50706 -239.70603 45707.039 -59910 5218.98 -65129 2087.0644
2.04 272.06155 -363.89972 46050.228 -60318.9 5191.4 -65510.3 2110.3534
2.05 268.82602 -292.72638 45924.019 -60289.1 5129.66 -65418.7 2113.4715
2.06 278.3001 -36.230268 45524.328 -60164.5 5310.44 -65474.9 2128.4305
2.07 265.51168 -544.37419 45966.857 -60113.3 5066.42 -65179.7 2165.4894
2.08 278.9291 -118.5839 45676.438 -60054 5322.45 -65376.4 2167.9294
2.09 283.59846 227.76489 45719.587 -60039.4 5411.55 -65450.9 2192.1542
2.1 276.10356 -439.98877 45662.58 -60036.8 5268.53 -65305.3 2222.508
2.11 278.96369 -281.50533 45669.619 -60177.7 5323.11 -65500.8 2251.0357
2.12 265.49316 691.97987 45517.674 -60513.5 5066.07 -65579.6 2279.5326
2.13 273.79912 124.09317 45496.31 -60009.6 5224.56 -65234.2 2326.9172
2.14 268.58928 207.56333 46215.521 -60240.8 5125.14 -65365.9 2368.0748
2.15 283.95133 -217.5826 45650.909 -60008 5418.28 -65426.3 2378.0374
2.16 274.20117 656.33654 45502.073 -60049.3 5232.23 -65281.5 2400.0473
2.17 275.0108 -707.45408 45856.415 -59966.6 5247.68 -65214.3 2425.0935
2.18 272.05014 -329.6256 45773.418 -60178.8 5191.18 -65369.9 2437.4597
2.19 284.08797 -523.54632 45789.461 -60230.4 5420.89 -65651.3 2473.4397
2.2 270.91901 476.56552 45709.676 -60199 5169.6 -65368.6 2492.2737
2.21 268.82867 -298.16221 46120.579 -60122.4 5129.71 -65252.1 2544.5008
2.22 264.06358 393.8777 45618.11 -60423.1 5038.79 -65461.8 2565.2048
2.23 277.27028 -45.903603 46033.974 -59774.4 5290.79 -65065.2 2624.6843
2.24 278.45952 244.75545 45863.612 -60034.3 5313.49 -65347.8 2627.3384
2.25 272.66782 87.614047 45652.245 -60053.3 5202.97 -65256.3 2638.8822
2.26 270.03997 485.9496 45478.187 -60286.7 5152.83 -65439.5 2672.3963
2.27 269.18987 92.048194 45774.886 -59930 5136.6 -65066.6 2723.8026
2.28 279.96418 -3.1841298 45770.174 -59866 5342.2 -65208.2 2753.2791
2.29 263.42054 -190.9866 45716.439 -60308.3 5026.52 -65334.9 2788.0089
2.3 264.45286 -359.80837 45837.154 -60233 5046.21 -65279.2 2834.1644
2.31 261.48816 52.997441 45774.708 -60427.1 4989.64 -65416.8 2867.2762
2.32 263.04303 469.85157 45545.976 -60140.6 5019.31 -65159.9 2883.1327
2.33 275.71475 -234.9459 45838.21 -59899.3 5261.11 -65160.4 2940.5371
2.34 270.03467 -367.56227 45805.547 -60145.5 5152.72 -65298.2 2951.1815
2.35 270.14902 -331.18663 45795.397 -59805.7 5154.91 -64960.6 2956.241
2.36 266.2695 -358.21113 45844.305 -60178.7 5080.88 -65259.6 2991.6275
2.37 264.35128 -459.72583 45804.063 -60092.9 5044.28 -65137.1 3011.0869
2.38 284.55324 -283.91817 45896.274 -59900.2 5429.76 -65330 3042.2617
2.39 267.47904 834.10473 45590.249 -60208.4 5103.96 -65312.3 3033.7894
2.4 273.40405 -222.33335 45549.808 -60405.6 5217.02 -65622.6 3052.3292
2.41 271.27143 16.050629 45862.542 -60106.3 5176.32 -65282.6 3082.8746
2.42 266.0654 -303.75499 45684.196 -60270.9 5076.98 -65347.9 3088.2907
2.43 264.8408 -827.15325 46068.597 -60248.3 5053.62 -65301.9 3132.6517
2.44 262.63059 214.23224 45581.982 -60484 5011.44 -65495.4 3121.0518
2.45 273.92753 -367.79454 45789.66 -60127.3 5227.01 -65354.3 3168.0182
2.46 275.69598 -58.27391 45826.019 -59790.1 5260.75 -65050.8 3201.5043
2.47 270.82469 236.53995 45967.959 -60072.2 5167.8 -65240 3235.0515
2.48 276.56609 -147.30398 46170.292 -60174.1 5277.36 -65451.5 3277.8086
2.49 275.62821 -20.682423 45705.965 -60173 5259.46 -65432.4 3285.4664
2.5 275.2704 276.80672 45769.466 -59847.1 5252.63 -65099.8 3315.5333
2.51 274.24846 -85.623205 45572.022 -60091.8 5233.13 -65325 3318.5381
2.52 271.94733 714.11012 45475.722 -60132.9 5189.22 -65322.1 3356.2033
2.53 280.5289 140.0254 45584.77 -59985.5 5352.97 -65338.4 3397.5536
2.54 264.67008 742.0896 45417.904 -60305.6 5050.36 -65356 3424.7626
2.55 280.79509 264.93023 45539.25 -60006.9 5358.05 -65365 3463.3921
2.56 264.15704 220.33437 45633.781 -60306.4 5040.57 -65347 3514.7184
2.57 274.35621 -669.2746 45969.772 -59863.5 5235.19 -65098.7 3558.6994
2.58 273.83844 -681.54812 45751.716 -60033.5 5225.31 -65258.8 3594.6358
2.59 275.89749 409.05322 45690.64 -60317 5264.6 -65581.6 3624.9534
2.6 277.09077 685.40754 45389.222 -60063.6 5287.37 -65351 3637.1454
2.61 277.7038 209.54264 45632.467 -60152.2 5299.06 -65451.3 3696.4338
2.62 274.28981 480.21625 45647.9 -60148.1 5233.92 -65382 3729.6671
2.63 271.80809 -40.386349 45976.827 -59906 5186.56 -65092.6 3786.6485
2.64 268.17483 -60.106713 45905.029 -60300.2 5117.24 -65417.4 3814.5364
2.65 263.81768 -717.27379 45837.682 -60561.8 5034.09 -65595.9 3837.8562
2.66 275.92926 -772.51835 45940.636 -60161.8 5265.2 -65427 3873.9287
2.67 275.18253 -170.38088 45877.535 -59986 5250.95 -65236.9 3900.5355
2.68 273.43763 -490.8926 45862.754 -60241.2 5217.66 -65458.8 3930.2168
2.69 275.1508 708.4935 45577.519 -59984.7 5250.35 -65235 3938.8632
2.7 271.89122 94.818501 45774.744 -59915.1 5188.15 -65103.2 3987.1136
2.71 273.1862 340.08121 45663.59 -60148.3 5212.86 -65361.2 4012.3728
2.72 266.53547 398.14892 45533.816 -60353.3 5085.95 -65439.3 4034.1733
2.73 278.82878 -1.3652206 45453.436 -59595.4 5320.53 -64915.9 4056.8647
2.74 285.3207 54.035654 45739.011 -59945.9 5444.41 -65390.3 4104.0739
2.75 272.33932 -127.46024 45864.657 -60069.4 5196.7 -65266.2 4141.8296
2.76 269.1009 338.33605 45510.85 -60411 5134.91 -65545.9 4153.4315
2.77 277.70657 259.36542 45845.406 -60158.1 5299.12 -65457.2 4193.8565
2.78 275.01248 130.99747 45796.542 -59799.8 5247.71 -65047.5 4229.3563
2.79 275.70882 735.94917 45442.865 -60206.2 5261 -65467.2 4233.2241
2.8 269.00607 -979.32799 45855.77 -60112.3 5133.1 -65245.4 4276.2263
2.81 272.84161 -292.40791 45763.686 -60008.7 5206.29 -65215 4299.2942
2.82 290.5022 274.65008 45397.237 -59980.8 5543.28 -65524.1 4298.4698
2.83 264.08898 -274.15044 45997.657 -60335.2 5039.27 -65374.5 4362.4789
2.84 281.43813 609.75771 45645.809 -59967.9 5370.32 -65338.2 4364.7853
2.85 277.23111 177.67013 45752.045 -60253.2 5290.05 -65543.2 4394.2558
2.86 275.75276 -453.28664 45952.436 -59928.8 5261.84 -65190.6 4448.0682
2.87 269.17132 258.81905 45181.104 -60060.2 5136.25 -65196.5 4429.442
2.88 266.30356 -168.94169 45784.766 -60014.4 5081.53 -65095.9 4515.0806
2.89 278.86541 -626.0354 45881.481 -60033.6 5321.23 -65354.8 4541.5874
2.9 268.27659 -637.4046 46026.55 -60069.1 5119.18 -65188.2 4591.1926
2.91 281.13898 -924.26932 46184.696 -59880.5 5364.61 -65245.1 4637.2811
2.92 289.08898 464.83581 45904.457 -59950.1 5516.31 -65466.5 4661.1341
2.93 272.72805 -32.517258 45389.736 -60149.6 5204.12 -65353.8 4657.8274
2.94 277.35709 -239.27341 45689.287 -59987.9 5292.45 -65280.3 4721.7799
2.95 272.20356 197.57863 45570.309 -60340.9 5194.11 -65535 4749.6594
2.96 279.7397 -55.709888 45509.451 -59874.1 5337.91 -65212 4779.5238
2.97 272.93993 987.0889 45395.863 -60179.9 5208.16 -65388.1 4814.6035
2.98 272.38129 136.37668 45773.45 -59818.1 5197.5 -65015.6 4887.3311
2.99 268.27269 -2.9827682 45637.01 -60211.7 5119.1 -65330.8 4917.9799
3 273.26076 -469.47016 45948.655 -59870 5214.28 -65084.3 4990.3214
3.01 279.85902 -466.94734 45849.799 -60085.8 5340.19 -65425.9 5015.5304
3.02 271.38814 -501.23162 45941.853 -60421.5 5178.55 -65600 5057.8987
3.03 267.20973 315.68475 45698.473 -60162.8 5098.82 -65261.6 5070.4978
3.04 271.67128 -392.30455 45820.64 -60005.5 5183.95 -65189.5 5127.7952
3.05 273.55414 700.50632 45639.567 -59992.3 5219.88 -65212.2 5136.0491
3.06 270.62232 -403.51069 46068.255 -60276.3 5163.94 -65440.3 5188.2488
3.07 278.21506 87.602108 45675.535 -60068.8 5308.82 -65377.6 5179.2164
3.08 275.50119 -269.49696 45913.043 -59787.5 5257.04 -65044.5 5225.6546
3.09 274.31378 444.73346 45622.172 -60101.7 5234.38 -65336.1 5231.1633
3.1 282.28926 121.56526 45380.779 -59900.9 5386.56 -65287.4 5255.2247
3.11 266.76752 -699.08562 45881.576 -60169.6 5090.38 -65259.9 5303.2472
3.12 266.76749 -283.11722 45899.283 -59911.6 5090.38 -65002 5339.7128
3.13 282.46253 148.6428 45888.776 -59971.4 5389.87 -65361.2 5355.2036
3.14 266.03307 287.13552 45224.011 -60624 5076.37 -65700.3 5346.7445
3.15 272.06623 -386.58569 45898.443 -60043.1 5191.49 -65234.6 5442.6452
3.16 266.48104 56.420842 45725.535 -60008.8 5084.92 -65093.8 5481.0517
3.17 273.05681 -521.57797 45905.121 -59848.4 5210.39 -65058.8 5523.4501
3.18 264.35467 193.10699 45361.324 -60407.8 5044.34 -65452.1 5522.0152
3.19 280.49737 522.44075 45418.699 -60075.5 5352.37 -65427.9 5557.0826
3.2 266.35564 114.63896 45779.955 -60214.2 5082.52 -65296.7 5616.3281
3.21 289.9259 -119.48975 45781.495 -59739.3 5532.28 -65271.6 5610.9499
3.22 265.02449 877.0458 45309.854 -60242.6 5057.12 -65299.7 5601.8048
3.23 274.54331 -582.54033 45679.316 -59979.2 5238.76 -65218 5660.6775
3.24 263.27202 166.39969 45637.974 -60410.7 5023.68 -65434.4 5672.1723
3.25 274.6723 -378.18621 45785.502 -60094.3 5241.22 -65335.5 5721.4183
3.26 269.94939 -302.88492 45750.377 -60018.7 5151.1 -65169.8 5749.0717
3.27 278.23726 170.53407 45816.271 -60005.8 5309.24 -65315 5793.0578
3.28 266.41424 31.083421 45771.481 -60256.5 5083.64 -65340.2 5843.1892
3.29 272.56342 -25.077122 46152.806 -59805.7 5200.98 -65006.7 5895.1652
3.3 267.09353 -255.49011 45557.84 -60039.6 5096.6 -65136.2 5876.6433
3.31 272.69855 380.74354 45612.868 -59931.6 5203.56 -65135.1 5889.426
3.32 270.02188 161.18387 45665.425 -60164.6 5152.48 -65317.1 5911.372
3.33 272.17786 -76.019735 45892.39 -60154.3 5193.62 -65347.9 5952.0792
3.34 270.15066 -653.58488 45927.648 -60261.7 5154.94 -65416.7 5962.4632
3.35 261.66779 -17.815619 45768.618 -60128.1 4993.07 -65121.2 5989.8022
3.36 282.18728 -238.48419 45867.479 -59789.1 5384.62 -65173.7 6018.7266
3.37 268.54169 -441.2329 45943.802 -60226.2 5124.24 -65350.4 6066.2654
3.38 277.35106 713.44974 45650.298 -60043.8 5292.33 -65336.2 6069.797
3.39 276.65253 -543.90144 45982.524 -60094 5279 -65373 6131.1826
3.4 268.46533 -376.16575 45642.957 -60246.5 5122.78 -65369.3 6139.0607
3.41 266.65486 -245.19604 46068.48 -60083.9 5088.23 -65172.2 6188.8159
3.42 274.96897 107.19861 45835.308 -59860.9 5246.88 -65107.7 6190.7506
3.43 266.52216 -875.23415 46181.419 -60083.1 5085.7 -65168.8 6266.4101
3.44 270.77969 329.79502 45249.831 -60446.7 5166.94 -65613.6 6204.5573
3.45 271.51754 11.38986 45590.21 -59959.3 5181.02 -65140.3 6263.5492
3.46 273.51431 416.38677 45459.911 -60181.9 5219.12 -65401 6279.1709
3.47 268.98295 -44.47539 45836.945 -60289.1 5132.66 -65421.8 6341.1591
3.48 279.60789 -66.28434 45832.667 -60062.4 5335.4 -65397.8 6374.4877
3.49 282.67949 788.03692 45327.267 -60172.7 5394.01 -65566.7 6351.6753
3.5 274.6501 878.53435 45766.872 -60109.8 5240.8 -65350.6 6414.374
3.51 278.16194 378.15905 45514.094 -60150.5 5307.81 -65458.3 6434.5281
3.52 268.871 26.65416 46025.059 -60208.7 5130.52 -65339.2 6512.6101
3.53 270.05689 133.87972 45591.921 -60226.9 5153.15 -65380 6489.0164
3.54 277.67975 70.080844 45546.672 -60015 5298.61 -65313.6 6489.1997
3.55 270.35463 -109.52108 45725.335 -60086.5 5158.83 -65245.3 6540.1339
3.56 272.49154 894.55169 45439.627 -59946 5199.61 -65145.6 6546.6697
3.57 274.20959 -186.76748 45622.188 -60123.8 5232.39 -65356.2 6557.4443
3.58 279.38845 98.670224 45465.393 -59817.3 5331.21 -65148.5 6574.4054
3.59 270.94295 223.93624 45898.076 -60092 5170.06 -65262.1 6641.1669
3.6 264.76323 441.45771 45158.011 -60450.4 5052.14 -65502.5 6579.2348
3.61 274.14672 -302.57728 45686.939 -60133.6 5231.19 -65364.8 6655.1056
3.62 277.96706 75.065361 45659.5 -59985.8 5304.09 -65289.9 6681.2207
3.63 273.25414 383.02876 45400.072 -60092.5 5214.16 -65306.6 6663.8891
3.64 259.91689 345.59416 45267.537 -60359.3 4959.66 -65319 6673.3065
3.65 274.66592 450.84083 45447.339 -60030.4 5241.1 -65271.5 6704.9548
3.66 268.56194 -434.51496 46081.608 -60218.9 5124.62 -65343.5 6808.4423
3.67 268.58933 572.90234 45504.184 -60389.5 5125.15 -65514.7 6765.6402
3.68 269.9625 371.87349 45591.515 -60068.9 5151.35 -65220.3 6793.1094
3.69 267.57893 -181.81406 45740.329 -60350.7 5105.86 -65456.5 6839.567
3.7 263.71974 810.98953 45596.45 -60102.4 5032.22 -65134.6 6866.4938
3.71 268.15283 -461.63695 45915.395 -60270.9 5116.82 -65387.7 6909.608
3.72 271.59171 -110.96006 45715.476 -59948 5182.44 -65130.5 6924.5766
3.73 266.18915 244.6975 45439.583 -60278.5 5079.35 -65357.9 6909.2711
3.74 272.94915 -161.50643 45769.198 -60049.8 5208.34 -65258.2 6979.1201
3.75 266.70116 370.06302 45984.485 -60069.2 5089.12 -65158.3 7029.4152
3.76 276.0917 398.7922 45501.69 -59983 5268.3 -65251.3 7007.596
3.77 266.45213 -214.69654 45923.152 -60383.1 5084.36 -65467.5 7085.0503
3.78 278.1996 -457.26454 45818.619 -60103.2 5308.53 -65411.7 7094.5297
3.79 267.99383 -26.026602 45591.118 -60603.2 5113.78 -65717 7103.5285
3.8 276.99914 759.50482 45363.127 -60032.9 5285.62 -65318.5 7091.1427
3.81 275.82238 515.55591 45871.7 -60015.6 5263.16 -65278.8 7187.7248
3.82 260.93022 -514.1852 45833.119 -60047.4 4979 -65026.4 7222.6901
3.83 259.78445 -277.87208 45694.716 -60639.9 4957.13 -65597.1 7225.3986
3.84 280.70921 181.57946 45663.756 -60138.2 5356.41 -65494.6 7246.2064
3.85 268.2878 296.10411 45619.328 -60202.3 5119.39 -65321.7 7281.5763
3.86 281.28168 316.97987 45571.671 -60063.8 5367.34 -65431.1 7316.5665
3.87 268.15695 -724.36459 45581.738 -60330.3 5116.89 -65447.2 7326.2818
3.88 273.42705 -188.47635 45763.318 -60103.8 5217.46 -65321.2 7361.0241
3.89 265.28131 171.54752 45623.198 -60307.5 5062.02 -65369.5 7380.8036
3.9 275.03209 -109.98454 46103.395 -59927.4 5248.08 -65175.5 7475.6664
3.91 269.096 -162.16327 45964.631 -60122.3 5134.81 -65257.1 7485.3961
3.92 267.47207 -413.09358 46209.935 -59949.6 5103.83 -65053.4 7539.7524
3.93 270.10851 -111.89472 45596.026 -60142.7 5154.13 -65296.8 7510.4322
3.94 267.29624 -459.47725 45928.459 -60261.8 5100.47 -65362.2 7565.8938
3.95 266.93713 126.56089 45491.423 -60264.9 5093.62 -65358.5 7543.8078
3.96 267.75848 243.58708 45598.865 -60319.9 5109.29 -65429.2 7582.9948
3.97 271.92148 21.792313 45433.356 -60077.8 5188.73 -65266.5 7579.7217
3.98 281.1679 123.58674 45876.579 -59798.7 5365.17 -65163.9 7669.8012
3.99 274.31511 -295.47248 45841.518 -59914 5234.4 -65148.4 7681.7451
4 259.95954 -61.576999 45411.368 -60100.7 4960.47 -65061.2 7670.9679
4.01 268.43301 391.6953 45284.485 -60274 5122.16 -65396.2 7660.8474
4.02 262.88551 -749.15889 45771.766 -60091.9 5016.31 -65108.2 7731.1315
4.03 263.00061 337.8501 45589.68 -60396.9 5018.5 -65415.4 7739.5239
4.04 274.449 655.94846 45711.537 -59872.2 5236.96 -65109.2 7774.9939
4.05 281.03032 406.8265 45492.396 -60095.3 5362.54 -65457.9 7780.215
4.06 276.69523 -349.65675 45939.476 -60085.4 5279.82 -65365.3 7846.8471
4.07 276.55622 120.42846 45593.76 -59935.8 5277.17 -65213 7850.2484
4.08 269.5647 -26.305577 45648.009 -60127.2 5143.76 -65271 7891.8971
4.09 269.19895 403.18981 45495.186 -60123 5136.78 -65259.8 7897.4558
4.1 271.03838 431.54995 45808.951 -60059.6 5171.88 -65231.5 7959.8726
4.11 268.88246 309.62311 45721.757 -60424.3 5130.74 -65555.1 7981.4913
4.12 284.08139 759.1601 45463.829 -60078.4 5420.76 -65499.2 7966.5515
4.13 268.08099 456.65228 45664.073 -60294.5 5115.45 -65410 8013.9989
4.14 272.11202 9.9551659 45542.635 -60230.3 5192.36 -65422.7 8033.4471
4.15 280.56888 -16.951012 45809.562 -59705.3 5353.74 -65059.1 8126.364
4.16 275.6243 14.716825 45700.664 -59894 5259.38 -65153.4 8160.6438
4.17 270.62221 -290.78061 45890.055 -60121.5 5163.94 -65285.5 8221.1104
4.18 269.28396 300.95812 45622.933 -60224.6 5138.4 -65363 8205.2087
4.19 282.96642 -618.05425 45714.09 -59874.5 5399.48 -65273.9 8244.9585
4.2 270.93147 -279.11283 45697.975 -60152.7 5169.84 -65322.5 8264.353
4.21 269.46851 -452.72337 45802 -60079.1 5141.92 -65221 8308.5652
4.22 259.17578 20.006013 45811.724 -60216.4 4945.52 -65162 8334.0952
4.23 273.88017 -561.64822 45852.423 -60080.5 5226.1 -65306.6 8344.6948
4.24 275.05514 558.68622 45692.002 -60144.2 5248.52 -65392.7 8342.1472
4.25 272.31652 -236.07277 45753.087 -60098.8 5196.27 -65295.1 8408.2542
4.26 271.26258 -86.166154 45680.061 -60185.1 5176.16 -65361.3 8438.7996
4.27 284.43867 140.53808 45632.395 -59767 5427.58 -65194.6 8458.1032
4.28 271.07726 -322.59771 45758.055 -59989.9 5172.62 -65162.5 8502.8312
4.29 265.35844 -540.91009 45841.876 -60344.3 5063.49 -65407.7 8564.1673
4.3 280.96438 -258.81787 45935.029 -59773.2 5361.28 -65134.5 8586.6561
4.31 263.98202 -94.568216 45575.382 -60155.8 5037.23 -65193 8573.0497
4.32 269.52092 577.93644 45399.939 -60113.6 5142.92 -65256.5 8574.5563
4.33 267.3023 -1194.2506 46221.846 -60476.1 5100.59 -65576.7 8708.4546
4.34 265.40844 -319.82374 46061.831 -60317.6 5064.45 -65382 8690.5287
4.35 271.63215 536.47566 45458.582 -59933.9 5183.21 -65117.1 8663.2955
4.36 267.8186 -503.9845 46109.611 -60174 5110.44 -65284.4 8766.5189
4.37 269.03703 295.75724 45902.24 -60042.5 5133.69 -65176.2 8785.5727
4.38 270.17852 -226.16729 45848.757 -60057.9 5155.47 -65213.3 8790.8925
4.39 275.82561 -82.419868 45734.247 -59935.7 5263.23 -65198.9 8819.9035
4.4 267.04909 -44.573588 45748.304 -60406.6 5095.75 -65502.3 8863.092
4.41 275.21271 -293.1815 45629.947 -60044.8 5251.53 -65296.3 8870.447
4.42 279.02187 -27.578022 45606.731 -59752.9 5324.22 -65077.1 8888.4579
4.43 270.7644 -552.01522 45697.697 -60108 5166.65 -65274.6 8928.8249
4.44 266.15662 -361.44712 45892.216 -60110.7 5078.72 -65189.4 8970.1613
4.45 270.23431 288.35553 45442.398 -60303.9 5156.53 -65460.4 8926.5209
4.46 270.77998 149.9975 45664.838 -60426.9 5166.95 -65593.9 8990.3735
4.47 271.8324 57.691877 45696.759 -60066.7 5187.03 -65253.8 9016.1543
4.48 283.452 -126.95873 45874.38 -59795.8 5408.75 -65204.6 9088.6168
4.49 278.43714 -50.876384 45662.026 -60199.9 5313.06 -65512.9 9107.7701
4.5 267.04684 112.25024 45559.828 -60495.3 5095.71 -65591 9122.2409
4.51 273.66176 99.502055 45696.707 -60031.7 5221.94 -65253.6 9160.7936
4.52 285.5004 769.24925 45292.635 -60310.3 5447.84 -65758.1 9132.4099
4.53 280.41253 -349.5598 45502.461 -59954.5 5350.75 -65305.2 9176.8797
4.54 269.4613 -1312.0024 46256.579 -60347.6 5141.78 -65489.4 9305.0624
4.55 271.61419 -595.23185 46086.838 -60317.4 5182.86 -65500.3 9320.5064
4.56 267.853 -40.801777 45717.018 -60176 5111.09 -65287.1 9310.7544
4.57 278.37292 948.97775 45416.914 -59882.4 5311.83 -65194.3 9310.9082
4.58 269.21573 -345.77745 45655.979 -59945.9 5137.1 -65083 9353.6609
4.59 267.36801 372.659 45719.051 -60378.9 5101.84 -65480.7 9395.5272
4.6 277.74704 -749.85175 45960.386 -59785.7 5299.89 -65085.6 9462.8208
4.61 265.88614 92.141122 45591.292 -60244.5 5073.56 -65318 9409.468
4.62 263.81476 -514.28569 46027.844 -60117.6 5034.04 -65151.7 9490.219
4.63 276.1031 142.52069 45789.862 -59944.5 5268.52 -65213 9490.0116
4.64 268.61326 -239.25639 45680.914 -59966 5125.6 -65091.6 9530.3886
4.65 278.30394 634.1819 45561.109 -59886.4 5310.52 -65196.9 9556.8801
4.66 269.31233 119.57418 45624.759 -60195.9 5138.94 -65334.8 9580.7621
4.67 267.93861 398.94988 45609.246 -60439.9 5112.73 -65552.6 9623.9953
4.68 273.67167 -340.94241 46058.798 -60061.1 5222.12 -65283.2 9716.0792
4.69 262.93818 431.18954 45338.406 -60430.2 5017.31 -65447.5 9648.9715
4.7 268.86625 224.23207 45893.475 -60419.9 5130.43 -65550.4 9745.5938
4.71 272.1964 41.35779 45473.623 -60103 5193.97 -65297 9730.2647
4.72 265.35653 152.12151 45735.659 -60296.2 5063.46 -65359.6 9816.4731
4.73 265.77482 475.72807 45333.733 -60195.7 5071.44 -65267.1 9787.1452
4.74 273.04859 117.65771 45591.495 -59832.8 5210.24 -65043 9823.8838
4.75 276.50539 305.83566 45702.864 -60003.2 5276.2 -65279.4 9858.481
4.76 271.12254 1205.9503 45066.368 -60174.2 5173.48 -65347.7 9796.6887
4.77 269.94524 -171.8436 45878.742 -60064.3 5151.02 -65215.3 9904.0983
4.78 264.63308 970.26511 45579.739 -60497.8 5049.65 -65547.5 9882.1318
4.79 274.5845 -64.142654 45638.082 -60139.1 5239.54 -65378.6 9920.0258
4.8 264.70471 244.10629 45391.445 -60267.7 5051.02 -65318.7 9923.7061
4.81 271.05208 314.92678 45917.005 -60128.2 5172.14 -65300.3 10022.561
4.82 274.79055 770.8564 45465.144 -60517.2 5243.47 -65760.6 9975.1119
4.83 271.14122 -483.92324 46189.213 -59923.8 5173.84 -65097.6 10131.235
4.84 272.84136 -287.11843 45817.436 -60024.8 5206.28 -65231 10114.552
4.85 274.60945 -476.99637 45889.762 -59993.5 5240.02 -65233.6 10169.148
4.86 266.75045 605.60476 45610.988 -60290 5090.06 -65380 10154.036
4.87 260.26471 941.71266 45748.069 -60310.8 4966.3 -65277.1 10189.414
4.88 280.00162 81.367647 45783.646 -60285.1 5342.91 -65628 10192.305
4.89 267.59887 -860.58292 46324.744 -60199.7 5106.25 -65305.9 10273.61
4.9 274.4332 -188.26454 45819.43 -60012 5236.66 -65248.7 10222.516
4.91 278.90428 394.15244 45574.774 -59572.7 5321.97 -64894.7 10214.193
4.92 264.25663 -376.25492 45820.79 -60134.3 5042.47 -65176.8 10271.604
4.93 263.90763 103.23719 46050.996 -60023.3 5035.81 -65059.1 10298.71
4.94 270.94552 -138.60874 45762.823 -59891.5 5170.11 -65061.6 10264.031
4.95 267.40809 703.3806 45614.387 -60221.3 5102.61 -65323.9 10289.372
4.96 276.93216 -116.61593 45648.3 -59975.5 5284.34 -65259.9 10341.029
4.97 281.20132 237.60784 45572.677 -59924.8 5365.8 -65290.6 10346.783
4.98 270.8581 140.09168 45774.268 -59990.5 5168.44 -65159 10388.338
4.99 270.93937 -596.48318 45730.774 -60111.7 5169.99 -65281.7 10405.179
5 277.17529 358.4383 45685.715 -60369.5 5288.98 -65658.5 10413.938
5.01 276.40723 -365.74173 45846.414 -60148.3 5274.32 -65422.6 10472.463
5.02 262.84355 304.06583 45615.83 -60332.7 5015.51 -65348.2 10455.227
5.03 272.71206 392.90224 45464.362 -60168.2 5203.81 -65372 10479.613
5.04 271.10491 1034.6118 45294.217 -60353.7 5173.15 -65526.8 10467.814
5.05 276.24488 -372.69966 45561.048 -60209.6 5271.23 -65480.8 10549.025
5.06 280.2938 205.33075 45709.919 -59958.7 5348.49 -65307.2 10582.431
5.07 272.28704 419.86873 45636.363 -60024.4 5195.7 -65220.1 10598.756
5.08 274.20483 -143.42702 45735.435 -60008.5 5232.3 -65240.8 10660.964
5.09 265.93924 -105.6638 45878.856 -59880.5 5074.58 -64955 10704.118
5.1 274.99938 208.45235 45569.794 -60171.7 5247.46 -65419.1 10684.908
5.11 258.20886 -240.84468 45933.795 -60102.9 4927.07 -65030 10782.279
5.12 273.25303 -351.25153 45595.154 -60158.3 5214.14 -65372.4 10758.062
5.13 274.06679 211.12468 45944.009 -59967.7 5229.66 -65197.4 10823.522
5.14 269.77863 0.91890459 45814.168 -60028.8 5147.84 -65176.6 10841.581
5.15 265.88522 -830.18219 45801.799 -60214.8 5073.55 -65288.4 10882.754
5.16 279.22154 559.34304 45550.583 -59948.9 5328.03 -65276.9 10901.675
5.17 269.53271 827.38332 45354.286 -60114.4 5143.15 -65257.5 10923.307
5.18 265.07305 -139.40315 45903.819 -60302.9 5058.05 -65360.9 11033.983
5.19 267.82876 933.88208 45341.9 -60153.4 5110.63 -65264 10962.627
5.2 270.95211 502.9035 45589.535 -59964.9 5170.23 -65135.1 11044.834
5.21 268.15647 158.10405 45584.099 -60261.7 5116.89 -65378.6 11057.104
5.22 269.13763 196.58171 45611.625 -60052.3 5135.61 -65187.9 11079.462
5.23 275.65951 1015.8233 45547.117 -59894.4 5260.06 -65154.4 11101.129
5.24 271.95822 836.40201 45586.689 -60230.7 5189.43 -65420.1 11151.392
5.25 262.83786 -529.77207 45867.727 -60140.9 5015.4 -65156.3 11224.671
5.26 270.35562 -64.334395 45476.106 -60224 5158.85 -65382.9 11209.813
5.27 274.6281 307.39916 45969.019 -59974.2 5240.38 -65214.6 11331.984
5.28 271.92263 479.32055 45541.109 -60059.5 5188.75 -65248.3 11274.8
5.29 276.1463 -113.48087 45770.394 -59997 5269.35 -65266.4 11323.252
5.3 272.75315 364.10062 45751.783 -60008.8 5204.6 -65213.4 11361.107
5.31 275.72908 29.520763 45654.881 -59875.7 5261.38 -65137.1 11352.369
5.32 277.27396 -122.54985 45869.904 -59883.6 5290.86 -65174.4 11452.249
5.33 272.17494 -368.15718 46085.574 -60142.7 5193.56 -65336.2 11495.614
5.34 276.59949 495.1835 45498.299 -60387.7 5277.99 -65665.7 11408.935
5.35 271.63869 325.88819 45510.693 -59953.6 5183.33 -65136.9 11447.889
5.36 275.32498 -58.302383 45964.666 -60015 5253.67 -65268.6 11525.127
5.37 280.86561 -197.64918 45750.626 -60077.4 5359.4 -65436.8 11501.739
5.38 283.75355 116.93401 45760.116 -59716.8 5414.5 -65131.4 11552.862
5.39 271.86965 28.204797 45517.927 -60190.2 5187.74 -65378 11539.482
5.4 274.73965 318.28363 45927.853 -59986.4 5242.5 -65228.9 11624.02
5.41 275.17583 589.54612 45710.096 -60304.3 5250.83 -65555.2 11606.685
5.42 268.54281 540.73471 45560.127 -59861.1 5124.26 -64985.4 11621.952
5.43 271.27355 852.56956 45334.973 -60299.3 5176.36 -65475.6 11613.166
5.44 281.03991 -95.784609 45691.223 -59826.2 5362.72 -65188.9 11721.653
5.45 278.89886 -186.19886 45604.412 -59989.2 5321.87 -65311.1 11731.084
5.46 275.34508 84.600217 45650.605 -60308 5254.06 -65562.1 11753.359
5.47 274.83648 479.78845 45920.628 -59864 5244.35 -65108.3 11824.369
5.48 276.36054 -415.43506 45496.276 -60155.5 5273.43 -65429 11769.853
5.49 265.87173 -441.50988 45973.029 -60584.8 5073.29 -65658.1 11878.701
5.5 271.35325 -148.11258 45851.519 -60270.3 5177.89 -65448.2 11889.753
5.51 273.44696 -500.46063 46102.744 -59939.9 5217.84 -65157.7 11951.883
5.52 272.96433 -83.073512 45670.911 -60166.6 5208.63 -65375.2 11877.48
5.53 263.70693 -880.69156 45989.619 -60303.1 5031.98 -65335.1 11954.182
5.54 274.54186 -134.2701 45814.944 -59999.5 5238.73 -65238.2 11965.794
5.55 278.30945 487.59593 45614.461 -60077.8 5310.62 -65388.5 11917.54
5.56 264.53554 -428.75451 45811.334 -60131.8 5047.79 -65179.6 12011.282
5.57 272.02007 50.30937 46144.679 -60279 5190.61 -65469.6 12084.682
5.58 275.06014 -160.79035 45597.791 -60227.7 5248.62 -65476.3 12039.566
5.59 274.38053 769.59589 45695.706 -60039.9 5235.65 -65275.5 12088.161
5.6 280.83907 -389.2179 45663.143 -60119.2 5358.89 -65478.1 12113.961
5.61 268.91338 309.10841 45865.877 -60330.4 5131.33 -65461.7 12175.183
5.62 260.21059 -662.12285 45777.425 -60098.1 4965.26 -65063.4 12192.272
5.63 276.84354 129.92618 45774.6 -59929.3 5282.65 -65211.9 12210.891
5.64 280.07842 127.83802 46105.945 -60075.2 5344.38 -65419.5 12259.058
5.65 268.25999 -219.15525 45480.201 -60246.9 5118.86 -65365.7 12178.02
5.66 278.42867 526.03475 45311.679 -59927.1 5312.9 -65240 12140.644
5.67 271.55123 -66.615328 46036.645 -60133.7 5181.66 -65315.4 12296.953
5.68 267.8485 153.60387 45526.047 -60296.6 5111.01 -65407.6 12215.418
5.69 273.85072 -396.06474 45526.5 -60498.1 5225.54 -65723.6 12279.384
5.7 268.20325 359.01029 45587.538 -60185.1 5117.78 -65302.9 12324.675
5.71 272.22484 -218.77921 45787.046 -60138.1 5194.52 -65332.6 12374.872
5.72 268.48981 -339.13412 46044.08 -60143.5 5123.25 -65266.8 12497.387
5.73 277.77751 -854.74476 46158.149 -59922.3 5300.47 -65222.8 12548.996
5.74 266.74964 132.95165 45846.672 -60183.4 5090.04 -65273.5 12515.564
5.75 275.5224 -268.80657 45736.155 -60316.7 5257.44 -65574.2 12520.843
5.76 277.60447 143.42394 45654.945 -59956.2 5297.17 -65253.4 12541.785
5.77 265.17024 643.17095 45385.107 -60115.9 5059.9 -65175.8 12501.629
5.78 275.47325 127.04761 45625.885 -60157.2 5256.5 -65413.7 12565.543
5.79 280.17062 -396.78665 45739.594 -60188.6 5346.14 -65534.7 12608.271
5.8 265.89896 960.75999 45477.764 -60170.4 5073.81 -65244.2 12579.329
5.81 273.50546 -523.15602 45794.835 -59960.9 5218.95 -65179.8 12674.157
5.82 270.67987 -322.38852 45674.791 -60074.9 5165.04 -65240 12683.403
5.83 276.19318 172.56385 45697.075 -60164.1 5270.24 -65434.3 12739.66
5.84 278.73648 832.11397 45768.898 -60036 5318.77 -65354.8 12786.571
5.85 269.33495 -249.23804 45524.595 -60375.2 5139.37 -65514.6 12773.399
5.86 274.73853 -60.529031 45517.531 -60217.4 5242.48 -65459.8 12810.699
5.87 261.56777 -466.47738 45778.914 -60256.3 4991.16 -65247.4 12904.68
5.88 267.02979 391.7369 45627.207 -59973.5 5095.39 -65068.9 12929.359
5.89 275.26675 -537.20474 45992.737 -59974.7 5252.56 -65227.2 13014.7
5.9 281.04341 57.400359 45562.096 -59709.1 5362.79 -65071.9 12999.55
5.91 271.10262 -941.88221 45889.554 -60282.3 5173.1 -65455.4 13062.474
5.92 277.77934 -58.214506 46142.96 -59976.1 5300.51 -65276.6 13113.801
5.93 281.18854 -387.43742 46132.918 -59941 5365.56 -65306.5 13179.597
5.94 259.96183 -87.187243 45723.496 -60318.8 4960.52 -65279.3 13126.822
5.95 278.70131 404.27727 45616.834 -59875.7 5318.1 -65193.8 13131.206
5.96 272.59512 -221.09053 45576.155 -60119.2 5201.58 -65320.7 13142.703
5.97 270.29689 10.281614 45298.241 -60202.9 5157.73 -65360.7 13086.8
5.98 275.76143 241.21218 45578.926 -59950.4 5262 -65212.4 13147.977
5.99 269.8349 252.39561 45256.164 -60151.9 5148.91 -65300.8 13095.378
6 272.19987 -362.18209 45700.391 -60031 5194.04 -65225.1 13234.142
6.01 270.60236 -326.322 45788.685 -60180.8 5163.56 -65344.4 13248.719
6.02 263.93685 158.2778 46009.623 -60358.9 5036.37 -65395.2 13334.342
6.03 279.66095 -364.23693 45538.76 -60122.6 5336.41 -65459 13276.567
6.04 276.08001 -463.60295 45511.973 -59797.3 5268.08 -65065.4 13294.68
6.05 268.54113 -231.70919 45638.383 -60246.5 5124.23 -65370.7 13369.126
6.06 268.03296 -457.3355 45823.857 -60206.7 5114.53 -65321.3 13460.151
6.07 282.57412 -298.86909 45654.46 -59790.7 5392 -65182.7 13449.75
6.08 283.46903 604.18081 45289.031 -60212.1 5409.08 -65621.2 13410.547
6.09 281.68575 146.52998 45744.361 -60091.4 5375.05 -65466.4 13523.238
6.1 278.58153 210.56009 45781.528 -60020.7 5315.81 -65336.5 13557.256
6.11 270.31972 8.6388238 45710.637 -60095.5 5158.16 -65253.6 13512.14
6.12 263.26582 -332.95351 46002.219 -60132.8 5023.56 -65156.4 13623.554
6.13 276.20237 6.0050742 45489.887 -60038.1 5270.41 -65308.5 13566.89
6.14 273.16992 -325.77594 45770.171 -59927.9 5212.55 -65140.4 13664.413
6.15 274.40475 280.30047 45335.394 -60057.1 5236.11 -65293.3 13594.466
6.16 264.3103 362.97994 45301.444 -60483.9 5043.49 -65527.4 13595.412
6.17 269.59868 162.58802 46154.352 -60347.5 5144.4 -65491.9 13783.216
6.18 271.45315 46.746853 45483.471 -60201.3 5179.79 -65381.1 13650.187
6.19 271.89484 55.301373 45589.615 -60281.5 5188.22 -65469.8 13714.321
6.2 273.88074 96.247002 45730.752 -60015 5226.11 -65241.1 13794.47
6.21 271.49464 90.941961 45710.565 -60260.1 5180.58 -65440.7 13853.899
6.22 284.28004 -153.40388 45594.565 -59893.5 5424.55 -65318.1 13857.364
6.23 259.98639 -850.41499 46217.019 -60275.2 4960.99 -65236.2 14008.402
6.24 269.36301 -440.26561 45797.539 -60101.8 5139.91 -65241.7 13919.072
6.25 256.8347 91.775206 45807.686 -60351.4 4900.85 -65252.3 13926.16
6.26 278.70023 -227.41409 45685.385 -60185.5 5318.08 -65503.5 13935.972
6.27 277.02733 -616.21364 45916.06 -59892.1 5286.16 -65178.3 13984.519
6.28 267.89606 -107.19061 45791.359 -60203.7 5111.92 -65315.6 13972.17
6.29 274.26395 390.84952 45836.533 -59859.5 5233.43 -65093 14024.449
6.3 271.97019 138.64288 45666.148 -60187.9 5189.66 -65377.5 14039.188
6.31 265.4438 -612.34931 46032.531 -60237.5 5065.12 -65302.6 14127.197
6.32 277.42831 377.11011 45892.964 -59892.6 5293.81 -65186.4 14118.3
6.33 278.44734 -262.73299 45798.904 -60063.1 5313.25 -65376.3 14140.535
6.34 266.22038 802.57592 45430.632 -60185.9 5079.94 -65265.9 14107.661
6.35 271.18384 434.60527 45604.163 -59916.4 5174.65 -65091.1 14141.856
6.36 270.51623 102.63517 45438.631 -60153.6 5161.91 -65315.5 14158.245
6.37 281.28277 657.86925 45373.631 -59960.7 5367.36 -65328.1 14190.489
6.38 271.23865 -52.571847 46135.785 -59953.8 5175.7 -65129.5 14362.801
6.39 271.38966 -482.27785 46034.034 -60328.6 5178.58 -65507.2 14339.62
6.4 270.43902 -519.50709 45632.228 -59846.5 5160.44 -65006.9 14303.848
6.41 268.09731 149.01866 45819.768 -60136.3 5115.76 -65252 14386.718
6.42 271.50067 -192.67931 45728.341 -59993 5180.7 -65173.7 14372.99
6.43 268.69617 -379.73405 46008.553 -60024.7 5127.18 -65151.9 14445.729
6.44 275.05813 -327.8959 45852.748 -60215.6 5248.58 -65464.1 14474.091
6.45 267.97267 -667.47605 45811.395 -60389.6 5113.38 -65503 14482.157
6.46 276.02551 224.80196 45463.466 -60214.7 5267.04 -65481.8 14417.513
6.47 276.77791 768.29549 45414.068 -60186.5 5281.4 -65467.9 14399.718
6.48 267.13029 -292.65067 45891.798 -60218.6 5097.3 -65315.9 14528.374
6.49 269.75975 17.525166 45724.725 -60114 5147.48 -65261.5 14489.19
6.5 277.05076 -207.06315 45733.453 -60152.1 5286.6 -65438.7 14511.698
6.51 265.1099 664.67353 45406.943 -60109.4 5058.75 -65168.1 14458.888
6.52 260.18795 -42.373899 45795.018 -60232.9 4964.83 -65197.7 14556.89
6.53 267.58959 216.82911 45893.606 -59997.4 5106.07 -65103.5 14609.062
6.54 273.11103 452.78956 45355.288 -60207.1 5211.43 -65418.5 14523.337
6.55 264.18232 525.39289 45485.506 -60392.5 5041.05 -65433.6 14556.072
6.56 272.12922 35.702244 45828.852 -60107.4 5192.69 -65300.1 14690.145
6.57 289.82758 -292.37472 46174.595 -59657.4 5530.41 -65187.8 14797.697
6.58 271.03915 113.1381 45831.965 -60184.1 5171.89 -65356 14796.902
6.59 258.9916 200.23106 45772.807 -60301.5 4942 -65243.5 14830.93
6.6 269.81552 123.4215 45614.279 -59720.4 5148.54 -64868.9 14848.826
6.61 271.27884 -342.83686 45880.66 -59922.5 5176.47 -65099 14949.106
6.62 267.56506 -520.05119 45890.68 -59963 5105.6 -65068.6 14969.445
6.63 264.69276 -123.81148 45750.276 -60203.2 5050.79 -65254 14992.059
6.64 268.46099 -772.97968 45773.418 -59692.1 5122.7 -64814.8 15027.067
6.65 264.79162 245.58352 45585.24 -60180.3 5052.68 -65233 14984.637
6.66 273.37168 155.48844 45853.62 -60060.5 5216.4 -65276.9 15086.35
6.67 275.65583 2.4520421 45784.206 -60348.3 5259.99 -65608.2 15077.471
6.68 283.36221 540.69626 45726.176 -60014.2 5407.04 -65421.3 15099.147
6.69 263.31438 -384.23282 45627.481 -59873.5 5024.49 -64898 15104.988
6.7 278.38445 -311.89203 45613.233 -60185.9 5312.05 -65497.9 15089.288
6.71 269.80999 -477.25486 45826.18 -59979.9 5148.44 -65128.4 15148.024
6.72 272.39974 -36.26509 45781.805 -60216.3 5197.85 -65414.1 15174.972
6.73 269.55067 -838.20349 46096.535 -59876.7 5143.49 -65020.2 15279.639
6.74 275.76905 77.080703 45612.766 -60184.1 5262.15 -65446.2 15177.806
6.75 275.85696 646.65337 45372.56 -60177.2 5263.82 -65441 15161.601
6.76 263.29116 -300.45762 45572.803 -60141 5024.05 -65165 15266.888
6.77 269.50786 286.77505 45630.525 -60126.3 5142.67 -65269 15307.401
6.78 259.92826 -53.978876 45682.67 -60292.1 4959.88 -65251.9 15352.169
6.79 273.3002 -735.19888 46070.06 -59988.8 5215.04 -65203.8 15488.333
6.8 266.85766 -27.813403 45444.191 -60395.9 5092.1 -65488 15383.586
6.81 279.21398 883.97987 45557.792 -60112.6 5327.88 -65440.5 15426.971
6.82 268.66136 -163.40028 45991.449 -59950.4 5126.52 -65077 15577.18
6.83 273.41258 547.6231 45467.839 -60217.9 5217.18 -65435.1 15463.919
6.84 267.08399 -717.50652 45992.152 -60197.6 5096.42 -65294 15597.757
6.85 274.95291 14.522624 45717.372 -59980.2 5246.57 -65226.8 15576.05
6.86 276.14374 -248.54952 45680.756 -59824.5 5269.3 -65093.8 15608.144
6.87 283.80453 786.26457 45577.38 -59823.2 5415.48 -65238.7 15594.826
6.88 276.56774 34.833685 45739.687 -60131.4 5277.39 -65408.8 15650.488
6.89 264.60226 -457.65124 45654.173 -60160.7 5049.07 -65209.8 15661.594
6.9 263.33347 -373.49578 46016.138 -60256 5024.85 -65280.9 15774.546
6.91 266.66204 179.1022 45601.064 -60214.5 5088.37 -65302.8 15680.779
6.92 276.71029 -655.99433 45835.134 -60207.2 5280.11 -65487.3 15737.911
6.93 269.81222 -42.936018 45801.875 -60021.2 5148.48 -65169.7 15729.763
6.94 277.59431 192.76613 45805.819 -59993.6 5296.98 -65290.5 15768.072
6.95 281.62318 117.79806 45562.386 -60097.9 5373.85 -65471.7 15732.006
6.96 268.43913 -6.901182 45688.61 -60031.4 5122.28 -65153.7 15768.682
6.97 271.02333 245.81691 45554.054 -60243.5 5171.59 -65415.1 15785.432
6.98 272.76566 310.23168 45810.018 -60137.9 5204.84 -65342.7 15880.92
6.99 273.64762 348.19347 45650.097 -60014.4 5221.67 -65236.1 15899.725
7 272.84384 466.63502 45551.561 -60253.5 5206.33 -65459.9 15900.649
7.01 274.48004 -108.19794 45803.107 -60101.1 5237.55 -65338.6 15985.688
7.02 276.59235 469.97641 45584.74 -60091.9 5277.86 -65369.8 15928.328
7.03 257.33906 -17.542443 45743.63 -60431.6 4910.47 -65342 15985.041
7.04 261.02299 -1002.6898 45999.27 -60175.6 4980.77 -65156.4 16088.791
7.05 279.85369 506.95131 45407.295 -59986.3 5340.09 -65326.4 15961.308
7.06 279.76978 183.21515 45589.175 -60106 5338.49 -65444.5 16042.365
7.07 258.92262 -1019.8608 45941.342 -60197.8 4940.69 -65138.5 16153.332
7.08 270.51618 623.73841 45550.817 -60166.9 5161.91 -65328.9 16085.868
7.09 277.03088 -750.608 45821.337 -60092 5286.22 -65378.3 16186.605
7.1 271.97783 -855.15448 46088.655 -60059.1 5189.8 -65248.9 16253.743
7.11 277.40105 670.96131 45617.809 -60166.2 5293.29 -65459.5 16183.966
7.12 266.43952 692.87039 45268.609 -60420.7 5084.12 -65504.9 16140.111
7.13 269.71298 -18.249781 46000.551 -60209.8 5146.59 -65356.3 16329.13
7.14 276.36529 278.18038 45781.579 -60001 5273.52 -65274.6 16321.585
7.15 269.41562 178.0922 45578.013 -60228.9 5140.91 -65369.8 16320.254
7.16 270.22909 -97.458161 45972.961 -59848 5156.43 -65004.4 16471.236
7.17 271.3024 -703.58102 45763.182 -60066.2 5176.92 -65243.1 16439.627
7.18 273.06356 -418.16656 45873.729 -60057.7 5210.52 -65268.2 16499.644
7.19 270.05139 282.66589 45602.571 -60238.5 5153.04 -65391.5 16448.588
7.2 275.47209 -112.08948 45584.703 -59887.8 5256.48 -65144.3 16461.104
7.21 272.36937 -453.03619 45801.96 -60210 5197.27 -65407.3 16572.898
7.22 273.29578 311.62824 45533.993 -60277.3 5214.95 -65492.3 16562.572
7.23 268.03049 361.30915 45705.833 -60317.2 5114.48 -65431.6 16613.918
7.24 271.96344 50.828589 45752.253 -60015 5189.53 -65204.5 16647.889
7.25 271.8115 675.22038 45447.825 -60106 5186.63 -65292.6 16597.729
7.26 279.76727 577.14375 45608.524 -60040.1 5338.44 -65378.5 16661.748
7.27 274.4311 329.3154 45720.689 -60061.5 5236.62 -65298.1 16686.383
7.28 260.75358 -428.75587 45667.896 -60395.8 4975.63 -65371.4 16685.774
7.29 271.05443 -932.92782 45731.24 -60077.3 5172.18 -65249.5 16729.005
7.3 282.35178 -629.80354 45889.175 -59864.3 5387.76 -65252.1 16766.325
7.31 277.2706 -1049.2628 45926.492 -60215.1 5290.8 -65505.9 16807.225
7.32 276.21444 -91.441284 45706.87 -60163.9 5270.65 -65434.5 16756.406
7.33 266.56029 254.11562 45795.066 -60267.4 5086.43 -65353.8 16807.405
7.34 269.50063 484.6571 45616.917 -60102.2 5142.53 -65244.7 16817.418
7.35 269.90188 -244.16332 45624.502 -60087.3 5150.19 -65237.5 16862.225
7.36 271.67282 197.08594 45792.286 -59994.1 5183.98 -65178.1 16923.884
7.37 267.36983 -457.03913 45916.429 -60546.9 5101.88 -65648.8 16962.3
7.38 272.48508 -603.3146 45753.472 -60057.5 5199.48 -65257 16954.766
7.39 270.02197 771.91517 45362.981 -60238.4 5152.48 -65390.9 16901.887
7.4 281.83687 -14.026982 45708.962 -60277.3 5377.93 -65655.2 17002.746
7.41 275.87724 -224.53541 45997.742 -59889.7 5264.21 -65153.9 17143.115
7.42 270.11007 823.20286 45513.333 -60350.1 5154.16 -65504.2 17074.007
7.43 276.35762 -10.659745 45815.765 -59976.4 5273.38 -65249.8 17172.099
7.44 269.89753 173.70825 45518.011 -60345.5 5150.11 -65495.7 17129.316
7.45 274.31275 -344.97777 45992.659 -60191.6 5234.36 -65425.9 17251.562
7.46 273.09249 -335.52927 45642.214 -60135.3 5211.07 -65346.3 17198.943
7.47 275.93524 282.12566 45619.291 -60133.6 5265.32 -65398.9 17225.292
7.48 261.20263 -301.62809 45696.276 -60343.8 4984.19 -65328 17288.186
7.49 275.05703 333.62648 45476.839 -59987.5 5248.56 -65236 17297.378
7.5 269.26049 527.53515 45489.67 -60147.8 5137.95 -65285.8 17364.352
7.51 270.60736 -87.678952 45742.977 -60174.7 5163.65 -65338.3 17454.803
7.52 266.82289 458.1593 45418.484 -60244.6 5091.44 -65336 17368.833
7.53 279.4585 -635.75221 45740.772 -59878 5332.55 -65210.5 17473.512
7.54 267.05074 -177.88349 45400.747 -60460.6 5095.79 -65556.4 17404.554
7.55 275.97662 -538.00057 45705.658 -59938.7 5266.11 -65204.8 17524.129
7.56 266.24678 -329.62838 45625.077 -60223.9 5080.45 -65304.3 17503.164
7.57 278.79422 -355.23797 45801.936 -59903.8 5319.87 -65223.7 17552.898
7.58 267.07523 -964.01339 46193.445 -60538.8 5096.25 -65635.1 17654.985
7.59 274.7418 -447.26127 45860.072 -60054.4 5242.54 -65296.9 17615.179
7.6 271.0189 -349.73118 45610.671 -59953.2 5171.51 -65124.8 17607.135
7.61 268.53821 2.2420727 45726.409 -60102.3 5124.17 -65226.5 17695.828
7.62 266.63776 -252.03041 45804.604 -60119.9 5087.91 -65207.8 17779.376
7.63 269.4769 -255.61735 46213.47 -60266.6 5142.08 -65408.7 17906.622
7.64 282.17677 61.305952 45681.59 -60049 5384.42 -65433.4 17793.662
7.65 271.01189 474.60843 45713.973 -60373.1 5171.37 -65544.5 17848.567
7.66 272.0261 86.363735 45685.552 -60243.4 5190.72 -65434.2 17878.693
7.67 272.69552 403.73728 45467.201 -60297.7 5203.5 -65501.2 17835.106
7.68 280.86537 758.63335 45504.467 -60058 5359.39 -65417.4 17894.401
7.69 270.76806 -257.13736 45787.771 -60308 5166.72 -65474.7 17976.598
7.7 269.33129 115.73053 45562.207 -59961.3 5139.3 -65100.6 17981.547
7.71 278.71009 -524.03565 45887.953 -60127.8 5318.27 -65446.1 18058.762
7.72 282.73666 -179.38246 45557.525 -60124.5 5395.1 -65519.6 17991.324
7.73 276.86924 -312.64801 45833.288 -60162.8 5283.14 -65446 18092.123
7.74 266.68125 28.775272 45504.576 -60177.2 5088.74 -65265.9 18067.097
7.75 274.16585 384.94943 45472.344 -59940.9 5231.55 -65172.5 18127.759
7.76 271.6248 289.10686 45538.217 -60157.2 5183.07 -65340.2 18153.846
7.77 271.38863 43.334501 45731.263 -60123.4 5178.56 -65302 18240.15
7.78 273.34078 -218.85153 46019.655 -59885.7 5215.81 -65101.5 18371.152
7.79 272.35895 -931.09322 46031.337 -60086.7 5197.08 -65283.8 18371.181
7.8 268.19937 297.493 45569.971 -60255.2 5117.7 -65372.9 18285.229
7.81 272.411 -505.39926 45929.188 -60289.6 5198.07 -65487.7 18376.479
7.82 266.54037 -338.25143 45905.421 -60493.4 5086.05 -65579.5 18380.777
7.83 274.8275 -156.48392 45965.1 -60195.1 5244.18 -65439.3 18429.193
7.84 275.0989 623.65466 45594.859 -60001.5 5249.36 -65250.8 18373.9
7.85 267.33133 -165.72648 45672.57 -60443.6 5101.14 -65544.8 18390.999
7.86 279.76898 529.30267 45876.66 -59914.6 5338.47 -65253.1 18498.103
7.87 275.3348 630.83914 45441.084 -60048 5253.86 -65301.9 18428.941
7.88 276.43335 -53.615604 45788.409 -59745.8 5274.82 -65020.6 18575.93
7.89 278.99989 -348.07092 45778.427 -59915.4 5323.8 -65239.2 18596.492
7.9 277.26665 808.88835 45320.376 -60264.2 5290.72 -65555 18510.998
7.91 272.29412 -376.43693 45724.43 -59855.3 5195.84 -65051.2 18647.229
7.92 282.62705 410.7637 45752.249 -59565.3 5393.01 -64958.3 18635.103
7.93 275.8242 236.13975 45596.052 -60063.5 5263.2 -65326.7 18631.764
7.94 271.28961 -329.32858 45746.954 -60428.6 5176.67 -65605.2 18697.347
7.95 267.14659 -705.63762 45751.832 -60199.6 5097.62 -65297.2 18709.779
7.96 257.74986 351.03495 45727.336 -60612.7 4918.31 -65531 18717.494
7.97 272.04214 -284.10784 45896.152 -60217.3 5191.03 -65408.4 18799.535
7.98 267.31676 307.58208 45457.87 -60135.1 5100.86 -65235.9 18687.992
7.99 273.84565 -395.99513 45859.899 -59963 5225.44 -65188.4 18822.123
8 279.36943 618.0494 45494.277 -60117.2 5330.85 -65448.1 18772.876
8.01 267.73992 485.60353 45518.207 -60351.2 5108.94 -65460.2 18795.371
8.02 268.10467 -464.21655 45839.994 -60365.8 5115.9 -65481.7 18957.843
8.03 267.35895 263.46199 46017.481 -60004.6 5101.67 -65106.3 19031.759
8.04 276.30966 429.26642 45467.155 -59895.8 5272.46 -65168.2 18932.006
8.05 274.83413 -302.21985 45820.606 -59785.6 5244.31 -65029.9 19076.592
8.06 271.4498 195.24723 45401.6 -60191.3 5179.73 -65371 19013.525
8.07 270.8131 159.94668 45470.544 -60351.7 5167.58 -65519.3 19033.764
8.08 273.83441 983.24304 45440.573 -59832.8 5225.23 -65058 19020.253
8.09 262.61768 -86.32984 45868.14 -60267.5 5011.2 -65278.7 19137.233
8.1 280.75902 682.3551 45584.536 -60100.8 5357.36 -65458.1 19062.08
8.11 269.9702 402.09645 45534.923 -59950.8 5151.49 -65102.3 19081.675
8.12 275.92092 65.460277 45529.049 -60152.7 5265.04 -65417.8 19099.181
8.13 283.83543 605.0789 45464.129 -59699.8 5416.07 -65115.8 19081.542
8.14 267.99303 -59.943396 45561.394 -60198.6 5113.77 -65312.3 19153.368
8.15 271.55137 -259.65341 45577.713 -60228.2 5181.67 -65409.9 19183.901
8.16 274.53149 17.213487 45568.855 -60132.6 5238.53 -65371.2 19232.948
8.17 279.41602 418.74573 45640.725 -59744.8 5331.74 -65076.5 19294.275
8.18 265.54236 345.43096 45577.991 -60248.1 5067 -65315.1 19332.773
8.19 272.28247 55.114902 45748.351 -59882.4 5195.62 -65078.1 19413.254
8.2 272.11142 -424.03854 45726.108 -59856.3 5192.35 -65048.6 19431.044
8.21 279.0877 213.26447 45780.035 -60125.8 5325.47 -65451.2 19483.815
8.22 274.32504 -117.34282 45484.62 -60230.5 5234.59 -65465.1 19434.227
8.23 275.24078 -692.3933 45920.968 -60199.8 5252.07 -65451.9 19592.061
8.24 271.69334 -340.89226 45838.95 -60432.1 5184.38 -65616.5 19603.321
8.25 274.78204 -744.86771 46256.542 -60120.2 5243.31 -65363.6 19728.469
8.26 268.05914 -295.8001 45730.658 -60179.3 5115.03 -65294.3 19601.675
8.27 258.83795 -203.26538 45871.091 -60372.9 4939.07 -65311.9 19647.944
8.28 280.17942 -353.53399 45640.239 -60222.8 5346.3 -65569.1 19651.031
8.29 276.16711 -289.05773 45554.79 -60025.9 5269.74 -65295.6 19641.521
8.3 270.87981 463.82048 45482.995 -59995.2 5168.85 -65164 19589.108
8.31 272.15394 -298.73105 45655.405 -59998.7 5193.16 -65191.9 19624.933
8.32 261.06843 -23.591367 45642.835 -60290 4981.63 -65271.6 19616.235
8.33 281.69568 -278.07394 45766.293 -59776.3 5375.24 -65151.6 19661.665
8.34 261.79166 -539.18573 45903.664 -60169.2 4995.43 -65164.6 19750.375
8.35 277.93806 -333.04791 45853.05 -60013.3 5303.54 -65316.8 19765.589
8.36 260.68223 -559.81042 46087.363 -60451.1 4974.26 -65425.4 19866.778
8.37 273.26082 -38.997647 45805.581 -60050.6 5214.28 -65264.9 19831.007
8.38 263.41479 705.60444 45308.151 -60443.2 5026.41 -65469.7 19737.262
8.39 274.92594 -97.834998 45678.118 -60291.1 5246.06 -65537.2 19892.12
8.4 270.7247 -157.39329 45664.321 -60349.8 5165.89 -65515.7 19923.248
8.41 277.21142 35.232897 45452.358 -59964.7 5289.67 -65254.4 19888.084
8.42 270.52165 329.68761 45848.129 -60279.1 5162.02 -65441.1 20057.16
8.43 274.48036 64.335913 45933.991 -60032 5237.56 -65269.5 20125.867
8.44 276.59016 76.610516 45269.758 -60112 5277.81 -65389.9 19975.649
8.45 263.33489 -415.22022 45952.593 -60002.5 5024.88 -65027.4 20199.338
8.46 277.57849 178.13107 45531.52 -60202.6 5296.67 -65499.2 20072.002
8.47 279.33242 207.32401 45602.539 -60034 5330.14 -65364.1 20130.927
8.48 264.63144 -132.33693 45803.388 -60116.2 5049.62 -65165.9 20210.174
8.49 271.40824 341.29081 45683.018 -60091.3 5178.93 -65270.2 20178.402
8.5 275.51514 252.15863 45733.59 -59980.7 5257.3 -65238 20215.796
8.51 272.40825 -204.72219 45718.198 -60453.9 5198.02 -65651.9 20246.432
8.52 270.23063 214.98947 45609.128 -60309.4 5156.46 -65465.8 20222.159
8.53 281.56546 242.52355 45590.391 -60127.8 5372.75 -65500.6 20247.261
8.54 261.94685 -264.72374 45928.742 -60249.7 4998.4 -65248.1 20382.524
8.55 270.54635 688.09628 45417.184 -60126.7 5162.49 -65289.2 20246.428
8.56 275.68861 -416.29743 45844.293 -60075.5 5260.61 -65336.1 20423.79
8.57 263.49565 -360.24853 45950.906 -60349.1 5027.95 -65377 20466.021
8.58 268.25938 -792.43934 46205.718 -60049.3 5118.85 -65168.2 20565.243
8.59 279.95572 -186.43826 45732.226 -60044.9 5342.04 -65387 20458.303
8.6 277.22408 -93.391032 45633.349 -60085.9 5289.91 -65375.9 20456.055
8.61 271.8081 45.965323 45644.48 -60217 5186.56 -65403.6 20480.662
8.62 277.32114 -395.49659 45657.848 -60115.2 5291.76 -65406.9 20536.114
8.63 266.13362 324.74218 45321.987 -60295.7 5078.29 -65374 20441.26
8.64 268.13197 -528.91129 46223.533 -60222.6 5116.42 -65339 20722.454
8.65 262.27335 137.69817 45574.428 -60374.9 5004.63 -65379.5 20531.295
8.66 268.41603 518.04901 45389.213 -60225.4 5121.84 -65347.3 20517.905
8.67 277.73966 -212.2304 45764.47 -60122.1 5299.75 -65421.8 20654.274
8.68 269.8448 326.05226 45600.324 -60061.7 5149.1 -65210.8 20630.055
8.69 257.32663 184.57581 45901.814 -60502.8 4910.23 -65413.1 20746.757
8.7 276.26614 -320.38984 45810.313 -60023.4 5271.63 -65295 20706.664
8.71 263.50613 -317.73561 45597.547 -60082.7 5028.15 -65110.9 20680.852
8.72 273.72298 -22.473289 45536.97 -60102.7 5223.1 -65325.8 20664.935
8.73 272.0131 123.37785 45706.484 -60016.9 5190.48 -65207.4 20742.274
8.74 272.68419 295.79172 45506.509 -60323.1 5203.28 -65526.4 20726.425
8.75 276.8194 -402.76545 45423.32 -59717.6 5282.19 -64999.8 20712.716
8.76 266.89805 192.35539 45466.614 -60043 5092.87 -65135.9 20764.003
8.77 280.95537 -597.85521 46083.634 -60100.6 5361.11 -65461.7 20963.613
8.78 269.31047 -975.19355 45885.168 -59966.7 5138.91 -65105.6 20954.567
8.79 270.74748 -57.840958 45973.163 -60030.4 5166.33 -65196.7 21018.06
8.8 278.91336 -379.15245 45931.53 -59870 5322.15 -65192.2 21065.834
8.81 270.05583 -903.30118 46182.896 -60395.8 5153.13 -65548.9 21172.924
8.82 271.41241 -95.56753 45477.992 -60227 5179.01 -65406 20954.28
8.83 271.05044 -499.49844 46012.797 -59865.4 5172.11 -65037.5 21149.857
8.84 273.09447 109.86135 45741.719 -60114 5211.11 -65325.1 21101.274
8.85 271.74976 107.17203 45514.173 -60087.9 5185.45 -65273.4 21052.919
8.86 267.77999 528.92165 45749.099 -60404.1 5109.7 -65513.8 21151.379
8.87 265.28918 59.988699 45472.343 -60070.9 5062.17 -65133 21167.635
8.88 263.70073 -432.87394 45711.664 -60642.7 5031.86 -65674.6 21269.354
8.89 279.85789 -103.02618 45598.221 -60053.3 5340.17 -65393.4 21264.159
8.9 272.79513 103.33598 45718.193 -60258.6 5205.4 -65464 21326.844
8.91 267.00802 -60.435316 46054.081 -60079.6 5094.97 -65174.6 21400.961
8.92 271.93733 -150.2095 45594.953 -60020.8 5189.03 -65209.9 21278.607
8.93 284.24362 90.517186 45860.217 -59735.3 5423.86 -65159.2 21393.924
8.94 270.80735 724.12203 45261.57 -60248.8 5167.47 -65416.3 21229.86
8.95 271.97759 274.80338 45733.359 -60166.4 5189.8 -65356.2 21406.155
8.96 270.48387 863.04621 45401.692 -60410.5 5161.3 -65571.8 21286.123
8.97 266.01936 -187.33211 45887.342 -60284.7 5076.11 -65360.8 21488.479
8.98 278.54854 351.42698 45556.112 -59908.2 5315.18 -65223.4 21376.246
8.99 272.42981 -355.16432 45709.631 -60022.5 5198.43 -65220.9 21416.168
9 271.91306 -1449.7678 45948.394 -60303.7 5188.57 -65492.3 21529.935
9.01 283.74661 495.41361 45415.857 -60116.4 5414.37 -65530.8 21371.979
9.02 276.80912 116.26025 45952.088 -59877.1 5281.99 -65159.1 21554.09
9.03 269.9614 -95.243676 45599.994 -60211.3 5151.33 -65362.6 21502.377
9.04 262.00129 -208.18995 45675.369 -60432.8 4999.43 -65432.3 21541.705
9.05 272.62318 206.66154 45862.08 -60024.1 5202.12 -65226.3 21581.617
9.06 272.08724 -713.26406 45956.578 -60100.8 5191.89 -65292.7 21639.897
9.07 280.3951 313.86932 45726.125 -59662 5350.42 -65012.4 21618.071
9.08 270.39929 -190.36963 45886.251 -60124.8 5159.68 -65284.4 21673.713
9.09 270.60644 -71.299723 45696.125 -60068.7 5163.64 -65232.3 21650.665
9.1 271.99915 -49.566768 45492.787 -59958.3 5190.21 -65148.5 21620.64
9.11 260.54363 434.03792 45322.877 -60420.8 4971.62 -65392.4 21602.866
9.12 267.84508 -479.3049 45844.377 -60122 5110.94 -65233 21760.938
9.13 280.37361 183.05487 45937.203 -59809.6 5350.01 -65159.6 21795.092
9.14 270.50217 559.12432 45497.022 -60273.4 5161.65 -65435 21683.061
9.15 279.66022 264.58 45795.058 -60046.6 5336.4 -65383 21770.987
9.16 270.20742 586.79171 45647.263 -60106.1 5156.02 -65262.1 21769.869
9.17 276.64542 -299.67446 46030.676 -60305.6 5278.87 -65584.4 21937.099
9.18 267.15954 1007.806 45353.554 -60228.6 5097.86 -65326.4 21748.902
9.19 278.08752 -506.07088 45707.922 -59735.7 5306.39 -65042.1 21873.389
9.2 271.95025 -166.77932 45695.788 -60247.6 5189.28 -65436.9 21899.396
9.21 270.65521 -516.66143 45818.002 -60352.4 5164.57 -65516.9 21985.648
9.22 269.18821 -47.89193 45647.581 -59998.5 5136.57 -65135.1 21975.351
9.23 269.24148 225.44152 45535.646 -60322.3 5137.59 -65459.9 21953.232
9.24 276.31179 -231.85046 45727.82 -60090.2 5272.5 -65362.7 22001.434
9.25 267.39416 -190.81883 45656.178 -60001.8 5102.34 -65104.1 21987.161
9.26 267.32375 47.532361 45693.247 -60201.7 5101 -65302.7 22039.567
9.27 273.67 -435.62127 45660.35 -60023.2 5222.09 -65245.3 22041.765
9.28 265.68577 177.22653 45549.047 -60212.6 5069.74 -65282.3 22016.75
9.29 277.2711 -315.58238 45952.671 -59894.1 5290.81 -65184.9 22156.932
9.3 270.03189 77.005018 45645.992 -60162.4 5152.67 -65315.1 22066.463
9.31 279.08563 931.42804 45469.164 -60067.5 5325.43 -65393 22051.966
9.32 263.88738 375.12189 45701.182 -60539.5 5035.42 -65574.9 22166.718
9.33 274.92835 975.64281 45390.448 -59908.4 5246.1 -65154.5 22103.75
9.34 266.73271 0.31302921 45592.204 -60251.9 5089.72 -65341.6 22181.085
9.35 267.94483 419.5938 45555.381 -60333.6 5112.85 -65446.4 22228.953
9.36 277.21358 -8.4960754 45728.527 -59826 5289.71 -65115.7 22346.012
9.37 265.1124 -129.52659 45759.345 -60187.2 5058.8 -65246 22356.284
9.38 268.31208 -173.12999 45527.764 -60272.9 5119.85 -65392.8 22273.734
9.39 269.26813 -255.75503 45807.321 -60097.3 5138.1 -65235.4 22374.778
9.4 260.89573 -159.37171 45923.763 -60117.1 4978.34 -65095.4 22398.619
9.41 270.47617 656.04307 45551.948 -60349.5 5161.15 -65510.6 22264.235
9.42 277.88305 -245.91057 45984.515 -60029.3 5302.49 -65331.8 22469.072
9.43 268.15725 -0.20983964 45732.524 -60224.3 5116.9 -65341.2 22421.094
9.44 272.60195 -596.33313 45849.739 -59998 5201.71 -65199.7 22536.539
9.45 275.09968 -91.455701 45751.542 -60270.7 5249.37 -65520.1 22538.24
9.46 273.97061 -67.624272 45834.212 -60062.5 5227.83 -65290.4 22567.815
9.47 269.50323 219.5834 45477.301 -60038.2 5142.58 -65180.8 22467.554
9.48 275.56763 54.327266 45574.584 -60019.7 5258.3 -65278 22570.276
9.49 272.7666 -10.475207 45800.683 -59900.5 5204.85 -65105.3 22706.374
9.5 264.08892 -137.48269 45826.682 -60329.1 5039.27 -65368.3 22735.271
9.51 270.76754 357.04191 45487.728 -60339.2 5166.71 -65505.9 22655.033
9.52 260.00158 298.72325 45847.398 -60524.8 4961.28 -65486.1 22841.609
9.53 274.99918 423.47069 45670.475 -59782.3 5247.46 -65029.8 22841.783
9.54 271.64489 845.25767 45677.022 -60160.1 5183.45 -65343.5 22833.118
9.55 276.04811 641.0009 45582.1 -60021.2 5267.47 -65288.7 22823.236
9.56 271.90001 80.847123 45910.502 -60163.3 5188.32 -65351.7 22919.119
9.57 276.17119 246.64574 45480.642 -60404.7 5269.82 -65674.5 22815.774
9.58 280.9731 587.91042 45528.069 -59894 5361.45 -65255.5 22829.669
9.59 273.87487 146.28086 45972.287 -60106.6 5226 -65332.6 22999.231
9.6 261.06503 -116.4078 46002.774 -60232.4 4981.57 -65213.9 23066.579
9.61 269.25751 -605.85932 45697.634 -60339.7 5137.9 -65477.6 22994.145
9.62 267.3041 176.28953 45591.727 -60277.1 5100.62 -65377.8 22944.608
9.63 271.72494 327.32464 45841.924 -60327.2 5184.98 -65512.1 23051.819
9.64 271.56863 427.45727 45546.816 -60189.3 5182 -65371.3 22955.021
9.65 269.77026 167.04953 45589.639 -59999.8 5147.68 -65147.5 23012.72
9.66 268.34439 -244.16524 45887.703 -60218 5120.47 -65338.5 23126.551
9.67 271.02304 -154.60679 45601.071 -60365.1 5171.58 -65536.7 23057.34
9.68 273.8365 225.92418 45566.684 -60166.3 5225.27 -65391.5 23070.562
9.69 265.82841 -11.939818 46062.372 -60337.8 5072.46 -65410.2 23272.761
9.7 271.39347 -32.909346 45524.347 -60083.9 5178.65 -65262.6 23134.568
9.71 274.6884 283.46279 45623.225 -60065.3 5241.53 -65306.8 23227.946
9.72 257.27714 401.54719 45917.683 -60235.4 4909.29 -65144.7 23361.316
9.73 281.08206 67.139001 45430.581 -60142.2 5363.53 -65505.7 23230.173
9.74 274.67112 -514.04767 46199.761 -59892.9 5241.2 -65134.1 23512.901
9.75 270.83018 201.33469 45298.018 -60340.6 5167.9 -65508.5 23245.922
9.76 271.58676 -27.55703 45647.174 -60296.2 5182.34 -65478.6 23409.236
9.77 264.77949 -31.264222 45897.589 -60592.1 5052.45 -65644.6 23551.277
9.78 269.48877 -125.1303 45765.357 -60087.8 5142.31 -65230.1 23568.092
9.79 260.08111 -372.05129 45666.475 -60435.7 4962.79 -65398.5 23542.134
9.8 264.03829 -100.58102 45832.75 -60319.4 5038.3 -65357.7 23625.17
9.81 270.37909 -132.96356 45492.128 -60155.3 5159.3 -65314.6 23538.852
9.82 271.14347 81.007822 45860.908 -60080.4 5173.88 -65254.2 23717.588
9.83 273.62819 683.77305 45387.797 -60157.9 5221.3 -65379.2 23591.793
9.84 273.31013 186.74895 45847.144 -60167.2 5215.23 -65382.4 23771.916
9.85 264.47955 -323.14161 45690.891 -60384.3 5046.72 -65431.1 23748.206
9.86 280.16968 1126.2101 45280.138 -59960.8 5346.12 -65306.9 23644.934
9.87 279.09172 -262.32055 46044.219 -60140.9 5325.55 -65466.5 23885.105
9.88 269.31048 -609.00093 45944.163 -59845.3 5138.91 -64984.2 23909.641
9.89 266.37354 -489.43957 46190.552 -60195.2 5082.86 -65278.1 24040.481
9.9 274.28159 478.93528 45813.465 -59797.1 5233.76 -65030.9 23886.745
9.91 277.07527 -286.21227 45634.375 -60024.1 5287.07 -65311.2 23874.504
9.92 280.09156 518.38846 45502.585 -59918.8 5344.63 -65263.4 23893.016
9.93 258.31261 -577.6867 45725.145 -60258.2 4929.05 -65187.2 24008.357
9.94 279.77291 677.0097 45448.412 -59883.6 5338.55 -65222.2 23949.684
9.95 267.9919 75.839514 46034.066 -59915.5 5113.75 -65029.3 24193.276
9.96 267.55162 -609.88606 45703.444 -60130.6 5105.34 -65235.9 24105.004
9.97 259.65806 482.79544 45515.85 -60438.8 4954.72 -65393.5 24089.075
9.98 281.86489 -838.21472 45870.072 -60089.5 5378.47 -65468 24197.198
