0 274.3517 -90.872552 46196.34 -63181.7 5217.99 -68399.7 11.004989
0.01 291.1901 641.98624 46013.054 -62876.1 5538.25 -68414.4 22.954493
0.02 265.79572 -611.69098 46377.691 -63071.4 5055.26 -68126.6 31.99269
0.03 276.74164 156.00916 46128.404 -62948.8 5263.45 -68212.2 43.843349
0.04 268.82965 -592.67292 46440.272 -62796.7 5112.97 -67909.7 55.898253
0.05 272.19014 615.57441 45863.405 -62685.5 5176.88 -67862.4 67.741496
0.06 268.57177 -417.63187 46176.33 -62425.2 5108.06 -67533.3 81.345313
0.07 271.50563 -527.02656 46291.869 -62147.1 5163.86 -67310.9 94.378575
0.08 262.39332 -109.94853 46065.965 -62274.7 4990.55 -67265.2 106.01412
0.09 264.8256 666.46788 45920.432 -61791.8 5036.81 -66828.6 119.098
0.1 269.33278 0.60065444 46178.88 -61829.2 5122.54 -66951.7 134.26595
0.11 276.29912 369.31309 45991.203 -62117.1 5255.03 -67372.1 146.24083
0.12 280.81972 -131.02024 46296.789 -61703.9 5341.01 -67044.9 160.04784
0.13 277.23483 -986.89874 46371.039 -62146.9 5272.83 -67419.8 174.93004
0.14 268.47332 231.19906 45805.721 -61899.8 5106.19 -67006 187.24453
0.15 287.19339 54.232079 45785.892 -61427.6 5462.23 -66889.8 201.54492
0.16 273.72657 -397.65091 46207.846 -61553.9 5206.1 -66760 218.43649
0.17 270.1506 -736.49557 46022.885 -61022.5 5138.09 -66160.6 236.11413
0.18 270.22981 -44.02187 45933.516 -60300.1 5139.6 -65439.7 254.65235
0.19 271.7413 -105.26016 45521.85 -59707.1 5168.34 -64875.5 276.50388
0.2 267.10971 -209.44776 45594.804 -60076 5080.25 -65156.2 304.98864
0.21 279.92119 -81.118012 45612.6 -59745.7 5323.92 -65069.6 336.35758
0.22 266.79845 -8.1030828 45593.042 -60014.6 5074.34 -65089 365.20292
0.23 275.06459 -122.61721 45383.823 -59604.8 5231.55 -64836.3 396.65163
0.24 267.43674 22.024992 45303.77 -59991.8 5086.47 -65078.2 422.06787
0.25 273.25258 -401.43293 46058.579 -59857.1 5197.09 -65054.2 454.61886
0.26 271.24005 -367.17424 45509.588 -59864.7 5158.81 -65023.5 480.38053
0.27 269.37688 -477.34565 46111.432 -59855.7 5123.37 -64979 511.60915
0.28 278.4485 -674.03341 45751.412 -59561.5 5295.91 -64857.4 532.52733
0.29 270.4532 444.21311 45519.383 -60010.6 5143.85 -65154.4 561.35258
0.3 274.62607 -258.98544 45790.293 -59612.4 5223.21 -64835.6 593.23714
0.31 278.39134 -807.50234 45901.807 -59915.1 5294.82 -65209.9 620.54684
0.32 276.68193 232.14563 45533.422 -59564.1 5262.31 -64826.4 647.40881
0.33 275.906 -119.43467 45651.199 -59875 5247.55 -65122.5 679.97067
0.34 282.90845 212.22056 45407.854 -59520.1 5380.74 -64900.8 709.06531
0.35 275.63515 -304.07426 45662.635 -59738.7 5242.4 -64981.1 732.29829
0.36 267.58077 -703.69659 45531.06 -60225.5 5089.21 -65314.7 759.99879
0.37 274.7916 -53.439124 45740.952 -59619.9 5226.36 -64846.3 785.96711
0.38 275.12671 -59.462693 45598.08 -59779.4 5232.73 -65012.2 811.91672
0.39 287.33697 589.81806 45493.353 -59397.4 5464.96 -64862.4 841.72231
0.4 272.08842 281.36638 45453.715 -59909.4 5174.95 -65084.4 869.06589
0.41 266.93796 654.72625 45441.451 -59793.1 5076.99 -64870 893.76857
0.42 278.91924 -139.46499 45518.455 -59834 5304.86 -65138.9 919.32747
0.43 268.70153 -79.576887 45371.929 -60008.1 5110.53 -65118.7 947.24089
0.44 270.64553 57.378962 45682.608 -59921.6 5147.5 -65069.1 979.84296
0.45 269.08364 647.34952 45450.617 -60109.9 5117.8 -65227.7 1004.8995
0.46 270.62388 -312.10115 45584.564 -59940.9 5147.09 -65088 1028.0769
0.47 290.72216 309.67022 45614.747 -59267.7 5529.35 -64797 1057.6639
0.48 274.7067 -373.3703 45679.134 -59665.4 5224.74 -64890.1 1092.2508
0.49 283.2496 -600.36197 45975.155 -59500.8 5387.23 -64888.1 1138.3597
0.5 274.83777 17.055693 45593.127 -59724.2 5227.24 -64951.5 1150.5459
0.51 274.30408 -666.45446 45786.347 -59839.5 5217.09 -65056.6 1179.1949
0.52 274.59983 -372.38862 45672.347 -59887.1 5222.71 -65109.8 1211.0799
0.53 283.71708 -69.382652 45437.367 -59794.8 5396.12 -65191 1232.0255
0.54 264.24309 -1001.7396 45829.212 -59998.4 5025.73 -65024.1 1257.7706
0.55 271.45286 -147.10789 45452.851 -59580.8 5162.86 -64743.7 1281.7345
0.56 272.03213 -748.00438 45873.984 -59639.3 5173.88 -64813.1 1312.2888
0.57 272.08297 119.2225 45710.931 -59861 5174.84 -65035.9 1339.3083
0.58 271.14229 253.50102 45329.234 -59979.4 5156.95 -65136.4 1354.6987
0.59 276.75002 167.53725 45516.739 -59705.4 5263.61 -64969 1385.1788
0.6 269.17026 89.953787 45531.421 -59973.8 5119.45 -65093.2 1422.6371
0.61 272.03588 571.81868 45419.308 -59668.1 5173.95 -64842 1442.3757
0.62 277.16498 502.26273 45395.276 -59894.8 5271.5 -65166.3 1462.7471
0.63 272.88862 -440.9413 45746.056 -59642.2 5190.17 -64832.4 1495.2008
0.64 264.0825 178.65075 45668.601 -59905.2 5022.68 -64927.9 1535.0683
0.65 281.35119 594.03723 45309.08 -59502.4 5351.12 -64853.6 1548.964
0.66 267.43264 221.7648 45744.78 -59886 5086.4 -64972.4 1586.5221
0.67 262.9921 -210.07742 45660.431 -60008.4 5001.94 -65010.4 1613.4487
0.68 279.79784 -301.83063 45461.24 -59763.3 5321.57 -65084.9 1638.2245
0.69 267.08768 -721.37536 45621.318 -60128.9 5079.84 -65208.7 1673.3733
0.7 270.90214 354.17293 45643.858 -59703.5 5152.38 -64855.9 1703.0094
0.71 271.68063 -319.59164 45739.031 -59773.3 5167.19 -64940.5 1731.9333
0.72 279.29674 455.89121 45485.26 -59461.7 5312.04 -64773.8 1755.7158
0.73 275.23887 23.152875 45555.369 -59939.4 5234.87 -65174.3 1785.5274
0.74 278.54161 1367.7183 44929.86 -59905.1 5297.68 -65202.8 1794.607
0.75 281.1086 455.66497 45332.862 -59697.6 5346.5 -65044.1 1829.81
0.76 285.47481 194.38955 45624.152 -59712.9 5429.55 -65142.5 1870.5787
0.77 277.03495 475.29262 45396.888 -59980.7 5269.03 -65249.8 1896.7348
0.78 265.70787 -114.39251 45320.441 -60281.8 5053.59 -65335.4 1927.3047
0.79 278.85952 242.48598 45472.309 -59915.1 5303.73 -65218.8 1961.4179
0.8 264.85051 350.05566 45216.706 -60001.1 5037.29 -65038.4 1981.1379
0.81 279.41984 103.57062 45440.336 -59518.4 5314.39 -64832.8 2010.4476
0.82 269.50663 -392.21513 45779.336 -59934 5125.84 -65059.9 2058.6932
0.83 268.32421 -521.81093 45674.99 -59927.3 5103.35 -65030.7 2077.5944
0.84 283.53903 -529.36859 45937.119 -59410.3 5392.73 -64803 2108.7347
0.85 273.29238 165.03718 45774.341 -60004.9 5197.85 -65202.7 2141.2456
0.86 275.03306 248.77764 45497.648 -59651.4 5230.95 -64882.4 2171.8964
0.87 270.58202 397.35326 45515.256 -59976.3 5146.3 -65122.6 2206.3667
0.88 271.12108 59.365067 45418.885 -59907.9 5156.55 -65064.5 2234.0035
0.89 279.98698 -241.80442 45719.904 -59764.5 5325.17 -65089.7 2274.5646
0.9 270.27617 84.995684 45583.634 -59986.5 5140.48 -65126.9 2300.5654
0.91 276.8318 -126.34493 45594.962 -59819 5265.16 -65084.2 2328.0638
0.92 269.50067 553.58011 45537.275 -59835.9 5125.73 -64961.7 2357.4905
0.93 282.66018 32.651458 45687.766 -59636.7 5376.01 -65012.7 2379.0855
0.94 278.02512 320.30186 45495.63 -59634.9 5287.86 -64922.8 2398.3708
0.95 274.44578 327.19915 45281.168 -59755.1 5219.78 -64974.9 2404.7079
0.96 281.85326 -399.93008 45866.33 -59669 5360.67 -65029.7 2453.7376
0.97 276.55799 -281.9997 45865.523 -59829.3 5259.95 -65089.2 2481.3785
0.98 273.76204 -97.215382 45694.335 -60038 5206.78 -65244.8 2492.2069
0.99 268.24174 766.85606 45310.413 -59856.4 5101.79 -64958.2 2513.0399
1 278.15662 -92.706298 45779.333 -59496.2 5290.36 -64786.6 2544.2259
1.01 265.68698 512.99905 45172.623 -59911 5053.2 -64964.2 2560.1281
1.02 269.38565 -341.20281 45823.942 -59760.1 5123.54 -64883.6 2603.6801
1.03 265.40184 -278.05645 45600.517 -59866 5047.77 -64913.7 2616.1742
1.04 276.45011 -73.842945 45504.333 -59629.3 5257.9 -64887.2 2640.9389
1.05 281.93935 -106.36352 45838.133 -59915.2 5362.31 -65277.5 2696.8851
1.06 274.77851 -59.537779 45728.639 -59918.5 5226.11 -65144.6 2727.4166
1.07 274.20374 510.01261 45348.615 -59836.2 5215.18 -65051.4 2750.7946
1.08 273.1315 159.69616 45447.127 -59659.2 5194.79 -64854 2791.8575
1.09 272.47266 208.83202 45327.984 -59992.7 5182.25 -65175 2810.6454
1.1 271.29917 262.29833 45323.231 -60175.6 5159.94 -65335.5 2843.211
1.11 274.57515 -9.8278285 45652.186 -60019.9 5222.24 -65242.2 2884.3228
1.12 267.9993 -219.04726 45769.252 -59913.7 5097.17 -65010.9 2915.1316
1.13 282.90952 556.16216 45479.796 -59752.6 5380.76 -65133.3 2931.5789
1.14 272.02664 31.655979 45560.604 -59900 5173.77 -65073.8 2964.4817
1.15 268.34508 593.97081 45458.973 -59764 5103.75 -64867.7 2998.9395
1.16 273.94619 -975.71566 45662.973 -59774.7 5210.28 -64985 3030.9263
1.17 282.09927 48.834898 45553.334 -59701.2 5365.35 -65066.5 3073.5208
1.18 273.10113 -47.756781 45677.503 -59813 5194.21 -65007.2 3103.2214
1.19 277.31158 -112.7717 45653.474 -59503.9 5274.29 -64778.2 3133.0969
1.2 278.67981 -203.62847 45216.903 -59777.9 5300.31 -65078.2 3138.3397
1.21 273.24687 103.6431 45327.662 -59743.6 5196.98 -64940.6 3169.3597
1.22 280.68805 824.96668 45379.604 -59952.4 5338.51 -65290.9 3188.2092
1.23 275.67649 387.27093 45521.499 -59651.7 5243.19 -64894.9 3210.4078
1.24 271.49262 250.70349 45669.139 -59718.5 5163.61 -64882.1 3249.0054
1.25 267.21293 -1002.6 45718.01 -60058.3 5082.22 -65140.5 3281.46
1.26 277.00566 -516.27564 45751.791 -59711.2 5268.47 -64979.6 3317.8378
1.27 279.85497 467.80811 45529.316 -59756.9 5322.66 -65079.6 3353.4514
1.28 279.81577 -189.16055 45719.279 -59503.9 5321.92 -64825.8 3393.5187
1.29 277.03806 191.69404 45575.109 -59785.9 5269.09 -65055 3407.837
1.3 285.49848 109.04526 45280.211 -59648.9 5430 -65078.9 3418.7537
1.31 282.77361 -39.65786 45732.704 -59466 5378.17 -64844.2 3480.5055
1.32 281.2404 373.88136 45599.376 -59966.9 5349.01 -65315.9 3515.0883
1.33 271.34758 806.97577 45524.646 -60044.6 5160.86 -65205.5 3536.3859
1.34 273.79007 301.58944 45620.961 -59716.5 5207.31 -64923.8 3568.9659
1.35 270.03437 552.69569 45519.633 -59532.1 5135.88 -64668 3592.9439
1.36 267.92925 641.40914 45116.08 -60147.5 5095.84 -65243.4 3608.864
1.37 277.67937 -339.23452 45494.428 -59973.2 5281.28 -65254.5 3653.4165
1.38 271.13961 429.86247 45512.491 -59986.6 5156.9 -65143.5 3672.1718
1.39 269.05779 -73.874501 45562.367 -59922.3 5117.31 -65039.6 3699.6851
1.4 273.41035 354.90764 45493.143 -59839.9 5200.09 -65039.9 3736.0016
1.41 264.2866 -94.279186 45861.108 -60000.2 5026.56 -65026.7 3766.129
1.42 266.039 -502.78978 45817.33 -59970.4 5059.89 -65030.3 3784.3382
1.43 271.96702 -296.94612 45760.176 -59898.8 5172.64 -65071.4 3804.5637
1.44 274.2037 102.97669 45611.607 -59855.3 5215.18 -65070.4 3826.3866
1.45 280.23378 -202.28344 45769.904 -59481.3 5329.87 -64811.1 3858.5137
1.46 282.25267 38.732224 45802.768 -59766.7 5368.26 -65135 3889.4277
1.47 281.64708 524.10831 45416.608 -59825.1 5356.75 -65181.8 3882.0564
1.48 278.11521 300.59975 45574.65 -59831.6 5289.57 -65121.2 3927.9988
1.49 278.19262 -14.063111 45737.471 -59678.4 5291.04 -64969.4 3953.1847
1.5 270.93784 -333.38438 45380.309 -59997.4 5153.06 -65150.4 3957.1014
1.51 276.03246 69.884999 45521.892 -59808.8 5249.96 -65058.8 3976.0387
1.52 280.30945 -448.80098 45803.79 -59758.9 5331.31 -65090.2 4032.5722
1.53 268.25043 -119.49516 45418.849 -59969 5101.95 -65070.9 4024.6274
1.54 265.15523 -12.577356 45628.681 -59939.2 5043.08 -64982.2 4053.9644
1.55 275.79641 -501.41262 45778.471 -59720.3 5245.47 -64965.8 4089.8942
1.56 277.32037 187.80369 45564.385 -59542.6 5274.45 -64817.1 4110.2349
1.57 277.61829 441.55114 45314.302 -59905.6 5280.12 -65185.7 4130.8842
1.58 284.41299 715.18465 45332.409 -59745.9 5409.35 -65155.3 4141.5456
1.59 262.26157 123.54298 45329.215 -60071.1 4988.05 -65059.2 4186.4008
1.6 269.8022 -192.43925 45753.346 -59946.8 5131.46 -65078.2 4241.4024
1.61 279.36564 347.2953 45494.979 -59537.4 5313.35 -64850.7 4252.3965
1.62 275.24399 -506.03803 45825.213 -59895.2 5234.96 -65130.1 4293.5212
1.63 276.34374 128.86622 45432.869 -60021.5 5255.88 -65277.4 4287.206
1.64 267.82326 88.742477 45347.007 -59983.5 5093.83 -65077.3 4305.152
1.65 277.56941 -230.24189 45546.385 -59615.3 5279.19 -64894.5 4362.5198
1.66 278.19915 -211.7789 45673.93 -59713 5291.17 -65004.2 4400.344
1.67 267.48363 254.39938 45399.04 -60062.9 5087.37 -65150.3 4386.7624
1.68 275.22322 932.40865 45435.614 -59795.2 5234.57 -65029.7 4420.4897
1.69 279.95652 139.27757 45526.079 -59652.1 5324.59 -64976.7 4458.4921
1.7 274.65266 34.209129 45357.522 -59716.4 5223.72 -64940.1 4462.5814
1.71 277.23615 -572.70757 45674.556 -59824.2 5272.85 -65097 4515.1289
1.72 282.17674 126.16498 45356.357 -59497.7 5366.82 -64864.5 4518.9571
1.73 271.08457 -605.44675 45848.933 -59845.7 5155.85 -65001.6 4569.2947
1.74 273.81632 -419.7708 45662.008 -59779.7 5207.81 -64987.6 4581.5333
1.75 261.53631 91.473302 45470.061 -60034.5 4974.25 -65008.8 4598.1686
1.76 275.0923 -392.81623 45680.431 -59723 5232.08 -64955 4622.3446
1.77 279.46952 -743.35181 45687.127 -59707.8 5315.33 -65023.1 4636.3416
1.78 273.4332 174.21134 45469.455 -59879.2 5200.52 -65079.7 4655.2843
1.79 282.43198 278.78084 45631.695 -59622.6 5371.67 -64994.2 4673.5222
1.8 268.33424 -82.990725 45577.588 -59829.8 5103.54 -64933.4 4700.0057
1.81 263.15584 -239.74994 45534.149 -60041.3 5005.05 -65046.4 4735.5006
1.82 279.57726 -135.99952 45760.416 -59445.4 5317.38 -64762.7 4786.1639
1.83 264.95445 492.04252 45637.644 -59898.5 5039.26 -64937.8 4820.1532
1.84 272.76239 -18.285369 45635.68 -59676.4 5187.77 -64864.2 4844.2105
1.85 272.46949 296.42428 45646.072 -59648.5 5182.19 -64830.7 4876.0318
1.86 271.83128 157.86654 45277.084 -60087.5 5170.06 -65257.6 4868.3705
1.87 265.65767 459.63787 45291.781 -60002 5052.64 -65054.6 4891.3082
1.88 274.01108 -25.43647 45581.807 -59754.3 5211.51 -64965.8 4933.5158
1.89 270.65718 304.45913 45313.105 -59743.8 5147.73 -64891.6 4927.8154
1.9 268.1828 385.17387 45331.814 -59908.8 5100.66 -65009.5 4969.4636
1.91 276.59697 395.23618 45521.373 -59749.4 5260.7 -65010.1 5023.2306
1.92 270.21682 -513.11319 45657.823 -60165.1 5139.35 -65304.4 5061.5857
1.93 272.55854 201.12193 45584.354 -59963.3 5183.89 -65147.2 5096.0673
1.94 277.50421 -383.18166 46156.507 -59522.4 5277.95 -64800.3 5176.5672
1.95 277.42301 -89.969364 45772.894 -59734.2 5276.41 -65010.6 5178.4992
1.96 274.97175 327.26531 45495.801 -59938.6 5229.79 -65168.4 5182.4801
1.97 281.1445 756.99495 45210.415 -59895.9 5347.19 -65243.1 5194.1325
1.98 276.99145 727.50726 45414.405 -59725.1 5268.2 -64993.3 5225.4667
1.99 272.74789 -407.33905 45964.578 -59624.8 5187.49 -64812.3 5287.3856
2 266.02932 135.63067 45673.544 -59871.1 5059.71 -64930.9 5288.7939
2.01 277.19755 -443.82528 45648.903 -59558.2 5272.12 -64830.3 5316.2818
2.02 265.28261 -135.96979 45463.378 -60183.9 5045.5 -65229.4 5326.5349
2.03 280.98372 -37.375954 45638.968 -59820.4 5344.13 -65164.6 5362.058
2.04 270.44966 -78.463486 45314.413 -60082.4 5143.78 -65226.2 5372.9391
2.05 283.76022 805.01361 45098.774 -59622.7 5396.94 -65019.7 5375.402
2.06 271.79741 380.70667 45445.101 -59934.5 5169.41 -65103.9 5423.5068
2.07 274.50673 -54.384844 45795.241 -59775.7 5220.94 -64996.7 5475.1037
2.08 262.88187 46.102143 45866.603 -59930.3 4999.84 -64930.1 5479.7907
2.09 256.62165 -198.9813 45857.312 -60159.7 4880.78 -65040.5 5518.7139
2.1 279.35065 247.3167 45289.403 -59758.7 5313.07 -65071.8 5523.5644
2.11 272.95634 -371.999 45609.069 -60041.6 5191.45 -65233 5572.893
2.12 265.7031 148.74426 45492.571 -59827.4 5053.5 -64880.9 5596.657
2.13 283.67641 415.4229 45790.984 -59572.1 5395.34 -64967.4 5652.4847
2.14 275.82675 262.19004 45434.961 -59780 5246.05 -65026 5667.9456
2.15 270.153 -345.92047 45635.085 -59899.6 5138.14 -65037.7 5699.4655
2.16 275.41083 -967.22966 45563.833 -59765.5 5238.14 -65003.6 5740.8124
2.17 270.68645 263.41643 45322.722 -59803.3 5148.28 -64951.6 5739.4753
2.18 270.94102 -106.72244 45556.211 -59846.6 5153.12 -64999.7 5820.4218
2.19 285.15619 26.002595 45374.43 -59746.8 5423.49 -65170.2 5832.3523
2.2 268.56465 -688.20625 45975.442 -59929.6 5107.93 -65037.5 5904.3572
2.21 268.71015 -358.81683 45788.946 -60037.4 5110.69 -65148.1 5919.0772
2.22 272.37335 -879.58835 45812.304 -59971.9 5180.37 -65152.2 5964.93
2.23 283.93045 490.28423 45674.058 -59678.6 5400.17 -65078.8 5960.8684
2.24 273.1961 -608.72451 45790.033 -59909.4 5196.01 -65105.4 5982.0765
2.25 272.44169 -668.51579 45710.753 -59994.5 5181.67 -65176.2 6006.3454
2.26 277.10384 -416.03713 45592.742 -59658.5 5270.34 -64928.8 6012.1056
2.27 272.65013 -393.85791 45847.097 -59956.9 5185.63 -65142.5 6068.7695
2.28 268.82313 -422.53977 45813.508 -59667.3 5112.84 -64780.2 6069.2863
2.29 271.44733 250.23215 45555.759 -59989 5162.75 -65151.8 6070.5762
2.3 283.27188 860.07016 45524.895 -59736.3 5387.65 -65123.9 6098.7777
2.31 284.00142 -272.15313 45454.405 -59693.4 5401.52 -65094.9 6108.9792
2.32 279.3268 -404.3871 45718.494 -59943.7 5312.62 -65256.3 6162.9847
2.33 264.97728 99.178052 45421.853 -60041.4 5039.7 -65081.1 6160.0129
2.34 281.18955 416.95051 45743.617 -59739.1 5348.04 -65087.2 6234.9581
2.35 272.6105 -754.4821 45890.495 -59615.8 5184.88 -64800.6 6263.545
2.36 280.17919 -289.11162 45878.93 -59794.3 5328.83 -65123.1 6288.2369
2.37 263.28233 134.87309 45533.023 -60243.1 5007.46 -65250.6 6281.4628
2.38 277.3844 -107.63947 45917.663 -59743.8 5275.67 -65019.4 6372.958
2.39 272.61051 545.88165 45376.844 -59925.9 5184.88 -65110.8 6333.9085
2.4 273.30559 434.90396 45239.098 -59692.9 5198.1 -64891 6343.8823
2.41 264.30072 -291.2724 45708.09 -59879.2 5026.83 -64906 6415.6348
2.42 274.84407 983.29527 45292.971 -59770.6 5227.36 -64998 6429.3194
2.43 277.59522 -298.30974 45635.997 -59702 5279.68 -64981.7 6488.4102
2.44 271.249 28.178669 45497.356 -60200.4 5158.98 -65359.4 6521.5563
2.45 271.02982 -272.0698 45726.733 -59941.7 5154.81 -65096.5 6563.0137
2.46 274.10023 -622.54067 45701.297 -59852.2 5213.21 -65065.5 6606.7042
2.47 279.26054 -726.13768 45985.701 -59596.7 5311.36 -64908 6663.467
2.48 271.47862 -33.414961 45691.418 -59756.9 5163.35 -64920.2 6672.4073
2.49 271.02768 86.188286 45541.725 -59866.8 5154.77 -65021.6 6665.7301
2.5 270.63969 341.52439 45168.163 -59701.1 5147.39 -64848.5 6678.7927
2.51 266.28381 413.964 45344.206 -60215.4 5064.55 -65279.9 6706.8682
2.52 269.09885 540.0844 45418.992 -59790.4 5118.09 -64908.5 6735.9095
2.53 275.30501 -186.63693 45502.877 -60075.4 5236.12 -65311.5 6770.4122
2.54 268.34786 -677.17228 45657.75 -59651.1 5103.8 -64754.9 6818.8584
2.55 271.71275 456.25881 45473.797 -59669.4 5167.8 -64837.2 6819.4539
2.56 279.99283 226.63296 45731.713 -59896.7 5325.28 -65221.9 6887.3862
2.57 281.27164 -414.43987 46117.398 -59579.5 5349.61 -64929.1 6974.3778
2.58 274.84602 458.09488 45630.88 -59825 5227.39 -65052.4 6973.0111
2.59 270.93362 -138.0568 45650.149 -59565.3 5152.98 -64718.2 6993.8535
2.6 267.43083 -336.00392 45646.029 -59900.3 5086.36 -64986.7 7003.9547
2.61 275.73978 104.59974 45475.21 -59816.8 5244.39 -65061.2 7020.6871
2.62 274.7921 21.569151 45672.11 -59996.8 5226.37 -65223.1 7059.085
2.63 274.95199 -254.39058 45913.41 -59744.6 5229.41 -64974 7097.8662
2.64 281.03133 221.62965 45520.463 -59594.7 5345.03 -64939.7 7066.1227
2.65 273.52918 544.81992 45077.634 -59785.1 5202.35 -64987.4 7075.7689
2.66 279.1881 -79.167445 45628.791 -59616.7 5309.98 -64926.6 7152.3064
2.67 283.26423 -555.94598 45573.618 -59769.6 5387.5 -65157.1 7178.7664
2.68 279.07014 -194.48523 45660.454 -59600.8 5307.73 -64908.5 7213.8817
2.69 275.2365 -381.9519 45396.803 -59817 5234.82 -65051.8 7226.8673
2.7 261.32444 92.713998 45356.245 -60061.1 4970.22 -65031.3 7231.6614
2.71 270.32307 -50.310499 45528.289 -59750.5 5141.37 -64891.9 7261.2304
2.72 283.44602 -225.79713 45637.298 -59494 5390.96 -64884.9 7293.5304
2.73 268.42938 78.124207 45579.326 -59832.9 5105.35 -64938.3 7346.4961
2.74 273.00408 329.36543 45581.515 -59960.8 5192.36 -65153.1 7387.9536
2.75 277.48271 237.19503 45601.245 -59535.5 5277.54 -64813.1 7408.7877
2.76 276.05241 677.61511 45591.601 -59675.8 5250.34 -64926.1 7410.4404
2.77 271.81069 -446.29849 45684.978 -59810.3 5169.66 -64980 7409.0129
2.78 280.65485 314.20897 45373.649 -59676.7 5337.87 -65014.6 7398.7372
2.79 266.38588 -490.44624 45828.941 -59679.6 5066.49 -64746.1 7463.604
2.8 282.02655 280.23204 45427.145 -59743.2 5363.96 -65107.2 7435.3343
2.81 271.43778 176.0758 45593.257 -60191.4 5162.57 -65354 7482.1119
2.82 267.06845 137.55187 45696.766 -59944.5 5079.47 -65024 7542.4131
2.83 277.22773 238.09683 45712.749 -59745.6 5272.69 -65018.3 7576.8106
2.84 268.17681 751.65097 45489.676 -59856.2 5100.55 -64956.8 7572.1458
2.85 279.31511 1420.7228 45180.427 -59493.4 5312.39 -64805.8 7570.1274
2.86 269.58618 565.43594 45467.531 -59950.8 5127.36 -65078.1 7638.4747
2.87 275.36341 -131.09 45539.395 -59771.8 5237.23 -65009.1 7698.6979
2.88 268.0489 565.42101 45539.156 -60132.8 5098.12 -65230.9 7721.4681
2.89 271.29676 44.297088 45695.097 -59863 5159.89 -65022.9 7741.348
2.9 276.0871 -1040.7318 46032.842 -59782 5251 -65033 7801.1817
2.91 270.29461 25.711415 45546.244 -59929.5 5140.83 -65070.3 7758.9489
2.92 278.04867 -256.70726 45814.962 -60016 5288.31 -65304.3 7808.8334
2.93 277.10467 190.89778 45664.087 -59756.8 5270.35 -65027.1 7819.7989
2.94 273.35528 -36.295184 45683.975 -59484.3 5199.04 -64683.3 7855.2889
2.95 277.33386 -355.69323 45432.407 -59971.7 5274.71 -65246.4 7867.0891
2.96 270.04012 389.06748 45473.734 -60069.8 5135.99 -65205.8 7914.9804
2.97 270.4933 419.16819 45522.542 -59791 5144.61 -64935.6 7955.5477
2.98 276.71291 97.575881 45453.039 -59442.2 5262.9 -64705.1 7969.0911
2.99 283.89703 187.39584 45600.786 -59599 5399.54 -64998.5 8022.073
3 279.24585 512.16099 45181.44 -59827.3 5311.08 -65138.4 7979.509
3.01 270.83528 -453.34626 45413.717 -59861.7 5151.11 -65012.8 8023.8176
3.02 261.67849 426.32296 45332.254 -60291.4 4976.96 -65268.4 8048.6781
3.03 276.39612 172.80518 45135.544 -59811.1 5256.88 -65068 8032.781
3.04 276.38251 -765.78712 45873.335 -59755.8 5256.62 -65012.4 8139.3455
3.05 261.66844 -105.41272 45661.671 -59999.8 4976.77 -64976.6 8150.1097
3.06 271.31754 -472.01328 45913.966 -60037.9 5160.28 -65198.2 8233.966
3.07 272.20231 460.53122 45563.592 -59715.4 5177.11 -64892.5 8212.0883
3.08 275.34879 60.517466 45540.419 -59941.7 5236.96 -65178.7 8275.2345
3.09 275.85957 269.93283 45622.963 -59904.8 5246.67 -65151.5 8322.158
3.1 267.87454 -554.79796 45780.311 -59908.6 5094.8 -65003.4 8380.1165
3.11 282.59053 -439.08243 45857.823 -59657 5374.69 -65031.6 8396.7626
3.12 266.33165 351.14058 45585.946 -59903.7 5065.46 -64969.2 8375.3938
3.13 277.59346 -98.181044 45554.295 -59967.4 5279.65 -65247 8412.6961
3.14 265.8734 -426.37293 45786.059 -60081.5 5056.74 -65138.2 8469.8049
3.15 273.62968 -636.31945 45614.53 -59676.9 5204.26 -64881.2 8440.791
3.16 279.87347 -107.44007 45566.782 -59446.6 5323.01 -64769.6 8446.6405
3.17 260.65641 -146.61589 45436.379 -59954.9 4957.52 -64912.4 8442.563
3.18 271.86975 436.50454 45387.553 -59819.4 5170.79 -64990.2 8468.4134
3.19 270.83837 -268.45084 45949.474 -59582.2 5151.17 -64733.4 8565.4113
3.2 272.44794 -453.24908 45724.079 -59883.5 5181.78 -65065.3 8568.5285
3.21 281.622 469.41781 45750.64 -59321.4 5356.27 -64677.7 8593.7094
3.22 272.16124 799.03055 45294.32 -59760.7 5176.33 -64937.1 8579.7403
3.23 275.88449 -773.78254 45999.216 -59956.1 5247.15 -65203.2 8696.2326
3.24 274.47864 -50.868326 45491.984 -59758 5220.41 -64978.4 8658.3636
3.25 267.45675 210.77872 45403.571 -60011.3 5086.86 -65098.2 8707.0265
3.26 276.84221 -87.971019 45786.741 -59719.2 5265.36 -64984.6 8815.4044
3.27 267.90363 209.50845 45688.015 -59981.2 5095.35 -65076.6 8832.8061
3.28 275.09898 -93.885855 45492.7 -59682.8 5232.21 -64915 8833.4598
3.29 273.22214 -407.97656 45604.558 -59775.9 5196.51 -64972.4 8901.1229
3.3 270.64264 486.63483 45299.32 -59937.8 5147.45 -65085.2 8892.3408
3.31 289.32485 475.28814 45593.518 -59395.5 5502.77 -64898.3 8989.2681
3.32 271.09269 1247.6566 45144.362 -59984.6 5156.01 -65140.7 8947.4207
3.33 274.44527 -95.192815 45322.405 -59986.7 5219.77 -65206.4 8988.8075
3.34 279.23614 -109.07846 45590.507 -59567.5 5310.89 -64878.4 9063.861
3.35 281.17041 -286.96105 45671.975 -59777.2 5347.68 -65124.8 9098.0266
3.36 277.00223 -552.18045 45732.263 -60039.1 5268.4 -65307.5 9160.7595
3.37 269.71569 -217.77095 45720.345 -59868.5 5129.82 -64998.4 9208.1987
3.38 284.13466 193.49843 45403.306 -59513.9 5404.06 -64918 9187.3594
3.39 274.08335 -10.885451 45571.393 -59870.6 5212.89 -65083.5 9267.2763
3.4 268.25987 74.352248 45668.206 -59911.5 5102.13 -65013.6 9311.0707
3.41 275.27595 515.20014 45393.617 -59725.2 5235.57 -64960.7 9300.8821
3.42 282.05425 158.9505 45584.934 -59581.7 5364.49 -64946.2 9343.4474
3.43 270.5815 -210.75053 45445.6 -60002.1 5146.29 -65148.4 9366.1668
3.44 277.26755 477.70275 45204.587 -59765.2 5273.45 -65038.6 9383.4559
3.45 285.29103 366.74112 45383.612 -59723.2 5426.05 -65149.3 9454.9527
3.46 263.02575 323.05785 45374.168 -60076.8 5002.58 -65079.4 9516.7132
3.47 274.66578 343.51978 45275.588 -59672.6 5223.97 -64896.6 9523.0981
3.48 275.76253 905.7189 45271.086 -59725.1 5244.83 -64969.9 9553.1857
3.49 267.37974 208.74401 45477.994 -59964.7 5085.39 -65050.1 9609.0291
3.5 284.37499 -174.3569 45431.487 -59597 5408.63 -65005.6 9609.833
3.51 284.0327 -121.42069 45863.041 -59480.9 5402.12 -64883 9693.5152
3.52 272.4989 -103.52822 45714.252 -59642.8 5182.75 -64825.6 9697.7719
3.53 266.42874 266.73144 45378.004 -60127.7 5067.3 -65195 9671.3719
3.54 274.08307 -537.80813 45763.168 -59676.6 5212.88 -64889.5 9773.1866
3.55 273.38293 363.39278 45412.622 -59642.7 5199.57 -64842.3 9781.1304
3.56 269.31288 190.8429 45828.705 -60000.4 5122.16 -65122.6 9883.2161
3.57 267.0115 25.521819 45604.542 -59819.1 5078.39 -64897.4 9896.7416
3.58 285.17411 53.716382 45624.339 -59485.6 5423.83 -64909.4 9952.4228
3.59 274.1628 178.91868 45624.266 -59888.4 5214.4 -65102.8 9945.2942
3.6 280.52508 134.15292 45729.971 -59679.6 5335.41 -65015 9986.0596
3.61 277.196 -632.50975 45622.848 -59680 5272.09 -64952 10007.333
3.62 265.52204 -652.46942 46102.189 -59964.8 5050.06 -65014.8 10116.627
3.63 272.39876 -647.24384 45980.41 -59728.6 5180.85 -64909.4 10138.917
3.64 283.88694 93.434907 45693.504 -59527.3 5399.35 -64926.7 10144.836
3.65 278.96363 718.43947 45410.22 -59878.3 5305.71 -65184 10156.327
3.66 275.56322 -97.317569 45820.977 -60023.8 5241.03 -65264.9 10236.67
3.67 279.40672 169.08643 45648.909 -59714.2 5314.14 -65028.3 10262.574
3.68 276.36906 -1109.8302 46094.742 -59814.5 5256.36 -65070.8 10382.99
3.69 271.06265 -530.44832 45770.276 -59838.4 5155.44 -64993.9 10383.221
3.7 275.47742 -174.09915 45439.898 -59833.8 5239.4 -65073.2 10378.94
3.71 277.47615 104.48568 45702.97 -59937.7 5277.42 -65215.1 10434.035
3.72 278.23815 106.04973 45608.899 -59708.8 5291.91 -65000.7 10477.163
3.73 265.97359 -698.75461 45407.077 -60044.3 5058.65 -65102.9 10471.371
3.74 270.86642 473.90395 45286.545 -60148.1 5151.71 -65299.8 10478.63
3.75 271.49043 -210.67061 45394.938 -59909.2 5163.57 -65072.8 10514.499
3.76 275.51726 -340.1923 45949.92 -59561.2 5240.16 -64801.3 10607.086
3.77 266.59586 -353.99496 45754.59 -59846.3 5070.48 -64916.8 10624.286
3.78 264.53838 551.21761 45505.383 -59984.9 5031.35 -65016.3 10576.063
3.79 273.76178 -212.85882 45758.685 -59752.8 5206.77 -64959.6 10661.251
3.8 270.92962 519.50269 45485.385 -59893.7 5152.91 -65046.6 10675.368
3.81 264.72116 -987.04533 46102.278 -59715.4 5034.83 -64750.2 10771.414
3.82 274.4247 344.50009 45506.428 -59964.6 5219.38 -65183.9 10705.369
3.83 277.81344 -566.48342 45788.23 -59966.1 5283.83 -65249.9 10787.536
3.84 266.06491 59.179996 45628.993 -59856.5 5060.38 -64916.9 10766.395
3.85 276.30089 346.73387 45667.258 -59785.4 5255.07 -65040.5 10830.293
3.86 275.65261 247.48211 45373.06 -59476.5 5242.74 -64719.3 10831.796
3.87 275.44177 320.48418 45632.681 -59831.5 5238.73 -65070.3 10885.08
3.88 271.90139 -247.71611 45635.803 -59930.5 5171.39 -65101.9 10903.304
3.89 282.77163 -229.10558 45655.695 -59716.9 5378.13 -65095.1 10956.504
3.9 262.50945 -361.27041 45648.355 -60113.4 4992.76 -65106.2 10977.046
3.91 277.96341 281.09461 45602.373 -59763.6 5286.69 -65050.3 10997.628
3.92 267.26881 454.56289 45514.42 -59999.8 5083.28 -65083 11009.737
3.93 283.56782 497.03872 45298.32 -59511.8 5393.28 -64905.1 11029.633
3.94 271.39756 -94.655679 45747.087 -59991.3 5161.81 -65153.1 11115.372
3.95 279.45036 241.10702 45720.083 -59761.4 5314.97 -65076.3 11156.059
3.96 274.3216 -107.4243 45391.056 -59802.4 5217.42 -65019.8 11159.816
3.97 284.06567 577.99371 45766.964 -59559.6 5402.75 -64962.4 11240.726
3.98 282.915 -193.47982 45872.612 -59761.7 5380.86 -65142.6 11297.994
3.99 274.02745 -901.74803 45683.74 -59914.4 5211.83 -65126.2 11304.308
4 272.10248 -156.56808 45766.414 -59913 5175.21 -65088.2 11367.272
4.01 272.43795 -399.63582 45754.491 -60069.1 5181.59 -65250.7 11380.724
4.02 288.68924 729.12968 45334.942 -59836.5 5490.68 -65327.2 11333.718
4.03 276.81149 -447.40534 45824.668 -59721.9 5264.78 -64986.7 11440.942
4.04 272.25527 -718.08589 45801.996 -59850 5178.12 -65028.1 11461.587
4.05 273.13895 78.061332 45807.311 -59581.4 5194.93 -64776.3 11499.186
4.06 271.55375 -38.034044 45708.529 -59852.4 5164.78 -65017.2 11494.469
4.07 269.4621 15.34695 45396.031 -59952.4 5125 -65077.4 11474.618
4.08 274.44342 747.89557 45646.975 -59998.8 5219.74 -65218.5 11532.731
4.09 268.68304 319.93196 45389.604 -59722.7 5110.18 -64832.9 11510.057
4.1 269.01457 -287.9501 45542.121 -60001.5 5116.48 -65117.9 11582.025
4.11 282.32626 -413.77256 45907.828 -59631.6 5369.66 -65001.3 11674.663
4.12 266.70635 -560.0531 45750.101 -59906.8 5072.58 -64979.4 11686.272
4.13 279.23343 -475.00857 45824.325 -59693.2 5310.84 -65004 11714.13
4.14 268.34425 -115.3058 45895.139 -59944.7 5103.73 -65048.4 11741.823
4.15 283.71957 -276.92995 45803.848 -59612.5 5396.16 -65008.6 11757.952
4.16 280.04379 -162.22476 45380.434 -59644.8 5326.25 -64971 11707.224
4.17 275.98308 -200.206 45368.563 -59732 5249.02 -64981.1 11740.508
4.18 278.79418 -61.81365 45539.104 -59782 5302.49 -65084.5 11798.02
4.19 270.3025 57.915521 45475.451 -60098.9 5140.98 -65239.9 11820.359
4.2 274.66695 -343.31371 45612.943 -59689 5223.99 -64913 11886.788
4.21 274.49238 -534.06144 45817.127 -59944.1 5220.67 -65164.8 11946.665
4.22 272.44662 -189.0873 45502.428 -59792 5181.76 -64973.8 11936.316
4.23 276.5315 169.75634 45953.602 -59640 5259.45 -64899.5 12090.385
4.24 283.3768 231.41787 45676.533 -59519.3 5389.64 -64908.9 12060.272
4.25 280.38712 22.439992 45259.125 -59963.1 5332.78 -65295.9 12009.382
4.26 278.95106 -601.32727 45812.158 -59738.9 5305.47 -65044.4 12144.62
4.27 259.54204 -509.45068 45747.67 -59996.1 4936.32 -64932.4 12168.221
4.28 273.94108 876.57821 45544.139 -59750.9 5210.18 -64961.1 12137.852
4.29 282.8856 452.21001 45439.433 -59795.8 5380.3 -65176.1 12156.481
4.3 277.0786 -421.14299 45521.624 -60270.7 5269.86 -65540.6 12181.98
4.31 275.68224 -344.91454 45693.731 -59925.7 5243.3 -65169 12224.381
4.32 275.89675 -610.6985 45506.131 -59664.5 5247.38 -64911.8 12230.983
4.33 285.25343 190.88766 45503.537 -59615.1 5425.34 -65040.4 12264.022
4.34 272.01503 -3.7601043 45417.568 -59779 5173.55 -64952.5 12286.322
4.35 276.6204 226.476 45240.211 -59610.5 5261.14 -64871.7 12288.231
4.36 275.8676 1039.0687 45149.375 -59971.2 5246.82 -65218.1 12300.612
4.37 275.2153 218.57502 45455.396 -59663.9 5234.42 -64898.3 12382.585
4.38 273.33882 365.4069 45265.005 -60084.1 5198.73 -65282.9 12380.916
4.39 278.24589 -780.77455 45703.771 -59923 5292.06 -65215 12487.526
4.4 270.93607 -471.42315 45703.485 -59963.8 5153.03 -65116.8 12510.976
4.41 280.76867 -325.21308 45594.491 -59658.8 5340.04 -64998.8 12520.923
4.42 269.21469 556.64862 45683.582 -59852 5120.29 -64972.3 12571.806
4.43 280.58113 -38.2767 45553.623 -59517.4 5336.47 -64853.9 12581.088
4.44 271.56062 91.990681 45346.253 -59920.1 5164.91 -65085 12579.503
4.45 267.96678 -464.05747 45772.772 -59571.6 5096.56 -64668.1 12685.716
4.46 276.99312 -170.46668 45532.827 -59768.7 5268.23 -65036.9 12671.081
4.47 284.31671 -108.18141 45596.627 -59576.8 5407.52 -64984.3 12695.145
4.48 268.31688 77.414979 45654.789 -59792 5103.21 -64895.2 12727.727
4.49 282.2229 50.524711 45641.798 -59708.2 5367.7 -65075.9 12778.661
4.5 277.06256 13.451221 45232.118 -59618.3 5269.55 -64887.8 12718.924
4.51 284.15247 -452.94493 45494.37 -59484.9 5404.4 -64889.3 12807.593
4.52 271.33163 -388.59738 45420.461 -59898.3 5160.55 -65058.9 12817.881
4.53 278.04839 808.85823 45291.177 -59694.5 5288.3 -64982.8 12856.973
4.54 287.44121 -77.640802 45500.289 -59748.5 5466.95 -65215.5 12894.132
4.55 273.58785 137.36083 45437.426 -60029.1 5203.47 -65232.6 12930.823
4.56 270.87123 -604.58065 45860.262 -59970.9 5151.8 -65122.7 13035.229
4.57 282.6863 -835.6328 45802.745 -59570.9 5376.51 -64947.4 13052.194
4.58 276.36097 778.83278 45558.316 -59691.5 5256.21 -64947.7 13067.732
4.59 270.02003 -396.99498 45976.879 -59826.3 5135.61 -64961.9 13173.591
4.6 264.25897 79.882824 45558.352 -60050.7 5026.04 -65076.7 13124.662
4.61 279.27253 4.69069 45728.248 -59732.4 5311.58 -65044 13197.686
4.62 260.70072 91.853407 45403.149 -60168.5 4958.36 -65126.9 13139.892
4.63 270.60041 362.24956 45385.326 -59610.5 5146.65 -64757.2 13146.959
4.64 266.53441 -432.05216 45634.331 -59891.6 5069.31 -64960.9 13224.649
4.65 277.25353 189.56256 45506.02 -59767.7 5273.18 -65040.9 13254.649
4.66 272.34887 -248.83732 45760.088 -59918.3 5179.9 -65098.2 13341.27
4.67 283.26981 910.23549 45042.428 -59850.4 5387.61 -65238 13229.224
4.68 282.99696 135.97407 45603.053 -59418.1 5382.42 -64800.5 13325.61
4.69 272.96487 -535.21507 45772.635 -59856.4 5191.62 -65048 13404.606
4.7 273.94471 26.172598 45628.076 -59549.1 5210.25 -64759.4 13436.85
4.71 268.74614 -427.09551 45649.933 -59816.9 5111.38 -64928.3 13471.276
4.72 272.91099 641.65836 45233.765 -59919.3 5190.59 -65109.9 13431.23
4.73 275.8474 75.485554 45179.477 -60009.2 5246.44 -65255.6 13450.102
4.74 269.26988 904.7544 45287.241 -59725.9 5121.34 -64847.2 13506.046
4.75 273.10004 -44.870635 45589.359 -59983 5194.19 -65177.2 13608.515
4.76 285.70227 436.5211 45704.516 -59588.5 5433.87 -65022.3 13664.722
4.77 276.27666 234.85614 45380.975 -59905.8 5254.6 -65160.4 13611.945
4.78 261.82841 31.513921 45817.296 -60223.4 4979.81 -65203.2 13723.134
4.79 274.01658 -377.51229 45723.502 -59613 5211.62 -64824.6 13710.303
4.8 269.14079 -301.10774 45709.545 -59730.3 5118.88 -64849.2 13748.431
4.81 264.87804 -508.08927 45760.786 -59922.4 5037.81 -64960.3 13802.975
4.82 269.10485 -77.964893 45678.304 -59575.6 5118.2 -64693.8 13833.924
4.83 273.20132 -77.262694 45441.044 -59798.1 5196.11 -64994.2 13820.939
4.84 271.58583 -236.0779 45412.331 -60168 5165.39 -65333.4 13824.223
4.85 276.2049 327.04579 45673.444 -59728.6 5253.24 -64981.9 13904.285
4.86 268.40495 62.651732 45561.041 -59772.8 5104.89 -64877.7 13888.99
4.87 260.08086 837.7294 45207.717 -59947.4 4946.57 -64893.9 13836.482
4.88 280.39425 -60.834138 45642.707 -59667.5 5332.92 -65000.5 13973.145
4.89 267.22893 -96.11386 45693.014 -59725.4 5082.52 -64808 14035.518
4.9 276.64395 188.82349 45441.548 -59925.8 5261.59 -65187.4 14003.613
4.91 281.07358 -58.319287 45767.755 -59547.4 5345.84 -64893.2 14088.81
4.92 268.61888 -474.97567 46111.531 -59840.4 5108.96 -64949.4 14176.431
4.93 271.98394 -191.34549 45449.377 -59819 5172.96 -64992 14060.787
4.94 269.89103 148.45944 45535.211 -59931.5 5133.15 -65064.6 14092.967
4.95 283.84244 -676.75261 46027.801 -59672.6 5398.5 -65071.1 14249.665
4.96 268.44477 32.273875 45455.833 -59884.2 5105.65 -64989.9 14154.976
4.97 276.00445 427.54725 45372.989 -59890.1 5249.43 -65139.5 14125.649
4.98 264.66549 191.77686 45361.864 -60101.3 5033.77 -65135.1 14133.173
4.99 284.84309 -290.91537 45390.773 -59523.4 5417.53 -64941 14193.728
5 269.55384 805.35755 45218.387 -59913.5 5126.74 -65040.3 14172.05
5.01 277.24935 -65.599398 45639.873 -59621.4 5273.1 -64894.5 14247.526
5.02 268.74035 -580.90063 45918.25 -59971.9 5111.27 -65083.2 14309.732
5.03 283.13413 355.14554 45628.168 -59626.7 5385.03 -65011.7 14278.516
5.04 278.27259 -165.53291 45860.198 -59675.9 5292.57 -64968.5 14347.092
5.05 267.57324 389.22404 45651.406 -59994.1 5089.07 -65083.1 14330.41
5.06 271.16403 176.46274 45452.274 -59662.3 5157.37 -64819.7 14301.157
5.07 273.30578 635.00638 45511.35 -60059.1 5198.1 -65257.2 14315.785
5.08 273.76248 -344.44047 45635.51 -59481.7 5206.79 -64688.5 14400.091
5.09 272.51185 232.14845 45507.142 -59735.5 5183 -64918.5 14383.483
5.1 276.91906 28.548096 45527.541 -59480.7 5266.82 -64747.5 14404.232
5.11 283.60477 511.95381 45310.509 -59814.4 5393.98 -65208.4 14370.058
5.12 277.42781 19.349654 45391.956 -59817.6 5276.5 -65094.1 14389.958
5.13 280.14176 -223.78753 45699.949 -59615 5328.12 -64943.1 14519.988
5.14 275.90979 327.50222 45653.144 -59695.5 5247.63 -64943.1 14530.787
5.15 265.38339 348.31986 45196.987 -60026.3 5047.42 -65073.7 14510.707
5.16 275.2346 -149.88798 45621.652 -59905.2 5234.79 -65140 14635.998
5.17 268.02913 -349.28757 45960.051 -59906.7 5097.74 -65004.4 14744.731
5.18 266.17611 -131.54551 45758.55 -59802.5 5062.5 -64865 14701.242
5.19 281.66026 386.48632 45685.988 -59543.9 5357 -64900.9 14707.248
5.2 273.52428 382.43429 45542.465 -59865.9 5202.26 -65068.1 14718.73
5.21 262.04493 -93.84379 45768.797 -60419.1 4983.93 -65403 14797.426
5.22 278.88825 -319.72663 45595.436 -59740.9 5304.28 -65045.1 14810.23
5.23 273.97271 351.2757 45276.953 -59947.5 5210.78 -65158.2 14774.479
5.24 265.65328 -598.47833 45491.092 -59722.9 5052.55 -64775.4 14858.794
5.25 279.67543 730.31668 45470.383 -59720.4 5319.25 -65039.7 14889.533
5.26 269.47243 -370.26394 45744.939 -59590.1 5125.19 -64715.3 14946.705
5.27 271.51561 87.870888 45576.737 -60137.2 5164.05 -65301.3 14919.638
5.28 274.62122 -109.62024 45677.246 -59827.5 5223.12 -65050.6 14964.621
5.29 271.3492 32.822111 45299.112 -59743 5160.89 -64903.9 14923.985
5.3 274.18064 203.32133 45325.028 -59714.6 5214.74 -64929.3 14958.674
5.31 268.40653 -524.18117 45772.253 -59658.9 5104.92 -64763.8 15047.749
5.32 279.97334 370.24101 45127.198 -59888.1 5324.91 -65213 14907.271
5.33 278.7377 444.34117 45517.988 -59610.3 5301.41 -64911.7 15056.937
5.34 278.61642 -124.95164 45674.947 -59765.2 5299.11 -65064.3 15108.394
5.35 273.08566 207.53883 45801.462 -59831.6 5193.91 -65025.5 15169.866
5.36 270.08075 -156.26822 45572.378 -59992.5 5136.76 -65129.3 15190.793
5.37 274.23689 43.557585 45666.165 -59694.1 5215.81 -64909.9 15211.149
5.38 272.44833 -687.05695 45792.398 -59939.6 5181.79 -65121.4 15244.925
5.39 278.7617 767.91021 45433.721 -59760.4 5301.87 -65062.3 15224.788
5.4 276.12494 -51.676485 45535.154 -59850.8 5251.72 -65102.5 15270.218
5.41 281.32242 908.5208 45219.56 -59849.8 5350.57 -65200.3 15250.283
5.42 282.2711 932.021 45541 -59428.6 5368.61 -64797.2 15336.036
5.43 268.87518 212.70741 45573.954 -59830.6 5113.83 -64944.5 15344.254
5.44 281.61048 698.36008 45462.492 -59410.4 5356.05 -64766.5 15371.601
5.45 269.75257 -611.00425 45450.87 -59922.7 5130.52 -65053.2 15349.785
5.46 273.62167 -72.272642 45807.918 -59938.5 5204.11 -65142.7 15461.058
5.47 268.8971 25.803946 45485.747 -60020.1 5114.25 -65134.4 15412.15
5.48 273.33667 441.3643 45640.907 -59585.5 5198.69 -64784.2 15475.308
5.49 275.88218 -44.710093 45689.873 -59799.8 5247.1 -65046.9 15520.866
5.5 265.84466 644.09969 45402.061 -60067.8 5056.19 -65124 15497.89
5.51 275.98428 936.23996 45242.149 -59660.6 5249.04 -64909.6 15507.936
5.52 274.6613 -537.24979 45576.192 -59806.8 5223.88 -65030.7 15592.691
5.53 274.81291 131.99939 45567.487 -59930.9 5226.76 -65157.7 15595.303
5.54 272.43333 -200.45678 45590.693 -59761 5181.51 -64942.5 15592.336
5.55 273.42975 -5.9248099 45648.28 -59861 5200.46 -65061.4 15627.995
5.56 276.81323 260.48017 45462.541 -59739.6 5264.81 -65004.5 15625.319
5.57 274.1045 -399.34163 45823.995 -60105.6 5213.29 -65318.9 15734.362
5.58 280.33959 146.85794 45483.329 -59731.6 5331.88 -65063.5 15660.156
5.59 268.4797 -43.280673 45764.544 -59992.1 5106.31 -65098.4 15738.762
5.6 274.59067 534.87541 45472.645 -59525 5222.54 -64747.5 15707.004
5.61 264.30072 -91.710769 45935.08 -59952.8 5026.83 -64979.6 15835.17
5.62 267.73925 238.52 45547.217 -59981.6 5092.23 -65073.9 15778.177
5.63 269.8044 -362.94269 45853.544 -59947 5131.51 -65078.6 15874.647
5.64 264.43859 -58.663718 45510.903 -59873.5 5029.45 -64903 15847.354
5.65 258.66115 -36.066954 45619.296 -60337 4919.57 -65256.6 15898.972
5.66 270.70479 466.35125 45795.389 -59999.7 5148.63 -65148.4 15959.054
5.67 281.82414 124.73293 45691.343 -60035.3 5360.11 -65395.4 15948.559
5.68 269.79022 -326.6657 45690.305 -59525.2 5131.24 -64656.4 16020.842
5.69 283.43776 678.65769 45331.45 -59927.8 5390.8 -65318.6 15978.06
5.7 277.7548 68.857016 45731.936 -59548.9 5282.72 -64831.6 16111.8
5.71 274.89593 -7.6855939 45389.517 -59787.2 5228.34 -65015.5 16002.412
5.72 270.83495 21.187378 45659.581 -59981 5151.11 -65132.1 16129.215
5.73 278.66972 100.27935 45180.372 -59720 5300.12 -65020.1 16058.735
5.74 271.33176 364.69711 45438.22 -59744.7 5160.56 -64905.2 16150.637
5.75 281.75525 -146.65634 45531.908 -59935.1 5358.8 -65293.9 16214.431
5.76 262.90133 -527.83376 45622.779 -60075 5000.21 -65075.2 16242.61
5.77 277.47972 -834.31574 45614.182 -59606.4 5277.49 -64883.9 16264.745
5.78 272.29798 -242.03696 45419.186 -60070.6 5178.93 -65249.5 16246.623
5.79 267.43322 -255.03813 45587.502 -59972 5086.41 -65058.4 16348.69
5.8 274.23425 -1099.2261 45804.961 -59712.1 5215.76 -64927.9 16436.635
5.81 271.2873 -214.12727 45608.773 -59594.2 5159.71 -64753.9 16449.406
5.82 269.77174 176.69062 45242.813 -59915.4 5130.88 -65046.3 16421.065
5.83 276.95609 480.95651 45236.362 -59880.1 5267.53 -65147.6 16440.355
5.84 270.60233 -1068.7318 45955.945 -59810.3 5146.68 -64957 16637.709
5.85 270.13721 289.75101 45577.037 -59905.6 5137.84 -65043.5 16591.671
5.86 279.79027 -39.196994 45589.052 -59530.2 5321.43 -64851.6 16649.121
5.87 268.81993 179.10154 45302.327 -59928.2 5112.78 -65041 16594.202
5.88 271.16685 319.03144 45188.504 -59851.8 5157.42 -65009.2 16578.971
5.89 273.61046 -78.378991 45578.792 -59780.1 5203.89 -64984 16655.473
5.9 265.4769 133.69598 45725.146 -60155.3 5049.2 -65204.5 16714.568
5.91 278.69005 190.21814 45669.02 -59658.8 5300.51 -64959.3 16738.42
5.92 278.93539 -175.60312 45619.88 -59613.9 5305.17 -64919.1 16770.231
5.93 274.72199 -466.7803 45611.761 -59786 5225.04 -65011 16786.22
5.94 274.86855 -54.853466 45629.531 -59802 5227.82 -65029.8 16808.853
5.95 270.90785 196.72779 45591.866 -60131.1 5152.49 -65283.6 16833.582
5.96 267.43877 -657.1184 46042.454 -59946.4 5086.51 -65032.9 17001.492
5.97 284.59909 -151.73241 45678.787 -59728 5412.89 -65140.9 16955.251
5.98 268.28263 937.89741 45155.907 -60182.7 5102.56 -65285.2 16827.453
5.99 280.59282 -239.08161 46033.185 -59689.7 5336.69 -65026.4 17072.016
6 278.05699 -104.6933 45868.625 -59844.2 5288.47 -65132.7 17039.588
6.01 278.37674 -152.2906 46013.965 -59395.8 5294.55 -64690.3 17105.645
6.02 275.60587 -935.08937 46302.509 -59692.1 5241.85 -64933.9 17224.728
6.03 266.7934 -51.184234 45551.086 -60005 5074.24 -65079.2 17068.445
6.04 268.6774 566.00721 45275.281 -60181.8 5110.07 -65291.8 17018.69
6.05 270.13283 -902.13008 45863.917 -59734.6 5137.75 -64872.3 17193.319
6.06 273.90423 -132.66561 45514.846 -59951.9 5209.48 -65161.4 17105.089
6.07 266.57508 40.686835 45195.255 -59952.9 5070.09 -65023 17080.514
6.08 270.62118 132.96136 45748.093 -59731.2 5147.04 -64878.2 17258.703
6.09 276.41371 -477.81248 45653.03 -59740.9 5257.21 -64998.1 17233.522
6.1 266.65932 176.85069 45722.506 -59821 5071.69 -64892.7 17326.334
6.11 276.24198 -160.32382 45690.843 -59553.9 5253.94 -64807.8 17364.359
6.12 279.85823 -161.74194 45508.552 -59662.4 5322.72 -64985.2 17380.502
6.13 272.93422 107.90244 45313.98 -59906.5 5191.03 -65097.6 17324.24
6.14 273.36357 -829.13591 46010.282 -59493.8 5199.2 -64693 17526.04
6.15 272.99118 174.55445 45436.433 -59913.7 5192.12 -65105.8 17385.246
6.16 283.33198 537.02269 45239.24 -59437.4 5388.79 -64826.2 17332.88
6.17 267.31848 586.09379 45485.724 -59980.4 5084.23 -65064.6 17379.148
6.18 279.17686 266.24126 45727.6 -59712.2 5309.76 -65022 17454.882
6.19 262.18071 -212.44148 45529.07 -59988 4986.51 -64974.5 17468.764
6.2 271.88317 -70.95522 45539.436 -59724.8 5171.04 -64895.8 17516.832
6.21 274.36941 1170.15 45150.976 -59801.1 5218.33 -65019.4 17455.741
6.22 268.34548 -500.98783 45579.573 -59922.2 5103.76 -65026 17568.662
6.23 284.98236 345.12786 45470.637 -59691.5 5420.18 -65111.7 17545.778
6.24 272.9468 395.97009 45637.588 -59941.9 5191.27 -65133.2 17607.876
6.25 273.77446 -27.221363 45579.504 -60053.5 5207.01 -65260.6 17649.777
6.26 277.37654 413.88449 45141.9 -59931.2 5275.52 -65206.7 17534.763
6.27 264.78608 171.22048 45402.485 -60306.3 5036.06 -65342.4 17619.189
6.28 275.50364 800.61973 45749.778 -59683.6 5239.9 -64923.6 17775.997
6.29 276.18076 71.007848 45411.658 -59947.8 5252.78 -65200.6 17756.286
6.3 265.58258 217.13072 45365.697 -59883.1 5051.21 -64934.3 17766.457
6.31 278.18716 75.22186 45515.853 -59904.6 5290.94 -65195.5 17828.297
6.32 275.08956 -836.48355 45696.938 -59991.1 5232.03 -65223.1 17901.989
6.33 276.54886 400.91855 45396.499 -59698.6 5259.78 -64958.4 17830.009
6.34 275.48894 597.58107 45431.34 -59928.8 5239.62 -65168.4 17876.639
6.35 256.64737 403.56521 45392.937 -60474.5 4881.27 -65355.8 17930.487
6.36 270.59976 -1019.4477 45921.908 -59776.3 5146.63 -64922.9 18074.862
6.37 270.01013 618.3277 45555.074 -59817.6 5135.42 -64953 18053.097
6.38 262.73565 13.556048 45284.806 -60174.7 4997.06 -65171.8 18026.1
6.39 276.34641 -239.10082 45687.924 -59626.1 5255.93 -64882 18151.267
6.4 276.57754 464.60884 45360.689 -59851.8 5260.33 -65112.2 18044.182
6.41 279.52323 -19.90201 45640.392 -59711 5316.35 -65027.4 18168.159
6.42 278.04799 -247.89365 45946.268 -59300.3 5288.29 -64588.6 18261.575
6.43 275.96056 684.35914 45463.568 -59687.9 5248.59 -64936.5 18178.307
6.44 279.3179 -659.52318 45807.926 -59548.5 5312.45 -64860.9 18300.404
6.45 271.93875 591.74876 45511.277 -59649.8 5172.1 -64821.9 18273.968
6.46 271.83507 477.76563 45454.388 -59849.7 5170.13 -65019.8 18275.87
6.47 276.04252 1081.1305 45347.587 -59604.4 5250.15 -64854.5 18274.76
6.48 265.90123 -292.82353 45592.9 -59972 5057.27 -65029.3 18355.762
6.49 273.99233 -170.85996 45488.771 -59901.7 5211.16 -65112.9 18390.236
6.5 278.14173 727.8089 44996.719 -60027.8 5290.08 -65317.9 18274.473
6.51 281.74431 644.08389 45405.033 -59628.7 5358.6 -64987.3 18435.974
6.52 273.84702 -882.61307 45565.302 -59914.1 5208.39 -65122.5 18510.838
6.53 272.46444 -152.40217 45604.913 -59715.2 5182.1 -64897.3 18554.496
6.54 273.9455 554.85546 45210.436 -59960 5210.27 -65170.3 18462.569
6.55 277.75262 -78.778461 45676.471 -59547.6 5282.68 -64830.2 18624.363
6.56 267.52256 422.22964 45532.074 -59880.6 5088.11 -64968.7 18609.116
6.57 279.35968 1004.6735 45395.435 -59583.6 5313.24 -64896.8 18607.693
6.58 277.79957 260.3459 45728.121 -59725.3 5283.57 -65008.8 18715.491
6.59 267.46838 74.930448 45179.592 -60234.9 5087.08 -65322 18608.761
6.6 279.80889 -167.24658 45620.405 -59615.2 5321.79 -64937 18762.489
6.61 273.08462 69.235613 45596.839 -59733.7 5193.89 -64927.6 18789.482
6.62 266.37208 858.18163 45209.949 -59888.3 5066.23 -64954.6 18717.188
6.63 266.23819 14.70722 45635.696 -59633.7 5063.68 -64697.4 18833.453
6.64 271.12684 -537.53787 45822.28 -59976.8 5156.66 -65133.4 18941.382
6.65 282.45275 -193.86641 45586.501 -60023 5372.07 -65395 18916.952
6.66 274.92651 -22.770009 45542.159 -59790.7 5228.93 -65019.6 18969.466
6.67 267.54707 -492.55227 45647.095 -59889.8 5088.57 -64978.4 19037.632
6.68 264.15848 -247.41602 45800.587 -59980.3 5024.12 -65004.5 19114.405
6.69 284.92417 -112.66022 45631.136 -59692.7 5419.07 -65111.8 19119.986
6.7 272.0872 108.43584 45647.341 -59894.4 5174.92 -65069.4 19163.8
6.71 279.29741 446.22109 45665.093 -59504.7 5312.06 -64816.8 19188.227
6.72 281.05851 239.0862 45342.672 -59846 5345.55 -65191.6 19122.465
6.73 271.55867 -396.69874 45771.339 -59743.7 5164.87 -64908.5 19249.828
6.74 275.69161 744.69184 45353.933 -59866.5 5243.48 -65110 19161.389
6.75 269.55826 -202.44845 45795.491 -60091.6 5126.82 -65218.4 19342.5
6.76 269.72995 749.32605 45482.112 -59787.2 5130.09 -64917.3 19303.415
6.77 271.29949 178.91426 45504.461 -60157 5159.94 -65316.9 19383.969
6.78 285.53678 -587.01712 45740.39 -59854.4 5430.73 -65285.1 19486.9
6.79 267.09454 378.06445 45508.041 -60057.7 5079.97 -65137.7 19459.727
6.8 275.3903 260.36447 45483.189 -59593.5 5237.75 -64831.2 19506.774
6.81 275.27517 6.9015597 45703.037 -59861.9 5235.56 -65097.4 19638.339
6.82 275.29927 -553.8883 45843.566 -60014.7 5236.01 -65250.7 19741.918
6.83 280.29112 441.29542 45379.831 -59282.2 5330.96 -64613.1 19637.719
6.84 271.5531 -22.908389 45405.91 -59741.9 5164.77 -64906.7 19682.303
6.85 275.5541 -254.59195 45441.101 -59681.1 5240.86 -64922 19686.585
6.86 281.14943 224.99508 45577.481 -59692.3 5347.28 -65039.6 19727.233
6.87 273.26178 452.10012 45564 -59796.9 5197.26 -64994.2 19766.911
6.88 273.12744 -90.241811 45509.138 -59665.3 5194.71 -64860 19791.86
6.89 277.3193 283.88244 45099.689 -59839.8 5274.43 -65114.3 19708.185
6.9 273.67449 -30.03627 45567.9 -59680 5205.11 -64885.1 19861.619
6.91 285.45267 777.85812 45286.649 -59596.4 5429.13 -65025.6 19823.044
6.92 280.70502 497.17251 45257.931 -59757.6 5338.83 -65096.4 19869.194
6.93 282.47126 292.56138 45299.733 -59747.3 5372.42 -65119.8 19910.052
6.94 266.69815 364.79389 45591.426 -59980.1 5072.43 -65052.5 20003.701
6.95 274.24699 768.55627 45271.721 -59680.5 5216 -64896.5 19904.865
6.96 275.44699 -259.51868 45443.928 -59829.3 5238.82 -65068.1 19990.764
6.97 275.35833 -1306.8832 45927.422 -59483.8 5237.14 -64720.9 20186.631
6.98 272.58551 -104.4981 45488.704 -59884.5 5184.4 -65068.9 20050.09
6.99 278.4335 609.10851 45471.643 -59594.5 5295.63 -64890.1 20077.707
7 274.66667 -279.60479 45417.344 -59951.6 5223.98 -65175.6 20074.311
7.01 275.12531 -329.41212 45685.291 -59855.7 5232.71 -65088.4 20190.465
7.02 271.13326 -471.31161 45840.174 -59851.5 5156.78 -65008.3 20279.43
7.03 271.85466 346.14135 45802.737 -60043.1 5170.5 -65213.6 20273.487
7.04 274.06466 -390.87631 45986.075 -59730.4 5212.53 -64943 20384.15
7.05 264.07264 -294.42546 45436.817 -59913.7 5022.49 -64936.1 20249.968
7.06 279.69699 94.881487 45771.742 -59496.4 5319.66 -64816.1 20360.087
7.07 269.78942 -72.518138 45388.145 -59795.7 5131.22 -64926.9 20316.349
7.08 273.7071 -1.1400397 45820.519 -59668.6 5205.73 -64874.3 20467.71
7.09 277.06923 -580.88659 45762.956 -59856.6 5269.68 -65126.2 20481.212
7.1 263.94885 -425.88533 45857.397 -59697.2 5020.14 -64717.3 20538.654
7.11 268.99337 -195.79452 45762.759 -60076.3 5116.08 -65192.4 20508.225
7.12 274.07148 -710.998 46011.573 -59531.5 5212.66 -64744.2 20632.168
7.13 269.80444 8.4464022 45511.606 -59947.8 5131.51 -65079.3 20537.041
7.14 286.76911 87.887992 45203.575 -59361.8 5454.16 -64815.9 20485.652
7.15 273.44257 174.54834 45262.905 -59855.8 5200.7 -65056.5 20520.566
7.16 284.97491 -37.887497 45474.878 -59433.3 5420.04 -64853.3 20618.474
7.17 272.47855 67.640993 45725.049 -60001.9 5182.37 -65184.3 20733.775
7.18 272.2961 242.89718 45458.046 -60146.6 5178.9 -65325.4 20674.764
7.19 281.57469 535.57474 45116.47 -59785.2 5355.37 -65140.6 20648.036
7.2 269.85026 -426.85604 45380.363 -59936.5 5132.38 -65068.8 20718.797
7.21 271.62024 123.10797 45502.705 -59940.5 5166.04 -65106.6 20793.433
7.22 278.64283 -79.507921 45692.138 -59749.4 5299.61 -65049 20868.236
7.23 277.50387 -486.7886 45545.031 -59882.4 5277.94 -65160.3 20860.021
7.24 277.04916 117.22544 45750.245 -59511.8 5269.3 -64781.1 20966.831
7.25 275.22921 -502.44711 45719.714 -60004 5234.68 -65238.7 21010.417
7.26 272.19293 306.31307 45345.262 -59690.3 5176.93 -64867.2 20897.787
7.27 279.19135 86.702411 45598.815 -59481 5310.04 -64791 20999.273
7.28 273.18503 824.80755 45456.122 -59943.7 5195.8 -65139.5 20980.599
7.29 272.50004 156.93999 45791.025 -59604.9 5182.78 -64787.6 21156.362
7.3 273.53261 196.33884 45340.482 -59799.7 5202.41 -65002.1 21056.849
7.31 268.99924 515.24639 45876.65 -59819.1 5116.19 -64935.3 21237.529
7.32 266.8467 -173.47386 45748.165 -60195.3 5075.25 -65270.6 21216.684
7.33 270.84503 -40.759194 45567.66 -59753.9 5151.3 -64905.2 21185.401
7.34 280.25713 -82.840279 45902.223 -59640.5 5330.31 -64970.9 21322.239
7.35 274.45883 76.488327 45495.029 -59749.8 5220.03 -64969.9 21175.912
7.36 270.43725 -295.424 45719.095 -59963.5 5143.54 -65107.1 21251.49
7.37 281.48204 -367.98987 45742.049 -59531.3 5353.61 -64884.9 21279.601
7.38 276.24847 -327.85962 45821.74 -59322.7 5254.07 -64576.8 21335.291
7.39 267.1378 -461.72854 45648.765 -59757.8 5080.79 -64838.6 21289.41
7.4 263.22126 155.50488 45217.252 -60109 5006.3 -65115.3 21216.296
7.41 280.22608 46.614843 45599.516 -59721.9 5329.72 -65051.7 21402.879
7.42 260.23694 116.25848 45619.816 -60137.3 4949.54 -65086.9 21402.165
7.43 281.83397 428.39468 45341.403 -59679.7 5360.3 -65040 21353.529
7.44 266.43069 946.13628 45253.069 -60011.9 5067.34 -65079.3 21351.951
7.45 282.50399 -24.955764 45647.19 -59738.7 5373.04 -65111.8 21483.931
7.46 286.11356 6.8118108 44962.303 -59820.2 5441.7 -65261.9 21326.882
7.47 280.61614 212.3194 45574.882 -59896 5337.14 -65233.1 21604.556
7.48 275.8708 2.6440887 45762.606 -59703.6 5246.88 -64950.5 21717.95
7.49 271.81851 478.64294 45538.922 -59814.5 5169.81 -64984.3 21676.83
7.5 279.0957 151.51045 45889.706 -59769.9 5308.22 -65078.1 21805.669
7.51 266.9797 478.87064 45403.029 -60109.9 5077.78 -65187.7 21670.582
7.52 285.75726 428.84103 45285.447 -59480.4 5434.92 -64915.3 21640.433
7.53 284.73253 132.4807 45560.961 -59667 5415.43 -65082.5 21753.785
7.54 278.16881 1272.6226 45298.372 -59843.7 5290.59 -65134.2 21680.039
7.55 269.58615 348.18914 45421.359 -59977.4 5127.36 -65104.8 21733.112
7.56 269.32008 28.317839 45692.526 -60241.3 5122.29 -65363.6 21887.963
7.57 281.47001 -631.28583 45980.149 -59782 5353.38 -65135.3 22006.278
7.58 268.08316 349.49549 45026.634 -60045.7 5098.77 -65144.5 21745.721
7.59 277.77156 290.51302 45553.381 -59708.3 5283.04 -64991.3 22027.606
7.6 278.66132 -363.18286 45749.207 -59618.1 5299.96 -64918.1 22166.855
7.61 270.01781 241.39278 45538.581 -60041.2 5135.57 -65176.8 22142.833
7.62 271.34424 -321.43692 45612.593 -59749.5 5160.79 -64910.3 22176.807
7.63 273.73863 -216.1143 45590.611 -60027.5 5206.33 -65233.9 22201.813
7.64 287.86832 729.16515 45358.818 -59722.3 5475.07 -65197.4 22168.656
7.65 271.30423 611.40784 45298.483 -59842.9 5160.03 -65002.9 22192.17
7.66 280.8206 -532.46757 45773.614 -59741.4 5341.03 -65082.4 22370.9
7.67 269.84084 177.16374 45658.705 -59661.1 5132.2 -64793.3 22403.339
7.68 262.03438 30.833678 45651.887 -60075.8 4983.73 -65059.5 22433.44
7.69 271.65953 -932.07404 45639.191 -59939 5166.79 -65105.8 22463.395
7.7 280.28445 -645.35564 45839.876 -59871.4 5330.83 -65202.2 22573.87
7.71 262.42741 -434.74018 45836.809 -59835.6 4991.2 -64826.8 22591.456
7.72 274.47353 462.90051 45454.932 -60018.8 5220.31 -65239.1 22494.303
7.73 282.7128 516.67579 45367.057 -59893.1 5377.02 -65270.2 22509.478
7.74 282.06173 -672.63692 45558.732 -59625.9 5364.63 -64990.5 22626.805
7.75 289.72743 446.02629 45319.82 -59104.5 5510.43 -64615 22567.988
7.76 279.54762 172.27387 45892.787 -59717.6 5316.82 -65034.4 22788.149
7.77 274.62626 390.03073 45440.988 -59797.3 5223.21 -65020.5 22650.047
7.78 281.62199 177.55992 45476.87 -59731.2 5356.27 -65087.5 22652.23
7.79 273.01233 202.71777 45522.521 -59881.2 5192.52 -65073.8 22707.619
7.8 264.86537 352.25936 45615.319 -59737.7 5037.57 -64775.3 22738.496
7.81 275.58624 -334.69238 45794.466 -59799.2 5241.47 -65040.6 22817.625
7.82 273.73664 724.00757 45542.492 -59731.5 5206.29 -64937.8 22809.465
7.83 279.61778 -1178.279 46095.306 -59567.4 5318.15 -64885.5 23008.447
7.84 277.48857 341.2204 45639 -59832.4 5277.65 -65110 22931.487
7.85 268.21127 228.73722 45676.01 -60138.8 5101.21 -65240 23016.838
7.86 256.93301 -99.883246 45601.31 -60061.5 4886.7 -64948.2 23023.901
7.87 277.10405 -345.64293 45641.907 -59820.1 5270.34 -65090.4 23073.716
7.88 276.84514 55.056615 45922.98 -59655.3 5265.42 -64920.7 23192.646
7.89 270.94567 932.89659 45499.489 -59800 5153.21 -64953.2 23077.894
7.9 275.1589 -299.03881 46001.951 -59944.9 5233.35 -65178.2 23259.946
7.91 277.1958 -195.87947 45703.758 -59648.9 5272.09 -64921 23229.959
7.92 267.86749 -986.93417 45732.372 -59894.6 5094.67 -64989.3 23285.821
7.93 270.93883 17.671707 45527.502 -60068.3 5153.08 -65221.4 23240.707
7.94 275.25889 -759.82043 45782.892 -59680 5235.25 -64915.3 23388.706
7.95 271.85075 585.00389 45651.719 -59678.9 5170.43 -64849.3 23392.564
7.96 276.85034 -344.03542 45579.516 -59852.9 5265.52 -65118.4 23421.398
7.97 274.91463 -95.997076 45546.896 -59659 5228.7 -64887.7 23430.055
7.98 269.18018 -357.61457 45422.205 -59769.2 5119.63 -64888.9 23415.689
7.99 276.74931 -352.00087 45777.834 -59738.7 5263.59 -65002.3 23558.97
8 267.97033 344.42872 45661.819 -59950.6 5096.62 -65047.2 23506.37
8.01 267.81677 393.51446 45391.013 -60224.9 5093.7 -65318.6 23436.167
8.02 273.15336 410.33098 45397.557 -59746.5 5195.2 -64941.7 23504.699
8.03 275.05219 -540.74682 45702.229 -59865.1 5231.32 -65096.4 23634.207
8.04 261.66398 -294.42454 45598.17 -60170.4 4976.68 -65147.1 23612.455
8.05 270.88976 -323.35233 45745.883 -59646.4 5152.15 -64798.5 23679.304
8.06 279.48019 41.561157 45641.788 -59424 5315.53 -64739.6 23669.715
8.07 283.30908 378.21912 45471.184 -59703.1 5388.36 -65091.5 23617.278
8.08 274.22039 -418.25638 45740.777 -59714.1 5215.5 -64929.6 23693.599
8.09 283.40172 -783.89587 45893.878 -59534.1 5390.12 -64924.2 23755.231
8.1 269.40286 -181.09769 45665.611 -59950.2 5123.87 -65074.1 23645.094
8.11 278.4762 -583.92789 45534.644 -59608.3 5296.44 -64904.8 23623.054
8.12 276.3607 303.56676 45333.562 -60107.7 5256.2 -65364 23562.777
8.13 272.78602 -639.2583 45686.229 -59657.1 5188.21 -64845.4 23685.803
8.14 276.86146 -177.2809 45784.778 -59546.2 5265.73 -64811.9 23737.656
8.15 265.356 -288.79077 45659.268 -59867.6 5046.9 -64914.5 23737.587
8.16 276.14412 -367.53777 45576.705 -59768.5 5252.08 -65020.5 23799.968
8.17 267.06055 308.86577 45497.89 -60170.9 5079.32 -65250.2 23789.472
8.18 269.87465 -299.28985 45746.83 -59663.4 5132.84 -64796.2 23886.283
8.19 266.3391 -550.91921 45667.802 -60173.7 5065.6 -65239.3 23878.186
8.2 273.49612 -543.69002 45916.127 -59873.1 5201.72 -65074.8 23989.746
8.21 268.87827 50.308981 45523.964 -60090.4 5113.89 -65204.3 23891.684
8.22 275.11335 -33.172707 45816.635 -59704.7 5232.48 -64937.2 24009.755
8.23 270.27845 564.78553 45468.521 -60186.7 5140.52 -65327.2 23939.814
8.24 285.46963 619.55035 45287.392 -59688.5 5429.45 -65117.9 23907.587
8.25 277.59072 372.76298 45512.942 -59523.8 5279.6 -64803.4 24030.87
8.26 272.27383 -629.83114 45826.496 -59744.1 5178.47 -64922.6 24171.952
8.27 281.14675 -13.717035 45456.914 -59833.3 5347.23 -65180.5 24066.541
8.28 273.60964 -8.6947535 45539.828 -59665.6 5203.88 -64869.5 24127.391
8.29 271.88281 16.315028 45690.617 -59969.9 5171.04 -65140.9 24208.082
8.3 276.40115 93.06972 45615.119 -59988.5 5256.97 -65245.5 24241.633
8.31 267.13872 -58.676463 45436.109 -59969.4 5080.81 -65050.2 24231.733
8.32 277.38527 584.37424 45191.217 -60117 5275.69 -65392.7 24203.424
8.33 280.42862 500.99728 45408.846 -59742.9 5333.57 -65076.4 24281.153
8.34 283.0175 455.82648 45256.016 -59988.8 5382.81 -65371.6 24249.356
8.35 277.78182 212.09516 45823.978 -59812.2 5283.23 -65095.4 24496.55
8.36 274.0613 -233.25355 45755.709 -59765.3 5212.47 -64977.8 24481.198
8.37 276.4927 -226.62098 45583.354 -59865.9 5258.71 -65124.6 24480.431
8.38 280.37035 -317.93081 45595.461 -59648.4 5332.46 -64980.9 24531.037
8.39 280.2686 559.09075 45397.183 -59736.3 5330.53 -65066.9 24511.118
8.4 268.84099 128.54651 45252.805 -59869.6 5113.18 -64982.8 24491.773
8.41 271.30644 545.98844 45446.038 -59812.5 5160.07 -64972.6 24621.434
8.42 270.67004 300.69405 45881.129 -59728.9 5147.97 -64876.9 24802.062
8.43 273.9463 -294.69477 45747.708 -59782.5 5210.28 -64992.8 24733.27
8.44 273.79528 145.08146 45550.25 -60117.4 5207.41 -65324.8 24691.039
8.45 271.47752 -265.26257 45805.691 -59931.4 5163.33 -65094.7 24817.867
8.46 270.52483 237.00246 45387.932 -59936.5 5145.21 -65081.7 24684.293
8.47 276.53768 -730.29639 45721.332 -59720.3 5259.57 -64979.9 24853.404
8.48 267.75858 -295.90658 45965.532 -60110.8 5092.6 -65203.4 24991.375
8.49 267.80799 -550.07525 45631.339 -60011 5093.54 -65104.5 24857.25
8.5 277.74367 927.13128 45192.451 -59741.5 5282.51 -65024 24768.897
8.51 273.00471 -113.97309 45425.245 -60033 5192.37 -65225.4 24874.36
8.52 279.1815 -127.23205 45816.442 -59714.6 5309.85 -65024.5 25040.228
8.53 274.59468 320.53338 45403.845 -59632.5 5222.61 -64855.1 24904.749
8.54 270.75755 -646.03271 45826.508 -59818.5 5149.63 -64968.2 25078.201
8.55 272.28936 90.1251 45454.617 -59836 5178.77 -65014.8 24970.629
8.56 277.76308 -267.87917 45585.107 -59755.4 5282.87 -65038.3 25020.441
8.57 270.72368 108.858 45736.347 -59954.8 5148.99 -65103.8 25100.197
8.58 278.46892 -645.50647 45623.59 -59535.8 5296.3 -64832.1 25095.947
8.59 282.9742 -317.47764 45613.873 -59905.1 5381.99 -65287.1 25099.942
8.6 265.85579 -179.46774 45714.943 -60082.3 5056.41 -65138.7 25146.348
8.61 271.94561 221.55457 45235.079 -59948.8 5172.23 -65121.1 25037.072
8.62 280.61223 -860.50774 45889.23 -59557.4 5337.06 -64894.5 25260.211
8.63 269.98976 -415.51302 45595.35 -59885.7 5135.03 -65020.8 25198.916
8.64 285.25007 -43.471418 45772.822 -59372.3 5425.27 -64797.6 25304.182
8.65 268.17384 -183.92154 45655.323 -59963.6 5100.49 -65064.1 25250.421
8.66 264.56578 -315.16665 45520.449 -59974.2 5031.87 -65006.1 25222.042
8.67 284.62187 282.06682 45299.706 -59736.2 5413.32 -65149.5 25111.706
8.68 278.66766 -8.3384022 45684.34 -59728.4 5300.08 -65028.5 25281.934
8.69 277.02251 70.916744 45234.509 -59938.8 5268.79 -65207.6 25119.02
8.7 263.10327 -851.57363 45666.566 -60140.8 5004.05 -65144.8 25327.794
8.71 271.09853 838.62773 45160.165 -59940.5 5156.12 -65096.7 25162.367
8.72 281.63886 -518.43866 45645.843 -59573.8 5356.59 -64930.4 25352.01
8.73 265.38042 129.64146 45616.986 -60220.2 5047.36 -65267.6 25371.362
8.74 271.72963 249.61128 45547.176 -59718.7 5168.12 -64886.8 25393.638
8.75 279.13339 -414.58127 45728.838 -59642.5 5308.94 -64951.4 25509.479
8.76 282.75282 303.48248 45207.569 -59599.3 5377.78 -64977.1 25331.979
8.77 268.34684 1074.8332 45051.27 -59740.9 5103.78 -64844.7 25290.071
8.78 281.8641 -249.29896 46003.125 -59649.5 5360.87 -65010.3 25694.414
8.79 282.03951 -826.37361 45988.616 -59596.1 5364.21 -64960.3 25792.52
8.8 275.71858 -498.97271 45597.781 -59974.1 5243.99 -65218.1 25657.318
8.81 279.12721 -1.5531475 45852.129 -59799 5308.82 -65107.9 25775.489
8.82 281.04709 -311.77797 45581.978 -59664.1 5345.33 -65009.4 25705.961
8.83 277.95394 499.25298 45600.503 -60047.5 5286.5 -65334 25744.797
8.84 272.56169 -80.517405 45459.213 -59636.7 5183.95 -64820.6 25749.274
8.85 270.57898 538.68107 45507.603 -59883.8 5146.24 -65030.1 25817.833
8.86 284.1532 814.59187 45381.996 -59641.8 5404.41 -65046.2 25816.354
8.87 273.7555 657.38328 45347.92 -59885.7 5206.65 -65092.3 25859.455
8.88 274.911 3.7575052 45369.379 -60183.8 5228.63 -65412.4 25889.632
8.89 271.15679 1177.2433 45157.77 -60011.5 5157.23 -65168.7 25821.07
8.9 275.68105 -219.55003 45596.574 -59614.7 5243.28 -64858 26022.295
8.91 285.65431 -284.85772 45543.361 -59718.9 5432.96 -65151.8 26014.032
8.92 276.16271 -175.87934 45505.224 -59817.2 5252.44 -65069.6 26009.852
8.93 284.02592 -493.06373 45883.482 -59687 5401.99 -65089 26172.086
8.94 270.79765 -147.25172 45853.872 -59902.7 5150.4 -65053.1 26212.821
8.95 276.39421 19.886667 45839.749 -59672.6 5256.84 -64929.4 26223.662
8.96 271.10897 -234.30212 45998.944 -59963.1 5156.32 -65119.5 26333.988
8.97 272.7228 -217.95753 45564.159 -59914.8 5187.01 -65101.8 26218.727
8.98 265.81707 -59.297357 45555.311 -60002.2 5055.67 -65057.9 26282.301
8.99 276.38325 -363.81247 45754.55 -60051.7 5256.63 -65308.3 26372.041
9 271.8648 -671.56732 45530.667 -60165 5170.69 -65335.7 26313.238
9.01 273.94842 -541.24269 45831.371 -59634.3 5210.32 -64844.6 26450.847
9.02 284.07103 250.84272 45457.755 -59601.2 5402.85 -65004.1 26335.165
9.03 264.65854 377.40835 45472.146 -59969 5033.64 -65002.6 26361.246
9.04 281.58922 -366.40046 45914.61 -59515.4 5355.65 -64871 26542.853
9.05 277.00562 243.94785 45654.613 -59776.4 5268.47 -65044.8 26467.475
9.06 277.78212 7.038786 45486.558 -59908.5 5283.24 -65191.7 26372.557
9.07 285.43024 -517.6874 45817.922 -59541.5 5428.7 -64970.2 26541.609
9.08 270.84335 -352.23171 45754.295 -59853.1 5151.27 -65004.4 26487.873
9.09 270.17493 183.14461 45273.231 -59999.6 5138.55 -65138.1 26328.532
9.1 286.43672 -817.85595 45940.757 -59574 5447.84 -65021.9 26597.545
9.11 275.07425 -558.79743 45680.338 -59872.8 5231.74 -65104.5 26580.756
9.12 276.13989 41.441628 46031.409 -59846.7 5252 -65098.7 26740.757
9.13 271.93735 -368.8956 45683.905 -59711.7 5172.07 -64883.8 26658.562
9.14 271.31555 102.93785 45411.851 -59929.7 5160.25 -65089.9 26557.162
9.15 280.59102 -172.66735 45512.528 -59735.6 5336.66 -65072.2 26623.993
9.16 278.748 278.64801 45533.758 -59702.2 5301.61 -65003.8 26624.829
9.17 278.75247 346.27328 45579.474 -59287.5 5301.69 -64589.2 26705.604
9.18 282.22162 -374.09228 45780.154 -59614.7 5367.67 -64982.3 26798.665
9.19 265.16765 -380.26944 45826.264 -59806.4 5043.32 -64849.7 26840.431
9.2 275.49835 -538.89522 45950.724 -59553.3 5239.8 -64793.1 26906.243
9.21 269.43391 525.40816 45714.098 -59794.5 5124.46 -64918.9 26846.269
9.22 278.5654 249.25232 45455.893 -59610.3 5298.13 -64908.5 26777.908
9.23 273.21075 -118.65632 45847.286 -59824.3 5196.29 -65020.5 26944.367
9.24 268.24032 -532.56437 45559.521 -60113.7 5101.76 -65215.5 26811.773
9.25 273.89314 492.98333 45238.845 -59934.2 5209.27 -65143.5 26734.905
9.26 266.65642 -236.21504 45705.679 -59787.7 5071.63 -64859.3 26934.544
9.27 274.2367 423.5564 45340.202 -59629.5 5215.81 -64845.3 26830.768
9.28 278.13467 31.822042 45493.217 -59872.1 5289.94 -65162.1 26937.995
9.29 273.49446 174.65881 45381.093 -60015.5 5201.69 -65217.2 26905.964
9.3 263.52427 1142.5143 45529.764 -59854.9 5012.06 -64867 27001.977
9.31 269.27968 338.61702 45588.005 -59831.1 5121.53 -64952.6 27086.099
9.32 278.82474 -159.77329 45656.443 -59747.1 5303.07 -65050.1 27116.602
9.33 267.696 174.696 45053.99 -59945.5 5091.41 -65037 26872.711
9.34 270.46793 151.97414 45534.621 -59684.1 5144.13 -64828.2 27090.432
9.35 270.63316 -511.60521 45934.988 -59660.3 5147.27 -64807.6 27277.298
9.36 276.30638 634.06198 45356.24 -60095.5 5255.17 -65350.7 27081.418
9.37 296.93116 657.84365 45380.132 -59395.1 5647.44 -65042.5 27121.664
9.38 273.607 -419.76757 46132.045 -59808.4 5203.83 -65012.2 27405.289
9.39 270.5319 67.200261 45627.433 -59852.8 5145.34 -64998.2 27219.413
9.4 279.61261 96.439844 45623.357 -59707.1 5318.05 -65025.2 27235.54
9.41 271.90248 -230.21853 45593.707 -60014.3 5171.41 -65185.7 27242.863
9.42 276.20602 -720.62258 46005.262 -59903.6 5253.26 -65156.9 27406.935
9.43 270.89073 667.9872 45316.402 -60002.9 5152.17 -65155 27115.131
9.44 274.72555 -138.98417 45721.466 -59853 5225.1 -65078.1 27278.249
9.45 266.92368 -120.52315 45937.526 -59748.2 5076.72 -64824.9 27405.99
9.46 271.6125 -194.62546 45488.635 -60216.4 5165.89 -65382.3 27231.918
9.47 278.70167 -465.56286 45705.372 -59877.1 5300.73 -65177.8 27355.419
9.48 283.18819 -363.00209 45803.783 -59592.8 5386.06 -64978.9 27432.961
9.49 270.08177 204.90559 45501.714 -60049.2 5136.78 -65185.9 27378.427
9.5 279.07821 -85.514184 45607.299 -59499.6 5307.89 -64807.5 27426.014
9.51 263.06384 72.235538 45509.757 -60183.5 5003.31 -65186.8 27400.158
9.52 275.76809 -14.864046 45483.345 -59825.4 5244.93 -65070.3 27373.003
9.53 275.70752 356.55768 45601.556 -59729 5243.78 -64972.8 27360.553
9.54 278.33907 331.01757 45373.384 -59770.3 5293.83 -65064.1 27306.079
9.55 282.37814 562.89075 45391.157 -59884.3 5370.65 -65255 27366.847
9.56 279.96621 -541.36115 45996.833 -59843.3 5324.78 -65168 27640.505
9.57 275.4801 107.19559 45258.477 -59848.1 5239.45 -65087.5 27341.589
9.58 271.52146 -360.5371 45802.391 -59872.3 5164.16 -65036.5 27548.728
9.59 278.66969 -14.250618 45348.382 -59623.9 5300.12 -64924 27360.384
9.6 277.38057 362.0523 45198.246 -59995.5 5275.6 -65271.1 27319.791
9.61 263.33395 -344.6882 45784.079 -59857.6 5008.44 -64866 27581.932
9.62 272.53614 769.85381 45796.136 -59780.1 5183.46 -64963.6 27631.864
9.63 267.21992 -549.39849 45586.558 -60011.5 5082.35 -65093.9 27572.262
9.64 263.71684 343.13573 45691.527 -59868.9 5015.72 -64884.7 27620.409
9.65 269.29598 80.843479 45575.037 -59865.2 5121.84 -64987 27562.236
9.66 274.09354 -910.88691 45939.667 -59666.7 5213.08 -64879.8 27735.904
9.67 275.46024 -542.49463 45758.014 -59741.9 5239.08 -64981 27650.945
9.68 272.78013 -385.11776 45813.749 -60074.6 5188.1 -65262.7 27712.59
9.69 278.26211 651.30049 45267.629 -59904.6 5292.37 -65196.9 27514.454
9.7 280.03473 -130.14214 45480.944 -59753.1 5326.08 -65079.2 27617.205
9.71 268.20426 313.59631 45669.39 -59887.8 5101.07 -64988.8 27784.533
9.72 280.22164 -119.93105 45745.459 -59935.9 5329.64 -65265.6 27852.164
9.73 268.75869 13.673521 45604.172 -60118.9 5111.62 -65230.6 27774.94
9.74 274.39299 -717.75402 45735.697 -59706.7 5218.78 -64925.5 27888.015
9.75 278.83032 155.23792 45628.756 -59576.7 5303.17 -64879.9 27869.538
9.76 273.36229 -310.55105 45680.102 -59730.1 5199.17 -64929.3 27938.386
9.77 276.22757 -122.98576 45616.63 -60152.9 5253.67 -65406.5 27952.083
9.78 267.65999 415.02369 45669.409 -59926.6 5090.72 -65017.3 27961.578
9.79 279.92209 -218.61008 45539.323 -59827.5 5323.94 -65151.5 27938.817
9.8 265.30772 -329.25681 45811.838 -60117.4 5045.98 -65163.4 28073.466
9.81 271.94162 -770.83296 45911.958 -60080.3 5172.15 -65252.4 28139.985
9.82 272.34584 -246.36188 45468.935 -59785.4 5179.84 -64965.2 27981.531
9.83 275.18519 162.80874 45500.512 -59621 5233.85 -64854.9 28015.618
9.84 263.27371 136.86766 45631.606 -60159.3 5007.3 -65166.6 28092.017
9.85 274.12187 9.145813 45564.654 -59844.6 5213.62 -65058.2 28112.386
9.86 276.51627 286.39692 45360.347 -60003.4 5259.16 -65262.6 28017.983
9.87 278.86724 79.680815 45582.51 -59604.5 5303.88 -64908.4 28075.997
9.88 273.70093 -190.98569 45394.885 -60217.2 5205.62 -65422.8 28041.763
9.89 266.85708 360.43039 45379.809 -59904.7 5075.45 -64980.2 28079.621
9.9 277.19378 11.179078 45614.509 -59573.1 5272.05 -64845.2 28244.043
9.91 267.68146 391.98771 45320.54 -59871.4 5091.13 -64962.5 28150.851
9.92 274.29317 352.31182 45495.879 -60124.2 5216.88 -65341.1 28256.273
9.93 269.42446 -375.48087 45800.703 -59839.7 5124.28 -64964 28388.215
9.94 273.38574 70.706955 45503.045 -60155.2 5199.62 -65354.8 28276.056
9.95 272.16294 -422.21512 45423.568 -59744.5 5176.36 -64920.8 28264.717
9.96 277.25403 326.59707 45664.552 -59899.1 5273.19 -65172.3 28377.845
9.97 272.34185 -382.81506 45327.968 -59936.1 5179.77 -65115.9 28257.519
9.98 271.50931 218.94697 45513.783 -59435.5 5163.93 -64599.4 28357.724
