0 269.50989 -66.087751 46525.495 -63802.6 5149.43 -68952.1 10.091548
0.01 271.29677 490.34035 46239.4 -63989.7 5183.57 -69173.3 21.835177
0.02 267.59074 -630.20743 46905.447 -64179.1 5112.76 -69291.8 30.844105
0.03 265.73382 -551.37233 46819.202 -64218.2 5077.29 -69295.5 38.110762
0.04 270.18803 771.32144 46287.771 -64289.1 5162.39 -69451.4 47.336696
0.05 280.56383 -81.117818 46550.622 -63966.1 5360.64 -69326.7 55.596671
0.06 258.45193 278.31504 46325.013 -64430.4 4938.15 -69368.6 63.37658
0.07 272.21809 -223.73043 46558.675 -64198.2 5201.18 -69399.4 70.29856
0.08 273.16023 427.30343 46510.195 -64104.9 5219.18 -69324.1 77.833433
0.09 265.19878 -42.044975 46492.448 -64394.6 5067.06 -69461.6 84.763687
0.1 265.02631 7.0722231 46662.466 -64458.9 5063.77 -69522.7 88.799035
0.11 272.50158 342.79076 46394.376 -64250.8 5206.59 -69457.4 95.650113
0.12 268.16127 119.86011 46568.096 -64024.2 5123.67 -69147.8 102.85418
0.13 274.13007 46.040616 46794.439 -63975.6 5237.71 -69213.3 111.13427
0.14 260.69372 -256.62815 46584.996 -64323.1 4980.99 -69304.1 117.75969
0.15 269.71558 -256.12805 46497.981 -64133.2 5153.36 -69286.6 125.95663
0.16 278.8795 446.25598 46403.462 -63962.3 5328.46 -69290.7 135.41508
0.17 273.3887 -116.45295 46628.544 -64262.2 5223.54 -69485.7 142.18526
0.18 266.76473 220.40528 46238.445 -64412.5 5096.98 -69509.5 148.60883
0.19 278.44405 386.68764 46505.109 -64382.9 5320.14 -69703.1 156.8939
0.2 276.80657 -6.6936877 46599.221 -64177.8 5288.85 -69466.6 167.71189
0.21 261.4854 711.33392 46319.886 -64546.1 4996.11 -69542.2 175.26225
0.22 267.09219 -459.06165 46650.8 -64194.4 5103.24 -69297.6 180.7929
0.23 274.57384 -4.830594 46747.667 -64329 5246.19 -69575.2 189.11617
0.24 268.48204 -253.553 46458.777 -64111 5129.79 -69240.8 194.30846
0.25 277.80781 170.78582 46645.353 -63746.4 5307.98 -69054.4 200.35797
0.26 258.96573 254.59794 46247.303 -64209.6 4947.97 -69157.5 207.60904
0.27 269.58131 44.952304 46334.675 -63866.5 5150.8 -69017.3 214.67746
0.28 257.05511 -845.25334 46922.047 -64032.5 4911.46 -68943.9 223.00714
0.29 275.84779 283.14518 46463.881 -63483.9 5270.53 -68754.4 231.6732
0.3 273.5552 70.762481 46430.068 -63800 5226.73 -69026.7 240.44168
0.31 265.89553 -225.16643 46496.352 -64237.6 5080.38 -69317.9 249.88557
0.32 266.47896 285.94478 46197.698 -63818.4 5091.52 -68909.9 258.46625
0.33 264.17501 560.07672 46076.504 -64538.9 5047.5 -69586.4 271.97954
0.34 268.68611 38.815773 46466.185 -64470.1 5133.69 -69603.8 278.6397
0.35 270.38735 -259.91608 46567.123 -64221.2 5166.2 -69387.4 286.71465
0.36 267.2863 -521.72266 46925.767 -64048.7 5106.95 -69155.7 294.27931
0.37 268.64039 -707.62488 46737.91 -64095.9 5132.82 -69228.7 306.146
0.38 274.05576 886.56882 46094.906 -64048.1 5236.29 -69284.4 308.94657
0.39 262.41678 -457.31712 46711.19 -64396.1 5013.91 -69410 319.53246
0.4 274.09594 408.43827 46303.418 -64169.4 5237.06 -69406.4 324.11094
0.41 268.23242 -531.4608 46722.191 -64363.7 5125.03 -69488.7 331.74823
0.42 267.57488 58.677906 46609.556 -64369.5 5112.46 -69481.9 337.45547
0.43 284.34676 -250.2116 46621.297 -64053.2 5432.92 -69486.2 344.68111
0.44 268.89079 -61.645085 46465.413 -64437.5 5137.6 -69575.1 352.91319
0.45 259.654 -520.08372 46593.38 -64682.7 4961.12 -69643.8 358.41573
0.46 265.51487 -274.36727 46663.239 -64706.8 5073.1 -69779.9 367.94308
0.47 267.23767 -22.339366 46757.101 -64441 5106.02 -69547 376.52924
0.48 265.62488 -259.60842 46740.553 -64512.6 5075.2 -69587.8 383.96968
0.49 262.97862 161.93964 46545.206 -64841.8 5024.64 -69866.4 390.74618
0.5 266.67347 -54.5425 46643.283 -64545.2 5095.24 -69640.4 393.72423
0.51 266.28222 -278.02581 46809.921 -64779.9 5087.76 -69867.7 401.03311
0.52 272.24931 193.92147 46628.241 -65044.5 5201.77 -70246.2 408.02257
0.53 266.2849 168.7926 46555.13 -64761.6 5087.81 -69849.4 417.68151
0.54 263.77039 -155.44487 46604.068 -64580.1 5039.77 -69619.9 425.61651
0.55 273.78402 59.197974 46556.942 -64755.6 5231.1 -69986.7 431.07638
0.56 260.86931 -358.43573 46722.673 -64775.3 4984.34 -69759.7 439.09346
0.57 270.35509 -56.65221 46764.552 -64911.9 5165.58 -70077.5 446.79357
0.58 263.97375 -264.46865 46741.169 -65047.3 5043.66 -70090.9 452.02441
0.59 258.86615 207.05597 46520.552 -65335.7 4946.07 -70281.7 455.02871
0.6 279.7692 -249.37309 46823.246 -64935.2 5345.45 -70280.7 462.47951
0.61 264.81521 516.55423 46480.897 -65119.9 5059.73 -70179.6 466.80479
0.62 271.89422 327.33382 46472.437 -64905.3 5194.99 -70100.3 469.42947
0.63 266.35285 -683.84805 47165.051 -65287.8 5089.11 -70376.9 473.98423
0.64 273.99795 -157.05231 46764.839 -65117.6 5235.19 -70352.8 472.0686
0.65 267.63925 619.38799 46326.481 -65364.5 5113.69 -70478.2 472.84596
0.66 276.19037 468.74018 46463.072 -65044.5 5277.08 -70321.6 477.55618
0.67 270.49796 -100.49912 46766.574 -65395.8 5168.31 -70564.2 481.59469
0.68 270.97512 -404.72948 46971.597 -65118.2 5177.43 -70295.7 487.79983
0.69 256.71739 -580.49184 47117.851 -65910.9 4905.01 -70815.9 493.96986
0.7 267.3263 -183.66701 46970.014 -65253.7 5107.71 -70361.4 491.16924
0.71 254.54267 -336.8926 46981.103 -65629 4863.46 -70492.5 492.77657
0.72 272.35497 385.09718 46412.611 -65391.3 5203.79 -70595 495.65644
0.73 268.5769 -441.15398 46986.341 -65373.7 5131.61 -70505.4 499.47591
0.74 261.273 -527.9401 46980.576 -65768.9 4992.05 -70760.9 502.40235
0.75 276.2872 -48.841644 46886.917 -65314.1 5278.93 -70593 504.69122
0.76 270.29821 219.7112 46600.308 -65137.4 5164.5 -70301.9 509.17977
0.77 263.08745 -62.514542 46695.763 -65106.7 5026.72 -70133.4 515.1225
0.78 274.45437 -227.98197 46875.095 -64714.5 5243.91 -69958.4 517.49419
0.79 262.7305 -380.87331 46843.252 -64625.2 5019.9 -69645.1 518.21099
0.8 266.26303 -89.508992 46604.802 -64770.5 5087.4 -69857.9 519.91198
0.81 272.69421 492.06731 46474.905 -64584.1 5210.27 -69794.3 521.03197
0.82 268.34466 -78.389258 46808.375 -64928.8 5127.17 -70056 530.85665
0.83 272.64652 -213.58015 46804.789 -64734.6 5209.36 -69943.9 540.1461
0.84 267.0492 -1.4985172 46805.78 -65185.3 5102.42 -70287.7 546.78501
0.85 277.54859 355.36354 46400.24 -64684 5303.03 -69987 550.26617
0.86 272.83566 223.02471 46515.046 -64587.8 5212.98 -69800.8 555.80667
0.87 267.64721 -2.0561539 46637.581 -64774.8 5113.84 -69888.6 564.2628
0.88 265.49551 -181.55928 46655.437 -64832.8 5072.73 -69905.6 569.1586
0.89 274.34805 528.71617 46260.816 -64702.1 5241.87 -69944 571.57694
0.9 271.79177 106.38286 46870.763 -64483 5193.03 -69676 580.91671
0.91 263.30761 -256.50422 46624.456 -64810.7 5030.93 -69841.6 579.63181
0.92 276.36018 204.40332 46448.513 -64439.4 5280.32 -69719.7 586.66384
0.93 256.86335 134.78985 46622.081 -65071.3 4907.8 -69979.1 591.8509
0.94 264.8225 -467.97601 46689.501 -64652.6 5059.87 -69712.5 593.59483
0.95 269.1144 308.62112 46546.583 -64867.9 5141.88 -70009.8 597.12439
0.96 269.42022 -392.73986 46708.906 -64596.5 5147.72 -69744.2 600.61455
0.97 260.79135 -26.556081 46569.27 -64933.5 4982.85 -69916.3 604.98275
0.98 273.70772 -35.01475 46610.527 -64878.4 5229.64 -70108.1 610.79331
0.99 268.57065 -308.11582 46909.586 -65097 5131.49 -70228.5 615.61442
1 272.0955 327.52326 46614.493 -64850 5198.84 -70048.9 619.78602
1.01 264.03326 -40.283014 46632.305 -65316.5 5044.79 -70361.3 619.60374
1.02 258.40677 -231.07574 46882.054 -65551.8 4937.29 -70489.1 629.86959
1.03 270.63302 -138.12081 46680.139 -65362.3 5170.89 -70533.2 628.85947
1.04 269.64607 -610.66684 47025.718 -65571.5 5152.04 -70723.6 636.548
1.05 273.06742 143.56646 46685.888 -65265.1 5217.41 -70482.5 637.44021
1.06 270.73562 594.17249 46529.684 -65773 5172.85 -70945.8 638.41892
1.07 268.10564 -173.17382 46763.543 -65873.7 5122.6 -70996.3 643.10702
1.08 270.15136 51.852525 46580.78 -65687 5161.69 -70848.7 641.71895
1.09 275.80892 -399.75606 47051.352 -65871.9 5269.79 -71141.7 648.47232
1.1 273.00746 -188.78514 46860.859 -66386.2 5216.26 -71602.4 645.87691
1.11 265.11667 -271.89164 46892.573 -66222.5 5065.49 -71288 649.47001
1.12 267.1548 328.2223 46687.968 -66570.1 5104.44 -71674.6 650.30892
1.13 275.94739 -729.22547 47299.112 -66531.4 5272.43 -71803.8 655.06287
1.14 264.75108 -213.97149 47015.791 -66405.6 5058.51 -71464.1 652.9949
1.15 261.45161 -250.21786 46974.267 -66381.5 4995.47 -71377 653.53189
1.16 275.68119 45.549753 46891.037 -66302.9 5267.35 -71570.2 655.54294
1.17 266.8249 -106.04693 46831.247 -66355.1 5098.13 -71453.3 658.55629
1.18 265.41368 -857.16634 47448.855 -66190.6 5071.17 -71261.8 667.0709
1.19 273.44616 200.88058 46762.242 -65907.3 5224.64 -71131.9 662.11122
1.2 270.13332 543.04902 46456.937 -66361.8 5161.35 -71523.2 661.2048
1.21 271.74991 -56.860885 46791.175 -66107.8 5192.23 -71300 662.184
1.22 260.17075 555.28761 46440.248 -66321.1 4970.99 -71292.1 661.3715
1.23 262.87634 -604.95624 47117.842 -66124.8 5022.69 -71147.5 669.38098
1.24 272.90942 -169.64555 46951.329 -65683.2 5214.39 -70897.6 669.55648
1.25 270.24531 -581.44845 47089.864 -65945.4 5163.48 -71108.9 670.14551
1.26 272.62559 -156.25392 46711.112 -66086.1 5208.96 -71295.1 669.4835
1.27 274.44109 520.97489 46645.864 -66200.2 5243.65 -71443.9 674.04864
1.28 264.27476 -449.02124 47052.152 -66235.2 5049.41 -71284.6 680.89841
1.29 271.52857 -270.70716 46839.254 -66023 5188 -71211 679.95544
1.3 251.49629 259.78322 46817.789 -66251 4805.25 -71056.2 680.92031
1.31 264.78968 183.88136 46540.288 -65717.6 5059.25 -70776.8 682.08889
1.32 274.23292 -641.9369 47063.253 -65435.8 5239.67 -70675.5 691.52353
1.33 272.30193 -378.91904 47123.208 -66061.8 5202.78 -71264.6 694.79059
1.34 258.77432 -588.74305 46995.581 -66456.3 4944.31 -71400.6 697.45846
1.35 263.06242 185.92467 46684.568 -66374.9 5026.24 -71401.1 699.44403
1.36 270.16245 551.26441 46559.929 -66077.5 5161.9 -71239.4 702.01994
1.37 265.08288 -58.364801 46957.591 -66371.7 5064.85 -71436.5 708.76494
1.38 261.4705 203.54861 46794.806 -66709.5 4995.83 -71705.3 708.60496
1.39 270.12976 753.8307 46472.762 -66350.1 5161.28 -71511.4 707.92572
1.4 258.78861 -452.33762 46976.031 -66572.5 4944.59 -71517.1 713.29052
1.41 277.22094 685.05451 46465.988 -66283 5296.77 -71579.8 710.79695
1.42 267.01406 455.1649 46669.701 -66289.1 5101.75 -71390.9 714.94215
1.43 270.94365 164.86043 46633.38 -65964 5176.83 -71140.8 712.91482
1.44 261.9382 -524.81401 47065.818 -66288.3 5004.76 -71293.1 721.04327
1.45 273.5396 -38.745181 46847.982 -66294.5 5226.43 -71520.9 720.28271
1.46 272.68545 96.870699 46698.673 -65881.7 5210.11 -71091.8 716.5731
1.47 279.97505 -733.72371 47250.534 -66470.1 5349.39 -71819.5 724.76908
1.48 275.62694 532.40035 46561.356 -66091.8 5266.31 -71358.1 718.43555
1.49 273.20912 247.50998 46718.247 -66470.8 5220.11 -71690.9 722.48925
1.5 257.20787 251.98348 46788.011 -66835.8 4914.38 -71750.2 725.15803
1.51 268.40405 -101.03379 46964.832 -66276.8 5128.3 -71405.1 728.07965
1.52 252.8985 -149.60992 46797.948 -66937 4832.05 -71769.1 723.05453
1.53 262.70581 117.95559 46978.851 -66449.4 5019.43 -71468.8 727.92091
1.54 267.8206 -462.4839 47009.548 -66609.8 5117.16 -71726.9 726.40969
1.55 272.93546 315.66357 46539.49 -66448.6 5214.88 -71663.5 722.84805
1.56 279.11419 114.92702 46717.476 -66234.9 5332.94 -71567.8 724.53965
1.57 269.78199 -91.656684 46836.485 -66488.5 5154.63 -71643.2 731.14975
1.58 276.26266 276.13455 46754.698 -65981 5278.46 -71259.4 731.88242
1.59 268.67396 102.56186 46778.439 -66441.5 5133.46 -71574.9 733.90107
1.6 266.58818 -147.4011 47024.306 -66175 5093.61 -71268.6 736.68719
1.61 265.48004 146.75047 46667.173 -66516.8 5072.44 -71589.2 736.82324
1.62 266.01258 -205.19412 47050.278 -66251.1 5082.61 -71333.8 743.13894
1.63 269.42645 -415.08342 47062.847 -66430.1 5147.84 -71578 744.94763
1.64 265.58157 -477.84773 47266.015 -65990.8 5074.38 -71065.2 750.06714
1.65 268.94424 385.72705 46476.498 -66170.4 5138.63 -71309.1 741.08164
1.66 272.46206 41.438207 46651.069 -65812.6 5205.84 -71018.5 746.68913
1.67 259.11855 -279.73197 46980.161 -66350.2 4950.89 -71301.1 750.73457
1.68 269.22478 -11.375723 46739.587 -66245.6 5143.99 -71389.6 751.57129
1.69 266.3928 -544.33553 47096.146 -66066.9 5089.88 -71156.8 757.89605
1.7 264.04702 236.12355 46804.328 -66290 5045.06 -71335 755.79088
1.71 278.28908 3.8246793 46937.996 -65884.6 5317.17 -71201.8 759.71982
1.72 268.82414 -250.80325 46876.164 -65943.8 5136.33 -71080.2 762.67462
1.73 276.32864 547.20523 46580.018 -66020.8 5279.72 -71300.5 764.55519
1.74 270.97525 290.696 46581.431 -66351.9 5177.43 -71529.3 765.87813
1.75 271.59716 112.57927 46706.856 -66354.7 5189.31 -71544 768.09185
1.76 273.94807 8.2463938 46848.772 -66184.1 5234.23 -71418.3 770.96263
1.77 274.68587 -416.0406 46953.809 -66187.2 5248.33 -71435.5 771.79989
1.78 264.32906 -526.67234 47052.215 -66605.9 5050.44 -71656.4 771.99739
1.79 267.6178 -56.958097 46890.717 -66293.4 5113.28 -71406.7 773.31453
1.8 269.87774 -488.33031 46982.878 -65705.6 5156.46 -70862.1 778.33049
1.81 265.84455 -527.13106 46952.493 -65863.4 5079.4 -70942.8 779.06674
1.82 263.4161 330.2455 46557.74 -65906.2 5033 -70939.2 780.13917
1.83 261.53079 -133.04247 46840.634 -65872 4996.98 -70869 787.42365
1.84 266.02322 -143.90676 46739.841 -66087.6 5082.81 -71170.4 792.72513
1.85 262.93195 -175.95727 46730.723 -66325.7 5023.75 -71349.5 799.57986
1.86 271.60803 180.7293 46657.32 -66080.7 5189.52 -71270.2 797.76985
1.87 268.50212 -412.51192 46898.306 -66292.8 5130.18 -71422.9 802.00844
1.88 266.28938 -12.831629 46771.321 -66598.9 5087.9 -71686.8 803.90586
1.89 277.90834 644.89101 46409.758 -66161 5309.9 -71470.9 800.6964
1.9 264.09434 -2.3776608 46809.204 -66398.5 5045.96 -71444.4 808.14767
1.91 272.61272 -637.93725 47108.032 -66216.8 5208.72 -71425.5 808.02999
1.92 267.40303 532.71453 46564.578 -66366.5 5109.18 -71475.7 804.59395
1.93 273.48655 72.994765 46738.207 -66004.3 5225.41 -71229.7 808.50694
1.94 265.68055 -260.00786 46968.439 -66392.8 5076.27 -71469.1 812.54434
1.95 268.49257 448.19515 46691.351 -66829 5130 -71958.9 812.91071
1.96 264.67883 411.14501 46511.522 -66424.6 5057.13 -71481.8 814.39769
1.97 266.09618 364.30822 46704.792 -66373.4 5084.21 -71457.6 818.10673
1.98 265.39395 -461.47668 47110.079 -66630.4 5070.79 -71701.2 821.39054
1.99 268.88084 -235.27542 47005.659 -66232.4 5137.41 -71369.8 820.70797
2 264.53436 409.35567 46619.572 -66413.8 5054.37 -71468.2 814.47277
2.01 271.10752 -530.03336 46989.287 -66366.9 5179.96 -71546.8 823.982
2.02 269.14782 -389.0713 46984.334 -66714.3 5142.52 -71856.8 825.87512
2.03 262.07186 25.367988 46992.045 -66872.4 5007.32 -71879.7 826.76048
2.04 266.74085 291.74219 46567.121 -66482.2 5096.53 -71578.8 824.64341
2.05 263.1621 -474.83923 47091.79 -66898.8 5028.15 -71927 834.21371
2.06 270.31894 -180.01417 46964.254 -66591.9 5164.89 -71756.8 834.00521
2.07 274.18604 -407.11912 47008.817 -66769.4 5238.78 -72008.2 834.36847
2.08 265.73197 -107.85901 46856.848 -66852 5077.25 -71929.2 833.717
2.09 270.19209 183.55765 46804.194 -66665.8 5162.47 -71828.3 834.34717
2.1 273.18378 412.97143 46689.352 -66261.5 5219.63 -71481.1 833.73177
2.11 276.83622 105.00031 46843.696 -66476.2 5289.42 -71765.6 836.93691
2.12 260.2429 -22.937019 46938.576 -66672.2 4972.37 -71644.6 840.2998
2.13 273.88333 -286.19053 46956.147 -66301.5 5233 -71534.5 842.37551
2.14 267.08655 123.99538 46781.8 -66632 5103.13 -71735.1 840.90532
2.15 270.34015 141.65948 46843.504 -66422.6 5165.3 -71587.9 844.4769
2.16 270.2678 131.06485 46820.132 -66404.7 5163.91 -71568.6 845.67298
2.17 274.37692 -592.08969 47086.312 -66619.5 5242.43 -71861.9 849.47465
2.18 270.01368 88.910652 46816.833 -66573 5159.06 -71732.1 848.14234
2.19 269.27867 -143.59477 46921.196 -66488.7 5145.02 -71633.7 854.04414
2.2 273.57761 -419.04021 47042.301 -66671.8 5227.15 -71898.9 852.85367
2.21 269.31945 47.735322 46809.232 -66280.4 5145.79 -71426.2 849.21769
2.22 270.87038 -686.59195 47315.275 -66409.5 5175.43 -71584.9 853.95341
2.23 273.31629 -809.73193 47538.409 -66703.8 5222.16 -71925.9 856.46202
2.24 268.47617 66.630064 47038.524 -66761.8 5129.68 -71891.5 852.89024
2.25 275.36788 61.540883 46830.33 -66916.9 5261.36 -72178.3 851.13029
2.26 265.68514 956.34595 46382.842 -66763.2 5076.36 -71839.5 843.212
2.27 268.13638 26.705574 46741.729 -66658.9 5123.19 -71782 850.13617
2.28 269.18801 407.5099 46594.396 -66448.3 5143.28 -71591.5 850.20702
2.29 258.61381 -198.86703 46777.078 -66619.2 4941.25 -71560.5 857.43274
2.3 271.56135 -347.66653 46912.432 -66263 5188.63 -71451.6 856.86197
2.31 270.30388 -520.91136 47206.675 -66562.4 5164.6 -71727 865.18936
2.32 270.29071 242.33607 46849.85 -66635 5164.35 -71799.4 862.84698
2.33 259.69617 411.66709 46563.534 -66965.5 4961.93 -71927.4 859.97152
2.34 279.1585 -502.56188 47113.074 -66547.1 5333.79 -71880.9 865.96365
2.35 265.41668 -658.38006 47240.958 -66872.8 5071.23 -71944 864.99157
2.36 270.99872 527.83604 46555.183 -67087.4 5177.88 -72265.3 857.50291
2.37 267.90799 120.78593 46737.421 -66635 5118.83 -71753.8 859.92464
2.38 266.23179 -279.90699 47114.586 -66895 5086.8 -71981.8 868.02029
2.39 267.96422 -275.20622 47107.674 -66698.6 5119.9 -71818.5 867.03248
2.4 260.70424 -378.14494 47119.795 -66813.5 4981.19 -71794.7 869.11992
2.41 266.73359 -14.46986 46989.577 -66372.8 5096.39 -71469.2 871.46832
2.42 266.82772 -665.45904 47345.543 -66564.4 5098.19 -71662.6 877.30172
2.43 271.98774 152.83041 46696.281 -66336.6 5196.78 -71533.4 870.56007
2.44 274.36881 -453.36024 47095.023 -66188.4 5242.27 -71430.7 875.25842
2.45 272.81978 207.75756 46623.941 -66377 5212.67 -71589.7 871.07401
2.46 268.49112 -32.906433 46703.439 -66531.6 5129.97 -71661.5 874.49696
2.47 276.36953 -291.00853 47021.12 -66038.3 5280.5 -71318.8 882.81837
2.48 272.96675 -551.3098 47165.335 -66373 5215.48 -71588.5 886.55567
2.49 268.0115 -13.376257 46885.411 -66449.1 5120.8 -71569.9 890.11102
2.5 269.50767 -270.71647 47012.937 -66429.6 5149.39 -71579 887.78576
2.51 272.54676 -118.88037 46983.745 -66282.6 5207.46 -71490 891.01051
2.52 266.27538 161.20036 46746.211 -66755.9 5087.63 -71843.5 889.57491
2.53 269.95859 -367.84813 46959.93 -66568.2 5158.01 -71726.3 897.02685
2.54 266.26704 -221.7565 46828.537 -66797.1 5087.47 -71884.5 894.292
2.55 270.2206 -177.78017 47059.215 -66530 5163.01 -71693.1 898.93753
2.56 258.02296 -463.34941 47133.556 -66808.8 4929.96 -71738.8 900.75357
2.57 270.82017 332.62004 46799.485 -66594.1 5174.47 -71768.6 897.95054
2.58 276.77767 -524.17912 47125.013 -66260.1 5288.3 -71548.4 903.01565
2.59 265.87768 -9.0945221 46705.53 -66623.8 5080.03 -71703.8 898.25629
2.6 271.36721 456.13269 46600.267 -66681.5 5184.92 -71866.4 898.20333
2.61 276.60725 466.76934 46628.603 -66159.7 5285.04 -71444.7 898.14055
2.62 269.57865 195.86797 46603.96 -66388.7 5150.75 -71539.5 898.98949
2.63 273.14818 -218.73399 46911.69 -66179.3 5218.95 -71398.3 907.42322
2.64 271.72043 56.514927 46533.092 -66047.3 5191.67 -71238.9 903.1044
2.65 280.342 -100.05548 46650.479 -65592.8 5356.4 -70949.2 905.35067
2.66 272.13667 -98.566185 46603.142 -65784.9 5199.62 -70984.5 910.3986
2.67 278.69122 905.37511 46369.54 -65380.5 5324.86 -70705.3 913.70778
2.68 270.28433 -216.18738 47067.025 -65720.8 5164.23 -70885 928.73418
2.69 264.99207 -195.81528 46882.281 -66015.1 5063.11 -71078.2 930.50627
2.7 267.25664 -639.72 47035.147 -66067.5 5106.38 -71173.9 937.43715
2.71 274.26435 172.83968 46662.76 -65921.9 5240.28 -71162.2 935.52306
2.72 267.26861 -57.05277 46823.127 -66094.3 5106.61 -71200.9 939.16211
2.73 268.25063 459.20016 46474.26 -65874.4 5125.37 -70999.8 937.52891
2.74 268.54494 545.29868 46588.576 -66381.7 5131 -71512.7 940.74348
2.75 272.33071 -114.46336 46945.098 -66290.8 5203.33 -71494.2 947.57783
2.76 263.09937 197.57254 46759.226 -66697.1 5026.95 -71724 947.71172
2.77 272.53267 526.28523 46587.206 -66486.3 5207.19 -71693.5 948.50614
2.78 272.0456 -37.190873 46800.87 -66504.8 5197.88 -71702.7 955.54422
2.79 266.61194 -541.72157 47225.719 -66841.3 5094.06 -71935.4 964.95417
2.8 278.14006 -266.88145 47024.497 -66341.2 5314.33 -71655.6 959.94063
2.81 267.67384 581.58705 46618.936 -66091.3 5114.35 -71205.7 955.04591
2.82 270.37044 460.12959 46680.397 -66395.8 5165.88 -71561.7 956.43707
2.83 260.00657 -434.09056 47020.532 -66722.8 4967.86 -71690.6 964.33629
2.84 268.29331 -130.53886 46844.601 -66138.9 5126.19 -71265.1 960.09875
2.85 262.06318 -118.21561 46826.225 -66436.6 5007.15 -71443.8 959.00834
2.86 267.68679 550.14104 46625.83 -66364 5114.6 -71478.6 959.26609
2.87 271.41094 -687.92024 47177.489 -66028.9 5185.76 -71214.7 966.28216
2.88 274.30855 261.97661 46529.735 -66150.5 5241.12 -71391.6 961.34555
2.89 269.04293 -271.4451 46947.855 -66256.4 5140.51 -71396.9 964.68978
2.9 272.89474 -469.15568 47083.167 -65928.7 5214.11 -71142.8 967.00738
2.91 264.24903 -299.03354 47054.165 -66386 5048.92 -71434.9 973.86744
2.92 274.34541 -18.024125 46815.814 -65911.5 5241.82 -71153.3 972.54682
2.93 272.72822 476.21528 46561.543 -66339.8 5210.93 -71550.7 968.83169
2.94 262.28384 -297.78058 47018.316 -66768.2 5011.37 -71779.5 977.44623
2.95 269.14591 -307.96478 47051.527 -66458.2 5142.48 -71600.7 977.81589
2.96 269.54844 418.02388 46582.631 -66305.9 5150.17 -71456.1 974.87923
2.97 263.06036 -439.26747 47097.008 -66603.5 5026.2 -71629.7 980.542
2.98 266.06239 -538.3998 46995.186 -66376 5083.56 -71459.5 981.49774
2.99 266.62781 527.85935 46637.04 -66296.3 5094.37 -71390.6 978.53005
3 274.44869 247.78514 46746.731 -65835.5 5243.8 -71079.3 983.0715
3.01 271.79117 -122.99995 47083.562 -66386.3 5193.02 -71579.4 987.075
3.02 259.36441 -337.34856 46931.617 -66739.4 4955.59 -71695 987.28264
3.03 275.30509 1103.9575 46388.28 -66392.4 5260.16 -71652.5 980.42884
3.04 269.91076 43.899089 46860.724 -66497.8 5157.09 -71654.9 987.15269
3.05 262.50788 59.254806 46775.49 -66703 5015.65 -71718.7 987.29269
3.06 276.63073 -286.52657 47102.25 -66304.5 5285.49 -71590 990.25385
3.07 268.58456 -66.559569 46882.569 -66145.9 5131.75 -71277.7 986.73088
3.08 262.82628 -178.90338 46816.397 -66403.5 5021.73 -71425.2 984.65241
3.09 276.18335 -551.25113 47252.529 -65828.6 5276.94 -71105.6 989.85235
3.1 266.84075 658.54238 46260.719 -66099.4 5098.43 -71197.8 981.52269
3.11 266.82336 -551.48994 47047.617 -66116.2 5098.1 -71214.4 991.52894
3.12 267.44682 -212.63254 46819.273 -66210.5 5110.02 -71320.5 990.41583
3.13 263.94011 421.38211 46632.057 -66132.5 5043.01 -71175.6 987.4166
3.14 256.11561 -415.84301 46902.271 -66702.1 4893.51 -71595.6 993.11122
3.15 270.14305 94.970489 46807.552 -66366.2 5161.53 -71527.7 995.57565
3.16 269.89049 -314.47591 46876.901 -66687.9 5156.71 -71844.6 993.48351
3.17 264.92353 -24.923941 46885.046 -66307.6 5061.8 -71369.4 996.65857
3.18 275.7027 565.54711 46683.518 -66639.1 5267.76 -71906.8 995.1887
3.19 268.5845 329.15097 46596.485 -66760.8 5131.75 -71892.5 994.62589
3.2 278.87249 198.87783 46577.339 -66551.2 5328.32 -71879.5 997.67305
3.21 267.42337 -463.10674 47110.382 -66636.5 5109.57 -71746 1007.1942
3.22 261.82239 -867.35878 47309.277 -66644.1 5002.55 -71646.6 1010.9167
3.23 253.84649 -387.60676 47054.829 -66976.1 4850.16 -71826.3 1009.7668
3.24 270.7605 -406.14219 47149.367 -66393.6 5173.33 -71566.9 1010.0973
3.25 274.52365 229.52746 46740.931 -66523.9 5245.23 -71769.2 1004.6849
3.26 262.98989 -39.248335 46910.049 -66747.6 5024.86 -71772.5 1006.867
3.27 272.39545 46.857113 46735.686 -66467.9 5204.57 -71672.4 1003.7297
3.28 268.29846 -327.28824 46998.283 -66466.9 5126.29 -71593.2 1009.2303
3.29 274.40923 -437.06971 46993.506 -66220.1 5243.04 -71463.2 1011.1756
3.3 265.60599 -11.741367 46904.699 -66404.9 5074.84 -71479.7 1011.2251
3.31 270.57083 -224.94661 46905.501 -66395.1 5169.7 -71564.8 1014.8062
3.32 269.61703 17.214665 46696.292 -66833.4 5151.48 -71984.9 1016.9077
3.33 265.4466 57.237635 46800.991 -66605.8 5071.8 -71677.6 1016.7676
3.34 273.49306 -573.39434 47114.603 -66647.3 5225.54 -71872.9 1024.5492
3.35 277.59146 -229.02033 46847.79 -66169.7 5303.85 -71473.5 1021.8162
3.36 274.41769 430.76496 46533.584 -66383.4 5243.21 -71626.6 1016.9885
3.37 272.41408 -83.351949 47080.382 -66446.3 5204.92 -71651.2 1025.3897
3.38 266.93237 28.520462 46701.152 -66742.8 5100.19 -71842.9 1021.2725
3.39 274.07409 -420.97873 47029.386 -66433.2 5236.64 -71669.8 1028.8551
3.4 269.34003 224.66809 46714.119 -66627 5146.19 -71773.1 1025.511
3.41 267.67589 -249.04508 46968.638 -67028.6 5114.39 -72143 1026.4808
3.42 264.18068 -11.861084 47028.087 -66773.7 5047.61 -71821.3 1026.8497
3.43 260.9306 -393.09933 47063.13 -66818.5 4985.51 -71804.1 1028.1342
3.44 274.03466 153.70231 46836.316 -66439.2 5235.89 -71675 1025.818
3.45 265.97009 -132.73075 46814.101 -66827.7 5081.8 -71909.5 1027.57
3.46 278.64491 100.63122 46712.985 -66640.2 5323.97 -71964.2 1025.8052
3.47 270.34811 -298.55348 46890.49 -66673 5165.45 -71838.4 1026.7845
3.48 271.67774 699.46265 46459.126 -66851.1 5190.85 -72042 1023.0741
3.49 268.80964 -372.12656 47099.425 -66624.1 5136.05 -71760.1 1035.671
3.5 272.17622 17.530236 46830.863 -66290.7 5200.38 -71491 1034.3028
3.51 262.30724 524.33497 46483.351 -66343 5011.81 -71354.8 1030.9184
3.52 261.67796 -98.312442 46857.622 -66369.3 4999.79 -71369.1 1039.0633
3.53 274.63097 -517.86232 47032.926 -66342 5247.28 -71589.3 1045.4089
3.54 265.17495 -544.51589 47109.639 -66581.5 5066.61 -71648.1 1045.7243
3.55 268.30056 256.71973 46838.731 -66480.1 5126.33 -71606.4 1040.8196
3.56 264.21538 285.67351 46661.127 -66604.8 5048.27 -71653 1040.8645
3.57 270.95431 468.83871 46506.796 -66204.4 5177.03 -71381.4 1037.4026
3.58 263.74352 424.52876 46669.462 -66604.8 5039.26 -71644.1 1046.8886
3.59 273.71804 347.82932 46684.319 -66039.4 5229.84 -71269.2 1048.1266
3.6 274.88801 627.79052 46458.993 -66227.8 5252.19 -71480 1046.7821
3.61 268.59379 526.63048 46423.037 -66286.4 5131.93 -71418.3 1046.0279
3.62 270.09007 -48.385275 46800.158 -66232.6 5160.52 -71393.1 1054.319
3.63 279.39111 -231.96612 46966.271 -66010.8 5338.23 -71349 1056.3761
3.64 261.49356 -479.12391 47137.675 -66531.5 4996.27 -71527.8 1062.339
3.65 270.1982 298.37834 46464.604 -66714.8 5162.58 -71877.3 1049.9749
3.66 257.8827 755.50161 46524.286 -66730.1 4927.28 -71657.3 1052.7637
3.67 271.80782 -171.85787 46941.496 -67081.7 5193.34 -72275 1058.1125
3.68 270.40018 741.33262 46531.706 -66803.1 5166.44 -71969.6 1054.2757
3.69 268.92105 223.49833 46714.846 -66575.5 5138.18 -71713.6 1060.0795
3.7 267.08496 125.87885 46678.27 -66755.4 5103.1 -71858.5 1058.4338
3.71 277.91759 -132.80226 46952.659 -66335.6 5310.08 -71645.7 1064.5749
3.72 274.46353 45.531335 46922.027 -66626.1 5244.08 -71870.2 1069.2196
3.73 273.20255 -99.026694 46909.033 -66796.6 5219.99 -72016.5 1067.9961
3.74 261.63823 -105.60134 46821.742 -67122.2 4999.03 -72121.3 1067.4775
3.75 263.38723 502.08712 46726.832 -66882.7 5032.45 -71915.1 1069.0754
3.76 263.59777 -97.21448 46896.995 -66940.6 5036.47 -71977.1 1071.3453
3.77 265.16887 -478.2515 47158.854 -66647.2 5066.49 -71713.7 1075.299
3.78 263.49873 -57.963463 46846.316 -66824.8 5034.58 -71859.4 1069.9401
3.79 269.90233 -257.27484 47025.127 -66732.6 5156.93 -71889.5 1072.8443
3.8 273.1755 -274.90911 47103.733 -66449.8 5219.47 -71669.3 1078.0729
3.81 259.47923 -333.07805 47028.085 -66851.8 4957.78 -71809.6 1079.3012
3.82 273.81269 -327.36517 47090.649 -66492.9 5231.65 -71724.5 1085.3341
3.83 266.91818 233.26992 46733.743 -66333.5 5099.91 -71433.4 1075.3858
3.84 280.28431 68.220508 46651.406 -65963.8 5355.3 -71319.1 1076.9296
3.85 265.06899 267.80823 46786.179 -66380.2 5064.58 -71444.8 1078.236
3.86 264.22251 252.49724 46497.251 -66790.3 5048.41 -71838.8 1076.9971
3.87 266.14223 -182.47482 46810.448 -66542.3 5085.09 -71627.4 1081.7401
3.88 270.47015 -756.7967 47166.001 -66437.7 5167.78 -71605.5 1091.1128
3.89 274.19041 155.80747 46690.276 -66001.2 5238.86 -71240.1 1086.8923
3.9 262.91478 22.970374 46698.757 -66162.5 5023.42 -71185.9 1086.5294
3.91 264.94968 421.59486 46678.467 -66361 5062.3 -71423.3 1092.1526
3.92 276.5832 -130.66041 46877.597 -65893.1 5284.58 -71177.7 1094.6151
3.93 276.31635 -117.33528 46941.045 -66147 5279.48 -71426.4 1094.9799
3.94 269.52237 -85.574845 46862.844 -66365.3 5149.67 -71514.9 1093.9663
3.95 272.30142 379.90015 46700.513 -66136.3 5202.77 -71339.1 1096.3952
3.96 266.43747 -722.95709 47496.292 -65856.4 5090.73 -70947.2 1113.77
3.97 262.27745 -616.32445 47001.142 -66063.9 5011.25 -71075.1 1104.4982
3.98 272.37167 658.54209 46516.528 -66060.1 5204.11 -71264.2 1098.8531
3.99 264.47743 -775.73601 47209.208 -65935.8 5053.28 -70989 1109.8425
4 278.2005 210.34896 46580.695 -65896.1 5315.48 -71211.6 1106.0706
4.01 272.22454 -61.323388 46769.187 -66156 5201.3 -71357.3 1115.2806
4.02 269.97126 -456.72177 47055.107 -66369.8 5158.25 -71528.1 1123.0189
4.03 267.31808 -783.51156 47434.16 -66737.1 5107.56 -71844.7 1130.3604
4.04 270.17727 -14.35004 46858.559 -66771.1 5162.18 -71933.3 1121.1078
4.05 266.11329 -478.22812 47108.554 -66567.9 5084.54 -71652.4 1127.723
4.06 263.18371 -436.87621 47003.181 -66782.6 5028.56 -71811.2 1127.4752
4.07 267.08399 448.61233 46638.392 -66630.5 5103.08 -71733.6 1122.1913
4.08 273.05594 -29.866944 46692.353 -66948.7 5217.19 -72165.9 1123.3388
4.09 265.48061 745.84524 46370.714 -66985.3 5072.45 -72057.7 1117.2005
4.1 272.31667 49.994216 46687.252 -66563 5203.06 -71766.1 1124.4878
4.11 266.40742 -362.7693 47093.838 -66650.7 5090.16 -71740.8 1132.1347
4.12 270.61873 -406.2257 47038.534 -66520.2 5170.62 -71690.8 1136.4517
4.13 264.70947 -271.45376 46971.196 -66723 5057.71 -71780.7 1137.663
4.14 264.48702 723.95387 46351.84 -66984.6 5053.46 -72038 1129.3946
4.15 269.11252 -302.75807 46940.47 -66809.4 5141.84 -71951.2 1136.5824
4.16 272.79393 -218.46042 46878.667 -66376.5 5212.18 -71588.7 1137.5657
4.17 265.04104 -192.40624 46828.389 -66506 5064.05 -71570.1 1138.5813
4.18 271.42313 640.65504 46611.29 -66320.4 5185.99 -71506.3 1137.5978
4.19 264.85166 411.52319 46651.906 -66654.8 5060.43 -71715.2 1138.9284
4.2 273.58189 101.83222 46610.541 -66129 5227.24 -71356.2 1137.9812
4.21 263.4303 401.18003 46716.45 -66593.2 5033.27 -71626.4 1141.9003
4.22 257.41821 -394.15807 47031.557 -66267.8 4918.4 -71186.2 1146.2455
4.23 275.07378 -402.41383 47038.395 -65970.3 5255.74 -71226 1143.8732
4.24 271.26569 605.06907 46456.938 -66449.8 5182.98 -71632.8 1135.9702
4.25 269.92383 563.49158 46597.221 -66271.7 5157.34 -71429.1 1140.7373
4.26 269.90854 561.05549 46545.597 -66207.1 5157.05 -71364.1 1142.1702
4.27 271.01318 42.336923 46680.034 -66055.6 5178.16 -71233.8 1150.7476
4.28 266.31303 -55.404696 46686.468 -66095.1 5088.35 -71183.5 1152.7244
4.29 272.78299 70.249931 46669.251 -65956.4 5211.97 -71168.4 1157.0058
4.3 269.39302 100.36255 46859.954 -65840.5 5147.2 -70987.7 1162.8476
4.31 273.81549 620.74147 46414.08 -66256.8 5231.7 -71488.5 1154.0936
4.32 261.69612 -75.415215 46686.687 -66106.4 5000.14 -71106.5 1165.8526
4.33 255.10056 39.014704 46820.831 -66485.2 4874.12 -71359.3 1171.8145
4.34 265.47228 -661.88698 47271.479 -66281.1 5072.29 -71353.4 1184.4116
4.35 269.24793 383.60192 46639.104 -66069.1 5144.43 -71213.5 1171.9665
4.36 274.6376 -313.15908 46994.281 -66100.8 5247.41 -71348.2 1178.3078
4.37 264.87979 -615.66243 47296.785 -66607.7 5060.97 -71668.7 1183.8097
4.38 264.80207 -479.61441 47222.464 -66537.3 5059.48 -71596.8 1184.9126
4.39 266.29733 173.26912 46665.028 -66302.6 5088.05 -71390.7 1174.7628
4.4 265.466 -173.3308 46953.196 -66593.7 5072.17 -71665.9 1180.1195
4.41 265.14583 303.45109 46562.255 -66695.1 5066.05 -71761.2 1177.3766
4.42 277.70741 -67.973608 46852.913 -66522.6 5306.06 -71828.6 1178.925
4.43 266.46639 110.12791 46590.877 -66700.4 5091.28 -71791.7 1177.4002
4.44 274.5995 -364.4108 47055.233 -66354.7 5246.68 -71601.4 1187.8616
4.45 267.83988 -227.59117 46815.58 -66751.8 5117.52 -71869.3 1184.6761
4.46 277.23547 -247.87825 46966.429 -66554.4 5297.04 -71851.5 1186.5583
4.47 264.36547 -291.47066 46807.791 -66612.8 5051.14 -71663.9 1184.8798
4.48 263.14874 -265.82229 46948.391 -66771.8 5027.89 -71799.7 1187.9782
4.49 276.18688 49.42386 46845.394 -66104.2 5277.01 -71381.2 1190.9288
4.5 272.90688 -573.00837 47158.681 -66424.9 5214.34 -71639.2 1199.8821
4.51 272.72188 631.89215 46254.011 -66738.8 5210.8 -71949.6 1185.0207
4.52 270.40216 84.920144 46791.237 -66500.3 5166.48 -71666.8 1197.0717
4.53 271.30388 -209.7361 46883.872 -66431.6 5183.71 -71615.3 1202.9883
4.54 261.1892 -580.60461 47154.059 -66718 4990.45 -71708.4 1209.7093
4.55 276.97736 -64.439946 46920.857 -66809 5292.11 -72101.1 1205.5832
4.56 271.99997 -317.59468 47077.569 -66658.3 5197.01 -71855.3 1208.2044
4.57 268.71643 -572.37886 47208.245 -66467 5134.27 -71601.3 1209.3274
4.58 268.66235 -323.67642 47099.616 -66812.3 5133.24 -71945.5 1206.8627
4.59 277.09261 -268.11953 46950.699 -66114.5 5294.31 -71408.8 1203.1795
4.6 269.92935 408.79422 46611.639 -66539.9 5157.45 -71697.4 1197.417
4.61 263.19028 28.047994 46872.772 -66419.8 5028.69 -71448.5 1200.9802
4.62 268.06581 -41.570189 46879.919 -66548.3 5121.84 -71670.1 1202.888
4.63 260.60708 -496.22346 47159.431 -66443.7 4979.33 -71423.1 1207.9352
4.64 263.35692 306.29 46527.938 -66226 5031.87 -71257.9 1197.9099
4.65 263.27439 -32.460908 46616.946 -66242.5 5030.29 -71272.8 1201.5836
4.66 270.38482 -120.7214 46806.311 -66182.6 5166.15 -71348.8 1207.8226
4.67 264.47266 164.19514 46842.482 -66529.4 5053.19 -71582.6 1207.235
4.68 280.41319 -226.78522 46925.096 -65813.4 5357.76 -71171.2 1213.1439
4.69 267.79326 -124.35571 47013.767 -66345.6 5116.63 -71462.2 1218.2156
4.7 277.97231 133.70954 46736.314 -66102.7 5311.12 -71413.8 1215.7044
4.71 269.43075 -223.47232 46965.367 -66105.8 5147.92 -71253.7 1219.6717
4.72 266.22675 -209.98589 46955.264 -66531.4 5086.7 -71618.2 1224.4503
4.73 273.83475 294.0594 46740.718 -66177.7 5232.07 -71409.8 1224.0409
4.74 282.02542 557.35733 46547.603 -66027.5 5388.56 -71416.1 1221.1549
4.75 273.06204 24.901272 46985.566 -66474.3 5217.3 -71691.6 1233.808
4.76 267.2531 -382.88953 47085.923 -66536.9 5106.31 -71643.2 1237.0525
4.77 265.75047 -241.28344 47031.888 -66874.3 5077.6 -71951.9 1238.7387
4.78 259.56995 227.40545 46841.938 -67150.3 4959.51 -72109.8 1237.1379
4.79 274.41696 28.252177 46786.948 -66813.9 5243.19 -72057.1 1236.73
4.8 265.8752 154.05156 46828.931 -67046.3 5079.99 -72126.3 1238.3203
4.81 276.02701 539.11711 46623.227 -66717.3 5273.95 -71991.3 1234.9185
4.82 267.3654 83.770646 46738.002 -66909.6 5108.46 -72018.1 1239.0026
4.83 269.64497 323.2575 46691.211 -66730.2 5152.01 -71882.2 1243.5786
4.84 268.09472 -508.04524 47111.917 -66785 5122.39 -71907.4 1251.0673
4.85 266.3907 -151.16787 46913.426 -66609.8 5089.84 -71699.7 1250.0983
4.86 269.80873 -655.76683 47152.89 -66689.7 5155.14 -71844.8 1255.8042
4.87 271.08809 -192.22236 46914.298 -66428.1 5179.59 -71607.7 1251.3837
4.88 268.30648 421.01752 46699.388 -66927.6 5126.44 -72054 1250.5269
4.89 281.03333 -3.2352083 46735.62 -66351.6 5369.61 -71721.3 1249.5953
4.9 254.55801 137.61463 46751.001 -66938.9 4863.75 -71802.7 1249.7181
4.91 275.82239 -134.07049 46817.654 -66414.9 5270.04 -71685 1254.3788
4.92 262.66313 142.0808 46699.037 -66639.1 5018.61 -71657.7 1253.2883
4.93 258.36995 -323.71297 47005.9 -67074.5 4936.59 -72011.1 1262.7759
4.94 272.73277 -236.90913 46929.249 -66443.8 5211.01 -71654.8 1258.0943
4.95 263.64089 289.82185 46482.752 -66659.7 5037.3 -71697 1252.3914
4.96 272.80844 -206.61519 46881.693 -66189.8 5212.46 -71402.2 1259.217
4.97 269.57346 -169.8586 47001.804 -66467.4 5150.65 -71618.1 1261.377
4.98 262.46319 26.739501 46806.659 -66793.3 5014.79 -71808.1 1258.7805
4.99 258.96726 -234.37655 46921.353 -66987.1 4948 -71935.1 1264.9504
5 261.88598 -413.50925 47161.622 -66864.6 5003.77 -71868.3 1267.6338
5.01 268.83724 -447.61898 47052.125 -66476.5 5136.58 -71613.1 1268.881
5.02 276.07628 -220.86384 47007.638 -66478.7 5274.9 -71753.5 1267.7373
5.03 267.0141 197.37076 46716.303 -66884.5 5101.75 -71986.3 1264.8851
5.04 272.48668 165.0444 46656.056 -66511.5 5206.31 -71717.9 1268.9031
5.05 271.16151 193.63383 46752.966 -66588.6 5180.99 -71769.6 1270.9486
5.06 274.37692 353.71927 46625.774 -66710.3 5242.43 -71952.7 1269.3441
5.07 274.61389 285.77939 46658.464 -66494.7 5246.95 -71741.7 1270.9109
5.08 268.61353 -24.210533 46884.479 -66310.6 5132.31 -71442.9 1277.2167
5.09 279.43977 -495.5957 47245.09 -66497.9 5339.16 -71837.1 1286.6654
5.1 266.70075 -596.78836 47191.181 -66741.7 5095.76 -71837.4 1284.3668
5.11 264.29758 351.13476 46550.409 -66262.7 5049.84 -71312.6 1278.1969
5.12 273.62082 -182.23686 46851.978 -66305.5 5227.98 -71533.5 1282.4511
5.13 268.53418 -152.00413 46914.632 -66437.7 5130.79 -71568.5 1284.625
5.14 270.91693 754.85041 46363.741 -66641.1 5176.32 -71817.4 1274.2966
5.15 262.60564 -365.76168 46940.044 -66712.8 5017.52 -71730.3 1285.0329
5.16 269.91791 43.917952 46745.306 -66387.2 5157.23 -71544.4 1282.2169
5.17 270.27642 -414.96508 46997.554 -66083 5164.08 -71247 1289.2182
5.18 267.14253 -269.3937 47001.769 -66402.5 5104.2 -71506.7 1291.7916
5.19 267.13864 53.253796 46878.041 -65937.6 5104.13 -71041.7 1290.8968
5.2 267.87981 586.84788 46508.453 -66395.1 5118.29 -71513.4 1288.7213
5.21 267.55012 398.08864 46566.876 -66227.5 5111.99 -71339.5 1292.3019
5.22 272.87543 43.437649 46908.162 -66325.7 5213.74 -71539.5 1298.1774
5.23 269.00785 859.51251 46503.63 -66503 5139.84 -71642.8 1296.8834
5.24 273.56462 -272.6539 47033.408 -66252.7 5226.91 -71479.6 1309.237
5.25 272.23161 -23.0441 46727.539 -66377.5 5201.44 -71578.9 1304.454
5.26 268.3806 627.42999 46536.868 -66676.2 5127.86 -71804.1 1303.7416
5.27 271.09918 -265.06418 47025.972 -66630.5 5179.8 -71810.3 1314.4259
5.28 266.65353 1006.9424 46407.245 -66602.8 5094.86 -71697.6 1308.5756
5.29 271.54121 272.2836 46738.036 -66670.9 5188.25 -71859.1 1317.66
5.3 263.97867 -251.13098 47073.325 -66812.6 5043.75 -71856.4 1325.8004
5.31 261.68036 -453.26982 46917.058 -66617.3 4999.84 -71617.1 1324.0959
5.32 265.08597 406.73992 46580.49 -66784.1 5064.91 -71849 1318.9615
5.33 280.63816 395.34064 46722.105 -66674.9 5362.06 -72037 1319.5289
5.34 266.34338 256.1938 46617.577 -66782.7 5088.93 -71871.6 1319.2549
5.35 264.20747 -171.63132 47127.22 -66611.8 5048.12 -71660 1329.981
5.36 273.7798 -509.7826 47171.345 -66437.6 5231.02 -71668.6 1331.024
5.37 265.43085 436.66622 46650.927 -66651.6 5071.5 -71723.1 1323.3597
5.38 268.53473 149.12724 46600.213 -66273.6 5130.8 -71404.4 1322.8263
5.39 262.98689 -515.43355 47124.769 -66250.5 5024.8 -71275.3 1331.3392
5.4 262.70825 85.753613 46762.116 -66606.6 5019.48 -71626 1323.5579
5.41 268.75032 -107.09761 46995.81 -66752.7 5134.92 -71887.6 1330.4213
5.42 273.09536 318.31776 46716.91 -66270.4 5217.94 -71488.3 1326.1258
5.43 272.76154 -366.94989 46956.822 -66449.3 5211.56 -71660.9 1331.0095
5.44 270.98059 22.518876 46848.764 -65979.4 5177.53 -71156.9 1333.3668
5.45 267.8981 375.84498 46637.53 -66443.6 5118.64 -71562.2 1336.3255
5.46 269.47909 -754.8071 47212.568 -66303.1 5148.85 -71451.9 1352.843
5.47 273.47385 287.1166 46731.228 -66488.3 5225.17 -71713.5 1349.6681
5.48 266.9381 159.69471 46706.258 -66527.3 5100.3 -71627.6 1350.2639
5.49 259.51978 35.766721 46842.392 -66817.2 4958.56 -71775.7 1352.1858
5.5 270.4185 37.296698 46693.165 -66516.7 5166.79 -71683.5 1347.9616
5.51 268.06329 555.11979 46557.619 -66720.9 5121.79 -71842.6 1347.5398
5.52 263.3648 251.99961 46742.88 -66971.1 5032.02 -72003.1 1353.9405
5.53 278.59623 514.56292 46585.599 -66525.5 5323.04 -71848.6 1354.9921
5.54 264.25877 323.49972 46529.801 -66787.6 5049.1 -71836.7 1351.1994
5.55 257.63485 -190.39794 46966.796 -66616.1 4922.54 -71538.6 1359.5179
5.56 267.06372 116.1144 46663.279 -66357.1 5102.7 -71459.8 1353.2902
5.57 265.58709 -728.43601 47179.161 -66624.7 5074.48 -71699.2 1363.1223
5.58 267.28042 90.862007 46782.246 -66496.4 5106.84 -71603.2 1355.8987
5.59 272.61404 583.4519 46565.748 -66390.1 5208.74 -71598.8 1354.7433
5.6 264.19863 -419.06053 47100.28 -66160.8 5047.95 -71208.8 1367.1598
5.61 268.15081 1014.084 46276.01 -66398.3 5123.47 -71521.7 1355.1136
5.62 274.2884 318.43526 46594.638 -66136.8 5240.73 -71377.5 1367.0502
5.63 272.8383 582.89526 46546.824 -66062.7 5213.03 -71275.8 1368.2203
5.64 269.97817 369.83289 46634.785 -66314.1 5158.38 -71472.5 1371.3701
5.65 269.6573 -286.33871 47065.958 -66325.5 5152.25 -71477.8 1378.9359
5.66 260.81567 -302.10869 46849.038 -66800.6 4983.32 -71783.9 1374.551
5.67 269.43372 -285.83477 47010.396 -66595 5147.98 -71742.9 1381.7416
5.68 263.16386 -424.78321 47181.57 -66759.5 5028.18 -71787.7 1385.4125
5.69 269.07582 -107.81823 46977.414 -66615.3 5141.14 -71756.4 1385.1644
5.7 270.67397 312.54501 46831.336 -66324.9 5171.68 -71496.6 1380.881
5.71 268.19546 -180.81293 47009.792 -66722.9 5124.32 -71847.3 1387.0336
5.72 269.04547 -722.40916 47257.18 -66538.8 5140.56 -71679.4 1390.9199
5.73 268.88362 265.22889 46803.116 -66321.7 5137.47 -71459.1 1377.9848
5.74 268.16925 -36.550901 46954.485 -66468.5 5123.82 -71592.3 1382.3539
5.75 255.1586 534.85517 46564.842 -66755.5 4875.23 -71630.7 1378.445
5.76 274.42325 409.20276 46637.261 -66406.9 5243.31 -71650.2 1381.5846
5.77 265.02285 -251.00094 46908.517 -66798.5 5063.7 -71862.2 1389.5501
5.78 268.73763 118.55619 46795.07 -66681.3 5134.68 -71816 1392.797
5.79 266.6774 532.27624 46685.66 -66702.7 5095.31 -71798 1394.6454
5.8 264.99597 -34.752102 46839.921 -66915.1 5063.19 -71978.3 1400.8406
5.81 273.24849 -417.42629 47070.333 -66568.3 5220.87 -71789.2 1407.2901
5.82 267.61522 304.89459 46558.127 -66546.4 5113.23 -71659.7 1397.7682
5.83 268.91739 -315.8515 46967.853 -66264.2 5138.11 -71402.3 1406.3789
5.84 268.75251 1.5942794 46825.685 -66385.9 5134.96 -71520.8 1401.2751
5.85 275.53623 -777.5111 47185.913 -66153.9 5264.58 -71418.5 1412.2525
5.86 260.64998 -485.42756 47044.246 -66215.5 4980.15 -71195.6 1412.9304
5.87 265.55016 449.91546 46447.892 -66369.6 5073.78 -71443.4 1410.8932
5.88 268.61917 630.96948 46513.683 -66123.1 5132.41 -71255.5 1417.2364
5.89 269.37061 -281.27407 46899.467 -66525.3 5146.77 -71672.1 1425.8199
5.9 266.45827 347.62583 46840.654 -66520.2 5091.13 -71611.4 1426.887
5.91 264.25955 -575.73688 46968.9 -66473.6 5049.12 -71522.8 1430.0586
5.92 263.60976 503.85437 46718.049 -66450.8 5036.7 -71487.5 1427.0965
5.93 267.02154 -29.791135 46829.812 -66754.1 5101.89 -71856 1428.2155
5.94 275.98562 87.253587 46836.008 -66183.7 5273.16 -71456.8 1430.4866
5.95 270.40608 -535.36789 47058.009 -66513.1 5166.56 -71679.6 1435.3058
5.96 266.86463 -303.93109 46976.492 -66724.1 5098.89 -71823 1442.0593
5.97 266.17931 517.30115 46441.607 -66446.3 5085.8 -71532 1429.5274
5.98 267.87544 -232.97021 47130.902 -66781.8 5118.2 -71900 1447.5434
5.99 268.60315 -26.837749 46856.947 -66543.4 5132.11 -71675.5 1445.2956
6 263.40463 567.11944 46504.033 -66370.2 5032.78 -71403 1440.0165
6.01 269.44819 24.252144 46775.625 -66743.1 5148.25 -71891.3 1446.3326
6.02 271.21243 150.95368 46806.237 -66349.7 5181.96 -71531.7 1449.835
6.03 265.56382 -38.635292 46742.012 -66606.2 5074.04 -71680.2 1448.6255
6.04 281.26404 467.41305 46737.305 -66101.8 5374.02 -71475.8 1451.9461
6.05 266.99215 -124.66776 46908.024 -66210.7 5101.33 -71312 1456.7565
6.06 266.89043 354.45552 46516.38 -65748.2 5099.38 -70847.6 1450.7682
6.07 270.9296 571.55587 46392.985 -66178.1 5176.56 -71354.7 1447.3812
6.08 273.8434 577.73662 46653.591 -66266 5232.23 -71498.2 1456.895
6.09 264.87106 470.86619 46595.248 -66426.6 5060.8 -71487.4 1461.8861
6.1 269.96924 -607.42944 47278.96 -66067.6 5158.21 -71225.9 1477.5882
6.11 267.55716 -380.5802 46885.995 -66323.1 5112.12 -71435.2 1466.003
6.12 270.21164 -130.82211 46924.09 -66227.7 5162.84 -71390.5 1468.8804
6.13 279.88456 114.95134 46820.309 -66041.7 5347.66 -71389.4 1471.3141
6.14 269.44752 -583.90433 46985.552 -65984 5148.24 -71132.3 1480.336
6.15 266.57894 131.289 46738.42 -66154.2 5093.43 -71247.6 1480.6866
6.16 267.01328 371.68219 46606.482 -65962.3 5101.73 -71064 1485.1162
6.17 274.20781 234.57818 46640.057 -66237.2 5239.2 -71476.4 1489.2486
6.18 266.64935 -147.48123 46952.08 -66583.2 5094.78 -71678 1495.8765
6.19 270.61428 520.02119 46413.349 -66819.9 5170.53 -71990.4 1485.4597
6.2 271.32017 503.75989 46619.958 -66577.1 5184.02 -71761.1 1488.3268
6.21 268.29012 -186.82059 47009.578 -66641.9 5126.13 -71768 1494.6388
6.22 264.84904 70.540815 46724.36 -66559.4 5060.38 -71619.7 1489.5872
6.23 274.71514 590.80673 46592.004 -66631.4 5248.89 -71880.3 1485.0739
6.24 260.70891 414.99168 46543.258 -66863.8 4981.28 -71845.1 1483.5791
6.25 275.87565 541.62637 46461.272 -66514.1 5271.06 -71785.1 1483.3705
6.26 276.92494 687.58251 46468.299 -66362.9 5291.11 -71654 1479.0387
6.27 268.62866 253.61375 46649.068 -66446.2 5132.6 -71578.8 1484.9129
6.28 267.07993 -88.550542 46852.097 -66631.5 5103.01 -71734.6 1491.3598
6.29 266.1892 -509.20252 47255.371 -66281 5085.99 -71367 1501.5392
6.3 264.50298 -101.95931 46729.982 -66948.7 5053.77 -72002.5 1492.8616
6.31 276.36266 -82.550128 46843.46 -66242.2 5280.37 -71522.6 1493.7207
6.32 270.99604 409.66729 46591.972 -66437.7 5177.83 -71615.5 1490.7771
6.33 262.6184 339.56232 46555.849 -66672.5 5017.76 -71690.3 1485.4008
6.34 276.49213 -658.3717 47023.031 -65903.6 5282.84 -71186.5 1502.9267
6.35 267.56269 -223.97431 46627.631 -66420.8 5112.23 -71533.1 1497.01
6.36 263.43303 553.5111 46549.176 -66614.6 5033.32 -71647.9 1494.7447
6.37 271.51242 408.70668 46546.471 -66271.9 5187.7 -71459.6 1496.0829
6.38 255.5192 -429.3028 47018.698 -66716.3 4882.12 -71598.4 1510.7512
6.39 269.93918 -387.1378 47098.135 -66498.8 5157.64 -71656.5 1509.9032
6.4 268.80267 -233.96171 47092.396 -66067.7 5135.92 -71203.6 1511.2756
6.41 258.3591 -675.80056 47043.548 -66324.3 4936.38 -71260.7 1506.4874
6.42 271.4938 256.68771 46818.431 -66186.3 5187.34 -71373.6 1507.8339
6.43 271.56936 -350.1999 46899.061 -66053.1 5188.78 -71241.9 1506.3153
6.44 270.20249 -66.379389 46922.978 -66125.1 5162.67 -71287.7 1511.8765
6.45 275.21799 680.86301 46336.618 -65998 5258.5 -71256.5 1500.0553
6.46 271.45167 -76.865058 47004.358 -66091.4 5186.53 -71278 1511.6099
6.47 264.68451 -319.62311 47053.684 -66096.1 5057.24 -71153.4 1511.275
6.48 270.67112 299.16056 46592.666 -66443.1 5171.62 -71614.7 1499.2633
6.49 262.37895 -335.83222 46852.141 -66328.7 5013.19 -71341.9 1509.6006
6.5 268.84827 -292.34939 47151.292 -66244.4 5136.79 -71381.2 1518.9678
6.51 270.08865 -530.3682 47125.671 -66102.7 5160.49 -71263.2 1519.8907
6.52 274.67172 11.393583 46921.561 -66358.6 5248.06 -71606.6 1521.6044
6.53 262.02581 -515.46157 47248.654 -66695.3 5006.44 -71701.7 1527.0939
6.54 260.72119 -470.60103 47164.444 -66521.9 4981.51 -71503.4 1529.6464
6.55 266.77533 341.62153 46468.425 -66266.4 5097.19 -71363.6 1517.2835
6.56 277.46751 333.76391 46490.15 -66255.4 5301.48 -71556.8 1520.3193
6.57 269.378 281.82064 46577.155 -65935.7 5146.91 -71082.6 1522.6298
6.58 265.13281 588.96836 46447.288 -66389.2 5065.8 -71455 1524.7234
6.59 269.13854 -355.07275 46814.046 -66205 5142.34 -71347.3 1538.0623
6.6 271.1518 -629.42736 47334.834 -66156.5 5180.8 -71337.3 1552.5729
6.61 279.97085 97.08482 46823.977 -66210.6 5349.31 -71559.9 1543
6.62 257.81388 -790.90747 47210.994 -66650.5 4925.96 -71576.4 1553.838
6.63 274.78718 -465.3202 47186.005 -66246.1 5250.26 -71496.4 1552.1964
6.64 268.99035 -65.102154 46908.224 -66540.1 5139.51 -71679.6 1544.9626
6.65 266.41401 30.955391 46765.766 -66435.7 5090.28 -71526 1539.2346
6.66 274.41397 -580.30688 47132.326 -65963 5243.13 -71206.1 1553.7288
6.67 270.64433 390.30417 46650.065 -66494.7 5171.11 -71665.8 1545.0034
6.68 263.5988 -604.56138 47234.33 -66498.1 5036.49 -71534.6 1562.1925
6.69 268.76702 124.46162 46650.618 -66827.9 5135.24 -71963.1 1546.9516
6.7 277.06896 70.3442 46837.927 -66521.5 5293.86 -71815.3 1550.5798
6.71 267.92296 601.1364 46529.648 -66815.8 5119.11 -71934.9 1544.1362
6.72 263.40909 585.18256 46451.903 -66705.1 5032.87 -71738 1541.4473
6.73 258.29761 679.46245 46452.565 -66933.8 4935.2 -71869 1543.865
6.74 273.35306 -564.47164 47035.14 -66565.3 5222.86 -71788.1 1558.537
6.75 266.7051 -386.81403 47099.739 -66606 5095.84 -71701.9 1561.6639
6.76 271.58178 170.98457 46767.342 -66251.6 5189.02 -71440.6 1554.6827
6.77 264.79793 -104.25477 46863.734 -66594.1 5059.4 -71653.6 1554.3404
6.78 265.24562 -260.74222 47102.92 -66082 5067.96 -71149.9 1565.3893
6.79 265.80249 -599.59737 47210.359 -66743.7 5078.6 -71822.3 1567.3024
6.8 276.39004 144.12432 46697.436 -66416.4 5280.89 -71697.3 1558.8276
6.81 262.18632 -44.168145 46853.773 -66700.9 5009.5 -71710.4 1566.0074
6.82 269.20063 285.32304 46739.567 -66539.5 5143.52 -71683 1565.3449
6.83 270.54471 -216.95727 47032.458 -66468.6 5169.21 -71637.8 1574.5182
6.84 271.46753 87.875452 46909.7 -66714.5 5186.84 -71901.4 1570.8336
6.85 281.92562 213.93606 46752.814 -66366.3 5386.66 -71752.9 1566.9696
6.86 267.9359 -441.1021 47166.865 -66620 5119.36 -71739.3 1572.8706
6.87 267.50031 651.99979 46545.164 -66626.4 5111.04 -71737.4 1564.106
6.88 270.29833 30.131116 46724.335 -66423.2 5164.5 -71587.7 1568.8647
6.89 270.0203 -5.0510225 46795.825 -66394.8 5159.19 -71554 1571.5917
6.9 271.46342 -649.35176 47106.4 -66516.2 5186.76 -71703 1579.126
6.91 273.66683 -175.50424 47050.184 -66381.3 5228.86 -71610.2 1576.7276
6.92 276.04022 -253.68054 47012.37 -66714.6 5274.21 -71988.8 1576.2476
6.93 279.11832 388.25785 46686.477 -66190.6 5333.02 -71523.6 1568.2556
6.94 269.15923 -131.01561 46797.379 -66525 5142.73 -71667.7 1573.9195
6.95 277.13713 395.4533 46419.381 -66430.3 5295.16 -71725.5 1564.4447
6.96 265.94185 -424.45999 46973.147 -66709.6 5081.26 -71790.9 1578.4625
6.97 266.41685 381.4838 46668.588 -66520.1 5090.34 -71610.4 1567.719
6.98 271.44478 -404.57621 47082.947 -66416.5 5186.4 -71602.9 1580.0938
6.99 268.7043 -245.12565 46995.178 -66511.4 5134.04 -71645.4 1577.7073
7 264.56019 176.51607 46723.475 -66953.5 5054.86 -72008.3 1570.1529
7.01 265.582 294.03416 46778.599 -66636.7 5074.38 -71711.1 1572.3945
7.02 277.31343 -792.99523 47323.106 -66293.7 5298.53 -71592.3 1581.4884
7.03 264.90173 -323.84645 47091.856 -66541.1 5061.39 -71602.5 1574.5424
7.04 266.4338 -214.93249 46934.171 -66837.9 5090.66 -71928.6 1573.206
7.05 277.97942 -298.67354 47078.449 -66591.7 5311.26 -71903 1578.5421
7.06 262.48636 -284.07847 46885.776 -66902.5 5015.24 -71917.7 1576.1564
7.07 274.44068 -447.5613 47107.653 -66594.9 5243.64 -71838.6 1578.863
7.08 274.75877 391.29997 46591.089 -66548.1 5249.72 -71797.8 1569.73
7.09 270.11317 -701.2836 47047.638 -66282.8 5160.96 -71443.7 1577.5789
7.1 274.92447 485.45513 46507.312 -66109.6 5252.89 -71362.4 1573.3477
7.11 264.92362 -415.73686 46912.75 -66351.6 5061.81 -71413.4 1580.9823
7.12 280.89379 412.24768 46557.778 -66259.4 5366.94 -71626.4 1574.2184
7.13 277.37263 586.80461 46751.922 -66375.7 5299.66 -71675.4 1582.3853
7.14 270.35427 -153.89966 46938.648 -66793.6 5165.57 -71959.2 1587.0076
7.15 260.26136 -70.849219 46747.499 -66537.1 4972.73 -71509.8 1589.9039
7.16 264.40164 494.00807 46412.02 -66100.1 5051.83 -71152 1584.3555
7.17 263.95108 112.4669 46695.597 -66533.7 5043.22 -71577 1592.3137
7.18 270.16889 182.17623 46782.134 -66361.5 5162.02 -71523.6 1594.8482
7.19 274.44407 350.53945 46756.111 -66165.9 5243.71 -71409.6 1593.6601
7.2 271.22932 534.56967 46620.996 -66601.8 5182.29 -71784.1 1591.4883
7.21 269.23916 531.90757 46604.225 -66736.8 5144.26 -71881 1592.3559
7.22 269.61417 148.9371 46763.463 -66343.2 5151.43 -71494.6 1599.2179
7.23 269.43609 -551.34157 47028.835 -66499.3 5148.02 -71647.4 1606.0963
7.24 259.73175 -151.40759 46901.35 -66831.6 4962.61 -71794.2 1604.4165
7.25 263.34739 22.913689 46763.6 -66982.1 5031.69 -72013.8 1600.3398
7.26 272.85392 -340.00365 47045.2 -66675.9 5213.33 -71889.2 1607.7882
7.27 260.60609 68.264526 46855.717 -66857.1 4979.31 -71836.4 1604.1164
7.28 277.41906 199.34789 46661.63 -66681.9 5300.55 -71982.5 1604.018
7.29 265.52792 -13.486162 46717.622 -67062.5 5073.35 -72135.9 1605.5525
7.3 274.59737 908.3827 46261.495 -66718.1 5246.64 -71964.7 1596.9819
7.31 279.65382 515.83108 46352.178 -66558.1 5343.25 -71901.4 1601.7598
7.32 273.87854 32.744924 46923.429 -66402.9 5232.9 -71635.8 1620.3698
7.33 264.76351 -166.87993 46912.668 -66779.7 5058.75 -71838.5 1621.2879
7.34 267.70212 -315.61982 46929.153 -66713.8 5114.89 -71828.7 1623.2883
7.35 265.5973 -362.86697 47004.84 -66797.2 5074.68 -71871.9 1629.4314
7.36 265.73663 389.04626 46547.538 -66806.6 5077.34 -71883.9 1621.0285
7.37 264.88721 160.5785 46751.368 -67099.7 5061.11 -72160.9 1630.7554
7.38 272.89984 531.127 46650.774 -66688.4 5214.2 -71902.6 1632.0434
7.39 275.8437 550.78464 46403.847 -66803.5 5270.45 -72074 1629.8213
7.4 271.44816 260.04272 46705.548 -66706.3 5186.47 -71892.7 1640.9596
7.41 272.9744 157.33342 46629.247 -66486.2 5215.63 -71701.8 1642.3794
7.42 255.01951 -165.10652 46917.499 -66930 4872.57 -71802.5 1650.6317
7.43 277.31939 -647.07114 47075.268 -66534 5298.65 -71832.6 1656.0695
7.44 267.01271 -735.4947 47172.116 -66858.8 5101.72 -71960.5 1659.1583
7.45 268.93386 -487.55642 47142.069 -66635.7 5138.43 -71774.2 1659.1991
7.46 276.46003 187.53855 46757.871 -66562.1 5282.23 -71844.3 1650.5728
7.47 272.28094 461.68399 46706.561 -66745.3 5202.38 -71947.7 1645.2604
7.48 272.61315 121.26762 46863.666 -66450.9 5208.73 -71659.6 1653.3985
7.49 273.27151 -448.38786 47027.962 -66314.9 5221.31 -71536.2 1660.5196
7.5 273.86479 -520.07723 47060.322 -66282.9 5232.64 -71515.5 1664.1053
7.51 271.34255 69.194781 46790.028 -66677.7 5184.45 -71862.1 1664.0797
7.52 272.14568 684.04802 46591.284 -66363.4 5199.79 -71563.2 1659.7715
7.53 266.08136 557.21547 46510.785 -66558.9 5083.93 -71642.8 1656.4158
7.54 262.32711 -322.75782 47068.744 -66644.2 5012.19 -71656.4 1669.4928
7.55 269.90423 -825.8562 47144.241 -66222.2 5156.97 -71379.2 1675.8212
7.56 271.05765 554.34134 46693.921 -66343.4 5179.01 -71522.4 1670.8454
7.57 268.32892 -399.23157 46956.711 -66437.3 5126.87 -71564.2 1676.208
7.58 267.67259 -464.71831 47084.026 -66554.4 5114.33 -71668.7 1674.5499
7.59 264.49154 600.12562 46645.542 -66227 5053.55 -71280.5 1668.5981
7.6 264.49747 -431.24939 46933.913 -66586.2 5053.66 -71639.8 1680.0315
7.61 271.62765 -484.03765 47053.524 -66382.7 5189.9 -71572.6 1680.6939
7.62 265.45548 -425.30371 47156.121 -66487.4 5071.97 -71559.3 1684.1324
7.63 266.91299 -264.80419 47034.791 -66181.1 5099.82 -71280.9 1683.9249
7.64 264.01864 -446.67004 47127.204 -66548 5044.51 -71592.5 1689.5548
7.65 267.46292 796.77014 46368.988 -66478.4 5110.32 -71588.7 1670.5179
7.66 269.1943 -734.12366 47211.168 -66527 5143.4 -71670.4 1691.3616
7.67 272.28911 364.02843 46714.771 -66449.4 5202.53 -71652 1682.3157
7.68 267.44152 -407.19611 46886.653 -66698.1 5109.91 -71808 1688.9732
7.69 265.81609 335.36599 46535.6 -66421.2 5078.86 -71500 1683.9163
7.7 263.05401 -229.35779 46863.04 -66802.5 5026.08 -71828.6 1692.6648
7.71 266.51603 -316.43609 47057.193 -66495.6 5092.23 -71587.9 1702.483
7.72 269.30393 586.05913 46780.604 -66681.7 5145.5 -71827.2 1696.2516
7.73 267.46162 771.2948 46419.88 -67005.1 5110.3 -72115.4 1687.2618
7.74 276.68069 555.62768 46605.881 -66739 5286.44 -72025.4 1691.1413
7.75 269.15396 -703.28729 47261.347 -66886.7 5142.63 -72029.3 1705.3651
7.76 264.69696 261.74741 46455.052 -66524.4 5057.47 -71581.9 1685.6243
7.77 257.14597 -427.25439 47009.628 -66822.2 4913.2 -71735.4 1700.5788
7.78 270.74132 823.21547 46443.427 -66461.8 5172.96 -71634.7 1692.6045
7.79 270.15122 150.69844 46725.376 -66496.8 5161.69 -71658.5 1699.225
7.8 264.40416 -307.07447 46981.981 -66646.7 5051.88 -71698.6 1708.3734
7.81 271.69655 -526.5045 47178.541 -66475.8 5191.21 -71667 1720.888
7.82 265.11514 -705.62173 47143.582 -66865.7 5065.46 -71931.1 1717.2924
7.83 267.55016 -55.49715 46802.149 -66520.7 5111.99 -71632.7 1708.5276
7.84 267.5169 436.63379 46402.096 -66393.3 5111.35 -71504.7 1701.833
7.85 280.46326 517.0783 46645.364 -66022.8 5358.72 -71381.5 1711.5222
7.86 265.54703 -403.96093 46855.722 -66244.6 5073.72 -71318.3 1715.6026
7.87 262.98142 166.19321 46911.998 -66125.5 5024.7 -71150.2 1716.4549
7.88 258.34173 -266.84873 46920.101 -66179.2 4936.05 -71115.2 1722.0093
7.89 277.23647 -394.95407 47103.755 -66201.8 5297.06 -71498.9 1727.9
7.9 265.3967 -154.12712 46838.496 -66445.5 5070.84 -71516.4 1721.0961
7.91 270.48306 499.44843 46603.945 -66107.8 5168.03 -71275.8 1715.1597
7.92 266.34581 -19.109488 46928.38 -66488.7 5088.98 -71577.7 1727.2853
7.93 288.17983 -135.38464 47065.055 -66302.8 5506.15 -71809 1733.4119
7.94 263.38189 -646.51716 47090.135 -66710.5 5032.35 -71742.8 1734.5176
7.95 266.45037 290.31687 46651.53 -66883.3 5090.98 -71974.3 1727.1457
7.96 271.45724 -523.04897 47060.108 -66483.8 5186.64 -71670.4 1737.1492
7.97 262.11215 -490.6037 47159.844 -66696.9 5008.09 -71705 1744.1744
7.98 270.12535 100.01213 46825.801 -66191.3 5161.19 -71352.5 1736.28
7.99 268.154 203.40241 46710.69 -66677.7 5123.53 -71801.2 1735.3612
8 272.20392 -86.057497 46762.411 -66338.9 5200.91 -71539.8 1735.8809
8.01 275.5278 245.19076 46700.768 -66331.4 5264.42 -71595.8 1735.1793
8.02 274.01167 472.40224 46640.933 -66476.1 5235.45 -71711.6 1735.8123
8.03 273.14149 538.51741 46466.806 -66749.5 5218.82 -71968.4 1734.1496
8.04 260.12168 267.4114 46890.939 -66785.7 4970.06 -71755.7 1746.52
8.05 274.48051 -559.60995 47216.399 -66761.4 5244.41 -72005.8 1754.7637
8.06 270.79355 -589.12446 47104.328 -66935.8 5173.96 -72109.8 1749.2185
8.07 270.11378 -886.44169 47389.692 -66806.7 5160.97 -71967.6 1759.7925
8.08 269.09279 38.0496 46891.639 -66564.5 5141.46 -71706 1746.9266
8.09 262.36976 -434.5456 47014.815 -67056.4 5013.01 -72069.4 1749.2396
8.1 259.60786 -307.90695 46875.606 -66654.7 4960.24 -71614.9 1745.2829
8.11 267.23113 419.41398 46385.906 -66906.7 5105.89 -72012.6 1731.4492
8.12 271.91738 484.83212 46583.713 -66584.3 5195.43 -71779.7 1736.249
8.13 272.00908 573.53625 46508.302 -66853.3 5197.18 -72050.5 1728.7781
8.14 271.17005 76.753115 46942.509 -66474.6 5181.15 -71655.8 1744.3005
8.15 272.61803 55.133079 46781.016 -66723.3 5208.82 -71932.1 1742.8343
8.16 264.37449 -200.44429 46881.714 -66650.1 5051.31 -71701.5 1744.5742
8.17 275.38438 -55.539221 46839.278 -66307.2 5261.68 -71568.9 1746.1629
8.18 268.77514 -352.08765 47067.548 -66495.2 5135.39 -71630.6 1754.6137
8.19 265.18735 -37.332127 46904.828 -66910.5 5066.84 -71977.3 1751.0998
8.2 265.4721 -521.27636 47134.879 -66719.7 5072.28 -71792 1764.3084
8.21 276.5353 -525.93279 47045.249 -66218.8 5283.67 -71502.5 1764.3901
8.22 268.61167 -585.74096 47103.933 -66530.5 5132.27 -71662.7 1771.7335
8.23 269.74916 -363.00293 47191.586 -66778.1 5154.01 -71932.1 1776.8511
8.24 266.16769 -365.77421 47012.839 -67089.8 5085.58 -72175.4 1770.2787
8.25 270.63863 -425.83428 47096.902 -66689.3 5171 -71860.3 1769.9633
8.26 261.87247 -234.30246 46981.418 -66851.5 5003.51 -71855 1766.8005
8.27 278.48961 -92.446847 47155.344 -66493.9 5321.01 -71814.9 1768.9843
8.28 270.03994 56.04409 46753.379 -66611.9 5159.56 -71771.5 1760.5184
8.29 271.92132 354.17736 46550.454 -66414 5195.51 -71609.6 1756.0996
8.3 265.25183 892.48079 46224.93 -66632.8 5068.08 -71700.9 1749.303
8.31 264.04714 -77.127862 46867.865 -66296.3 5045.06 -71341.4 1759.6524
8.32 265.4164 500.12677 46622.963 -66357.4 5071.22 -71428.6 1757.9425
8.33 258.68627 179.8091 46732.936 -66533.1 4942.63 -71475.7 1763.5016
8.34 276.35627 -622.82596 47078.961 -66192.3 5280.24 -71472.5 1771.7147
8.35 275.1287 326.13388 46631.073 -66295.1 5256.79 -71551.9 1764.1981
8.36 257.16909 -85.351202 46786.093 -66679.5 4913.64 -71593.1 1769.1616
8.37 271.07437 575.90099 46653.031 -66209.1 5179.33 -71388.4 1769.0134
8.38 274.25862 627.79391 46455.217 -66122.5 5240.17 -71362.7 1761.7825
8.39 268.14916 314.94883 46616.192 -66294.9 5123.43 -71418.4 1769.3119
8.4 267.24063 207.82836 46619.916 -66044.6 5106.08 -71150.7 1771.1534
8.41 270.24189 -156.76791 47061.385 -66232 5163.42 -71395.4 1781.4536
8.42 262.81722 812.43412 46486.568 -66521.7 5021.56 -71543.3 1768.6957
8.43 267.81772 -684.80141 47261.733 -66278.8 5117.1 -71395.9 1788.0439
8.44 265.42807 106.57463 46769.633 -66034.1 5071.44 -71105.6 1775.0149
8.45 264.90476 286.15448 46702.352 -66150 5061.45 -71211.4 1777.2662
8.46 262.74082 285.78712 46444.383 -66364.8 5020.1 -71384.9 1770.2409
8.47 267.98165 12.351772 46791.464 -66020.1 5120.23 -71140.3 1785.8847
8.48 268.20175 -60.723952 46779.712 -66490.8 5124.44 -71615.2 1784.3111
8.49 268.11254 272.1293 46657.2 -66506.5 5122.73 -71629.2 1787.5087
8.5 266.37561 243.84938 46496.666 -66351.5 5089.55 -71441 1786.8581
8.51 270.19293 254.77262 46626.941 -66306.9 5162.48 -71469.4 1791.6153
8.52 263.62774 483.88101 46430.81 -66535 5037.05 -71572.1 1783.225
8.53 278.2697 190.8681 46702.897 -66319.3 5316.8 -71636.1 1791.6726
8.54 281.10593 -126.3004 46990.644 -66095.7 5370.99 -71466.7 1795.5999
8.55 263.94526 -253.77766 46950.106 -66586.1 5043.11 -71629.2 1796.4839
8.56 260.90684 -581.81267 47006.356 -66418.6 4985.06 -71403.6 1797.3804
8.57 258.76993 252.85304 46545.015 -66858.8 4944.23 -71803.1 1788.7929
8.58 272.98495 285.27927 46639.116 -66467.1 5215.83 -71682.9 1795.112
8.59 266.48591 -477.62651 47273.83 -66416.5 5091.66 -71508.2 1810.6567
8.6 272.04353 779.11042 46549.025 -66839.4 5197.84 -72037.2 1795.1257
8.61 271.10859 -83.790059 46802.269 -66560.2 5179.98 -71740.2 1807.1045
8.62 274.25148 333.18208 46706.631 -66031.1 5240.03 -71271.2 1802.6849
8.63 266.30649 -288.33809 46972.949 -66392.9 5088.23 -71481.1 1808.4962
8.64 277.17054 -643.73038 47052.196 -66228.2 5295.8 -71524 1811.6804
8.65 272.31018 36.925207 46985.959 -66307.2 5202.94 -71510.2 1809.5626
8.66 251.5536 -192.11873 47066.98 -66331.7 4806.35 -71138.1 1809.2748
8.67 268.91073 47.178102 46946.05 -66005.9 5137.99 -71143.8 1804.1587
8.68 259.71711 20.171496 46790.821 -66404.8 4962.33 -71367.2 1801.3914
8.69 277.0757 135.66792 46705.484 -65895.7 5293.99 -71189.7 1801.7524
8.7 263.73082 -18.773577 46708.835 -66249.3 5039.01 -71288.3 1801.2956
8.71 272.3411 -455.14906 46992.74 -66056.5 5203.53 -71260 1808.1647
8.72 272.43225 697.55824 46651.589 -66337.4 5205.27 -71542.7 1800.9171
8.73 263.36963 -35.935166 46883.978 -66376.7 5032.11 -71408.9 1803.1561
8.74 261.89895 -161.88534 46947.821 -66702.4 5004.01 -71706.5 1806.8404
8.75 269.81974 -852.19591 47383.989 -66326.1 5155.35 -71481.5 1820.7444
8.76 265.93944 -361.96443 47022.007 -66395.1 5081.21 -71476.3 1810.8404
8.77 266.02568 238.82851 46713.499 -66310.8 5082.86 -71393.7 1802.1324
8.78 271.52447 660.15843 46539.123 -66191.6 5187.93 -71379.5 1802.084
8.79 262.59901 -164.70362 46676.526 -66475.2 5017.39 -71492.6 1809.4382
8.8 263.86399 -351.47176 46851.204 -66160.4 5041.56 -71201.9 1818.0815
8.81 259.0763 429.1065 46571.306 -66644 4950.08 -71594.1 1816.7678
8.82 278.45238 393.01886 46707.832 -66184.6 5320.29 -71504.9 1822.199
8.83 270.71474 -260.09726 46925.368 -66429.4 5172.45 -71601.8 1829.528
8.84 272.21973 -49.147386 46831.858 -65933.8 5201.21 -71135 1825.7308
8.85 266.50263 44.801631 46778.892 -66576.9 5091.97 -71668.9 1828.8672
8.86 273.08905 97.363571 46674.251 -66422.4 5217.82 -71640.2 1830.518
8.87 270.46647 309.87705 46719.752 -66454.3 5167.71 -71622 1833.879
8.88 269.4088 253.27555 46591.066 -66422.9 5147.5 -71570.4 1828.1125
8.89 265.2383 -13.611634 46937.354 -66439.6 5067.82 -71507.4 1841.6138
8.9 264.91519 -470.92827 47039.285 -66495 5061.64 -71556.7 1841.6419
8.91 263.62147 264.17507 46716.637 -66697.6 5036.93 -71734.6 1839.3425
8.92 261.8108 347.9477 46524.705 -66575.1 5002.33 -71577.5 1837.3124
8.93 274.9248 152.41079 46739.633 -66716.3 5252.89 -71969.2 1846.7197
8.94 271.19779 326.93722 46691.945 -66550.2 5181.68 -71731.9 1848.5124
8.95 268.03044 -349.28529 47184.31 -66947.7 5121.17 -72068.8 1861.0475
8.96 266.4514 -385.43525 47083.597 -66521.1 5091 -71612.1 1860.7149
8.97 276.69781 -542.74534 47100.919 -66505.5 5286.77 -71792.3 1861.7884
8.98 259.04679 -10.091344 46636.442 -66855.5 4949.52 -71805 1847.6388
8.99 269.06512 147.2249 46814.397 -66417.4 5140.94 -71558.3 1853.8074
9 266.00734 200.36258 46801.628 -66514.1 5082.51 -71596.6 1856.7631
9.01 273.28649 267.11237 46657.361 -66212.5 5221.59 -71434.1 1853.9483
9.02 276.62361 -260.54248 47019.262 -66209.7 5285.35 -71495 1863.7279
9.03 267.10035 482.81694 46409.872 -66589.7 5103.4 -71693.1 1848.7231
9.04 266.83557 532.75637 46481.608 -66293 5098.34 -71391.3 1850.9611
9.05 260.28581 -19.059137 46653.701 -66766.3 4973.19 -71739.5 1861.383
9.06 275.96019 -1.9931568 46767.507 -66432.2 5272.68 -71704.9 1864.2122
9.07 273.49689 504.60847 46525.955 -66453.4 5225.61 -71679 1863.4786
9.08 270.18735 749.81814 46526.349 -66150.2 5162.38 -71312.5 1861.1995
9.09 269.27094 627.72263 46599.126 -66530.4 5144.87 -71675.3 1863.769
9.1 271.84047 280.1273 46666.704 -65920.1 5193.96 -71114.1 1865.5442
9.11 268.46626 30.373199 46630.92 -65852.8 5129.49 -70982.3 1861.8127
9.12 268.37251 -16.787105 47057.34 -66317.4 5127.7 -71445.1 1872.8656
9.13 268.71862 -160.30398 47079.818 -66256.2 5134.31 -71390.5 1873.0132
9.14 267.74623 167.8597 46675.738 -66440.1 5115.74 -71555.9 1867.0873
9.15 270.09644 -361.53732 47062.681 -66101.3 5160.64 -71261.9 1881.0824
9.16 275.17255 -355.14335 47054.146 -66353.6 5257.63 -71611.2 1883.4901
9.17 269.03777 368.25072 46645.481 -66144.6 5140.41 -71285 1878.7883
9.18 267.94059 294.30993 46600.454 -66604.9 5119.45 -71724.4 1876.2577
9.19 268.95566 768.84444 46399.815 -66398.7 5138.84 -71537.5 1875.8184
9.2 264.78898 426.13244 46715.819 -66575.1 5059.23 -71634.4 1886.0787
9.21 271.72884 -134.06662 47080.294 -66960.3 5191.83 -72152.1 1897.877
9.22 271.18196 -251.75695 47008.023 -66582.5 5181.38 -71763.8 1896.6268
9.23 260.70299 205.71888 46691.244 -66801 4981.16 -71782.1 1889.0703
9.24 267.85021 610.45748 46527.752 -66952.9 5117.72 -72070.6 1888.181
9.25 268.90882 411.233 46723.26 -66666.6 5137.95 -71804.5 1896.4464
9.26 270.61124 50.733061 46959.343 -66830.8 5170.48 -72001.2 1907.091
9.27 271.50854 557.9252 46466.174 -66599.1 5187.62 -71786.7 1892.6056
9.28 266.52999 163.08083 46749.552 -66808.2 5092.5 -71900.7 1898.7737
9.29 274.19871 237.63714 46725.285 -66571.7 5239.02 -71810.7 1897.5723
9.3 267.72987 -75.142797 46915.591 -66563.7 5115.42 -71679.2 1900.5321
9.31 264.40894 -280.83525 46947.392 -66744 5051.97 -71795.9 1897.4707
9.32 265.01176 -128.0833 46869.684 -66487.3 5063.49 -71550.8 1895.4402
9.33 269.95565 181.34563 46748.695 -66479 5157.95 -71637 1890.6958
9.34 267.75075 36.564977 46886.759 -66290.5 5115.82 -71406.3 1897.2696
9.35 260.73025 -112.46956 46818.043 -66602.4 4981.68 -71584.1 1899.9715
9.36 265.85035 -144.08106 46898.191 -66309.3 5079.51 -71388.8 1902.4243
9.37 261.88793 -96.389475 46896.093 -66304.7 5003.8 -71308.5 1902.9878
9.38 274.52876 232.93852 46841.558 -66122.1 5245.33 -71367.4 1900.5825
9.39 263.50386 -440.95323 46948.802 -66455.2 5034.68 -71489.9 1910.9074
9.4 275.04955 621.6886 46573.43 -65986.8 5255.28 -71242 1895.2979
9.41 260.77194 383.05823 46489.078 -66124.5 4982.48 -71107 1901.3262
9.42 272.0153 246.50362 46656.918 -65849.1 5197.3 -71046.4 1908.8261
9.43 272.26318 -373.67281 47032.378 -66413.6 5202.04 -71615.7 1921.6023
9.44 261.01371 -180.64544 46979.789 -66273.1 4987.1 -71260.2 1925.5967
9.45 270.63934 399.79984 46675.301 -66534.2 5171.01 -71705.3 1918.0212
9.46 263.53123 -129.02341 46886.131 -66418.3 5035.2 -71453.5 1925.3178
9.47 267.01884 -784.86123 47171.397 -66771 5101.84 -71872.8 1933.1798
9.48 274.60849 -395.43799 47043.088 -66502.4 5246.85 -71749.2 1928.0706
9.49 260.69508 255.50786 46764.367 -66519.5 4981.01 -71500.5 1921.9761
9.5 269.23698 -638.27276 47265.077 -66180.8 5144.22 -71325.1 1937.1038
9.51 270.96256 416.48243 46608.967 -66600.1 5177.19 -71777.3 1927.3574
9.52 276.34181 655.09974 46553.659 -66286.9 5279.97 -71566.9 1927.7848
9.53 256.08151 188.29228 46808.472 -66926.8 4892.86 -71819.7 1933.7726
9.54 269.75973 251.82344 46695.266 -66410.4 5154.21 -71564.6 1933.1576
9.55 273.08561 -92.656259 46854.814 -66208.2 5217.75 -71425.9 1941.283
9.56 274.76422 558.15958 46439.84 -66373.9 5249.83 -71623.7 1929.4193
9.57 265.40545 173.37289 46600.233 -66751.1 5071.01 -71822.1 1937.7707
9.58 272.3294 -397.66841 46933.07 -66434.7 5203.3 -71638.1 1947.7704
9.59 270.01725 -212.81231 46966.556 -66153.6 5159.13 -71312.7 1951.9961
9.6 272.12285 -235.59369 46966.235 -66419.5 5199.36 -71618.9 1955.2248
9.61 274.4799 456.18452 46478.053 -66329.4 5244.39 -71573.8 1944.4217
9.62 275.5898 689.02316 46369.607 -66603.7 5265.6 -71869.3 1939.9392
9.63 273.35078 233.39843 46643.097 -66707.9 5222.82 -71930.7 1949.8792
9.64 276.04186 -124.8251 46842.886 -66316.3 5274.24 -71590.6 1955.1906
9.65 267.62483 251.73692 46821.85 -66597.6 5113.42 -71711.1 1954.7261
9.66 271.99358 -246.40131 47066.288 -66114.2 5196.89 -71311 1961.6525
9.67 272.00398 -298.72366 46893.458 -66166 5197.09 -71363.1 1955.2224
9.68 264.125 -445.32 47111.555 -66387.7 5046.55 -71434.2 1964.3619
9.69 273.97684 116.11934 46873.481 -66252.2 5234.78 -71486.9 1958.1681
9.7 270.7484 521.18399 46367.472 -66146.6 5173.1 -71319.7 1944.1507
9.71 273.39312 316.18532 46627.204 -66309.3 5223.63 -71532.9 1955.2921
9.72 256.22336 348.23608 46333.55 -66784.5 4895.57 -71680.1 1954.4752
9.73 272.90067 936.45725 46371.94 -66213.5 5214.22 -71427.7 1952.031
9.74 263.15326 -301.29836 46909.588 -66486.3 5027.98 -71514.3 1969.0492
9.75 266.55393 -64.966301 46813.052 -66035.8 5092.96 -71128.8 1968.0719
9.76 265.43196 -103.10809 46870.581 -66280.4 5071.52 -71351.9 1970.5276
9.77 265.80976 125.97889 46626.758 -66257.9 5078.74 -71336.7 1962.4933
9.78 278.27395 -136.78915 47049.103 -66094.2 5316.89 -71411.1 1979.5677
9.79 270.04246 -195.71862 46932.896 -66349.2 5159.61 -71508.8 1974.8372
9.8 271.65365 148.21169 46839.282 -65983.5 5190.39 -71173.8 1977.148
9.81 280.48458 -138.51726 46895.846 -65813.6 5359.12 -71172.7 1982.6591
9.82 271.28556 140.99515 46832.462 -66253.2 5183.36 -71436.6 1984.0897
9.83 270.07428 544.69499 46549.439 -65862 5160.22 -71022.2 1981.4421
9.84 273.08618 313.49697 46642.64 -65937.5 5217.76 -71155.3 1981.3946
9.85 265.68076 -683.45879 47217.307 -66098 5076.27 -71174.3 1992.4429
9.86 270.57542 659.10829 46399.208 -66263.9 5169.79 -71433.7 1973.558
9.87 269.73547 671.5632 46462.906 -66165 5153.74 -71318.8 1980.3197
9.88 271.20578 -773.49434 47130.476 -66183.2 5181.84 -71365 2005.1053
9.89 265.45134 431.3353 46655.709 -66543.6 5071.89 -71615.5 1993.7456
9.9 269.16557 -271.34991 47185.715 -66230.2 5142.85 -71373.1 2015.1643
9.91 278.14699 -11.354771 46670.81 -66218.2 5314.46 -71532.6 1998.3193
9.92 260.87671 752.63782 46324.733 -66605 4984.48 -71589.5 1994.7111
9.93 270.34 386.64655 46512.418 -66201.4 5165.29 -71366.7 2007.7139
9.94 271.71921 3.3010671 46741.215 -65965.1 5191.65 -71156.7 2015.1001
9.95 274.89848 -208.12179 46867.084 -66098.6 5252.39 -71351 2017.2428
9.96 268.67288 -610.50185 47086.54 -66529.2 5133.44 -71662.6 2026.3537
9.97 272.6633 585.00172 46570.399 -66279.5 5209.68 -71489.1 2015.762
9.98 275.65423 105.33682 46763.61 -66197.9 5266.83 -71464.7 2021.9443
