0 271.63689 -20.935774 46637.75 -63600.9 5190.07 -68791 10.665313
0.01 267.87084 -732.09149 46606.234 -63836.4 5118.12 -68954.5 20.264089
0.02 273.02208 310.68324 46073.665 -63456.1 5216.54 -68672.7 32.723225
0.03 284.84443 -374.4964 46917.541 -63321 5442.43 -68763.4 41.872678
0.04 269.63217 -664.39357 46648.544 -63849.3 5151.77 -69001 51.50166
0.05 267.67393 -53.904126 46562.468 -64070.6 5114.35 -69184.9 60.46679
0.06 258.42674 -644.13584 46763.59 -64159.6 4937.67 -69097.3 69.715498
0.07 273.93367 322.14433 46268.753 -64187.6 5233.96 -69421.5 79.058046
0.08 271.6172 -300.81034 46627.716 -63965.4 5189.7 -69155.1 86.696858
0.09 271.00281 -385.51048 46692.12 -64189.3 5177.96 -69367.3 93.411912
0.1 268.71545 176.41083 46363.631 -63862.4 5134.25 -68996.7 101.33967
0.11 270.83501 -2.2561032 46471.979 -63403.6 5174.75 -68578.4 107.54812
0.12 270.86596 -351.41513 46732.762 -63537.8 5175.34 -68713.2 116.949
0.13 269.32927 207.79424 46297.034 -63737.7 5145.98 -68883.7 125.59181
0.14 280.96067 -255.99785 46684.301 -63201.9 5368.22 -68570.1 136.68644
0.15 270.37913 -390.5802 46494.541 -63376.5 5166.04 -68542.5 146.73646
0.16 269.1593 605.2864 46380.574 -63485.3 5142.73 -68628.1 154.38381
0.17 282.61563 -563.76297 46826.21 -63059.6 5399.84 -68459.4 164.05394
0.18 272.23687 102.55657 46483.082 -63237.1 5201.54 -68438.6 175.82544
0.19 271.18512 667.42834 46221.364 -62704.8 5181.44 -67886.2 185.90665
0.2 272.51865 746.91289 46062.495 -62684.2 5206.92 -67891.1 199.21214
0.21 270.86491 182.9385 46351.528 -62502.3 5175.32 -67677.6 211.06362
0.22 271.25035 -131.7208 46440.347 -62774.9 5182.69 -67957.5 221.98788
0.23 274.7168 -80.259706 46637.908 -62385.8 5248.92 -67634.7 233.01298
0.24 277.56527 161.36626 46212.163 -62504.8 5303.34 -67808.2 243.65203
0.25 268.05813 915.98246 46004.207 -62931.4 5121.7 -68053.1 251.02362
0.26 276.56046 516.89734 46413.503 -62739.9 5284.15 -68024 264.04695
0.27 266.57351 582.46049 46123.452 -62790.4 5093.33 -67883.8 274.98741
0.28 274.71316 432.59075 46152.217 -62483.7 5248.85 -67732.5 290.92077
0.29 271.88292 -681.77716 46287.397 -62775.7 5194.77 -67970.5 298.257
0.3 275.84094 121.48314 46235.328 -62576.9 5270.4 -67847.3 311.8707
0.31 269.26879 387.40125 46061.03 -62778.9 5144.83 -67923.8 321.42807
0.32 276.29409 -174.06142 46318.739 -63047.3 5279.06 -68326.4 329.79798
0.33 261.47053 542.29274 46199.722 -63357.4 4995.83 -68353.2 338.82696
0.34 274.99109 279.25471 46407.802 -63017.1 5254.16 -68271.3 356.87187
0.35 264.8354 -107.21113 46313.126 -63186.5 5060.12 -68246.6 370.09542
0.36 264.73218 -97.367966 46577.724 -63201.2 5058.15 -68259.4 380.1244
0.37 263.34935 -489.22647 46629.373 -63150.8 5031.73 -68182.6 388.78304
0.38 274.21276 -221.58974 46752.095 -62794.2 5239.29 -68033.5 397.09192
0.39 275.01342 668.67696 45913.124 -62554.7 5254.59 -67809.3 406.0126
0.4 273.81249 142.33814 46216.138 -62654.4 5231.64 -67886.1 425.42114
0.41 268.20181 90.458891 46311.91 -63079.4 5124.44 -68203.9 432.85351
0.42 261.11041 253.85919 46317.534 -62868.5 4988.95 -67857.4 445.33208
0.43 286.43213 781.61279 46075.591 -62612.8 5472.76 -68085.6 456.68205
0.44 272.25488 -5.1255637 46440.424 -62938.4 5201.88 -68140.3 471.10599
0.45 270.8986 -530.57134 46754.363 -62841.2 5175.97 -68017.2 484.16553
0.46 268.02855 962.06343 45938.289 -63393.1 5121.13 -68514.2 482.82348
0.47 275.8859 -1.989535 46421.858 -62979 5271.26 -68250.2 494.32271
0.48 268.51461 -288.38215 46834.976 -63227.6 5130.42 -68358 504.17762
0.49 262.35878 -179.80273 46188.982 -62991.8 5012.8 -68004.6 507.85709
0.5 265.67933 472.49516 46110.861 -63049 5076.24 -68125.3 522.34619
0.51 267.56038 233.65486 46256.472 -63295.3 5112.18 -68407.5 537.0938
0.52 270.03746 -159.82095 46428.413 -63108.6 5159.51 -68268.2 547.46473
0.53 270.11836 -538.19907 46695.329 -62862.5 5161.06 -68023.5 561.08316
0.54 264.42129 -279.29072 46319.135 -63088.5 5052.21 -68140.7 568.8173
0.55 273.41394 506.10997 46290.52 -63141.8 5224.03 -68365.8 574.87274
0.56 266.99715 -238.18466 46576.587 -62991.6 5101.42 -68093 586.315
0.57 277.33388 735.74366 46129.141 -62786.1 5298.92 -68085 589.55991
0.58 271.17879 337.22137 46344.86 -62776.9 5181.32 -67958.2 596.83202
0.59 272.36267 183.34062 46375.773 -62696.7 5203.94 -67900.6 602.16872
0.6 268.81726 -264.70557 46524.776 -62779.1 5136.2 -67915.3 615.42644
0.61 266.19018 -66.214095 46443.237 -62611.6 5086 -67697.6 628.06848
0.62 259.75035 -513.53729 46477.034 -62527.5 4962.96 -67490.5 631.65
0.63 278.96332 295.48555 46397.924 -62434.2 5330.06 -67764.3 643.66563
0.64 273.42424 -165.03622 46432.627 -62621.8 5224.22 -67846 655.41997
0.65 266.93027 -135.528 46671.825 -62537.4 5100.15 -67637.6 667.79342
0.66 269.61842 -559.84541 46340.567 -62822.1 5151.51 -67973.6 678.32007
0.67 266.63893 -69.741473 46119.786 -62599.3 5094.58 -67693.9 685.01558
0.68 270.972 -253.54478 46556.98 -62206.6 5177.37 -67384 697.67335
0.69 276.10411 -401.23486 46403.192 -62641.5 5275.43 -67916.9 703.28307
0.7 257.04655 232.09069 46390.072 -62933.5 4911.3 -67844.8 719.54731
0.71 278.31658 579.67109 46190.885 -62753.5 5317.7 -68071.2 728.42632
0.72 270.02366 -190.8866 46326.521 -63205.2 5159.25 -68364.5 745.038
0.73 265.60683 -215.37992 46489.466 -63352.4 5074.86 -68427.3 752.07987
0.74 263.06822 -641.98075 46663.302 -63570.7 5026.35 -68597 760.95689
0.75 267.44516 322.87626 46196.22 -63179.3 5109.98 -68289.3 760.07597
0.76 260.47707 105.31383 46153.789 -63062.3 4976.85 -68039.1 774.14116
0.77 267.49201 -130.9351 46460.005 -62815.4 5110.88 -67926.3 788.7759
0.78 271.3845 209.94289 46084.904 -62830.9 5185.25 -68016.2 798.49
0.79 275.65156 757.19597 45875.245 -62745.8 5266.78 -68012.6 806.13723
0.8 266.16798 119.36467 46452.167 -62607.2 5085.58 -67692.8 819.8469
0.81 270.21139 154.68991 46276.748 -62919.8 5162.84 -68082.7 832.07947
0.82 274.6468 -211.68541 46363.924 -62783.4 5247.58 -68030.9 837.26035
0.83 276.38846 -133.43984 46401.973 -62552.6 5280.86 -67833.5 843.1853
0.84 267.85637 168.58968 46624.038 -63097.2 5117.84 -68215 858.83971
0.85 265.30838 -106.43988 46310.671 -63216.2 5069.16 -68285.4 866.00682
0.86 269.13238 156.41623 46390.08 -63292 5142.22 -68434.3 871.9791
0.87 269.2943 -496.95425 46722.988 -63607.3 5145.31 -68752.7 885.30812
0.88 277.44149 -91.083466 46553.87 -63088.4 5300.98 -68389.4 883.16923
0.89 266.10924 -472.71715 46704.118 -63370.6 5084.46 -68455 890.66376
0.9 271.97989 139.89371 46300.792 -63295 5196.63 -68491.6 893.36971
0.91 268.15225 292.19828 46445.882 -63460.3 5123.49 -68583.8 906.82671
0.92 272.28811 53.43579 46506.337 -63793.8 5202.52 -68996.3 916.12929
0.93 275.11638 603.99714 46234 -63415.9 5256.55 -68672.5 923.76582
0.94 264.92461 449.10838 46246.789 -63662.3 5061.82 -68724.1 933.23489
0.95 271.72482 -475.46943 46641.467 -63713.7 5191.75 -68905.5 943.5512
0.96 273.50621 419.2784 46457.566 -63592.8 5225.79 -68818.6 951.55755
0.97 275.84157 790.91812 46418.754 -63604.7 5270.41 -68875.1 953.77125
0.98 275.15781 681.1643 46321.525 -63573.4 5257.35 -68830.8 959.42314
0.99 265.81336 -237.73549 46577.341 -63118.7 5078.8 -68197.5 970.85586
1 270.70248 124.97001 46533.618 -63441.6 5172.22 -68613.8 980.64208
1.01 276.03656 109.14838 46320.489 -63022.9 5274.14 -68297 992.94985
1.02 276.91697 245.85174 46618.967 -63269.2 5290.96 -68560.1 1003.5427
1.03 268.02048 61.927224 46394.393 -63571.9 5120.98 -68692.9 1009.705
1.04 276.26836 565.94657 46402.944 -63247 5278.57 -68525.6 1014.8449
1.05 263.05584 -80.583707 46667.82 -63746.4 5026.12 -68772.5 1030.3351
1.06 276.79959 442.71258 46138.717 -63408.6 5288.72 -68697.3 1029.2461
1.07 274.52382 630.48504 46118.551 -63591.4 5245.23 -68836.6 1034.8357
1.08 270.93664 -506.03995 46631.051 -63426 5176.69 -68602.7 1051.3099
1.09 268.76009 -154.16108 46547.316 -63621 5135.11 -68756.1 1053.0757
1.1 272.50084 380.9943 46344.834 -63458.1 5206.58 -68664.7 1063.3372
1.11 272.31011 -442.34191 46640.285 -63578.5 5202.94 -68781.5 1075.5788
1.12 265.98697 1054.0162 46436.127 -63754.3 5082.12 -68836.4 1081.459
1.13 272.29331 643.10363 46206.526 -63708.7 5202.62 -68911.3 1088.2274
1.14 260.29834 -362.83101 46643.461 -63865.5 4973.43 -68838.9 1104.9313
1.15 268.38574 501.83406 46321.217 -63765.3 5127.95 -68893.2 1115.6394
1.16 269.48943 -272.87876 46883.417 -63966.8 5149.04 -69115.8 1127.588
1.17 273.51531 -332.89791 46774.537 -64165.6 5225.96 -69391.6 1129.5887
1.18 272.25148 205.51566 46599.399 -63916.3 5201.82 -69118.1 1137.1924
1.19 271.47089 230.07146 46393.938 -64113.6 5186.9 -69300.5 1144.45
1.2 275.16663 -569.27354 46902.588 -64426.6 5257.51 -69684.2 1155.9883
1.21 267.65399 675.41943 46230.914 -63940 5113.97 -69054 1159.2786
1.22 271.62531 -144.00557 46593.615 -63590.2 5189.85 -68780.1 1171.1273
1.23 266.06171 -338.18577 46779.495 -64233.9 5083.55 -69317.5 1187.0277
1.24 269.43379 -76.669114 46502.172 -64066.8 5147.98 -69214.8 1184.1299
1.25 263.42419 -480.62241 46741.785 -63953.4 5033.16 -68986.5 1201.093
1.26 280.18771 739.64305 46323.266 -63646.1 5353.45 -68999.6 1204.0665
1.27 276.11807 240.33364 46301.257 -63871.3 5275.69 -69147 1213.7099
1.28 264.7829 392.66484 46135.322 -64316.3 5059.12 -69375.4 1217.8151
1.29 281.09731 -208.21684 46356.31 -63634.5 5370.83 -69005.3 1229.2738
1.3 281.79497 336.36457 46481.681 -63246.7 5384.16 -68630.9 1234.5564
1.31 270.56053 332.87151 46255.466 -63187.1 5169.51 -68356.6 1247.8452
1.32 269.77266 -96.266562 46329.231 -62916.5 5154.45 -68070.9 1258.0297
1.33 265.64828 -190.34761 46718.006 -63067.6 5075.65 -68143.3 1277.7447
1.34 264.04026 -249.67102 46436.687 -63646.8 5044.93 -68691.8 1287.5064
1.35 274.67578 -31.252963 46565.347 -63284.1 5248.14 -68532.2 1304.3968
1.36 270.76307 361.20499 46217.089 -63464.2 5173.38 -68637.6 1308.2681
1.37 270.90781 -817.70245 46671.034 -63475.7 5176.14 -68651.9 1327.1436
1.38 275.12044 174.82537 46380.813 -63617.5 5256.63 -68874.1 1338.3232
1.39 275.45939 -134.06017 46650.657 -63624.2 5263.11 -68887.3 1356.0162
1.4 276.57722 335.87769 45996.203 -63245.2 5284.47 -68529.6 1342.7452
1.41 277.0645 -123.80835 46307.166 -63017.5 5293.78 -68311.2 1365.2528
1.42 275.79752 -290.46838 46583.407 -63195.3 5269.57 -68464.8 1377.116
1.43 271.93712 -391.59197 46647.448 -63506.9 5195.81 -68702.7 1379.3204
1.44 282.71035 442.28625 46376.274 -63175.8 5401.65 -68577.4 1386.0595
1.45 276.42816 -314.07886 46521.452 -63146.8 5281.62 -68428.4 1403.4698
1.46 269.2788 -158.03503 46486.27 -63086 5145.02 -68231 1411.2866
1.47 262.73878 364.50423 46316.441 -63088.3 5020.06 -68108.4 1420.024
1.48 277.28261 -180.64132 46579.89 -62637 5297.94 -67934.9 1428.4177
1.49 271.60625 628.22193 46185.804 -62853.6 5189.49 -68043.1 1433.1322
1.5 268.43969 -792.97279 46506.377 -62402.1 5128.99 -67531.1 1452.9003
1.51 270.306 188.70086 46236.033 -62677 5164.64 -67841.7 1443.9069
1.52 271.42187 -311.08758 46538.229 -63054.1 5185.97 -68240.1 1457.3775
1.53 273.12686 120.98759 46096.218 -62384.5 5218.54 -67603 1468.7557
1.54 275.17734 173.57524 46213.146 -61935.1 5257.72 -67192.8 1475.9509
1.55 264.92042 253.1031 46388.317 -61996 5061.74 -67057.7 1490.5843
1.56 279.96118 258.41951 46102.818 -62183.2 5349.12 -67532.3 1490.6518
1.57 268.00845 -290.56618 46362.081 -62428 5120.75 -67548.8 1509.8843
1.58 274.0998 -141.66405 46337.506 -61967.4 5237.13 -67204.5 1516.1212
1.59 278.03108 -128.14162 46258.654 -61485.3 5312.24 -66797.6 1534.7402
1.6 268.29157 139.0542 46449.11 -61476 5126.16 -66602.2 1548.4311
1.61 276.59669 -310.64309 46121.558 -60266.3 5284.84 -65551.1 1549.5472
1.62 269.40444 384.01815 45939.659 -60212.1 5147.42 -65359.5 1569.8336
1.63 268.73379 232.69315 45605.531 -60378.2 5134.6 -65512.8 1575.1978
1.64 274.978 -131.90011 45717.468 -60193.1 5253.91 -65447 1611.0588
1.65 260.88942 784.74036 45340.154 -60645.3 4984.73 -65630.1 1626.7536
1.66 268.66191 -539.77088 46042.352 -60273.1 5133.23 -65406.3 1675.1112
1.67 271.46019 -278.00624 45753.385 -60307.6 5186.7 -65494.3 1689.6594
1.68 269.30001 334.04106 45587.35 -60458.7 5145.42 -65604.2 1706.1374
1.69 268.19376 8.1929293 45973.37 -60338.5 5124.29 -65462.8 1748.0287
1.7 272.44579 -159.06694 45882.528 -60397 5205.53 -65602.6 1769.7158
1.71 282.92492 626.66267 45845.892 -60233.2 5405.75 -65639 1792.1928
1.72 269.18458 -299.5191 46070.022 -60553.1 5143.22 -65696.3 1824.6238
1.73 276.9664 176.21053 46121.738 -60081.2 5291.9 -65373.1 1856.1686
1.74 279.60689 495.03355 45526.6 -60057.5 5342.35 -65399.9 1865.6667
1.75 279.35084 -366.1501 45823.556 -60077 5337.46 -65414.5 1897.2621
1.76 265.63732 873.83272 45824.077 -60519.4 5075.44 -65594.8 1921.2822
1.77 269.9437 -455.78271 45957.713 -60131 5157.72 -65288.8 1950.5183
1.78 275.90678 -434.95384 45826.023 -60302.6 5271.66 -65574.3 1982.299
1.79 265.73091 41.870649 45587.338 -60442.3 5077.23 -65519.5 2015.7984
1.8 271.87535 89.375309 45771.596 -60069.7 5194.63 -65264.3 2042.7102
1.81 276.3725 -206.31643 45927.717 -60181.1 5280.55 -65461.7 2076.7225
1.82 258.31279 -72.424464 45536.357 -60799 4935.49 -65734.5 2089.833
1.83 277.70359 -601.74923 45873.545 -59921.6 5305.99 -65227.6 2140.3371
1.84 267.08033 -277.75566 45371.968 -60288.2 5103.01 -65391.2 2140.2536
1.85 271.44178 349.08753 45604.935 -60208.6 5186.35 -65394.9 2182.5835
1.86 263.67181 -483.57438 45523.786 -60291.8 5037.89 -65329.7 2196.7406
1.87 268.1284 84.035786 45737.2 -60369.5 5123.04 -65492.6 2224.3939
1.88 267.02516 -633.20852 46147.076 -60282.9 5101.96 -65384.8 2250.4894
1.89 273.46579 87.824256 45932.051 -60287.9 5225.02 -65513 2272.2741
1.9 270.32 140.4226 45837.78 -60416.1 5164.91 -65581 2301.0294
1.91 260.85664 -424.3031 45906.21 -60618 4984.1 -65602.1 2325.738
1.92 271.05558 -706.71948 45722.042 -60323 5178.97 -65502 2350.1699
1.93 277.13772 251.85275 45847.139 -60072.4 5295.18 -65367.6 2386.6053
1.94 278.98502 251.68004 45637.431 -60084.6 5330.47 -65415.1 2390.5156
1.95 271.83365 -745.05353 45838.515 -60181.5 5193.83 -65375.3 2435.7257
1.96 272.17317 117.07609 45918.703 -60107.8 5200.32 -65308.1 2459.4131
1.97 271.05592 -377.36797 46134.905 -60097.4 5178.97 -65276.3 2502.3981
1.98 260.76717 -267.19162 45687.271 -60443.6 4982.39 -65426 2518.7116
1.99 265.62595 659.8184 45822.397 -60212.5 5075.22 -65287.7 2566.5068
2 268.11921 290.35352 45891.965 -60334.7 5122.86 -65457.5 2591.7487
2.01 277.48878 -278.16923 45423.418 -60437.5 5301.88 -65739.4 2619.648
2.02 267.1936 26.446474 45988.494 -60164.1 5105.18 -65269.3 2667.999
2.03 265.20451 386.74446 45675.214 -60561.7 5067.17 -65628.9 2683.4801
2.04 272.64899 282.91925 45363.006 -60326.1 5209.41 -65535.5 2701.155
2.05 277.82109 -418.94801 46114.592 -59977.7 5308.23 -65285.9 2760.9245
2.06 280.24404 -279.16558 46026.27 -60236.5 5354.53 -65591 2779.0756
2.07 270.48655 -44.496832 45862.859 -60173.4 5168.09 -65341.5 2797.8511
2.08 260.99084 -457.65681 45907.641 -60611.6 4986.66 -65598.3 2836.4064
2.09 272.84659 126.89866 45798.609 -60103.2 5213.19 -65316.4 2858.4234
2.1 273.36725 -263.15179 45675.043 -59976 5223.13 -65199.1 2882.2608
2.11 267.65806 -32.863707 45765.395 -60538.9 5114.05 -65652.9 2938.3652
2.12 276.15079 -119.39992 45620.16 -60247.5 5276.32 -65523.8 2955.1928
2.13 266.878 496.4743 45773.676 -60431.5 5099.15 -65530.6 2997.4635
2.14 279.11879 -582.41715 45858.025 -60003.6 5333.03 -65336.6 3023.0161
2.15 272.03697 -625.28972 46174.965 -60338.2 5197.72 -65535.9 3056.4925
2.16 275.44085 -193.22042 45783.683 -60251.3 5262.75 -65514.1 3073.1458
2.17 275.12803 93.02258 45609.92 -60135.9 5256.78 -65392.7 3110.8269
2.18 272.83453 -248.63927 45917.122 -60568 5212.96 -65781 3149.2792
2.19 274.05165 -32.086581 45528.971 -60200.9 5236.21 -65437.1 3151.6388
2.2 273.89212 -183.37142 45720.663 -60324.7 5233.16 -65557.8 3173.0585
2.21 271.992 -908.96291 45987.588 -60200.4 5196.86 -65397.3 3212.3384
2.22 275.24388 187.99972 45815.619 -60059.1 5258.99 -65318.1 3246.8547
2.23 265.89384 -301.9207 45770.483 -60655.8 5080.34 -65736.2 3285.7051
2.24 270.46978 -565.75761 45830.345 -60262.8 5167.77 -65430.5 3311.7296
2.25 265.84256 -731.39656 46296.628 -60137.5 5079.36 -65216.9 3365.758
2.26 267.52422 161.41832 45715.713 -60397.3 5111.49 -65508.8 3377.605
2.27 270.28569 -471.07569 45857.076 -60193.2 5164.26 -65357.4 3409.3369
2.28 268.82063 337.08471 45524.061 -60292.2 5136.26 -65428.4 3419.004
2.29 260.90894 -0.99820768 45777.245 -60003 4985.1 -64988.1 3471.1701
2.3 269.51929 -708.42811 46023.207 -60240 5149.61 -65389.6 3493.7499
2.31 263.24563 -485.29057 45906.827 -60397.9 5029.74 -65427.7 3510.0438
2.32 267.32564 341.36369 45448.163 -60287.2 5107.7 -65394.9 3519.9174
2.33 275.68724 400.25513 45514.67 -60000.4 5267.46 -65267.9 3545.3679
2.34 260.38694 -727.51229 45720.641 -60435.1 4975.12 -65410.3 3579.2449
2.35 263.42858 -412.16051 45623.938 -60436.9 5033.24 -65470.1 3594.1191
2.36 273.96815 203.34186 45424.327 -60213.6 5234.62 -65448.2 3617.4014
2.37 277.37565 -184.78089 45460.385 -60095.6 5299.72 -65395.3 3651.0561
2.38 271.0843 -633.75683 46067.535 -60289.1 5179.52 -65468.6 3720.5211
2.39 278.86923 -33.251134 45754.725 -59938.1 5328.26 -65266.3 3750.8006
2.4 278.58471 263.38681 45761.832 -60086 5322.82 -65408.8 3782.8617
2.41 268.88031 122.07509 45873.194 -60280.2 5137.4 -65417.6 3822.9158
2.42 270.34831 593.32405 45368.019 -60408.5 5165.45 -65573.9 3810.2016
2.43 269.2061 354.60136 45997.476 -60256.7 5143.63 -65400.4 3871.3503
2.44 268.809 222.18477 45267.024 -60339.8 5136.04 -65475.9 3857.4515
2.45 281.08427 324.46313 45863.829 -60027 5370.58 -65397.5 3912.5026
2.46 267.06768 437.18048 45599.784 -60356.1 5102.77 -65458.9 3919.3193
2.47 267.36118 -232.34489 45904.636 -60364.9 5108.38 -65473.3 3971.5741
2.48 278.28683 -119.76936 45849.614 -60346.5 5317.13 -65663.6 3992.728
2.49 267.27765 -283.78096 45909.729 -60336.3 5106.78 -65443.1 4016.6668
2.5 265.22498 262.61292 45848.242 -60386 5067.56 -65453.6 4043.6223
2.51 274.45639 302.32866 45785.339 -60326.1 5243.94 -65570 4087.3175
2.52 278.27386 263.03905 45675.443 -60033.7 5316.88 -65350.6 4102.7274
2.53 266.7783 58.369267 45909.901 -60306.7 5097.24 -65403.9 4136.4285
2.54 264.2958 712.4945 45544.292 -60558.7 5049.81 -65608.5 4144.0929
2.55 276.99706 -291.31215 45710.255 -60094.7 5292.49 -65387.2 4176.5028
2.56 267.2717 594.20787 45535.454 -60166.4 5106.67 -65273 4178.9684
2.57 269.39903 -245.62448 45932.707 -60379.8 5147.32 -65527.2 4241.3323
2.58 267.82173 590.57961 45675.851 -60161.8 5117.18 -65279 4253.1799
2.59 261.41598 -55.286095 45483.499 -60663.2 4994.79 -65658 4257.5939
2.6 272.26704 -61.676967 45881.142 -60171.2 5202.11 -65373.3 4322.1573
2.61 268.61963 591.86503 45434.406 -60273.6 5132.42 -65406 4325.2654
2.62 267.72325 713.24915 45361.938 -60648.6 5115.3 -65763.9 4370.5097
2.63 276.58319 -462.05933 45812.099 -60143.9 5284.58 -65428.5 4423.3038
2.64 263.62969 310.85164 45692.96 -60286.2 5037.08 -65323.3 4445.6637
2.65 276.50793 665.14138 45418.801 -60055.6 5283.14 -65338.7 4435.9377
2.66 271.00226 701.30713 45363.95 -60254.1 5177.95 -65432.1 4453.8429
2.67 272.53309 35.091364 45789.15 -59950 5207.2 -65157.2 4528.9533
2.68 272.88567 -388.16376 45849.569 -60288.2 5213.93 -65502.2 4569.882
2.69 267.13702 140.58921 45635.731 -60338.4 5104.1 -65442.5 4575.3344
2.7 274.07086 -247.39501 45703.703 -60087.4 5236.58 -65324 4613.663
2.71 273.24793 240.39222 45855.933 -60437.4 5220.85 -65658.3 4650.1349
2.72 275.11817 88.406362 45750.089 -60143.3 5256.59 -65399.9 4669.8204
2.73 264.46093 -491.51591 45876.752 -60608.3 5052.96 -65661.3 4711.6628
2.74 260.53615 259.29771 45922.135 -60362.5 4977.98 -65340.4 4738.7894
2.75 274.12912 -780.87014 45950.608 -60083.5 5237.69 -65321.2 4772.4351
2.76 268.6841 175.23887 45859.683 -60360.8 5133.66 -65494.5 4771.951
2.77 269.4416 -351.52484 45758.45 -60164.4 5148.13 -65312.6 4806.8352
2.78 275.00055 -539.7026 46071.893 -60244.4 5254.34 -65498.7 4865.7573
2.79 270.03323 -974.11674 46097.327 -60249.9 5159.43 -65409.4 4896.9284
2.8 274.22775 261.38649 45812.476 -60113 5239.58 -65352.5 4891.7863
2.81 265.01421 639.59116 45445.462 -60376.2 5063.54 -65439.7 4896.735
2.82 261.9726 635.95869 45470.027 -60425.5 5005.42 -65430.9 4915.2347
2.83 278.36297 394.48263 45595.351 -60227 5318.59 -65545.6 4941.5762
2.84 267.6068 557.13749 45710.998 -60384.9 5113.07 -65498 4971.2395
2.85 286.06758 -295.13547 45896.367 -59850.6 5465.8 -65316.4 5015.5904
2.86 273.20936 360.96031 45446.995 -60295.9 5220.12 -65516 4994.218
2.87 275.77361 -251.53418 45752.768 -60100 5269.11 -65369.1 5048.831
2.88 272.31515 291.73119 45776.411 -60103.1 5203.03 -65306.1 5078.0547
2.89 273.61657 -289.70602 45910.121 -60170.1 5227.9 -65398 5105.6248
2.9 266.8852 -373.45681 45980.433 -60483.3 5099.28 -65582.6 5130.3829
2.91 274.4529 -354.6048 46336.768 -60178.7 5243.88 -65422.6 5195.4198
2.92 268.64216 460.45792 45491.923 -60477.7 5132.85 -65610.5 5158.0314
2.93 266.93097 -335.3633 45608.845 -60361.7 5100.16 -65461.9 5188.4643
2.94 275.1411 592.30592 45892.548 -59982.1 5257.03 -65239.1 5237.0495
2.95 264.23492 -362.58471 46055.049 -60640.4 5048.65 -65689 5271.4231
2.96 275.31509 -328.22657 45838.693 -60146.4 5260.35 -65406.8 5282.3868
2.97 275.66557 -863.53749 46140.857 -59891.7 5267.05 -65158.7 5343.5247
2.98 263.80961 -356.03501 45569.37 -60257.1 5040.52 -65297.6 5316.6358
2.99 271.41264 -198.49369 45849.724 -60267.7 5185.79 -65453.5 5377.2075
3 276.23232 62.223683 45588.648 -60096.5 5277.88 -65374.4 5388.0798
3.01 265.55726 -48.41143 45609.13 -60501 5073.91 -65574.9 5407.31
3.02 272.34816 -371.47322 45869.364 -59993.5 5203.66 -65197.2 5436.3236
3.03 269.8297 -622.65887 46174.629 -60190.2 5155.54 -65345.8 5475.5788
3.04 276.26704 -701.12787 46274.852 -60297.7 5278.54 -65576.2 5503.6543
3.05 273.07815 -649.66658 45965.126 -60283.8 5217.61 -65501.4 5521.6013
3.06 274.41268 -29.088443 45650.182 -59854.5 5243.11 -65097.6 5521.2158
3.07 273.40834 -96.610855 45690.383 -60255 5223.92 -65478.9 5549.5295
3.08 274.01667 -589.54508 45763.318 -60420.8 5235.54 -65656.4 5577.6049
3.09 274.18113 -232.68554 45694.457 -60573.3 5238.69 -65812 5593.3183
3.1 272.59668 716.14331 45678.529 -60365 5208.41 -65573.5 5616.2219
3.11 280.46771 -434.81112 46097.486 -60097.8 5358.8 -65456.6 5690.3143
3.12 272.88876 350.5988 45576.677 -60088.8 5213.99 -65302.8 5678.5958
3.13 270.8342 297.8411 45384.426 -60452.7 5174.74 -65627.5 5682.234
3.14 272.06376 124.84664 45613.064 -60476 5198.23 -65674.2 5746.3116
3.15 278.55097 321.8871 45580.121 -60150.1 5322.18 -65472.3 5765.7903
3.16 276.26224 -455.32473 45606.293 -60191.7 5278.45 -65470.1 5807.6278
3.17 277.62032 147.28389 45748.622 -60115.5 5304.4 -65419.9 5853.5292
3.18 269.65349 -77.448085 45635.805 -60292.7 5152.18 -65444.9 5890.7854
3.19 265.10977 -565.44681 46064.715 -60237 5065.36 -65302.4 5951.4118
3.2 272.96519 370.9241 45833.352 -60357.2 5215.45 -65572.7 5970.2604
3.21 277.57032 -87.057019 45716.642 -60209.7 5303.44 -65513.1 5973.9087
3.22 269.69335 700.56045 45700.879 -60289.4 5152.94 -65442.3 5984.6801
3.23 278.70444 71.956408 46014.379 -59947.2 5325.11 -65272.3 6054.969
3.24 268.34429 -319.34689 45671.739 -60356.3 5127.16 -65483.4 6061.6088
3.25 274.78934 -576.37113 45947.403 -60025.9 5250.31 -65276.2 6096.5596
3.26 273.95681 -364.01444 46104.354 -60324.4 5234.4 -65558.8 6117.3985
3.27 264.56681 -181.87674 45873.484 -60372.4 5054.99 -65427.3 6121.5389
3.28 257.86964 386.86493 45745.798 -60413.7 4927.03 -65340.7 6112.3784
3.29 276.68276 -69.690291 45691.415 -60085.4 5286.48 -65371.8 6135.9805
3.3 272.07121 -82.125317 46039.719 -60252.4 5198.37 -65450.8 6184.3
3.31 277.07503 656.24223 45617.478 -60082.2 5293.98 -65376.2 6183.8263
3.32 272.28874 16.024063 45895.775 -60399.3 5202.53 -65601.8 6244.3123
3.33 273.78478 -179.1431 45853.585 -60015.5 5231.11 -65246.6 6271.8969
3.34 271.2549 -73.727188 45956.7 -60306.1 5182.77 -65488.8 6297.5131
3.35 268.47515 -5.2563388 45657.193 -60548.2 5129.66 -65677.8 6300.7151
3.36 273.95698 -390.89864 45937.667 -60223.8 5234.4 -65458.2 6323.1796
3.37 283.17631 397.08952 45607.178 -59960.9 5410.55 -65371.5 6349.2279
3.38 286.84985 66.648439 45606.732 -60213.2 5480.74 -65693.9 6385.6053
3.39 270.32766 111.4644 45866.24 -60105.6 5165.06 -65270.6 6433.075
3.4 258.0516 -223.24964 45913.773 -60372.5 4930.5 -65303 6480.4925
3.41 273.97124 338.86268 45559.52 -60048.7 5234.67 -65283.3 6485.0799
3.42 268.61984 591.3435 45779.904 -60217 5132.43 -65349.5 6531.0497
3.43 266.96992 490.77068 45611.794 -60311.9 5100.9 -65412.8 6548.5921
3.44 267.79639 -257.45501 45848.346 -60326.8 5116.69 -65443.5 6578.9717
3.45 269.69017 -278.77588 46077.869 -60215.1 5152.88 -65367.9 6615.2006
3.46 275.214 -577.44477 45685.66 -60204.5 5258.42 -65463 6594.1342
3.47 268.5908 -467.80014 45984.987 -60165 5131.87 -65296.8 6647.3816
3.48 269.80277 482.96592 45540.625 -60545.5 5155.03 -65700.6 6631.2539
3.49 268.09317 272.04709 45573.482 -60086 5122.36 -65208.4 6662.4128
3.5 276.78595 202.4804 45694.88 -60136.4 5288.45 -65424.8 6744.3173
3.51 269.48477 104.7833 45946.614 -60169.7 5148.95 -65318.7 6809.4705
3.52 264.09718 305.17081 45830.771 -60597.3 5046.01 -65643.4 6831.748
3.53 266.28694 -222.41208 45892.784 -60348.5 5087.85 -65436.4 6844.5861
3.54 277.82376 -605.19236 46033.932 -60114.9 5308.28 -65423.2 6871.4032
3.55 271.15436 972.17508 45311.2 -60066.1 5180.85 -65246.9 6844.6664
3.56 262.77698 -85.304452 45739.036 -60247.2 5020.79 -65268 6912.7433
3.57 271.38043 -512.71712 45890.569 -60099.3 5185.17 -65284.5 6962.3464
3.58 278.12411 18.683203 45501.584 -60376.3 5314.02 -65690.3 6957.1102
3.59 272.15795 785.20072 45604.217 -60403.6 5200.03 -65603.7 7004.364
3.6 277.77173 1172.0442 45468.967 -60050.8 5307.29 -65358.1 7037.3124
3.61 267.31799 -140.28607 45865.79 -60246.5 5107.55 -65354 7101.2852
3.62 271.2324 228.64799 45786.691 -60203.1 5182.35 -65385.4 7111.088
3.63 276.47172 626.10871 45442.465 -60476.4 5282.45 -65758.8 7088.6215
3.64 274.62252 -892.42845 46038.235 -60276.2 5247.12 -65523.3 7179.9907
3.65 263.60029 -97.377462 45930.842 -60243.4 5036.52 -65279.9 7203.6411
3.66 270.82436 -300.96291 45809.347 -60142.2 5174.55 -65316.7 7209.7003
3.67 276.76711 -68.867666 45524.557 -60048.9 5288.09 -65337 7213.9164
3.68 270.26128 -111.15621 45710.268 -60182.5 5163.79 -65346.3 7257.345
3.69 276.06049 -222.56282 45907.062 -60123.8 5274.59 -65398.4 7319.6682
3.7 269.1306 191.68412 45789.165 -60433.9 5142.19 -65576 7356.83
3.71 268.50273 910.1151 45505.718 -60154.2 5130.19 -65284.4 7357.6433
3.72 279.45985 -5.97314 45729.979 -60432.8 5339.54 -65772.4 7388.676
3.73 273.97962 -269.17805 46000.714 -59964 5234.84 -65198.8 7454.1921
3.74 274.54407 -64.408454 45848.16 -60355.7 5245.62 -65601.3 7458.5293
3.75 264.2038 503.05692 45656.21 -60497.5 5048.05 -65545.6 7450.2951
3.76 270.32645 282.97095 45933.537 -60240.1 5165.04 -65405.1 7525.2149
3.77 268.20255 148.95676 45505.576 -60428.9 5124.45 -65553.4 7511.865
3.78 273.20706 384.71313 45782.197 -60065.5 5220.07 -65285.6 7586.6845
3.79 263.44462 327.96264 45473.192 -60505.6 5033.55 -65539.2 7558.4793
3.8 274.40799 -195.30208 45644.044 -60270.4 5243.02 -65513.4 7588.9351
3.81 264.90179 -844.73966 45727.372 -60294.1 5061.39 -65355.4 7654.334
3.82 266.409 -141.94322 45904.981 -60215 5090.19 -65305.1 7683.4806
3.83 275.26314 -157.25512 45593.006 -60190.8 5259.36 -65450.2 7683.0648
3.84 267.93591 -478.26687 45783.012 -60497.3 5119.36 -65616.7 7711.687
3.85 277.92184 -777.6574 46049.257 -60207.8 5310.16 -65517.9 7757.7829
3.86 269.47954 -138.71275 46110.486 -60402.3 5148.85 -65551.1 7787.2932
3.87 276.57688 564.58175 45657.659 -60424.6 5284.46 -65709 7755.3999
3.88 268.32017 64.776957 45843.283 -60376 5126.7 -65502.7 7806.9966
3.89 278.90574 -135.92426 45484.433 -60003.7 5328.96 -65332.7 7783.3577
3.9 263.4644 -293.74081 45614.497 -60461.5 5033.92 -65495.4 7814.0607
3.91 273.26796 -11.883935 45522.92 -60350.7 5221.24 -65572 7859.3783
3.92 273.50138 299.6655 45492.871 -60299.6 5225.7 -65525.3 7903.2525
3.93 268.70515 187.68113 46058.334 -60148.9 5134.06 -65283 8001.1237
3.94 277.77466 511.82739 45694.066 -60175.3 5307.35 -65482.6 8000.1265
3.95 270.70684 298.46244 45477.602 -60533.4 5172.3 -65705.7 7994.7776
3.96 269.35317 705.25687 45495.727 -60390.9 5146.44 -65537.4 8026.9112
3.97 273.39594 -35.302793 45867.617 -60027.9 5223.68 -65251.6 8082.641
3.98 274.83056 -820.46255 46106.058 -60201.8 5251.09 -65452.9 8126.7
3.99 270.6808 244.16542 45691.901 -60344.6 5171.81 -65516.4 8100.563
4 279.51782 -478.64362 45814.378 -60001.3 5340.65 -65342 8126.5503
4.01 272.56207 -167.86384 46041.307 -60173.5 5207.75 -65381.3 8160.4928
4.02 267.2685 177.99404 45678.854 -60623.6 5106.61 -65730.2 8154.4917
4.03 277.21094 -59.615425 45733.351 -60044.4 5296.57 -65341 8173.8728
4.04 277.79509 -127.71047 45839.856 -60150.8 5307.74 -65458.5 8227.8659
4.05 258.99697 -36.640486 45463.902 -60443.5 4948.57 -65392.1 8216.7152
4.06 271.82831 -506.00478 46044.078 -59897.5 5193.73 -65091.2 8315.2363
4.07 265.46497 -656.01039 46070.251 -60246.6 5072.15 -65318.7 8353.8026
4.08 271.11758 -350.27858 45684.256 -60171.1 5180.15 -65351.3 8325.7775
4.09 269.40797 -729.07789 45959.315 -60157.5 5147.49 -65305 8386.5829
4.1 273.27555 318.99298 45809.114 -60417.1 5221.38 -65638.4 8395.2499
4.11 274.86987 342.45376 45624.754 -60049.3 5251.84 -65301.2 8379.1963
4.12 267.19673 230.47666 45582.231 -60304.6 5105.24 -65409.8 8415.2194
4.13 273.86617 -2.6052046 45684.383 -60229.9 5232.67 -65462.5 8466.5926
4.14 266.56398 223.13692 45554.86 -60034.6 5093.15 -65127.7 8470.7459
4.15 273.89459 -718.08782 45855.707 -60187.3 5233.21 -65420.5 8546.7991
4.16 269.57304 -325.17923 46007.598 -60198 5150.64 -65348.6 8617.4752
4.17 278.45597 -588.76125 45682.269 -60146 5320.36 -65466.4 8584.6512
4.18 275.31898 225.03542 45816.631 -60087.2 5260.43 -65347.7 8615.6387
4.19 268.91029 -352.0372 45499.842 -60391.8 5137.98 -65529.8 8596.9024
4.2 281.19307 102.92121 45709.877 -60106.9 5372.66 -65479.5 8655.6974
4.21 275.95383 -70.691297 45826.845 -60282.8 5272.56 -65555.4 8690.6313
4.22 268.69224 -421.01508 45742.476 -60035.8 5133.81 -65169.6 8730.3379
4.23 273.92281 -458.80574 45883.01 -60102.3 5233.75 -65336 8773.9601
4.24 272.63982 -135.34447 46095.003 -60139.1 5209.24 -65348.3 8836.0931
4.25 287.35074 460.67678 45844.111 -60147.7 5490.31 -65638 8827.885
4.26 265.52261 380.23339 45595.323 -60409.4 5073.25 -65482.7 8817.4504
4.27 262.20961 -547.87473 45877.208 -60544.3 5009.95 -65554.2 8871.5277
4.28 275.66285 -245.14752 46019.854 -60357.3 5267 -65624.3 8924.6625
4.29 262.5343 -590.83067 45956.459 -60352 5016.15 -65368.2 8968.3918
4.3 269.62435 -29.953689 45837.322 -60260.9 5151.62 -65412.5 8992.4093
4.31 281.81349 182.41463 45690.101 -60348.4 5384.51 -65732.9 8986.0949
4.32 276.32774 389.31468 45533.558 -60101 5279.7 -65380.7 8976.3575
4.33 275.02099 -431.47097 45882.797 -60193.7 5254.73 -65448.5 9060.8872
4.34 271.67704 232.96584 45919.795 -60315 5190.84 -65505.9 9090.91
4.35 267.61912 15.685853 45672.95 -60378.7 5113.31 -65492 9093.1265
4.36 270.01692 130.24009 45779.696 -60185.5 5159.12 -65344.6 9174.2059
4.37 268.17888 -556.56152 46211.823 -60391.6 5124 -65515.6 9238.369
4.38 266.8221 -74.88057 45844.279 -60294.9 5098.08 -65393 9241.9349
4.39 277.3639 -190.2064 45559.124 -60171.4 5299.5 -65470.9 9241.7284
4.4 266.82386 -590.80199 45908.272 -60417.8 5098.11 -65515.9 9323.7386
4.41 280.33266 435.63596 45323.624 -60025.6 5356.22 -65381.8 9275.5366
4.42 273.57406 1.9555476 45845.526 -60311.1 5227.09 -65538.2 9370.9036
4.43 267.02165 -148.64567 45886.681 -60425.1 5101.89 -65527 9422.1063
4.44 274.40052 392.00473 45803.911 -59985.3 5242.88 -65228.2 9441.5758
4.45 274.40019 781.94704 45443.474 -60263.4 5242.87 -65506.3 9449.7517
4.46 266.54797 295.78901 45568.103 -60234.8 5092.84 -65327.6 9483.8427
4.47 274.19184 590.32645 45315.053 -59965.8 5238.89 -65204.7 9500.823
4.48 265.91319 119.28823 45661.041 -60224.7 5080.71 -65305.4 9595.8451
4.49 270.65626 78.495791 45821.036 -60469.8 5171.34 -65641.2 9614.0477
4.5 276.31795 234.39712 45669.472 -60409.6 5279.51 -65689.1 9617.1183
4.51 271.10315 41.000794 45764.351 -60160.9 5179.88 -65340.8 9671.5969
4.52 278.45724 11.751486 45602.878 -60071.9 5320.39 -65392.2 9668.295
4.53 269.53216 385.48612 45741.111 -60252.8 5149.86 -65402.6 9689.6475
4.54 278.83315 -509.64972 45474.699 -60182.2 5327.57 -65509.7 9672.2806
4.55 270.46809 307.34079 45683.367 -60574.9 5167.74 -65742.7 9742.237
4.56 260.44314 -409.97387 46020.724 -60238.2 4976.2 -65214.4 9788.2392
4.57 271.81526 -319.40749 46147.975 -60192.8 5193.48 -65386.3 9806.2403
4.58 273.17694 32.263339 45813.243 -60244.6 5219.5 -65464.1 9792.4911
4.59 275.87075 307.95162 45322.292 -60112.2 5270.97 -65383.1 9749.163
4.6 265.06658 213.38777 45450.766 -60581.1 5064.54 -65645.6 9787.0458
4.61 280.50406 -742.99298 46174.956 -60054.7 5359.5 -65414.2 9950.6677
4.62 277.83153 411.11402 45747.938 -60219.9 5308.43 -65528.3 9909.4341
4.63 256.41134 664.04732 45475.032 -60523.6 4899.16 -65422.7 9915.8928
4.64 272.55321 56.426955 45765.459 -60315.7 5207.58 -65523.3 9992.1748
4.65 272.3835 -19.792983 45884.443 -60061.1 5204.34 -65265.4 10049.939
4.66 275.09087 442.81784 45802.215 -60304.1 5256.07 -65560.1 10060.875
4.67 261.38709 -192.99708 45763.051 -60380.5 4994.23 -65374.8 10082.298
4.68 267.09556 -406.97537 45916.785 -60274.4 5103.3 -65377.7 10136.122
4.69 274.96224 19.533338 45765.739 -60038 5253.61 -65291.6 10152.106
4.7 280.25137 137.46399 45901.116 -60281.3 5354.67 -65635.9 10195.946
4.71 262.50124 -303.50659 45793.394 -60638.5 5015.52 -65654.1 10232.121
4.72 276.44918 933.20901 45489.045 -60158.1 5282.02 -65440.1 10220.308
4.73 274.25898 -656.39883 46027.239 -60136.8 5240.17 -65377 10328.007
4.74 263.16928 -468.62664 45857.592 -60205.2 5028.29 -65233.5 10336.194
4.75 261.61177 436.18924 45791.832 -60520.2 4998.53 -65518.7 10334.68
4.76 275.66254 -279.76019 45942.332 -60042.7 5266.99 -65309.7 10379.801
4.77 274.7051 -174.76341 46021.752 -60221.3 5248.7 -65470 10412.613
4.78 270.50231 124.97432 45625.011 -60402.1 5168.4 -65570.5 10385.168
4.79 276.69183 -186.03056 45743.931 -60100.4 5286.66 -65387 10435.568
4.8 269.71368 -634.53831 46031.349 -60033.6 5153.33 -65186.9 10511.027
4.81 265.1234 -224.40376 45515.135 -60444.1 5065.62 -65509.7 10458.097
4.82 271.56878 -261.22367 45697.142 -60349.7 5188.77 -65538.5 10491.705
4.83 272.65902 564.78261 45802.862 -60239.4 5209.6 -65449 10574.882
4.84 266.35586 -232.12486 45784.486 -60327.2 5089.17 -65416.4 10585.551
4.85 273.99655 788.42114 45457.523 -60130.5 5235.16 -65365.6 10534.498
4.86 274.80991 -809.85192 45775.945 -60264.5 5250.7 -65515.2 10599.163
4.87 267.05489 48.42162 45725.73 -60322.8 5102.53 -65425.3 10595.502
4.88 276.72211 -610.29533 45762.62 -60053.6 5287.24 -65340.9 10636.536
4.89 278.75941 436.87033 45293.027 -60172.1 5326.16 -65498.2 10551.344
4.9 274.58367 -93.734324 45643.687 -60156.1 5246.38 -65402.4 10637.597
4.91 271.04195 -31.067778 45843.272 -60327.4 5178.71 -65506.1 10678.091
4.92 270.42475 806.31271 45667.47 -60240.6 5166.91 -65407.5 10720.258
4.93 274.48675 61.672382 45759.372 -60436 5244.52 -65680.5 10752.829
4.94 275.22502 55.640228 45779.001 -59823.9 5258.63 -65082.6 10782.626
4.95 276.4664 431.61784 45529.503 -60110.3 5282.35 -65392.7 10772.951
4.96 268.89672 -621.29285 45956.819 -60194.4 5137.72 -65332.1 10853.111
4.97 278.28184 -247.72277 46124.641 -59973.8 5317.04 -65290.9 10898.428
4.98 269.68113 371.95288 45851.693 -60283.4 5152.71 -65436.1 10873.341
4.99 287.7207 488.09278 45777.761 -59739.7 5497.38 -65237.1 10875.321
5 275.02134 -754.60655 46063.22 -60272.3 5254.74 -65527 10943.081
5.01 268.89564 -387.63374 45864.576 -60351.5 5137.7 -65489.2 10932.333
5.02 273.18 110.93967 45755.426 -60250.7 5219.56 -65470.2 10964.159
5.03 267.31576 -193.80967 45829.239 -60448.1 5107.51 -65555.6 11001.772
5.04 273.94169 866.98204 45395.787 -60192.8 5234.11 -65426.9 10983.168
5.05 275.74141 -497.50761 46239.513 -59941.8 5268.5 -65210.3 11146.66
5.06 273.15567 -71.258453 45989.284 -60276.6 5219.09 -65495.7 11146.616
5.07 272.96905 -367.13946 46022.372 -60087.4 5215.53 -65303 11168.885
5.08 278.40269 -44.972725 45870.709 -60200.4 5319.35 -65519.7 11169.916
5.09 265.50957 -697.83973 45941.001 -60661.8 5073 -65734.8 11207.484
5.1 273.04169 -280.58688 46233.54 -60098.7 5216.91 -65315.6 11273.611
5.11 258.72005 71.518045 46058.242 -60565.1 4943.28 -65508.4 11275.689
5.12 261.59507 945.37052 45390.119 -60458.2 4998.21 -65456.4 11211.946
5.13 273.9253 -104.99632 45678.012 -60048.7 5233.8 -65282.5 11291.596
5.14 281.05071 -680.48584 46096.301 -60217.2 5369.94 -65587.1 11383.603
5.15 272.76249 428.66794 45382.86 -60448.7 5211.58 -65660.3 11295.109
5.16 268.88778 -357.21208 45914.282 -60064.7 5137.55 -65202.2 11423.665
5.17 265.40347 359.24342 45625.565 -60274.3 5070.97 -65345.3 11415.511
5.18 265.85626 140.47584 45763.717 -60511.4 5079.62 -65591 11459.144
5.19 268.96304 391.42078 45465.786 -60210 5138.99 -65349 11452.327
5.2 276.29323 -542.08226 46106.681 -60017.1 5279.04 -65296.1 11590.779
5.21 277.43277 596.35952 45702.027 -59977.2 5300.81 -65278 11541.191
5.22 265.56201 -5.5040829 45784.716 -60211.1 5074 -65285.1 11565.283
5.23 268.99266 -205.6024 45745.792 -60360.7 5139.55 -65500.2 11603.273
5.24 270.37104 664.7126 45461.444 -60190.3 5165.89 -65356.2 11601.991
5.25 281.28956 146.0104 45704.804 -60017.4 5374.5 -65391.9 11654.749
5.26 266.26003 728.85266 45357.247 -60161.9 5087.34 -65249.2 11666.761
5.27 274.19657 441.23422 45480.289 -60108.1 5238.98 -65347.1 11687.926
5.28 277.60845 269.26687 45618.899 -60176 5304.17 -65480.2 11707.256
5.29 263.89671 -796.11865 46041.741 -60466.3 5042.18 -65508.5 11816.47
5.3 270.71892 -103.18482 46263.803 -60183.5 5172.53 -65356 11883.665
5.31 271.84111 273.59604 45522.477 -60334.7 5193.98 -65528.7 11795.162
5.32 278.22639 359.80031 45844.172 -60043.6 5315.98 -65359.6 11867.926
5.33 266.97417 78.174881 45726.934 -60399.7 5100.98 -65500.7 11859.236
5.34 288.5626 -204.25195 45886.646 -59968.9 5513.47 -65482.4 11917.151
5.35 270.52908 -440.83757 45759.287 -60340.3 5168.91 -65509.2 11917.829
5.36 278.90876 -659.08561 46139.318 -59823.4 5329.01 -65152.4 11988.691
5.37 270.59928 128.97205 45465.945 -60070.3 5170.25 -65240.6 11894.194
5.38 267.30003 154.60707 45559.714 -60516 5107.21 -65623.2 11957.54
5.39 273.00705 206.08354 45662.552 -60250.1 5216.25 -65466.3 12003.469
5.4 264.11752 265.19052 45690.489 -60512.2 5046.4 -65558.6 12067.574
5.41 265.2073 -513.15026 45955.832 -60585 5067.23 -65652.3 12134.453
5.42 270.69246 -251.46191 45807.303 -60411.2 5172.03 -65583.2 12132.678
5.43 265.9261 425.6464 45825.212 -60301.3 5080.96 -65382.3 12149.073
5.44 277.50747 306.86073 45872.03 -60041.8 5302.24 -65344 12184.679
5.45 272.05375 155.58758 45646.601 -60265.8 5198.04 -65463.9 12166.966
5.46 261.92725 -581.00428 45936.052 -60228.5 5004.55 -65233 12283.139
5.47 266.05894 756.67749 45526.347 -60627.9 5083.5 -65711.4 12227.779
5.48 269.19915 31.525275 45731.679 -60470.1 5143.5 -65613.6 12321.886
5.49 267.89883 323.25312 45537.494 -60291.7 5118.65 -65410.4 12305.564
5.5 272.68518 914.4584 45809.866 -60272 5210.1 -65482.1 12413.839
5.51 270.57164 177.72642 45847.373 -60257.3 5169.72 -65427 12436.632
5.52 272.85495 508.25581 45689.093 -60384 5213.35 -65597.4 12428.2
5.53 263.05901 -20.655798 45516.532 -60371.1 5026.18 -65397.2 12443.113
5.54 269.31443 199.87607 45686.111 -60253.5 5145.7 -65399.2 12518.083
5.55 275.6477 -81.770869 45729.072 -60214 5266.71 -65480.7 12556.839
5.56 266.61009 309.23866 45665.801 -60291.6 5094.03 -65385.6 12582.477
5.57 273.66344 -140.21433 46069.851 -59990.8 5228.79 -65219.6 12662.808
5.58 277.32303 -582.2505 46010.735 -60155.7 5298.72 -65454.4 12691.218
5.59 267.25255 48.394717 45638.899 -60302.3 5106.3 -65408.6 12672.467
5.6 276.48029 415.04328 46027.573 -59817.3 5282.61 -65100 12740.679
5.61 274.11729 -188.77546 45977.669 -60146 5237.47 -65383.5 12740.087
5.62 266.16254 -418.84029 45695.081 -60548.7 5085.48 -65634.2 12725.7
5.63 262.88726 268.37184 45592.188 -60271.8 5022.9 -65294.7 12725.229
5.64 273.29885 -744.81539 46010.306 -60448.5 5221.83 -65670.3 12815.993
5.65 265.67923 144.40295 45564.562 -60142.3 5076.24 -65218.5 12802.869
5.66 274.7519 291.05439 45750.682 -60100.3 5249.59 -65349.9 12867.069
5.67 265.69023 164.72612 45572.358 -60596.9 5076.45 -65673.3 12853.192
5.68 274.63883 -545.99282 46028.201 -60094.8 5247.43 -65342.3 12942.292
5.69 268.17627 80.784203 46071.741 -60348.2 5123.95 -65472.2 12983.804
5.7 271.59997 -95.563755 45743.263 -60362.8 5189.37 -65552.1 12983.059
5.71 267.27473 -279.29832 45679.557 -60440.1 5106.73 -65546.8 12996.148
5.72 269.18858 -111.37394 45783.64 -60132.7 5143.29 -65276 13052.278
5.73 274.33052 409.86857 45759.772 -60312.8 5241.54 -65554.3 13065.281
5.74 262.63102 -534.44161 45850.134 -60499.9 5018 -65517.9 13133.928
5.75 271.35548 -332.23985 45893.37 -60213.3 5184.7 -65398 13163.216
5.76 256.79808 475.19779 45304.309 -60410 4906.55 -65316.6 13045.443
5.77 272.83555 -176.61869 45848.287 -60113.8 5212.98 -65326.8 13197.817
5.78 272.82303 366.07445 45536.543 -60544.1 5212.74 -65756.8 13130.798
5.79 271.38777 -293.09796 45701.228 -60244.4 5185.31 -65429.8 13181.687
5.8 269.43397 -99.230675 45950.487 -60227.3 5147.98 -65375.3 13277.468
5.81 272.25523 214.17932 45828.74 -60470.3 5201.89 -65672.2 13300.193
5.82 272.58996 -426.91314 45929.429 -60251.7 5208.28 -65459.9 13372.004
5.83 268.48005 220.8909 45700.534 -60174.9 5129.76 -65304.7 13348.832
5.84 283.15753 162.23287 45684.153 -60228.4 5410.19 -65638.6 13371.135
5.85 283.30124 801.33865 45669.187 -60000.8 5412.94 -65413.8 13443.379
5.86 268.32169 -208.95586 45808.739 -60353.2 5126.73 -65480 13488.292
5.87 272.5139 381.53103 45679.971 -60214.8 5206.83 -65421.6 13465.221
5.88 267.48828 716.58276 45284.368 -60251.1 5110.81 -65362 13395.199
5.89 267.61917 -652.20395 45854.737 -60329.7 5113.31 -65443 13553.138
5.9 278.01374 -101.26464 45672.818 -60172.6 5311.91 -65484.5 13526.625
5.91 265.81398 663.51484 45651.429 -60154.2 5078.82 -65233 13565.15
5.92 267.83273 1050.3069 45224.896 -60386.3 5117.39 -65503.7 13483.476
5.93 271.96021 -12.371962 45679.035 -60142.5 5196.25 -65338.8 13588.186
5.94 273.179 226.35642 45508.7 -60276.6 5219.54 -65496.1 13606.887
5.95 282.2317 159.1979 45844.513 -59816.4 5392.5 -65208.9 13730.741
5.96 262.18479 -341.26007 46149.461 -60209.3 5009.48 -65218.8 13825.636
5.97 271.71548 570.99484 45629.341 -60436.5 5191.57 -65628.1 13758.196
5.98 274.33958 532.9767 45869.935 -60240.7 5241.71 -65482.4 13814.158
5.99 269.95745 -0.12681042 45853.483 -60225.2 5157.98 -65383.2 13842.88
6 267.92336 -757.73874 45733.234 -60389.7 5119.12 -65508.9 13835.965
6.01 275.82604 -298.95149 45862.56 -60047.7 5270.11 -65317.8 13899.155
6.02 271.89337 352.96886 45873.35 -60365 5194.97 -65559.9 13930.278
6.03 263.09369 387.60989 45651.796 -60504.9 5026.84 -65531.7 13898.114
6.04 275.08983 209.05704 45760.174 -60179.3 5256.05 -65435.4 13909.059
6.05 269.69545 -741.0435 46289.044 -60276.4 5152.98 -65429.4 14050.469
6.06 274.26907 -73.479712 45716.868 -59907.7 5240.37 -65148 13952.258
6.07 268.48535 71.432502 45623.732 -60297.1 5129.86 -65427 13954.827
6.08 281.09835 687.39659 45295.316 -60218.9 5370.85 -65589.8 13885.593
6.09 277.34578 -328.93936 45794.645 -60001.5 5299.15 -65300.6 14002.362
6.1 272.11168 -499.8354 45798.511 -60167.7 5199.15 -65366.9 14032.969
6.11 265.12212 159.09821 45444.745 -60601.3 5065.6 -65666.9 13996.572
6.12 265.69442 -478.52051 46226.222 -60309.3 5076.53 -65385.8 14184.583
6.13 267.99625 1301.0839 45585.823 -60278.2 5120.51 -65398.7 14108.793
6.14 283.81933 526.25889 45742.226 -59924.8 5422.84 -65347.6 14150.122
6.15 265.83373 475.03026 45409.76 -60330 5079.19 -65409.2 14139.517
6.16 278.55056 -167.88871 46047.463 -59907.3 5322.17 -65229.4 14310.414
6.17 255.87663 229.35707 45687.549 -60535.9 4888.95 -65424.9 14261.651
6.18 271.71961 286.96761 45798.573 -60305 5191.65 -65496.7 14290.742
6.19 267.96962 152.7309 45598.254 -60364.2 5120 -65484.2 14274.319
6.2 270.55144 -316.02159 46152.213 -60190.1 5169.33 -65359.4 14428.953
6.21 273.59817 -242.69968 45723.721 -60247.2 5227.55 -65474.8 14373.117
6.22 272.69152 -213.34556 45690.178 -60283.5 5210.22 -65493.8 14383.455
6.23 261.95619 -55.353052 46001.282 -60482.1 5005.11 -65487.2 14434
6.24 278.23676 216.21751 45880.767 -59905 5316.17 -65221.2 14449.573
6.25 270.55393 -238.42255 46053.706 -60319.9 5169.38 -65489.3 14483.453
6.26 270.50613 -186.89892 45746.221 -60092.8 5168.47 -65261.3 14466.971
6.27 270.93806 -688.60356 45823.18 -60395.4 5176.72 -65572.1 14524.964
6.28 263.38851 -440.85599 46073.663 -60615.4 5032.47 -65647.9 14611.899
6.29 276.31139 -122.30433 45757.123 -60415.6 5279.39 -65695 14609.823
6.3 259.87457 317.156 45899.203 -60422 4965.33 -65387.3 14666.251
6.31 270.09045 157.98981 45869.008 -60448.9 5160.53 -65609.4 14720.093
6.32 271.86584 9.7340854 45761.773 -60074.4 5194.45 -65268.9 14749.771
6.33 267.22156 365.71722 45568.278 -60076.2 5105.71 -65181.9 14747.791
6.34 271.28624 -535.97032 46009.179 -60335.7 5183.37 -65519.1 14875.665
6.35 269.0223 -81.381168 45858.484 -60180.4 5140.12 -65320.5 14878.535
6.36 277.46537 -444.05993 45923.027 -60070 5301.44 -65371.4 14939.4
6.37 270.94061 -150.64949 45932.484 -60233.8 5176.77 -65410.6 14992.858
6.38 268.78307 -13.439051 45756.742 -60268.6 5135.55 -65404.2 15002.911
6.39 276.74919 -550.98213 45862.086 -59941.1 5287.75 -65228.8 15049.794
6.4 268.62592 -152.68076 45958.708 -60107.6 5132.54 -65240.2 15074.087
6.41 271.47379 66.104214 45908.788 -60439.8 5186.96 -65626.7 15070.986
6.42 277.30329 -669.76342 46314.384 -60131.6 5298.34 -65429.9 15173.416
6.43 272.3306 6.9748325 45673.801 -60423.4 5203.33 -65626.7 15078.458
6.44 269.94058 -115.71932 46054.024 -60240.3 5157.66 -65398 15147.319
6.45 260.52088 -897.28626 45928.001 -60665.4 4977.68 -65643.1 15113.847
6.46 275.29491 -269.08313 45827.82 -60205.9 5259.97 -65465.9 15131.627
6.47 277.30187 -750.54852 46015.12 -60146 5298.31 -65444.3 15237.21
6.48 278.9244 55.735095 45707.936 -59997.3 5329.31 -65326.7 15224.408
6.49 273.3372 -617.2199 46124.114 -60001.5 5222.56 -65224.1 15312.382
6.5 272.41176 -14.489114 45788.648 -60193.6 5204.88 -65398.5 15253.36
6.51 282.17069 175.8842 45795.608 -59872 5391.34 -65263.3 15277.323
6.52 261.50063 237.76405 45438.031 -60451.4 4996.4 -65447.8 15257.256
6.53 265.95259 -9.0721499 45951.664 -60155.9 5081.47 -65237.4 15391.628
6.54 280.52482 239.99633 45490.456 -60088.7 5359.89 -65448.6 15306.632
6.55 278.74459 -91.702105 45980.958 -60301.8 5325.88 -65627.7 15435.802
6.56 276.37632 401.86694 45537.101 -60548 5280.63 -65828.6 15380.071
6.57 274.89035 -504.08435 45877.195 -60025.5 5252.24 -65277.8 15503.057
6.58 269.48599 -130.41974 45938.953 -60186.7 5148.98 -65335.7 15548.725
6.59 267.82929 -518.35864 45911.498 -60502.3 5117.32 -65619.6 15599.223
6.6 265.86327 -127.62849 45826.47 -60219 5079.76 -65298.8 15605.276
6.61 279.43453 -505.81664 45914.703 -60225.3 5339.06 -65564.3 15660.888
6.62 264.88936 311.93274 45379.611 -60393.8 5061.15 -65455 15568.392
6.63 261.14533 105.44457 45807.419 -60686.7 4989.61 -65676.3 15648.864
6.64 272.35831 157.18847 45768.029 -60096.8 5203.86 -65300.7 15684.968
6.65 281.48174 367.79288 45634.22 -60262.1 5378.18 -65640.2 15660.734
6.66 277.98856 -223.74426 45881.761 -59906.8 5311.43 -65218.2 15733.402
6.67 273.55809 462.05928 45674.436 -60120.9 5226.78 -65347.6 15727.362
6.68 271.99764 -92.681746 45623.271 -60016.1 5196.97 -65213 15762.562
6.69 266.55534 123.58705 45617.306 -60572.6 5092.98 -65665.5 15786.444
6.7 273.60969 59.884292 45751.762 -60018.1 5227.77 -65245.9 15860.711
6.71 275.7901 367.56818 45798.14 -60479 5269.43 -65748.4 15899.917
6.72 266.09863 458.64459 45477.214 -60514.6 5084.26 -65598.8 15863.966
6.73 268.55221 -943.07088 46212.252 -60032.6 5131.14 -65163.8 16099.136
6.74 268.47576 7.8472935 45604.472 -60290.9 5129.67 -65420.5 15998.704
6.75 276.45434 43.507563 45780.849 -59995.3 5282.12 -65277.4 16031.102
6.76 276.59026 -74.064622 45388.351 -60276 5284.72 -65560.7 15962.802
6.77 269.21728 -101.29995 45709.66 -60170.5 5143.84 -65314.3 16071.956
6.78 265.41289 708.52508 45443.273 -60370.9 5071.15 -65442 15999.438
6.79 273.5697 -339.30558 45848.402 -59689 5227 -64916 16119.519
6.8 258.71959 83.057964 45535.983 -60314.4 4943.27 -65257.7 16067.164
6.81 264.07148 -140.97783 45605.784 -60410.1 5045.52 -65455.6 16121.751
6.82 267.97819 -694.05528 45989.929 -60236.2 5120.17 -65356.4 16239.205
6.83 269.03547 234.26578 45718.108 -60036.6 5140.37 -65176.9 16218.343
6.84 278.53191 -114.46543 46105.827 -60207.9 5321.81 -65529.7 16328.636
6.85 269.84119 -633.94865 46239.503 -60269.2 5155.76 -65424.9 16382.08
6.86 269.7777 24.795798 45793.132 -60309.7 5154.55 -65464.3 16334.163
6.87 279.42837 141.05337 45689.529 -60092.5 5338.94 -65431.5 16311.848
6.88 267.5562 -359.69855 45718.256 -60216.6 5112.1 -65328.7 16344.647
6.89 265.35813 916.47028 45482.053 -60366.2 5070.11 -65436.3 16291.635
6.9 269.43597 645.2295 45847.617 -60244.5 5148.02 -65392.5 16392.852
6.91 275.22471 449.22523 45655.478 -60320.7 5258.62 -65579.4 16373.026
6.92 264.29111 46.214401 45663.412 -60469.4 5049.72 -65519.1 16394.779
6.93 281.44693 92.876536 45642.237 -59941.3 5377.51 -65318.8 16416.008
6.94 280.12194 355.72572 45807.397 -60059.9 5352.19 -65412.1 16479.224
6.95 268.85455 -302.26929 45973.838 -60484.2 5136.91 -65621.2 16559.348
6.96 267.58901 203.65014 45932.943 -60349.7 5112.73 -65462.5 16549.535
6.97 266.1691 -267.10421 45833.537 -60366.5 5085.6 -65452.1 16553.617
6.98 278.23866 -104.19665 45747.545 -60195.6 5316.21 -65511.8 16547.651
6.99 268.09551 -287.8421 45708.423 -60223.3 5122.41 -65345.7 16586.99
7 264.11256 -945.1332 46142.917 -60509.4 5046.31 -65555.7 16724.249
7.01 287.81476 -344.40648 45999.06 -59840.9 5499.18 -65340.1 16723.477
7.02 270.57907 18.472923 45607.243 -60204 5169.86 -65373.9 16667.673
7.03 280.18993 -335.60749 45838.696 -60079.8 5353.49 -65433.3 16738.209
7.04 265.70563 -488.66265 46049.202 -60435.6 5076.75 -65512.3 16828.652
7.05 269.58486 41.770591 45831.624 -60267.8 5150.87 -65418.7 16802.454
7.06 279.90894 465.91175 45653.859 -60116.8 5348.12 -65464.9 16803.589
7.07 276.82045 -392.91168 45757.403 -60049.2 5289.11 -65338.3 16855.428
7.08 269.24098 -562.1964 46182.393 -60346.1 5144.3 -65490.4 16968.851
7.09 276.36334 -377.06899 45810.255 -60243.5 5280.38 -65523.9 16927.355
7.1 253.67271 -392.96872 45996.718 -60669.8 4846.84 -65516.6 17013.692
7.11 267.80231 174.41007 45294.366 -60433 5116.81 -65549.8 16886.911
7.12 271.61096 27.10756 45810.9 -60240.7 5189.58 -65430.3 17032.696
7.13 263.67656 -362.62325 45982.778 -60277.5 5037.98 -65315.5 17090.733
7.14 273.50269 -837.65831 45894.904 -60303 5225.72 -65528.7 17130.499
7.15 259.34948 -894.34874 45869.17 -60412.9 4955.3 -65368.2 17134.225
7.16 266.55932 -84.236217 45695.678 -60073 5093.06 -65166 17076.376
7.17 265.01083 -1008.5232 45871.595 -60313.2 5063.47 -65376.7 17149.414
7.18 272.49073 368.53197 45639.92 -60294.3 5206.39 -65500.7 17125.706
7.19 272.53045 -573.26808 45991.56 -60211.5 5207.15 -65418.6 17203.363
7.2 273.7397 260.89453 45639.49 -60081.5 5230.25 -65311.8 17144.033
7.21 279.68927 -730.55354 46133.7 -60082.4 5343.93 -65426.3 17280.311
7.22 274.64833 -445.7902 46026.082 -60288.5 5247.61 -65536.1 17243.255
7.23 284.92297 608.28599 45369.147 -59978.7 5443.93 -65422.7 17111.494
7.24 268.26358 415.12065 45781.259 -60373.6 5125.62 -65499.2 17259.138
7.25 268.49119 15.711559 45832.465 -60614.7 5129.97 -65744.7 17311.165
7.26 277.17679 -473.1048 45795.731 -60123.6 5295.92 -65419.5 17332.488
7.27 271.94653 -445.5915 45745.464 -60156.6 5195.99 -65352.5 17393.878
7.28 276.3718 182.73852 45805.941 -59968.1 5280.54 -65248.6 17430.155
7.29 268.87343 -605.85945 46069.651 -60230.9 5137.27 -65368.2 17548.961
7.3 275.55635 130.20597 45736.977 -59985.2 5264.96 -65250.2 17466.015
7.31 275.31922 210.13604 45895.423 -60126.3 5260.43 -65386.7 17502.932
7.32 280.44469 -84.97235 45691.105 -59921.8 5358.36 -65280.2 17459.78
7.33 270.76008 379.74178 45371.094 -60379 5173.32 -65552.3 17452.808
7.34 268.89084 248.8723 45695.354 -60329.9 5137.61 -65467.5 17570.745
7.35 268.94667 -278.33813 46207.654 -60387 5138.67 -65525.7 17743.755
7.36 283.10274 223.69325 45754.443 -60352.7 5409.15 -65761.9 17668.01
7.37 275.45049 232.87053 45772.636 -60304.5 5262.94 -65567.4 17694.959
7.38 275.70216 275.23262 45717.253 -60322.1 5267.75 -65589.9 17703.874
7.39 273.45625 102.33736 45424.86 -60259 5224.84 -65483.9 17628.113
7.4 263.43034 797.56916 45509.369 -60308.6 5033.27 -65341.9 17660.4
7.41 275.53851 -114.61576 45636.365 -60386 5264.62 -65650.6 17742.143
7.42 269.35728 -281.94291 45832.216 -60221.2 5146.52 -65367.7 17809.618
7.43 275.78217 -115.40596 45903.955 -59930.5 5269.28 -65199.7 17864.312
7.44 266.26231 414.23715 45663.028 -60152.8 5087.38 -65240.2 17826.784
7.45 266.00862 -219.58387 45598.019 -60490.4 5082.54 -65572.9 17838.239
7.46 273.66656 475.80194 45784.543 -59992.9 5228.85 -65221.7 17910.916
7.47 266.42931 -179.34867 45680.599 -60381.3 5090.57 -65471.9 17914.011
7.48 278.49154 -68.278459 45755.235 -59806.3 5321.04 -65127.3 17945.569
7.49 259.89151 -93.54732 45525.751 -60346.7 4965.66 -65312.4 17870.404
7.5 266.79471 -578.64287 45599.14 -60630.2 5097.56 -65727.7 17889.345
7.51 273.09398 129.03904 45658.622 -60287.1 5217.91 -65505 17908.352
7.52 267.02452 -48.873674 45531.539 -60349.7 5101.95 -65451.6 17897.762
7.53 272.54452 122.69465 45841.616 -60006.1 5207.42 -65213.5 18040.58
7.54 271.92969 -166.31253 45832.294 -60164.1 5195.67 -65359.8 18043.461
7.55 278.7419 -417.0431 45883.972 -60210 5325.83 -65535.8 18069.739
7.56 267.01688 280.92734 45572.642 -60314.7 5101.8 -65416.5 18014.386
7.57 277.8231 498.37426 45368.022 -60171.1 5308.27 -65479.3 17995.103
7.58 268.12762 -463.11049 46151.074 -60201.6 5123.02 -65324.6 18217.459
7.59 272.08617 159.7147 45623.634 -60233.7 5198.66 -65432.4 18150.002
7.6 276.47629 -267.58561 46041.564 -60119.1 5282.54 -65401.6 18281.061
7.61 279.29716 -14.627958 45857.203 -60165.9 5336.44 -65502.4 18283.551
7.62 264.19354 -27.808584 45753.412 -60428.6 5047.86 -65476.5 18280.707
7.63 271.94797 -184.19067 46048.578 -60180.9 5196.02 -65376.9 18398.82
7.64 269.60368 -323.90995 45773.318 -60380 5151.23 -65531.3 18376.667
7.65 258.07208 221.24196 45459.285 -60501.6 4930.9 -65432.5 18337.313
7.66 270.23571 359.71134 45380.712 -60610.6 5163.3 -65773.9 18381.336
7.67 270.11886 -941.98839 46039.238 -60187.6 5161.07 -65348.7 18622.265
7.68 259.6861 262.81441 45522.826 -60615.3 4961.73 -65577 18502.21
7.69 270.66422 59.814481 45824.883 -60251.1 5171.49 -65422.6 18594.462
7.7 273.3683 489.14817 45673.454 -60492.4 5223.15 -65715.6 18556.435
7.71 265.51751 302.79069 45495.013 -60215.1 5073.15 -65288.2 18571.269
7.72 273.91571 -264.09071 45866.035 -60267 5233.61 -65500.7 18681.914
7.73 267.56983 -244.93325 45637.972 -60299.9 5112.37 -65412.3 18653.065
7.74 277.49723 -297.08262 46101.704 -60069.3 5302.04 -65371.3 18804.454
7.75 267.20861 -165.9088 45915.203 -60290.3 5105.46 -65395.8 18784.185
7.76 277.86046 -6.9696 45553.66 -60227 5308.99 -65536 18689.433
7.77 280.89807 8.6896822 45935.611 -60145.9 5367.02 -65512.9 18843.993
7.78 265.8591 -224.47878 45740.844 -60494 5079.68 -65573.7 18841.056
7.79 278.25868 216.24134 45760.139 -59856 5316.59 -65172.6 18819.093
7.8 262.86393 -334.35225 45907.623 -60291 5022.45 -65313.5 18903.433
7.81 276.12307 193.1786 45657.451 -60150.4 5275.79 -65426.2 18845.921
7.82 275.78519 -299.84124 45723.235 -59889 5269.33 -65158.3 18890.464
7.83 276.959 647.26071 45477.154 -60220.1 5291.76 -65511.8 18858.43
7.84 266.83039 -137.56164 45769.551 -60287.3 5098.24 -65385.6 18935.76
7.85 273.48205 398.17912 45254.717 -60336.4 5225.33 -65561.7 18825.324
7.86 270.03126 499.14046 45663.157 -60200.1 5159.4 -65359.5 18921.08
7.87 262.56051 -469.82225 45798.214 -60364.9 5016.65 -65381.6 19000.906
7.88 270.17279 -125.61598 45985.659 -60224.7 5162.1 -65386.8 19085.635
7.89 268.6234 -488.15768 45850.231 -60202.5 5132.5 -65335 19088.756
7.9 285.0837 -340.97787 45817.881 -60186.6 5447 -65633.6 19158.398
7.91 269.79009 0.097358769 45584.029 -60271.8 5154.79 -65426.6 19160.551
7.92 275.56706 404.7447 45479.777 -60237.8 5265.17 -65503 19215.717
7.93 281.99054 171.82156 45645.508 -60222.4 5387.9 -65610.3 19270.705
7.94 272.98997 562.46526 45761.54 -60045.8 5215.93 -65261.7 19331.581
7.95 271.54515 589.18834 45486.672 -60201.3 5188.32 -65389.6 19295.473
7.96 275.21648 31.19409 45626.216 -60138.2 5258.47 -65396.7 19363.192
7.97 282.56891 -172.32249 46026.236 -59993.2 5398.95 -65392.2 19514.073
7.98 267.11873 -451.07915 45814.6 -60467.8 5103.75 -65571.6 19491.861
7.99 274.20913 -469.43489 45972.207 -60153.4 5239.22 -65392.6 19561.215
8 273.03756 466.97966 45659.126 -60395.4 5216.84 -65612.2 19504.421
8.01 269.32682 479.6398 45574.501 -60156.1 5145.94 -65302 19496.897
8.02 281.57907 -262.76126 45908.003 -60151.7 5380.04 -65531.7 19629.78
8.03 266.89882 559.1939 45596.724 -60438.9 5099.54 -65538.4 19557.461
8.04 268.96038 -21.678149 45884.464 -60519.8 5138.93 -65658.7 19673.414
8.05 272.12725 48.601057 45800.363 -60263.8 5199.44 -65463.2 19710.915
8.06 274.3683 139.58395 45970.765 -60135.3 5242.26 -65377.5 19803.305
8.07 261.00246 -132.26069 45754.623 -60673.5 4986.88 -65660.4 19746.798
8.08 263.53346 -416.26866 45762.731 -60407.2 5035.24 -65442.4 19822.688
8.09 274.14793 -108.02235 45998.659 -60086.3 5238.05 -65324.3 19888.965
8.1 274.52466 271.48441 45705.997 -60128.7 5245.25 -65373.9 19842.289
8.11 278.14639 350.07272 45595.963 -60066.3 5314.45 -65380.7 19855.647
8.12 272.0867 -304.15653 45923.797 -60303.9 5198.67 -65502.5 20003.028
8.13 284.18795 -115.15776 45671.759 -59993.3 5429.88 -65423.2 19946.069
8.14 278.62234 -90.997485 45864.353 -60225.2 5323.54 -65548.7 20047.088
8.15 278.17117 571.6589 45430.146 -60285.7 5314.92 -65600.6 19936.084
8.16 275.01383 -225.55895 45650.785 -59929.8 5254.6 -65184.4 20079.994
8.17 262.10933 -233.4518 45764.367 -60222.5 5008.03 -65230.5 20134.288
8.18 269.51763 661.86086 45583.378 -60396.3 5149.58 -65545.8 20099.21
8.19 270.93091 358.86772 45794.663 -60393.3 5176.58 -65569.9 20170.309
8.2 275.30204 -250.31289 45991.096 -59963.6 5260.1 -65223.7 20203.828
8.21 269.92223 109.12188 45697.972 -60351.1 5157.31 -65508.4 20141.732
8.22 274.98085 -398.05588 45802.773 -60108.2 5253.97 -65362.2 20192.375
8.23 275.27351 4.8723153 45754.254 -60312.7 5259.56 -65572.2 20154.14
8.24 266.22524 -155.56013 45827.964 -60626.7 5086.67 -65713.4 20250.217
8.25 275.50883 140.33072 45887.542 -60122.6 5264.05 -65386.7 20305.098
8.26 265.41204 -681.21864 45727.974 -60409.3 5071.14 -65480.4 20286.882
8.27 268.37518 -163.30995 45828.709 -60174 5127.75 -65301.8 20312.023
8.28 270.10852 198.60818 46055.006 -60339.3 5160.87 -65500.2 20397.291
8.29 270.3269 -699.24727 45829.079 -60376.8 5165.04 -65541.8 20340.339
8.3 278.64241 645.09964 45881.351 -60158.8 5323.93 -65482.7 20385.265
8.31 270.97096 -203.1908 45672.049 -60254.1 5177.35 -65431.4 20333.135
8.32 272.40205 -218.09954 45696.422 -60152.7 5204.69 -65357.4 20384.944
8.33 264.96079 23.939574 45680.183 -60403.4 5062.52 -65465.9 20436.699
8.34 268.30143 -697.8029 46109.783 -60313.5 5126.34 -65439.8 20613.865
8.35 276.34842 -370.21201 45764.457 -60021.1 5280.1 -65301.2 20562.71
8.36 268.86835 130.81966 45724.961 -60529.5 5137.18 -65666.7 20535.279
8.37 264.18695 37.591195 45878.509 -60303.4 5047.73 -65351.2 20634.065
8.38 276.53689 316.21011 45505.446 -60192.8 5283.7 -65476.5 20536.728
8.39 268.86131 1082.5553 45211.988 -60539.6 5137.04 -65676.6 20470.009
8.4 275.2527 -124.58697 45783.528 -60138.5 5259.16 -65397.7 20617.934
8.41 265.34073 -461.12205 46127.718 -60406.3 5069.77 -65476.1 20765.503
8.42 270.45039 589.64773 45469.182 -60300.3 5167.4 -65467.7 20587.866
8.43 270.7914 168.58867 45582.199 -60317.4 5173.92 -65491.4 20645.476
8.44 279.03894 339.11383 45551.269 -60157 5331.5 -65488.5 20666.728
8.45 274.44712 -80.157144 45733.043 -60294.4 5243.77 -65538.2 20711.138
8.46 269.82894 7.7917247 45728.919 -60422.4 5155.53 -65577.9 20732.559
8.47 279.68556 -159.59354 45854.944 -60144 5343.86 -65487.9 20796.673
8.48 269.54721 -377.07935 45615.524 -60335.1 5150.15 -65485.3 20710.912
8.49 270.45724 -68.322331 45687.845 -60014.5 5167.53 -65182 20721.661
8.5 274.2477 322.19073 45598.52 -60306 5239.96 -65545.9 20714.739
8.51 266.03348 189.31717 45589.914 -60321.6 5083.01 -65404.6 20745.703
8.52 269.65474 -170.97453 45875.594 -60160.6 5152.2 -65312.8 20874.415
8.53 274.75494 100.27839 45372.007 -60353 5249.65 -65602.7 20750.847
8.54 273.4979 -3.7041929 45723.121 -59866.7 5225.63 -65092.3 20863.986
8.55 268.70137 -34.677785 45504.953 -60292.3 5133.99 -65426.3 20834.725
8.56 274.47136 256.66907 45481.941 -60073.3 5244.23 -65317.5 20844.181
8.57 276.71214 -528.67789 45470.626 -60238.4 5287.04 -65525.5 20862.655
8.58 262.73311 521.83531 45447.941 -60457.9 5019.95 -65477.8 20873.33
8.59 268.03706 -24.091103 45739.838 -60190.9 5121.29 -65312.2 20991.545
8.6 264.5465 587.02248 45740 -60385.3 5054.6 -65439.9 21002.577
8.61 277.66712 -190.96867 45874.256 -60093.4 5305.29 -65398.6 21062.107
8.62 273.08941 367.40911 45210.873 -60346.5 5217.83 -65564.4 20901.718
8.63 264.57902 -873.79854 46060.296 -60318.2 5055.22 -65373.4 21181.726
8.64 276.38049 163.93818 45626.387 -60270.9 5280.71 -65551.6 21049.647
8.65 261.89145 -187.46107 45837.968 -60477.8 5003.87 -65481.7 21139.854
8.66 278.53736 273.45829 45523.314 -60330.2 5321.92 -65652.2 21102.405
8.67 276.42764 -295.14583 46117.021 -60084.2 5281.61 -65365.8 21366.241
8.68 267.31682 -164.87734 45808.835 -60559.6 5107.53 -65667.1 21300.114
8.69 280.88133 360.51717 45533.043 -60070.4 5366.7 -65437.1 21216.383
8.7 273.48597 235.07689 45788.144 -60461.8 5225.4 -65687.2 21339.802
8.71 270.50929 -287.67096 45703.791 -60162 5168.53 -65330.5 21341.385
8.72 272.14256 -156.72211 45590.794 -60352.4 5199.74 -65552.2 21364.823
8.73 271.85092 -110.30682 45857.508 -60414.5 5194.16 -65608.6 21483.068
8.74 278.8709 -219.35534 45853.421 -59758.1 5328.29 -65086.4 21544.641
8.75 273.66601 -296.38288 45534.952 -60338.5 5228.84 -65567.4 21476.655
8.76 272.64681 -395.40091 45741.38 -60219.2 5209.37 -65428.6 21540.799
8.77 278.1533 769.26515 45346.196 -60219.7 5314.58 -65534.3 21447.299
8.78 266.87841 -319.34029 45970.629 -60442.1 5099.15 -65541.3 21681.689
8.79 271.21705 -277.13371 45955.406 -60371.5 5182.05 -65553.6 21700.321
8.8 280.86645 151.102 45513.109 -60005.2 5366.42 -65371.6 21590.662
8.81 284.16611 -173.4339 46146.923 -60047.7 5429.46 -65477.2 21801.512
8.82 271.65258 -348.34686 45985.223 -60422.8 5190.37 -65613.2 21754.113
8.83 265.65917 -115.41701 45910.345 -60177.5 5075.86 -65253.3 21733.959
8.84 270.29527 293.6841 45614.946 -60203.6 5164.44 -65368 21698.111
8.85 269.07255 472.03552 45646.047 -60300.3 5141.08 -65441.4 21710.564
8.86 268.24511 -288.6009 45510.995 -60225.3 5125.27 -65350.5 21715.538
8.87 261.53789 625.66131 45574.705 -60213.4 4997.12 -65210.6 21737.864
8.88 276.33187 -416.36921 45897.161 -60029.8 5279.78 -65309.5 21860.378
8.89 263.87028 -524.44913 46018.829 -60326 5041.68 -65367.6 21899.692
8.9 276.16564 388.43237 45469.766 -60035.6 5276.6 -65312.2 21728.861
8.91 274.58875 161.20302 45803.973 -60175.2 5246.47 -65421.7 21871.512
8.92 275.73078 -576.14132 46196.332 -59940.9 5268.29 -65209.2 22009.634
8.93 271.64524 -1033.8688 45931.51 -60189.8 5190.23 -65380 21920.954
8.94 268.37679 -173.04797 45842.084 -60470.2 5127.78 -65598 21937.457
8.95 280.83405 404.87352 45645.443 -60243.3 5365.8 -65609.1 21909.356
8.96 261.43913 114.87908 45763.769 -60505.8 4995.23 -65501 21988.457
8.97 263.9496 -158.2607 46305.882 -60242.4 5043.19 -65285.6 22249.419
8.98 272.13303 209.48048 45835.682 -60334 5199.55 -65533.6 22091.867
8.99 272.08403 -397.041 45906.233 -60137.3 5198.62 -65336 22135.386
9 271.71849 -112.57476 45645.871 -60304.4 5191.63 -65496 22072.595
9.01 268.14977 18.675774 45637.37 -60406.5 5123.45 -65529.9 22065.808
9.02 264.31106 74.112653 45613.071 -60293.4 5050.1 -65343.5 22030.381
9.03 266.47193 181.08021 45921.584 -60211.6 5091.39 -65303 22161.159
9.04 280.2952 601.32367 45538.414 -60010 5355.5 -65365.5 22058.611
9.05 272.42751 730.40993 45570.544 -60349.6 5205.18 -65554.8 22109.061
9.06 271.07973 -387.73388 45806.395 -59837.4 5179.43 -65016.8 22200.387
9.07 267.25434 -720.76631 45948.631 -60279 5106.34 -65385.4 22291.967
9.08 267.8769 -174.71968 45874.433 -60168.6 5118.23 -65286.8 22322.087
9.09 265.04912 321.8341 45618.899 -60573.5 5064.2 -65637.7 22238.566
9.1 266.81913 -355.00664 45908.774 -60317.4 5098.02 -65415.4 22382.503
9.11 262.16494 -537.7402 45782.399 -60461.9 5009.1 -65470.9 22390.411
9.12 278.86984 -7.3231819 45644.052 -60370.4 5328.27 -65698.7 22388.459
9.13 271.75665 297.16097 45519.268 -60343.1 5192.36 -65535.5 22417.111
9.14 270.6081 -557.04694 45667.702 -60374.3 5170.42 -65544.7 22482.499
9.15 268.98447 742.64335 45707.609 -60519.5 5139.39 -65658.9 22524.295
9.16 267.157 -431.76617 45867.835 -60155.2 5104.48 -65259.6 22617.806
9.17 270.57058 -167.4945 45566.09 -60287.2 5169.7 -65456.9 22559.323
9.18 269.50182 -68.627306 45843.278 -60386.8 5149.28 -65536 22672.711
9.19 271.45268 148.60965 45610.993 -60327.2 5186.55 -65513.8 22636.603
9.2 270.57961 -484.90229 45727.887 -60021.4 5169.87 -65191.2 22719.346
9.21 268.37048 360.22797 45706.174 -60280.7 5127.66 -65408.4 22720.097
9.22 273.01864 -384.73949 45997.793 -60104.1 5216.47 -65320.6 22812.291
9.23 273.65114 -173.03567 46039.966 -60243.5 5228.56 -65472.1 22840.807
9.24 261.83355 -37.378772 45738.015 -60357.2 5002.76 -65359.9 22750.448
9.25 273.2105 -123.27062 45635.877 -60029.5 5220.14 -65249.6 22728.891
9.26 271.26386 78.565696 45727.745 -60024.8 5182.95 -65207.8 22777.592
9.27 264.16771 -431.28319 45937.027 -60431.4 5047.36 -65478.8 22897.603
9.28 265.12172 -220.19912 45745.163 -60020.4 5065.59 -65086 22924.524
9.29 277.07976 -496.42877 46017.842 -60237.4 5294.07 -65531.4 23045.922
9.3 267.55626 -166.38006 45932.502 -60444.4 5112.11 -65556.5 23098.8
9.31 275.15274 439.85313 45607.174 -60197.4 5257.25 -65454.6 23055.187
9.32 275.85421 -48.514372 45932.868 -60060.1 5270.65 -65330.8 23159.015
9.33 277.04583 378.85059 45686.173 -60067.1 5293.42 -65360.5 23147.992
9.34 274.41334 -499.45325 45558.479 -60067.9 5243.12 -65311 23158.982
9.35 276.99247 -43.480276 45703.408 -60380.5 5292.4 -65672.9 23202.864
9.36 264.77171 -326.23983 45803.382 -60363.5 5058.9 -65422.4 23240.165
9.37 271.36662 128.30777 45809.87 -60321.8 5184.91 -65506.7 23245.331
9.38 280.36007 664.58733 45367.911 -60004.4 5356.74 -65361.1 23133.139
9.39 276.76548 -1195.5242 46282.925 -60059.7 5288.06 -65347.7 23488.347
9.4 268.63148 -490.74601 46014.983 -60452.8 5132.65 -65585.4 23420.708
9.41 267.22265 -920.52833 46176.011 -60360.3 5105.73 -65466 23527.016
9.42 275.90182 332.35564 45661.597 -60217.9 5271.56 -65489.5 23391.158
9.43 260.52201 -42.748939 45742.876 -60203.6 4977.71 -65181.3 23425.07
9.44 266.1792 443.93637 45295.452 -60542.5 5085.8 -65628.3 23336.754
9.45 265.05604 226.20604 45695.279 -60291.5 5064.34 -65355.8 23508.749
9.46 254.75386 -202.7905 45880.244 -60513.9 4867.49 -65381.4 23584.639
9.47 266.21288 -336.65449 45894.983 -60077.7 5086.44 -65164.2 23611.156
9.48 276.70988 -194.86826 45933.284 -60225.7 5287 -65512.7 23674.956
9.49 270.50381 -619.7558 46304.656 -60465.4 5168.42 -65633.8 23814.998
9.5 265.14023 61.345385 45884.043 -60329.8 5065.94 -65395.7 23702.867
9.51 267.33906 -1086.4973 45904.421 -60048.3 5107.96 -65156.3 23724.899
9.52 268.2796 -437.7986 45966.513 -60424.4 5125.93 -65550.3 23781.112
9.53 271.51081 124.87664 45586.137 -60050.9 5187.66 -65238.6 23646.501
9.54 263.95387 -171.50517 45864.836 -60551.7 5043.28 -65594.9 23737.273
9.55 273.32026 292.71697 45799.094 -60119.7 5222.24 -65342 23740.219
9.56 273.51585 344.19167 45397.794 -59948.3 5225.97 -65174.3 23689.921
9.57 272.96899 727.92612 45290.953 -60305.9 5215.53 -65521.4 23669.098
9.58 282.03803 10.482689 45673.52 -59886.7 5388.8 -65275.5 23815.862
9.59 277.66233 46.373468 45570.925 -60111.4 5305.2 -65416.7 23748.507
9.6 264.49908 -374.55246 45899.976 -60069.8 5053.69 -65123.5 23898.591
9.61 274.83486 107.64234 45868.05 -60259.9 5251.18 -65511.1 23893.412
9.62 263.65117 -172.21836 46004.323 -60353.7 5037.49 -65391.2 23957.342
9.63 276.53254 503.9724 45795.423 -60146.5 5283.61 -65430.1 23919.599
9.64 275.52801 -37.941589 45565.391 -60280.2 5264.42 -65544.6 23887.256
9.65 264.46101 411.32073 45443.302 -60636 5052.97 -65688.9 23857.549
9.66 259.02875 -594.61565 45878.755 -60172.9 4949.17 -65122.1 23987.009
9.67 265.6775 -1070.9739 46152.024 -60562.5 5076.21 -65638.7 24122.223
9.68 270.90718 461.31959 45758.921 -60143.1 5176.13 -65319.3 24007.316
9.69 266.93902 -637.97816 46015.987 -60551.7 5100.31 -65652 24110.591
9.7 264.36341 -235.57699 46040.551 -60219.3 5051.1 -65270.4 24155.401
9.71 273.23753 289.17883 45689.868 -60218.5 5220.66 -65439.1 24038.562
9.72 279.33516 -178.95665 45715.039 -60203.6 5337.16 -65540.7 24147.433
9.73 264.307 -68.09468 45898.003 -60449.6 5050.02 -65499.6 24215.554
9.74 274.78942 -426.00984 45620.49 -60422.8 5250.31 -65673.1 24120.52
9.75 279.5428 301.37881 45676.031 -60117.2 5341.13 -65458.3 24152.524
9.76 275.76642 -297.00956 46079.346 -59965.1 5268.97 -65234.1 24317.088
9.77 268.95452 -148.57198 45811.581 -60260.3 5138.82 -65399.1 24248.692
9.78 262.91301 -126.34718 45692.848 -60485.1 5023.39 -65508.5 24219.915
9.79 266.08066 -797.38296 46026.184 -60185.2 5083.91 -65269.2 24383.026
9.8 270.50295 112.99326 45816.512 -60417.1 5168.41 -65585.5 24383.862
9.81 276.23838 -95.712909 45918.402 -60163.4 5277.99 -65441.4 24431.922
9.82 270.06784 18.054773 45961.058 -60015.3 5160.09 -65175.4 24509.84
9.83 269.21859 583.19292 45335.146 -60123.7 5143.87 -65267.6 24280.092
9.84 271.59609 499.04516 45397.588 -60328.3 5189.29 -65517.6 24357.839
9.85 277.2528 440.47072 45351.412 -60131.4 5297.37 -65428.7 24359.583
9.86 263.64631 -445.24975 46130.856 -60425.2 5037.4 -65462.6 24701.848
9.87 273.27325 -20.60761 45860.735 -60295.1 5221.34 -65516.5 24688.844
9.88 270.28531 221.25344 45777.85 -60347.1 5164.25 -65511.3 24677.009
9.89 273.73562 -175.07415 45760.196 -60165.8 5230.17 -65396 24708.421
9.9 270.10277 -37.123003 45622.475 -60271.8 5160.76 -65432.6 24674.036
9.91 272.03298 220.13647 45815.66 -60078.5 5197.64 -65276.1 24721.405
9.92 271.09481 323.20185 45592.648 -60354 5179.72 -65533.7 24679.989
9.93 269.78832 -193.7754 45607.267 -60342.5 5154.75 -65497.2 24681.326
9.94 268.27721 -516.21201 45993.736 -60184.2 5125.88 -65310.1 24835.405
9.95 266.83668 95.364373 45861.552 -60043.5 5098.36 -65141.8 24754.077
9.96 269.64989 -14.589879 45789.221 -60268 5152.11 -65420.1 24755.457
9.97 267.41814 -51.179943 46026.875 -60314.3 5109.47 -65423.8 24903.196
9.98 270.73045 70.686462 45797.382 -60557.4 5172.75 -65730.1 24804.983
