0 277.53364 29.987726 46355.4 -63335.6 5278.51 -68614.1 9.9133394
0.01 272.02167 -369.9265 46347.241 -63184.9 5173.68 -68358.5 21.949223
0.02 264.62315 156.9712 46076.459 -63817.9 5032.96 -68850.8 32.425407
0.03 270.08363 -742.16091 46766.394 -63626.5 5136.82 -68763.4 41.600313
0.04 264.64201 238.72221 46301.328 -63865.3 5033.32 -68898.6 50.542811
0.05 268.97055 -427.81928 46669.396 -63443.4 5115.65 -68559.1 58.464705
0.06 279.46063 -34.370487 46605.631 -63689.2 5315.16 -69004.4 65.252874
0.07 273.21513 584.55734 45852.354 -63441.1 5196.38 -68637.5 72.121648
0.08 270.34664 417.96704 46185.444 -63420.7 5141.82 -68562.5 80.573959
0.09 284.67978 481.79598 46292.593 -63113.6 5414.43 -68528 89.484494
0.1 271.76662 -215.59284 46381.948 -63570.9 5168.83 -68739.7 100.54464
0.11 275.25113 -129.28164 46511.434 -63851.8 5235.1 -69086.9 110.57534
0.12 272.54594 -325.83916 46450.258 -63517.7 5183.65 -68701.4 116.28812
0.13 266.03812 279.9826 46188.134 -63660.7 5059.87 -68720.5 124.4976
0.14 275.82194 78.40775 46217.806 -63413.8 5245.96 -68659.7 131.29986
0.15 274.26245 320.73284 46234.945 -63948.6 5216.3 -69164.9 139.57902
0.16 262.42755 982.04792 45941.751 -64206.1 4991.2 -69197.3 147.51804
0.17 273.24445 193.49565 46234.634 -63746.4 5196.93 -68943.4 152.88988
0.18 277.4157 199.72877 46493.588 -63715.9 5276.27 -68992.2 163.2021
0.19 271.06436 -262.37086 46507.347 -64127.4 5155.47 -69282.9 169.6677
0.2 274.53062 55.957645 46518.961 -63594.6 5221.4 -68816 174.762
0.21 264.96867 384.45011 46128.946 -63799.7 5039.53 -68839.2 179.17694
0.22 270.93732 53.555626 46193.395 -63751.3 5153.05 -68904.3 185.91326
0.23 265.79925 -283.9098 46502.874 -64302.4 5055.33 -69357.8 194.02946
0.24 274.8575 -405.71532 46603.174 -63781.6 5227.61 -69009.2 198.77964
0.25 269.96707 -470.87648 46637.184 -63758.6 5134.6 -68893.2 208.63984
0.26 272.13223 158.40151 46004.071 -64107.3 5175.78 -69283 211.57856
0.27 271.25793 372.10667 45997.418 -63728.4 5159.15 -68887.6 220.76586
0.28 276.44387 -48.648149 46478.793 -63500.9 5257.78 -68758.7 227.85455
0.29 272.97972 -227.40116 46337.639 -63418.1 5191.9 -68610 239.98615
0.3 269.27525 -385.09396 46132.535 -63798.5 5121.44 -68919.9 246.81737
0.31 266.35112 158.58034 46299.604 -63505.8 5065.83 -68571.6 257.37196
0.32 283.74547 -115.01132 46440.435 -63212.9 5396.66 -68609.5 265.46062
0.33 289.22522 -347.68206 46277.377 -63338.1 5500.88 -68839 273.10889
0.34 267.33571 286.36137 46288.707 -63606 5084.55 -68690.6 279.10422
0.35 269.21203 -296.03246 46664.186 -63884.6 5120.24 -69004.8 287.0095
0.36 286.1792 -156.07626 46476.532 -63463.6 5442.94 -68906.5 291.8741
0.37 270.24717 -460.29934 46605.381 -63831 5139.93 -68970.9 297.47824
0.38 268.60356 244.81697 46079.174 -63638 5108.67 -68746.6 305.36437
0.39 274.20408 289.36642 46088.348 -63389.3 5215.19 -68604.5 311.843
0.4 273.27298 417.22049 46111.24 -63483.8 5197.48 -68681.2 326.87452
0.41 284.24788 341.16779 46196.033 -63060.3 5406.21 -68466.5 337.55899
0.42 276.30383 322.21706 46179.953 -63201 5255.12 -68456.1 343.55585
0.43 274.14678 -136.65794 46367.863 -63491.3 5214.1 -68705.4 351.49864
0.44 260.04145 -328.50622 46361.644 -63080.7 4945.82 -68026.5 361.01288
0.45 274.28963 194.0128 46426.408 -63383.9 5216.81 -68600.7 364.2211
0.46 266.70691 -382.95809 46544.997 -63415.4 5072.59 -68488 375.57245
0.47 271.06333 -173.18023 46356.425 -63665.8 5155.45 -68821.2 380.60087
0.48 269.81128 166.37318 46044.947 -62998.8 5131.64 -68130.4 384.40769
0.49 278.49954 -293.65482 46465.52 -62753.4 5296.88 -68050.3 399.77095
0.5 273.30177 -434.41551 46408.767 -62817.1 5198.02 -68015.1 419.2348
0.51 268.30368 -37.169059 46366.521 -63114.9 5102.96 -68217.9 426.69271
0.52 269.2787 507.3084 45888.168 -62899.8 5121.51 -68021.3 433.53661
0.53 288.34944 0.79858047 46070.257 -62462.2 5484.22 -67946.4 440.65425
0.54 275.51987 60.835154 46258.227 -62902.4 5240.21 -68142.6 450.04106
0.55 272.69556 386.05362 46157.16 -62644.8 5186.49 -67831.3 464.67165
0.56 269.26444 280.79391 46363.82 -62957.8 5121.24 -68079 474.50466
0.57 274.00555 -214.81106 46384.272 -62758.4 5211.41 -67969.8 482.1691
0.58 261.39012 -356.13138 46473.224 -62886.6 4971.47 -67858 482.05579
0.59 275.93264 482.9416 45994.189 -62732.1 5248.06 -67980.2 483.67478
0.6 271.91799 449.90679 46140.57 -62416.2 5171.71 -67587.9 499.6938
0.61 281.33938 -436.08281 46266.597 -61971.5 5350.89 -67322.4 512.8408
0.62 276.9856 -273.20783 46419.819 -61859.5 5268.09 -67127.6 527.70399
0.63 280.86329 -961.54002 46444.189 -61398.7 5341.84 -66740.5 544.216
0.64 284.24669 684.48685 45685.074 -61358.5 5406.19 -66764.7 553.19273
0.65 268.41622 -185.23822 45860.484 -61707.9 5105.1 -66813 560.04299
0.66 276.15069 196.25675 46093.404 -61219.7 5252.21 -66471.9 577.31739
0.67 270.741 45.214818 45728.537 -60688.3 5149.32 -65837.7 598.20874
0.68 264.41283 -152.20755 45418.593 -60302.2 5028.96 -65331.2 617.34659
0.69 271.16393 587.31632 45311.068 -60196.8 5157.36 -65354.2 647.10395
0.7 269.78507 -340.21453 45597.11 -59824.5 5131.14 -64955.6 684.47399
0.71 266.62274 -300.27464 45451.268 -60095.3 5070.99 -65166.3 713.83828
0.72 268.11064 -698.47616 46027.444 -59938.7 5099.29 -65038 759.71162
0.73 265.1322 -314.99595 45739.935 -59847.1 5042.64 -64889.8 782.87938
0.74 269.69734 -206.61228 45529.694 -59937.2 5129.47 -65066.6 814.66726
0.75 272.85214 -375.93655 45609.368 -59960.2 5189.47 -65149.7 844.36141
0.76 279.76102 185.84938 45508.229 -59457.1 5320.87 -64778 865.12293
0.77 285.12062 -530.9891 45827.652 -59860.9 5422.81 -65283.7 907.33876
0.78 267.78062 -422.41054 45836.573 -60219.8 5093.02 -65312.8 939.81505
0.79 270.20244 -513.6355 45784.299 -59826.9 5139.08 -64965.9 969.87173
0.8 264.93306 173.8952 45549.797 -59928.1 5038.86 -64967 990.08332
0.81 278.33778 195.81561 45604.169 -59638.4 5293.81 -64932.2 1016.3399
0.82 274.23833 128.15717 45394.54 -59716.5 5215.84 -64932.3 1030.8758
0.83 261.75423 946.63518 45288.209 -60173.5 4978.4 -65151.9 1053.3628
0.84 275.37581 692.83699 45363.58 -59822.5 5237.47 -65059.9 1071.5524
0.85 271.9366 -63.467677 45713.551 -60080.6 5172.06 -65252.6 1098.412
0.86 273.38831 59.506698 45538.611 -59813.2 5199.67 -65012.9 1131.9471
0.87 260.81014 -183.91481 45872.981 -60064.2 4960.44 -65024.6 1172.9435
0.88 264.27154 -127.37418 45672.719 -59834.3 5026.27 -64860.5 1196.2179
0.89 268.97391 -6.8616332 45879.877 -60005.1 5115.71 -65120.8 1237.9354
0.9 278.57416 431.69901 45611.929 -59745.8 5298.3 -65044.1 1243.1056
0.91 289.11478 20.945596 45685.782 -59442 5498.78 -64940.8 1272.08
0.92 279.23783 82.807165 45842.881 -59821.6 5310.92 -65132.5 1307.424
0.93 279.13515 116.99059 45506.741 -59748.7 5308.97 -65057.7 1334.3797
0.94 275.28187 76.145348 45488.704 -59587.4 5235.68 -64823.1 1365.3248
0.95 263.90442 -24.737708 45540.623 -60080.9 5019.29 -65100.2 1392.624
0.96 272.52375 344.39449 45534.432 -59631.2 5183.23 -64814.4 1416.8221
0.97 273.45621 346.24758 45153.03 -60020 5200.96 -65220.9 1442.4249
0.98 278.14701 52.03606 45635.971 -59553.5 5290.18 -64843.7 1477.6257
0.99 274.3463 955.10724 45275.326 -59890.5 5217.89 -65108.4 1493.0436
1 268.56278 -169.42935 45658.525 -60128.3 5107.89 -65236.2 1530.3319
1.01 274.16818 47.978856 45405.556 -59641.1 5214.5 -64855.6 1558.3115
1.02 271.40137 -771.24688 46063.742 -60088.8 5161.88 -65250.7 1604.2641
1.03 275.03863 -537.06051 45797.261 -60024.4 5231.06 -65255.4 1612.0579
1.04 269.31494 128.97992 45692.511 -59881.5 5122.2 -65003.7 1645.5554
1.05 272.22092 -86.865644 45456.545 -59976.7 5177.47 -65154.1 1657.557
1.06 274.18484 650.81792 45486.147 -59984 5214.82 -65198.8 1684.503
1.07 267.55218 -300.55723 45463.476 -60019.7 5088.67 -65108.4 1709.5023
1.08 282.35225 977.74733 45051.204 -59618.1 5370.16 -64988.3 1735.2679
1.09 276.44334 334.51608 45536.634 -59938.2 5257.77 -65196 1774.7254
1.1 266.22085 -80.324372 45742.855 -60188.6 5063.35 -65252 1804.9546
1.11 273.37019 223.42873 45567.129 -59898.1 5199.33 -65097.4 1821.3338
1.12 279.47039 433.0052 45437.135 -59784.7 5315.35 -65100 1839.8627
1.13 269.78085 -38.845139 45543.108 -59989.5 5131.06 -65120.5 1865.3362
1.14 266.73257 -461.3339 45695.329 -59932.1 5073.08 -65005.2 1905.685
1.15 273.68647 344.68102 45457.617 -60319 5205.34 -65524.3 1928.59
1.16 282.37171 854.2257 45349.725 -59668.1 5370.53 -65038.6 1967.401
1.17 273.30429 197.94784 45679.511 -59499.7 5198.07 -64697.8 2016.7675
1.18 280.05639 98.677427 45390.812 -59756 5326.49 -65082.5 2032.5751
1.19 277.30455 597.57538 45358.009 -59937.7 5274.15 -65211.8 2069.6859
1.2 274.05946 624.95362 45547.185 -60104 5212.43 -65316.4 2099.4022
1.21 279.31229 26.459509 45413.781 -59789.8 5312.34 -65102.1 2131.2958
1.22 270.66288 256.75808 45385.737 -60074 5147.83 -65221.8 2153.5081
1.23 265.93023 -591.63087 45674.975 -60048.1 5057.82 -65105.9 2185.3065
1.24 274.43941 -18.891309 45362.92 -59842.3 5219.66 -65062 2199.6719
1.25 267.8188 313.88757 45391.037 -60130.9 5093.74 -65224.6 2223.4793
1.26 271.91166 197.9663 45611.406 -59937.1 5171.58 -65108.7 2244.9585
1.27 275.5123 166.62313 45479.088 -59507.3 5240.07 -64747.4 2263.4287
1.28 266.13612 377.90306 45386.981 -60003 5061.74 -65064.7 2291.8268
1.29 279.08321 -27.753509 45475.036 -60102.4 5307.98 -65410.4 2319.3087
1.3 268.56222 0.68425398 45575.884 -59732.9 5107.88 -64840.8 2351.0806
1.31 275.96697 891.83945 45403.534 -59899.9 5248.71 -65148.7 2376.0061
1.32 279.54379 924.87487 45310.499 -59566.2 5316.74 -64882.9 2408.8516
1.33 268.88688 -382.29756 45574.346 -59855.2 5114.06 -64969.2 2444.3107
1.34 280.61497 -378.28269 46087.221 -59702.2 5337.12 -65039.3 2486.4787
1.35 277.002 68.753495 45722.832 -59702.8 5268.4 -64971.2 2502.1408
1.36 288.11114 92.124567 45601.932 -59444.8 5479.69 -64924.5 2528.118
1.37 273.0888 279.27494 45378.799 -60061.9 5193.97 -65255.9 2549.2772
1.38 281.73337 92.158792 45455.565 -59775.4 5358.39 -65133.8 2598.3951
1.39 264.4801 -510.32281 45438.072 -60309.5 5030.24 -65339.7 2635.5067
1.4 269.7045 -14.969086 45532.505 -59749.6 5129.61 -64879.2 2684.0286
1.41 284.56927 501.13766 45382.012 -59822.4 5412.32 -65234.7 2701.5146
1.42 272.59144 -900.01079 45622.849 -60010.6 5184.51 -65195.1 2751.799
1.43 262.11657 -31.883802 45888.319 -60013.1 4985.29 -64998.4 2792.9365
1.44 272.31921 546.8623 45339.19 -59953.4 5179.34 -65132.8 2788.8619
1.45 267.05467 -83.367902 45603.874 -59881.7 5079.21 -64960.9 2814.2009
1.46 276.30943 974.51347 45177.849 -59632.6 5255.23 -64887.9 2838.2784
1.47 268.12593 25.541955 45634.959 -59942.8 5099.58 -65042.4 2880.2017
1.48 281.61393 482.26485 45358.245 -59718.4 5356.12 -65074.5 2896.3704
1.49 282.84002 -22.436512 45435.049 -59855.5 5379.44 -65234.9 2909.1755
1.5 263.34514 224.01844 45566.155 -59996.3 5008.66 -65004.9 2966.543
1.51 273.82583 58.831516 45561.018 -59978.2 5207.99 -65186.2 2998.055
1.52 272.28116 -2.0169388 45780.736 -59597.6 5178.61 -64776.2 3040.2417
1.53 275.44636 45.350234 45423.422 -59677.4 5238.81 -64916.2 3052.2891
1.54 261.85609 135.93349 45519.254 -60337.7 4980.33 -65318.1 3076.1528
1.55 275.96102 -46.627665 45585.352 -59619.2 5248.6 -64867.8 3117.0901
1.56 260.77964 -571.11704 46000.177 -60072.7 4959.86 -65032.6 3170.8013
1.57 275.75633 267.00094 45551.755 -59702.3 5244.71 -64947 3190.9141
1.58 282.74491 901.71739 45150.657 -59836.2 5377.63 -65213.8 3189.3769
1.59 279.09818 399.83012 45735.977 -59609.1 5308.27 -64917.3 3241.0434
1.6 275.76781 -382.45137 45752.918 -59722.7 5244.93 -64967.6 3251.0545
1.61 267.35865 615.88398 45429.529 -60082.8 5084.99 -65167.8 3259.2811
1.62 265.96167 107.20993 45396.985 -59914.6 5058.42 -64973 3288.5306
1.63 283.86286 -13.522712 45508.746 -59559.4 5398.89 -64958.3 3336.8998
1.64 270.95248 -249.53086 45469.267 -59878.5 5153.34 -65031.8 3354.7822
1.65 274.40888 -407.53688 45596.447 -59797.6 5219.08 -65016.6 3392.254
1.66 289.3241 141.20342 45582.636 -59662.8 5502.76 -65165.5 3417.2339
1.67 273.6644 150.09784 45527.711 -60128.3 5204.92 -65333.2 3429.9991
1.68 270.82544 -457.4999 45989.42 -59766.1 5150.93 -64917 3463.7354
1.69 270.10243 39.087471 45990.408 -59982.9 5137.17 -65120.1 3481.5
1.7 269.51348 -134.80841 45483.141 -60073.6 5125.97 -65199.6 3484.9643
1.71 277.29242 9.8061755 45383.935 -59726.9 5273.92 -65000.8 3499.2738
1.72 275.61646 -365.5439 45617.325 -59723.5 5242.05 -64965.6 3526.6325
1.73 275.07875 -657.30705 45808.003 -59758.3 5231.82 -64990.1 3569.989
1.74 266.59358 284.06715 45641.476 -59925.8 5070.44 -64996.2 3588.71
1.75 269.7923 -702.87574 45884.641 -59603.6 5131.28 -64734.8 3614.2638
1.76 281.97474 -73.216835 45231.45 -59703.4 5362.98 -65066.4 3589.5401
1.77 266.12895 225.69241 45548.604 -59945.6 5061.6 -65007.2 3635.5386
1.78 278.75518 -290.01302 45688.884 -59524.8 5301.74 -64826.5 3667.7674
1.79 276.08696 408.14452 45360.817 -59840.7 5251 -65091.7 3679.7886
1.8 274.76688 1095.0537 45200.129 -59769.6 5225.89 -64995.5 3693.2991
1.81 274.29847 -20.957481 45423.39 -59973.2 5216.98 -65190.2 3712.952
1.82 267.19421 -386.14515 45973.791 -59830.6 5081.86 -64912.4 3757.5389
1.83 274.59444 -413.15808 45742.543 -59847.5 5222.61 -65070.1 3785.169
1.84 269.04984 -192.90642 45529.13 -60092.3 5117.16 -65209.5 3798.218
1.85 274.7629 369.96901 45259.659 -60177.9 5225.81 -65403.7 3801.5945
1.86 269.8242 -452.36872 45554.73 -59969.6 5131.88 -65101.5 3840.9723
1.87 270.07038 -941.84939 45995.183 -59846.6 5136.57 -64983.2 3876.5115
1.88 276.04722 185.84538 45420.119 -60096.8 5250.24 -65347 3895.7039
1.89 286.22326 -184.94302 45740.013 -59554.9 5443.78 -64998.7 3943.5801
1.9 279.61202 -678.8692 45819.95 -59844.9 5318.04 -65162.9 3968.0552
1.91 272.99058 -11.14443 45414.602 -59972.9 5192.11 -65165 3972.3266
1.92 277.73073 -278.30701 45594.198 -59712.1 5282.26 -64994.4 4019.8727
1.93 274.73899 -272.22753 45737.354 -59790 5225.36 -65015.4 4051.7715
1.94 272.38138 76.247834 45493.737 -59944.5 5180.52 -65125 4092.6633
1.95 279.13188 702.85076 45207.209 -59723.4 5308.91 -65032.3 4095.8575
1.96 270.36901 -47.282362 45678.761 -59999.1 5142.24 -65141.4 4150.5793
1.97 268.16017 -557.65533 45441.082 -59978.3 5100.23 -65078.5 4169.4569
1.98 282.61453 -309.21222 45533.244 -59528.3 5375.15 -64903.4 4202.0348
1.99 273.45779 45.736977 45553.077 -59700.3 5200.99 -64901.3 4237.9753
2 280.62263 1214.9675 45402.549 -59721.3 5337.26 -65058.6 4249.3668
2.01 276.06794 -440.76932 45779.43 -59753 5250.63 -65003.7 4305.7788
2.02 276.64098 -382.33475 45730.772 -59699.5 5261.53 -64961 4330.9875
2.03 273.80335 165.1363 45687.67 -59817 5207.56 -65024.6 4353.1627
2.04 281.41928 -268.26217 45751.798 -59891.8 5352.41 -65244.2 4391.9999
2.05 271.00943 -132.72502 45465.134 -59857.3 5154.43 -65011.8 4410.1063
2.06 265.47384 -231.86478 45808.593 -59878.4 5049.14 -64927.5 4459.9927
2.07 266.12167 656.72234 45345.739 -59801.2 5061.46 -64862.7 4449.9805
2.08 279.82506 465.07511 45255.301 -60009.8 5322.09 -65331.9 4463.8378
2.09 277.80661 -132.52606 45655.615 -59894.4 5283.7 -65178.1 4515.7487
2.1 272.90403 -112.4957 45392.786 -59834.3 5190.46 -65024.7 4524.8268
2.11 275.82027 307.77864 45597.544 -59999.3 5245.92 -65245.2 4573.9881
2.12 275.11388 119.49078 45468.392 -60017.2 5232.49 -65249.7 4578.751
2.13 272.05424 -427.38008 45294.537 -59830.5 5174.3 -65004.8 4602.2849
2.14 274.15845 35.655245 45417.489 -59926.7 5214.32 -65141 4645.1329
2.15 270.80692 -400.29543 45744.606 -59805.3 5150.57 -64955.9 4720.0257
2.16 268.99342 222.27769 45644.674 -60138.8 5116.08 -65254.9 4733.7363
2.17 277.29898 317.31932 45366.063 -59629.6 5274.05 -64903.7 4721.8874
2.18 274.81269 941.36958 45332.031 -59916.3 5226.76 -65143.1 4752.0141
2.19 259.7661 -12.2245 45739.721 -60152.1 4940.58 -65092.7 4788.3746
2.2 273.96355 -36.041016 45325.863 -59767.9 5210.61 -64978.5 4794.2217
2.21 277.00384 -396.80788 45647.012 -59621.3 5268.43 -64889.7 4841.6282
2.22 267.5523 86.066499 45556.286 -59856.1 5088.67 -64944.8 4868.2773
2.23 281.61576 72.71454 45594.662 -59842.1 5356.15 -65198.3 4889.7494
2.24 273.70084 274.37106 45653.148 -59879.4 5205.61 -65085 4938.8844
2.25 273.62848 -507.61915 45479.55 -59782.1 5204.24 -64986.3 4971.1528
2.26 265.04991 207.48068 45596.86 -60091.2 5041.08 -65132.3 4999.7765
2.27 274.53041 569.42307 45431.468 -59748.4 5221.39 -64969.8 5026.2381
2.28 284.40607 4.92849 45690.452 -59785.9 5409.22 -65195.1 5061.3367
2.29 273.62375 -293.99476 45685.603 -59872.2 5204.15 -65076.4 5101.7722
2.3 265.04653 15.960574 45521.058 -60060.9 5041.01 -65101.9 5116.9096
2.31 272.11885 -33.531079 45394.68 -60071.2 5175.53 -65246.7 5146.413
2.32 271.31166 376.57376 45319.725 -59999.4 5160.17 -65159.5 5157.0818
2.33 261.77026 97.541522 45656.318 -60245.5 4978.7 -65224.2 5200.8461
2.34 272.31522 -240.69216 45607.084 -60007.9 5179.26 -65187.2 5235.9302
2.35 267.69334 41.229409 45448.397 -59782.6 5091.36 -64873.9 5246.8003
2.36 276.37713 -834.05646 45832.425 -59790.4 5256.52 -65047 5295.4255
2.37 264.05913 -248.4254 45482.822 -60006.4 5022.23 -65028.6 5292.9585
2.38 284.71156 1015.8386 45476.998 -59657.2 5415.03 -65072.2 5314.5364
2.39 269.98552 -305.17454 45618.958 -59458.9 5134.95 -64593.9 5374.1722
2.4 275.55647 58.211046 45447.905 -59959 5240.91 -65199.9 5391.1069
2.41 275.39872 336.82234 45454.537 -59826.2 5237.91 -65064.1 5418.2447
2.42 274.03745 -1104.9471 45846.663 -59852.3 5212.02 -65064.4 5473.3828
2.43 274.33061 840.37321 45303.76 -59992.1 5217.59 -65209.7 5470.5323
2.44 274.26667 244.91843 45246.966 -59847.5 5216.38 -65063.9 5509.2318
2.45 278.4687 431.87158 45423.271 -59665.3 5296.3 -64961.6 5545.5705
2.46 272.7472 -460.57337 45599.269 -59870.2 5187.48 -65057.7 5590.4797
2.47 273.78177 23.03879 45838.312 -59865.6 5207.15 -65072.8 5628.7186
2.48 278.6751 373.96434 45541.771 -59667.4 5300.22 -64967.6 5636.6452
2.49 272.61987 757.69397 45711.303 -59780.8 5185.05 -64965.8 5672.5078
2.5 271.92339 -404.67148 45686.286 -60190.2 5171.81 -65362 5697.4333
2.51 276.50317 -120.12016 45786.899 -59867.5 5258.91 -65126.4 5735.7936
2.52 265.48992 548.85991 45386.26 -60081.1 5049.45 -65130.5 5720.5979
2.53 283.61166 -213.72656 45787.271 -59759.9 5394.11 -65154 5761.6946
2.54 276.57356 -48.757056 45590.949 -60016.6 5260.25 -65276.9 5777.9264
2.55 266.1625 329.5189 45603.195 -59834.5 5062.24 -64896.7 5802.8942
2.56 276.55333 -219.01058 45473.821 -59936.2 5259.87 -65196.1 5833.7943
2.57 272.36232 246.75305 45522.662 -59732 5180.16 -64912.2 5867.0743
2.58 280.84053 969.82434 45342.253 -59559.4 5341.41 -64900.8 5888.1602
2.59 270.29816 93.340833 45372.037 -59986.5 5140.9 -65127.4 5910.8689
2.6 278.28192 -448.29212 45703.909 -59962.9 5292.74 -65255.7 5960.5924
2.61 259.25964 449.9473 45665.778 -60095.8 4930.95 -65026.7 5995.4868
2.62 265.48761 -200.92848 45510.436 -60002.3 5049.4 -65051.7 5993.2601
2.63 278.1646 -363.84396 46131.443 -59933.6 5290.51 -65224.1 6081.6783
2.64 276.9977 242.31221 45568.753 -60110.7 5268.32 -65379 6055.4264
2.65 277.68338 -6.7437576 45744.194 -59616.6 5281.36 -64898 6093.8076
2.66 269.98567 -56.262416 45464.032 -59991.4 5134.95 -65126.3 6115.4734
2.67 276.33158 600.11089 45407.667 -59797.1 5255.65 -65052.7 6137.0973
2.68 268.71176 -148.15813 45661.425 -60040.3 5110.72 -65151.1 6197.2422
2.69 264.44086 692.21541 45113.136 -60036.6 5029.5 -65066.1 6152.3956
2.7 270.45424 164.20953 45534.375 -59717.7 5143.87 -64861.6 6218.5026
2.71 272.43087 111.81472 45406.169 -59968.4 5181.46 -65149.9 6241.5162
2.72 280.2613 -344.07002 45936.535 -59655.4 5330.39 -64985.7 6308.4245
2.73 263.76013 250.3738 45330.754 -60048.2 5016.55 -65064.8 6292.4817
2.74 275.9962 59.742123 45662.955 -59836 5249.27 -65085.2 6353.9882
2.75 268.04453 -488.7794 45733.887 -59901.7 5098.03 -64999.7 6377.7834
2.76 262.71426 -180.7543 45475.46 -59924 4996.66 -64920.7 6381.8902
2.77 281.37915 -54.712088 45781.512 -59621.6 5351.65 -64973.2 6432.2976
2.78 270.9817 717.02941 45482.447 -59835.2 5153.9 -64989.1 6428.9427
2.79 275.33995 174.657 45410.957 -59592.2 5236.79 -64829 6451.7483
2.8 273.74369 -81.530856 45618.398 -59924.7 5206.43 -65131.1 6497.8959
2.81 271.85416 718.41151 45444.951 -59912.9 5170.49 -65083.4 6509.1447
2.82 269.75961 -355.92484 45964.432 -59872.8 5130.65 -65003.4 6598.6257
2.83 267.80362 -195.57187 45437.174 -60079.5 5093.45 -65172.9 6582.2931
2.84 271.92037 266.45112 45495.405 -59899.4 5171.75 -65071.2 6611.3705
2.85 272.32249 393.72316 45351.053 -59922.3 5179.4 -65101.7 6616.999
2.86 277.22978 -231.20983 45446.769 -60003 5272.73 -65275.7 6644.2227
2.87 268.36515 -69.439116 45533.013 -59757.6 5104.13 -64861.7 6691.6645
2.88 273.56439 -827.48425 45705.524 -59628.9 5203.02 -64831.9 6733.4225
2.89 276.81403 -10.619636 45603.257 -59796 5264.82 -65060.8 6752.0752
2.9 269.19647 -375.45627 45781.277 -59893.9 5119.94 -65013.8 6798.5175
2.91 274.77092 -70.030619 45712.812 -60004.4 5225.97 -65230.3 6819.9386
2.92 275.22711 -21.966853 45541.151 -59994.8 5234.64 -65229.5 6840.3223
2.93 280.98634 400.428 45191.071 -59656.5 5344.18 -65000.6 6833.905
2.94 272.60929 137.84822 45554.513 -59832.8 5184.85 -65017.7 6925.2726
2.95 273.5415 848.76562 45465.124 -59697.7 5202.58 -64900.3 6953.2176
2.96 273.99781 -780.66195 45587.3 -59700.5 5211.26 -64911.8 6990.948
2.97 273.46617 157.58993 45613.176 -60075.8 5201.15 -65276.9 7020.6179
2.98 284.41104 87.185749 45632.612 -59546.9 5409.31 -64956.2 7052.6773
2.99 278.61301 -336.25894 45569.305 -59881.2 5299.04 -65180.3 7080.4634
3 281.86819 -284.54849 45783.347 -59787.3 5360.95 -65148.3 7143.4611
3.01 271.97588 59.346001 45436.318 -59967.7 5172.81 -65140.5 7111.4384
3.02 273.68642 569.73177 45327.045 -59744.1 5205.34 -64949.4 7154.3422
3.03 280.75116 -514.01989 45866.965 -59438.9 5339.71 -64778.6 7234.3402
3.04 286.91023 -569.57731 45567.369 -59740.7 5456.85 -65197.5 7254.0037
3.05 278.11129 -310.1754 45729.926 -59498.6 5289.5 -64788.1 7291.0121
3.06 270.4589 420.32575 45520.059 -59938.9 5143.95 -65082.9 7308.0178
3.07 268.07694 -24.202916 45460.65 -60388.4 5098.65 -65487 7321.8242
3.08 272.32168 -855.85974 45927.206 -59848.7 5179.38 -65028.1 7394.5691
3.09 268.51365 641.53998 45389.797 -59933 5106.96 -65040 7351.1555
3.1 273.20406 -212.33587 45799.191 -59535 5196.17 -64731.2 7426.3196
3.11 276.67809 -10.885728 45393.501 -59898.8 5262.24 -65161 7421.6424
3.12 271.00524 -399.85822 45778.115 -59935.9 5154.35 -65090.2 7487.8013
3.13 277.10214 -42.929058 45528.925 -60058.3 5270.3 -65328.6 7491.1056
3.14 261.7456 638.5075 45398.725 -60161.7 4978.23 -65140 7503.3604
3.15 285.15674 -608.39256 45789.994 -59775.8 5423.5 -65199.3 7577.0302
3.16 278.33335 280.79243 45430.154 -59850.3 5293.72 -65144 7563.3604
3.17 261.01859 -55.070774 45735.253 -60211.3 4964.41 -65175.7 7611.4044
3.18 280.94931 421.77828 45496.836 -59853.7 5343.48 -65197.1 7581.4719
3.19 278.0327 -171.96388 45578 -60012.3 5288 -65300.3 7601.3745
3.2 266.85847 -478.81556 45731.419 -60008.9 5075.48 -65084.4 7642.6254
3.21 269.97173 39.416925 45703.551 -59662.8 5134.69 -64797.5 7665.7723
3.22 259.52283 -760.04191 45612.536 -60023.4 4935.96 -64959.4 7688.0292
3.23 269.32977 354.87716 45385.568 -60032 5122.48 -65154.5 7682.0829
3.24 282.23679 -124.60708 45696.158 -59832.1 5367.96 -65200.1 7734.0256
3.25 266.57115 761.57213 45202.373 -60387.7 5070.01 -65457.7 7711.5283
3.26 265.65293 -85.512541 45596.887 -60275.3 5052.55 -65327.8 7769.3465
3.27 278.92561 286.89881 45549.522 -59733 5304.99 -65038 7805.3647
3.28 274.39501 1086.5749 45221.922 -59588.4 5218.82 -64807.2 7766.4204
3.29 271.54496 -285.00665 45396.805 -59951 5164.61 -65115.6 7793.5367
3.3 277.92938 -351.95989 45499.225 -59761 5286.04 -65047.1 7822.3046
3.31 269.58001 74.905684 45631.09 -59976.7 5127.24 -65104 7843.1654
3.32 263.193 128.34276 45649.093 -59730.2 5005.76 -64735.9 7878.8733
3.33 265.56994 43.210427 45455.267 -60299.1 5050.97 -65350 7890.9267
3.34 276.76605 1.8091072 45553.573 -59868.5 5263.91 -65132.4 7921.4791
3.35 271.29184 832.27539 45182.834 -59882.5 5159.8 -65042.3 7919.7662
3.36 280.11775 698.82008 45527.68 -60102.2 5327.66 -65429.9 7966.5488
3.37 277.70724 352.28405 45576.433 -59814.3 5281.81 -65096.1 7989.2596
3.38 273.93362 -126.02545 45839.551 -59847 5210.04 -65057 8019.0352
3.39 269.09774 235.17856 45305.704 -60061.1 5118.07 -65179.2 7990.6065
3.4 268.182 334.48387 45681.997 -60329.9 5100.65 -65430.5 8066.4818
3.41 267.15829 -105.31227 45663.506 -60181.9 5081.18 -65263.1 8068.9948
3.42 258.15997 -609.46872 45738.697 -60203.9 4910.04 -65114 8096.4225
3.43 270.16366 -1081.5187 45912.281 -60047.3 5138.34 -65185.7 8142.7001
3.44 276.22848 47.288165 45570.855 -59746 5253.69 -64999.7 8141.1195
3.45 277.81717 182.81135 45264.673 -59810.4 5283.9 -65094.3 8115.1172
3.46 273.68517 399.04223 45623.861 -59990.5 5205.32 -65195.8 8216.0378
3.47 277.25743 52.094422 45598.849 -59582.4 5273.26 -64855.7 8241.9167
3.48 275.15955 612.2011 45306.953 -59764.8 5233.36 -64998.1 8235.6705
3.49 269.89979 23.107215 45410.312 -60169.9 5133.32 -65303.2 8272.9246
3.5 273.47199 6.3363685 45409.395 -59749.9 5201.26 -64951.2 8303.8537
3.51 264.89055 168.5043 45556.683 -60027.7 5038.05 -65065.7 8311.267
3.52 274.10184 400.82163 45561.566 -59798.7 5213.24 -65012 8353.3591
3.53 274.75231 392.857 45223.74 -59964.5 5225.61 -65190.1 8346.1838
3.54 269.70731 287.53516 45342.245 -60413.2 5129.66 -65542.9 8367.6176
3.55 277.06922 -199.52914 45738.557 -59656.5 5269.68 -64926.1 8447.8208
3.56 278.31578 221.92219 45418.707 -59911.6 5293.39 -65205 8426.1089
3.57 269.62733 -108.48424 45631.841 -59994.7 5128.14 -65122.8 8464.0695
3.58 276.6832 -179.83323 45785.401 -60000.1 5262.34 -65262.4 8517.4767
3.59 282.03924 -410.22231 45767.623 -59583.7 5364.2 -64948 8516.3851
3.6 267.20689 -497.33119 45622.382 -60062.7 5082.1 -65144.8 8556.3684
3.61 269.00358 -36.493676 45566.463 -60021.7 5116.28 -65138 8578.9256
3.62 272.0935 -1169.3628 45817.986 -59828.9 5175.04 -65004 8643.1774
3.63 267.46563 -324.37916 45593.875 -60246.9 5087.02 -65333.9 8654.2156
3.64 278.41848 211.1187 45523.186 -59794.2 5295.34 -65089.6 8653.0211
3.65 263.7888 -925.60843 45843.088 -59848 5017.09 -64865.1 8710.3229
3.66 271.13283 587.71074 45555.957 -60075.7 5156.77 -65232.4 8711.3998
3.67 266.42717 -157.3871 45357.19 -59994.6 5067.27 -65061.9 8726.2353
3.68 272.43759 160.63824 45524.469 -59926.6 5181.59 -65108.1 8772.0127
3.69 275.03067 -323.71007 45554.403 -59746.9 5230.91 -64977.9 8786.4223
3.7 277.08244 529.51367 45296.619 -59923.4 5269.93 -65193.4 8818.7675
3.71 274.99567 562.19731 45274.206 -59817.2 5230.24 -65047.4 8841.8294
3.72 278.49943 227.98472 45644.243 -59604.1 5296.88 -64900.9 8915.0619
3.73 290.3591 -110.43865 45721.123 -59459.7 5522.44 -64982.1 8959.4455
3.74 268.71572 -197.96771 45331.029 -59904.3 5110.8 -65015.1 8956.5306
3.75 264.91155 2.6483992 45675.581 -59852.6 5038.45 -64891 9035.0081
3.76 279.55642 175.53415 45561.482 -59839.9 5316.98 -65156.9 9052.2858
3.77 278.34824 -544.96895 45960.113 -59693 5294 -64987 9131.2476
3.78 260.97625 263.70746 45543.247 -60095.9 4963.6 -65059.5 9123.55
3.79 268.4339 84.007094 45408.615 -59839.9 5105.44 -64945.3 9115.3983
3.8 262.97814 318.09057 45550.028 -60173.2 5001.67 -65174.9 9170.2546
3.81 276.32243 545.44057 45547.014 -59721.4 5255.47 -64976.9 9213.6991
3.82 262.24593 508.35662 45391.458 -59960.6 4987.75 -64948.3 9223.8443
3.83 270.67223 43.344243 45606.393 -59959.4 5148.01 -65107.4 9302.8058
3.84 270.61683 471.52073 45103.351 -60014.8 5146.96 -65161.8 9247.7385
3.85 269.85431 -797.07297 45589.279 -59972.8 5132.46 -65105.3 9314.2376
3.86 274.7563 -364.55239 45625.619 -59867.1 5225.69 -65092.8 9347.0335
3.87 277.03805 754.35985 45015.762 -59735.7 5269.09 -65004.8 9318.6304
3.88 268.18835 -150.96178 45275.626 -60145.3 5100.77 -65246.1 9366.8935
3.89 270.20346 -76.368546 45874.338 -59774 5139.1 -64913.1 9510.2006
3.9 270.81926 -62.260328 45704.221 -60064.2 5150.81 -65215 9513.3277
3.91 276.26477 -124.80066 45569.106 -59720 5254.38 -64974.3 9527.708
3.92 270.03082 324.47452 45489.202 -59725.2 5135.81 -64861 9535.4799
3.93 275.64784 -894.93611 45879.535 -59959.9 5242.64 -65202.6 9625.5887
3.94 272.36006 664.95802 45282.834 -59611.2 5180.11 -64791.3 9565.5988
3.95 267.98028 280.96318 45566.509 -60328.7 5096.81 -65425.5 9669.2766
3.96 273.77777 -432.27502 45976.642 -60070.7 5207.08 -65277.8 9770.509
3.97 282.46502 -222.52283 45716.145 -59601.1 5372.3 -64973.4 9764.3545
3.98 267.95737 -493.70136 45470.452 -59925.1 5096.38 -65021.5 9743.0866
3.99 274.09451 -1068.6678 45908.318 -59879.3 5213.1 -65092.4 9843.7528
4 267.29123 635.07326 45250.75 -59899.2 5083.71 -64982.9 9759.6263
4.01 267.83444 -137.49007 45543.07 -60133.4 5094.04 -65227.4 9832.7407
4.02 276.17315 -481.93206 45439.764 -59762.1 5252.64 -65014.7 9817.6395
4.03 276.85444 -441.72265 45667.532 -59677.6 5265.59 -64943.2 9887.1756
4.04 270.26674 63.020568 45547.702 -59848.7 5140.3 -64989 9918.7986
4.05 278.80497 320.40916 45388.951 -59631.1 5302.69 -64933.8 9919.2728
4.06 272.53747 -232.60655 45522.73 -59863.2 5183.49 -65046.7 9966.6831
4.07 264.44118 -261.44612 45602.948 -60349.8 5029.5 -65379.3 10006.243
4.08 275.42292 -31.07996 45410.176 -59744.4 5238.37 -64982.8 10036.983
4.09 270.48161 -135.46614 45612.206 -59914.5 5144.39 -65058.9 10086.994
4.1 271.91058 430.53654 45294.376 -60020.5 5171.56 -65192 10071.463
4.11 279.48019 -125.09728 45482.511 -59856 5315.53 -65171.5 10151.163
4.12 274.57129 -41.467924 45623.149 -60065.2 5222.17 -65287.4 10210.42
4.13 269.86749 -698.73242 45898.475 -60040.8 5132.71 -65173.5 10280.146
4.14 272.3738 -101.75331 45610.631 -59694.1 5180.37 -64874.5 10286.944
4.15 270.27397 829.20477 45443.851 -59831.2 5140.44 -64971.6 10289.239
4.16 267.41469 242.69186 45064.032 -60077.9 5086.06 -65164 10258.449
4.17 271.414 258.31771 45528.913 -60023.7 5162.12 -65185.8 10338.782
4.18 283.70337 470.75836 45480.258 -59678.2 5395.86 -65074 10362.736
4.19 267.71428 -808.85021 45822.225 -60089.8 5091.75 -65181.5 10433.601
4.2 274.50085 -368.87262 45580.442 -59739.6 5220.83 -64960.4 10402.035
4.21 271.86661 -357.78985 45441.692 -59707.8 5170.73 -64878.5 10413.654
4.22 276.91958 -421.32631 45747.532 -59625 5266.83 -64891.9 10469.498
4.23 270.79188 163.07005 45447.484 -60072.1 5150.29 -65222.4 10461.309
4.24 264.18723 345.30029 45400.892 -59945.1 5024.67 -64969.8 10479.42
4.25 262.72414 54.330932 45772.389 -59945.3 4996.84 -64942.2 10539.03
4.26 271.60844 -109.0148 45729.226 -59885.7 5165.82 -65051.5 10549.965
4.27 270.01901 239.36841 45373.041 -60018.2 5135.59 -65153.8 10530.904
4.28 271.72378 272.06771 45646.096 -60025.7 5168.01 -65193.7 10597.801
4.29 271.10846 -909.34984 45692.766 -59631.7 5156.31 -64788 10631.918
4.3 268.40796 361.19485 45562.536 -60142.1 5104.95 -65247 10634.774
4.31 275.7102 -609.00948 45910.933 -59892 5243.83 -65135.8 10715.426
4.32 270.66077 288.29459 45742.203 -59931.9 5147.79 -65079.7 10681.198
4.33 280.22817 995.81923 45431.576 -59597.7 5329.76 -64927.5 10669.891
4.34 275.64545 12.436999 45572.975 -59890.1 5242.6 -65132.7 10697.309
4.35 272.08988 353.11553 45354.977 -59724.8 5174.97 -64899.7 10691.264
4.36 274.8068 -352.71502 45715.055 -59864.9 5226.65 -65091.5 10791.303
4.37 271.63923 -128.18474 45637.058 -59889.6 5166.4 -65056 10799.859
4.38 275.5465 -397.24549 45634.948 -60012.5 5240.72 -65253.2 10845.272
4.39 262.54929 -208.78098 45323.643 -59954.2 4993.52 -64947.7 10832.678
4.4 279.99744 208.05973 45725.822 -59651 5325.37 -64976.4 10917.772
4.41 265.59311 -548.4223 45328.437 -60077.2 5051.41 -65128.6 10885.842
4.42 270.18478 -27.297902 45583.817 -59845.4 5138.74 -64984.2 10977.728
4.43 262.68354 -395.30969 45544.327 -60150.7 4996.07 -65146.8 10994.416
4.44 273.75266 -318.19583 45577.473 -59688.8 5206.6 -64895.4 11033.866
4.45 275.81585 -879.20049 45585.94 -59774.1 5245.84 -65019.9 11064.999
4.46 280.36299 -133.851 45506.793 -59799.7 5332.32 -65132.1 11100.679
4.47 265.11543 686.82262 45352.019 -59882 5042.33 -64924.3 11105.671
4.48 260.43751 -391.68773 45757.67 -60309.1 4953.35 -65262.5 11213.988
4.49 271.42789 -203.19003 45583.103 -59804.3 5162.38 -64966.7 11232.926
4.5 278.27727 -199.49171 45796.014 -59617.9 5292.65 -64910.6 11285.903
4.51 269.15944 -616.86623 45622.77 -59877 5119.24 -64996.3 11261.325
4.52 277.69398 -503.12114 46109.146 -59650.5 5281.56 -64932 11389.304
4.53 272.17626 840.39128 45467.182 -59913.8 5176.62 -65090.4 11309.957
4.54 285.62115 110.50552 45582.491 -59401.7 5432.33 -64834 11361.857
4.55 270.72607 569.34753 45322.268 -59908.9 5149.04 -65058 11351.052
4.56 263.72097 74.718229 45417.98 -59928.6 5015.8 -64944.4 11395.713
4.57 281.02571 -396.35815 45677.709 -59615.6 5344.93 -64960.5 11489.989
4.58 276.27492 437.09688 45214.206 -59812.1 5254.57 -65066.7 11444.158
4.59 275.95437 -86.463964 45844.127 -59693.1 5248.47 -64941.6 11554.84
4.6 271.18796 -600.6665 45797.984 -59838.4 5157.82 -64996.2 11547.791
4.61 269.84654 360.26982 45411.7 -60125.8 5132.31 -65258.1 11513.985
4.62 278.28173 96.279977 45605.297 -59975.6 5292.74 -65268.4 11609.324
4.63 272.52168 400.1534 45293.067 -59806.5 5183.19 -64989.6 11583.059
4.64 275.91093 -432.89338 46028.222 -59612.8 5247.65 -64860.5 11702.062
4.65 271.72662 -68.751237 45588.179 -59893.4 5168.07 -65061.5 11634.028
4.66 265.47573 -124.08369 45699.186 -60059.4 5049.18 -65108.6 11666.295
4.67 266.14017 -511.33748 45594.499 -60153.3 5061.81 -65215.1 11695.354
4.68 264.61217 121.95008 45525.474 -60030.6 5032.75 -65063.4 11691.574
4.69 275.78497 -184.69765 45745.584 -59887.1 5245.25 -65132.4 11772.207
4.7 276.85307 -438.65648 45840.139 -59867 5265.57 -65132.6 11813.109
4.71 274.41442 -40.174124 45503.261 -59763.9 5219.19 -64983.1 11781.956
4.72 275.85917 329.63166 45451.355 -59985.1 5246.66 -65231.7 11796.474
4.73 270.62709 -212.92838 45830.473 -59663.7 5147.15 -64810.9 11884.473
4.74 274.64428 -88.459089 45504.637 -59939.7 5223.56 -65163.2 11865.717
4.75 276.77114 807.36608 45137.7 -59898.1 5264.01 -65162.1 11821.525
4.76 268.52446 -575.03943 45680.901 -60301.8 5107.16 -65409 11914.153
4.77 273.67035 -427.53925 45600.344 -59780.3 5205.03 -64985.3 11899.882
4.78 267.69241 280.6989 45681.889 -59849.3 5091.34 -64940.6 11930.818
4.79 269.17476 -386.12061 45782.563 -59803.5 5119.53 -64923 11988.756
4.8 271.77643 486.15636 45693.649 -59953.8 5169.01 -65122.8 12001.179
4.81 274.49975 467.71975 45493.41 -59719.8 5220.81 -64940.6 12008.107
4.82 272.37109 526.77971 45519.238 -59945.1 5180.32 -65125.4 11999.741
4.83 262.35194 -948.83704 45718.441 -60154.4 4989.77 -65144.2 12075.88
4.84 273.50327 -10.386991 45439.714 -59875.6 5201.86 -65077.5 12048.421
4.85 277.70123 -303.90505 45748.575 -59748.6 5281.7 -65030.3 12151.231
4.86 271.83473 568.59387 45586.356 -60185.7 5170.12 -65355.8 12170.799
4.87 272.80391 185.79759 45440.029 -59545.2 5188.55 -64733.7 12211.012
4.88 275.68937 225.0365 45189.81 -59957.1 5243.43 -65200.5 12173.403
4.89 269.89123 -283.70183 45426.542 -60112.7 5133.16 -65245.9 12249.056
4.9 272.06217 -170.42581 45422.612 -59778.5 5174.45 -64952.9 12301.859
4.91 275.54774 519.71136 45465.541 -59670.9 5240.74 -64911.6 12368.249
4.92 272.82271 367.58394 45455.477 -60141 5188.91 -65329.9 12416.383
4.93 277.21891 360.21396 45760.835 -59609.6 5272.53 -64882.2 12503.818
4.94 264.40291 267.35638 45427.468 -59779.2 5028.77 -64808 12499.553
4.95 285.43635 -212.28026 45467.598 -59450.2 5428.82 -64879 12553.729
4.96 277.81116 -654.50085 45478.606 -59764 5283.79 -65047.8 12566.504
4.97 262.18829 256.09981 45333.099 -60152.3 4986.65 -65139 12543.791
4.98 288.04851 -3.6077686 45580.742 -59385 5478.5 -64863.5 12617.668
4.99 268.15335 748.54198 45420.766 -59946.5 5100.1 -65046.6 12652.994
5 267.12789 107.66986 45524.59 -60179.3 5080.6 -65259.9 12693.162
5.01 274.25178 3.0092334 45630.255 -59877.5 5216.09 -65093.6 12748.555
5.02 277.68239 -233.15722 45556.931 -59551.4 5281.34 -64832.8 12769.338
5.03 273.36923 -216.93184 45382.895 -59803.4 5199.31 -65002.7 12750.406
5.04 274.00079 583.06965 45047.33 -59994 5211.32 -65205.3 12741.862
5.05 273.52008 -529.43504 45912.896 -59589.4 5202.18 -64791.6 12898.292
5.06 270.34552 578.64352 45376.643 -60148.2 5141.8 -65290 12851.047
5.07 274.28383 -566.1663 45871.972 -59717.5 5216.7 -64934.2 12977.868
5.08 272.64834 140.65475 45378.527 -59966.8 5185.6 -65152.4 12913.006
5.09 272.96104 369.02331 45260.802 -59880.2 5191.54 -65071.7 12916.266
5.1 276.04124 -733.44695 45870.939 -59703.6 5250.13 -64953.7 13069.837
5.11 273.93724 -300.05202 45557.608 -59985 5210.11 -65195.1 13034.705
5.12 272.34668 371.0934 45360.035 -59757.6 5179.86 -64937.5 13047.414
5.13 268.28029 19.12357 45485.982 -60000.5 5102.52 -65103 13139.485
5.14 269.56938 45.207006 45572.199 -60027.2 5127.04 -65154.3 13180.811
5.15 274.13298 462.90572 45448.881 -59819 5213.83 -65032.9 13207.083
5.16 278.16064 100.27297 45734.22 -59894.8 5290.44 -65185.2 13269.925
5.17 281.25038 533.40923 45363.508 -59593.1 5349.2 -64942.3 13255.1
5.18 269.09558 589.98844 45346.766 -59948.2 5118.02 -65066.2 13279.166
5.19 274.22978 71.634639 45412.661 -59763.5 5215.67 -64979.2 13306.264
5.2 266.44537 -44.38554 45334.409 -60111.6 5067.62 -65179.3 13337.487
5.21 279.17817 -310.42848 45622.047 -59669.2 5309.79 -64979 13424.579
5.22 271.07081 693.41822 45681.732 -59866.2 5155.59 -65021.8 13459.395
5.23 266.32133 -468.0876 46110.803 -60001.1 5065.26 -65066.3 13557.791
5.24 266.15025 -159.91399 45497.959 -60088.6 5062.01 -65150.6 13454.799
5.25 278.65092 166.57495 45839.425 -59809.4 5299.76 -65109.2 13531.9
5.26 265.42447 -444.94198 45572.799 -60205.6 5048.2 -65253.8 13546.968
5.27 288.9084 -743.72917 45733.237 -59682.5 5494.85 -65177.3 13605.471
5.28 271.60977 87.187006 45206.229 -59925.6 5165.84 -65091.4 13552.19
5.29 266.60505 -349.95451 45674.577 -60105.8 5070.66 -65176.4 13658.104
5.3 277.00419 -687.39526 45778.962 -59697.5 5268.44 -64966 13674.222
5.31 270.92729 277.88225 45511.567 -60218.9 5152.86 -65371.7 13645.051
5.32 274.83991 -269.89579 45589.828 -59822.2 5227.28 -65049.5 13698.859
5.33 276.83574 278.25358 45646.47 -59913.9 5265.24 -65179.2 13744.45
5.34 283.97695 -172.52429 45504.01 -59736.1 5401.06 -65137.1 13728.855
5.35 270.88273 324.66333 45427.87 -60171.7 5152.02 -65323.8 13724.958
5.36 269.10584 -273.48939 45693.154 -59772.7 5118.22 -64890.9 13788.557
5.37 266.40297 -329.73913 45803.579 -60021.9 5066.81 -65088.8 13897.705
5.38 271.2765 970.06565 45240.297 -59729 5159.5 -64888.5 13827.496
5.39 265.72674 -74.844228 45575.974 -60029.5 5053.95 -65083.5 13943.25
5.4 278.69721 170.506 45608.286 -59957.1 5300.64 -65257.8 13971.719
5.41 274.08301 -239.17439 45455.139 -59854.8 5212.88 -65067.7 13978.061
5.42 277.42496 489.84401 45203.064 -59378.1 5276.44 -64654.5 13997.412
5.43 266.18496 -491.17055 46061.436 -59922.8 5062.67 -64985.4 14181.377
5.44 278.52625 108.48505 45421.843 -59668.4 5297.39 -64965.8 14064.54
5.45 260.8132 319.48061 45323.057 -60031.4 4960.5 -64991.9 14080.809
5.46 262.09933 -64.955193 45292.385 -60110.6 4984.96 -65095.6 14082.991
5.47 270.0704 118.98677 45429.229 -59968.9 5136.57 -65105.5 14116.855
5.48 270.10771 125.09574 45312.183 -60029.6 5137.28 -65166.9 14151.819
5.49 274.03512 -167.80802 45473.955 -59839.9 5211.97 -65051.8 14220.23
5.5 272.68609 -110.69999 45532.951 -59866.4 5186.31 -65052.7 14235.058
5.51 265.71038 -377.84948 45720.131 -60132.8 5053.64 -65186.4 14303.532
5.52 280.10061 -305.29942 45601.019 -59681.3 5327.33 -65008.6 14280.093
5.53 273.0378 106.88316 45447.718 -60041.3 5193 -65234.3 14281.806
5.54 279.25954 56.540894 45339.844 -59829.4 5311.34 -65140.7 14265.034
5.55 275.17995 -163.30804 45529.086 -60007.4 5233.75 -65241.2 14318.09
5.56 274.85199 601.08239 45529.495 -59856.9 5227.51 -65084.4 14376.161
5.57 271.83607 -787.71993 45709.357 -59495.3 5170.15 -64665.5 14454.851
5.58 272.59482 202.24869 45456.709 -60164.8 5184.58 -65349.4 14416.195
5.59 267.58113 284.9998 45410.177 -60097.2 5089.22 -65186.4 14428.826
5.6 276.15048 -408.28225 45655.269 -59876.4 5252.2 -65128.6 14498.08
5.61 271.35094 -92.70416 45758.092 -59796.1 5160.92 -64957 14552.879
5.62 278.39754 126.69827 45576.608 -59958.5 5294.94 -65253.4 14548.237
5.63 273.26213 55.125919 45556.717 -59823.8 5197.27 -65021.1 14559.47
5.64 269.51768 145.88761 45651.654 -59796 5126.05 -64922.1 14587.685
5.65 278.88146 306.06435 45330.311 -59895.2 5304.15 -65199.3 14538.006
5.66 270.91603 147.55307 45484.628 -59928.5 5152.65 -65081.1 14586.199
5.67 277.55124 610.59116 45508.502 -60006.5 5278.85 -65285.3 14608.865
5.68 265.85254 -195.56033 46012.668 -60080.1 5056.34 -65136.5 14731.128
5.69 272.69297 23.787932 45483.017 -59698.5 5186.44 -64884.9 14659.325
5.7 277.51639 5.5850346 45893.576 -59859.5 5278.18 -65137.6 14787.92
5.71 273.50396 -574.68525 45892.427 -59810.1 5201.87 -65011.9 14803.238
5.72 267.76687 359.84677 45980.708 -60061.4 5092.75 -65154.2 14849.931
5.73 275.95654 -509.51182 45841.167 -59911.2 5248.52 -65159.7 14845.872
5.74 282.80337 727.68252 45222.816 -59649.3 5378.74 -65028.1 14710.619
5.75 269.84299 156.43052 45578.574 -59865.1 5132.24 -64997.3 14854.022
5.76 277.21417 155.83469 45411.474 -59838.3 5272.44 -65110.7 14839.537
5.77 275.88788 245.52283 45560.98 -59864.3 5247.21 -65111.5 14894.733
5.78 284.78629 -46.252804 45472.351 -59890.5 5416.45 -65307 14898.967
5.79 271.66087 -160.46194 45567.288 -59914.5 5166.81 -65081.3 14944.154
5.8 283.20519 182.87154 45668.727 -59389.4 5386.38 -64775.8 14993.564
5.81 269.71452 168.79974 45202.54 -60100.6 5129.8 -65230.4 14914.311
5.82 268.27817 217.98169 45462.714 -60056 5102.48 -65158.5 15007.33
5.83 271.48175 -409.16654 45712.703 -59836.1 5163.41 -64999.5 15101.749
5.84 274.74565 117.68578 45751.122 -59769.8 5225.49 -64995.3 15150.311
5.85 272.61971 915.10968 45055.7 -59998.4 5185.05 -65183.5 15049.181
5.86 258.35381 45.66426 45898.216 -60448.3 4913.72 -65362.1 15276.498
5.87 279.44442 303.22102 45614.7 -59738.4 5314.85 -65053.2 15238.404
5.88 276.06329 -47.085735 45583.468 -59907.9 5250.55 -65158.5 15256.489
5.89 282.15472 203.28323 45467.81 -59585.5 5366.4 -64951.9 15264.964
5.9 281.47171 28.240606 45554.973 -59846.7 5353.41 -65200.1 15342.83
5.91 278.60543 245.36665 45655.51 -59584 5298.9 -64882.9 15395.743
5.92 272.28826 140.4139 45813.486 -60017.9 5178.75 -65196.6 15431.788
5.93 273.74065 852.07036 45536.309 -59800.2 5206.37 -65006.6 15401.888
5.94 267.95669 -76.255058 45543.02 -60094.8 5096.36 -65191.2 15440.647
5.95 272.83834 -414.96256 45613.375 -59721.3 5189.21 -64910.5 15458.119
5.96 275.98373 565.82247 45388.874 -59961.3 5249.03 -65210.3 15458.358
5.97 270.91715 -720.83317 45720.585 -59917.8 5152.67 -65070.5 15555.737
5.98 273.45172 -858.3184 45893.928 -59824.7 5200.88 -65025.5 15609.916
5.99 272.19187 59.830507 45731.37 -59820.4 5176.91 -64997.3 15596.602
6 272.70519 -93.424189 45167.927 -59869 5186.68 -65055.7 15493.059
6.01 270.67152 39.162881 45402.803 -60035.3 5148 -65183.3 15592.329
6.02 276.54694 -147.40365 45668.808 -59750.1 5259.74 -65009.8 15673.736
6.03 277.99278 377.27971 45341.388 -59784 5287.24 -65071.2 15626.024
6.04 274.53196 -818.4618 45661.622 -59907.2 5221.42 -65128.6 15727.343
6.05 276.86008 45.351114 45434.472 -59861.3 5265.7 -65127 15726.827
6.06 265.15175 143.20177 45487.367 -59800.6 5043.02 -64843.6 15770.051
6.07 265.4534 39.012502 45324.402 -59989.5 5048.75 -65038.3 15773.69
6.08 271.151 -393.71012 45690.279 -59896.4 5157.12 -65053.5 15866.587
6.09 268.96187 -333.7679 45655.732 -59790.1 5115.48 -64905.6 15858.642
6.1 271.49317 -1060.2175 45882.87 -59997.8 5163.63 -65161.4 15970.12
6.11 278.03988 139.65924 45553.74 -59918.5 5288.14 -65206.7 15942.549
6.12 274.32906 123.6462 45428.815 -59810.1 5217.56 -65027.7 15939.701
6.13 285.28607 -396.17962 45628.462 -59560.3 5425.96 -64986.2 16021.606
6.14 280.01205 404.82342 45437.764 -59832.1 5325.65 -65157.7 16019.035
6.15 278.11059 771.4001 45057.87 -59965 5289.48 -65254.5 15998.376
6.16 269.62374 313.81388 45599.328 -59831.1 5128.07 -64959.2 16131.483
6.17 260.50818 319.62636 45662.966 -59910.5 4954.7 -64865.2 16187.501
6.18 282.36212 170.94116 45500.677 -59518.1 5370.35 -64888.4 16124.629
6.19 272.43236 805.51362 45215.716 -59995.9 5181.49 -65177.4 16080.255
6.2 267.83787 -671.75156 45909.048 -59807.1 5094.1 -64901.2 16240.017
6.21 274.34005 87.150474 45359.413 -59921.5 5217.77 -65139.3 16173.135
6.22 272.7728 35.385369 45525.416 -59951.8 5187.96 -65139.8 16221.477
6.23 267.5482 304.12552 45687.279 -59858 5088.59 -64946.6 16309.452
6.24 277.07415 -314.21269 45329.957 -59642.7 5269.77 -64912.5 16279.044
6.25 272.44703 120.64314 45553.555 -59825.7 5181.77 -65007.4 16397.055
6.26 284.65941 1233.2316 45064.422 -59667.4 5414.04 -65081.5 16309.393
6.27 267.06984 -536.95278 45757.763 -59990.5 5079.5 -65070 16513.987
6.28 271.77256 -1167.9263 45974.067 -59653.5 5168.94 -64822.4 16583.361
6.29 272.72923 904.99131 45251.154 -59790.2 5187.13 -64977.4 16428.658
6.3 265.68699 124.53192 45531.847 -60088.5 5053.2 -65141.7 16510.362
6.31 274.38756 -13.184158 45356.486 -59915.8 5218.67 -65134.5 16511.827
6.32 270.30205 367.02508 45220.176 -60085.4 5140.97 -65226.4 16524.873
6.33 269.49019 137.9826 45209.538 -59857.7 5125.53 -64983.3 16549.776
6.34 267.98726 -687.66778 45839.685 -60019.9 5096.95 -65116.9 16717.891
6.35 270.44367 62.715321 45543.379 -59797.4 5143.66 -64941.1 16693.579
6.36 266.62586 228.71304 45428.641 -59855.3 5071.05 -64926.4 16724.278
6.37 267.8106 -245.35808 45778.463 -60254.8 5093.59 -65348.3 16811.546
6.38 268.77477 78.642505 45739.679 -59887.8 5111.92 -64999.7 16839.254
6.39 281.2852 -648.85384 46002.634 -59631.6 5349.86 -64981.4 16913.515
6.4 269.66363 577.22413 45576.418 -59862.9 5128.83 -64991.8 16851.958
6.41 273.24244 -419.91004 45599.644 -59977.2 5196.9 -65174.1 16896.148
6.42 274.02688 -530.40702 45900.258 -59933.4 5211.82 -65145.2 17025.768
6.43 280.71805 39.562192 45600.784 -59886.7 5339.08 -65225.8 16972.442
6.44 266.92433 -888.9328 45932.597 -59890.7 5076.73 -64967.4 17059.279
6.45 275.28256 -318.8192 45680.087 -59777.5 5235.7 -65013.2 17056.36
6.46 279.32525 568.05162 45487.039 -59816.3 5312.59 -65128.9 17045.618
6.47 263.44427 254.66573 45490.803 -60091.9 5010.54 -65102.4 17057.875
6.48 269.89813 -829.34541 45767.184 -59900.2 5133.29 -65033.5 17165.985
6.49 273.79713 31.851609 45467.071 -59990.2 5207.45 -65197.6 17125.971
6.5 281.85124 239.07682 45434.279 -59873.4 5360.63 -65234 17144.848
6.51 273.94715 983.71824 45224.141 -59953.3 5210.3 -65163.6 17138.034
6.52 276.87772 -45.877951 45758.319 -59826.6 5266.04 -65092.6 17295.553
6.53 268.20662 303.53014 45645.36 -60119.1 5101.12 -65220.2 17330.138
6.54 276.73196 55.205641 45479.395 -59752.3 5263.26 -65015.6 17319.023
6.55 270.08969 -234.15682 45317.175 -60147.7 5136.93 -65284.6 17289.945
6.56 265.52442 72.745166 45650.367 -59876 5050.1 -64926.1 17373.807
6.57 279.03487 -208.64775 45676.761 -59740.8 5307.06 -65047.9 17409.211
6.58 269.3394 349.25859 45362.314 -59791.1 5122.66 -64913.8 17350.366
6.59 270.57268 -439.04791 45755.039 -59925 5146.12 -65071.1 17462.077
6.6 271.49566 329.48761 45553.696 -60008.8 5163.67 -65172.4 17413.668
6.61 269.80879 221.81938 45569.296 -59712 5131.59 -64843.6 17480.887
6.62 258.14909 17.886396 45442.234 -60177.5 4909.83 -65087.4 17489.202
6.63 277.57382 361.86195 45636.751 -59793.8 5279.28 -65073.1 17573.935
6.64 263.08448 -812.50142 45874.865 -59884.1 5003.7 -64887.8 17656.232
6.65 270.82934 75.660384 45257.226 -60010.1 5151 -65161.1 17576.915
6.66 275.23895 -504.74865 45828.931 -59779.7 5234.87 -65014.6 17731.598
6.67 272.01743 488.09881 45247.112 -59969.3 5173.6 -65142.9 17619.665
6.68 266.56797 -214.46533 45493.944 -59968.7 5069.95 -65038.7 17678.948
6.69 280.54809 37.439417 45491.119 -59854.6 5335.84 -65190.4 17739.749
6.7 278.62219 -38.519247 45594.575 -59663.6 5299.21 -64962.9 17805.693
6.71 280.99135 -869.8089 46071.596 -59673.9 5344.27 -65018.2 17984.629
6.72 271.18085 -521.6387 45805.272 -59886.8 5157.69 -65044.5 17931.226
6.73 269.57332 -993.43472 45860.887 -59831.3 5127.11 -64958.4 17959.735
6.74 268.98143 -614.51534 45735.107 -60162.8 5115.85 -65278.6 17946.702
6.75 273.63402 775.73818 45347.536 -59892 5204.34 -65096.3 17868.239
6.76 275.13067 -5.2843151 45716.19 -59910.9 5232.81 -65143.7 18034.667
6.77 270.2237 360.17944 45601.772 -59964.9 5139.48 -65104.4 17991.555
6.78 283.08604 -550.51293 45760.025 -59688.4 5384.11 -65072.5 18053.1
6.79 281.46393 -132.72704 45551.068 -59785.8 5353.26 -65139.1 18029.401
6.8 272.81815 60.577404 45408.49 -59884.3 5188.83 -65073.1 18025.257
6.81 274.80891 211.97245 45295.503 -59971.1 5226.69 -65197.8 18044.075
6.82 275.71275 -13.90792 45492.048 -59795.6 5243.88 -65039.5 18124.615
6.83 272.09859 101.64233 45545.209 -59555.8 5175.14 -64730.9 18167.809
6.84 277.92304 413.42534 45168.63 -59749.3 5285.92 -65035.2 18136.984
6.85 279.48886 314.49105 45468.4 -59660.2 5315.7 -64975.9 18246.757
6.86 269.73237 -583.50433 45698.887 -59892.3 5130.14 -65022.4 18271.965
6.87 274.96815 86.368372 45375.082 -59984.1 5229.72 -65213.8 18205.419
6.88 270.47885 354.61481 45384.642 -59902.6 5144.33 -65046.9 18242.062
6.89 280.71724 -138.91926 45970.673 -59534.9 5339.06 -64874 18399.733
6.9 274.71422 -481.44982 45691.361 -59954 5224.89 -65178.9 18387.081
6.91 280.46098 280.8794 45557.243 -59896.7 5334.19 -65230.9 18419.627
6.92 274.43449 75.571464 45735.291 -59784.2 5219.57 -65003.8 18499.344
6.93 286.07335 -140.13795 45646.548 -59998.8 5440.93 -65439.7 18478.972
6.94 273.6114 166.03885 45624.772 -59793.5 5203.91 -64997.4 18504.755
6.95 268.21624 476.46927 45215.604 -60122.2 5101.3 -65223.5 18402.847
6.96 277.54696 742.60206 45350.969 -59788.8 5278.76 -65067.5 18474.503
6.97 272.06377 -140.17373 45761.754 -59925.8 5174.48 -65100.3 18581.495
6.98 265.69252 366.28567 45566.999 -59729.3 5053.3 -64782.6 18580.636
6.99 275.77012 311.87938 45946.893 -59753.5 5244.97 -64998.4 18670.448
7 270.67685 1.4044921 45550.559 -60157.6 5148.1 -65305.7 18590.591
7.01 275.91663 -65.56942 45750.137 -59803.2 5247.76 -65051 18628.12
7.02 268.06944 -304.36127 45494.385 -60062 5098.51 -65160.5 18626.704
7.03 272.11876 -632.95557 45859.477 -59704.8 5175.52 -64880.3 18793.561
7.04 270.38395 100.19957 45366.186 -59937.7 5142.53 -65080.3 18719.337
7.05 268.99958 -302.39904 45624.251 -59848.5 5116.2 -64964.7 18763.01
7.06 265.15627 -214.4091 45549.96 -59994.2 5043.1 -65037.3 18744.767
7.07 274.56894 1076.9453 45195.299 -59871.1 5222.12 -65093.2 18647.824
7.08 259.79901 -6.932211 45773.959 -59940.1 4941.21 -64881.3 18803.854
7.09 273.39193 -259.2343 45577.402 -59745.6 5199.74 -64945.3 18762.348
7.1 268.87142 -526.5948 45963.283 -60067.5 5113.76 -65181.3 18894.869
7.11 269.45964 -114.31957 45677.742 -59950.3 5124.95 -65075.3 18836.992
7.12 268.85717 -232.7105 45730.605 -59905.5 5113.49 -65018.9 18895.784
7.13 276.59339 100.75654 45555.331 -59734.5 5260.63 -64995.2 18914.726
7.14 274.29771 -430.46324 45737.302 -59859.2 5216.97 -65076.1 19013.9
7.15 276.66046 100.25332 45578.902 -60039.5 5261.9 -65301.4 19012.985
7.16 270.78862 61.469801 45531.595 -59836.2 5150.23 -64986.4 19025.6
7.17 272.83612 -17.46718 45900.932 -59840.8 5189.17 -65030 19131.332
7.18 274.57759 -119.31117 45525.021 -59938.4 5222.29 -65160.7 19092.159
7.19 275.66158 -489.66223 45965.641 -59798.5 5242.91 -65041.4 19274.004
7.2 283.01557 -250.41694 45941.113 -59574.8 5382.77 -64957.6 19284.721
7.21 261.4671 136.22608 45439.8 -60167.1 4972.94 -65140.1 19166.419
7.22 272.31862 281.61027 45580.316 -59844 5179.33 -65023.3 19220.293
7.23 277.79054 -633.03167 45603.53 -59546.2 5283.4 -64829.6 19222.906
7.24 265.56933 -229.88829 45628.838 -59949.3 5050.96 -65000.3 19232.921
7.25 274.13915 329.92483 45680.641 -59669.5 5213.95 -64883.4 19255.24
7.26 275.86399 -61.830931 45806.336 -59867.5 5246.76 -65114.3 19305.403
7.27 272.73868 727.79277 45302.285 -60246.9 5187.31 -65434.2 19194.187
7.28 265.15538 334.42087 45522.885 -59981.2 5043.08 -65024.3 19294.265
7.29 283.35189 1001.435 45166.589 -59719.2 5389.17 -65108.4 19234.601
7.3 270.8568 -249.43746 45530.337 -59767.6 5151.52 -64919.1 19355.821
7.31 272.87116 158.96109 45438.055 -59617.3 5189.83 -64807.1 19388.066
7.32 271.05877 -816.3151 45800.983 -59853.5 5155.36 -65008.9 19486.272
7.33 260.92478 228.13732 45540.25 -60182.7 4962.62 -65145.3 19435.75
7.34 274.24901 -30.768987 45477.658 -59877.2 5216.04 -65093.2 19457.22
7.35 284.36094 -340.0067 45664.902 -60014.4 5408.36 -65422.8 19551.705
7.36 269.4181 32.459341 45409.67 -60044.2 5124.16 -65168.3 19501.872
7.37 258.4744 151.43843 45337.635 -60238.1 4916.02 -65154.1 19477.027
7.38 279.81419 92.124443 45361.936 -59858.4 5321.89 -65180.3 19536.245
7.39 274.21445 -736.40925 45399.945 -59794.7 5215.38 -65010.1 19534.668
7.4 278.8175 88.05842 45556.095 -59651.2 5302.93 -64954.2 19570.007
7.41 275.63846 740.74097 45193.343 -59829.6 5242.47 -65072 19534.446
7.42 273.90053 -319.62789 45574.815 -59775.4 5209.41 -64984.9 19657.892
7.43 272.55617 -51.515693 45779.503 -60144.3 5183.84 -65328.1 19723.051
7.44 274.05461 419.53892 45565.296 -59699 5212.34 -64911.4 19698.628
7.45 266.73765 564.05658 45239.573 -60148.6 5073.18 -65221.8 19616.095
7.46 273.83251 328.74143 45632.719 -59844.7 5208.12 -65052.8 19772.735
7.47 274.02501 79.346345 45513.197 -60053.3 5211.78 -65265 19800.526
7.48 274.9709 -213.98085 45620.412 -59674.5 5229.77 -64904.2 19840.007
7.49 273.51538 25.583594 45687.548 -60087.1 5202.09 -65289.2 19902.847
7.5 279.5149 -802.4532 45667.689 -59842.3 5316.19 -65158.4 19901.704
7.51 268.30179 885.43546 45282.193 -59967.2 5102.93 -65070.2 19817.37
7.52 288.36163 -438.1387 45993.218 -59720.8 5484.45 -65205.2 20066.083
7.53 277.24005 -153.01017 45663.382 -59788.8 5272.93 -65061.7 19983.809
7.54 262.18364 -75.310291 45809.2 -60192 4986.56 -65178.6 20105.76
7.55 272.61014 -615.55004 46056.601 -59866.7 5184.87 -65051.6 20232.88
7.56 267.0898 -314.16432 45594.953 -60161.9 5079.88 -65241.8 20090.178
7.57 283.94241 336.82303 45362.993 -59698.2 5400.4 -65098.6 20075.375
7.58 273.1831 434.20239 45435.826 -60025.7 5195.77 -65221.4 20129.845
7.59 275.4892 -355.70411 45577.491 -59746.2 5239.63 -64985.8 20225.898
7.6 279.5509 -438.00827 45584.622 -60052.1 5316.88 -65369 20231.331
7.61 269.56648 602.36569 45275.331 -60076.6 5126.98 -65203.6 20168.374
7.62 267.63027 -422.12833 45785.907 -59915 5090.16 -65005.1 20355.009
7.63 285.69448 566.68216 45405.826 -59433.1 5433.73 -64866.8 20284.633
7.64 271.69243 81.008487 45666.587 -59991.5 5167.42 -65158.9 20401.716
7.65 284.0189 -362.36495 45923.744 -59484.4 5401.86 -64886.2 20500.302
7.66 265.70367 711.8034 45522.979 -59935.1 5053.51 -64988.6 20386.712
7.67 265.12951 132.60494 45505.332 -60110.9 5042.59 -65153.5 20406.012
7.68 268.17582 -91.979744 45300.087 -59949.8 5100.53 -65050.3 20363.302
7.69 281.03385 851.65778 45397.918 -59625.5 5345.08 -64970.5 20431.423
7.7 263.98271 -87.726882 45582.546 -59796.8 5020.78 -64817.5 20556.848
7.71 267.44869 122.35494 45498.789 -60331.5 5086.7 -65418.3 20539.914
7.72 275.90599 -481.04092 45821.597 -59962.2 5247.55 -65209.7 20692.817
7.73 279.76959 253.91705 45580.192 -59737.8 5321.04 -65058.8 20643.228
7.74 270.78511 -1080.0784 45801.422 -59810 5150.16 -64960.2 20751.356
7.75 269.70661 220.6726 45672.63 -59718.1 5129.65 -64847.7 20738.912
7.76 275.03912 -544.56109 45721.846 -59991.4 5231.07 -65222.5 20774.131
7.77 270.71093 -337.96637 45559.048 -59828 5148.75 -64976.7 20777.277
7.78 269.14305 89.487638 45661.262 -59934.9 5118.93 -65053.9 20808.066
7.79 277.80206 -84.163995 45853.633 -59719.7 5283.62 -65003.4 20923.873
7.8 268.64043 217.85784 45372.835 -59944.8 5109.37 -65054.2 20772.812
7.81 269.96045 -347.6497 45606.192 -60056.2 5134.47 -65190.7 20869.356
7.82 277.79409 -459.72029 45789.987 -60018.7 5283.46 -65302.2 20954.416
7.83 265.49407 268.25187 45586.244 -59983 5049.53 -65032.5 20913.069
7.84 271.70898 -33.861833 45489.956 -59843.1 5167.73 -65010.8 20914.475
7.85 278.92093 -221.25905 45359.186 -59681.1 5304.9 -64986 20918.718
7.86 268.86224 -120.55401 45704.126 -59967.4 5113.59 -65081 21034.227
7.87 265.64848 -319.60849 45727.192 -60127.1 5052.46 -65179.6 21050.162
7.88 261.41141 -95.027961 45657.92 -60083.3 4971.88 -65055.2 21059.733
7.89 279.1993 233.84611 45539.567 -59842.2 5310.19 -65152.3 21088.214
7.9 276.86783 992.14024 45085.453 -59900.1 5265.85 -65166 20989.255
7.91 284.2622 654.40977 45616.189 -59597.2 5406.48 -65003.6 21180.577
7.92 278.07471 122.79141 45552.981 -59923.9 5288.8 -65212.7 21177.773
7.93 272.85868 -59.598277 45594.536 -59765 5189.6 -64954.5 21206.098
7.94 282.43483 -132.5825 45709.15 -59551.6 5371.73 -64923.3 21251.802
7.95 262.64559 1189.4206 45416.362 -60004.4 4995.35 -64999.7 21185.823
7.96 277.66255 595.16178 45335.386 -59772.4 5280.96 -65053.3 21192.242
7.97 270.83632 267.90088 45692.026 -60205.2 5151.13 -65356.3 21342.448
7.98 270.53756 435.10069 45612.032 -59812.1 5145.45 -64957.6 21339.863
7.99 269.43909 176.91882 45456.677 -59807.5 5124.56 -64932.1 21324.845
8 272.78936 86.121435 45396.726 -60018.3 5188.28 -65206.5 21315.988
8.01 273.23763 -69.810593 45607.894 -59764.9 5196.8 -64961.7 21427.6
8.02 266.07031 -697.52763 45603.466 -60079.9 5060.49 -65140.4 21474.982
8.03 272.57074 312.86317 45245.779 -60056.2 5184.12 -65240.3 21386.002
8.04 276.6212 1183.3472 45165.375 -59813.6 5261.16 -65074.7 21396.906
8.05 264.41375 327.16167 45666.399 -60066.7 5028.98 -65095.7 21575.549
8.06 275.28589 -547.18191 45530.536 -60091.9 5235.76 -65327.6 21517.627
8.07 276.14608 -556.6997 45562.093 -59805.6 5252.12 -65057.7 21529.037
8.08 270.89767 -398.76039 45599.226 -59989.3 5152.3 -65141.6 21570.112
8.09 266.26851 1100.7739 45175.934 -60227.2 5064.26 -65291.5 21475.216
8.1 272.99501 -240.8973 45868.663 -59967.5 5192.19 -65159.7 21708.943
8.11 276.74359 -121.59806 45829.766 -59643.7 5263.48 -64907.2 21751.457
8.12 269.11772 97.748352 45616.237 -59935.5 5118.45 -65053.9 21717.406
8.13 275.83769 731.07218 45113.428 -59985.2 5246.26 -65231.5 21588.8
8.14 275.06625 36.886201 45595.283 -59708 5231.58 -64939.6 21771.386
8.15 272.68057 88.080646 45650.739 -59627 5186.21 -64813.2 21818.769
8.16 276.54033 106.26969 45511.085 -59632.3 5259.62 -64892 21829.439
8.17 272.31148 -243.86547 45579.077 -59838.2 5179.19 -65017.4 21861.276
8.18 266.54741 -40.514641 45510.52 -60102.7 5069.56 -65172.2 21870.048
8.19 274.66807 44.990615 45368.387 -59831.9 5224.01 -65055.9 21863.642
8.2 268.14527 432.15614 45495.363 -59996.9 5099.95 -65096.9 21908.801
8.21 263.59489 -435.6723 45733.251 -60109.7 5013.41 -65123.1 21989.913
8.22 275.67095 98.578483 45548.551 -59816.6 5243.08 -65059.7 21961.233
8.23 284.55975 636.76851 45453.052 -59529.1 5412.14 -64941.2 21933.299
8.24 264.5532 78.615387 45387.827 -59950.3 5031.63 -64981.9 21951.598
8.25 275.31029 343.85521 45560.953 -59574.5 5236.22 -64810.7 22064.566
8.26 271.34114 462.33958 45294.409 -60054.6 5160.73 -65215.3 21950.972
8.27 269.00024 248.50064 45610.225 -60179.9 5116.21 -65296.1 22101.902
8.28 274.62739 -515.49557 45888.959 -59795.2 5223.24 -65018.4 22208.799
8.29 277.07279 -222.43141 45573.249 -59684.7 5269.75 -64954.5 22139.909
8.3 261.59532 -24.359563 45384.793 -59927.9 4975.37 -64903.3 22136.456
8.31 272.15247 -155.74356 45381.625 -59756 5176.16 -64932.1 22202.413
8.32 274.50758 237.93932 45441.03 -59824.6 5220.96 -65045.6 22219.176
8.33 272.76707 -51.161021 45626.909 -60076.8 5187.85 -65264.6 22324.019
8.34 278.36296 413.26388 45392.424 -59801.9 5294.28 -65096.2 22283.396
8.35 263.89856 68.542096 45692.144 -60043.6 5019.18 -65062.8 22436.48
8.36 269.86481 -790.61361 45878.894 -59570.4 5132.66 -64703 22540.937
8.37 275.04016 394.9136 45270.59 -59727.5 5231.09 -64958.6 22372.454
8.38 276.25641 442.13408 45318.019 -59867.7 5254.22 -65121.9 22432.011
8.39 269.92162 -76.347917 45672.096 -60273.1 5133.74 -65406.9 22583.438
8.4 270.1093 -55.061816 45762.483 -60023.7 5137.31 -65161 22623.767
8.41 270.08634 -85.860771 45361.015 -60037.6 5136.87 -65174.4 22553.841
8.42 282.32786 403.78521 45849.332 -59811.6 5369.69 -65181.3 22746.824
8.43 267.81234 -634.13044 45887.009 -60264.2 5093.62 -65357.8 22813.455
8.44 275.46741 216.66441 45320.508 -59897.6 5239.21 -65136.8 22668.566
8.45 276.93439 112.45426 45349.532 -59874.3 5267.11 -65141.5 22703.82
8.46 270.16384 27.448125 45559.753 -59986.4 5138.34 -65124.7 22838.394
8.47 273.94962 54.400184 45421.713 -59819.1 5210.35 -65029.4 22824.575
8.48 280.07064 -137.60919 45539.633 -59840.9 5326.76 -65167.6 22927.86
8.49 269.08661 252.09576 45476.004 -59670.5 5117.85 -64788.3 22937.947
8.5 268.00885 494.94864 45514.777 -59951.8 5097.36 -65049.2 22989.301
8.51 279.20752 -88.005799 45703.878 -60033.7 5310.35 -65344.1 23093.643
8.52 276.25378 -128.96865 45480.214 -59805.5 5254.17 -65059.6 23066.691
8.53 272.8332 128.08917 45602.269 -60014.3 5189.11 -65203.4 23157.68
8.54 271.1721 -32.791816 45424.413 -59698.4 5157.52 -64855.9 23137.509
8.55 280.44414 -70.981704 45821.609 -59601.5 5333.87 -64935.4 23272.186
8.56 268.98057 -409.40458 45946.654 -59877.2 5115.84 -64993 23343.548
8.57 262.02744 69.243099 45503.848 -60103.7 4983.59 -65087.3 23209.31
8.58 268.87019 -135.57944 45875.418 -60019 5113.74 -65132.8 23381.895
8.59 275.69027 485.15538 45478.132 -59924.9 5243.45 -65168.4 23280.552
8.6 276.52461 -457.91239 45636.586 -59531.3 5259.32 -64790.6 23394.556
8.61 267.46994 14.412171 45708.962 -59988.6 5087.11 -65075.7 23446.776
8.62 261.65069 -48.433472 45634.711 -59950.7 4976.43 -64927.2 23443.065
8.63 261.85896 -67.880863 45422.908 -60004.1 4980.39 -64984.5 23425.119
8.64 279.18662 968.56266 45469.165 -59767.6 5309.95 -65077.6 23448.002
8.65 261.46679 -10.795025 45451.733 -59838.2 4972.93 -64811.1 23480.897
8.66 277.22464 47.056394 45779 -59644.9 5272.63 -64917.6 23631.106
8.67 282.32893 717.55269 45554.363 -59700.7 5369.71 -65070.4 23579.022
8.68 271.07865 357.71097 45707.888 -60056 5155.74 -65211.7 23675.176
8.69 268.91311 304.8961 45636.213 -60102.4 5114.55 -65216.9 23705.203
8.7 275.37894 69.866616 45329.735 -59940.4 5237.53 -65177.9 23637.665
8.71 268.64441 127.25263 45636.561 -60101.3 5109.44 -65210.7 23745.529
8.72 267.17125 130.50698 45483.092 -60082.4 5081.43 -65163.8 23666.505
8.73 265.71602 -181.7914 45450.678 -59721.8 5053.75 -64775.6 23679.629
8.74 262.53891 412.72769 45454.016 -60020 4993.32 -65013.3 23696.876
8.75 274.61031 -119.6808 45681.061 -59802.4 5222.91 -65025.3 23776.24
8.76 270.34214 977.78056 45384.128 -59798.3 5141.73 -64940 23673.69
8.77 280.7076 -226.78497 45767.79 -59423.9 5338.88 -64762.8 23863.207
8.78 275.34668 148.44962 45153.38 -59824.4 5236.92 -65061.3 23658.997
8.79 272.87655 291.7215 45764.822 -60042.3 5189.94 -65232.2 23908.287
8.8 268.85574 -6.8863262 45270.195 -59737.4 5113.46 -64850.8 23800.136
8.81 278.28913 474.88369 45457.082 -59731.2 5292.88 -65024.1 23849.06
8.82 276.30724 -321.52244 45786.143 -59971.6 5255.19 -65226.8 23965.386
8.83 283.1818 -40.381114 45516.757 -59485.7 5385.94 -64871.6 23917.461
8.84 266.36363 -872.89676 45413.228 -60080.6 5066.07 -65146.7 23924.672
8.85 280.01085 28.044156 45696.108 -60001.2 5325.63 -65326.8 24038.932
8.86 273.89909 329.0235 45420.83 -60035.8 5209.38 -65245.2 23966.535
8.87 277.72412 11.555252 45451.225 -59977.4 5282.13 -65259.6 23999.238
8.88 264.0308 -186.82149 45737.762 -59855.6 5021.7 -64877.3 24123.116
8.89 271.76591 991.94142 44994.757 -59883.7 5168.81 -65052.5 23919.311
8.9 272.8283 111.9438 45374.045 -59910.5 5189.02 -65099.6 24079.241
8.91 275.82833 -8.2267479 45690.171 -59629.4 5246.08 -64875.4 24187.164
8.92 263.6109 446.75683 45390.996 -60139.6 5013.71 -65153.3 24114.157
8.93 269.5796 85.96057 45781.741 -59708.6 5127.23 -64835.8 24279.897
8.94 274.2894 -83.075921 45690.197 -59986.6 5216.81 -65203.4 24281.231
8.95 278.73184 361.59933 45453.814 -59595.8 5301.3 -64897.1 24195.406
8.96 267.93465 -516.56865 45853.7 -59954.2 5095.94 -65050.1 24340.676
8.97 283.20523 284.3501 45633.846 -59393 5386.38 -64779.4 24307.555
8.98 280.6657 788.34252 45263.783 -59696.6 5338.08 -65034.7 24220.321
8.99 275.36836 395.9173 45517.608 -60134.8 5237.33 -65372.1 24331.402
9 263.70213 -100.91169 45422.27 -59812.9 5015.44 -64828.3 24293.883
9.01 279.34815 365.3701 45336.913 -59846.3 5313.02 -65159.3 24267.681
9.02 273.0533 -165.33705 45645.107 -59611.9 5193.3 -64805.2 24461.507
9.03 276.92579 -459.09752 45691.256 -59892.4 5266.95 -65159.3 24528.962
9.04 276.55854 457.27656 45496.353 -59585.8 5259.97 -64845.8 24524.11
9.05 266.14428 -110.25534 45861.727 -59842 5061.89 -64903.9 24715.104
9.06 271.89064 569.48215 45350.423 -59571.7 5171.19 -64742.9 24586.399
9.07 272.25471 309.2947 45390.959 -59874.8 5178.11 -65053 24660.153
9.08 280.30221 508.59245 45464.981 -59763.8 5331.17 -65094.9 24698.211
9.09 281.14208 -197.6874 45511.114 -59651.1 5347.14 -64998.2 24783.469
9.1 278.11719 -422.63313 45481.179 -59930.3 5289.61 -65219.9 24786.185
9.11 272.3995 -276.57972 45566.165 -59971.3 5180.86 -65152.2 24835.537
9.12 269.22016 644.91818 45440.667 -59794.9 5120.39 -64915.3 24837.172
9.13 277.45364 142.99548 45469.713 -59838.7 5276.99 -65115.7 24861.724
9.14 262.93269 425.83215 45511.534 -60077.3 5000.81 -65078.2 24882.993
9.15 280.71883 103.74802 45417.588 -59676 5339.09 -65015.1 24906.07
9.16 269.92998 -383.04977 45794.83 -59784.1 5133.89 -64918 25073.708
9.17 284.214 267.14 45399.674 -59747.8 5405.57 -65153.4 25017.871
9.18 268.65318 143.40998 45511.116 -60048.6 5109.61 -65158.2 25096.553
9.19 278.5455 188.57314 45392.539 -59986.4 5297.76 -65284.2 25064.852
9.2 268.22449 -527.73255 46044.581 -59843.7 5101.46 -64945.2 25300.128
9.21 268.60879 72.865764 45557.228 -60266.8 5108.77 -65375.6 25149.809
9.22 280.40433 117.18098 45402.184 -59865.8 5333.11 -65198.9 25105.058
9.23 271.99299 -3.736805 45548.718 -59833.2 5173.13 -65006.4 25182.675
9.24 273.71457 -481.36688 45856.316 -59559.5 5205.88 -64765.4 25352.188
9.25 276.44976 -243.94459 45415.606 -59887.1 5257.9 -65145 25232.745
9.26 278.17493 53.489712 45473.049 -59827.9 5290.71 -65118.6 25279.502
9.27 264.07169 -190.0997 45465.324 -60276 5022.47 -65298.5 25293.448
9.28 277.99894 395.75938 45469.408 -59617 5287.36 -64904.4 25302.129
9.29 270.31428 634.77104 45424.534 -59825.3 5141.2 -64966.5 25349.291
9.3 274.28057 166.40196 45433.771 -59854.2 5216.64 -65070.8 25363.404
9.31 274.64572 -207.14235 45402.919 -59652.4 5223.59 -64876 25376.536
9.32 269.85804 386.24309 45178.559 -60036.5 5132.53 -65169 25322.578
9.33 272.55611 -727.00287 45720.62 -59734.7 5183.84 -64918.6 25547.035
9.34 274.58906 -180.24952 45444.493 -60159.9 5222.51 -65382.4 25486.374
9.35 272.81916 157.36544 45362.856 -59702.1 5188.84 -64891 25506.445
9.36 267.31819 -1000.5161 45920.867 -60175.9 5084.22 -65260.1 25766.585
9.37 282.22184 -65.461953 45530.204 -59702.7 5367.68 -65070.4 25648.214
9.38 276.92627 -123.3858 45528.795 -60087.2 5266.96 -65354.2 25698.406
9.39 273.46767 688.90867 45282.253 -59889.6 5201.18 -65090.8 25629.278
9.4 268.7161 -408.94886 45492.652 -60232 5110.81 -65342.8 25760.037
9.41 271.93359 356.29493 45355.704 -59797.2 5172 -64969.2 25761.87
9.42 271.47599 -553.89194 45683.435 -59803.2 5163.3 -64966.5 25914.877
9.43 279.24303 347.2724 45317.67 -59997.9 5311.02 -65309 25767.102
9.44 271.28652 -336.0918 45589.368 -59658.5 5159.69 -64818.2 25864.57
9.45 272.0778 -462.14667 45859.941 -60011 5174.74 -65185.7 26010.494
9.46 275.35973 -750.55889 45739.787 -59887.4 5237.17 -65124.5 25971.322
9.47 285.06596 -173.25822 45324.178 -59534.1 5421.77 -64955.8 25858.061
9.48 272.31327 754.72049 45187.487 -59635.9 5179.22 -64815.1 25879.576
9.49 264.21367 88.277284 45496.378 -60029.9 5025.17 -65055.1 26035.581
9.5 274.56186 -112.88338 45246.374 -59639.4 5221.99 -64861.3 25941.82
9.51 275.65779 241.10875 45397.585 -59733.8 5242.83 -64976.6 26050.747
9.52 273.43847 -454.47572 45455.098 -59719.2 5200.62 -64919.9 26069.183
9.53 267.67608 -53.77742 45315.246 -60348 5091.03 -65439.1 26056.008
9.54 267.29678 -121.92098 45864.941 -60035.7 5083.81 -65119.6 26267.333
9.55 282.29732 379.21722 45460.404 -59581 5369.11 -64950.1 26173.975
9.56 277.10283 -381.83137 45921.138 -59713 5270.32 -64983.3 26368.825
9.57 277.63428 259.35676 45317.619 -60272.4 5280.43 -65552.8 26199.584
9.58 266.10609 -356.09119 45488.234 -59915.2 5061.17 -64976.4 26297.153
9.59 272.9273 246.91654 45635.723 -59868.7 5190.9 -65059.6 26381.155
9.6 279.11009 575.86229 45371.156 -59595.9 5308.49 -64904.4 26329.999
9.61 270.63716 120.56916 45263.475 -60036 5147.34 -65183.3 26351.802
9.62 275.35951 333.61959 45270.708 -59585.2 5237.16 -64822.4 26386.7
9.63 275.53815 559.48493 45551.51 -59934.2 5240.56 -65174.8 26553.734
9.64 281.74408 -250.1643 45549.297 -59528.6 5358.59 -64887.1 26552.689
9.65 270.87254 669.57975 45105.612 -59985.6 5151.82 -65137.4 26418.147
9.66 264.55428 -154.27699 45662.446 -60117.3 5031.65 -65149 26671.305
9.67 278.93443 20.199202 45467.027 -59900.3 5305.15 -65205.5 26569.239
9.68 267.83422 -244.68242 45649.529 -60127.6 5094.03 -65221.7 26678.888
9.69 270.75217 -812.96578 45724.387 -59940.2 5149.53 -65089.7 26753.519
9.7 270.46954 -884.98161 45891.351 -59792.8 5144.16 -64937 26846.755
9.71 266.63107 666.68122 45533.386 -60159.8 5071.15 -65230.9 26730.675
9.72 279.98404 233.96922 45630.015 -59695.1 5325.12 -65020.2 26799.305
9.73 276.41766 -451.27093 45635.379 -60211.7 5257.29 -65469 26811.871
9.74 277.62309 633.05233 45443.822 -59778.3 5280.21 -65058.5 26735.167
9.75 275.32866 377.69054 45274.759 -59935.3 5236.57 -65171.9 26672.198
9.76 272.9349 808.61298 45282.667 -59906 5191.05 -65097 26717.505
9.77 267.29238 206.20617 45169.025 -60019.1 5083.73 -65102.8 26716.692
9.78 265.93501 475.68505 45449.66 -60297.1 5057.91 -65355 26876.459
9.79 273.41286 -344.56097 45827.388 -59720.5 5200.14 -64920.7 27077.41
9.8 276.98328 97.280127 45757.275 -59842.4 5268.04 -65110.4 27107.776
9.81 276.07219 402.17608 45287.11 -59830.2 5250.72 -65080.9 26988.068
9.82 277.51747 -491.48834 45843.257 -60136.4 5278.2 -65414.6 27249.549
9.83 268.04355 -94.129956 45436.944 -59909.3 5098.02 -65007.3 27118.08
9.84 266.4784 402.51908 45593.146 -60066.3 5068.25 -65134.6 27189.984
9.85 281.11496 409.76609 45420.541 -59522.3 5346.63 -64868.9 27152.913
9.86 278.13722 206.37579 45638.545 -59758.6 5289.99 -65048.6 27274.255
9.87 278.59767 154.36561 45800.945 -59670.4 5298.75 -64969.2 27339.749
9.88 268.9041 -130.30281 45758.908 -59959.6 5114.38 -65074 27405.43
9.89 268.98903 -416.5672 45639.419 -59941.8 5116 -65057.8 27395.846
9.9 269.68518 -104.94277 45948.096 -59991.7 5129.24 -65120.9 27562.284
9.91 274.04836 140.23383 45496.496 -60021.9 5212.22 -65234.1 27386.724
9.92 282.56903 -488.13375 45930.618 -59828.3 5374.28 -65202.5 27548.81
9.93 277.20297 -548.30016 45976.056 -59827.5 5272.22 -65099.7 27598.407
9.94 274.46799 603.39698 45345.941 -59866 5220.2 -65086.2 27331.54
9.95 283.33225 -190.12396 45741.782 -59576.1 5388.8 -64964.9 27504.61
9.96 268.71063 -461.21727 45596.294 -59764.4 5110.7 -64875.1 27489.685
9.97 277.43827 -14.982763 45610.093 -59662 5276.7 -64938.7 27485.636
9.98 277.69212 839.5603 45395.754 -59615.7 5281.53 -64897.2 27422.621
