0 267.12634 50.303285 21835.734 -29832.6 2395.36 -32227.9 5.8420031
0.01 275.52248 -57.361723 21781.376 -29531.1 2470.65 -32001.7 16.425896
0.02 274.73429 169.30969 21705.105 -29753.5 2463.59 -32217.1 31.202544
0.03 262.41791 39.738509 21935.711 -29931.1 2353.14 -32284.3 39.962115
0.04 272.32309 646.31167 21813.593 -29466.2 2441.96 -31908.2 52.272735
0.05 277.32805 477.13474 21693.25 -29697.3 2486.84 -32184.2 61.922882
0.06 259.30496 -57.123113 21910.539 -29943.7 2325.23 -32269 77.532164
0.07 268.82419 -344.87346 21718.432 -29772.7 2410.59 -32183.3 86.138358
0.08 262.68736 110.82123 21896.739 -29625.9 2355.56 -31981.5 98.7251
0.09 266.19038 -28.992636 22025.121 -29570.9 2386.97 -31957.9 109.07742
0.1 267.20181 602.23729 21651.642 -29681.7 2396.04 -32077.8 123.72115
0.11 275.22688 28.822055 21681.595 -29566.6 2468 -32034.6 134.35153
0.12 280.89196 503.7342 21650.256 -29474.2 2518.8 -31993 147.81476
0.13 269.89023 410.15951 21738.37 -29245.5 2420.15 -31665.6 167.207
0.14 274.53652 611.92754 21752.754 -29170.8 2461.81 -31632.6 183.1658
0.15 256.84534 823.35517 21436.177 -29357.2 2303.17 -31660.3 189.55487
0.16 274.56235 222.71128 21708.89 -28817.3 2462.04 -31279.3 207.98677
0.17 274.53911 -288.26319 21874.675 -29074.4 2461.84 -31536.2 234.47604
0.18 266.54011 -377.42348 21743.922 -28919.5 2390.11 -31309.7 258.66391
0.19 283.53536 595.14946 21568.586 -28885.4 2542.51 -31427.9 274.30126
0.2 270.20714 -205.36152 21655.023 -28837.3 2422.99 -31260.3 290.12232
0.21 280.31789 919.62512 21148.621 -28304.9 2513.66 -30818.5 313.43179
0.22 275.46847 105.47408 21592.642 -28225.8 2470.17 -30696 351.22593
0.23 285.27642 596.94276 21439.087 -28049.9 2558.12 -30608 382.62793
0.24 281.87308 1078.068 21293.431 -28115.6 2527.6 -30643.2 404.9541
0.25 253.25374 223.96751 21530.116 -28505.8 2270.97 -30776.8 440.4795
0.26 264.83811 16.133743 21305.247 -28227 2374.85 -30601.9 471.02041
0.27 281.89936 22.155135 21661.612 -27989.2 2527.84 -30517.1 509.68699
0.28 262.11376 -1225.9463 21701.898 -28312.2 2350.42 -30662.6 534.78313
0.29 266.08761 -558.69825 21627.676 -28203.8 2386.05 -30589.9 568.55931
0.3 291.7414 500.60001 21612.31 -27871.6 2616.09 -30487.7 595.60652
0.31 274.17281 234.20214 21720.621 -28290 2458.55 -30748.6 618.03366
0.32 259.77816 -555.1415 21719.118 -28248.8 2329.47 -30578.2 637.93109
0.33 266.01892 -446.53494 21497.854 -28385.5 2385.43 -30770.9 667.76928
0.34 278.07761 -254.59227 21546.293 -28165.3 2493.57 -30658.9 681.41712
0.35 273.89217 370.89638 21398.785 -28372 2456.03 -30828 701.40429
0.36 281.07276 -19.794956 21421.868 -28202.7 2520.42 -30723.1 734.04649
0.37 270.85599 -135.37764 21510.129 -28090.9 2428.81 -30519.7 770.02108
0.38 271.90486 345.71236 21396.517 -28214.1 2438.21 -30652.3 780.21029
0.39 276.03449 487.05172 21426.917 -28298 2475.25 -30773.3 813.00019
0.4 282.90925 1025.1516 21477.752 -28099.1 2536.89 -30636 837.7124
0.41 277.91567 305.63625 21387.083 -28330.8 2492.11 -30822.9 864.65299
0.42 285.93938 605.49158 21664.944 -28145.3 2564.06 -30709.4 887.516
0.43 269.97387 -344.97218 21622.837 -28273.1 2420.9 -30694 911.86407
0.44 257.52128 -673.55563 21662.71 -28491.7 2309.23 -30800.9 937.54276
0.45 283.83105 50.268011 21617.855 -28292.7 2545.16 -30837.9 944.45659
0.46 271.43623 -965.70526 21676.981 -28462.3 2434.01 -30896.3 978.84595
0.47 268.1871 123.28992 21510.143 -28238.9 2404.88 -30643.7 1020.9483
0.48 276.25525 552.69841 21491.107 -28040 2477.22 -30517.3 1043.0944
0.49 281.28955 263.71246 21618.358 -28269.5 2522.37 -30791.9 1070.071
0.5 272.38424 508.51536 21439.31 -28379.5 2442.51 -30822 1080.9168
0.51 273.57479 781.77225 21343.745 -28299.7 2453.19 -30752.9 1092.5994
0.52 283.14788 800.3841 21403.639 -28181 2539.03 -30720 1131.0957
0.53 272.60611 811.46229 21308.441 -28360 2444.5 -30804.5 1168.0781
0.54 272.98055 -582.96239 21439.173 -28316.2 2447.86 -30764.1 1207.7566
0.55 265.68664 529.72159 21301.396 -28308.7 2382.45 -30691.1 1225.9877
0.56 274.10611 -530.52081 21689.771 -28416.5 2457.95 -30874.4 1261.3431
0.57 269.15176 514.2653 21555.85 -28289.5 2413.53 -30703 1282.6663
0.58 268.74149 -692.85487 21630.484 -28367.3 2409.85 -30777.1 1309.4716
0.59 266.75743 -124.48307 21584.063 -28563.7 2392.06 -30955.7 1338.422
0.6 274.9448 -597.5821 21640.742 -28204.5 2465.47 -30669.9 1375.2211
0.61 268.84531 304.1306 21422.495 -28393.5 2410.78 -30804.3 1388.0376
0.62 281.86878 -326.40106 21492.617 -28172.7 2527.56 -30700.2 1414.9785
0.63 270.96307 39.820232 21657.191 -28216.3 2429.77 -30646.1 1423.946
0.64 265.1008 -315.3437 21383.076 -28377.7 2377.2 -30754.9 1435.462
0.65 271.96747 293.43807 21430.239 -28049.5 2438.78 -30488.2 1454.9633
0.66 277.53646 736.68134 21369.175 -28238.4 2488.71 -30727.1 1482.2041
0.67 259.12185 -565.14916 21678.86 -28407.8 2323.59 -30731.4 1516.5041
0.68 268.16228 453.53497 21545.872 -28300.2 2404.65 -30704.8 1527.9831
0.69 281.27558 -219.90042 21445.587 -28174.1 2522.24 -30696.4 1540.3644
0.7 255.58745 -408.24649 21475.93 -28467 2291.89 -30758.9 1569.8699
0.71 277.48123 -750.16883 21626.348 -28258.5 2488.22 -30746.8 1617.9266
0.72 271.5125 -231.95302 21496.048 -28275.2 2434.7 -30709.9 1629.0691
0.73 273.70632 -853.59922 21309.711 -28293 2454.37 -30747.4 1629.1253
0.74 280.67116 212.98093 21415.199 -28133.1 2516.82 -30650 1659.8334
0.75 280.55769 -98.5334 21587.206 -28246.2 2515.81 -30762 1685.1436
0.76 273.8096 -493.16527 21724.684 -28022.9 2455.29 -30478.2 1721.5441
0.77 277.19339 446.84556 21307.499 -28328.8 2485.64 -30814.4 1738.1762
0.78 260.24583 -151.32049 21392.242 -28294 2333.67 -30627.7 1781.062
0.79 254.50131 571.71032 21325.946 -28439.5 2282.15 -30721.6 1801.0347
0.8 269.50984 20.481932 21457.687 -28160 2416.74 -30576.8 1822.9948
0.81 262.74921 61.811446 21591.105 -28358 2356.11 -30714.1 1859.6146
0.82 282.33954 -925.5689 21652.745 -28123.6 2531.78 -30655.4 1886.9704
0.83 273.3025 319.24248 21333.733 -28400.7 2450.75 -30851.5 1894.9172
0.84 266.67767 -1025.5219 21671.952 -28285.3 2391.34 -30676.7 1943.7635
0.85 290.99117 -466.89691 21643.245 -28161.5 2609.36 -30770.8 1957.9391
0.86 259.4384 154.87849 21322.1 -28390.5 2326.43 -30716.9 1956.8182
0.87 257.59854 -169.29775 21530.213 -28259.6 2309.93 -30569.6 2001.4426
0.88 262.42261 377.07382 21603.351 -28385.1 2353.19 -30738.2 2036.9058
0.89 253.83171 -562.6597 21610.204 -28465.1 2276.15 -30741.2 2052.1241
0.9 262.94697 -413.7821 21682.339 -28312.6 2357.89 -30670.5 2069.3348
0.91 262.3836 496.41514 21415.654 -28433.8 2352.84 -30786.6 2094.4363
0.92 280.17047 491.27365 21372.681 -27968.8 2512.33 -30481.1 2111.7746
0.93 273.49174 -299.30801 21681.673 -28307.7 2452.44 -30760.2 2152.8929
0.94 251.38299 -768.78202 21675.783 -28542.4 2254.19 -30796.6 2209.5491
0.95 283.25606 361.43215 21317.313 -28248.3 2540 -30788.3 2219.1321
0.96 277.84596 -340.55274 21583.024 -28323.9 2491.49 -30815.4 2274.9181
0.97 269.92084 480.4382 21556.439 -28354.1 2420.42 -30774.5 2301.9232
0.98 267.51498 949.64262 21469.55 -28219.5 2398.85 -30618.4 2331.9984
0.99 277.95621 273.18342 21429.816 -28112.2 2492.48 -30604.6 2361.9309
1 265.55435 -85.442988 21556.368 -28209.5 2381.27 -30590.8 2378.4116
1.01 276.56626 -604.08545 21540.364 -28334.5 2480.01 -30814.5 2403.9314
1.02 283.22135 493.29265 21255.556 -28118.9 2539.69 -30658.6 2424.0568
1.03 281.5425 -7.0443965 21603.262 -28285.2 2524.64 -30809.8 2481.7852
1.04 273.06189 -437.58496 21602.851 -28350 2448.59 -30798.6 2507.0929
1.05 285.29336 523.39243 21371.415 -28224.7 2558.27 -30783 2532.0812
1.06 283.92195 535.46118 21507.034 -28024.5 2545.97 -30570.5 2563.4631
1.07 268.73109 80.809584 21512.177 -28302.6 2409.75 -30712.3 2594.3037
1.08 271.05121 241.64236 21462.74 -28300 2430.56 -30730.6 2605.059
1.09 254.4294 -129.49175 21429.074 -28350.1 2281.51 -30631.7 2621.9051
1.1 264.96082 -779.22579 21721.865 -28191.7 2375.95 -30567.7 2668.1524
1.11 265.91798 870.64532 21200.095 -28330.2 2384.53 -30714.7 2666.5907
1.12 279.38502 591.35494 21471.86 -28239.7 2505.29 -30744.9 2698.7028
1.13 266.80458 -285.80165 21337.835 -28433.7 2392.48 -30826.2 2709.3936
1.14 273.6664 -151.7884 21423.045 -28144.6 2454.01 -30598.6 2730.7958
1.15 278.19128 -137.51012 21323.662 -28265.1 2494.59 -30759.7 2778.901
1.16 290.84103 -51.139556 21678.907 -28097.9 2608.02 -30705.9 2844.7639
1.17 270.93451 -626.31844 21484.98 -28226.9 2429.51 -30656.4 2841.4808
1.18 261.95382 -659.32526 21670.209 -28412.3 2348.98 -30761.3 2879.98
1.19 280.96401 8.4977988 21713.526 -28323.5 2519.45 -30842.9 2904.4372
1.2 263.0708 -515.83864 21838.418 -28467.3 2359 -30826.3 2913.3993
1.21 264.91934 280.66738 21600.052 -28285.4 2375.57 -30661 2932.0527
1.22 264.68863 126.38476 21364.132 -28278.9 2373.51 -30652.4 2936.1746
1.23 271.89783 -1295.2416 21703.809 -28389.5 2438.15 -30827.6 2991.4765
1.24 272.1906 94.839045 21511.686 -28146.3 2440.78 -30587.1 3006.8014
1.25 281.63704 -280.20395 21598.576 -27993 2525.48 -30518.5 3037.8415
1.26 263.0699 298.52782 21602.455 -28284.6 2358.99 -30643.5 3083.33
1.27 288.36119 252.76363 21605.019 -28059.5 2585.78 -30645.3 3106.5323
1.28 271.21145 529.88506 21388.185 -28275.6 2432 -30707.6 3127.8212
1.29 291.74794 313.64909 21407.753 -28216.9 2616.15 -30833 3152.9409
1.3 275.0619 589.77764 21357.934 -28513.7 2466.52 -30980.2 3175.5883
1.31 280.8408 76.152469 21576.539 -28242.4 2518.34 -30760.7 3229.0682
1.32 274.38605 -301.0048 21499.653 -28516.8 2460.46 -30977.3 3237.2143
1.33 253.71483 10.206416 21407.627 -28332.4 2275.1 -30607.5 3271.5534
1.34 260.58206 428.7885 21422.116 -28405.2 2336.68 -30741.9 3300.8495
1.35 265.10627 -470.23672 21717.239 -28229.1 2377.25 -30606.3 3368.405
1.36 280.61726 1199.5703 21381.913 -28119.6 2516.34 -30635.9 3385.3555
1.37 270.52339 -750.10601 21670.752 -28266.7 2425.83 -30692.5 3434.8927
1.38 259.3169 203.9775 21464.613 -28464 2325.34 -30789.3 3440.3579
1.39 268.45886 -137.88677 21388.839 -28427.8 2407.31 -30835.1 3435.9764
1.4 267.34744 356.5212 21542.703 -28276.4 2397.35 -30673.7 3471.0982
1.41 286.72695 641.21603 21247.578 -28141.9 2571.13 -30713.1 3471.8115
1.42 271.54564 -7.5713151 21406.162 -28312 2434.99 -30747 3508.619
1.43 271.01797 -1112.1454 21557.716 -28256.8 2430.26 -30687.1 3543.146
1.44 286.77732 464.90174 21481.77 -28049.1 2571.58 -30620.6 3614.7622
1.45 274.43469 202.67884 21493.802 -28359.3 2460.9 -30820.2 3652.2528
1.46 271.12784 -32.672854 21588.777 -28381.4 2431.25 -30812.6 3677.6353
1.47 275.97 734.67995 21440.043 -28295.5 2474.67 -30770.2 3689.9309
1.48 285.2489 105.14537 21516.088 -28270.6 2557.87 -30828.5 3726.6674
1.49 273.44528 -517.63911 21613.645 -28322.9 2452.03 -30774.9 3749.317
1.5 270.33039 -487.02853 21685.828 -28360.5 2424.1 -30784.6 3770.2463
1.51 272.09153 -371.76147 21423.18 -28276.3 2439.89 -30716.2 3769.4629
1.52 275.50583 -300.91092 21411.764 -28236.3 2470.5 -30706.8 3817.3033
1.53 278.18166 -484.23163 21377.193 -28155.6 2494.5 -30650.1 3847.7799
1.54 273.00423 -622.74015 21437.186 -28296.7 2448.07 -30744.8 3887.8865
1.55 267.91118 215.8758 21397.188 -28271.3 2402.4 -30673.7 3911.2047
1.56 267.82058 353.07012 21386.748 -28502.8 2401.59 -30904.4 3932.6636
1.57 281.26181 58.960214 21365.125 -28243.8 2522.12 -30766 3981.388
1.58 266.54892 -314.42195 21557.036 -28211 2390.19 -30601.2 4020.6473
1.59 276.90241 137.98388 21459.339 -28112.6 2483.03 -30595.6 4045.2767
1.6 257.45842 -493.31456 21369.013 -28364.5 2308.67 -30673.2 4063.441
1.61 282.58967 -66.654602 21666.308 -28086.3 2534.03 -30620.3 4119.4643
1.62 269.19855 -1031.1509 21498.036 -28236.1 2413.95 -30650 4124.4893
1.63 276.7858 -479.71737 21489.397 -28251.4 2481.98 -30733.3 4150.7253
1.64 267.4049 1011.6735 21537.623 -28083.2 2397.86 -30481 4159.8686
1.65 289.0467 338.4049 21472.534 -28191.3 2591.93 -30783.2 4183.8265
1.66 271.43809 241.80131 21357.309 -28292.2 2434.03 -30726.2 4212.1135
1.67 285.42718 -117.35989 21396.74 -28059.4 2559.47 -30618.9 4253.1648
1.68 274.56563 -371.93038 21356.399 -28324.4 2462.07 -30786.5 4276.1664
1.69 261.67265 -732.36508 21489.538 -28457.3 2346.46 -30803.7 4346.6982
1.7 251.25311 -309.08682 21498.876 -28477.6 2253.03 -30730.7 4360.9612
1.71 261.33044 -553.99647 21471.517 -28277.6 2343.39 -30621 4404.2879
1.72 292.16953 840.42046 21439.204 -27996.2 2619.93 -30616.1 4397.748
1.73 267.96804 -287.13024 21599.631 -28365.9 2402.91 -30768.8 4433.2684
1.74 264.4329 379.77553 21364.916 -28208.2 2371.21 -30579.4 4441.318
1.75 250.70805 -556.42371 21635.68 -28448.6 2248.14 -30696.7 4512.4893
1.76 275.3163 4.9884156 21692.992 -28242.3 2468.81 -30711.1 4534.3841
1.77 273.94001 -556.30394 21483.809 -28317.3 2456.46 -30773.7 4547.6945
1.78 277.53499 565.84813 21350.45 -28156.4 2488.7 -30645.1 4549.1809
1.79 262.86159 -1193.618 21763.998 -28472.7 2357.12 -30829.9 4622.0131
1.8 271.14742 -642.12839 21623.407 -28316.4 2431.42 -30747.9 4629.5836
1.81 295.77089 88.543331 21420.617 -28149.5 2652.22 -30801.7 4648.9942
1.82 269.3093 173.54603 21559.025 -28368.4 2414.94 -30783.3 4679.7352
1.83 295.50955 -258.56886 21425.979 -28111.8 2649.88 -30761.7 4700.4362
1.84 276.57303 -380.98901 21405.183 -28331.8 2480.07 -30811.9 4725.6685
1.85 272.43293 -419.6868 21477.963 -28353.7 2442.95 -30796.7 4763.1071
1.86 262.5014 -398.54097 21593.62 -28484.9 2353.89 -30838.8 4783.9595
1.87 276.41145 -57.808744 21559.831 -28208 2478.63 -30686.6 4812.7107
1.88 272.88825 817.8064 21326.718 -28336.4 2447.03 -30783.4 4770.2601
1.89 274.13471 119.48746 21423.218 -28203.2 2458.21 -30661.4 4845.0221
1.9 276.71924 258.79051 21381.445 -28200.8 2481.39 -30682.2 4900.5784
1.91 271.70824 -18.098167 21382.328 -28088 2436.45 -30524.5 4919.2776
1.92 260.37365 -400.62611 21506.374 -28309.2 2334.81 -30644 4959.6881
1.93 278.20911 -326.74647 21730.707 -28262 2494.75 -30756.7 5036.0316
1.94 268.68913 385.1803 21656.651 -28142.5 2409.38 -30551.9 5057.6086
1.95 259.38727 188.31039 21516.651 -28306.6 2325.97 -30632.6 5123.63
1.96 281.48443 241.20379 21447.521 -28164.1 2524.12 -30688.2 5124.536
1.97 267.23889 477.6583 21431.982 -28239.5 2396.37 -30635.9 5123.5374
1.98 267.77001 275.23344 21523.093 -28350.9 2401.14 -30752.1 5132.4876
1.99 284.88946 9.0131328 21663.429 -28132.5 2554.65 -30687.1 5179.575
2 256.18492 -1005.9532 21719.274 -28423.8 2297.25 -30721.1 5195.4066
2.01 270.6433 -998.73413 21591.359 -28287.6 2426.9 -30714.5 5174.4727
2.02 261.0808 -631.0388 21554.181 -28390 2341.15 -30731.2 5182.5286
2.03 278.00499 880.03666 21253.938 -28227.9 2492.91 -30720.8 5135.0233
2.04 270.5146 -398.43053 21538.037 -28257.7 2425.75 -30683.4 5194.3026
2.05 264.84015 1280.3239 21241.351 -28258.7 2374.86 -30633.6 5175.4755
2.06 261.01527 74.898694 21471.178 -28236 2340.57 -30576.5 5227.8353
2.07 269.4829 -1148.2121 21543.44 -28335 2416.5 -30751.5 5271.9426
2.08 271.879 -333.34619 21620.006 -28460.6 2437.98 -30898.6 5339.8809
2.09 276.68374 861.14193 21319.072 -28178.5 2481.07 -30659.6 5332.1956
2.1 269.34547 -1001.0039 21589.722 -28381.8 2415.26 -30797.1 5426.821
2.11 277.20125 -329.74955 21624.326 -28199.7 2485.71 -30685.5 5469.9886
2.12 267.81413 316.93323 21501.332 -28503.1 2401.53 -30904.6 5456.9872
2.13 269.96358 -750.97855 21544.314 -28294.6 2420.81 -30715.4 5484.0808
2.14 260.16153 287.15803 21512.309 -28124.1 2332.91 -30457 5490.8276
2.15 268.10545 -1055.5301 21619.208 -28444.5 2404.14 -30848.6 5530.3911
2.16 277.96203 14.502869 21523.835 -28151.5 2492.53 -30644.1 5527.6859
2.17 281.89107 -827.27718 21696.107 -28026.7 2527.76 -30554.5 5571.1434
2.18 282.20048 -158.09816 21512.379 -28417.9 2530.54 -30948.4 5570.0445
2.19 265.89937 691.48497 21506.139 -28157.8 2384.36 -30542.2 5592.906
2.2 265.7663 -502.02752 21614.401 -28294.8 2383.17 -30678 5621.5804
2.21 268.33789 1246.8309 21291.572 -28310.2 2406.23 -30716.4 5589.2435
2.22 272.26611 -467.97635 21537.564 -28124.3 2441.45 -30565.7 5636.9107
2.23 270.45893 589.34399 21617.25 -28316.8 2425.25 -30742 5669.0469
2.24 270.26165 827.74528 21517.487 -28357.1 2423.48 -30780.6 5660.512
2.25 287.90476 -482.13851 21384.893 -28156.9 2581.69 -30738.6 5704.2297
2.26 265.74641 -254.85651 21480.082 -28241.9 2382.99 -30624.9 5736.2787
2.27 277.36015 -39.168151 21600.13 -28207.2 2487.13 -30694.3 5769.8607
2.28 264.18306 -186.05878 21406.97 -28256.4 2368.97 -30625.4 5762.8952
2.29 277.94802 489.92251 21539.556 -28162.4 2492.4 -30654.8 5790.0968
2.3 256.79164 919.7124 21276.602 -28612.5 2302.69 -30915.2 5781.5472
2.31 264.44212 1068.3669 21258.374 -28469.7 2371.29 -30841 5778.7521
2.32 277.58931 157.50413 21663.041 -28186.9 2489.19 -30676.1 5863.9018
2.33 273.88683 -357.34017 21599.729 -28286.6 2455.99 -30742.6 5863.5527
2.34 274.00618 -387.59074 21681.758 -28113.2 2457.06 -30570.3 5930.9452
2.35 273.45138 160.78888 21385.042 -28319.9 2452.08 -30772 5906.2238
2.36 266.25221 108.88968 21554.831 -28546.1 2387.53 -30933.7 5964.2196
2.37 291.32823 -878.1355 21537.015 -28083.8 2612.39 -30696.2 6002.2109
2.38 272.19222 -288.01954 21657.689 -28128 2440.79 -30568.8 6033.4674
2.39 270.82153 1120.4087 21409.794 -28313.2 2428.5 -30741.7 6033.9121
2.4 281.71123 -1051.186 21785.478 -28227.1 2526.15 -30753.2 6142.2888
2.41 264.33224 25.355628 21480.695 -28328.7 2370.31 -30699 6128.6364
2.42 274.75604 555.81175 21423.647 -28111.5 2463.78 -30575.3 6133.0613
2.43 274.82892 375.8986 21427.277 -28283.1 2464.43 -30747.5 6161.6057
2.44 271.58546 -74.45334 21515.578 -28386.2 2435.35 -30821.5 6230.155
2.45 271.13862 52.764082 21554.62 -28274.1 2431.34 -30705.5 6250.6763
2.46 259.0488 -1091.6973 21498.379 -28345.8 2322.93 -30668.8 6279.9247
2.47 287.449 103.0138 21535.98 -28200.1 2577.6 -30777.7 6304.088
2.48 263.02106 -1173.3613 21666.762 -28483.9 2358.55 -30842.5 6389.7326
2.49 266.86401 1055.1984 21315.802 -28464.3 2393.01 -30857.3 6332.3545
2.5 265.23173 251.17658 21535.498 -28390.8 2378.38 -30769.1 6403.1395
2.51 252.25325 27.921409 21344.747 -28447.3 2261.99 -30709.3 6418.0084
2.52 276.37576 -839.02723 21562.842 -28137.5 2478.31 -30615.8 6523.0495
2.53 262.69646 267.75015 21434.349 -28506.3 2355.64 -30861.9 6532.5155
2.54 277.39365 215.57385 21519.872 -28286.1 2487.43 -30773.5 6569.4575
2.55 267.31073 398.64241 21501.132 -28181 2397.02 -30578 6611.0147
2.56 288.17098 -136.24067 21342.019 -28124.6 2584.08 -30708.6 6593.058
2.57 258.86679 318.08707 21432.963 -28288.4 2321.3 -30609.7 6642.4842
2.58 264.36683 209.86223 21393.679 -28192.9 2370.62 -30563.6 6645.9135
2.59 271.34384 -90.614745 21372.874 -28240.2 2433.18 -30673.3 6658.9861
2.6 261.07895 104.32932 21514.766 -28286 2341.14 -30627.1 6719.4099
2.61 281.09617 -35.001457 21386.528 -28106.1 2520.63 -30626.7 6717.6906
2.62 269.05489 1258.5747 21054.033 -28308.8 2412.66 -30721.4 6662.9301
2.63 283.47376 324.73447 21451.005 -28283.4 2541.95 -30825.3 6782.6312
2.64 275.34759 -1633.006 21722.786 -28102.8 2469.09 -30571.8 6869.272
2.65 267.99093 128.97238 21581.542 -28369.8 2403.12 -30772.9 6862.7978
2.66 262.24849 1031.7558 21378.989 -28479.9 2351.62 -30831.6 6876.6069
2.67 273.5493 -377.07371 21555.152 -28118.5 2452.96 -30571.5 6935.2551
2.68 271.99952 -117.50554 21356.705 -28246.6 2439.06 -30685.6 6898.6765
2.69 278.12073 519.7456 21400.34 -28247.3 2493.95 -30741.3 6949.3298
2.7 273.0552 -868.29385 21710.253 -28101.8 2448.53 -30550.4 7041.5822
2.71 268.97486 -114.60655 21677.615 -28174.3 2411.94 -30586.2 7071.8141
2.72 268.53329 343.22319 21401.334 -28310.3 2407.98 -30718.3 7066.0616
2.73 265.48154 1070.5955 21581.973 -28147.7 2380.62 -30528.3 7091.4927
2.74 263.52619 681.02502 21302.125 -28558.1 2363.08 -30921.2 7085.6333
2.75 263.47715 500.80088 21364.496 -28188.4 2362.64 -30551.1 7119.9124
2.76 275.40409 72.071279 21608.903 -28131.4 2469.59 -30601 7207.5567
2.77 262.42071 -600.43786 21593.457 -28367.8 2353.17 -30720.9 7221.684
2.78 273.21167 -307.78535 21434.321 -28174 2449.93 -30624 7213.5767
2.79 273.63314 -1208.8423 21850.522 -28402 2453.71 -30855.7 7338.2453
2.8 263.43499 -580.56467 21669.733 -28207.4 2362.26 -30569.7 7350.3266
2.81 283.29225 -169.75665 21383.697 -28103.9 2540.33 -30644.3 7311.0542
2.82 268.21781 65.86868 21258.884 -28221.3 2405.15 -30626.4 7310.2613
2.83 265.15255 963.9528 21274.633 -28493.6 2377.67 -30871.2 7337.8276
2.84 285.50574 -66.128865 21660.206 -28292.5 2560.18 -30852.7 7444.3927
2.85 269.88958 -1084.8455 21657.746 -28226.8 2420.14 -30646.9 7512.0056
2.86 259.58207 -656.04429 21685.139 -28365.3 2327.71 -30693 7539.8119
2.87 277.64332 550.62163 21327.621 -28174.9 2489.67 -30664.5 7505.1313
2.88 271.73141 41.562229 21529.26 -28306.5 2436.66 -30743.2 7603.4639
2.89 255.55745 410.0752 21504.51 -28555.8 2291.62 -30847.5 7642.6818
2.9 271.58192 -591.87222 21525.755 -28240 2435.32 -30675.4 7642.86
2.91 275.57541 -94.33868 21372.845 -28210.8 2471.13 -30681.9 7635.0632
2.92 265.01591 -745.92068 21628.956 -28185.8 2376.44 -30562.2 7738.2109
2.93 263.29908 -259.6143 21504.464 -28328.8 2361.04 -30689.8 7765.2726
2.94 272.19937 -452.94837 21477.488 -28325.9 2440.86 -30766.7 7752.417
2.95 301.01008 -511.9176 21623.58 -27967 2699.21 -30666.2 7799.3271
2.96 279.3234 496.53857 21465.757 -28310.6 2504.74 -30815.3 7790.0003
2.97 279.01064 126.67074 21347.618 -28151.8 2501.93 -30653.7 7816.0806
2.98 264.66258 -32.706465 21383.796 -28444.6 2373.27 -30817.8 7846.8453
2.99 278.80154 -177.38088 21646.896 -28121.4 2500.06 -30621.4 7931.9482
3 266.03575 -76.056893 21492.128 -28314.5 2385.58 -30700.1 7918.8431
3.01 283.42175 1377.5361 21337.264 -28507.9 2541.49 -31049.4 7910.2
3.02 260.94907 -64.14605 21546.127 -28324.1 2339.97 -30664.1 8001.9206
3.03 271.12475 607.74068 21428.819 -28583.2 2431.22 -31014.5 7972.9815
3.04 271.64225 70.72752 21333.032 -28369.8 2435.86 -30805.7 7991.0352
3.05 282.376 419.68638 21462.484 -28105.1 2532.11 -30637.2 8083.6684
3.06 269.94695 1944.0216 21301.13 -28330.5 2420.66 -30751.2 8090.814
3.07 278.18237 535.06857 21453.189 -28201 2494.51 -30695.6 8205.4915
3.08 256.21226 540.6289 21392.641 -28344.6 2297.5 -30642.1 8250.5788
3.09 260.71396 433.23487 21612.876 -28414.2 2337.86 -30752 8323.2993
3.1 268.89021 322.37112 21349.027 -28336.9 2411.18 -30748.1 8302.6039
3.11 266.46903 -281.37058 21420.556 -28375.5 2389.47 -30765 8360.9201
3.12 275.23829 -58.427748 21491.177 -28158.5 2468.11 -30626.6 8396.43
3.13 262.08359 -177.69099 21445.621 -28557.5 2350.15 -30907.7 8408.9593
3.14 283.4056 -1250.1135 21740.221 -28187.7 2541.34 -30729 8518.2868
3.15 264.35961 164.47522 21168.801 -28397.9 2370.55 -30768.5 8398.1137
3.16 270.93713 524.92111 21302.699 -28264.7 2429.54 -30694.2 8459.3897
3.17 280.24406 322.596 21404.588 -28036.7 2512.99 -30549.7 8516.4642
3.18 266.24203 -123.17138 21348.873 -28348.9 2387.43 -30736.3 8518.8466
3.19 258.23381 -202.33549 21663.44 -28349.1 2315.62 -30664.7 8645.3389
3.2 278.1844 1060.1549 21219.713 -28127.7 2494.52 -30622.3 8606.5936
3.21 261.34436 277.65142 21295.667 -28389.8 2343.52 -30733.3 8656.7457
3.22 266.97615 -137.8846 21378.218 -28204.6 2394.02 -30598.6 8663.0417
3.23 260.46866 376.54923 21457.902 -28221.3 2335.66 -30557 8716.9826
3.24 270.88702 28.202204 21321.589 -28280.2 2429.09 -30709.2 8707.2625
3.25 285.13034 -640.84987 21460.807 -28123.9 2556.81 -30680.7 8848.4871
3.26 279.42742 623.63362 21258.798 -28131.6 2505.67 -30637.2 8815.9863
3.27 254.6559 -100.05726 21427.851 -28279.4 2283.54 -30562.9 8905.5787
3.28 273.97162 -170.34695 21480.979 -28258.1 2456.75 -30714.8 8920.6849
3.29 280.28338 -139.94016 21736.241 -28185.5 2513.35 -30698.8 8999.7428
3.3 272.64767 136.97093 21428.763 -28300.7 2444.88 -30745.6 8907.6764
3.31 265.84791 -142.65485 21530.911 -28405.4 2383.9 -30789.3 8975.8386
3.32 280.80885 576.39769 21495.671 -28281.7 2518.06 -30799.8 8978.9547
3.33 282.76337 782.19398 21444.83 -28075.5 2535.58 -30611.1 9006.4757
3.34 280.25004 -83.462101 21585.795 -28229 2513.05 -30742.1 9052.254
3.35 258.25783 245.56138 21472.368 -28397 2315.84 -30712.8 9031.8992
3.36 284.18107 744.6924 21492.88 -28273.3 2548.3 -30821.6 9067.9148
3.37 277.7407 440.50992 21396.593 -28204.7 2490.55 -30695.3 9109.2528
3.38 273.83233 -536.92921 21604.283 -28341.4 2455.5 -30796.9 9186.211
3.39 280.41916 275.75464 21524.573 -28046.4 2514.56 -30560.9 9186.3611
3.4 282.21877 248.80232 21407.16 -28260.5 2530.7 -30791.2 9176.2824
3.41 275.1982 -512.1502 21562.957 -28202 2467.75 -30669.7 9229.3098
3.42 277.07987 449.50507 21393.277 -28218.4 2484.62 -30703 9215.4012
3.43 285.29837 320.89006 21490.928 -28106.4 2558.32 -30664.7 9259.0637
3.44 280.06632 201.61864 21529.842 -28145.3 2511.4 -30656.7 9300.3076
3.45 267.83836 437.36013 21457.88 -28214.2 2401.75 -30615.9 9292.5275
3.46 270.89376 -441.50317 21489.881 -28374.9 2429.15 -30804 9342.3698
3.47 280.37616 268.84433 21512.48 -28231.2 2514.18 -30745.4 9408.6304
3.48 276.18295 -795.74414 21843.71 -28247 2476.58 -30723.6 9542.6798
3.49 263.95421 147.01445 21372.136 -28493.2 2366.92 -30860.1 9450.4438
3.5 271.39569 300.19691 21454.164 -28154.1 2433.65 -30587.7 9498.2434
3.51 265.53082 8.3383534 21682.694 -28296.3 2381.06 -30677.3 9595.07
3.52 267.94168 -307.83663 21444.255 -28448.5 2402.68 -30851.2 9523.7534
3.53 270.67952 320.97089 21574.027 -28254 2427.23 -30681.3 9593.3963
3.54 282.696 -366.27401 21724.851 -28142 2534.98 -30677 9672.5737
3.55 273.11575 344.51404 21425.477 -28274.8 2449.07 -30723.9 9614.2827
3.56 256.49697 -1196.9525 21744.75 -28388.7 2300.05 -30688.8 9789.134
3.57 272.60301 601.9341 21418.638 -28252.3 2444.47 -30696.8 9716.0718
3.58 278.65002 134.49336 21692.364 -28175.2 2498.7 -30673.9 9822.189
3.59 283.33236 -930.90548 21803.229 -28095 2540.69 -30635.7 9884.8131
3.6 274.69319 139.90511 21516.636 -28369.4 2463.22 -30832.6 9826.5374
3.61 260.45668 723.95857 21278.942 -28577.6 2335.56 -30913.1 9785.5372
3.62 276.0956 -663.53807 21501.077 -28204.1 2475.79 -30679.9 9834.1733
3.63 274.35178 1459.8208 21300.905 -28385 2460.16 -30845.1 9844.3144
3.64 278.17023 -472.86743 21433.046 -28191.6 2494.4 -30686 9923.8944
3.65 272.27894 811.37676 21347.307 -28301.4 2441.57 -30743 9898.4796
3.66 271.49079 647.85404 21264.666 -28344.2 2434.5 -30778.7 9906.7609
3.67 269.06648 188.86793 21395.735 -28392 2412.76 -30804.7 9947.8412
3.68 290.58774 -53.621971 21596.933 -28136 2605.75 -30741.7 10045.921
3.69 269.46675 -906.87415 21806.451 -28282.6 2416.35 -30698.9 10141.063
3.7 277.56824 -441.75472 21700.487 -28219.6 2489 -30708.6 10145.731
3.71 260.78484 265.4277 21556.403 -28385.2 2338.5 -30723.7 10127.938
3.72 269.60004 -1245.3226 21784.553 -28289.5 2417.55 -30707 10219.908
3.73 250.36618 339.4973 21681.707 -28425.2 2245.07 -30670.3 10217.789
3.74 271.95323 104.13256 21392.764 -28227.2 2438.65 -30665.8 10156.349
3.75 266.38284 701.21258 21562.703 -28418.2 2388.7 -30806.9 10216.47
3.76 282.21728 -399.9783 21540.866 -28211.5 2530.69 -30742.2 10204.674
3.77 285.83932 -375.29156 21538.848 -28056.8 2563.17 -30620 10218.669
3.78 260.98928 162.89148 21531.458 -28473.6 2340.33 -30813.9 10300.126
3.79 281.5327 -1045.8481 21610.659 -28134.7 2524.55 -30659.3 10339.848
3.8 262.9775 -355.59802 21472.148 -28431.5 2358.16 -30789.6 10297.441
3.81 281.76499 -598.96247 21680.363 -28155.1 2526.63 -30681.8 10386.303
3.82 288.58145 -1382.4766 21748.962 -28081.2 2587.76 -30669 10450.29
3.83 273.28446 19.973159 21580.176 -28278.5 2450.59 -30729.1 10425.609
3.84 286.76657 444.7951 21562.222 -28167.4 2571.48 -30738.9 10444.581
3.85 276.84451 -831.03786 21611.14 -28196.2 2482.51 -30678.7 10467.102
3.86 259.68385 -893.44183 21638.294 -28499.9 2328.63 -30828.5 10526.776
3.87 271.13492 143.69343 21626.222 -28301.4 2431.31 -30732.7 10513.155
3.88 266.85058 308.52518 21598.841 -28398.6 2392.89 -30791.5 10550.466
3.89 270.33896 -40.826291 21399.006 -28376.1 2424.17 -30800.3 10552.342
3.9 276.50076 -611.34803 21493.282 -28079.4 2479.43 -30558.8 10612.835
3.91 258.80579 -480.50453 21523.373 -28377.4 2320.75 -30698.2 10662.436
3.92 265.9099 -79.725887 21502.122 -28346.8 2384.46 -30731.3 10687.638
3.93 282.62269 366.30145 21443.975 -28067.7 2534.32 -30602 10641.646
3.94 268.36702 -724.39133 21737.868 -28352.3 2406.49 -30758.8 10762.646
3.95 279.73582 540.05509 21345.359 -28343.1 2508.44 -30851.5 10650.246
3.96 276.40812 -471.46666 21532.902 -28260.8 2478.6 -30739.4 10736.862
3.97 269.01776 237.99145 21462.975 -28389.9 2412.32 -30802.2 10762.474
3.98 267.34354 15.321372 21615.395 -28349.7 2397.31 -30747 10844.046
3.99 263.99452 -268.78721 21475.079 -28392.4 2367.28 -30759.7 10828.031
4 269.65006 1292.5321 21407.471 -28218.8 2417.99 -30636.8 10855.601
4.01 276.69738 1305.7352 21479.449 -28109.4 2481.19 -30590.6 10918.907
4.02 268.12113 19.238832 21523.621 -28444.9 2404.28 -30849.2 10960.21
4.03 277.27894 -515.26275 21433.26 -28161.9 2486.4 -30648.3 10979.672
4.04 278.00621 -733.59318 21784.672 -28177.8 2492.93 -30670.8 11118.119
4.05 254.91368 -392.50924 21441.331 -28372 2285.85 -30657.8 11018.804
4.06 273.79672 -31.442614 21535.347 -28238.6 2455.18 -30693.7 11073.556
4.07 262.95361 162.42756 21385.672 -28492.2 2357.95 -30850.1 11026.602
4.08 273.68469 427.79478 21609.259 -28253.1 2454.17 -30707.3 11129.143
4.09 269.30654 -592.76057 21312.129 -28266.1 2414.91 -30681 11025.98
4.1 267.25642 -551.53737 21707.466 -28209.3 2396.53 -30605.9 11235.995
4.11 255.00751 -977.22157 21576.135 -28394.7 2286.69 -30681.4 11213.604
4.12 256.37356 761.27596 21280.575 -28292.8 2298.94 -30591.8 11111.955
4.13 273.90382 404.175 21540.515 -28489.4 2456.14 -30945.5 11232.042
4.14 276.01503 -259.38944 21580.554 -28375.8 2475.07 -30850.9 11326.057
4.15 268.89404 -914.13741 21663.104 -28452.7 2411.22 -30863.9 11399.589
4.16 268.15228 246.25601 21672.782 -28294.5 2404.56 -30699 11453.031
4.17 261.45097 54.427964 21550.076 -28368.4 2344.47 -30712.8 11471.757
4.18 278.32735 79.109709 21503.331 -28386.4 2495.81 -30882.2 11486.232
4.19 263.70229 238.29005 21509.878 -28417.4 2364.66 -30782.1 11489.494
4.2 274.63189 160.56392 21664.436 -28266.3 2462.67 -30728.9 11573.646
4.21 282.27317 501.25036 21378.097 -28319.6 2531.19 -30850.8 11514.151
4.22 267.60179 162.5948 21615.775 -28395 2399.63 -30794.6 11699.386
4.23 278.71667 -673.32287 21480.172 -28113.7 2499.3 -30613 11737.002
4.24 267.65177 496.76496 21317.881 -28406.7 2400.08 -30806.8 11699.465
4.25 273.43607 209.33605 21493.13 -28337.2 2451.94 -30789.1 11759.363
4.26 269.41613 -536.27625 21384.113 -28347.5 2415.9 -30763.3 11712.258
4.27 278.2991 -349.99714 21537.081 -28193 2495.55 -30688.6 11815.572
4.28 261.85472 -397.07126 21610.623 -28528.8 2348.09 -30876.9 11929.32
4.29 271.87395 -1132.4234 21803.674 -28260.2 2437.94 -30698.2 12038.559
4.3 269.26284 -256.83385 21554.487 -28086.3 2414.52 -30500.8 11978.984
4.31 266.43639 -709.20668 21823.595 -28372.2 2389.18 -30761.3 12144.062
4.32 273.16759 149.40641 21494.02 -28138.3 2449.54 -30587.9 12037.782
4.33 265.25688 650.78903 21377.743 -28334.5 2378.6 -30713.1 11977.244
4.34 275.78517 -315.43823 21605.247 -28262.4 2473.01 -30735.4 12058.455
4.35 268.05564 123.72562 21577.516 -28489.7 2403.7 -30893.4 12093.203
4.36 282.43926 1048.6541 21434.133 -28177.9 2532.68 -30710.6 12091.432
4.37 261.08832 -180.80296 21770.852 -28368.6 2341.22 -30709.8 12242.234
4.38 267.89443 730.50972 21421.821 -28391.2 2402.25 -30793.5 12095.58
4.39 271.1787 -332.18339 21340.571 -28421.6 2431.7 -30853.3 12102.574
4.4 270.65766 -178.61944 21561.845 -28347.3 2427.03 -30774.4 12232.907
4.41 271.74702 -763.52273 21518.395 -28075.3 2436.8 -30512.1 12248.687
4.42 281.46885 922.78716 21317.03 -28179.6 2523.98 -30703.6 12223.152
4.43 257.96241 78.917761 21433.751 -28465.3 2313.19 -30778.5 12302.72
4.44 285.60427 512.16685 21434.169 -28211 2561.06 -30772 12349.032
4.45 273.18435 -914.9384 21659.297 -28393.6 2449.69 -30843.3 12485.66
4.46 284.87019 679.89871 21465.937 -28265.3 2554.48 -30819.8 12413.859
4.47 267.36696 332.22374 21401.097 -28463.8 2397.52 -30861.3 12395.815
4.48 274.65213 657.44002 21407.053 -28192.7 2462.85 -30655.5 12428.27
4.49 265.50401 -112.97711 21490.585 -28316.4 2380.82 -30697.3 12537.47
4.5 273.35287 -1311.043 21575.107 -28200.3 2451.2 -30651.5 12612.433
4.51 262.32951 -296.26665 21553.698 -28481.2 2352.35 -30833.6 12592.624
4.52 279.8694 -147.78397 21668.692 -28264.3 2509.63 -30774 12710.077
4.53 272.9858 540.10942 21248.013 -28190.5 2447.91 -30638.4 12566.87
4.54 271.33865 -624.03854 21698.337 -28312.4 2433.14 -30745.6 12780.668
4.55 279.39843 -519.77698 21749.925 -28362.7 2505.41 -30868.1 12827.369
4.56 267.86701 359.08868 21431.235 -28283.6 2402.01 -30685.6 12715.347
4.57 274.15699 -417.58842 21484.618 -28313.9 2458.41 -30772.3 12725.432
4.58 269.57702 -177.89566 21380.748 -28330.9 2417.34 -30748.2 12694.885
4.59 254.4297 368.48948 21488.884 -28201.4 2281.51 -30482.9 12724.964
4.6 274.25107 733.2416 21276.854 -28234.5 2459.25 -30693.8 12644.576
4.61 272.08497 -520.42289 21519.378 -28327.8 2439.83 -30767.6 12748.942
4.62 271.6483 -661.25391 21485.678 -28251.6 2435.91 -30687.5 12720.428
4.63 284.81236 82.162754 21693.264 -28289.3 2553.96 -30843.3 12841.747
4.64 266.70424 -587.64711 21532.807 -28328.6 2391.58 -30720.1 12763.336
4.65 258.13104 508.49572 21450.209 -28477.9 2314.7 -30792.6 12816.108
4.66 276.30666 -398.74285 21498.092 -28263.2 2477.69 -30740.9 12853.218
4.67 258.24468 197.58942 21555.983 -28313.9 2315.72 -30629.6 12919.497
4.68 277.42624 549.6034 21410.048 -28343.2 2487.73 -30830.9 12876.794
4.69 273.4378 349.35658 21401.271 -28195.6 2451.96 -30647.5 12937.45
4.7 268.01638 -538.21012 21309.795 -28131.2 2403.35 -30534.5 12886.863
4.71 272.14232 -49.316041 21475.361 -28301.1 2440.34 -30741.4 12980.696
4.72 260.81813 436.18102 21457.193 -28405.4 2338.8 -30744.2 12997.592
4.73 277.94984 727.53922 21581.541 -28042.6 2492.42 -30535 13053.253
4.74 275.48491 13.639523 21360.876 -28097.1 2470.32 -30567.4 13016.711
4.75 273.56595 -851.58199 21678.587 -28328.4 2453.11 -30781.5 13182.769
4.76 282.23988 -517.10861 21481.023 -28094 2530.89 -30624.9 13142.397
4.77 268.52105 -36.556019 21453.934 -28425.7 2407.87 -30833.6 13175.179
4.78 281.9179 -334.49583 21616.019 -28072.9 2528 -30600.9 13317.367
4.79 276.69711 150.48338 21414.878 -28508.8 2481.19 -30989.9 13265.271
4.8 277.9194 911.94227 21330.563 -28222.3 2492.15 -30714.4 13259.675
4.81 275.68907 134.77293 21372.28 -28270.2 2472.15 -30742.3 13342.068
4.82 274.42068 -270.97538 21482.524 -28439.8 2460.77 -30900.6 13412.442
4.83 279.77517 596.16524 21322.925 -28257.1 2508.79 -30765.9 13388.269
4.84 281.93851 -331.49975 21613.251 -28120.2 2528.19 -30648.4 13539.784
4.85 272.58152 -299.61883 21464.511 -28335.4 2444.28 -30779.7 13535.887
4.86 269.93966 14.033236 21352.546 -28259.4 2420.59 -30680 13477.548
4.87 254.11898 -978.98121 21856.203 -28302.8 2278.73 -30581.5 13727.339
4.88 275.43641 347.57731 21501.515 -28182.9 2469.88 -30652.8 13606.39
4.89 274.84307 -23.987978 21555.13 -28337.4 2464.56 -30802 13673.924
4.9 280.26177 -894.34329 21623.672 -28133.7 2513.15 -30646.8 13767.823
4.91 272.0344 188.79079 21507.209 -28232.7 2439.38 -30672.1 13755.906
4.92 262.58491 376.60648 21468.658 -28367.9 2354.64 -30722.6 13729.429
4.93 290.91042 351.32742 21504.122 -28151.8 2608.64 -30760.5 13779.325
4.94 270.17804 420.71471 21454.494 -28338.1 2422.73 -30760.8 13753.287
4.95 280.04688 255.64286 21373.74 -28175.4 2511.22 -30686.6 13741.173
4.96 260.91172 -162.44122 21545.868 -28427.1 2339.64 -30766.7 13812.545
4.97 274.46025 -49.499276 21478.562 -28249.5 2461.13 -30710.6 13862.692
4.98 265.52417 -904.181 21515.126 -28369.5 2381 -30750.5 13910.015
4.99 281.45103 443.28516 21454.558 -28219.2 2523.82 -30743 13942.748
5 280.49789 108.52633 21633.67 -28391.5 2515.27 -30906.7 14076.449
5.01 282.33028 -61.023177 21604.251 -28171.6 2531.7 -30703.3 14089.271
5.02 268.12156 -1139.1228 21768.987 -28394.1 2404.29 -30798.4 14171.885
5.03 259.34945 -553.70967 21701.916 -28570 2325.63 -30895.6 14151.899
5.04 263.96613 -918.24085 21717.088 -28287.9 2367.03 -30655 14179.967
5.05 273.82832 -198.3799 21741.958 -28444.3 2455.46 -30899.7 14180.162
5.06 268.66594 426.9493 21348.051 -28341.4 2409.17 -30750.6 14112.695
5.07 273.09053 -68.986775 21502.737 -28377 2448.85 -30825.9 14191.573
5.08 264.40985 590.17039 21738.957 -28264.9 2371.01 -30635.9 14304.858
5.09 286.27146 446.44583 21567.107 -27961.9 2567.04 -30528.9 14274.173
5.1 267.52897 319.22141 21281.496 -28264 2398.97 -30663 14172.586
5.11 270.0218 -180.9155 21645.504 -28350.6 2421.33 -30771.9 14364.947
5.12 296.32183 -592.6825 21621.045 -28075.4 2657.16 -30732.6 14376.796
5.13 278.40801 -644.75563 21702.895 -28483.5 2496.53 -30980.1 14448.637
5.14 256.20224 -605.97456 21525.567 -28435.6 2297.41 -30733 14350.169
5.15 281.57036 -406.12244 21583.978 -28136.5 2524.89 -30661.3 14339.106
5.16 266.52435 85.746354 21610.985 -28381.8 2389.97 -30771.7 14384.187
5.17 252.89916 310.46528 21274.283 -28350.3 2267.79 -30618.1 14221.934
5.18 278.07392 453.66864 21483.614 -28114.2 2493.53 -30607.7 14393.04
5.19 273.42975 -487.25985 21420.545 -28379.5 2451.89 -30831.4 14327.804
5.2 285.12396 11.263815 21497.945 -28139.9 2556.75 -30696.7 14418.915
5.21 275.55165 115.72161 21361.647 -28317.9 2470.92 -30788.9 14373.584
5.22 269.93043 -337.13517 21553.953 -28232.8 2420.51 -30653.3 14551.46
5.23 279.37327 -359.66325 21538.056 -28375.6 2505.18 -30880.8 14520.269
5.24 268.57938 -663.86274 21575.383 -28468.9 2408.39 -30877.3 14627.952
5.25 275.09203 871.34791 21376.299 -28373.5 2466.79 -30840.3 14599.546
5.26 270.84174 352.86563 21648.203 -28288.7 2428.68 -30717.3 14737.044
5.27 266.51362 -273.27728 21485.902 -28310.5 2389.87 -30700.4 14697.37
5.28 264.35242 271.02139 21343.514 -28285.6 2370.49 -30656.1 14732.435
5.29 266.90057 -629.98307 21789.693 -28214.9 2393.34 -30608.2 14923.409
5.3 293.63002 -5.5516954 21492.114 -28192.9 2633.03 -30825.9 14853.793
5.31 265.73402 251.12939 21386.944 -28505.5 2382.88 -30888.4 14821.628
5.32 265.01798 -835.88262 21705.852 -28270.5 2376.46 -30647 15011.459
5.33 265.18013 -346.87842 21385.39 -28301 2377.91 -30678.9 14920.903
5.34 277.42614 365.70654 21384.807 -28340.5 2487.72 -30828.2 14992.218
5.35 267.5863 781.90973 21438.262 -28403.2 2399.49 -30802.7 15087.756
5.36 267.25118 250.16758 21339.379 -28452 2396.48 -30848.5 15053.4
5.37 267.56151 561.33983 21604.649 -28204.8 2399.27 -30604.1 15245.542
5.38 287.3394 1038.7149 21552.688 -28252.9 2576.62 -30829.5 15225.569
5.39 284.02593 -458.01396 21521.2 -28192.3 2546.91 -30739.2 15227.479
5.4 273.72699 257.42867 21348.709 -28295.9 2454.55 -30750.5 15173.477
5.41 282.94573 293.30924 21430.311 -28136.4 2537.22 -30673.6 15190.517
5.42 273.03203 337.77893 21502.795 -28333.9 2448.32 -30782.2 15230.908
5.43 273.11718 -136.47802 21671.789 -28200.7 2449.09 -30649.8 15301.771
5.44 276.43232 303.46578 21477.911 -28212.1 2478.81 -30690.9 15301.52
5.45 262.0757 911.84516 21496.879 -28310.8 2350.07 -30660.9 15339.75
5.46 273.37663 -296.29615 21521.577 -28218.2 2451.41 -30669.6 15414.084
5.47 277.35582 1419.1279 21175.153 -28413.3 2487.09 -30900.4 15293.038
5.48 273.08765 73.340397 21317.212 -28243.3 2448.82 -30692.2 15427.662
5.49 279.51951 -93.895127 21508.648 -28237.7 2506.5 -30744.2 15531.711
5.5 282.34601 223.99247 21468.321 -28175.3 2531.84 -30707.1 15491.662
5.51 278.65032 28.123435 21544.816 -28261.5 2498.7 -30760.2 15532.856
5.52 277.43398 -178.14688 21341.079 -28209.5 2487.79 -30697.3 15474.759
5.53 275.54537 1024.063 21398.021 -28326.8 2470.86 -30797.7 15526.471
5.54 269.33078 346.11995 21623.702 -28339.2 2415.13 -30754.4 15683.747
5.55 264.94385 -1103.2966 21774.461 -28244 2375.79 -30619.8 15787.862
5.56 261.22798 213.71284 21657.592 -28358.5 2342.47 -30701 15743.665
5.57 266.38354 -650.44019 21620.47 -28310.4 2388.7 -30699.1 15746.016
5.58 267.55084 -43.861064 21576.084 -28395.1 2399.17 -30794.3 15725.212
5.59 275.88813 182.75188 21401.873 -28418.6 2473.93 -30892.6 15650.514
5.6 273.48474 -778.21327 21744.635 -28367.2 2452.38 -30819.6 15903.235
5.61 263.17493 -841.6376 21717.413 -28440.7 2359.93 -30800.6 15897.285
5.62 270.62926 791.62889 21348.853 -28289.4 2426.78 -30716.2 15759.004
5.63 263.06163 -531.98891 21497.542 -28255.5 2358.92 -30614.4 15880.625
5.64 275.1 -409.50084 21557.312 -28296.2 2466.87 -30763.1 15957.565
5.65 271.62935 -221.44094 21601.432 -28149.3 2435.74 -30585.1 16022.75
5.66 263.9289 124.53104 21368.357 -28297.6 2366.69 -30664.2 15976.467
5.67 266.47163 -421.09931 21591.021 -28290.9 2389.49 -30680.4 16091.624
5.68 271.96944 837.97745 21620.288 -28334.3 2438.79 -30773.1 16166.183
5.69 274.18055 407.93577 21499.398 -28172.8 2458.62 -30631.4 16180.376
5.7 264.42222 -610.16439 21684.221 -28410.9 2371.12 -30782 16309.683
5.71 265.97728 415.32077 21477.205 -28251.4 2385.06 -30636.4 16219.52
5.72 266.48921 -906.91935 21600.362 -28474.1 2389.65 -30863.8 16305.907
5.73 263.97075 -286.68285 21298.123 -28455.2 2367.07 -30822.2 16162.691
5.74 285.6333 50.290244 21501.099 -28152 2561.32 -30713.3 16312.348
5.75 263.05822 270.05351 21666.067 -28411.8 2358.88 -30770.7 16451.016
5.76 279.31016 -178.8581 21555.813 -28452.2 2504.62 -30956.8 16438.706
5.77 274.62119 637.85225 21583.84 -28173.7 2462.57 -30636.3 16474.142
5.78 269.43824 448.2703 21600.43 -28181.1 2416.1 -30597.2 16504.465
5.79 273.9844 -178.32767 21436.626 -28344.4 2456.86 -30801.3 16474.334
5.8 265.14007 473.35125 21541.322 -28381.3 2377.55 -30758.9 16532.139
5.81 276.02835 370.91453 21252.901 -28319.6 2475.19 -30794.8 16408.083
5.82 267.76587 -800.84664 21601.244 -28239.7 2401.1 -30640.8 16570.988
5.83 289.93221 -46.997498 21510.96 -28093.6 2599.87 -30693.5 16588.616
5.84 274.05316 -300.72172 21611.698 -28207.2 2457.48 -30664.7 16617.371
5.85 253.27705 -809.50415 21549.253 -28443.8 2271.18 -30715 16537.503
5.86 266.44246 880.03014 21409.321 -28444.1 2389.23 -30833.3 16465.997
5.87 280.30447 -3.4028773 21218.156 -28227.3 2513.53 -30740.8 16433.407
5.88 279.57245 -47.839894 21610.157 -28096.7 2506.97 -30603.7 16661.907
5.89 270.1607 754.54151 21313.124 -28366.2 2422.57 -30788.8 16564.149
5.9 269.06073 543.56058 21354.347 -28407.4 2412.71 -30820.1 16669.457
5.91 268.22345 -235.77234 21503.315 -28317.3 2405.2 -30722.5 16710.783
5.92 281.84038 -120.14188 21614.575 -28040.9 2527.31 -30568.2 16784.922
5.93 277.33621 -327.67955 21495.795 -28314.1 2486.92 -30801 16755.664
5.94 272.5971 609.15327 21322.595 -28253.9 2444.42 -30698.3 16717.05
5.95 280.42866 62.202893 21428.972 -28051.5 2514.65 -30566.1 16754.718
5.96 255.20927 -229.36641 21688.082 -28430.8 2288.5 -30719.3 16913.691
5.97 271.44065 707.20375 21486.71 -28262.8 2434.05 -30696.8 16823.706
5.98 256.94668 -362.27531 21521.065 -28413.7 2304.08 -30717.7 16821.56
5.99 295.45984 -572.56262 21512.81 -28111.5 2649.44 -30760.9 16856.443
6 274.31149 -431.66456 21532.427 -28196.3 2459.79 -30656.1 16932.821
6.01 273.15133 308.52793 21514.155 -28077.6 2449.39 -30527 16979.77
6.02 271.3761 460.52381 21492.892 -28203.6 2433.47 -30637 16972.535
6.03 283.22057 -516.25165 21738.79 -28476 2539.68 -31015.7 17099.475
6.04 284.55835 -607.77563 21564.687 -28120.2 2551.68 -30671.8 17031.069
6.05 265.67436 -0.97542666 21650.067 -28213 2382.34 -30595.3 17123.802
6.06 261.24355 121.22949 21493.124 -28321.9 2342.61 -30664.5 17071.594
6.07 278.88517 -508.60402 21561.68 -28177.2 2500.81 -30678 17104.392
6.08 281.75712 -375.45884 21521.615 -28173.1 2526.56 -30699.7 17082.303
6.09 278.70218 -244.21405 21436.262 -28216.6 2499.17 -30715.8 17036.657
6.1 282.24973 1415.7037 21412.509 -28035 2530.98 -30565.9 17066.086
6.11 288.19228 4.4213194 21425.545 -28312.4 2584.27 -30896.6 17112.846
6.12 270.66572 661.17287 21431.493 -28416.1 2427.1 -30843.2 17142.547
6.13 278.67308 -399.06914 21530.612 -28025.5 2498.91 -30524.4 17128.363
6.14 282.29342 -21.572649 21355.95 -28208.2 2531.37 -30739.6 17057.994
6.15 248.98722 -746.71546 21696.978 -28626.6 2232.71 -30859.3 17263.147
6.16 269.25142 -124.69031 21377.987 -28455.6 2414.42 -30870.1 17095.819
6.17 280.80781 220.10466 21435.811 -28060.3 2518.05 -30578.4 17197.427
6.18 267.02221 289.52757 21420.122 -28504.8 2394.43 -30899.2 17200.445
6.19 284.76627 -91.465532 21406.825 -28154.8 2553.54 -30708.4 17195.676
6.2 280.45133 458.5616 21212.639 -28120.3 2514.85 -30635.1 17167.74
6.21 280.33105 -781.56933 21718.465 -28120.2 2513.77 -30634 17438.599
6.22 272.07 217.98545 21352.341 -28396.8 2439.69 -30836.5 17290.516
6.23 273.01349 -586.02939 21438.851 -28289.9 2448.16 -30738 17356.837
6.24 276.50798 -137.22095 21450.958 -28292 2479.49 -30771.5 17445.266
6.25 262.231 529.44224 21317.012 -28386.9 2351.47 -30738.3 17405.724
6.26 276.53102 255.19076 21424.054 -28279.2 2479.7 -30758.9 17512.366
6.27 265.67595 -537.0162 21462.447 -28266 2382.36 -30648.3 17537.705
6.28 270.49767 138.0427 21346.824 -28535.3 2425.6 -30960.9 17500.777
6.29 261.60676 391.68487 21356.894 -28270.9 2345.87 -30616.7 17532.847
6.3 283.20876 247.07859 21430.972 -28361.9 2539.58 -30901.5 17526.865
6.31 286.34191 415.54142 21321.735 -28107 2567.67 -30674.7 17462.461
6.32 265.69698 372.08642 21593.903 -28532.6 2382.55 -30915.1 17660.794
6.33 277.69449 509.05007 21363.974 -28200.6 2490.13 -30690.7 17547.334
6.34 285.32312 -133.0166 21534.221 -28217.1 2558.54 -30775.7 17655.625
6.35 258.72641 -602.68174 21761.013 -28326.8 2320.04 -30646.9 17851.244
6.36 270.3426 -1015.3638 21642.623 -28273.5 2424.21 -30697.7 17785.943
6.37 288.59254 782.12553 21187.315 -28099.6 2587.86 -30687.4 17561.491
6.38 274.358 499.72215 21345.91 -28365.1 2460.21 -30825.3 17692.46
6.39 264.88735 421.38238 21436.933 -28381.3 2375.29 -30756.5 17730.232
6.4 268.79059 163.26477 21545.504 -28274.8 2410.29 -30685.1 17830.214
6.41 264.17719 406.23776 21579.952 -28191.3 2368.92 -30560.2 17834.123
6.42 279.73285 -519.60567 21659.555 -28126 2508.41 -30634.4 17914.491
6.43 270.29322 -342.67552 21557.24 -28283.7 2423.76 -30707.5 17887.126
6.44 280.49026 -214.52106 21634.604 -28301.6 2515.2 -30816.8 17969.44
6.45 272.92594 -293.13841 21470.528 -28206.7 2447.37 -30654.1 17905.641
6.46 281.21399 57.214533 21437.438 -28379.7 2521.69 -30901.4 17904.045
6.47 275.77035 -551.1819 21592.842 -28207.3 2472.88 -30680.2 18047.183
6.48 276.95569 182.6979 21504.821 -28373.7 2483.51 -30857.2 18017.814
6.49 286.22067 -121.28117 21489.054 -28228.1 2566.59 -30794.7 18035.556
6.5 274.2927 83.43419 21439.483 -28188.5 2459.63 -30648.1 18010.131
6.51 274.66977 -525.13436 21327.685 -28231.8 2463.01 -30694.8 18004.673
6.52 260.87252 295.47306 21466.863 -28385.4 2339.29 -30724.7 18109.563
6.53 269.07164 -5.5584965 21553.055 -28426.8 2412.81 -30839.6 18225.792
6.54 281.72445 -621.64847 21574.078 -28414.1 2526.27 -30940.4 18275.602
6.55 268.72258 -348.63684 21526.107 -28355.9 2409.68 -30765.6 18261.633
6.56 270.15408 -189.40676 21319.444 -28469.4 2422.51 -30891.9 18131.609
6.57 284.93875 1439.5171 21317.912 -28089.1 2555.09 -30644.2 18162.573
6.58 267.19924 525.28014 21432.86 -28300 2396.02 -30696 18238.623
6.59 260.29672 519.66906 21397.563 -28304.1 2334.12 -30638.2 18215.38
6.6 265.56175 1082.5046 21264.054 -28234.4 2381.33 -30615.7 18215.196
6.61 273.79929 970.20019 21480.436 -28237.1 2455.2 -30692.3 18352.298
6.62 282.36673 -165.40181 21708.835 -28177.4 2532.03 -30709.4 18493.797
6.63 271.57082 -529.9457 21535.824 -28287.5 2435.22 -30722.7 18378.94
6.64 275.59846 841.06447 21347.398 -28080.9 2471.34 -30552.3 18256.872
6.65 270.57243 745.68459 21355.879 -28302.3 2426.27 -30728.6 18291.477
6.66 273.30627 97.157609 21652.496 -28178.8 2450.78 -30629.5 18491.336
6.67 268.58738 -700.60144 21563.351 -28464.4 2408.47 -30872.9 18464.762
6.68 281.13175 173.0902 21533.353 -28205.3 2520.95 -30726.3 18457.449
6.69 277.65725 566.33905 21473.599 -28114.1 2489.8 -30603.9 18406.87
6.7 252.76188 -736.85524 21744.813 -28436.4 2266.56 -30702.9 18537.04
6.71 268.10893 423.71334 21367.46 -28147.2 2404.18 -30551.3 18304.862
6.72 264.56946 145.62769 21691.036 -28439.8 2372.44 -30812.2 18511.953
6.73 275.62102 347.31627 21452.354 -28196.7 2471.54 -30668.2 18457.241
6.74 280.5626 244.60573 21594.598 -28012.4 2515.85 -30528.2 18514.815
6.75 278.95592 -90.811395 21401.097 -28360.6 2501.44 -30862 18464.573
6.76 269.53464 -571.51569 21480.72 -28239.4 2416.96 -30656.3 18526.796
6.77 282.91512 518.91687 21550.04 -28222.8 2536.94 -30759.7 18611.993
6.78 270.16084 -579.77916 21486.273 -28266.7 2422.58 -30689.2 18548.981
6.79 264.96426 -555.44959 21553.84 -28325 2375.98 -30701 18639.926
6.8 266.26867 -59.872249 21735.948 -28175.5 2387.67 -30563.2 18749.417
6.81 277.32643 374.30895 21420.254 -28321.1 2486.83 -30807.9 18535.42
6.82 266.03711 34.083225 21253.231 -28303.5 2385.6 -30689.1 18447.936
6.83 277.27466 133.96898 21615.441 -28126.9 2486.37 -30613.3 18640.379
6.84 284.12696 814.59343 21383.245 -28276.3 2547.81 -30824.1 18543.774
6.85 267.40707 850.99338 21435.939 -28200.9 2397.88 -30598.7 18609.717
6.86 275.14911 -786.1247 21575.561 -28212.8 2467.31 -30680.1 18709.301
6.87 273.96431 -912.9198 21529.771 -28359.9 2456.68 -30816.6 18727.055
6.88 262.06905 -580.80628 21508.235 -28320.1 2350.01 -30670.1 18684.575
6.89 288.68646 596.61843 21374.044 -28306.3 2588.7 -30895 18635.731
6.9 266.57289 311.61733 21449.93 -28373.2 2390.4 -30763.6 18727.55
6.91 267.53123 1117.9287 21326.175 -28278.7 2399 -30677.7 18632.653
6.92 271.5026 355.35783 21389.059 -28164.4 2434.61 -30599 18669.706
6.93 272.46197 -314.50878 21612.628 -28295.2 2443.21 -30738.4 18775.621
6.94 276.18858 -287.83649 21424.954 -27976.1 2476.63 -30452.7 18665.138
6.95 263.2158 -265.47949 21495.231 -28394.3 2360.3 -30754.6 18715.623
6.96 262.71838 -871.03309 21491.157 -28457.4 2355.84 -30813.2 18752.63
6.97 259.07277 -152.42882 21509.798 -28298.3 2323.15 -30621.5 18759.479
6.98 298.28575 203.65889 21634.162 -28162.9 2674.78 -30837.7 18807.81
6.99 269.67272 -883.2038 21666.662 -28431.5 2418.2 -30849.7 18843.825
7 261.70666 -398.87737 21455.749 -28250.6 2346.77 -30597.3 18712.172
7.01 264.492 -920.27773 21516.028 -28296 2371.74 -30667.7 18747.295
7.02 275.30001 -328.21945 21518.153 -28067.1 2468.66 -30535.8 18777.769
7.03 277.77303 481.84421 21580.924 -28220.2 2490.83 -30711 18845.369
7.04 270.46268 -268.13822 21547.189 -28277.2 2425.28 -30702.5 18849.547
7.05 289.57331 55.991546 21426.992 -28049 2596.65 -30645.6 18878.893
7.06 276.93479 31.510082 21531.456 -28328.5 2483.32 -30811.8 18993.223
7.07 283.29071 292.20624 21368.018 -28343.2 2540.31 -30883.5 18934.533
7.08 270.23673 445.65821 21410.889 -28250.6 2423.26 -30673.9 18999.395
7.09 267.23919 -319.86252 21499.036 -28372.2 2396.38 -30768.6 19052.096
7.1 269.83211 14.967309 21556.038 -28205.6 2419.63 -30625.3 19127.889
7.11 258.77488 55.603118 21602.475 -28393.5 2320.48 -30713.9 19196.861
7.12 296.45802 -445.42935 21726.728 -28112.7 2658.39 -30771.1 19316.848
7.13 275.95185 432.45821 21528.092 -28328.6 2474.5 -30803.1 19264.749
7.14 250.76893 1267.1447 21262.77 -28550.5 2248.68 -30799.2 19181.693
7.15 272.96695 85.088273 21489.541 -28257.1 2447.74 -30704.9 19371.538
7.16 273.83957 112.25447 21510.908 -28312.7 2455.56 -30768.3 19405.831
7.17 257.38234 264.26557 21183.398 -28485.3 2307.99 -30793.3 19224.018
7.18 275.70453 731.9939 21359.125 -28362.1 2472.29 -30834.4 19330.449
7.19 283.38896 250.52389 21592.398 -28175.2 2541.19 -30716.3 19449.633
7.2 273.36715 -993.7712 21446.673 -28402.6 2451.33 -30854 19373.987
7.21 281.73562 -100.32244 21420.375 -28111.1 2526.37 -30637.5 19370.028
7.22 270.78161 923.70947 21299.787 -28272.6 2428.14 -30700.7 19323.006
7.23 280.16653 -592.65976 21585.103 -28270.1 2512.3 -30782.4 19513.119
7.24 280.69376 -106.49831 21561.993 -28060.9 2517.03 -30577.9 19544.728
7.25 286.71821 1015.6216 21457.821 -28003.6 2571.05 -30574.6 19485.345
7.26 278.30058 379.85641 21577.423 -28194.5 2495.57 -30690.1 19662.844
7.27 281.68733 725.72385 21353.649 -28335.5 2525.94 -30861.4 19513.839
7.28 276.61438 447.44599 21288.919 -28256.2 2480.45 -30736.6 19507.737
7.29 258.38892 260.4528 21555.359 -28342.3 2317.01 -30659.3 19686.383
7.3 271.93514 453.50636 21458 -28297.7 2438.49 -30736.1 19630.073
7.31 272.07698 -118.86358 21477.348 -28441.2 2439.76 -30880.9 19681.248
7.32 264.5946 282.65414 21706.937 -28247.8 2372.66 -30620.4 19841.036
7.33 269.18145 389.9929 21366.229 -28363.5 2413.79 -30777.2 19652.883
7.34 280.6829 -39.097639 21556.986 -28101.8 2516.93 -30618.8 19809.245
7.35 261.46496 -291.09766 21635.185 -28249.8 2344.6 -30594.4 19882.421
7.36 275.288 -261.81951 21357.936 -28294.6 2468.55 -30763.1 19730.466
7.37 261.53014 -211.71536 21655.315 -28416.2 2345.18 -30761.4 19948.727
7.38 289.97291 881.116 21572.869 -28109.8 2600.23 -30710 19896.934
7.39 263.79797 606.25056 21473.484 -28266 2365.52 -30631.5 19813.939
7.4 283.98063 -237.11113 21622.539 -28126 2546.5 -30672.5 19965.408
7.41 278.13445 119.23576 21516.127 -28135.1 2494.08 -30629.2 19916.214
7.42 274.69344 -1082.839 21619.892 -28352.5 2463.22 -30815.7 20006.554
7.43 266.47766 -105.65088 21508.501 -28480.3 2389.55 -30869.8 19966.113
7.44 277.23078 -674.61523 21591.721 -28098.4 2485.97 -30584.4 20043.383
7.45 273.42718 -267.18887 21387.948 -28279.9 2451.86 -30731.8 19998.701
7.46 280.0066 -141.24035 21413.658 -28255.8 2510.86 -30766.6 19995.834
7.47 259.40727 -180.20765 21442.081 -28465 2326.15 -30791.1 20047.377
7.48 274.87376 250.52854 21356.401 -28165.5 2464.84 -30630.4 19927.56
7.49 279.33294 1520.7127 21433.011 -28476 2504.82 -30980.8 20010.367
7.5 266.18875 -934.50896 21618.429 -28273.9 2386.96 -30660.9 20117.291
7.51 279.30048 -66.82965 21502.752 -28241 2504.53 -30745.5 20094.774
7.52 264.96765 -478.60597 21565.325 -28274.2 2376.01 -30650.2 20159.183
7.53 270.02368 407.53674 21478.28 -28470.4 2421.35 -30891.8 20146.429
7.54 282.64912 422.975 21354.624 -28273.4 2534.56 -30807.9 20121.473
7.55 270.23239 458.15791 21541.116 -28170.4 2423.22 -30593.6 20277.319
7.56 257.5058 294.98988 21430.56 -28428.8 2309.1 -30737.9 20299.755
7.57 269.81141 1217.9973 21380.748 -28269.9 2419.44 -30689.3 20282.849
7.58 276.91141 -136.05444 21515.204 -28142.9 2483.11 -30626 20416.671
7.59 274.79842 -508.19728 21687.186 -28157.5 2464.16 -30621.7 20594.787
7.6 262.53867 148.41338 21460.221 -28401.8 2354.23 -30756 20449.133
7.61 274.15725 -295.75871 21542.259 -28183.3 2458.41 -30641.7 20495.236
7.62 257.20064 566.37713 21448.965 -28279.7 2306.36 -30586 20465.109
7.63 271.69741 354.26508 21630.675 -28223.9 2436.35 -30660.2 20569.411
7.64 260.44811 -1157.1133 21609.342 -28281.8 2335.48 -30617.3 20588.873
7.65 280.06283 551.36516 21343.122 -28167.7 2511.37 -30679.1 20408.069
7.66 258.25621 321.61071 21380.81 -28500.7 2315.82 -30816.5 20472.118
7.67 265.88685 243.89324 21544.656 -28213.1 2384.25 -30597.3 20635.504
7.68 266.03899 32.6253 21393.29 -28217.5 2385.61 -30603.1 20563.194
7.69 271.2206 236.96673 21492.904 -28144.7 2432.08 -30576.8 20620.183
7.7 275.53776 696.69473 21523.623 -28123.7 2470.79 -30594.5 20612.999
7.71 270.28896 154.62397 21340.024 -28320.8 2423.72 -30744.5 20574.93
7.72 267.89341 115.28036 21395.207 -28311.1 2402.24 -30713.3 20632.914
7.73 277.39178 718.77264 21264.417 -28240.2 2487.42 -30727.6 20567.653
7.74 271.88053 370.8067 21388.311 -28290.6 2438 -30728.6 20660.036
7.75 258.62969 328.60805 21341.881 -28539.2 2319.17 -30858.4 20657.798
7.76 274.3492 -19.466816 21566.288 -28222.3 2460.13 -30682.4 20800.508
7.77 265.77711 226.57247 21470.137 -28484.2 2383.27 -30867.5 20752.935
7.78 276.11154 -849.5691 21703.671 -28118 2475.94 -30593.9 20967.087
7.79 261.57285 -1420.7638 21703.136 -28307.9 2345.57 -30653.5 21016.325
7.8 287.04498 234.71831 21452.709 -28070 2573.98 -30644 20923.79
7.81 262.78086 -89.018409 21323.074 -28365.5 2356.4 -30721.9 20863.451
7.82 269.87173 131.51348 21609.146 -28233.6 2419.98 -30653.6 21111.366
7.83 264.00344 328.00621 21417.531 -28347.2 2367.36 -30714.6 21042.084
7.84 283.24752 -58.118108 21499.524 -28182 2539.93 -30721.9 21126.416
7.85 265.07761 7.974505 21492.35 -28568 2376.99 -30945 21149.506
7.86 279.57315 248.08515 21362.827 -28055.7 2506.98 -30562.7 21060.753
7.87 261.21255 82.566328 21547.608 -28233.3 2342.33 -30575.6 21235.594
7.88 266.83597 -123.32957 21631.988 -28235.2 2392.76 -30628 21284.768
7.89 271.85632 -150.9358 21473.052 -28257.6 2437.78 -30695.4 21232.454
7.9 265.40767 798.48361 21419.265 -28268.4 2379.95 -30648.4 21258.191
7.91 281.4715 254.60331 21326.851 -28313.4 2524 -30837.4 21187.993
7.92 269.1966 -232.26938 21559.802 -28231.7 2413.93 -30645.6 21394.284
7.93 277.56372 -462.21866 21604.439 -28060.4 2488.96 -30549.4 21454.518
7.94 276.31998 769.53647 21573.03 -28268.9 2477.81 -30746.7 21411.49
7.95 280.5238 -35.827522 21558.354 -28331.9 2515.5 -30847.4 21367.268
7.96 261.25572 654.11338 21342.828 -28505.6 2342.72 -30848.3 21224.035
7.97 265.08375 -441.60266 21475.005 -28253 2377.05 -30630 21328.361
7.98 265.57767 -51.389638 21636.761 -28476.2 2381.48 -30857.6 21422.563
7.99 265.78691 81.062649 21577.48 -28345.5 2383.35 -30728.8 21361.257
8 272.65197 -595.87797 21507.619 -28313.3 2444.91 -30758.3 21361.273
8.01 253.15545 -35.155686 21645.054 -28324.7 2270.09 -30594.8 21481.016
8.02 267.8513 -1157.6509 21748.892 -28114 2401.87 -30515.9 21615.162
8.03 269.01304 -989.76482 21523.804 -28248 2412.28 -30660.2 21556.231
8.04 277.12253 -721.37098 21486.302 -28167.1 2485 -30652.1 21553.657
8.05 266.91177 49.415508 21615.34 -28171.6 2393.44 -30565 21663.922
8.06 273.30754 -686.50039 21713.258 -28114 2450.79 -30564.8 21748.019
8.07 270.1659 395.41923 21626.086 -28378.3 2422.62 -30800.9 21683.637
8.08 281.01354 -172.99312 21351.903 -28266.9 2519.89 -30786.8 21634.917
8.09 282.81939 -626.13385 21732.207 -28258.2 2536.09 -30794.3 21939.128
8.1 275.11648 -1204.9811 21679.552 -28341 2467.01 -30808.1 22001.43
8.11 275.223 447.76455 21415.915 -28266.8 2467.97 -30734.8 21863.969
8.12 269.76119 394.44355 21499.451 -28162.8 2418.99 -30581.8 21928.045
8.13 279.69318 642.85922 21313.549 -28157.9 2508.05 -30665.9 21826.413
8.14 269.66018 -233.12494 21601.278 -28335.4 2418.09 -30753.5 22068.183
8.15 276.32975 379.73155 21623.376 -28119.4 2477.89 -30597.2 22068.193
8.16 275.79896 -89.241487 21539.687 -28303.9 2473.13 -30777 22010.513
8.17 281.23982 -15.760872 21609.961 -28129.6 2521.92 -30651.5 22055.623
8.18 266.50948 532.75557 21524.864 -28333.7 2389.83 -30723.5 21977.025
8.19 267.95615 -174.81636 21555.753 -28161.4 2402.81 -30564.2 21998.635
8.2 268.71123 -125.40689 21309.34 -28436.8 2409.58 -30846.4 21878.182
8.21 273.47334 207.78504 21596.075 -28195.4 2452.28 -30647.7 22074.566
8.22 264.08146 289.65753 21355.287 -28316.6 2368.06 -30684.6 21985.224
8.23 269.746 -69.512344 21684.023 -28442.9 2418.86 -30861.8 22232.341
8.24 269.6359 -236.2673 21687.148 -28191.6 2417.87 -30609.5 22273.467
8.25 264.46785 371.45051 21540.609 -28327.2 2371.53 -30698.7 22255.876
8.26 269.1948 377.40798 21375.07 -28445.3 2413.91 -30859.2 22148.512
8.27 273.08601 284.15472 21591.938 -28110 2448.81 -30558.8 22335.101
8.28 267.62809 -286.77644 21687.921 -28423.1 2399.86 -30823 22450.261
8.29 251.36657 584.21711 21498.333 -28444.1 2254.04 -30698.1 22344.289
8.3 273.75152 -317.25489 21842.312 -28226 2454.77 -30680.8 22578.852
8.31 265.58394 307.21341 21494.849 -28499.4 2381.53 -30881 22413.246
8.32 271.16255 -546.70706 21577.133 -28358.2 2431.56 -30789.7 22483.754
8.33 264.84673 1.0022291 21396.516 -28347.5 2374.92 -30722.4 22375.563
8.34 278.99231 -35.275778 21516.581 -28199.8 2501.77 -30701.6 22441.187
8.35 270.74628 385.09164 21484.25 -28456.5 2427.82 -30884.3 22427.124
8.36 289.42707 -312.52486 21387.243 -28228 2595.34 -30823.4 22434.651
8.37 253.76279 643.40466 21463.694 -28516.1 2275.53 -30791.6 22523.839
8.38 258.80186 -116.72539 21550.526 -28412.6 2320.72 -30733.3 22595.939
8.39 278.00519 -393.45958 21663.847 -27960.1 2492.92 -30453 22683.21
8.4 291.99385 207.72996 21410.833 -28319.3 2618.36 -30937.6 22523.029
8.41 296.89851 -1104.1727 21654.049 -27976.8 2662.34 -30639.1 22730.183
8.42 263.13167 -542.36962 21399.099 -28307.4 2359.54 -30667 22540.119
8.43 278.46336 -90.294128 21393.453 -28245 2497.03 -30742.1 22611.873
8.44 268.45101 -148.92943 21465.405 -28201.9 2407.24 -30609.2 22658.716
8.45 280.00921 -731.93862 21528.009 -28060.6 2510.89 -30571.5 22734.644
8.46 266.57957 -1034.7597 21537.044 -28310.3 2390.46 -30700.8 22827.66
8.47 265.85766 47.481465 21422.195 -28427 2383.99 -30811 22756.816
8.48 264.8647 592.44409 21282.285 -28335.6 2375.08 -30710.6 22658.605
8.49 275.72155 -45.90464 21427.054 -28189.8 2472.44 -30662.3 22777.559
8.5 275.87389 -253.63075 21582.004 -28434.6 2473.81 -30908.4 22968.806
8.51 276.66169 141.02668 21357.526 -28168.8 2480.87 -30649.7 22863.703
8.52 266.45912 471.40481 21451.563 -28360.2 2389.38 -30749.6 22951.3
8.53 280.06133 -416.54242 21611.55 -28104.7 2511.35 -30616.1 23096.702
8.54 266.90684 97.211848 21336.896 -28145.7 2393.4 -30539.1 22924.269
8.55 269.16311 223.76566 21342.649 -28254.7 2413.63 -30668.4 22976.18
8.56 273.25725 251.76506 21390.998 -28237.6 2450.34 -30687.9 23044.804
8.57 274.52202 86.818303 21451.589 -28402.9 2461.68 -30864.6 23131.813
8.58 262.72689 -70.626603 21458.558 -28241.1 2355.91 -30597 23210.765
8.59 280.38737 257.21273 21566.947 -28265.1 2514.28 -30779.3 23364.215
8.6 270.67246 -1167.8863 21689.232 -28322 2427.16 -30749.1 23482.354
8.61 271.52362 276.18504 21476.356 -28351 2434.8 -30785.8 23388.644
8.62 266.00974 -856.30249 21511.415 -28344.1 2385.35 -30729.4 23432.261
8.63 273.21535 27.439718 21523.1 -28006.7 2449.97 -30456.7 23452.917
8.64 272.67217 488.58869 21364.851 -28264.1 2445.09 -30709.2 23364.66
8.65 268.19069 -550.93596 21444.649 -28226.3 2404.91 -30631.2 23417.946
8.66 281.08524 -1168.7975 21612.406 -28228.8 2520.54 -30749.3 23523.756
8.67 290.53764 197.61808 21658.625 -28147.1 2605.3 -30752.4 23582.03
8.68 279.69581 101.00924 21631.802 -28038.1 2508.08 -30546.2 23604.36
8.69 275.75968 985.38843 21324.657 -28284.3 2472.78 -30757 23414.425
8.7 270.72826 340.98346 21372.777 -28530 2427.66 -30957.7 23527.124
8.71 270.72437 -180.76327 21556.437 -28404.6 2427.63 -30832.2 23685.139
8.72 268.62868 -776.0382 21348.225 -28244.7 2408.84 -30653.5 23490.719
8.73 284.50696 475.11821 21369.942 -28108.2 2551.22 -30659.4 23573.899
8.74 266.45267 157.02032 21597.688 -28248.6 2389.32 -30638 23826.252
8.75 265.85216 195.10595 21436.526 -28460.7 2383.94 -30844.6 23730.338
8.76 276.37939 -733.9292 21584.775 -28274.1 2478.34 -30752.4 23887.064
8.77 266.97252 818.66212 21356.934 -28346.7 2393.99 -30740.7 23732.159
8.78 281.91993 382.17709 21594.081 -28133.1 2528.02 -30661.2 23971.817
8.79 275.04318 933.94811 21559.307 -28166.5 2466.36 -30632.8 23946.996
8.8 264.56804 345.07656 21603.963 -28363.7 2372.42 -30736.2 24013.49
8.81 267.61626 -714.78434 21608.968 -28180.1 2399.76 -30579.9 24058.205
8.82 288.55435 489.79796 21445.116 -28148.1 2587.51 -30735.6 23962.491
8.83 278.80991 -58.729107 21474.475 -28229.4 2500.13 -30729.5 23999.926
8.84 266.0503 -408.50943 21456.673 -28360.3 2385.72 -30746.1 24068.659
8.85 283.25567 -435.26688 21674.583 -28110 2540 -30650 24298.385
8.86 254.81361 -901.59556 21544.657 -28289.5 2284.95 -30574.5 24198.929
8.87 254.99359 -42.54839 21270.048 -28378.2 2286.57 -30664.8 24095.492
8.88 271.50617 360.07784 21510.02 -28463.3 2434.64 -30897.9 24324.487
8.89 265.5713 729.08258 21272.904 -28337.3 2381.42 -30718.7 24239.581
8.9 263.15325 -338.13975 21540.407 -28378.9 2359.74 -30738.6 24486.217
8.91 265.91482 291.38555 21421.934 -28091.4 2384.5 -30475.9 24403.417
8.92 271.02179 -817.94198 21608.231 -28146.5 2430.3 -30576.8 24635.82
8.93 278.24124 -142.90644 21503.817 -28217.3 2495.03 -30712.4 24587.164
8.94 257.18192 -262.97294 21603.559 -28614.8 2306.19 -30921 24643.861
8.95 275.19669 309.30889 21480.809 -28427 2467.73 -30894.8 24687.388
8.96 262.42734 -303.3704 21685.803 -28284.3 2353.23 -30637.6 24902.372
8.97 283.67139 -429.49151 21484.984 -28248.9 2543.73 -30792.6 24749.582
8.98 255.88782 18.791222 21462.807 -28379 2294.59 -30673.6 24766.148
8.99 268.24915 -560.74887 21784.967 -28320.4 2405.43 -30725.8 25075.422
9 260.90421 -452.28292 21417.324 -28763.9 2339.57 -31103.4 24883.64
9.01 277.03441 -85.68747 21485.1 -28475.8 2484.21 -30960 24939.232
9.02 286.21989 -767.09498 21223.972 -28154.2 2566.58 -30720.8 24804.583
9.03 283.15224 1235.8175 21247.566 -28097.4 2539.07 -30636.5 24848.951
9.04 278.08691 870.53376 21480.312 -28365.2 2493.65 -30858.8 25085.161
9.05 277.0611 -121.78091 21532.319 -28210.6 2484.45 -30695.1 25171.287
9.06 262.06294 -493.6377 21553.833 -28265.4 2349.96 -30615.4 25163.216
9.07 262.87498 19.117016 21464.319 -28449.3 2357.24 -30806.6 25073.259
9.08 265.47005 1293.805 21412.445 -28320 2380.51 -30700.5 25140.728
9.09 259.489 280.39072 21449.043 -28235.4 2326.88 -30562.3 25136.468
9.1 282.33394 318.71014 21388.665 -28160.3 2531.73 -30692 25111.507
9.11 267.29178 -470.5352 21602.29 -28385.2 2396.85 -30782 25319.049
9.12 262.31599 -230.60315 21546.177 -28153.4 2352.23 -30505.6 25289.592
9.13 266.30315 364.87953 21366.365 -28400.1 2387.98 -30788 25157.057
9.14 266.92111 -545.14546 21633.377 -28182 2393.52 -30575.6 25346.144
9.15 257.96313 720.51956 21288.524 -28462.6 2313.2 -30775.8 25125.177
9.16 291.04701 138.01015 21449.721 -28194.3 2609.86 -30804.1 25298.001
9.17 273.38103 686.87391 21318.637 -28387.7 2451.45 -30839.2 25208.607
9.18 294.28343 -19.552698 21433.484 -28004.4 2638.89 -30643.3 25367.125
9.19 262.23854 302.65517 21387.185 -28303.3 2351.53 -30654.8 25397.732
9.2 258.58954 -144.39812 21481.818 -28343.2 2318.81 -30662 25526.466
9.21 276.7619 24.624038 21325.11 -28214.2 2481.77 -30696 25442.295
9.22 283.12955 486.49838 21374.531 -28154 2538.87 -30692.8 25547.138
9.23 285.28247 201.14935 21406.027 -28073.3 2558.17 -30631.5 25571.43
9.24 276.85495 47.610165 21583.317 -28156.9 2482.6 -30639.5 25702.68
9.25 257.89371 268.01992 21438.607 -28353.7 2312.57 -30666.3 25620.845
9.26 265.43311 243.87819 21501.6 -28225.3 2380.18 -30605.5 25715.512
9.27 271.46834 278.91534 21326.812 -28381.3 2434.3 -30815.6 25623.973
9.28 264.59797 -910.88382 21522.773 -28348.9 2372.69 -30721.6 25778.917
9.29 263.38607 -413.89874 21440.344 -28440.3 2361.82 -30802.1 25824.795
9.3 267.84618 -271.81162 21376.404 -28367.9 2401.82 -30769.7 25819.701
9.31 268.67245 -151.01388 21524.363 -28074.5 2409.23 -30483.7 25985.457
9.32 280.64045 182.03445 21586.867 -28091.9 2516.55 -30608.5 26101.826
9.33 267.86245 216.71334 21371.513 -28313.6 2401.97 -30715.6 25969.831
9.34 269.22113 371.77399 21451.667 -28391.8 2414.15 -30806 26080.281
9.35 278.99306 1013.3767 21481.381 -28219.2 2501.78 -30721 26150.957
9.36 270.49798 -693.55307 21455.567 -28306.6 2425.6 -30732.2 26204.645
9.37 279.83073 1148.9908 21439.178 -28082.1 2509.29 -30591.4 26214.382
9.38 256.91633 -137.54491 21402.134 -28416.8 2303.81 -30720.6 26243.072
9.39 268.20639 101.2959 21687.393 -28305.3 2405.05 -30710.4 26552.635
9.4 265.72723 -436.63761 21566.432 -28318 2382.82 -30700.8 26504.265
9.41 273.83435 -91.125656 21463.81 -28234.5 2455.52 -30690 26460.283
9.42 281.55653 -416.55791 21607.922 -28269.2 2524.76 -30793.9 26632.264
9.43 265.27688 268.27548 21449.919 -28341.8 2378.78 -30720.5 26490.046
9.44 280.58431 111.20973 21316.175 -28321 2516.04 -30837.1 26393.034
9.45 273.69993 214.534 21577.315 -28403.3 2454.31 -30857.6 26661.118
9.46 256.25954 23.156014 21468.594 -28481.6 2297.92 -30779.5 26622.243
9.47 276.23491 -86.806445 21364.588 -28099.5 2477.04 -30576.6 26614.099
9.48 284.34433 -239.78883 21613.385 -28105.1 2549.76 -30654.9 26811.835
9.49 266.48226 -725.40378 21394.594 -28381.8 2389.59 -30771.4 26674.949
9.5 266.74011 587.24447 21329.325 -28264.5 2391.9 -30656.4 26641.555
9.51 280.90679 -136.69558 21487.544 -28183.6 2518.94 -30702.6 26772.808
9.52 261.54519 -211.35405 21503.819 -28322.3 2345.32 -30667.6 26833.467
9.53 261.4294 -594.18201 21606.847 -28213.6 2344.28 -30557.9 26968.451
9.54 279.90027 -77.555793 21530.336 -28193.1 2509.91 -30703 26959.609
9.55 260.73404 698.30797 21391.378 -28324.2 2338.04 -30662.2 26814.15
9.56 275.74073 638.54131 21440.741 -28318.2 2472.61 -30790.9 26817.399
9.57 261.43805 -286.81444 21451.907 -28351 2344.36 -30695.4 26861.687
9.58 281.46559 -733.42638 21879.223 -27962.6 2523.95 -30486.5 27208.009
9.59 261.89089 -125.82429 21415.959 -28385 2348.42 -30733.4 26886.075
9.6 269.78104 498.57543 21349.149 -28224.2 2419.17 -30643.4 26879.523
9.61 281.20305 252.64548 21224.05 -28279.2 2521.59 -30800.8 26800.082
9.62 277.39542 -433.44654 21519.584 -28064.4 2487.45 -30551.8 27123.198
9.63 278.36575 392.28979 21349.954 -28297.8 2496.15 -30794 27058.422
9.64 272.53931 -418.60601 21444.59 -28254.2 2443.9 -30698.1 27047.551
9.65 272.80468 -1596.0205 21902.928 -27936.4 2446.28 -30382.7 27482.46
9.66 272.41404 526.03868 21611.488 -28266.4 2442.78 -30709.1 27218.586
9.67 266.14983 198.20615 21470.49 -28454.1 2386.61 -30840.7 27171.916
9.68 269.34768 417.04333 21444.285 -28267.3 2415.28 -30682.6 27151.474
9.69 267.7553 36.46683 21556.185 -28296.8 2401 -30697.8 27277.599
9.7 253.95722 -104.2244 21556.984 -28433.9 2277.27 -30711.2 27339.854
9.71 265.04218 765.63556 21602.358 -28322.9 2376.68 -30699.5 27410.284
9.72 269.27392 -416.9285 21602.801 -28144.3 2414.62 -30558.9 27445.242
9.73 284.0688 -104.6718 21659.915 -28226 2547.29 -30773.3 27519.038
9.74 276.94701 -334.19723 21594.164 -28278.9 2483.43 -30762.4 27412.795
9.75 267.34334 284.36529 21516.443 -28155.7 2397.31 -30553 27311.061
9.76 280.21186 -240.12356 21531.19 -28122.5 2512.7 -30635.2 27299.641
9.77 266.68383 388.93336 21252.785 -28362.2 2391.4 -30753.5 27138.129
9.78 280.67287 804.82686 21296.753 -28212.2 2516.84 -30729.1 27185.952
9.79 272.92798 -239.07686 21387.543 -28400.4 2447.39 -30847.7 27306.445
9.8 276.20288 1551.3037 21281.403 -28253.8 2476.76 -30730.6 27280.063
9.81 279.23364 15.587676 21574.219 -28141.7 2503.93 -30645.6 27543.37
9.82 274.3805 22.810016 21605.862 -28381.6 2460.41 -30842 27625.513
9.83 288.43862 71.112571 21430.015 -28081.5 2586.47 -30668 27495.308
9.84 276.34844 401.65418 21473.995 -28369.9 2478.06 -30847.9 27525.206
9.85 270.16484 -112.09515 21588.15 -28252 2422.61 -30674.6 27628.405
9.86 275.83535 -99.094719 21442.198 -28196.8 2473.46 -30670.3 27576.745
9.87 260.66923 -347.26299 21457.82 -28173 2337.46 -30510.4 27591.31
9.88 259.95402 324.3483 21434.638 -28390.8 2331.05 -30721.9 27673.104
9.89 276.21398 330.85136 21390.794 -28168.6 2476.85 -30645.5 27658.675
9.9 268.36434 129.93088 21485.389 -28294.6 2406.47 -30701 27800.986
9.91 279.55873 -100.11676 21630.831 -28208.9 2506.85 -30715.8 27890.116
9.92 275.86036 -440.5859 21541.655 -28262.7 2473.68 -30736.4 27922.25
9.93 279.5044 -97.048692 21646.472 -28050.8 2506.36 -30557.2 28019.27
9.94 257.52659 -591.1117 21408.047 -28416.3 2309.28 -30725.6 27853.324
9.95 254.50553 58.732475 21546.459 -28372.5 2282.19 -30654.7 28061.85
9.96 273.04936 618.75538 21373.454 -28386.4 2448.48 -30834.9 27913.028
9.97 284.78055 -81.330757 21273.522 -28142.3 2553.67 -30696 27863.946
9.98 264.04964 -574.79448 21663.467 -28310.8 2367.78 -30678.5 28208.453
