0 272.40873 104.26033 46528.887 -63793.8 5198.03 -68991.9 9.9482146
0.01 263.5155 -96.195396 46413.198 -64082.8 5028.33 -69111.1 20.013089
0.02 274.72317 -34.5477 46306.835 -63649.8 5242.19 -68892 29.81007
0.03 267.39542 -275.45434 46522.243 -64088.4 5102.36 -69190.7 38.922758
0.04 258.12962 208.58384 46330.512 -64400.1 4925.56 -69325.7 47.026856
0.05 272.99212 109.6733 46652.694 -63990.3 5209.16 -69199.5 55.240809
0.06 263.8839 -121.65304 46456.414 -64251.5 5035.36 -69286.9 65.083486
0.07 252.19104 -596.43094 46944.43 -63934.9 4812.24 -68747.1 73.069041
0.08 277.45498 152.65348 46544.985 -64149.2 5294.32 -69443.5 79.90515
0.09 268.12323 429.2029 46293.687 -64312.2 5116.25 -69428.5 87.812919
0.1 261.25383 127.21178 46221.263 -64493.1 4985.17 -69478.3 93.539138
0.11 261.78786 349.54109 46157.131 -64743.6 4995.36 -69739 102.85714
0.12 271.17526 -487.15092 46775.469 -64683.5 5174.49 -69858 108.6721
0.13 265.80805 -284.99148 46562.254 -64322.3 5072.07 -69394.4 115.43561
0.14 269.51913 346.52743 46513.101 -64537.2 5142.89 -69680.1 123.42157
0.15 266.45733 105.10303 46416.005 -65072.2 5084.46 -70156.7 127.93354
0.16 269.38402 469.0581 46400.752 -65164.7 5140.31 -70305 133.38743
0.17 259.12086 -258.77791 46781.945 -65433.3 4944.47 -70377.8 137.25302
0.18 263.53343 206.10922 46534.08 -65229 5028.67 -70257.7 141.65724
0.19 269.06417 -123.23308 46640.345 -65314.8 5134.21 -70449 146.78385
0.2 265.52401 422.68128 46483.527 -65521.7 5066.65 -70588.4 150.3488
0.21 272.70981 256.42711 46750.172 -65191.5 5203.77 -70395.3 156.37558
0.22 264.09338 -142.22283 46670.208 -65494.7 5039.35 -70534 160.75352
0.23 267.91074 -111.43919 46737.685 -65899.2 5112.2 -71011.4 164.72944
0.24 268.49637 -215.91731 46832.937 -66463.4 5123.37 -71586.8 168.50929
0.25 275.70464 -392.45685 46943.237 -65978.4 5260.92 -71239.3 171.51281
0.26 266.95228 343.05555 46491.532 -66159.1 5093.91 -71253 173.08595
0.27 262.26443 272.16545 46324.639 -66136.3 5004.46 -71140.7 172.75447
0.28 271.46572 -471.99449 46929.297 -65892 5180.03 -71072 173.45635
0.29 274.66716 164.40306 46808.812 -65446.4 5241.12 -70687.5 175.03101
0.3 259.31883 -691.2272 47083.667 -65784.5 4948.25 -70732.7 176.93128
0.31 277.40963 137.84051 46651.114 -65510.7 5293.45 -70804.1 178.96731
0.32 263.5237 -59.572648 46814.793 -66051 5028.48 -71079.5 181.55212
0.33 269.53483 130.76688 46603.077 -66217.4 5143.19 -71360.6 181.97271
0.34 259.13146 766.22393 46363.686 -66859.2 4944.67 -71803.8 183.14031
0.35 269.71485 -456.20302 47036.607 -66468.3 5146.62 -71614.9 185.13676
0.36 262.36656 -160.62285 46938.226 -66781.8 5006.4 -71788.2 184.11596
0.37 258.49443 -381.69679 46870.042 -66977.3 4932.52 -71909.9 185.50928
0.38 274.32428 -652.59168 47029.908 -66645.1 5234.58 -71879.7 185.60364
0.39 261.1268 304.01278 46493.355 -66778.2 4982.75 -71760.9 184.20074
0.4 266.44154 -1038.1005 47349.644 -66329.1 5084.16 -71413.3 186.0907
0.41 270.04475 629.21308 46403.407 -66551.4 5152.92 -71704.3 186.01633
0.42 267.30923 144.02076 46672.313 -66696.8 5100.72 -71797.6 185.96427
0.43 270.57824 679.14221 46338.472 -66605.2 5163.1 -71768.3 187.50987
0.44 264.42571 177.12147 46526.13 -66635 5045.7 -71680.7 188.04548
0.45 259.94709 -365.333 46920.857 -66801.6 4960.24 -71761.8 188.2413
0.46 258.86698 -107.74036 47059.242 -66688.9 4939.63 -71628.5 188.95137
0.47 276.68896 187.81991 46717.145 -66256.7 5279.7 -71536.4 189.06275
0.48 260.58239 -14.760156 46619.592 -66432.6 4972.36 -71405 189.62273
0.49 261.31272 -503.17444 46858.126 -66727.2 4986.29 -71713.5 192.50056
0.5 264.18342 -378.24703 46979.186 -66319.9 5041.07 -71361 194.23557
0.51 264.93101 118.28682 46643.479 -66290.8 5055.34 -71346.1 197.47169
0.52 265.99087 -325.42157 46860.776 -66737.1 5075.56 -71812.7 197.34478
0.53 267.87928 -171.55527 46863.095 -66337.3 5111.6 -71448.9 199.3809
0.54 268.91935 273.82685 46764.625 -66841.8 5131.44 -71973.3 200.45391
0.55 261.8369 559.81798 46560.942 -67000.4 4996.3 -71996.7 200.33278
0.56 268.4865 -553.65453 47313.071 -66856.8 5123.18 -71980 201.80715
0.57 263.42322 -208.37053 46820.5 -66857.3 5026.57 -71883.8 202.50056
0.58 270.89201 496.86596 46634.006 -66738.9 5169.08 -71908 203.72828
0.59 266.71602 -564.14994 47115.309 -66448.1 5089.4 -71537.5 206.69575
0.6 267.07934 193.70892 46767.02 -66664.3 5096.33 -71760.6 205.4616
0.61 262.82543 776.69294 46299.044 -67021.1 5015.16 -72036.3 205.90334
0.62 277.21101 710.4714 46462.63 -66627.5 5289.66 -71917.1 207.35334
0.63 259.69137 -440.91261 46865.624 -66795.7 4955.36 -71751 209.6738
0.64 270.89029 -608.87928 47278.043 -66480.1 5169.05 -71649.2 212.22921
0.65 258.03132 43.620234 46623.781 -67143.6 4923.68 -72067.3 210.2952
0.66 265.68423 -396.57161 47023.292 -66630.8 5069.71 -71700.5 210.33464
0.67 272.32925 -221.54996 46867.606 -66620.4 5196.51 -71816.9 212.21881
0.68 266.7036 333.90535 46427.505 -66337.1 5089.16 -71426.3 213.70894
0.69 260.39774 46.945983 46683.253 -66674.4 4968.84 -71643.3 217.02709
0.7 267.03487 574.28384 46583.717 -66576.5 5095.48 -71672 217.65569
0.71 260.17976 190.4807 46578.275 -66722.2 4964.68 -71686.9 219.6887
0.72 267.90586 78.069633 46655.738 -66562.9 5112.1 -71675 222.33461
0.73 263.84261 42.347845 46647.589 -66678 5034.57 -71712.6 225.14983
0.74 269.61532 53.927159 46763.283 -66535.3 5144.72 -71680 226.92559
0.75 269.66151 -281.77348 46789.419 -66156.3 5145.6 -71301.9 227.32377
0.76 262.09048 107.51922 46987.315 -66576.4 5001.14 -71577.5 228.78925
0.77 256.44358 202.06013 46708.802 -66688.9 4893.38 -71582.3 229.35785
0.78 276.13446 -85.884206 46879.737 -66544 5269.12 -71813.2 228.83695
0.79 264.98971 390.82362 46555.267 -66787.6 5056.46 -71844.1 229.81437
0.8 271.60881 115.04625 46532.998 -66710 5182.76 -71892.8 231.0056
0.81 261.29131 -200.51319 46868.186 -66880.6 4985.89 -71866.5 232.04874
0.82 278.05828 -211.82396 46997.45 -66421.9 5305.83 -71727.8 231.01596
0.83 262.99264 -356.55427 47086.349 -66779 5018.35 -71797.4 233.75678
0.84 263.26603 -192.59793 46953.063 -66653 5023.57 -71676.6 233.89965
0.85 264.10686 -463.93863 47192.221 -66437 5039.61 -71476.6 236.46051
0.86 267.25747 643.48747 46401.671 -66538.2 5099.73 -71637.9 236.69547
0.87 264.49646 -223.63865 46765.208 -66459.3 5047.05 -71506.3 237.9821
0.88 266.8156 -4.6658231 46720.975 -66613.5 5091.3 -71704.8 239.74827
0.89 265.46607 292.28864 46476.908 -66534 5065.55 -71599.6 239.52085
0.9 268.50977 425.19131 46410.693 -66547.8 5123.63 -71671.4 240.3335
0.91 264.51259 370.5841 46613.626 -66591.7 5047.35 -71639.1 241.77205
0.92 265.26318 141.4071 46724.049 -66830.3 5061.68 -71892 244.18402
0.93 267.52588 439.67952 46519.747 -66327.3 5104.85 -71432.1 244.3302
0.94 275.77955 331.70297 46746.612 -66524.1 5262.35 -71786.5 248.47163
0.95 274.84205 173.48034 46517.015 -66296.3 5244.46 -71540.8 248.43026
0.96 269.98898 -186.11546 46792.125 -66679.1 5151.85 -71830.9 251.00186
0.97 267.62595 -313.85792 47099.38 -66738.8 5106.76 -71845.6 250.91358
0.98 264.05387 523.96088 46614.523 -66765.9 5038.6 -71804.5 251.62726
0.99 268.00509 565.07492 46332.576 -66850.9 5114 -71964.9 251.98353
1 262.24338 -106.14196 46883.925 -66677.3 5004.05 -71681.3 255.3455
1.01 261.65672 -600.25748 46990.091 -66296.5 4992.86 -71289.4 257.09617
1.02 265.58284 -659.90131 47163.373 -66250.3 5067.78 -71318.1 259.87553
1.03 253.38178 256.06784 46513.329 -66838.8 4834.96 -71673.7 258.50387
1.04 259.64237 840.80003 46324.826 -66300 4954.42 -71254.5 259.51279
1.05 263.54423 500.93366 46525.788 -66575.4 5028.88 -71604.3 259.18317
1.06 271.90256 754.65706 46309.465 -66653.9 5188.37 -71842.3 260.14707
1.07 273.41606 -70.479305 46706.513 -66589 5217.25 -71806.3 261.45289
1.08 264.7824 -261.32485 46798.118 -66613.9 5052.5 -71666.4 263.81519
1.09 258.1683 5.9299012 46805.2 -66628.5 4926.29 -71554.8 266.05965
1.1 266.59107 310.40585 46582.007 -66620.9 5087.01 -71708 266.61986
1.11 266.06429 -645.23648 46993.856 -66435.9 5076.96 -71512.8 269.09249
1.12 266.31014 -593.91257 47372.458 -66837.6 5081.65 -71919.3 271.49205
1.13 264.98094 176.83783 46715.782 -67025.8 5056.29 -72082 268.23172
1.14 265.07407 59.749131 46717.166 -66812.5 5058.07 -71870.6 269.8686
1.15 274.45442 388.68109 46579.223 -66455.8 5237.06 -71692.9 270.59471
1.16 267.23739 -371.72871 46989.61 -66963.6 5099.35 -72062.9 272.39302
1.17 261.61922 34.458772 46864.116 -67003.3 4992.14 -71995.4 271.8401
1.18 276.61089 -196.3491 47066.221 -66838.9 5278.21 -72117.1 274.2619
1.19 257.23485 -583.00618 47018.508 -66983.7 4908.48 -71892.1 274.31223
1.2 257.56361 217.24271 46609.109 -66901.7 4914.76 -71816.4 275.21316
1.21 276.56579 -491.48396 47199.437 -66745 5277.35 -72022.4 277.75487
1.22 264.92174 -184.80064 46927.239 -66871.9 5055.16 -71927.1 278.92044
1.23 275.99344 926.84331 46256.087 -66646 5266.43 -71912.4 278.86683
1.24 262.54552 -225.02564 46951.73 -66990.3 5009.82 -72000.2 280.61492
1.25 269.54954 -163.289 46948.198 -66870.8 5143.47 -72014.3 282.49807
1.26 270.16948 -607.27162 47078.284 -66667.2 5155.3 -71822.5 283.5903
1.27 263.55771 253.75972 46633.018 -66899.1 5029.13 -71928.2 282.89556
1.28 271.39312 594.38171 46501.022 -66805.4 5178.65 -71984 282.37325
1.29 264.00272 -139.78938 46775.576 -66778.7 5037.62 -71816.3 282.36443
1.3 273.91893 -228.9651 47100.505 -66459.3 5226.84 -71686.2 284.90239
1.31 266.4954 -121.14611 46919.442 -66570.4 5085.19 -71655.6 283.64982
1.32 281.52733 30.534584 46737.285 -66264.3 5372.02 -71636.3 282.47058
1.33 266.19387 -521.53575 47061.67 -66587.9 5079.44 -71667.3 284.48671
1.34 259.48416 269.04648 46656.397 -66903 4951.4 -71854.4 286.11124
1.35 281.22468 -146.32184 46963.558 -66643.1 5366.25 -72009.4 286.72367
1.36 259.8286 -478.35982 46971.917 -66937.7 4957.98 -71895.7 289.26853
1.37 259.18262 -635.40122 47082.199 -66696.5 4945.65 -71642.2 291.82276
1.38 267.78941 -396.94166 47008.592 -66627.9 5109.88 -71737.8 292.50285
1.39 258.36713 -624.27124 47163.064 -66890.6 4930.09 -71820.7 292.80625
1.4 265.77895 44.631946 46801.442 -66600.1 5071.52 -71671.6 294.61509
1.41 264.9615 -101.17734 46745.142 -66693 5055.92 -71748.9 295.11091
1.42 264.13028 -23.431298 46820.695 -66423.6 5040.06 -71463.7 295.74977
1.43 262.25086 -648.25479 46990.873 -66772.4 5004.2 -71776.6 297.27667
1.44 269.94771 -67.93696 46681.071 -66505.9 5151.07 -71657 297.25712
1.45 261.93978 85.349817 46817.641 -66773.4 4998.26 -71771.7 299.44415
1.46 269.98589 152.95989 46722.621 -66349.9 5151.79 -71501.7 301.4363
1.47 265.84433 -621.88686 47083.448 -66971 5072.77 -72043.8 302.24919
1.48 264.11583 639.22517 46484.859 -66889.6 5039.78 -71929.4 300.88247
1.49 269.01091 509.81272 46319.964 -66723.8 5133.19 -71857 303.88448
1.5 268.51086 -380.43455 47096.041 -66704.1 5123.65 -71827.8 307.86413
1.51 267.46247 -784.38568 47248.281 -66444.4 5103.64 -71548.1 308.53992
1.52 262.86385 154.0802 46592.057 -66624.2 5015.89 -71640.1 309.7187
1.53 268.05021 126.48415 46714.133 -66352.2 5114.86 -71467.1 312.43
1.54 261.50926 -330.10404 46946.601 -66559.1 4990.05 -71549.2 311.92018
1.55 266.47823 -562.36713 47206.961 -66150.1 5084.86 -71234.9 315.15375
1.56 259.3141 434.51576 46415.263 -66332.9 4948.16 -71281 316.10818
1.57 265.45895 280.99557 46659.62 -66368.3 5065.41 -71433.7 317.47664
1.58 267.86307 125.19184 46820.524 -66286.5 5111.29 -71397.8 319.20923
1.59 265.47463 -264.48908 47028.938 -66788.7 5065.71 -71854.4 321.72223
1.6 274.76654 1125.7585 46214.965 -66391.7 5243.02 -71634.7 319.77327
1.61 269.05714 -388.00103 46970.985 -66627.1 5134.07 -71761.1 324.46471
1.62 262.21204 314.16312 46455.815 -66678.5 5003.46 -71682 323.66835
1.63 267.27336 768.74353 46399.849 -66707.8 5100.03 -71807.8 325.57182
1.64 263.35912 -109.85588 46779.56 -66705.1 5025.34 -71730.4 326.31852
1.65 253.40121 284.3491 46811.05 -66547 4835.33 -71382.4 326.08942
1.66 268.24964 -526.58754 47135.629 -66105.4 5118.66 -71224 328.18583
1.67 269.66254 207.7734 46641.642 -66624.3 5145.62 -71769.9 327.95942
1.68 269.96402 461.92049 46576.873 -66905.4 5151.38 -72056.8 329.20017
1.69 261.87892 -395.7482 47009.872 -66743.8 4997.1 -71740.9 333.02836
1.7 258.32211 228.42959 46630.103 -67229.6 4929.23 -72158.8 332.01048
1.71 266.63173 271.66135 46529.273 -66868.3 5087.79 -71956.1 330.28256
1.72 279.25137 -266.3192 46967.231 -66830.4 5328.6 -72159 333.15784
1.73 264.83994 -434.27494 47030.728 -66905.6 5053.6 -71959.2 335.3421
1.74 264.17014 366.79183 46691.125 -66537 5040.82 -71577.9 333.72183
1.75 268.43336 502.64298 46504.362 -66840.6 5122.17 -71962.8 333.72553
1.76 277.96238 297.93758 46704.856 -66608.2 5304 -71912.2 334.71941
1.77 272.37986 -716.90115 47304.403 -66804 5197.47 -72001.5 338.40833
1.78 265.96412 159.42657 46748.914 -66763.4 5075.05 -71838.5 337.88862
1.79 254.99376 -390.33939 46917.681 -67013.1 4865.72 -71878.8 338.04012
1.8 263.10041 -417.5389 47125.425 -66869.4 5020.41 -71889.8 338.94753
1.81 272.96531 365.50267 46475.24 -66650.2 5208.65 -71858.8 338.89209
1.82 262.09265 401.58074 46657.314 -66755.6 5001.18 -71756.8 340.77368
1.83 267.56297 -483.47207 47049.942 -66942.8 5105.56 -72048.4 343.45407
1.84 268.53417 -33.301245 46828.375 -66675.1 5124.09 -71799.2 342.77087
1.85 272.92957 683.95591 46355.121 -66450.1 5207.96 -71658.1 341.94108
1.86 268.90354 356.41637 46647.351 -66750.3 5131.14 -71881.4 343.35942
1.87 266.7224 548.89785 46412.402 -66622 5089.52 -71711.5 344.48525
1.88 267.60383 -545.11741 47286.238 -66368.2 5106.34 -71474.5 347.73265
1.89 266.63094 339.78968 46626.348 -66531.3 5087.78 -71619.1 346.65011
1.9 266.53622 130.34281 46829.547 -66660.2 5085.97 -71746.2 347.11917
1.91 266.38205 330.7705 46559.607 -66993.4 5083.03 -72076.5 347.98482
1.92 256.35538 280.77273 46539.493 -66693 4891.7 -71584.7 346.85705
1.93 266.02618 301.7663 46666.329 -66760.8 5076.24 -71837.1 347.9977
1.94 258.48743 -211.37597 46951.851 -66958.1 4932.38 -71890.5 349.51741
1.95 262.00703 372.35928 46687.357 -67053.5 4999.54 -72053 350.00595
1.96 268.26087 853.97988 46360.901 -66855.8 5118.88 -71974.6 349.01135
1.97 265.5653 -338.30981 46914.201 -66939 5067.44 -72006.4 352.64973
1.98 261.65025 -220.9313 46858.625 -66467.8 4992.74 -71460.5 353.0169
1.99 265.59047 -191.16752 46989.301 -66588.3 5067.92 -71656.2 354.08474
2 272.47464 336.68798 46573.441 -66729.6 5199.28 -71928.9 354.48769
2.01 265.60076 179.85595 46785.876 -66687.7 5068.12 -71755.8 355.26602
2.02 258.16093 246.46094 46643.48 -67106.3 4926.15 -72032.5 356.26246
2.03 273.55358 379.54556 46533.468 -66829.8 5219.87 -72049.6 357.04928
2.04 266.16128 292.99587 46730.869 -67024.4 5078.81 -72103.2 359.29699
2.05 271.98759 -35.311452 46772.481 -66840.5 5189.99 -72030.5 361.00174
2.06 264.19009 -301.79949 46886.435 -66677.4 5041.2 -71718.6 360.78826
2.07 278.852 -584.84835 47283.442 -66250.6 5320.97 -71571.5 363.24345
2.08 268.53934 34.625378 46748.023 -66578.6 5124.19 -71702.8 362.20629
2.09 256.91186 -274.66609 46877.014 -66870.5 4902.32 -71772.8 363.95355
2.1 266.31398 -245.31974 46892.959 -66591.1 5081.73 -71672.9 365.79073
2.11 262.0352 71.11687 46630.963 -66809.4 5000.08 -71809.4 366.10777
2.12 267.07111 592.47351 46498.975 -66800.9 5096.17 -71897.1 366.0508
2.13 274.89046 191.92685 46725.128 -66934.7 5245.38 -72180.1 367.13456
2.14 273.3912 -128.25776 46809.312 -66542.4 5216.77 -71759.1 368.28587
2.15 266.40014 -370.84739 47029.518 -66696.6 5083.37 -71779.9 372.84937
2.16 264.64179 -66.873903 46899.36 -66626.9 5049.82 -71676.7 373.60329
2.17 250.8506 263.97096 46786.526 -67188.7 4786.66 -71975.3 374.28247
2.18 267.07199 -470.94783 47116.903 -66496.5 5096.19 -71592.7 377.27833
2.19 259.50744 -514.25884 47110.593 -66665.4 4951.85 -71617.2 380.8473
2.2 261.76242 -107.16386 46771.769 -66714.3 4994.88 -71709.2 376.89336
2.21 264.48762 566.59822 46439.239 -66815.9 5046.88 -71862.8 378.30428
2.22 263.73359 -592.20566 46894.261 -66645.8 5032.49 -71678.3 380.27656
2.23 273.28146 293.44597 46607.104 -66958.9 5214.68 -72173.5 380.87909
2.24 272.45018 -561.20274 47231.231 -66443.3 5198.82 -71642.1 384.60887
2.25 259.66395 -48.154936 46864.727 -66696.8 4954.83 -71651.6 382.44318
2.26 271.90537 208.38473 46721.826 -66487.5 5188.42 -71675.9 382.15314
2.27 260.36926 371.51247 46732.335 -66919.1 4968.29 -71887.3 383.61347
2.28 272.76042 253.65923 46705.264 -66316.8 5204.74 -71521.6 384.88495
2.29 268.57629 -356.07199 47169.677 -66763.9 5124.9 -71888.8 388.56514
2.3 263.66893 40.603502 46843.411 -66968.5 5031.26 -71999.7 390.58346
2.31 262.68841 -21.969887 46882.685 -67121.7 5012.55 -72134.3 389.90587
2.32 261.88815 -310.90483 46977.054 -66830.6 4997.28 -71827.9 390.7212
2.33 268.76509 123.79991 46671.423 -66702.8 5128.5 -71831.3 390.43303
2.34 261.30408 34.171085 46679.087 -66639.2 4986.13 -71625.3 393.35778
2.35 274.27365 -696.76479 47147.098 -66407 5233.61 -71640.6 394.45287
2.36 263.90228 -497.25987 47113.792 -66532.8 5035.71 -71568.5 394.33993
2.37 273.72115 443.72736 46431.465 -66526.7 5223.07 -71749.7 394.83798
2.38 258.37617 -448.09847 46924.325 -67123.4 4930.26 -72053.7 396.89765
2.39 260.95669 -432.18603 47045.918 -66861.1 4979.5 -71840.6 396.84188
2.4 270.23862 -626.92315 47208.251 -66624.4 5156.62 -71781 396.88446
2.41 261.9045 -372.63591 46981.454 -66848 4997.59 -71845.6 396.59977
2.42 269.44664 -632.01038 47058.455 -67063.3 5141.5 -72204.8 396.49178
2.43 267.44853 -652.96729 47254.662 -66681.9 5103.38 -71785.2 400.52444
2.44 270.2917 -522.42754 47219.58 -66650.3 5157.63 -71807.9 400.90576
2.45 261.50627 -290.5977 46986.911 -67030.2 4989.99 -72020.2 400.62971
2.46 269.03662 -627.95481 47184.617 -66656.7 5133.68 -71790.4 400.53076
2.47 262.14468 -168.68816 46865.32 -67172.1 5002.17 -72174.3 401.13422
2.48 257.87025 224.85672 46732.614 -66862.9 4920.61 -71783.5 402.54858
2.49 271.72922 542.37196 46548.756 -66869.3 5185.06 -72054.4 402.84984
2.5 266.05917 490.69191 46605.565 -66810.6 5076.87 -71887.5 403.58916
2.51 268.58148 -142.05399 46886.78 -66774 5125 -71899 405.07939
2.52 268.86039 -761.11391 47195.24 -66925 5130.32 -72055.3 408.0056
2.53 262.96848 115.06673 46760.812 -66837.4 5017.89 -71855.3 406.99677
2.54 269.08689 349.95276 46625.909 -66691.7 5134.64 -71826.3 407.83261
2.55 260.88542 171.692 46754.301 -66849.5 4978.14 -71827.6 411.5584
2.56 268.05124 62.250187 46830.748 -66502.6 5114.88 -71617.5 413.36242
2.57 260.02317 275.50379 46329.774 -66748.1 4961.69 -71709.8 414.15849
2.58 267.03247 -434.4309 46846.912 -66889.2 5095.44 -71984.7 417.53674
2.59 266.98295 298.26351 46580.52 -66624.9 5094.49 -71719.4 416.65483
2.6 262.61072 242.98602 46558.203 -66757.6 5011.06 -71768.6 419.35858
2.61 264.78648 -301.05626 46985.982 -66785.4 5052.58 -71838 422.0194
2.62 268.59602 219.04319 46628.698 -66793.9 5125.27 -71919.1 421.59449
2.63 264.9986 91.088965 46788.085 -66694.8 5056.63 -71751.5 425.47035
2.64 264.64254 -383.42222 46868.739 -66592.8 5049.83 -71642.6 424.32639
2.65 262.46731 -273.2647 46986.475 -67124.8 5008.33 -72133.2 426.58861
2.66 261.00577 532.37118 46527.926 -66987.9 4980.44 -71968.3 424.49406
2.67 263.98876 -448.6472 47115.195 -66730.9 5037.36 -71768.3 427.10848
2.68 259.8892 -841.98872 47252.913 -66944.3 4959.13 -71903.4 428.97758
2.69 264.71398 388.69067 46487.301 -66451.9 5051.2 -71503.1 427.46486
2.7 261.89147 139.5109 46670.82 -66649.3 4997.34 -71646.6 427.66319
2.71 267.89078 189.62233 46682.544 -66348.5 5111.82 -71460.3 427.25418
2.72 263.87245 -14.93519 46683.314 -66785.4 5035.14 -71820.5 428.72935
2.73 270.20794 541.59506 46556.059 -66478.5 5156.03 -71634.6 425.2029
2.74 281.1633 320.6702 46596.391 -66288.2 5365.08 -71653.3 426.62607
2.75 271.37802 428.11257 46439.092 -66724.7 5178.36 -71903.1 425.99251
2.76 270.24424 406.23842 46600.033 -66389.2 5156.72 -71546 428.24646
2.77 274.61291 -190.90484 46753.616 -66157.4 5240.09 -71397.5 429.96779
2.78 272.94098 -110.4788 46883.232 -66284 5208.18 -71492.2 432.56746
2.79 271.72484 -254.89844 46859.384 -66509.9 5184.98 -71694.9 431.49004
2.8 272.10218 -334.49069 47008.977 -66387.9 5192.18 -71580 434.9167
2.81 267.70163 643.89225 46388.582 -66633.6 5108.21 -71741.8 431.23499
2.82 266.01662 -1.7822171 46723.004 -66873.1 5076.05 -71949.2 434.16821
2.83 257.77154 -126.19662 46751.92 -66772.1 4918.72 -71690.8 435.88413
2.84 271.04132 373.75233 46608.26 -66762.8 5171.93 -71934.7 435.67702
2.85 260.58687 -215.08876 46808.048 -66828.5 4972.44 -71800.9 438.07033
2.86 273.42181 361.3445 46512.722 -66900.5 5217.36 -72117.9 436.62633
2.87 259.53816 -782.28323 47281.061 -66931.8 4952.43 -71884.3 439.31429
2.88 266.41603 171.73909 46657.955 -66773.1 5083.67 -71856.8 437.94114
2.89 261.13544 232.6709 46706.555 -66583.1 4982.91 -71566 438.88486
2.9 266.07908 64.861482 46639.48 -66907.9 5077.25 -71985.1 441.4213
2.91 260.28256 -480.10232 47053.465 -66779.2 4966.64 -71745.9 443.51108
2.92 263.20542 47.021047 46749.875 -66926.7 5022.41 -71949.1 440.72134
2.93 265.81572 465.94006 46465.138 -66863.6 5072.22 -71935.8 440.29135
2.94 265.44751 264.7086 46646.071 -66920.4 5065.19 -71985.6 441.45264
2.95 267.66182 -27.158468 46781.983 -66870.4 5107.45 -71977.9 441.81977
2.96 260.57401 -148.16039 46813.305 -66961.6 4972.2 -71933.8 443.9987
2.97 271.73301 -666.67776 47086.386 -66392.1 5185.13 -71577.2 445.46748
2.98 270.59894 410.39244 46571.588 -66821.3 5163.49 -71984.8 444.10266
2.99 272.56399 280.7614 46735.709 -67039.5 5200.99 -72240.5 447.28982
3 269.18307 321.86263 46604.822 -66817.8 5136.47 -71954.2 446.05132
3.01 264.86532 384.14702 46615.44 -67127.5 5054.08 -72181.6 447.62276
3.02 274.13039 656.43373 46581.643 -66675.2 5230.88 -71906.1 448.46754
3.03 274.59316 382.18452 46655.294 -66627.2 5239.71 -71866.9 450.19081
3.04 263.01234 278.19964 46584.266 -66898.1 5018.73 -71916.8 449.94255
3.05 274.23569 -205.73098 46997.93 -66519.6 5232.89 -71752.5 454.12358
3.06 265.74197 -484.36812 47185.505 -66894.9 5070.81 -71965.7 455.97635
3.07 262.30554 285.15783 46635.799 -67197.5 5005.24 -72202.7 453.55956
3.08 266.57624 59.027625 46704.568 -66856.6 5086.73 -71943.3 454.05707
3.09 267.71404 -323.47699 46990.668 -66509.6 5108.44 -71618 456.98355
3.1 260.58518 409.87337 46545.865 -66725.7 4972.41 -71698.1 456.83778
3.11 270.3606 -449.89843 46987.82 -66405.7 5158.94 -71564.6 461.4374
3.12 271.31842 298.22564 46454.905 -66676.5 5177.22 -71853.7 460.52012
3.13 264.82304 666.38926 46440.261 -66721 5053.28 -71774.3 462.3273
3.14 262.37518 -540.07904 47078.557 -66762.8 5006.57 -71769.3 464.76434
3.15 269.33032 229.59076 46537.995 -66354.6 5139.28 -71493.9 463.67096
3.16 272.69409 347.08331 46561.642 -66596.7 5203.47 -71800.2 467.90305
3.17 268.59936 445.93532 46421.122 -66279.1 5125.34 -71404.4 467.26812
3.18 267.76174 -196.68183 46867.966 -66715 5109.35 -71824.4 470.90172
3.19 276.19699 147.17118 46699.319 -66399 5270.31 -71669.3 471.40552
3.2 259.39187 -766.17186 47150.225 -66882.7 4949.64 -71832.4 474.88373
3.21 264.96129 -215.32686 46905.395 -66427.4 5055.92 -71483.3 477.09004
3.22 265.15568 465.96774 46438.141 -66355.3 5059.63 -71414.9 477.92972
3.23 273.13655 149.43452 46571.864 -66448 5211.91 -71659.9 478.52955
3.24 268.20477 583.5784 46475.193 -66293.5 5117.81 -71411.3 479.81843
3.25 268.67199 -672.91912 47105.015 -66572.5 5126.72 -71699.2 485.87904
3.26 269.67208 69.012885 46911.642 -66679.2 5145.81 -71825 486.45757
3.27 258.02872 -761.16616 47147.286 -66851.4 4923.63 -71775 488.21197
3.28 269.34348 -266.08525 46938.121 -66643.9 5139.54 -71783.4 487.03544
3.29 256.97531 282.96295 46577.309 -66982.8 4903.53 -71886.3 486.07302
3.3 264.11614 188.11145 46464.227 -66644.5 5039.79 -71684.2 487.21442
3.31 266.75273 -110.23769 46818.643 -66569.8 5090.1 -71659.9 489.55701
3.32 269.22747 -152.65402 46883.199 -66602.6 5137.32 -71739.9 490.93076
3.33 258.9244 -239.2722 46880.711 -66888.3 4940.72 -71829 491.96797
3.34 265.49517 -281.82724 46941.29 -66595 5066.1 -71661.1 493.47467
3.35 266.8953 491.56999 46522.053 -66602 5092.82 -71694.8 490.10591
3.36 266.31946 -16.356681 46865.797 -66489.2 5081.83 -71571.1 493.61338
3.37 264.62549 -256.34875 46727.629 -66660.3 5049.51 -71709.8 493.92486
3.38 268.18757 -443.69127 47094.078 -66549.4 5117.48 -71666.9 498.33529
3.39 262.65937 265.81497 46556.201 -66589.4 5011.99 -71601.4 494.29458
3.4 268.26572 649.89902 46311.541 -66669.8 5118.97 -71788.8 492.79363
3.41 263.08274 -483.62872 47125.632 -66763 5020.07 -71783.1 498.1906
3.42 261.00205 420.90477 46515.899 -66566.5 4980.37 -71546.8 497.29211
3.43 260.09701 -468.69992 47034.103 -66743.7 4963.1 -71706.8 498.96899
3.44 271.33177 -88.213066 46799.254 -66697.9 5177.48 -71875.4 497.79656
3.45 272.21779 34.816423 46855.365 -66759.7 5194.38 -71954.1 499.33981
3.46 257.47393 -556.0543 47059.582 -66817.7 4913.04 -71730.7 502.06125
3.47 259.45593 -304.06693 46894.804 -66685.7 4950.86 -71636.6 501.39316
3.48 270.76123 138.46647 46796.668 -66627 5166.59 -71793.6 500.07581
3.49 261.26395 -186.01207 46913.916 -66682.3 4985.36 -71667.7 501.40276
3.5 274.30045 621.00196 46369.604 -66605.1 5234.12 -71839.3 500.98116
3.51 260.89881 120.47755 46688.645 -66918.4 4978.4 -71896.8 503.0912
3.52 266.93906 22.635745 46794.226 -66456.3 5093.66 -71549.9 505.64935
3.53 268.35306 182.68819 46758.694 -66369.3 5120.64 -71490 506.55608
3.54 259.87966 -716.0063 47068.894 -66429 4958.95 -71387.9 508.33628
3.55 261.81805 -160.23996 46754.793 -66482.3 4995.94 -71478.2 505.44415
3.56 269.47897 213.68442 46596.257 -66130.6 5142.12 -71272.7 505.53595
3.57 260.85427 277.72597 46618.465 -66514 4977.55 -71491.6 505.93847
3.58 278.19184 -312.59413 46935.569 -65786.7 5308.38 -71095.1 508.58906
3.59 262.59359 -535.39678 46871.694 -66350.9 5010.74 -71361.6 512.01073
3.6 262.77991 -549.43344 47068.779 -66073.6 5014.29 -71087.9 517.27983
3.61 275.97309 -27.744034 46746.22 -66494.7 5266.04 -71760.7 518.1813
3.62 267.15471 57.811223 46753.751 -66071.7 5097.77 -71169.5 519.5595
3.63 271.75089 531.09358 46435.764 -66027.4 5185.47 -71212.9 517.83534
3.64 259.30692 314.90128 46496.715 -66527.1 4948.02 -71475.1 522.52374
3.65 267.40963 31.674214 46907.235 -66451.4 5102.63 -71554.1 527.6038
3.66 268.84128 370.02414 46547.961 -66501.7 5129.95 -71631.6 527.34591
3.67 257.77852 236.73273 46664.694 -66627.5 4918.86 -71546.4 529.08579
3.68 266.68868 -574.16244 47051.079 -66288.6 5088.88 -71377.5 529.99715
3.69 269.85407 387.78414 46620.339 -66451.7 5149.28 -71601 529.32397
3.7 273.66289 -371.08389 47030.143 -66306.8 5221.96 -71528.8 533.23689
3.71 268.32681 432.471 46665.314 -66097.7 5120.14 -71217.8 534.42109
3.72 263.47262 410.47164 46220.807 -66526.7 5027.51 -71554.2 528.62975
3.73 277.03431 285.97683 46706.149 -66221.8 5286.29 -71508 536.6728
3.74 274.02794 199.15538 46681.948 -66516.1 5228.92 -71745 542.93948
3.75 265.97552 28.633409 46601.963 -66574.9 5075.27 -71650.2 545.4867
3.76 275.67691 368.12335 46537.286 -66577.2 5260.39 -71837.6 545.44526
3.77 260.91618 -223.81996 46940.575 -66804.5 4978.73 -71783.2 550.91004
3.78 269.57763 -707.0528 47181.145 -66580.3 5144 -71724.3 551.82666
3.79 270.79303 -47.097022 46743.733 -66621.8 5167.2 -71789 552.20041
3.8 263.69133 -275.37251 46972.898 -67098.6 5031.68 -72130.3 552.29758
3.81 263.86298 -434.95246 47100.943 -66874.6 5034.96 -71909.6 552.51744
3.82 251.10613 -104.74397 46761.135 -67217.8 4791.54 -72009.3 552.23233
3.83 274.95409 -52.777102 46870.206 -66779.6 5246.6 -72026.2 553.43881
3.84 273.14222 28.910998 46843.004 -66774.1 5212.02 -71986.1 556.12741
3.85 259.41555 -145.13205 46837.299 -67178 4950.09 -72128.1 556.65047
3.86 262.06309 -96.470011 46834.09 -66904.9 5000.61 -71905.5 556.85854
3.87 263.5581 -457.82862 46878.272 -66868.5 5029.14 -71897.7 558.99225
3.88 265.6165 152.0821 46582.786 -66935.2 5068.42 -72003.6 559.8828
3.89 263.00776 259.10522 46561.042 -67006.9 5018.64 -72025.5 560.85044
3.9 276.59623 -783.63283 47168.465 -66676 5277.93 -71954 565.42414
3.91 261.59759 62.146499 46743.461 -66785.1 4991.73 -71776.8 565.69054
3.92 262.3533 -455.18341 47180.342 -66509 5006.15 -71515.1 570.10496
3.93 264.2147 147.03506 46841.578 -66697.2 5041.67 -71738.9 568.45458
3.94 271.35139 377.78073 46524.334 -66438.2 5177.85 -71616.1 569.31775
3.95 261.76944 -230.02485 46966.909 -66666 4995.01 -71661 572.30192
3.96 268.22022 252.9271 46728.428 -66376.2 5118.1 -71494.3 572.82756
3.97 265.01295 -214.4431 46938.148 -66756.1 5056.9 -71813 576.14042
3.98 260.80261 256.76868 46583.407 -66647.6 4976.56 -71624.2 573.68226
3.99 262.03468 -637.54926 47086.776 -66836.8 5000.07 -71836.9 578.43638
4 276.06497 434.35413 46318.107 -66371.3 5267.79 -71639.1 574.2746
4.01 264.14327 -85.054511 46748.726 -66566.3 5040.31 -71606.6 577.9154
4.02 275.69569 405.75013 46472.44 -66170.1 5260.75 -71430.8 578.60652
4.03 269.92675 -129.78037 46673.584 -66355.1 5150.67 -71505.8 585.51318
4.04 271.70991 -400.78686 46923.69 -66428.7 5184.69 -71613.4 588.35257
4.05 270.77687 -473.10295 47026.556 -66394.6 5166.89 -71561.5 593.05663
4.06 256.10512 531.36534 46423.364 -66894.9 4886.92 -71781.8 589.97765
4.07 277.99141 -581.96914 47070.032 -66469.7 5304.55 -71774.2 597.56015
4.08 268.42025 -185.08788 46952.435 -66328.7 5121.92 -71450.6 598.11034
4.09 258.11227 415.53161 46576.159 -66458.8 4925.22 -71384 596.44768
4.1 264.32863 121.85504 46792.342 -66601.8 5043.84 -71645.7 601.92853
4.11 264.91515 402.53763 46487.26 -66774 5055.04 -71829.1 600.07895
4.12 265.52504 194.75545 46537.882 -66621.4 5066.67 -71688 601.64395
4.13 263.88976 2.2453037 46953.408 -66763.7 5035.47 -71799.2 608.41696
4.14 264.12939 423.71342 46313.842 -66607.3 5040.04 -71647.4 604.24045
4.15 259.51673 -11.637065 46738.285 -66791.7 4952.02 -71743.7 605.81424
4.16 263.54754 -220.98562 46904.522 -66792.3 5028.94 -71821.2 606.96148
4.17 270.6511 369.50527 46646.823 -66681.5 5164.49 -71846 604.46144
4.18 252.46771 -353.76508 46931.927 -66675.3 4817.52 -71492.8 608.35781
4.19 267.61202 39.126332 46863.494 -66800.8 5106.5 -71907.3 608.56089
4.2 269.83079 654.91131 46564.932 -66516 5148.83 -71664.8 608.0414
4.21 271.83931 -28.644804 46804.717 -66575.5 5187.16 -71762.6 610.99708
4.22 271.15177 -601.05119 47038.39 -66763.5 5174.04 -71937.5 613.66179
4.23 257.93941 -360.67783 46871.363 -67003.8 4921.93 -71925.7 614.84951
4.24 259.0701 511.73703 46640.703 -66658.5 4943.5 -71602 617.87633
4.25 268.63433 435.68535 46446.873 -66328.6 5126 -71454.6 616.70655
4.26 257.70153 -466.60189 47002.706 -66465.7 4917.39 -71383 624.1589
4.27 262.53375 -546.17495 46955.929 -66552.3 5009.59 -71561.8 624.92064
4.28 268.2167 -470.00031 47083.242 -66441.1 5118.03 -71559.2 625.1458
4.29 267.00532 -285.64569 46923.883 -66465.2 5094.92 -71560.2 624.64747
4.3 267.63232 230.24308 46527.348 -66720.4 5106.88 -71827.2 620.51489
4.31 275.36159 357.8428 46486.395 -66423.2 5254.37 -71677.6 619.83987
4.32 269.11862 363.98087 46401.955 -66579.7 5135.24 -71715 622.97635
4.33 273.71156 166.92084 46769.838 -66325 5222.89 -71547.9 626.54227
4.34 265.30744 -320.01707 47061.406 -66969.6 5062.52 -72032.1 632.89324
4.35 266.28922 -394.91224 46979.031 -66866.3 5081.26 -71947.5 631.77022
4.36 272.31117 -297.12854 46922.777 -66522.1 5196.16 -71718.3 633.1133
4.37 266.05808 632.82883 46341.016 -66660.8 5076.84 -71737.6 628.27199
4.38 263.46592 300.09929 46698.841 -66660.2 5027.38 -71687.6 630.65152
4.39 262.4748 608.39026 46478.417 -66254.4 5008.47 -71262.9 628.95816
4.4 261.07553 412.36274 46510.287 -66613.3 4981.77 -71595.1 631.86697
4.41 260.77698 -551.98317 47166.41 -66183.8 4976.07 -71159.9 640.35373
4.42 269.49419 735.0728 46433.491 -66578.2 5142.41 -71720.6 636.46026
4.43 269.48734 408.30844 46458.689 -66399.2 5142.28 -71541.5 638.05063
4.44 266.65875 -282.44212 46946.132 -66648.1 5088.31 -71736.4 645.94511
4.45 276.50336 93.002727 46905.095 -66358.7 5276.16 -71634.9 642.7856
4.46 267.41384 579.16193 46495.34 -66831.4 5102.71 -71934.1 642.30554
4.47 256.40855 213.83726 46417.678 -66792.8 4892.71 -71685.5 645.60814
4.48 268.30799 -392.92358 47052.107 -66513.2 5119.78 -71633 651.39593
4.49 260.33607 -526.11402 47238.124 -66771.9 4967.66 -71739.6 654.8954
4.5 270.72817 -35.463752 46800.022 -66333.2 5165.96 -71499.1 652.13611
4.51 261.29847 249.28724 46631.169 -66744.4 4986.02 -71730.5 652.37237
4.52 266.2992 136.67363 46681.986 -66588.7 5081.45 -71670.1 650.62623
4.53 268.64901 -182.47485 46865.416 -66560.9 5126.28 -71687.1 654.00127
4.54 270.028 -64.621121 46932.834 -66672.1 5152.6 -71824.6 653.91592
4.55 259.94706 -270.81596 46845.326 -66941.2 4960.24 -71901.4 657.65962
4.56 264.44728 377.00215 46654.207 -66601.3 5046.11 -71647.4 657.85254
4.57 266.59113 138.31424 46623.5 -66830.6 5087.02 -71917.6 660.2187
4.58 268.76317 261.44829 46656.397 -66594.6 5128.46 -71723.1 663.4627
4.59 262.74898 -319.68183 47015.5 -66372.9 5013.7 -71386.6 664.58362
4.6 265.46324 -727.7818 47428.736 -66721.9 5065.49 -71787.4 669.01145
4.61 260.68477 3.1978429 46765.57 -66821.2 4974.31 -71795.5 665.05346
4.62 272.65287 -885.87878 47270.338 -66599.6 5202.68 -71802.3 670.42347
4.63 266.9394 127.4589 46611.227 -66893.3 5093.66 -71987 665.83838
4.64 259.79024 -223.09509 46922.914 -67262.8 4957.24 -72220 669.94804
4.65 260.53082 32.397126 46734.019 -66930 4971.37 -71901.3 670.31116
4.66 276.83304 897.21817 46393.657 -66713 5282.45 -71995.4 666.39827
4.67 269.66384 438.88325 46486.763 -66788.5 5145.65 -71934.1 667.59101
4.68 260.52658 226.51185 46721.218 -67025.3 4971.29 -71996.6 670.59592
4.69 273.25568 142.81886 46792.359 -67041.9 5214.19 -72256.1 672.87965
4.7 265.43872 316.27401 46607.444 -66840.8 5065.03 -71905.8 672.1552
4.71 261.49102 680.44216 46297.751 -66714.2 4989.7 -71703.9 672.27343
4.72 263.50433 -118.59347 46853.893 -66978.4 5028.11 -72006.5 677.93443
4.73 269.65508 -455.47999 47113.67 -66627 5145.48 -71772.5 681.10686
4.74 266.68153 -304.66153 46971.238 -66716.9 5088.74 -71805.6 680.59599
4.75 276.23044 -256.89003 46962.42 -66505.7 5270.95 -71776.6 682.69915
4.76 259.09466 223.97855 46751.389 -67060.3 4943.97 -72004.3 679.68376
4.77 261.57622 317.82305 46435.58 -66818.7 4991.32 -71810 675.96838
4.78 269.88525 107.82328 46850.366 -66529.6 5149.87 -71679.5 680.54836
4.79 265.27391 377.40453 46564.762 -66743.3 5061.88 -71805.2 679.14122
4.8 271.1045 262.56751 46579.938 -66646.7 5173.14 -71819.8 682.3647
4.81 266.50958 119.11432 46717.175 -67032.2 5085.46 -72117.7 685.34853
4.82 268.26265 274.53644 46631.562 -66835.1 5118.91 -71954.1 686.16029
4.83 269.05972 210.6176 46679.253 -66780.1 5134.12 -71914.2 685.76243
4.84 259.9621 -134.06376 46823.188 -67041.7 4960.52 -72002.2 686.96035
4.85 263.02426 593.46497 46432.253 -66805 5018.95 -71823.9 684.17223
4.86 266.64047 -66.0027 46710.547 -66875.9 5087.96 -71963.8 686.63731
4.87 264.98852 -193.81678 46917.535 -66758.9 5056.44 -71815.3 687.36121
4.88 263.43108 -524.16898 47026.509 -66884.4 5026.72 -71911.1 689.39612
4.89 271.00158 324.96414 46761.325 -66675.5 5171.18 -71846.7 689.33377
4.9 264.60747 -31.522258 46890.671 -66877.2 5049.16 -71926.3 689.72806
4.91 256.59596 -243.43279 46992.151 -67239.7 4896.29 -72136 690.84846
4.92 272.94873 -102.8234 46908.819 -66910.4 5208.33 -72118.7 689.71908
4.93 272.99682 -800.66445 47342.915 -66881.6 5209.25 -72090.8 694.41504
4.94 262.00757 2.7854269 46799.024 -67212.2 4999.55 -72211.8 689.5349
4.95 266.18292 509.78117 46523.533 -66905.6 5079.23 -71984.8 685.57567
4.96 278.57478 -166.43333 46850.041 -66722.3 5315.68 -72038 690.77829
4.97 262.21867 440.23526 46634.475 -66791.3 5003.58 -71794.9 687.84522
4.98 272.73497 -338.37015 47200.39 -66639.6 5204.25 -71843.9 692.43229
4.99 270.99334 -221.38296 46841.342 -66557.3 5171.02 -71728.3 689.33919
5 265.00925 335.65695 46634.259 -66903.8 5056.83 -71960.6 689.83862
5.01 265.28338 171.06475 46521.575 -66492.8 5062.06 -71554.8 690.80862
5.02 272.45096 -273.75346 46954.542 -66769.8 5198.83 -71968.7 693.59123
5.03 272.39394 332.11818 46641.316 -66589.5 5197.74 -71787.3 694.95999
5.04 275.16307 540.26026 46544.249 -66760 5250.58 -72010.5 697.50114
5.05 266.01866 143.8084 46466.271 -66847.3 5076.09 -71923.4 696.58401
5.06 269.07257 80.105827 46629.507 -66293.8 5134.37 -71428.2 698.38773
5.07 256.7051 -14.774477 46748.437 -66565.9 4898.37 -71464.3 700.30256
5.08 258.73405 -414.12693 46988.306 -66855.7 4937.09 -71792.8 704.49145
5.09 266.027 33.069791 46589.37 -66455.9 5076.25 -71532.2 703.98592
5.1 266.93093 -352.90689 46984.268 -66513.8 5093.5 -71607.3 709.05997
5.11 282.19789 499.67588 46393.434 -66284 5384.82 -71668.8 703.24891
5.12 261.7073 -139.59213 46813.843 -66652.7 4993.82 -71646.5 710.42648
5.13 258.3332 -580.43545 47166.948 -66755 4929.44 -71684.4 712.83616
5.14 271.14184 342.34723 46565.292 -66569.3 5173.85 -71743.1 709.38943
5.15 273.18005 184.55374 46609.625 -66480.5 5212.74 -71693.3 712.71537
5.16 268.85903 -523.39966 47139.762 -66627.4 5130.29 -71757.7 719.66681
5.17 272.526 -332.45984 46947.498 -66540.8 5200.26 -71741 716.85601
5.18 269.92532 738.69838 46318.158 -66486.2 5150.64 -71636.9 708.96704
5.19 272.0981 364.37975 46619.544 -66643.5 5192.1 -71835.6 714.51344
5.2 263.78561 479.80037 46557.353 -67027.7 5033.48 -72061.2 712.85706
5.21 269.90061 -73.779228 46757.398 -66721.9 5150.17 -71872.1 717.05639
5.22 264.88071 365.47254 46561.995 -66755.6 5054.38 -71810 714.00903
5.23 257.8632 -524.04636 46906.112 -66633.9 4920.47 -71554.4 719.32837
5.24 267.5362 238.22738 46574.319 -66732.1 5105.05 -71837.1 719.57424
5.25 259.9055 -378.41155 46802.295 -66730.9 4959.44 -71690.3 722.67332
5.26 264.96642 216.71773 46511.604 -66546.5 5056.01 -71602.5 722.05638
5.27 266.29237 435.66056 46461.739 -66245.7 5081.32 -71327 722.27787
5.28 267.04393 477.62062 46538.202 -66453.8 5095.66 -71549.5 721.79694
5.29 259.39763 386.188 46648.89 -66555.1 4949.75 -71504.9 726.99098
5.3 262.52017 423.22345 46457.628 -66744.7 5009.34 -71754 721.64445
5.31 257.97566 -636.94475 47217.314 -66580.9 4922.62 -71503.5 730.992
5.32 271.13579 -9.4270239 46881.625 -66520.6 5173.74 -71694.4 730.93165
5.33 261.07002 274.45869 46737.711 -66814.5 4981.66 -71796.2 731.48829
5.34 267.48699 517.47911 46598.024 -66919.8 5104.11 -72023.9 729.72171
5.35 265.13625 675.44778 46517.329 -66585.4 5059.25 -71644.6 732.4124
5.36 261.10679 -403.01939 47106.258 -66800.7 4982.37 -71783.1 737.51218
5.37 273.33098 26.314812 46878.088 -66557.4 5215.62 -71773 734.56413
5.38 277.47274 455.64144 46717.568 -66671.3 5294.66 -71965.9 734.88487
5.39 252.61748 370.65896 46569.607 -67042.6 4820.37 -71863 735.6707
5.4 262.28708 176.76289 46768.442 -66797.1 5004.89 -71802 738.93527
5.41 270.75648 591.48378 46465.963 -66560.2 5166.5 -71726.7 735.79257
5.42 275.4505 710.32569 46513.998 -66769 5256.07 -72025 738.39324
5.43 261.07602 378.59883 46629.277 -66828.4 4981.78 -71810.2 737.7435
5.44 271.78024 -80.490334 46978.569 -66726.2 5186.03 -71912.2 743.1381
5.45 257.51825 -385.39324 47114.932 -67137.3 4913.89 -72051.2 745.57099
5.46 267.00176 339.97747 46591.015 -67007.5 5094.85 -72102.3 742.28433
5.47 267.00293 441.05013 46476.649 -67047.8 5094.87 -72142.7 740.80308
5.48 265.72715 578.79385 46424.817 -66873.8 5070.53 -71944.3 740.64459
5.49 261.24355 253.81059 46777.253 -67056.1 4984.97 -72041 743.68538
5.5 270.16372 450.8075 46536.256 -66823.8 5155.19 -71978.9 743.28245
5.51 271.71205 103.90468 46682.91 -66859.1 5184.73 -72043.8 744.28104
5.52 259.20538 -516.08929 46856.565 -66737.8 4946.08 -71683.9 747.10338
5.53 267.99666 354.27004 46711.662 -66536.8 5113.84 -71650.7 745.7825
5.54 265.95269 712.21465 46391.902 -66776.5 5074.83 -71851.3 745.91874
5.55 275.10666 102.37449 46788.483 -66389.6 5249.51 -71639.1 751.69495
5.56 265.12536 -160.86328 46783.307 -66347.8 5059.05 -71406.8 754.03209
5.57 272.27111 323.33437 46740.903 -66298.6 5195.4 -71494 752.57008
5.58 271.77204 -341.51164 46939.541 -66583.8 5185.88 -71769.6 755.46736
5.59 273.58404 -100.33865 46819.918 -66449.3 5220.45 -71669.8 756.34419
5.6 276.23861 -83.073959 46714.039 -66319.3 5271.11 -71590.4 752.62927
5.61 255.47617 -784.98175 47185.87 -66705.1 4874.92 -71580.1 758.934
5.62 268.60612 185.3222 46466.95 -66113 5125.47 -71238.5 754.15777
5.63 256.24162 229.4884 46364.461 -66323.2 4889.53 -71212.7 751.5657
5.64 271.33293 -715.6666 47231.584 -65993 5177.5 -71170.5 758.31087
5.65 260.97599 796.94104 46314.097 -66451.3 4979.87 -71431.1 748.9111
5.66 266.73424 288.39858 46497.943 -66022.1 5089.75 -71111.8 755.49841
5.67 255.34033 -466.76203 47058.584 -66541.3 4872.33 -71413.6 761.68165
5.68 260.86724 187.04557 46629.804 -66069.7 4977.79 -71047.5 759.69849
5.69 256.30281 270.27793 46578.079 -66325.5 4890.7 -71216.2 762.15362
5.7 274.07323 -2.7468055 46755.824 -66141.6 5229.79 -71371.4 760.47565
5.71 258.41188 -142.21709 46681.025 -66367 4930.94 -71297.9 759.94909
5.72 264.30285 -726.07994 47069.291 -66187.2 5043.35 -71230.6 763.77981
5.73 268.68329 143.2743 46577.438 -66238.7 5126.94 -71365.6 765.21284
5.74 271.45764 350.36942 46544.373 -66320.7 5179.88 -71500.6 765.59812
5.75 258.22082 55.62412 46738.087 -66427.6 4927.3 -71354.9 768.84651
5.76 276.97037 204.58885 46552.32 -66033.5 5285.07 -71318.6 767.43263
5.77 259.06436 -414.36142 46858.33 -66456.7 4943.39 -71400.1 772.82882
5.78 269.26907 -180.80691 46914.69 -66082 5138.12 -71220.1 775.24805
5.79 269.00569 -542.38695 47126.314 -66282.7 5133.09 -71415.8 777.9438
5.8 270.45681 -201.40283 46932.994 -66511.2 5160.78 -71672 777.873
5.81 272.61708 389.63976 46544.762 -66384.3 5202 -71586.3 775.9895
5.82 273.63585 -151.11779 46763.251 -66477.5 5221.44 -71698.9 779.06525
5.83 266.79115 742.8371 46326.401 -66729.4 5090.83 -71820.2 775.2449
5.84 261.36928 -528.72748 46879.258 -66750.2 4987.37 -71737.6 782.51101
5.85 273.58485 426.33424 46572.773 -66288.7 5220.47 -71509.1 782.14235
5.86 263.74045 -21.882962 46811.867 -66666.7 5032.62 -71699.3 783.763
5.87 254.60927 -70.15101 46733.143 -66690.5 4858.38 -71548.9 785.5135
5.88 269.39409 62.68308 46823.456 -66463 5140.5 -71603.5 788.12356
5.89 270.32238 -332.36667 46883.806 -66365.7 5158.21 -71523.9 786.93679
5.9 262.17469 162.87229 46641.055 -66800.9 5002.74 -71803.6 785.74421
5.91 265.79617 533.53555 46638.167 -66654 5071.85 -71725.9 788.84606
5.92 254.01685 -385.30529 47001.019 -66963.6 4847.08 -71810.7 792.48042
5.93 272.24812 -158.21196 46987.772 -66656.1 5194.96 -71851.1 794.63671
5.94 269.74406 -117.31588 46938.83 -66315.1 5147.18 -71462.3 796.29976
5.95 265.6098 -34.320935 46624.261 -66692.6 5068.29 -71760.9 791.93652
5.96 260.03734 -333.50246 46909.333 -66314.5 4961.96 -71276.4 793.647
5.97 270.05895 412.77555 46634.566 -66140.1 5153.19 -71293.3 790.68101
5.98 265.36276 501.04972 46537.291 -66466.6 5063.58 -71530.1 793.05383
5.99 272.02992 158.10784 46552.188 -66173.8 5190.8 -71364.6 796.25203
6 254.16641 -239.66744 46841.698 -66603.8 4849.93 -71453.7 800.20142
6.01 268.16056 227.61891 46712.046 -66498 5116.96 -71615 803.24613
6.02 269.68809 -152.341 47028.352 -66649.7 5146.11 -71795.8 807.8057
6.03 264.2988 545.55852 46488.307 -66707.7 5043.27 -71751 803.7929
6.04 273.58054 -477.96336 46966.708 -66408.2 5220.39 -71628.6 808.75302
6.05 260.94202 -674.07024 46962.439 -66802.7 4979.22 -71781.9 809.42733
6.06 274.39194 13.996037 46671.365 -66477.9 5235.87 -71713.8 806.98742
6.07 264.03683 -614.16391 47029.318 -66642.2 5038.28 -71680.4 812.15767
6.08 260.73078 -287.97373 46960.787 -66700 4975.19 -71675.1 812.31414
6.09 264.68906 65.114869 46858.283 -66585.1 5050.72 -71635.8 814.57307
6.1 264.90698 119.50421 46763.885 -66772.2 5054.88 -71827.1 813.45454
6.11 269.71085 -577.59145 47190.216 -66617 5146.55 -71763.5 817.70212
6.12 267.77547 -829.78517 47213.123 -66482.9 5109.62 -71592.5 820.93902
6.13 268.38736 -443.55081 47065.815 -66645.8 5121.29 -71767.1 819.22141
6.14 268.06769 502.0604 46473.735 -66617.8 5115.19 -71733 814.69209
6.15 261.98538 460.67432 46478.887 -66843.6 4999.13 -71842.8 817.6837
6.16 274.57218 -749.24393 47311.719 -66892.1 5239.31 -72131.4 826.02057
6.17 269.84085 -99.331263 46813.214 -66697.8 5149.03 -71846.8 823.08033
6.18 270.15454 -65.736828 46850.335 -66435.3 5155.01 -71590.3 824.55224
6.19 260.03776 -617.54143 47104.693 -66834.2 4961.97 -71796.2 827.82728
6.2 249.15213 69.185004 46735.042 -66942.8 4754.25 -71697 823.09678
6.21 264.93599 -329.91084 47047.99 -66221.4 5055.43 -71276.8 829.6677
6.22 266.51075 14.312375 46754.258 -66523 5085.48 -71608.4 826.41873
6.23 268.2417 336.97087 46342.863 -65991.8 5118.51 -71110.3 820.63941
6.24 257.3963 -681.56938 47096.729 -66558.2 4911.56 -71469.8 829.28335
6.25 263.57896 -147.60972 46880.198 -66196.7 5029.54 -71226.2 831.91353
6.26 259.52468 390.74044 46589.28 -66269.7 4952.18 -71221.9 831.6783
6.27 260.41494 133.25942 46699.667 -66692.6 4969.16 -71661.8 835.68154
6.28 271.01342 -126.94031 46652.944 -66276.1 5171.4 -71447.5 837.69715
6.29 275.77603 -68.848925 46762.698 -66031 5262.28 -71293.2 839.91437
6.3 270.94447 -217.1704 46691.934 -66577.2 5170.09 -71747.2 840.67066
6.31 260.72327 -659.35209 47009.635 -66781.1 4975.05 -71756.1 844.99051
6.32 265.01743 -381.38917 46933.975 -66471.7 5056.99 -71528.7 843.88585
6.33 254.58468 125.9327 46724.725 -66723.6 4857.91 -71581.5 844.2315
6.34 274.81877 -480.34732 46938.043 -66519.9 5244.01 -71763.9 848.11012
6.35 262.14044 225.62039 46619.134 -66821.2 5002.09 -71823.3 845.26015
6.36 279.84827 -598.34109 47115.592 -66246.4 5339.98 -71586.4 850.33714
6.37 270.60804 -596.67657 47145.732 -66560.4 5163.67 -71724.1 852.90901
6.38 266.60337 -206.38404 46867.732 -66756.4 5087.25 -71843.6 848.17086
6.39 263.6139 380.10741 46689.094 -66651.4 5030.21 -71681.6 845.4934
6.4 266.79918 552.05886 46417.413 -66749.8 5090.99 -71840.8 845.92236
6.41 270.98336 -482.94891 47053.035 -66653.3 5170.83 -71824.2 853.07663
6.42 265.15687 -339.24725 47033.76 -66685.6 5059.65 -71745.2 855.90885
6.43 265.0636 -298.41004 46956.988 -66882.4 5057.87 -71940.2 856.9723
6.44 265.83813 -485.11744 47173.469 -67093 5072.65 -72165.6 859.65863
6.45 274.3738 311.85491 46679.087 -66683.6 5235.52 -71919.1 856.93516
6.46 263.81699 65.996389 46796.224 -66983.3 5034.08 -72017.4 858.35567
6.47 261.52202 -179.61121 46892.977 -67007 4990.29 -71997.3 858.95393
6.48 265.63698 -339.12964 47032.294 -66729.8 5068.81 -71798.6 860.32154
6.49 259.13753 169.22819 46800.878 -67129.9 4944.79 -72074.7 858.23157
6.5 265.43069 127.23743 46822.728 -66774.2 5064.87 -71839 858.12818
6.51 266.13053 360.05804 46669.044 -66877 5078.23 -71955.3 858.59547
6.52 271.74063 759.56881 46357.179 -66905.3 5185.28 -72090.6 855.57464
6.53 265.60189 694.40521 46530.212 -66902 5068.14 -71970.1 859.31734
6.54 263.26399 374.22241 46489.363 -67007.2 5023.53 -72030.7 861.35362
6.55 258.88132 144.9336 46649.664 -66987.8 4939.9 -71927.7 861.24593
6.56 259.43252 219.9643 46752.809 -66902.5 4950.42 -71852.9 866.83434
6.57 268.13008 -114.3708 47020.843 -66879.5 5116.38 -71995.9 870.91525
6.58 270.02267 -615.32198 47042.485 -67079.7 5152.5 -72232.2 871.23492
6.59 266.08685 -572.2458 46964.35 -66857.5 5077.39 -71934.9 870.38954
6.6 262.6893 -69.572729 46786.846 -66914.9 5012.56 -71927.5 870.03338
6.61 282.03607 657.22703 46428.558 -66862.3 5381.73 -72244 864.74607
6.62 263.25011 634.02998 46498.567 -67125.5 5023.26 -72148.8 867.87871
6.63 261.40554 -525.88474 46953.567 -66810.9 4988.07 -71799 872.56195
6.64 268.48765 446.30642 46640.201 -66648.2 5123.21 -71771.4 869.07905
6.65 269.6504 701.53943 46412.76 -66711 5145.39 -71856.4 865.04153
6.66 269.99298 -82.960906 46978.556 -66495.1 5151.93 -71647 872.49612
6.67 263.83823 -725.17238 47166.411 -66737.3 5034.49 -71771.8 873.1467
6.68 266.24342 -458.28671 46835.258 -66666.9 5080.38 -71747.2 869.79985
6.69 267.82767 -5.6624959 46781.972 -66552.4 5110.61 -71663 869.71706
6.7 268.53743 -16.470515 46845.945 -66592.4 5124.15 -71716.6 874.78765
6.71 266.43588 -52.681405 46674.824 -66842.7 5084.05 -71926.7 873.08105
6.72 264.6179 -62.979184 46941.594 -66828.6 5049.36 -71878 875.10471
6.73 255.10881 595.78006 46513.194 -67293.3 4867.91 -72161.2 873.59758
6.74 276.00208 597.85797 46432.787 -66650.3 5266.59 -71916.8 873.45454
6.75 270.00674 507.87512 46488.091 -66615.6 5152.19 -71767.8 875.85791
6.76 278.84808 63.361628 46814.097 -66417.5 5320.9 -71738.4 883.78037
6.77 267.59673 344.11883 46541.215 -66891.8 5106.2 -71998 878.42483
6.78 274.16372 -4.8957927 46845.341 -66724.3 5231.51 -71955.8 882.57685
6.79 260.77811 533.31853 46398.543 -66946.5 4976.09 -71922.5 876.37538
6.8 264.511 -245.19104 46976.473 -66708.2 5047.32 -71755.5 885.20883
6.81 272.67126 -495.22382 46938.678 -66474.5 5203.04 -71677.6 882.77437
6.82 265.92739 823.18682 46336.634 -66731.7 5074.35 -71806.1 879.60623
6.83 273.52108 51.09663 46878.791 -66378.9 5219.25 -71598.2 886.49436
6.84 264.47782 -216.15888 46952.594 -66777.1 5046.69 -71823.8 888.29754
6.85 262.70659 -362.45545 47104.012 -66700.2 5012.89 -71713.1 891.2864
6.86 277.34787 304.63645 46664.216 -66401.5 5292.27 -71693.8 887.28417
6.87 263.68408 -411.31546 47103.707 -66754.6 5031.54 -71786.1 892.63813
6.88 264.75686 -308.85502 46925.885 -66492.9 5052.02 -71544.9 894.73546
6.89 259.83089 256.85023 46540.487 -67032.6 4958.02 -71990.6 892.13073
6.9 263.11538 311.35713 46610.908 -66943.6 5020.69 -71964.3 892.50857
6.91 266.07287 291.51059 46617.258 -67016.1 5077.13 -72093.2 894.20014
6.92 261.79132 -182.71815 46749.672 -66654.3 4995.43 -71649.7 893.57159
6.93 257.40668 -311.18983 46796.772 -66781.2 4911.76 -71693 893.29557
6.94 263.86866 -709.50148 47145.275 -66661.5 5035.07 -71696.6 900.48407
6.95 259.07743 175.85816 46550.842 -66511 4943.64 -71454.7 896.5591
6.96 251.94414 274.3357 46541.211 -66556.9 4807.53 -71364.4 899.31871
6.97 269.06224 468.95493 46547.338 -65897.6 5134.17 -71031.8 901.84462
6.98 265.14844 -259.14931 47097.815 -66289.7 5059.49 -71349.2 910.9564
6.99 262.40759 -63.608408 46744.936 -66595.8 5007.19 -71603 906.65551
7 259.85282 -185.13543 46979.792 -66489.3 4958.44 -71447.7 911.26054
7.01 271.59592 369.81279 46635.021 -66538.3 5182.52 -71720.8 906.16608
7.02 266.43834 -10.07818 46770.099 -66677 5084.1 -71761.1 910.41932
7.03 264.31066 -470.05914 47064.383 -66610.5 5043.5 -71654 909.53448
7.04 274.74455 -199.85211 47032.54 -66598.9 5242.6 -71841.5 911.15501
7.05 267.82418 23.202526 46684.645 -66939.3 5110.54 -72049.9 906.1083
7.06 267.99383 196.02749 46542.31 -66947.8 5113.78 -72061.6 904.24391
7.07 269.5286 -441.43442 46936.834 -66506.7 5143.07 -71649.7 913.66772
7.08 265.31487 593.83779 46450.595 -66621.5 5062.66 -71684.2 909.09017
7.09 260.24569 714.91054 46286.836 -66742.3 4965.93 -71708.2 911.31544
7.1 269.02993 -368.94755 46960.852 -66695.2 5133.55 -71828.8 918.38966
7.11 259.06181 -263.63404 46952.052 -66976.8 4943.34 -71920.1 919.20148
7.12 262.8901 -440.5389 47010.175 -66999 5016.39 -72015.4 920.38715
7.13 264.22294 -563.04981 47091.998 -66818 5041.83 -71859.8 921.51584
7.14 267.71126 -33.502866 46799.111 -66989.4 5108.39 -72097.8 917.94816
7.15 268.80318 848.16101 46303.292 -66576.7 5129.23 -71705.9 909.87985
7.16 262.41061 -238.58129 46920.198 -66993.9 5007.24 -72001.2 917.37564
7.17 273.12084 -390.26316 46983.017 -66829.4 5211.61 -72041 919.30132
7.18 266.50799 -448.36996 46942.204 -66541.7 5085.43 -71627.1 920.01524
7.19 258.47592 -457.41221 46983.073 -66921.9 4932.16 -71854 920.19216
7.2 268.41609 182.92884 46711.316 -66869.7 5121.84 -71991.6 920.22003
7.21 260.71411 1005.2224 46151.205 -67023.1 4974.87 -71998 913.57556
7.22 267.82064 -50.527571 46775.677 -66873.1 5110.48 -71983.6 921.12852
7.23 267.88237 420.64274 46522.585 -66789.4 5111.66 -71901 918.61037
7.24 263.93444 771.24488 46320.506 -66723.8 5036.32 -71760.1 913.49344
7.25 259.26375 -55.588012 46751.675 -66832.3 4947.2 -71779.5 917.57538
7.26 277.46595 -134.86054 46754.083 -66524 5294.53 -71818.5 920.19304
7.27 274.92384 400.04782 46572.025 -66722.2 5246.02 -71968.2 917.18562
7.28 266.29279 -226.67961 46904.713 -66930.1 5081.32 -72011.5 922.49837
7.29 261.7229 454.98464 46519.938 -66966.7 4994.12 -71960.8 915.98935
7.3 264.69249 244.92261 46722.399 -66725.3 5050.79 -71776.1 918.28413
7.31 270.70254 -447.4345 47139.747 -66774.6 5165.47 -71940 922.67957
7.32 262.28289 77.469076 46793.213 -66604.6 5004.81 -71609.4 917.16577
7.33 259.36568 599.75799 46416.251 -66765.2 4949.14 -71714.4 916.57301
7.34 266.56439 -447.60755 47040.619 -66434.5 5086.51 -71521 927.46266
7.35 271.4241 -325.80248 46940.498 -66816.2 5179.24 -71995.4 929.11098
7.36 270.90061 -338.29634 46981.928 -66855 5169.25 -72024.2 930.49736
7.37 265.28996 -530.07653 47172.015 -66796.7 5062.19 -71858.9 938.37136
7.38 260.62768 -327.08866 46993.625 -66904.5 4973.22 -71877.7 936.10938
7.39 256.66099 -274.69202 46910.222 -67155.1 4897.53 -72052.6 935.47474
7.4 265.30548 425.45265 46418.901 -66878.9 5062.48 -71941.4 931.04329
7.41 269.16961 -209.77004 46908.107 -66931.6 5136.22 -72067.9 937.12622
7.42 264.66788 -194.87295 46904.294 -66893.9 5050.32 -71944.3 939.2192
7.43 265.02839 -468.51329 47069.233 -66766.8 5057.2 -71824 940.85773
7.44 272.09271 -28.275033 46827.548 -66451.6 5192 -71643.6 937.12417
7.45 265.93267 490.73822 46553.613 -66814.8 5074.45 -71889.2 935.51611
7.46 276.92119 432.67623 46513.575 -66588.1 5284.13 -71872.2 935.47027
7.47 263.50692 -366.87445 47101.715 -66853.3 5028.16 -71881.5 943.38924
7.48 264.03355 -66.417193 46985.595 -66749.1 5038.21 -71787.3 943.4348
7.49 266.22588 -9.230255 47086.362 -66757.6 5080.05 -71837.6 946.5528
7.5 267.85434 -671.22749 47233.048 -66636.6 5111.12 -71747.7 947.19522
7.51 259.60692 -149.36942 46677.995 -66934.8 4953.75 -71888.6 939.34113
7.52 270.15775 766.38549 46457.544 -66475.9 5155.07 -71630.9 937.81055
7.53 261.68518 -729.71685 47124.893 -66489.2 4993.4 -71482.6 945.25083
7.54 268.65551 233.35682 46557.659 -66693.1 5126.41 -71819.5 938.87157
7.55 262.00546 -43.734838 46738.724 -66717.9 4999.51 -71717.4 940.53673
7.56 264.13711 -610.76456 47096.197 -66928.1 5040.19 -71968.3 944.99084
7.57 272.31134 -298.79602 47132.303 -66645.3 5196.17 -71841.5 947.08183
7.58 261.27543 -80.045495 46739.074 -66802.8 4985.58 -71788.4 943.24461
7.59 267.90081 155.656 46748.769 -66469.4 5112.01 -71581.4 944.41825
7.6 267.85674 -109.82983 46915.003 -66492 5111.17 -71603.2 945.53292
7.61 261.88709 -419.58433 47322.236 -66723.1 4997.25 -71720.3 952.34069
7.62 268.07015 -216.97422 46947.659 -66572.8 5115.24 -71688 951.22354
7.63 262.06052 -507.60311 47010.14 -66732.3 5000.56 -71732.9 951.64635
7.64 270.86483 879.39384 46497.237 -66688.5 5168.57 -71857 946.55381
7.65 271.82903 -490.091 47061.461 -66797.9 5186.96 -71984.8 954.56967
7.66 259.64664 -583.4193 47030.469 -66842.4 4954.5 -71796.9 953.95868
7.67 257.50962 -701.53903 47083.73 -67321.4 4913.73 -72235.1 950.47495
7.68 261.77991 -400.5116 46946.32 -67014.3 4995.21 -72009.5 953.56123
7.69 267.35008 -145.77663 46822.97 -66586.3 5101.5 -71687.7 953.16749
7.7 266.93017 -167.08451 46807.552 -66916.2 5093.49 -72009.7 952.70278
7.71 268.1483 -553.43406 47030.148 -66721.3 5116.73 -71838 956.75844
7.72 262.77577 -676.10602 47124.391 -66765.2 5014.21 -71779.4 955.98528
7.73 276.83969 360.96491 46652.765 -66488.5 5282.58 -71771.1 953.68095
7.74 249.85905 -208.96307 46771.923 -67057 4767.74 -71824.7 957.22085
7.75 260.82476 408.84947 46398.486 -66787.9 4976.98 -71764.9 951.89493
7.76 264.70334 -118.99111 46872.137 -66734.2 5050.99 -71785.2 959.48511
7.77 274.01751 -105.19153 46844.914 -66472.9 5228.72 -71701.6 958.14782
7.78 272.32973 -633.94172 47216.119 -66841.4 5196.52 -72037.9 963.38288
7.79 271.56992 -642.71817 47259.006 -66086.9 5182.02 -71269 965.2947
7.8 274.0225 28.045922 46571.495 -66575.4 5228.82 -71804.2 957.4323
7.81 270.23413 197.06889 46676.411 -66271.8 5156.53 -71428.4 960.25175
7.82 261.42428 -218.88423 46928.363 -66362.6 4988.42 -71351 965.35986
7.83 270.38627 757.8477 46345.131 -66264.5 5159.43 -71423.9 960.9925
7.84 260.1374 14.823167 46773.227 -66551.5 4963.87 -71515.4 964.91639
7.85 263.4731 169.03056 46623.823 -66312.7 5027.52 -71340.2 965.02472
7.86 271.03959 -403.74398 46871.059 -66265.4 5171.9 -71437.3 970.89042
7.87 271.73722 435.79715 46592.095 -66247.2 5185.21 -71432.5 963.86168
7.88 261.29155 -158.37227 46911.499 -66656.1 4985.89 -71642 967.67353
7.89 268.74335 346.25153 46447.024 -66229.2 5128.08 -71357.3 966.20133
7.9 255.90642 -177.68786 46782 -66574.5 4883.13 -71457.6 971.06314
7.91 260.70795 599.91576 46480.051 -66570.9 4974.75 -71545.7 968.94041
7.92 283.51646 -117.04279 46899.935 -66115.1 5409.98 -71525.1 977.43216
7.93 272.37633 -705.91731 47140.755 -66676.9 5197.41 -71874.3 980.08712
7.94 272.87747 74.497996 46690.538 -66477.8 5206.97 -71684.8 975.681
7.95 269.25629 603.78267 46486.297 -66919.4 5137.87 -72057.3 975.98048
7.96 272.48072 -218.60819 46738.681 -66533.3 5199.4 -71732.7 979.42903
7.97 276.3839 -536.17011 47049.02 -66312.5 5273.88 -71586.4 982.87025
7.98 260.52403 -64.45746 46747.905 -66545.2 4971.25 -71516.5 982.09016
7.99 269.10682 -362.10144 46984.169 -66365.8 5135.02 -71500.9 987.28654
8 258.23475 -193.93784 46861.213 -66675.2 4927.56 -71602.8 985.03339
8.01 268.55294 -289.54805 46719.895 -66495.2 5124.45 -71619.6 985.34135
8.02 272.29857 -146.99246 46895.933 -66623.9 5195.92 -71819.8 991.68292
8.03 258.81249 -7.1716242 46838.778 -66897.7 4938.59 -71836.3 993.03279
8.04 269.47774 505.93193 46458.411 -66338.2 5142.1 -71480.3 988.06443
8.05 255.9938 -226.09625 46898.891 -66813.2 4884.8 -71698 994.56131
8.06 267.73982 -261.03801 47139.683 -66818.9 5108.94 -71927.8 1002.6392
8.07 261.19115 86.872592 46748.04 -66794.6 4983.97 -71778.6 997.82311
8.08 264.04042 548.31263 46439.826 -67214.1 5038.34 -72252.4 994.59759
8.09 261.50885 249.58219 46881.384 -66883.4 4990.04 -71873.4 1000.237
8.1 269.58887 774.97577 46348.865 -66837 5144.22 -71981.2 996.06787
8.11 269.12955 608.19232 46572.232 -66662.8 5135.45 -71798.3 999.74367
8.12 263.91997 158.9864 46818.712 -66964.8 5036.05 -72000.8 1003.3746
8.13 264.87501 488.03462 46546.733 -67013.5 5054.27 -72067.8 1000.1119
8.14 266.33074 563.0006 46648.909 -66805.2 5082.05 -71887.3 1003.4121
8.15 270.94553 702.29799 46437.381 -66957.9 5170.11 -72128 1001.4656
8.16 269.43539 -661.58513 47293.187 -66540.5 5141.29 -71681.8 1016.2766
8.17 264.93732 467.58649 46629.142 -66698.7 5055.46 -71754.2 1006.7098
8.18 269.6217 246.59683 46722.183 -66772.6 5144.84 -71917.4 1010.9907
8.19 270.26823 886.33002 46374.335 -66568.4 5157.18 -71725.6 1008.2593
8.2 268.30277 -368.31729 46922.136 -66740 5119.68 -71859.7 1016.1494
8.21 262.35366 -453.87425 46833.082 -66616.2 5006.16 -71622.4 1013.4189
8.22 260.99726 217.98655 46722.842 -66658.5 4980.28 -71638.8 1010.2808
8.23 262.82561 -364.9958 46958.039 -66721.9 5015.16 -71737 1012.4925
8.24 257.97518 478.6184 46612.2 -66920.7 4922.61 -71843.3 1008.3848
8.25 261.69965 567.41606 46618.746 -66460.4 4993.68 -71454.1 1008.9753
8.26 262.51474 172.71881 46698.049 -66796.4 5009.23 -71805.6 1013.5937
8.27 259.5251 -633.51966 47230.071 -66623.1 4952.18 -71575.3 1023.8544
8.28 263.92278 -151.93261 46890.549 -66943.4 5036.1 -71979.5 1020.3077
8.29 269.92638 306.33619 46640.413 -66788 5150.66 -71938.7 1017.9569
8.3 257.54862 -492.17664 47051.481 -66853.5 4914.47 -71768 1022.5595
8.31 278.17346 -585.09065 47251.283 -66547.8 5308.03 -71855.9 1027.5425
8.32 263.92196 -276.36473 46738.49 -66906.7 5036.08 -71942.8 1019.9656
8.33 268.58504 -693.61983 46998.267 -66425.6 5125.06 -71550.7 1022.3659
8.34 275.9893 -528.53561 47044.77 -66831.9 5266.35 -72098.3 1023.7048
8.35 264.44851 -327.65197 47076.753 -66754.1 5046.13 -71800.2 1025.8369
8.36 257.99905 251.2606 46742.446 -67095.4 4923.06 -72018.4 1024.2105
8.37 262.74631 -708.81912 47144.727 -66694.5 5013.65 -71708.1 1029.2872
8.38 269.61057 -361.91267 47201.033 -66775.6 5144.63 -71920.2 1031.4315
8.39 271.78604 -104.0516 46936.679 -66744.7 5186.14 -71930.8 1028.2242
8.4 274.9759 696.08508 46482.951 -67065 5247.01 -72312 1020.093
8.41 270.42222 -185.97811 46967.094 -66694.3 5160.12 -71854.4 1028.7546
8.42 273.13112 -229.19862 46995.775 -66493.1 5211.81 -71704.9 1027.4949
8.43 267.58248 -327.77552 46942.496 -66643.1 5105.93 -71749.1 1026.2267
8.44 256.33802 132.341 46612.165 -66909.8 4891.37 -71801.1 1020.3069
8.45 264.04251 91.290342 46427.753 -66525.4 5038.38 -71563.8 1018.3531
8.46 254.37172 -18.607397 46586.533 -67038.2 4853.85 -71892.1 1020.4781
8.47 270.70739 -43.64736 46888.547 -66562.9 5165.56 -71728.4 1030.9975
8.48 267.28832 -637.04712 47078.479 -66931.9 5100.32 -72032.3 1035.4009
8.49 268.08077 -209.48324 46974.217 -66920.2 5115.44 -72035.7 1035.3162
8.5 266.88949 -377.48675 47033.249 -66646.7 5092.71 -71739.4 1036.3499
8.51 258.17839 -847.29485 47261.554 -66895.8 4926.49 -71822.3 1040.0056
8.52 268.71121 -53.088856 46839.098 -66879.8 5127.47 -72007.3 1032.2103
8.53 259.84975 -293.80892 46862.01 -66916.2 4958.38 -71874.6 1033.6529
8.54 275.61681 104.43716 46887.361 -66535.2 5259.24 -71794.4 1034.2536
8.55 263.71064 -665.61354 47130.421 -66886.5 5032.05 -71918.6 1038.2539
8.56 267.32022 -397.25646 47052.079 -66633.6 5100.93 -71734.5 1038.781
8.57 270.12223 138.93237 46657.265 -66662.9 5154.4 -71817.3 1035.7596
8.58 264.27878 374.62063 46677.846 -66843.9 5042.89 -71886.8 1037.4197
8.59 267.20588 -781.11893 47150.11 -66653.1 5098.75 -71751.8 1043.0033
8.6 282.07846 394.69016 46670.488 -66233.2 5382.54 -71615.7 1041.2204
8.61 266.09954 104.80028 46887.814 -66736.3 5077.64 -71814 1045.5726
8.62 262.69288 646.10281 46332.364 -67197.1 5012.63 -72209.7 1039.0782
8.63 258.3417 -696.54788 47002.816 -66655.8 4929.6 -71585.4 1048.8179
8.64 261.43776 259.05636 46688.037 -66820.8 4988.68 -71809.5 1048.1418
8.65 259.26787 -92.211737 46773.516 -66541.7 4947.28 -71489 1053.4062
8.66 265.0523 -51.474002 46818.233 -66767.6 5057.65 -71825.3 1053.3262
8.67 265.23259 160.42768 46725.776 -66467.6 5061.09 -71528.7 1053.425
8.68 265.57053 651.33875 46479.145 -67077.2 5067.54 -72144.7 1050.6255
8.69 270.17413 -506.02189 47094.994 -66797.8 5155.39 -71953.2 1059.7804
8.7 253.63352 57.824159 46846.237 -67044.6 4839.76 -71884.4 1060.099
8.71 259.02235 219.68224 46468.862 -66826.5 4942.59 -71769.1 1054.5083
8.72 258.25488 377.2898 46348.437 -66703.7 4927.95 -71631.6 1055.9695
8.73 271.34571 243.08593 46644.315 -66639.7 5177.74 -71817.4 1060.6011
8.74 273.56082 94.160429 46655.724 -66394.7 5220.01 -71614.7 1060.7255
8.75 270.46622 108.51394 46773.951 -66543.6 5160.96 -71704.6 1064.8207
8.76 262.73608 -414.03571 46857.271 -67069.6 5013.45 -72083 1063.2193
8.77 265.42367 231.91909 46789.341 -66845.6 5064.74 -71910.3 1065.6187
8.78 269.93751 167.1659 46881.672 -66996.3 5150.87 -72147.2 1066.4859
8.79 257.59433 -82.51652 46940.543 -67000.3 4915.34 -71915.6 1067.2027
8.8 257.9507 -239.91694 46856.548 -67386.9 4922.14 -72309 1065.7076
8.81 264.07807 322.35167 46663.553 -67121.4 5039.06 -72160.4 1065.0455
8.82 256.84907 210.43796 46729.328 -67058.8 4901.12 -71959.9 1068.3465
8.83 271.81432 108.39698 46704.227 -66700.3 5186.68 -71886.9 1068.3251
8.84 264.67957 184.95254 46717.689 -67067.1 5050.54 -72117.7 1067.5468
8.85 265.49867 339.53928 46483.635 -66763.3 5066.17 -71829.4 1066.5106
8.86 273.6538 682.72507 46460.993 -66352.5 5221.78 -71574.3 1067.106
8.87 262.97642 233.58236 46620.822 -66769.5 5018.04 -71787.5 1071.0045
8.88 270.14256 379.43888 46713.952 -66434.8 5154.78 -71589.6 1076.5328
8.89 267.40526 350.67588 46560.458 -66770.3 5102.55 -71872.8 1077.7398
8.9 273.16303 184.708 46855.226 -66485.7 5212.42 -71698.1 1081.2364
8.91 262.14038 -273.82431 46876.207 -66954.8 5002.09 -71956.9 1081.4999
8.92 258.14113 -141.22419 46920.177 -66923 4925.78 -71848.8 1084.7761
8.93 272.12893 -137.07035 46898.04 -66759 5192.69 -71951.7 1086.0669
8.94 274.20746 683.11267 46423.086 -66741.1 5232.35 -71973.4 1078.4969
8.95 261.94872 448.01526 46560.815 -66893.6 4998.43 -71892 1083.1434
8.96 266.08389 17.404031 46809.399 -66549.7 5077.34 -71627.1 1090.8113
8.97 271.22173 -588.1377 47066.481 -66124.7 5175.38 -71300 1093.9511
8.98 266.35429 150.49643 46661.77 -66578.4 5082.5 -71660.9 1090.0313
8.99 273.48406 407.62777 46454.621 -66331.9 5218.55 -71550.5 1089.7221
9 264.759 -100.45403 46765.234 -66787.6 5052.06 -71839.7 1097.4532
9.01 267.04426 -566.54888 47057.264 -66605.5 5095.66 -71701.2 1103.388
9.02 273.83094 -339.68365 46909.895 -66540.7 5225.16 -71765.9 1107.1072
9.03 279.25196 582.81271 46362.954 -66629.5 5328.61 -71958.1 1101.3125
9.04 266.48213 412.58793 46621.181 -66847.8 5084.94 -71932.7 1106.698
9.05 271.87458 419.87288 46690.191 -66631 5187.83 -71818.8 1107.9044
9.06 260.37588 -184.61896 46925.773 -66948.3 4968.42 -71916.7 1114.3009
9.07 285.34326 -110.06063 46778.03 -66353.2 5444.84 -71798 1115.3931
9.08 265.93581 -437.15445 47105.705 -66914.4 5074.51 -71988.9 1117.2643
9.09 272.56858 130.16734 46613.051 -66619.3 5201.08 -71820.4 1114.6985
9.1 257.01338 -238.40876 46912.518 -66949.1 4904.26 -71853.3 1122.2931
9.11 257.83723 85.926338 46708.756 -67050.4 4919.98 -71970.4 1119.2949
9.12 268.06046 -360.95032 47027.697 -66481.8 5115.05 -71596.8 1127.1036
9.13 270.7756 516.63185 46373.501 -66717.7 5166.86 -71884.5 1118.4364
9.14 267.93969 137.13562 46781.387 -66377.6 5112.75 -71490.3 1126.4355
9.15 264.53999 -755.74862 47272.21 -66732.8 5047.88 -71780.6 1135.4621
9.16 274.74224 572.76016 46336.664 -66280 5242.55 -71522.6 1125.5263
9.17 269.18673 -582.02836 47263.627 -66538.1 5136.54 -71674.7 1139.3046
9.18 271.54264 59.810953 46682.647 -66392.4 5181.5 -71573.9 1133.2753
9.19 262.79953 -352.44591 46968.571 -66792.1 5014.67 -71806.8 1137.1062
9.2 268.5076 -256.9012 47074.515 -66521.5 5123.59 -71645.1 1140.4987
9.21 265.01795 157.74565 46760.735 -66705.7 5057 -71762.7 1136.1026
9.22 263.93548 462.35455 46517.588 -66735.7 5036.34 -71772.1 1132.3399
9.23 262.29496 -393.34451 47034.693 -67031.9 5005.04 -72037 1140.2668
9.24 271.04607 -501.83854 47161.457 -66608.3 5172.02 -71780.3 1143.8137
9.25 261.1135 -489.66882 46832.794 -66844.2 4982.49 -71826.7 1140.567
9.26 270.4433 -215.28325 46965.887 -66511.4 5160.52 -71671.9 1143.752
9.27 267.84126 -364.09605 47083.353 -66754 5110.87 -71864.9 1146.6376
9.28 266.92416 801.14178 46371.407 -66976.5 5093.37 -72069.9 1137.0574
9.29 266.41966 468.47534 46619.459 -66698.3 5083.74 -71782.1 1144.5957
9.3 274.01088 -265.06308 46933.804 -66699.6 5228.6 -71928.2 1149.8801
9.31 255.28757 68.552139 46724.857 -67144.6 4871.32 -72015.9 1144.6211
9.32 265.22686 -594.42461 47154.591 -66794.7 5060.98 -71855.6 1153.3864
9.33 257.40661 47.055073 46830.148 -67329.8 4911.76 -72241.6 1146.3788
9.34 261.33591 -414.90741 46894.138 -66951.8 4986.74 -71938.5 1150.8977
9.35 265.30482 270.74021 46633.364 -66896 5062.47 -71958.4 1146.7455
9.36 270.38292 -19.007739 46766.197 -66624.8 5159.37 -71784.2 1148.9509
9.37 262.19778 -2.2251983 46782.835 -66853.6 5003.18 -71856.8 1148.774
9.38 263.28767 -318.78742 46958.109 -66607.1 5023.98 -71631.1 1152.4665
9.39 269.2368 248.54708 46689.844 -66698.5 5137.5 -71836 1151.4438
9.4 263.53279 -134.30646 46674.78 -66548.3 5028.66 -71577 1155.7562
9.41 256.27519 235.63425 46683.769 -67065.7 4890.17 -71955.9 1155.5533
9.42 270.51524 615.16013 46337.338 -66507.6 5161.89 -71669.5 1151.4364
9.43 274.22105 781.94855 46414.394 -66254.9 5232.61 -71487.5 1154.5261
9.44 257.46808 646.23288 46525.971 -67172.2 4912.93 -72085.2 1160.8053
9.45 274.26743 74.57559 46752.989 -66748.4 5233.49 -71981.8 1162.6054
9.46 266.33852 20.407838 46904.288 -66753.3 5082.2 -71835.5 1167.1952
9.47 267.62653 247.72993 46591.35 -66899.2 5106.77 -72006 1164.3102
9.48 274.7637 -338.0939 47047.32 -66583.3 5242.96 -71826.2 1171.4283
9.49 266.7267 -526.1438 47143.803 -66823.9 5089.6 -71913.5 1170.7857
9.5 271.26013 -422.4687 46937.627 -66680.8 5176.11 -71856.9 1166.3899
9.51 265.37173 -623.9666 47143.842 -66655.8 5063.75 -71719.6 1172.5559
9.52 269.76145 266.8502 46432.555 -66555.8 5147.51 -71703.3 1161.8483
9.53 268.14534 90.480045 46757.043 -66829.2 5116.67 -71945.9 1169.1765
9.54 266.49551 -607.20882 47109.022 -66640.1 5085.19 -71725.3 1177.2664
9.55 267.83072 -28.013051 46720.939 -66579.1 5110.67 -71689.8 1173.2194
9.56 261.99577 228.09154 46763.878 -66955.9 4999.33 -71955.3 1174.3623
9.57 268.60914 -183.13578 46987.284 -66816 5125.52 -71941.5 1179.5509
9.58 262.91181 -530.18911 47223.265 -66926.7 5016.81 -71943.5 1183.6221
9.59 261.16015 -463.50859 47134.187 -67033.2 4983.38 -72016.5 1182.6189
9.6 263.51428 -682.38506 47126.731 -67151.8 5028.3 -72180.1 1183.8006
9.61 253.60677 13.677832 46954.52 -67383.1 4839.25 -72222.3 1181.5192
9.62 271.66467 180.48259 46828.558 -66874.3 5183.83 -72058.1 1180.3667
9.63 264.35752 198.92984 46735.988 -67220.6 5044.39 -72265 1181.2082
9.64 267.33548 495.58235 46560.463 -66950.9 5101.22 -72052.1 1176.8778
9.65 266.82039 596.54009 46422.607 -67001.7 5091.39 -72093 1174.9085
9.66 264.01159 -383.51782 47183.153 -66754.2 5037.79 -71792 1187.5554
9.67 263.63308 -561.39106 47175.872 -66899.5 5030.57 -71930.1 1185.9598
9.68 272.29935 -389.33158 47047.36 -66425.7 5195.94 -71621.6 1184.0772
9.69 264.9971 92.228546 46783.14 -66510.8 5056.6 -71567.4 1182.2482
9.7 260.12852 -276.66653 47019.789 -66831.6 4963.7 -71795.3 1186.4713
9.71 268.83234 187.00734 46747.013 -66397.1 5129.78 -71526.9 1182.4249
9.72 260.10426 662.40044 46337.913 -66641.1 4963.24 -71604.3 1178.7647
9.73 264.88204 131.27289 46663.007 -66740.9 5054.4 -71795.3 1183.4854
9.74 261.06083 -282.59625 46912.129 -66547 4981.49 -71528.5 1187.8231
9.75 264.12946 -385.80892 47012.126 -66733.2 5040.04 -71773.2 1190.8656
9.76 264.07261 728.02486 46422.669 -66606.9 5038.96 -71645.9 1182.3034
9.77 262.97062 404.2189 46511.261 -67162.5 5017.93 -72180.5 1183.0863
9.78 265.36698 592.35958 46466.484 -66657.1 5063.66 -71720.7 1182.9081
9.79 273.10769 -83.590846 46783.799 -66509.7 5211.36 -71721 1189.036
9.8 263.68604 162.59113 46696.455 -66866.8 5031.58 -71898.3 1187.8776
9.81 255.14391 485.9126 46574.804 -67008.4 4868.58 -71877 1185.4925
9.82 270.69339 18.984026 46711.741 -66554.8 5165.29 -71720.1 1189.1821
9.83 262.66718 556.10182 46513.382 -66760 5012.14 -71772.1 1186.1172
9.84 254.06724 220.32252 46554.481 -67014.2 4848.04 -71862.2 1189.5792
9.85 262.6291 -17.00748 46792.311 -66678.1 5011.41 -71689.5 1193.7761
9.86 270.63667 -547.41981 46962.308 -66712.2 5164.21 -71876.4 1197.5473
9.87 259.02507 136.97997 46550.295 -67094.2 4942.64 -72036.8 1192.7269
9.88 259.94062 373.09521 46576.726 -67073 4960.11 -72033.1 1194.4334
9.89 264.44902 358.88815 46522.877 -66836.3 5046.14 -71882.4 1196.2212
9.9 276.97981 32.700865 46833.149 -66464.5 5285.25 -71749.8 1200.6386
9.91 267.87325 -126.87025 46808.125 -66694.8 5111.48 -71806.3 1199.2832
9.92 271.62344 -7.0112928 46707.282 -66836.1 5183.04 -72019.1 1196.8533
9.93 264.33654 -307.30472 47088.893 -67001.3 5043.99 -72045.3 1205.1595
9.94 268.57422 547.95351 46468.075 -66706.3 5124.86 -71831.2 1195.8209
9.95 264.45786 543.48815 46326.04 -66624.3 5046.31 -71670.6 1194.5997
9.96 266.13976 230.70632 46511.718 -66738.2 5078.4 -71816.6 1199.3417
9.97 256.75422 -742.68016 47103.878 -66949.1 4899.31 -71848.4 1207.0139
9.98 267.36869 149.89931 46730.678 -66696.8 5101.85 -71798.7 1204.0403
