0 271.55835 -304.39904 21832.396 -29779.2 2435.11 -32214.3 7.3040153
0.01 268.28219 -96.07754 21761.009 -29548.5 2405.73 -31954.2 18.552675
0.02 261.65626 62.881353 21788.931 -29564.1 2346.31 -31910.4 30.213161
0.03 267.33553 -463.25229 21740.495 -29471.3 2397.24 -31868.5 47.134066
0.04 273.4754 519.30697 21779.08 -29132 2452.3 -31584.3 59.518435
0.05 265.03524 -188.777 21664.991 -29137.9 2376.61 -31514.5 73.897777
0.06 271.9597 -133.2213 21756.516 -29065.5 2438.71 -31504.2 93.208391
0.07 272.81295 263.06029 21773.627 -29128.9 2446.36 -31575.2 117.90252
0.08 287.17993 827.10447 21647.606 -28673.1 2575.19 -31248.3 134.41747
0.09 264.38904 -440.73217 21534.825 -28915.2 2370.82 -31286.1 156.44435
0.1 269.47612 44.963186 21776.237 -28837.2 2416.44 -31253.6 173.88054
0.11 279.24991 -1042.0865 21678.894 -28287.5 2504.08 -30791.6 194.51691
0.12 276.46985 281.28954 21327.001 -28119 2479.15 -30598.2 207.50255
0.13 273.35694 -89.176198 21376.227 -28329.9 2451.24 -30781.2 242.12618
0.14 266.13274 11.563531 21617.079 -28390.6 2386.45 -30777.1 275.13854
0.15 277.0458 48.392907 21485.792 -28049.8 2484.31 -30534.1 299.02516
0.16 268.12473 -313.20461 21483.784 -28349.2 2404.32 -30753.5 331.72555
0.17 274.48817 859.34145 21441.367 -28261 2461.38 -30722.3 358.22505
0.18 258.61275 8.3217117 21411.552 -28567.1 2319.02 -30886.2 386.12794
0.19 263.50008 531.1532 21481.522 -28439.3 2362.85 -30802.1 419.11531
0.2 255.60167 842.69987 21470.959 -28652.3 2292.02 -30944.3 449.73726
0.21 278.52491 -309.91282 21488.708 -28254 2497.58 -30751.6 466.24294
0.22 282.48027 690.18348 21444.172 -28226.7 2533.05 -30759.8 496.59877
0.23 265.69007 129.4694 21470.023 -28381.8 2382.49 -30764.3 532.38339
0.24 276.3001 321.89909 21539.574 -28225.6 2477.63 -30703.2 555.873
0.25 260.77316 -104.13793 21669.967 -28415.7 2338.39 -30754.1 591.65428
0.26 273.20594 -107.26193 21469.071 -28256.8 2449.88 -30706.7 621.44291
0.27 265.32304 351.0227 21451.94 -28405.7 2379.19 -30784.9 656.07384
0.28 280.809 272.25055 21579.124 -28175.8 2518.06 -30693.8 690.348
0.29 265.13864 -134.11728 21611.25 -28278.1 2377.54 -30655.6 724.37865
0.3 280.00665 489.60675 21371.473 -28236.8 2510.86 -30747.7 736.71543
0.31 264.64798 -304.54717 21575.003 -28494.5 2373.14 -30867.6 788.37422
0.32 270.97672 534.10683 21493.438 -28286.1 2429.89 -30716 809.89424
0.33 284.79586 296.68437 21637.526 -28119.5 2553.81 -30673.3 842.72403
0.34 266.88821 192.08866 21422.93 -28333.1 2393.23 -30726.3 859.17207
0.35 264.75454 -17.609946 21588.722 -28418 2374.1 -30792.1 890.11104
0.36 259.25636 894.78502 21464.438 -28329.7 2324.79 -30654.5 896.70897
0.37 266.46331 -49.442309 21373.384 -28355.2 2389.42 -30744.7 910.54753
0.38 286.52836 245.72499 21427.085 -28153.4 2569.35 -30722.7 938.66984
0.39 282.80862 -691.3786 21422.842 -28159.9 2535.99 -30695.8 972.82494
0.4 267.03516 340.22336 21474.791 -28168.3 2394.55 -30562.8 1011.8999
0.41 279.41849 190.77442 21294.109 -28233.3 2505.59 -30738.9 1031.0673
0.42 277.17219 96.052514 21283.253 -28296.5 2485.45 -30782 1057.9289
0.43 273.27904 440.28351 21501.431 -28186.5 2450.54 -30637.1 1092.7128
0.44 277.73569 92.880571 21685.9 -28446.1 2490.5 -30936.6 1118.7875
0.45 280.14363 -280.0685 21557.983 -28248.7 2512.09 -30760.8 1143.3106
0.46 268.57295 153.76226 21381.087 -28277.1 2408.34 -30685.4 1148.1774
0.47 263.45271 268.55324 21374.842 -28591.8 2362.42 -30954.2 1179.141
0.48 274.16333 566.63079 21689.971 -28269.8 2458.47 -30728.3 1206.4357
0.49 278.79988 116.01362 21400.279 -28188.3 2500.04 -30688.4 1216.9651
0.5 272.02048 105.05558 21554.21 -28224.2 2439.25 -30663.5 1261.5605
0.51 268.99125 202.40907 21281.525 -28581.3 2412.09 -30993.4 1276.4376
0.52 278.93945 -582.23656 21573.629 -28259.9 2501.29 -30761.2 1330.6383
0.53 274.04297 988.119 21460.515 -28355.4 2457.39 -30812.8 1348.1398
0.54 266.332 1224.2304 21241.024 -28504.9 2388.24 -30893.1 1360.4205
0.55 277.33912 956.54179 21604.725 -28202 2486.94 -30688.9 1400.6074
0.56 263.76776 477.6274 21380.155 -28396.5 2365.25 -30761.7 1410.1842
0.57 262.87616 9.045553 21506.38 -28199.2 2357.25 -30556.5 1432.6099
0.58 263.40631 81.603065 21390.957 -28252 2362.01 -30614 1465.0295
0.59 262.33218 645.67582 21662.04 -28259.7 2352.37 -30612.1 1507.6838
0.6 272.34683 -424.96773 21557.452 -28079.6 2442.18 -30521.8 1525.7865
0.61 264.27416 76.513987 21586.433 -28304.6 2369.79 -30674.4 1569.783
0.62 284.72203 190.77858 21396.135 -28154 2553.15 -30707.2 1592.1066
0.63 273.78341 63.266171 21492.514 -28268.9 2455.06 -30724 1623.4783
0.64 277.3929 69.09863 21406.386 -28108.1 2487.43 -30595.5 1647.7516
0.65 259.12472 -216.60709 21516.273 -28351.7 2323.61 -30675.3 1669.6728
0.66 274.89654 826.26149 21515.702 -28161.4 2465.04 -30626.4 1688.7092
0.67 264.81968 434.68597 21508.672 -28238.3 2374.68 -30613 1722.3082
0.68 255.73636 1391.614 21262.133 -28424.9 2293.23 -30718.2 1739.2025
0.69 280.54083 886.80141 21459.243 -28271.1 2515.65 -30786.7 1777.8933
0.7 272.51611 1038.2189 21362.543 -28142.8 2443.7 -30586.5 1795.7788
0.71 268.77255 -104.55534 21359.571 -28183.6 2410.13 -30593.7 1820.7218
0.72 264.46519 -536.59388 21451.582 -28374.3 2371.5 -30745.8 1842.2635
0.73 274.54719 -66.846875 21532.033 -28246 2461.91 -30707.9 1882.9661
0.74 261.38668 -1088.8733 21373.016 -28450.8 2343.9 -30794.7 1902.0194
0.75 281.37393 -396.66205 21740.402 -28181.3 2523.12 -30704.5 1944.6206
0.76 280.72444 -314.49297 21716.689 -28102.4 2517.3 -30619.7 1953.4976
0.77 264.29582 -138.11046 21609.639 -28367.9 2369.98 -30737.9 1976.0984
0.78 279.51995 526.43743 21367.84 -28235.9 2506.5 -30742.4 2014.5124
0.79 274.5949 845.53943 21398.845 -28089.7 2462.34 -30552 2032.7484
0.8 278.22717 -403.14008 21617.097 -28281.8 2494.91 -30776.7 2069.8623
0.81 268.72141 702.33389 21330.259 -28487.2 2409.67 -30896.9 2067.8457
0.82 255.08763 -8.4015327 21522.108 -28327.9 2287.41 -30615.3 2117.5306
0.83 275.8864 862.78769 21403.003 -27996.9 2473.92 -30470.8 2136.9065
0.84 272.49637 179.69727 21480.004 -28300.7 2443.52 -30744.2 2161.7071
0.85 287.1901 -724.41034 21708.731 -28195.6 2575.28 -30770.9 2218.4074
0.86 265.42918 -360.87327 21629.203 -28452 2380.15 -30832.2 2248.3378
0.87 280.18644 -338.18652 21494.83 -28178.8 2512.48 -30691.2 2253.4713
0.88 253.23031 -771.92016 21561.428 -28585.7 2270.76 -30856.5 2290.0572
0.89 279.28567 -327.92804 21500.963 -28278.7 2504.4 -30783.1 2316.9624
0.9 280.03894 -817.20652 21564.775 -28111.3 2511.15 -30622.5 2357.7886
0.91 258.40886 -51.099215 21455.17 -28269.4 2317.19 -30586.6 2367.211
0.92 279.45988 147.10617 21607.712 -28328.9 2505.96 -30834.8 2403.0607
0.93 262.64252 -573.83295 21492.291 -28190 2355.16 -30545.2 2433.9435
0.94 266.0282 460.371 21332.486 -28375.2 2385.52 -30760.8 2441.725
0.95 280.81711 -248.56233 21561.695 -28089.1 2518.13 -30607.2 2477.778
0.96 281.24843 -248.91437 21455.355 -28278.8 2522 -30800.8 2491.539
0.97 269.69433 -358.22937 21471.275 -28290.3 2418.39 -30708.7 2513.8328
0.98 266.18188 -204.13565 21511.554 -28268.3 2386.9 -30655.2 2527.618
0.99 261.47394 -689.08156 21392.151 -28460.9 2344.68 -30805.6 2529.9689
1 271.72582 -164.01607 21446.475 -28264 2436.61 -30700.6 2536.9654
1.01 270.88486 57.467538 21370.921 -28272 2429.07 -30701.1 2567.2222
1.02 273.11984 198.02319 21471.006 -28243.1 2449.11 -30692.2 2588.6365
1.03 265.70473 -330.22747 21561.215 -28191.1 2382.62 -30573.7 2616.8412
1.04 265.37515 551.0589 21084.506 -28421.4 2379.66 -30801.1 2603.4062
1.05 273.16601 894.18066 21368.172 -28229.2 2449.52 -30678.7 2634.5796
1.06 286.82463 1208.8202 21308.529 -28220.4 2572 -30792.4 2644.5479
1.07 268.15674 -130.48556 21316.846 -28260.5 2404.6 -30665.1 2677.4478
1.08 276.97861 -384.60452 21790.803 -28371.4 2483.71 -30855.1 2744.6
1.09 269.26143 -812.93025 21595.438 -28402.7 2414.51 -30817.2 2750.611
1.1 275.54472 207.90407 21471.13 -28327.2 2470.85 -30798 2779.7491
1.11 276.29391 426.92434 21466.617 -28424.5 2477.57 -30902.1 2810.3969
1.12 267.88625 -5.4175125 21539.506 -28357.3 2402.18 -30759.5 2834.5614
1.13 283.96486 962.37847 21373.298 -28190.9 2546.36 -30737.3 2861.1066
1.14 277.27615 120.94789 21493.779 -28382.7 2486.38 -30869.1 2894.0188
1.15 276.45278 -859.33726 21502.896 -28271.3 2479 -30750.3 2937.3635
1.16 263.15627 46.858706 21441.754 -28475.8 2359.76 -30835.6 2964.1362
1.17 271.98227 925.99266 21269.874 -28197.9 2438.91 -30636.8 2961.3936
1.18 264.23139 -9.7950064 21558.771 -28255.3 2369.4 -30624.7 3021.0968
1.19 273.50675 -157.95201 21342.239 -28307.7 2452.58 -30760.3 3040.4676
1.2 265.40649 -339.96167 21441.693 -28408.8 2379.94 -30788.7 3074.1255
1.21 260.96806 -246.75637 21469.063 -28226.7 2340.14 -30566.8 3112.2825
1.22 265.62021 972.65391 21186.048 -28338.9 2381.86 -30720.8 3105.0758
1.23 260.53326 401.79991 21383.258 -28348.9 2336.24 -30685.2 3156.5275
1.24 273.51133 -286.9037 21541.71 -28396.8 2452.62 -30849.4 3202.2101
1.25 270.99192 123.81365 21532.441 -28152.5 2430.03 -30582.5 3233.2816
1.26 278.12458 886.24479 21212.153 -28334.4 2493.99 -30828.4 3239.9193
1.27 262.48878 682.37612 21471.149 -28344.5 2353.78 -30698.3 3319.0328
1.28 286.30965 -146.51796 21526.74 -28298.5 2567.38 -30865.9 3372.3646
1.29 272.24049 614.90735 21408.04 -28339.1 2441.22 -30780.3 3397.8494
1.3 271.00853 -579.67455 21608.03 -28426.1 2430.18 -30856.3 3448.3544
1.31 271.45108 285.56361 21479.232 -28391.7 2434.15 -30825.8 3479.4426
1.32 266.18855 444.16115 21470.307 -28301.5 2386.96 -30688.5 3511.8761
1.33 266.27798 241.90765 21651.826 -28530.7 2387.76 -30918.4 3545.2501
1.34 274.89538 380.63605 21377.965 -28325.8 2465.03 -30790.9 3581.0239
1.35 288.62097 -397.56819 21485.79 -28242.9 2588.11 -30831 3613.5112
1.36 276.37545 -1006.6426 21494.792 -28134.7 2478.3 -30613 3650.626
1.37 281.42035 -202.35317 21381.149 -28316 2523.54 -30839.5 3676.605
1.38 263.91739 -351.04834 21747.91 -28235.2 2366.59 -30601.8 3734.5142
1.39 288.3 -979.94564 21652.679 -28230.6 2585.23 -30815.9 3749.7943
1.4 268.65026 574.70895 21655.082 -28376.2 2409.03 -30785.2 3792.0108
1.41 277.27409 -580.81869 21494.056 -28275.5 2486.36 -30761.8 3797.8837
1.42 285.04321 -354.28812 21560.066 -28334.2 2556.03 -30890.2 3841.389
1.43 267.44657 -33.10007 21476.463 -28448.6 2398.24 -30846.8 3840.9354
1.44 267.55385 -15.612911 21641.257 -28312.7 2399.2 -30711.8 3897.8917
1.45 270.18916 1095.6411 21130.35 -28307.6 2422.83 -30730.4 3863.1069
1.46 270.81114 -111.92697 21427.249 -28182.2 2428.41 -30610.6 3919.2297
1.47 261.41089 424.87192 21301.669 -28345.9 2344.11 -30690 3916.2954
1.48 284.44 180.23002 21575.448 -28095.6 2550.62 -30646.2 3980.321
1.49 274.54219 412.82693 21394.678 -28292.4 2461.86 -30754.2 3974.6507
1.5 260.99495 -15.324685 21520.806 -28456.8 2340.38 -30797.1 4041.7907
1.51 280.32102 -219.99175 21408.222 -28304 2513.68 -30817.7 4058.3352
1.52 265.87048 -258.66364 21511.628 -28383.4 2384.1 -30767.5 4109.5307
1.53 276.07801 -85.14783 21530.09 -28362.3 2475.64 -30838 4141.4239
1.54 269.00184 -192.62691 21733.356 -28484.9 2412.18 -30897.1 4187.5902
1.55 273.01001 -155.61137 21607.085 -28413 2448.12 -30861.1 4193.9517
1.56 272.03236 486.52656 21265.843 -28216.6 2439.36 -30656 4174.5873
1.57 282.55684 616.72936 21333.891 -28140.9 2533.73 -30674.7 4214.1371
1.58 265.21097 -387.08748 21546.947 -28420.3 2378.19 -30798.5 4277.2205
1.59 273.75303 672.95685 21368.864 -28157.6 2454.79 -30612.4 4277.1291
1.6 269.37068 -39.190916 21439.417 -28464.7 2415.49 -30880.2 4321.9448
1.61 279.13247 756.70855 21414.888 -28368.5 2503.03 -30871.5 4318.3342
1.62 260.48171 51.524737 21398.123 -28280.9 2335.78 -30616.7 4345.6813
1.63 272.59233 -420.19979 21472.11 -28326.3 2444.38 -30770.6 4352.9431
1.64 279.26584 -785.79749 21634.543 -28349 2504.22 -30853.2 4416.6648
1.65 256.13202 -677.71233 21414.899 -28431.4 2296.78 -30728.2 4441.174
1.66 272.07569 -649.33278 21550.451 -28243.2 2439.75 -30683 4491.0608
1.67 278.6572 -1289.0801 21714.184 -28208.6 2498.76 -30707.4 4532.155
1.68 278.29706 515.45174 21349.281 -28181.5 2495.53 -30677.1 4515.9843
1.69 255.53574 76.771152 21435.851 -28468 2291.43 -30759.5 4581.2992
1.7 277.89286 1440.4729 21467.888 -28174.1 2491.91 -30666 4608.1606
1.71 259.71442 20.302628 21498.544 -28365.6 2328.9 -30694.5 4619.3876
1.72 274.26933 893.88022 21137.94 -28349.3 2459.42 -30808.7 4615.0229
1.73 259.0744 -437.16368 21565.272 -28434.8 2323.16 -30758 4701.8644
1.74 277.44772 169.49156 21662.984 -28215.3 2487.92 -30703.2 4748.1602
1.75 271.07844 554.28352 21267.871 -28413.4 2430.8 -30844.2 4693.2369
1.76 278.10535 -85.547655 21623.783 -28274.9 2493.81 -30768.7 4758.0283
1.77 275.92343 -142.29665 21585.692 -28237.8 2474.25 -30712.1 4794.3976
1.78 279.6899 -1076.0247 21845.196 -28039.7 2508.02 -30547.7 4852.597
1.79 266.08973 -83.172072 21576.477 -28333.7 2386.07 -30719.8 4821.9904
1.8 272.58686 74.108431 21353.333 -28148.3 2444.33 -30592.6 4812.975
1.81 257.58515 -642.43613 21607.875 -28516.1 2309.81 -30825.9 4874.7403
1.82 277.3858 -1073.4228 21758.4 -28305.4 2487.36 -30792.7 4909.5132
1.83 272.31904 -741.04686 21505.026 -28053.4 2441.93 -30495.3 4885.75
1.84 270.53115 -786.69028 21391.993 -28407.2 2425.9 -30833.1 4903.3582
1.85 267.74602 257.95391 21513.879 -28395.8 2400.92 -30796.7 4990.4902
1.86 259.76861 185.2245 21731.276 -28606.1 2329.39 -30935.5 5024.399
1.87 279.10739 535.32349 21397.849 -28279.2 2502.8 -30782 5005.5126
1.88 282.64898 698.03312 21390.242 -28427.6 2534.56 -30962.2 5016.9823
1.89 279.52517 -1004.1332 21744.702 -28359.2 2506.55 -30865.7 5103.6765
1.9 277.37846 18.474325 21477.135 -28203.8 2487.3 -30691.1 5086.9541
1.91 269.50953 -611.79581 21684.985 -28220.7 2416.73 -30637.5 5166.346
1.92 262.00198 1900.1917 21164.539 -28590.5 2349.41 -30939.9 5115.5277
1.93 271.2981 -60.382592 21549.362 -28293.1 2432.77 -30725.9 5186.8837
1.94 265.75138 -134.57782 21350.695 -28520.5 2383.03 -30903.5 5142.3954
1.95 266.83709 -447.0344 21678.364 -28252 2392.77 -30644.8 5238.2284
1.96 264.89906 -565.89868 21645.267 -28421.6 2375.39 -30797 5289.8205
1.97 262.22423 656.26447 21227.887 -28612.7 2351.41 -30964.1 5237.5243
1.98 264.94252 -104.5864 21465.235 -28345.8 2375.78 -30721.6 5304.7165
1.99 249.65548 95.202892 21534.416 -28505.2 2238.7 -30743.9 5334.8782
2 265.30773 -6.9075816 21537.285 -28376.4 2379.06 -30755.5 5378.841
2.01 261.1425 76.116379 21331.783 -28141.9 2341.71 -30483.6 5358.3902
2.02 274.63701 -31.229267 21453.668 -28349.4 2462.71 -30812.1 5403.5385
2.03 271.26961 -1238.4424 21613.096 -28234.4 2432.52 -30666.9 5463.5652
2.04 283.23017 -302.25344 21622.802 -28224.2 2539.77 -30764 5515.4466
2.05 269.72284 652.98213 21324.743 -28328.3 2418.65 -30747 5489.1982
2.06 278.77977 139.23124 21520.932 -28067.9 2499.86 -30567.8 5549.2194
2.07 272.03634 -729.40323 21614.052 -28265.8 2439.39 -30705.1 5587.9326
2.08 286.07558 303.17051 21475.273 -28048.4 2565.29 -30613.7 5610.3148
2.09 266.79257 131.23555 21604.436 -28355.4 2392.37 -30747.8 5624.2614
2.1 269.15577 359.08823 21450.748 -28305.2 2413.56 -30718.8 5649.2668
2.11 272.24346 -986.48172 21563.982 -28300.3 2441.25 -30741.6 5695.4139
2.12 281.46835 927.91068 21452.84 -28355 2523.97 -30879 5713.5791
2.13 268.26568 907.66354 21363.804 -28246.5 2405.58 -30652.1 5722.164
2.14 276.69663 -411.63818 21529.18 -28452.1 2481.18 -30933.3 5773.4069
2.15 272.52538 119.15013 21524.846 -28301.5 2443.78 -30745.3 5804.5467
2.16 278.97709 945.78525 21398.1 -28258.9 2501.63 -30760.5 5822.6241
2.17 266.59155 44.726826 21574.937 -28355.6 2390.57 -30746.2 5878.9392
2.18 262.78816 -733.48622 21621.64 -28410.5 2356.46 -30767 5925.6003
2.19 277.08169 229.86531 21610.108 -28098.5 2484.64 -30583.2 5955.7067
2.2 283.15953 719.21504 21454.077 -28047.1 2539.14 -30586.2 5973.2539
2.21 269.86667 -287.26176 21422.849 -28268.7 2419.94 -30688.7 5984.9412
2.22 271.0662 243.08992 21607.757 -28225.3 2430.69 -30656 6037.4616
2.23 271.04055 465.05015 21276.705 -28235.3 2430.46 -30665.8 6015.3144
2.24 276.93225 -886.09871 21534.329 -27974.6 2483.3 -30457.9 6118.1471
2.25 276.9721 587.02535 21317.204 -28303 2483.65 -30786.6 6100.4355
2.26 279.75349 342.7674 21553.145 -28116.6 2508.59 -30625.1 6178.0786
2.27 267.9731 1002.3467 21578.302 -28288 2402.96 -30690.9 6192.3999
2.28 276.85916 744.85789 21486.168 -28310.1 2482.64 -30792.7 6230.3928
2.29 279.80758 51.23639 21536.143 -28154.2 2509.08 -30663.2 6286.6288
2.3 268.64359 282.1863 21428.512 -28159.8 2408.97 -30568.8 6294.466
2.31 258.97036 -585.28989 21564.735 -28326.1 2322.23 -30648.3 6363.9073
2.32 263.34745 -250.49808 21606.833 -28312.7 2361.48 -30674.1 6372.9598
2.33 277.9384 248.75189 21392.559 -28182.9 2492.32 -30675.2 6315.52
2.34 268.60712 -939.89045 21561.148 -28385 2408.64 -30793.6 6390.8828
2.35 287.16303 -362.49495 21787.336 -28128.2 2575.04 -30703.2 6485.3375
2.36 270.14036 -348.87607 21397.521 -28243.7 2422.39 -30666.1 6415.7028
2.37 254.93242 -183.59096 21455.566 -28468 2286.02 -30754 6448.4789
2.38 268.59106 -345.81017 21407.665 -28272.4 2408.5 -30680.9 6463.5497
2.39 282.76352 -625.97025 21480.611 -28040.9 2535.59 -30576.5 6494.6763
2.4 263.9443 -593.07346 21656.142 -28257.7 2366.83 -30624.6 6558.4441
2.41 275.48615 136.85433 21432.239 -28203 2470.33 -30673.3 6550.6966
2.42 275.14977 391.33217 21458.793 -28328.7 2467.31 -30796 6570.9361
2.43 295.36892 312.12757 21388.1 -27863.6 2648.62 -30512.2 6585.0419
2.44 271.81625 1332.857 21346.122 -28310.5 2437.42 -30747.9 6603.3904
2.45 269.05978 1423.2577 21158.221 -28388.7 2412.7 -30801.4 6574.7871
2.46 265.57975 -310.08266 21465.991 -28309.3 2381.5 -30690.8 6655.8418
2.47 282.36108 122.69595 21407.779 -28171.5 2531.98 -30703.5 6673.6288
2.48 258.2442 -705.43703 21543.558 -28314.8 2315.72 -30630.5 6740.5255
2.49 266.97346 -728.91886 21450.737 -28294 2393.99 -30688 6769.7339
2.5 268.86389 47.542625 21484.878 -28554.8 2410.95 -30965.8 6811.6681
2.51 278.09727 285.90965 21456.709 -28239.9 2493.74 -30733.6 6828.455
2.52 264.48983 -750.46811 21586.839 -28170.5 2371.72 -30542.3 6874.589
2.53 295.0041 196.4679 21374.369 -28201.5 2645.35 -30846.8 6866.7381
2.54 285.50783 183.40767 21347.688 -28237.5 2560.19 -30797.6 6885.3978
2.55 279.07245 -280.75041 21578.448 -28261.5 2502.49 -30764 6944.2475
2.56 285.40997 -801.52628 21570.94 -28157.6 2559.32 -30716.9 6969.6633
2.57 268.04032 -6.4071509 21552.767 -28314.2 2403.56 -30717.8 6967.3072
2.58 276.8921 110.90907 21591.019 -28251.2 2482.94 -30734.2 7012.3596
2.59 282.94892 486.89354 21408.202 -28200.5 2537.25 -30737.7 7034.1399
2.6 273.5859 -454.8743 21518.375 -28369.2 2453.29 -30822.5 7084.8535
2.61 261.11457 -748.47642 21547.082 -28483.9 2341.46 -30825.4 7097.9381
2.62 264.67755 365.18165 21361.08 -28233.6 2373.41 -30607 7099.9595
2.63 263.15403 7.5768258 21395.844 -28465.7 2359.74 -30825.5 7142.8998
2.64 274.49762 403.45688 21541.888 -28291.9 2461.46 -30753.4 7180.9974
2.65 281.33455 -404.26989 21500.668 -28026.5 2522.77 -30549.3 7229.3356
2.66 272.82789 -318.97326 21506.185 -28204.1 2446.49 -30650.6 7261.2602
2.67 253.65653 -245.52923 21429.31 -28591.3 2274.58 -30865.9 7302.3605
2.68 281.9973 276.89597 21255.17 -28215.8 2528.71 -30744.5 7279.7107
2.69 266.00996 112.20921 21279.578 -28405.3 2385.35 -30790.7 7338.6773
2.7 282.95029 583.84273 21718.06 -28249.6 2537.26 -30786.8 7457.7466
2.71 272.71697 -179.01588 21452.42 -28359.7 2445.5 -30805.2 7412.0138
2.72 290.69481 577.47903 21298.663 -28099.6 2606.71 -30706.3 7402.2759
2.73 275.31853 434.11492 21532.861 -28296.6 2468.83 -30765.4 7482.1903
2.74 255.44869 -1439.6084 21740.347 -28504 2290.65 -30794.6 7567.9972
2.75 271.25517 325.45926 21583.245 -28164 2432.39 -30596.4 7563.1074
2.76 253.45092 -36.268224 21566.329 -28238.8 2272.73 -30511.6 7595.7834
2.77 276.07525 613.20236 21592.214 -28320.8 2475.61 -30796.4 7616.5253
2.78 270.89083 299.35024 21607.36 -28283.7 2429.12 -30712.8 7646.2208
2.79 285.65965 255.70602 21485.99 -28126.3 2561.56 -30687.9 7658.4529
2.8 272.61274 925.23497 21366.171 -28375.7 2444.56 -30820.2 7667.5403
2.81 272.00932 424.55982 21642.183 -28312.3 2439.15 -30751.5 7744.1515
2.82 264.96953 349.29206 21253.71 -28488.1 2376.02 -30864.1 7647.7074
2.83 276.5788 -498.63903 21724.362 -28235.3 2480.13 -30715.4 7785.4929
2.84 254.64255 -337.67935 21528.852 -28508.8 2283.42 -30792.2 7755.8588
2.85 277.37287 323.64288 21422.729 -28125.3 2487.25 -30612.6 7739.8419
2.86 267.61302 -1070.2848 21742.511 -28335.9 2399.73 -30735.6 7839.8267
2.87 267.66297 229.44727 21370.257 -28321.7 2400.18 -30721.9 7762.1006
2.88 276.7056 728.01816 21540.625 -28378.2 2481.26 -30859.5 7852.9795
2.89 272.31453 -18.948212 21480.229 -28232.1 2441.89 -30674 7878.2024
2.9 293.74492 -169.43499 21707.895 -28188.7 2634.06 -30822.7 7983.261
2.91 271.34526 -385.95932 21446.915 -28382 2433.2 -30815.2 7951.5272
2.92 263.81352 -129.94526 21526.595 -28472 2365.66 -30837.6 7999.4561
2.93 262.29256 -570.28273 21508.357 -28193.9 2352.02 -30545.9 8012.411
2.94 266.44462 969.01491 21306.591 -28450.5 2389.25 -30839.7 7976.5561
2.95 277.47526 53.59827 21528.114 -28249.6 2488.16 -30737.8 8056.6193
2.96 269.42772 -185.87551 21487.04 -28393.3 2416 -30809.3 8073.879
2.97 273.11215 302.96169 21254.488 -28194.5 2449.04 -30643.6 8097.2129
2.98 268.1964 123.73469 21535.147 -28488.7 2404.96 -30893.6 8164.5042
2.99 267.44275 191.86652 21391.473 -28171.8 2398.2 -30570 8163.0187
3 288.57265 -166.25302 21256.128 -28057 2587.68 -30644.7 8150.9825
3.01 272.08352 -848.08822 21533.808 -28348.2 2439.82 -30788 8248.7755
3.02 265.24561 -579.10187 21505.931 -28244.4 2378.5 -30622.9 8233.7504
3.03 266.49123 -455.21053 21449.462 -28195.2 2389.67 -30584.9 8237.5651
3.04 265.26217 165.16395 21233.684 -28355.2 2378.65 -30733.8 8203.8656
3.05 270.46084 -915.1122 21539.622 -28207 2425.27 -30632.3 8297.2964
3.06 277.73004 407.31336 21364.797 -28096.4 2490.45 -30586.8 8280.9264
3.07 285.79767 511.78827 21415.102 -28417.1 2562.79 -30979.9 8317.4082
3.08 274.41383 274.24775 21445.191 -28132 2460.71 -30592.7 8351.5241
3.09 275.48544 961.7906 21225.513 -28191.2 2470.32 -30661.6 8343.6761
3.1 272.73039 89.72713 21407.329 -28277 2445.62 -30722.6 8414.5003
3.11 281.95732 448.19126 21480.9 -28254.4 2528.36 -30782.8 8417.2423
3.12 269.42451 -904.08528 21562.02 -28176.5 2415.97 -30592.5 8493.489
3.13 273.20317 -284.56246 21538.892 -28036.5 2449.86 -30486.4 8537.2653
3.14 283.08479 293.10146 21517.055 -28241.2 2538.47 -30779.7 8593.0929
3.15 256.11675 -40.090116 21414.74 -28320.9 2296.64 -30617.6 8562.8518
3.16 260.87454 292.60304 21264.603 -28462.9 2339.3 -30802.2 8566.9905
3.17 266.4009 -965.09118 21541.614 -28202.3 2388.86 -30591.2 8687.9645
3.18 267.79373 320.62701 21388.442 -28328 2401.35 -30729.3 8679.8565
3.19 262.90609 -502.12897 21886.487 -28280.4 2357.52 -30637.9 8862.7649
3.2 262.52846 127.74184 21224.56 -28215.1 2354.13 -30569.2 8750.6087
3.21 256.4834 -252.53914 21499.426 -28384.2 2299.93 -30684.1 8861.3579
3.22 258.91564 -560.99575 21398.214 -28309.3 2321.74 -30631.1 8866.9782
3.23 280.61989 281.92465 21591.521 -28081.8 2516.36 -30598.2 8966.0568
3.24 272.88943 -519.54399 21616.228 -28280.9 2447.04 -30727.9 9003.2178
3.25 292.75504 192.25275 21256.216 -28086.4 2625.18 -30711.6 8965.4032
3.26 257.08348 -439.34373 21474.156 -28417.9 2305.31 -30723.2 9084.7067
3.27 250.78344 710.02864 21476.868 -28663.2 2248.81 -30912 9104.4152
3.28 276.83484 231.09637 21493.262 -28223.4 2482.42 -30705.9 9137.4001
3.29 265.99772 295.75827 21498.432 -28275.1 2385.24 -30660.3 9180.5127
3.3 265.39743 -496.67132 21776.778 -28422 2379.86 -30801.9 9312.3479
3.31 263.24998 -277.61662 21524.377 -28371.7 2360.6 -30732.3 9291.4484
3.32 270.41968 489.62194 21314.418 -28348.4 2424.9 -30773.3 9272.4551
3.33 265.94862 -40.664289 21493.276 -28213.5 2384.8 -30598.3 9353.5035
3.34 282.3864 -297.76106 21745.459 -28100.4 2532.2 -30632.6 9453.8241
3.35 279.06639 -556.18836 21563.379 -28319.9 2502.43 -30822.3 9389.013
3.36 282.66143 -409.25419 21640.878 -28347 2534.67 -30881.7 9456.0802
3.37 254.80103 -917.26049 21431.026 -28533.3 2284.84 -30818.1 9389.1545
3.38 276.12379 -315.43714 21807.22 -28257.9 2476.05 -30734 9510.6267
3.39 274.95946 164.87006 21351.468 -28391.9 2465.61 -30857.5 9428.4066
3.4 269.73864 -36.367091 21410.439 -28428.1 2418.79 -30846.9 9461.383
3.41 270.49655 -159.9702 21524.237 -28238.8 2425.59 -30664.4 9526.0276
3.42 272.17263 466.63437 21562.743 -28433.5 2440.62 -30874.2 9564.1004
3.43 264.36751 -228.45804 21585.847 -28386.4 2370.63 -30757 9545.9573
3.44 256.64684 -538.2881 21415.622 -28522.2 2301.39 -30823.6 9530.1445
3.45 268.30985 726.60271 21504.233 -28460.8 2405.98 -30866.8 9620.4154
3.46 282.3038 -641.82674 21594.182 -28208.5 2531.46 -30740 9662.7893
3.47 277.34103 1400.4533 21342.991 -28152.8 2486.96 -30639.8 9658.8412
3.48 269.0481 895.54874 21340.154 -28272.1 2412.6 -30684.7 9678.5958
3.49 272.49254 495.66895 21541.715 -28348.6 2443.48 -30792.1 9790.0386
3.5 275.54345 -509.60368 21660.706 -28203 2470.84 -30673.9 9822.0149
3.51 272.15904 -270.1458 21691.524 -28212.3 2440.49 -30652.8 9851.7384
3.52 250.72232 -244.6201 21356.912 -28489.7 2248.27 -30738 9809.7683
3.53 272.19706 -125.49615 21349.193 -28210.7 2440.83 -30651.5 9809.1004
3.54 277.00025 -6.1074221 21465.315 -28077.3 2483.91 -30561.2 9911.5277
3.55 274.51736 98.12814 21423.694 -28188.1 2461.64 -30649.7 9960.9696
3.56 272.43546 96.237139 21369.607 -28264.4 2442.97 -30707.4 9981.2826
3.57 266.66553 -872.23296 21461.131 -28366.7 2391.23 -30758 10088.584
3.58 272.15155 877.52108 21399.993 -28253.8 2440.43 -30694.3 10110.702
3.59 273.54425 -226.99649 21694.508 -28073 2452.91 -30525.9 10222.075
3.6 266.90219 201.92969 21503.608 -28363 2393.35 -30756.3 10193.009
3.61 273.47155 87.719134 21395.491 -28438.4 2452.26 -30890.7 10144.177
3.62 266.15642 -124.9999 21574.992 -28335.1 2386.67 -30721.8 10226.898
3.63 282.7105 -348.82636 21661.632 -28164.9 2535.11 -30700 10277.898
3.64 259.43083 -113.24612 21746.464 -28299.2 2326.36 -30625.6 10333.727
3.65 271.15717 733.97048 21338.108 -28388.4 2431.51 -30819.9 10269.401
3.66 267.14349 -378.03575 21882.61 -28138.1 2395.52 -30533.6 10488.066
3.67 274.15961 689.95215 21587.198 -28314.8 2458.43 -30773.3 10453.448
3.68 282.87832 1355.7696 21434.541 -28218.9 2536.61 -30755.5 10427.801
3.69 289.01257 75.732532 21425.655 -28099.5 2591.62 -30691.2 10454.049
3.7 283.84877 137.48703 21462.472 -28259.5 2545.32 -30804.9 10496.465
3.71 271.99442 290.49958 21377.99 -28458 2439.02 -30897 10497.884
3.72 280.12013 -228.63997 21337.678 -28322.3 2511.88 -30834.1 10509.285
3.73 267.77475 1226.4824 21245.036 -28481.5 2401.18 -30882.6 10488.758
3.74 272.10797 -1241.8327 21612.112 -28170.5 2440.04 -30610.5 10633.236
3.75 259.63944 336.78497 21383.154 -28289.7 2328.23 -30617.9 10589.016
3.76 278.92439 -388.13065 21514.668 -28235.2 2501.16 -30736.4 10695.513
3.77 259.88611 -239.48504 21381.28 -28472.6 2330.44 -30803.1 10660.572
3.78 265.93379 22.830738 21677.261 -28168.9 2384.67 -30553.6 10766.787
3.79 273.89262 -246.1887 21528.079 -28198.3 2456.04 -30654.4 10787.425
3.8 267.87029 110.50016 21610.566 -28292.7 2402.04 -30694.8 10827.161
3.81 281.75842 -327.10056 21649.201 -28270 2526.57 -30796.6 10904.544
3.82 265.00335 -578.24089 21526.954 -28389.7 2376.33 -30766 10921.387
3.83 274.73234 -509.50257 21483.526 -28271.8 2463.57 -30735.4 10931.78
3.84 274.17478 309.37805 21595.641 -28179.3 2458.57 -30637.8 11037.544
3.85 288.78695 -49.866564 21384.804 -28057 2589.6 -30646.6 10986.276
3.86 277.95006 -10.076177 21678.152 -28445.7 2492.42 -30938.2 11131.627
3.87 270.95267 62.828226 21561.722 -28216.8 2429.68 -30646.5 11138.835
3.88 254.19429 -480.45017 21910.934 -28324.6 2279.4 -30604 11295.859
3.89 277.16339 -579.66754 21403.883 -28147.4 2485.37 -30632.7 11130.726
3.9 261.2584 427.76421 21797.395 -28296.2 2342.75 -30638.9 11282.759
3.91 274.7147 -472.5249 21541.387 -28176.8 2463.41 -30640.3 11215.598
3.92 283.01142 463.67252 21615.412 -27955.5 2537.81 -30493.3 11275.012
3.93 268.26835 -40.425008 21514.071 -28281.4 2405.6 -30687 11249.442
3.94 272.41249 263.24301 21519.594 -28347.8 2442.77 -30790.6 11263.364
3.95 267.83649 508.69636 21541.796 -28394.7 2401.73 -30796.4 11300.788
3.96 284.71364 -72.736122 21516.576 -28214.8 2553.07 -30767.9 11348.229
3.97 279.57573 375.44392 21508.575 -28291.7 2507 -30798.7 11376.788
3.98 269.0722 267.27593 21404.735 -28342.7 2412.81 -30755.5 11366.436
3.99 267.79193 -85.486161 21569.876 -27959.7 2401.33 -30361 11485.221
4 266.28619 839.66859 21465.453 -28291.4 2387.83 -30679.2 11445.401
4.01 274.73841 -35.629853 21367.529 -28303.2 2463.62 -30766.8 11406.281
4.02 260.91644 -500.20528 21509.176 -28417.5 2339.68 -30757.2 11489.233
4.03 269.688 64.13771 21449.45 -28344.8 2418.34 -30763.1 11511.991
4.04 270.02021 472.8815 21356.887 -28289.8 2421.31 -30711.1 11493.313
4.05 277.83964 785.84701 21166.903 -28293.2 2491.43 -30784.6 11445.907
4.06 279.9666 -111.62909 21368.751 -28078.4 2510.5 -30588.9 11532.166
4.07 269.59089 533.6389 21297.46 -28383.3 2417.46 -30800.8 11549.849
4.08 274.11918 -714.01398 21717.229 -28089 2458.07 -30547.1 11762.168
4.09 286.69498 673.25725 21306.979 -28200.1 2570.84 -30771 11634.019
4.1 259.37402 -252.13759 21528.707 -28571.4 2325.85 -30897.2 11709.776
4.11 275.9396 -539.30672 21611.098 -28162.3 2474.39 -30636.6 11720.169
4.12 258.28973 -265.91038 21676.307 -28329.8 2316.13 -30645.9 11756.069
4.13 275.06151 344.69071 21419.584 -28169.5 2466.52 -30636.1 11683.175
4.14 281.60273 416.20558 21634.458 -28139.8 2525.18 -30665 11818.199
4.15 244.95171 -179.29906 21455.198 -28585 2196.52 -30781.5 11744.303
4.16 275.02937 -382.29925 21614.04 -28223.5 2466.23 -30689.7 11809.374
4.17 277.512 -1001.3425 21592.708 -28214.3 2488.49 -30702.8 11837.466
4.18 276.5937 937.99119 21314.957 -28137.2 2480.26 -30617.4 11759.982
4.19 276.86617 322.7528 21518.504 -28263.4 2482.7 -30746.1 11836.698
4.2 263.63269 412.72554 21509.641 -28334.5 2364.04 -30698.5 11843.19
4.21 260.28859 -527.97524 21626.473 -28323.3 2334.05 -30657.4 11921.782
4.22 275.77703 259.83851 21556.14 -28198.5 2472.94 -30671.4 11927.55
4.23 270.65931 1155.5856 21418.055 -28358.1 2427.05 -30785.1 11905.764
4.24 273.32697 -1389.2129 21664.891 -28194 2450.97 -30645 11975.167
4.25 261.24696 -453.11398 21562.395 -28386.7 2342.64 -30729.4 11969.393
4.26 260.72466 343.69397 21382.627 -28363.6 2337.96 -30701.5 11924.949
4.27 267.94451 926.7435 21612.642 -28076.1 2402.7 -30478.8 12038.011
4.28 271.08533 425.12185 21470.588 -28287.4 2430.87 -30718.3 11980.548
4.29 250.47072 -83.131317 21403.648 -28412.1 2246.01 -30658.1 11976.9
4.3 267.5899 -692.99088 21605.826 -28341.4 2399.52 -30740.9 12039.031
4.31 273.18435 331.29157 21499.766 -28355.7 2449.69 -30805.4 12059.653
4.32 291.53191 -177.28644 21744.7 -28107.6 2614.21 -30721.8 12143.475
4.33 268.40064 52.092084 21302.609 -28268.3 2406.79 -30675.1 11961.932
4.34 273.89538 589.77046 21617.089 -28249.2 2456.06 -30705.3 12095.98
4.35 263.06148 -769.70665 21616.91 -28394.1 2358.91 -30753 12141.921
4.36 290.42674 164.88698 21502.605 -28152.4 2604.3 -30756.7 12092.619
4.37 267.08828 601.57292 21371.31 -28210.6 2395.02 -30605.7 12062.89
4.38 256.45389 -358.23092 21644.604 -28244.2 2299.66 -30543.8 12192.702
4.39 275.33298 -918.14457 21560.961 -28322.9 2468.95 -30791.8 12183.053
4.4 277.48066 185.97142 21364.105 -28346.8 2488.21 -30835 12115.652
4.41 274.34237 111.13774 21503.247 -28210.6 2460.07 -30670.7 12191.403
4.42 284.48729 -723.65234 21594.327 -28165.2 2551.04 -30716.3 12277.787
4.43 260.80626 -10.726477 21542.156 -28252 2338.69 -30590.7 12317.707
4.44 267.56436 982.01018 21322.761 -28528.8 2399.29 -30928.1 12292.984
4.45 276.86916 121.71652 21568.762 -28316.8 2482.73 -30799.6 12435.537
4.46 287.37225 -449.52745 21543.462 -28037.5 2576.91 -30614.4 12402.287
4.47 265.1146 -937.36609 21587.322 -28308.1 2377.32 -30685.5 12461.725
4.48 276.59781 91.91386 21467.625 -28073.9 2480.3 -30554.2 12398.805
4.49 276.99869 -204.89056 21593.708 -28390.4 2483.89 -30874.2 12487.126
4.5 284.03747 9.7025643 21506.226 -28144.8 2547.01 -30691.9 12475.125
4.51 275.51148 -489.91262 21654.79 -28415.5 2470.56 -30886.1 12524.995
4.52 261.53088 267.91848 21387.592 -28245.7 2345.19 -30590.9 12388.475
4.53 264.77202 177.15538 21425.703 -28322.2 2374.25 -30696.5 12495.275
4.54 276.78684 -553.19902 21470.304 -28413.3 2481.99 -30895.3 12529.327
4.55 256.23148 -222.47771 21656.245 -28357.8 2297.67 -30655.5 12598.532
4.56 261.32116 809.61788 21452.552 -28159.3 2343.31 -30502.6 12550.356
4.57 290.99596 278.89356 21487.033 -27931.8 2609.41 -30541.2 12567.127
4.58 276.1635 824.12956 21265.602 -28189.7 2476.4 -30666.1 12506.325
4.59 273.06177 322.67442 21377.957 -28333.2 2448.59 -30781.7 12578.326
4.6 264.29165 275.31535 21296.129 -28266.6 2369.95 -30636.5 12550.986
4.61 274.45948 317.91831 21337.688 -28360.6 2461.12 -30821.7 12629.576
4.62 264.66232 -328.56782 21291.859 -28278.2 2373.27 -30651.4 12608.086
4.63 273.35171 677.11341 21416.283 -28443.2 2451.19 -30894.4 12720.777
4.64 272.09961 -213.38398 21516.698 -28296 2439.96 -30736 12790.482
4.65 282.2838 -55.429436 21666.418 -27952.8 2531.28 -30484.1 12895.778
4.66 265.19581 -673.65354 21532.914 -28362.1 2378.05 -30740.2 12867.684
4.67 266.75013 -58.976023 21514.572 -28391 2391.99 -30783 12919.617
4.68 269.07661 232.91589 21571.974 -28210.7 2412.85 -30623.5 12939.81
4.69 272.07945 -417.12835 21491.557 -28275 2439.78 -30714.8 12942.521
4.7 262.86026 622.39909 21189.479 -28421 2357.11 -30778.1 12853.741
4.71 278.98928 -662.39876 21453.75 -28068.3 2501.74 -30570 12945.818
4.72 273.13395 -145.41271 21574.079 -28222 2449.24 -30671.2 13021.701
4.73 283.94551 -544.55203 21698.346 -28300.9 2546.18 -30847.1 13128.839
4.74 279.69961 -131.41552 21414.032 -28281.9 2508.11 -30790 12983.873
4.75 264.14812 -613.96744 21496.613 -28187.2 2368.66 -30555.8 13034.234
4.76 281.97686 525.69296 21339.174 -28299.6 2528.53 -30828.1 13027.601
4.77 272.91019 363.64686 21452.455 -28294.3 2447.23 -30741.5 13067.419
4.78 268.93298 -106.01449 21312.133 -28423.5 2411.56 -30835.1 13060.092
4.79 285.33775 604.82534 21094.648 -28200.3 2558.67 -30759 12966.498
4.8 277.9283 -689.62382 21556.147 -28161.3 2492.23 -30653.6 13146.876
4.81 269.11764 -526.8182 21647.728 -28156.6 2413.22 -30569.8 13208.002
4.82 272.89377 -721.46278 21472.679 -28196.9 2447.08 -30644 13174.072
4.83 265.55955 153.40296 21460.896 -28332.9 2381.31 -30714.2 13247.647
4.84 272.49674 321.90518 21488.751 -28338 2443.52 -30781.6 13317.293
4.85 266.77457 -105.36604 21432.451 -28208.9 2392.21 -30601.1 13320.663
4.86 274.958 51.955759 21562.132 -28566 2465.59 -31031.6 13409.516
4.87 274.87767 635.84207 21298.401 -28387.9 2464.87 -30852.8 13325.704
4.88 262.95358 -115.74956 21512.589 -28450.6 2357.95 -30808.5 13460.058
4.89 271.18189 -950.65372 21650.836 -28199.7 2431.73 -30631.4 13560.348
4.9 271.97344 655.80977 21413.996 -28234 2438.83 -30672.8 13514.474
4.91 277.73725 -1414.902 21759.503 -28255.3 2490.51 -30745.8 13653.631
4.92 275.62341 -13.248491 21404.644 -28150.8 2471.56 -30622.4 13485.619
4.93 270.09335 183.65415 21564.365 -28302.8 2421.97 -30724.8 13552.015
4.94 270.41593 564.43652 21398.779 -28442.7 2424.86 -30867.6 13490.745
4.95 259.56618 1314.5902 21308.632 -28413.5 2327.57 -30741.1 13467.762
4.96 274.74793 -828.32393 21446.025 -28190.4 2463.71 -30654.1 13535.393
4.97 272.24748 895.99625 21295.257 -28220.1 2441.29 -30661.4 13545.326
4.98 274.2273 247.8019 21340.601 -28318.2 2459.04 -30777.2 13548.785
4.99 270.56627 290.56959 21735.701 -28228.1 2426.21 -30654.3 13734.313
5 272.87083 372.15025 21474.94 -28132 2446.88 -30578.9 13639.209
5.01 270.56104 63.069806 21389.632 -28300.2 2426.16 -30726.4 13592.502
5.02 265.53395 245.06091 21220.821 -28535.1 2381.09 -30916.2 13526.324
5.03 273.92463 -8.3999338 21570.375 -28151.4 2456.33 -30607.7 13696.801
5.04 277.3171 764.45685 21597.418 -28362.8 2486.75 -30849.6 13715.215
5.05 284.44475 520.90983 21730.467 -28122.3 2550.66 -30672.9 13758.227
5.06 275.54585 32.841949 21347.383 -28315.9 2470.86 -30786.8 13623.54
5.07 279.84609 1020.0254 21234.132 -28227.1 2509.42 -30736.5 13653.946
5.08 274.07125 -104.00779 21553.371 -28331.6 2457.64 -30789.2 13838.351
5.09 282.82832 -359.53424 21580.04 -28226.8 2536.17 -30762.9 13903.743
5.1 281.61835 1081.0866 21488.225 -28304.1 2525.32 -30829.4 13887.835
5.11 268.78515 43.917778 21300.753 -28280 2410.24 -30690.3 13840.215
5.12 283.07172 511.81557 21466.562 -28222 2538.35 -30760.4 13933.234
5.13 269.84669 -63.34291 21458.104 -28396 2419.76 -30815.7 14005.121
5.14 259.81408 662.46377 21257.975 -28534 2329.79 -30863.8 13925.847
5.15 270.63091 -18.93545 21482.037 -28363 2426.79 -30789.8 14032.743
5.16 270.55902 -234.47125 21415.485 -28469.3 2426.15 -30895.4 13999.358
5.17 283.25404 389.2042 21417.955 -28251.9 2539.98 -30791.9 14012.362
5.18 272.58703 541.77989 21381.779 -28137.4 2444.33 -30581.7 13995.716
5.19 267.57533 1003.1238 21261.319 -28289.5 2399.39 -30688.9 13947.293
5.2 285.16604 -19.605652 21683.385 -28132.4 2557.13 -30689.6 14182.607
5.21 274.98354 1017.2042 21344.157 -28415.4 2465.82 -30881.2 14044.528
5.22 277.06062 -794.55803 21536.908 -28244.1 2484.45 -30728.5 14150.639
5.23 267.87391 156.10724 21362.907 -28397.2 2402.07 -30799.3 14112.907
5.24 274.67844 -340.86664 21496.017 -28261.1 2463.09 -30724.2 14190.781
5.25 264.01047 -466.08336 21638.498 -28639.7 2367.42 -31007.1 14318.271
5.26 281.61579 -622.5852 21483.109 -28190.9 2525.29 -30716.2 14290.417
5.27 279.60491 120.46459 21440.581 -28174.9 2507.26 -30682.2 14314.156
5.28 283.20966 -625.36972 21672.051 -28150.2 2539.59 -30689.8 14408.794
5.29 278.41836 346.82832 21545.482 -28268.1 2496.62 -30764.8 14378.421
5.3 274.99236 16.668937 21462.768 -28187 2465.9 -30652.9 14335.673
5.31 270.80323 -6.6552809 21366.718 -28296 2428.34 -30724.3 14358.094
5.32 282.35404 411.91514 21339.14 -28117.7 2531.91 -30649.6 14406.71
5.33 268.4626 -177.17334 21447.795 -28281.8 2407.35 -30689.2 14502.23
5.34 284.81132 -53.885489 21628.261 -28193.9 2553.95 -30747.9 14593.341
5.35 283.80056 -139.18043 21816.574 -27962 2544.88 -30506.9 14677.286
5.36 260.58623 -49.825901 21648.114 -28476.5 2336.72 -30813.2 14637.772
5.37 273.78758 413.32855 21535.812 -28372.6 2455.1 -30827.7 14570.179
5.38 280.57189 -340.65031 21633.883 -28170.7 2515.93 -30686.6 14633.052
5.39 268.33141 52.901363 21428.36 -28412.9 2406.17 -30819.1 14575.621
5.4 267.82627 627.2465 21609.194 -28121 2401.64 -30522.7 14671.752
5.41 258.05831 -250.56998 21557.313 -28274.9 2314.05 -30589 14676.411
5.42 273.99438 -802.67802 21531.225 -28261.3 2456.95 -30718.3 14709.82
5.43 267.66186 -840.18038 21451.238 -28052.6 2400.17 -30452.8 14657.479
5.44 263.94245 -658.6169 21604.413 -28448.8 2366.81 -30815.6 14764.42
5.45 276.63631 -161.52049 21537.106 -28231.9 2480.64 -30712.6 14738.156
5.46 275.65982 -96.070436 21524.271 -28138.3 2471.89 -30610.2 14750.65
5.47 284.92295 1274.3931 21367.001 -28350 2554.95 -30905 14745.207
5.48 283.75545 -313.80207 21592.706 -28202.5 2544.48 -30746.9 14903.317
5.49 279.20078 756.2803 21504.255 -28217.5 2503.64 -30721.1 14853.121
5.5 270.07228 661.23496 21327.636 -28289 2421.78 -30710.8 14822.953
5.51 266.10956 -53.999004 21507.137 -28315.1 2386.25 -30701.3 14983.921
5.52 274.71337 -1237.8904 21563.056 -28312.3 2463.4 -30775.7 15052.247
5.53 269.25588 -692.42891 21522.526 -28327.3 2414.46 -30741.7 15038.533
5.54 274.11092 -342.11311 21477.847 -28125.9 2458 -30583.9 15054.673
5.55 276.39951 742.0894 21295.675 -28420.9 2478.52 -30899.4 14989.287
5.56 285.65344 602.73572 21446.389 -28166.9 2561.5 -30728.4 15120.941
5.57 270.84824 847.01229 21335.742 -28371.7 2428.74 -30800.5 15125.498
5.58 268.6414 -733.36679 21617.98 -28188 2408.95 -30597 15325.738
5.59 261.06333 -575.63881 21572.345 -28429 2341 -30770 15382.596
5.6 261.79378 -468.00744 21549.561 -28176.2 2347.55 -30523.8 15419.349
5.61 267.8076 977.6754 21496.456 -28214.3 2401.47 -30615.7 15413.749
5.62 263.22928 90.219165 21399.877 -28236.5 2360.42 -30597 15405.09
5.63 263.09609 -242.6816 21495.059 -28272.6 2359.22 -30631.8 15470.742
5.64 288.20017 285.28879 21388.379 -28281.8 2584.34 -30866.1 15461.96
5.65 279.65471 298.30809 21632.376 -28160.1 2507.71 -30667.8 15598.477
5.66 274.1768 492.4167 21740.777 -28183.2 2458.59 -30641.8 15628.927
5.67 283.76641 445.839 21543.452 -28213.2 2544.58 -30757.7 15635.81
5.68 257.45067 -135.59652 21439.686 -28371.2 2308.6 -30679.8 15651.478
5.69 282.28651 199.31767 21428.633 -27967.7 2531.31 -30499 15692.168
5.7 290.79261 -884.71351 21646.878 -28137.1 2607.58 -30744.6 15845.575
5.71 267.72917 -233.34439 21408.01 -28373.9 2400.77 -30774.6 15742.912
5.72 262.30009 -460.16198 21485.729 -28579.4 2352.09 -30931.5 15842.373
5.73 265.21581 227.17414 21508.259 -28317.1 2378.23 -30695.3 15885.643
5.74 276.87917 -390.20612 21662.156 -28212.5 2482.82 -30695.4 16001.8
5.75 263.50583 -961.63991 21652.034 -28357.9 2362.9 -30720.8 16028.729
5.76 273.00366 -37.808699 21443.811 -28272.1 2448.07 -30720.1 15975.741
5.77 268.48328 -426.7012 21505.551 -28214.6 2407.53 -30622.2 16021.748
5.78 278.14658 -520.60821 21564.144 -28349.2 2494.18 -30843.4 16063.602
5.79 270.91822 -856.83665 21717.421 -28273.6 2429.37 -30702.9 16174.58
5.8 292.5255 193.46797 21462.238 -28222 2623.12 -30845.1 16055.274
5.81 277.66655 -133.04806 21602.106 -28150.5 2489.88 -30640.4 16152.345
5.82 268.32181 316.84907 21366.494 -28266.6 2406.08 -30672.7 16109.105
5.83 256.48935 197.94726 21537.611 -28287.3 2299.98 -30587.3 16244.051
5.84 277.59328 62.195706 21559.828 -28161.3 2489.22 -30650.5 16225.742
5.85 270.39719 301.87741 21545.782 -28245.3 2424.69 -30670 16238.326
5.86 265.78763 -103.4714 21568.834 -28295 2383.36 -30678.3 16266.714
5.87 277.26862 315.06957 21544.27 -28468.5 2486.31 -30954.9 16301.177
5.88 267.64962 -55.089532 21401.195 -28428.5 2400.06 -30828.6 16304.089
5.89 262.86098 314.07597 21281.782 -28229.9 2357.12 -30587 16207.635
5.9 267.75306 -503.74346 21439.872 -28335.9 2400.98 -30736.9 16312.282
5.91 268.48975 161.24333 21563.349 -28226.1 2407.59 -30633.7 16363.912
5.92 285.29166 -604.396 21560.359 -28337.4 2558.26 -30895.7 16408.347
5.93 290.8744 260.10716 21459.756 -28091.7 2608.32 -30700 16372.203
5.94 279.09108 865.4518 21276.697 -28295.5 2502.65 -30798.2 16284.568
5.95 266.07021 -215.21084 21345.357 -28252 2385.89 -30637.9 16395.023
5.96 268.08872 929.27631 21588.018 -28440.3 2403.99 -30844.3 16530.521
5.97 280.28305 1804.5132 21404.008 -28214.7 2513.34 -30728 16430.422
5.98 260.72365 336.05198 21587.814 -28295.6 2337.95 -30633.5 16559.155
5.99 274.36349 843.45759 21343.229 -28079 2460.26 -30539.2 16437.856
6 265.80361 -533.11665 21446.954 -28225.6 2383.5 -30609.1 16492.838
6.01 266.6024 350.88971 21394.646 -28344.2 2390.67 -30734.9 16494.648
6.02 276.55523 126.2146 21465.42 -28435.3 2479.91 -30915.2 16594.847
6.03 273.90128 -234.27838 21586.362 -28297.9 2456.12 -30754 16718.477
6.04 255.25356 -222.21787 21411.261 -28366.6 2288.9 -30655.5 16670.889
6.05 280.45163 -23.827963 21586.036 -28271.8 2514.85 -30786.7 16758.973
6.06 265.25502 -79.824848 21375.103 -28458.8 2378.58 -30837.3 16672.384
6.07 283.13488 -727.844 21745.884 -28220.3 2538.92 -30759.2 16859.047
6.08 286.80347 455.71085 21520.975 -28325.5 2571.81 -30897.3 16785.989
6.09 278.09337 157.07948 21304.628 -28290 2493.71 -30783.7 16710.898
6.1 279.80279 -315.72458 21438.08 -28096.8 2509.04 -30605.8 16867.994
6.11 277.86946 -242.5696 21339.98 -28290.1 2491.7 -30781.8 16842.369
6.12 269.74292 789.66745 21353.461 -28464.4 2418.83 -30883.2 16844.841
6.13 271.80859 -198.21545 21576.189 -28216.7 2437.35 -30654.1 16990.95
6.14 287.9601 790.68581 21365.176 -28207.3 2582.18 -30789.5 16915.807
6.15 265.12213 674.66949 21573.162 -28447.7 2377.39 -30825 17029.259
6.16 260.77441 453.26092 21337.209 -28438.3 2338.41 -30776.7 16981.573
6.17 267.96813 311.41241 21425.126 -28240.1 2402.91 -30643 17029.392
6.18 270.51955 -12.855754 21258.895 -28501 2425.79 -30926.8 16993.621
6.19 277.58916 -691.87235 21478.447 -28174 2489.19 -30663.1 17148.44
6.2 263.20024 -177.73878 21523.292 -28433.9 2360.16 -30794 17198.654
6.21 269.68465 -385.61137 21585.302 -28341.1 2418.31 -30759.5 17226.499
6.22 271.17487 14.857634 21521.552 -28206.4 2431.67 -30638 17260.636
6.23 269.04916 -639.58702 21561.796 -28290.2 2412.61 -30702.9 17350.626
6.24 252.25096 -122.82896 21573.197 -28542.8 2261.97 -30804.8 17404.986
6.25 267.55404 -127.51442 21627.612 -28367.3 2399.2 -30766.5 17470.519
6.26 283.39211 -733.40615 21504.657 -27988.2 2541.22 -30529.4 17450.997
6.27 270.4888 -607.15161 21624.105 -28207.6 2425.52 -30633.1 17519.348
6.28 267.13746 274.33055 21391.627 -28381.9 2395.46 -30777.3 17429.35
6.29 272.70723 382.08657 21389.176 -28383.5 2445.41 -30829 17418.462
6.3 260.59086 1342.0288 21454.682 -28292.9 2336.76 -30629.6 17499.71
6.31 268.5109 -872.30064 21756.648 -28394.1 2407.78 -30801.9 17688.152
6.32 266.65793 -244.96692 21438.365 -28153.1 2391.16 -30544.2 17535.24
6.33 264.14733 5.5555796 21726.264 -28304.1 2368.65 -30672.8 17718.427
6.34 275.43798 1291.3079 21280.026 -28331.8 2469.9 -30801.7 17520.852
6.35 262.78479 307.82579 21213.921 -28406.9 2356.43 -30763.3 17548.019
6.36 272.44094 348.64367 21590.4 -28188.7 2443.02 -30631.7 17767.109
6.37 264.43741 136.28996 21437.693 -28353.8 2371.25 -30725 17767.127
6.38 273.31175 -632.67513 21744.781 -28166.8 2450.83 -30617.6 18038.681
6.39 270.40171 1112.0103 21392.561 -28422.7 2424.74 -30847.4 17877.954
6.4 266.14335 -519.31175 21564.818 -28356 2386.55 -30742.5 18020.23
6.41 267.15055 -71.522496 21583.492 -28385.8 2395.58 -30781.3 18101.31
6.42 253.53094 -797.40669 21467.111 -28500.5 2273.45 -30774 18094.205
6.43 279.16922 -790.29216 21898.6 -28140.6 2503.35 -30644 18364.487
6.44 270.99358 -42.949488 21478.14 -28295.1 2430.04 -30725.1 18180.942
6.45 270.93724 445.11779 21335.696 -28323.4 2429.54 -30752.9 18123.816
6.46 270.46345 -74.623547 21508.793 -28264.2 2425.29 -30689.5 18253.319
6.47 269.61774 -642.7044 21807.53 -28061.1 2417.71 -30478.8 18409.753
6.48 266.07854 -1121.2052 21653.036 -28325.7 2385.97 -30711.7 18331.35
6.49 273.92037 -34.658304 21525.84 -28169.7 2456.29 -30626 18283.536
6.5 256.03949 -180.64139 21450.083 -28407.4 2295.95 -30703.4 18186.071
6.51 270.96322 829.296 21413.543 -28262.4 2429.77 -30692.2 18203.168
6.52 262.26535 617.51149 21569.005 -28181.9 2351.78 -30533.7 18286.375
6.53 256.86862 -621.72882 21512.208 -28366.7 2303.38 -30670.1 18300.24
6.54 275.36836 -244.71551 21517.542 -28298.6 2469.27 -30767.9 18322.105
6.55 280.18865 317.92388 21511.331 -28199.1 2512.5 -30711.6 18343.454
6.56 282.46952 279.57787 21494.567 -28189.6 2532.95 -30722.5 18356.82
6.57 282.867 531.99781 21368.609 -28012.7 2536.51 -30549.2 18291.537
6.58 275.96269 -788.89583 21465.22 -28261.8 2474.6 -30736.4 18419.144
6.59 261.34216 318.08868 21379.564 -28438.9 2343.5 -30782.4 18400.384
6.6 298.03196 -133.72189 21490.658 -27943 2672.5 -30615.5 18555.219
6.61 267.76557 974.49997 21441.852 -28273.1 2401.1 -30674.1 18538.188
6.62 281.403 -600.99622 21542.387 -28121.5 2523.39 -30644.9 18641.72
6.63 259.67575 178.98811 21506.691 -28294.3 2328.55 -30622.9 18556.346
6.64 261.79391 830.04937 21570.229 -28532.7 2347.55 -30880.2 18638.166
6.65 276.64347 996.03731 21288.268 -28155.1 2480.71 -30635.8 18516.085
6.66 270.89368 109.52024 21599.457 -28162.5 2429.15 -30591.7 18755.442
6.67 257.05879 -122.65317 21628.086 -28464 2305.09 -30769 18818.76
6.68 280.45438 967.11238 21342.646 -28198.1 2514.88 -30713 18652.705
6.69 271.51493 -434.67179 21540.464 -28121.1 2434.72 -30555.9 18792.386
6.7 280.10953 73.553292 21486.653 -28251.3 2511.79 -30763.1 18804.617
6.71 261.15133 -329.25483 21567.95 -28431.1 2341.79 -30772.9 18970.737
6.72 270.80453 645.11662 21473.889 -28177 2428.35 -30605.3 18913.752
6.73 268.09714 130.66346 21419.063 -28514.7 2404.07 -30918.8 18920.754
6.74 258.82619 -543.29894 21474.277 -28293.3 2320.94 -30614.3 19012.985
6.75 272.02462 178.93898 21419.948 -28379.7 2439.29 -30818.9 18945.263
6.76 275.20656 774.6779 21511.699 -28147.9 2467.82 -30615.7 19052.028
6.77 277.54322 450.03375 21524.287 -28390.1 2488.77 -30878.9 19086.661
6.78 271.82973 -38.238232 21560.622 -28117.1 2437.54 -30554.6 19121.362
6.79 267.86858 -147.48006 21461.935 -28334.1 2402.02 -30736.1 19126.748
6.8 267.81456 -578.62104 21458.159 -28430.6 2401.54 -30832.1 19204.806
6.81 250.67251 553.05028 21332.526 -28438 2247.82 -30685.9 19158.909
6.82 274.55915 381.04191 21381.453 -28198.3 2462.02 -30660.3 19276.396
6.83 282.07749 1496.5352 21167.62 -28215.3 2529.43 -30744.7 19156.52
6.84 269.10341 149.0287 21663.661 -28231.1 2413.09 -30644.1 19450.251
6.85 266.20221 -100.34576 21544.269 -28511.4 2387.08 -30898.5 19405.79
6.86 273.65627 618.74542 21429.949 -28255.1 2453.92 -30709 19383.215
6.87 251.19196 -486.24289 21555.965 -28503.8 2252.48 -30756.3 19530.555
6.88 273.19877 -574.40143 21496.577 -28202.3 2449.82 -30652.1 19532.023
6.89 260.38001 -452.49935 21572.506 -28482.5 2334.87 -30817.4 19589.217
6.9 275.33652 477.5186 21412.173 -28164 2468.99 -30632.9 19546.676
6.91 266.95721 498.07925 21235.989 -28405.6 2393.85 -30799.5 19444.604
6.92 261.79402 -654.5841 21666.386 -28206.6 2347.55 -30554.2 19753.34
6.93 276.35535 -897.80224 21532.075 -28146.1 2478.12 -30624.2 19736.728
6.94 266.42325 293.63432 21537.579 -28269.5 2389.06 -30658.6 19729.423
6.95 273.58752 137.53555 21477.734 -28319 2453.3 -30772.3 19728.227
6.96 276.90583 495.27305 21545.06 -28156.4 2483.06 -30639.5 19765.178
6.97 267.48724 -419.4791 21555.827 -28296.5 2398.6 -30695.1 19787.832
6.98 265.65949 86.550162 21506.889 -28438.6 2382.21 -30820.8 19815.673
6.99 272.18252 -120.02564 21432.766 -28227.3 2440.7 -30668 19777.865
7 262.38894 -463.61729 21478.528 -28364.8 2352.88 -30717.7 19863.88
7.01 258.54834 -255.17307 21669.866 -28346.8 2318.44 -30665.2 19976.282
7.02 281.89728 661.35579 21537.1 -28038.7 2527.82 -30566.5 19867.105
7.03 274.58107 -180.35228 21277.154 -28242.3 2462.21 -30704.5 19731.796
7.04 266.36039 287.61808 21525.66 -28376.2 2388.5 -30764.7 19854.543
7.05 272.00066 -19.28235 21536.989 -28376 2439.07 -30815.1 19856.214
7.06 260.80084 366.58399 21494.977 -28521 2338.64 -30859.6 19857.24
7.07 269.8181 -175.52841 21503.53 -28249 2419.5 -30668.5 19893.844
7.08 265.95941 -200.38673 21513.892 -28374.7 2384.9 -30759.6 19889.742
7.09 292.59251 -348.40545 21577.133 -28128.5 2623.72 -30752.2 19935.947
7.1 278.15245 -21.426165 21628.154 -28242.9 2494.24 -30737.1 19916.96
7.11 269.60137 -152.8494 21409.377 -28177 2417.56 -30594.6 19842.939
7.12 273.56244 -130.4665 21545.988 -28218.2 2453.08 -30671.3 19913.795
7.13 250.97893 81.845242 21433.267 -28506 2250.57 -30756.6 19895.954
7.14 267.93529 -124.90836 21700.958 -28364 2402.62 -30766.6 20140.739
7.15 247.97415 -864.28011 21868.923 -28421.9 2223.62 -30645.5 20245.677
7.16 279.92931 632.93412 21446.67 -28168.3 2510.17 -30678.4 20070.804
7.17 265.29572 1011.0808 21257.299 -28485.5 2378.95 -30864.4 20031.732
7.18 271.19697 242.37374 21503.148 -28509.1 2431.87 -30940.9 20216.868
7.19 284.69364 -75.138677 21449.218 -28169.1 2552.89 -30722 20262.49
7.2 267.8875 1140.7548 21362.715 -28328.7 2402.19 -30730.9 20294.105
7.21 261.29098 -168.2265 21426.497 -28460.5 2343.04 -30803.5 20372.422
7.22 266.75568 321.38816 21585.924 -28408.1 2392.04 -30800.1 20469.83
7.23 262.80505 210.7255 21468.837 -28261.6 2356.61 -30618.2 20422.176
7.24 283.23564 -42.976819 21442.477 -28193.3 2539.82 -30733.1 20396.467
7.25 268.47645 557.86931 21257.059 -28399.1 2407.47 -30806.6 20242.62
7.26 262.65755 -815.58564 21614.073 -28373.4 2355.29 -30728.7 20471.681
7.27 284.30166 -73.05051 21476.871 -28361.1 2549.38 -30910.5 20442.706
7.28 286.07848 286.66932 21401.948 -28177.8 2565.31 -30743.1 20448.063
7.29 267.85163 -236.7191 21459.447 -28427.2 2401.87 -30829.1 20468.959
7.3 259.91824 -770.26972 21598.391 -28355.5 2330.73 -30686.3 20549.522
7.31 264.78686 534.12086 21588.508 -28191 2374.39 -30565.3 20556.568
7.32 266.7482 222.52339 21592.137 -28280.4 2391.97 -30672.3 20587.111
7.33 282.91505 -279.21577 21573.505 -28164.3 2536.94 -30701.3 20511.488
7.34 270.85696 -284.6884 21384.631 -28221.2 2428.82 -30650 20416.725
7.35 267.81209 -362.27613 21474.74 -28358.6 2401.51 -30760.1 20546.742
7.36 269.41253 708.96636 21528.674 -28308.8 2415.86 -30724.7 20604.579
7.37 262.64175 -189.78114 21501.33 -28358.7 2355.15 -30713.9 20624.678
7.38 273.65875 754.32189 21319.075 -28283.3 2453.94 -30737.3 20536.388
7.39 270.52232 -575.20436 21349.409 -28434.1 2425.82 -30860 20632.521
7.4 283.50155 -359.06232 21562.266 -28157 2542.2 -30699.2 20865.084
7.41 273.87475 -123.03985 21358.975 -28367.8 2455.88 -30823.7 20753.142
7.42 276.48958 -427.90758 21582.339 -28368.3 2479.33 -30847.6 20878.114
7.43 261.71181 209.13302 21412.711 -28300.2 2346.81 -30647 20800.565
7.44 258.72509 -389.5957 21420.918 -28358.4 2320.03 -30678.5 20856.593
7.45 270.84919 -378.03385 21279.728 -28317.2 2428.75 -30746 20805.746
7.46 283.71008 -865.67567 21824.293 -28048.8 2544.07 -30592.9 21214.482
7.47 267.26194 198.28501 21480 -28273.5 2396.58 -30670 21045.498
7.48 259.80142 305.33855 21474.161 -28452.4 2329.68 -30782.1 21050.067
7.49 272.42017 84.761024 21465.425 -28283.4 2442.83 -30726.2 21109.551
7.5 265.10399 -50.575444 21656.992 -28437.4 2377.23 -30814.6 21253.182
7.51 269.87827 -850.17012 21609.6 -28171.1 2420.04 -30591.1 21286.752
7.52 281.06159 -173.03762 21530.367 -28180.7 2520.32 -30701 21243.556
7.53 264.26745 705.9129 21431.464 -28423.4 2369.73 -30793.1 21198.865
7.54 267.56213 -238.888 21405.046 -28312.3 2399.27 -30711.6 21230.119
7.55 273.65997 1117.3798 21503.465 -28363.2 2453.95 -30817.2 21394.423
7.56 266.30971 699.8985 21519.766 -28211.6 2388.04 -30599.7 21393.024
7.57 282.83291 650.57964 21416.283 -28081.2 2536.21 -30617.4 21245.724
7.58 268.39882 37.463324 21557.734 -28325.1 2406.77 -30731.9 21375.703
7.59 270.7289 89.810209 21509.921 -28358.7 2427.67 -30786.4 21338.146
7.6 280.37676 828.62802 21471.462 -28198.8 2514.18 -30713 21324.175
7.61 274.7488 -814.60407 21620.782 -28375.5 2463.72 -30839.2 21509.839
7.62 288.00962 -517.14039 21406.413 -28062.2 2582.63 -30644.9 21433.397
7.63 278.80633 285.75564 21274.992 -28327.4 2500.1 -30827.5 21379.708
7.64 257.52453 -53.647055 21408.097 -28447.4 2309.26 -30756.6 21528.686
7.65 277.04197 1020.9554 21443.587 -28345.1 2484.28 -30829.4 21599.316
7.66 270.85067 56.633551 21469.801 -28284.2 2428.76 -30713 21673.151
7.67 280.30086 -121.57952 21557.296 -28227.4 2513.5 -30740.9 21752.556
7.68 272.02844 -1191.5103 21673.935 -28298.6 2439.32 -30738 21840.587
7.69 268.65247 -671.68856 21694.314 -28425.1 2409.05 -30834.1 21837.682
7.7 273.47511 -209.77902 21526.534 -28307.1 2452.29 -30759.4 21694.616
7.71 285.94242 988.36478 21423.113 -28254.6 2564.09 -30818.7 21697.372
7.72 270.33197 -398.22995 21513.967 -28465.3 2424.11 -30889.4 21792.79
7.73 264.14956 -231.02322 21624.125 -28194.8 2368.67 -30563.5 21876.552
7.74 273.25997 269.57962 21298.245 -28216.2 2450.37 -30666.5 21668.53
7.75 273.45816 794.09374 21464.94 -28154.6 2452.14 -30606.7 21772.353
7.76 263.5107 594.47527 21327.111 -28453.4 2362.94 -30816.4 21694.825
7.77 271.32047 87.455334 21441.495 -28348.9 2432.97 -30781.9 21789.151
7.78 275.97812 -7.7196325 21490.137 -28092.4 2474.74 -30567.2 21757.576
7.79 279.47105 502.16615 21321.186 -28163.9 2506.06 -30670 21658.112
7.8 255.83061 566.03913 21552.837 -28395.5 2294.07 -30689.6 21836.383
7.81 253.70536 -721.6694 21462.7 -28300.5 2275.02 -30575.5 21853.071
7.82 276.55674 -1025.4012 21508.068 -28063.7 2479.93 -30543.6 21900.884
7.83 270.58665 -947.96571 21671.338 -28105.6 2426.39 -30532 22028.106
7.84 274.26814 -632.82741 21634.335 -28339.4 2459.41 -30798.8 22036.749
7.85 275.05328 110.97332 21326.02 -28295.5 2466.45 -30762 21850.4
7.86 269.23998 893.47482 21371.317 -28243.8 2414.32 -30658.1 21891.351
7.87 271.96712 -691.67413 21586.864 -28249.4 2438.77 -30688.2 22055.314
7.88 277.10238 553.64969 21358.732 -28220.9 2484.82 -30705.8 21911.324
7.89 283.79013 17.083139 21403.148 -28067.3 2544.79 -30612.1 21960.888
7.9 278.18097 78.886992 21557.597 -28353.8 2494.49 -30848.3 22089.529
7.91 259.6863 172.99056 21459.002 -28417.7 2328.65 -30746.3 22033.571
7.92 279.29411 -50.369312 21418.563 -28165.2 2504.47 -30669.6 22016.453
7.93 277.02818 332.85156 21486.349 -28045.1 2484.16 -30529.3 22095.494
7.94 274.94783 -239.27419 21568.239 -28112.8 2465.5 -30578.3 22180.132
7.95 272.10817 149.47698 21536.705 -28374.5 2440.04 -30814.5 22169.985
7.96 286.10142 539.11474 21521.895 -28011 2565.52 -30576.5 22164.935
7.97 268.66607 -123.91557 21394.567 -28352.4 2409.17 -30761.6 22073.837
7.98 271.38757 260.11244 21378.651 -28389.8 2433.58 -30823.4 22047.098
7.99 270.21602 690.18744 21542.436 -28458.8 2423.07 -30881.9 22174.149
8 277.7701 380.67064 21569.755 -28136 2490.81 -30626.8 22154.653
8.01 271.35068 442.76837 21426.014 -28265.8 2433.24 -30699.1 22116.727
8.02 282.42907 -416.37729 21724.89 -28127.8 2532.59 -30660.4 22348.548
8.03 266.58441 104.50176 21307.084 -28292.1 2390.5 -30682.6 22130.427
8.04 270.44044 -217.23029 21285.3 -28172 2425.08 -30597.1 22158.392
8.05 272.90782 -718.19162 21555.697 -28231.4 2447.21 -30678.6 22382.929
8.06 269.01466 -305.22394 21549.617 -28299 2412.3 -30711.3 22420.076
8.07 276.07079 56.664316 21393.756 -28159.4 2475.57 -30635 22335.712
8.08 267.40668 50.823845 21482.391 -28278.2 2397.88 -30676.1 22470.728
8.09 267.12354 535.6479 21454.194 -28266.2 2395.34 -30661.5 22434.896
8.1 278.96575 446.76415 21481.405 -28342.9 2501.53 -30844.4 22492.573
8.11 264.4705 -611.65764 21508.438 -28416.6 2371.55 -30788.2 22496.142
8.12 264.70374 -770.65363 21701.395 -28200.7 2373.64 -30574.4 22657.275
8.13 266.02419 -875.18195 21684.398 -28480.1 2385.48 -30865.6 22690.361
8.14 277.80516 -78.542854 21394.99 -28184.7 2491.12 -30675.8 22523.369
8.15 275.78289 454.33996 21343.993 -28324.3 2472.99 -30797.3 22494.276
8.16 276.85408 -907.63527 21685.728 -28308 2482.59 -30790.6 22781.521
8.17 289.61898 865.21251 21380.256 -28044.5 2597.06 -30641.5 22629.929
8.18 275.92976 -707.47477 21690.361 -28269.2 2474.31 -30743.5 22836.964
8.19 254.58222 90.288301 21363.223 -28632.6 2282.88 -30915.5 22674.283
8.2 267.80393 -666.08594 21609.504 -28353.1 2401.44 -30754.5 22927.646
8.21 258.64809 440.43563 21443.183 -28525.6 2319.34 -30845 22830.681
8.22 286.59695 312.29833 21220.837 -28154 2569.96 -30724 22702.097
8.23 261.27279 189.05513 21495.584 -28420.1 2342.87 -30763 22994.229
8.24 271.42116 289.04926 21208.299 -28230.6 2433.88 -30664.4 22835.01
8.25 292.63106 -1336.8812 21576.045 -27989.2 2624.07 -30613.2 23174.961
8.26 277.03796 -1039.6125 21666.696 -28282.9 2484.24 -30767.1 23346.882
8.27 268.98453 620.33634 21443.549 -28406.4 2412.03 -30818.4 23252.418
8.28 274.46295 384.55096 21395.914 -28238.2 2461.15 -30699.3 23261.782
8.29 268.88351 590.60816 21379.443 -28581.2 2411.12 -30992.3 23287.685
8.3 275.00725 566.03512 21357.97 -28173.9 2466.03 -30640 23292.968
8.31 271.17081 420.35865 21343.532 -28236.3 2431.63 -30667.9 23310.172
8.32 264.76663 230.96431 21355.258 -28410.2 2374.2 -30784.5 23382.755
8.33 266.43102 -537.33801 21636.239 -28254.8 2389.13 -30643.9 23579.229
8.34 251.25207 -856.61094 21474.822 -28419.4 2253.02 -30672.4 23515.226
8.35 279.30824 54.233082 21427.913 -28103.6 2504.6 -30608.2 23514.344
8.36 269.54514 560.10391 21529.207 -28518.3 2417.05 -30935.4 23683.597
8.37 275.58244 153.52955 21430.29 -28370 2471.19 -30841.2 23728.873
8.38 284.20529 -57.815801 21397.725 -28121.3 2548.51 -30669.8 23709.237
8.39 271.76655 -258.86059 21543.601 -28117.9 2436.97 -30554.9 23883.433
8.4 268.17777 299.54881 21649.051 -28307.6 2404.79 -30712.4 23934.292
8.41 276.28632 -788.72758 21380.441 -28176.1 2477.5 -30653.6 23740.099
8.42 276.77929 -276.24956 21500.948 -28116.4 2481.92 -30598.3 23949.924
8.43 262.4829 20.428219 21590.407 -28323.3 2353.73 -30677.1 24077.694
8.44 278.04849 -1209.8076 21496.091 -28260.1 2493.3 -30753.4 24035.09
8.45 268.32007 517.52774 21248.813 -28239.5 2406.07 -30645.6 23834.287
8.46 269.83034 -29.031279 21487.917 -28036.6 2419.61 -30456.2 24040.721
8.47 265.02429 580.71056 21499.722 -28379.4 2376.51 -30755.9 24108.274
8.48 278.64754 1109.1639 21357.662 -28189.6 2498.68 -30688.3 24023.458
8.49 276.14992 592.10946 21529.744 -28213.8 2476.28 -30690.1 24156.908
8.5 254.13916 -1324.8023 21695.216 -28506.2 2278.91 -30785.1 24272.418
8.51 260.77223 -552.95791 21620.677 -28721.2 2338.39 -31059.6 24188.826
8.52 250.92211 546.48349 21539.344 -28201.7 2250.06 -30451.7 24161.729
8.53 264.0616 -359.40275 21577.681 -28201.4 2367.88 -30569.3 24200.142
8.54 272.78598 129.88333 21260.14 -28429.5 2446.12 -30875.6 23953.849
8.55 274.78406 596.1247 21565.834 -28240.9 2464.03 -30705 24199.218
8.56 268.67092 -773.76066 21524.356 -28246.5 2409.21 -30655.8 24206.295
8.57 274.44009 -634.93927 21623.713 -28138.4 2460.95 -30599.4 24335.593
8.58 275.42593 -900.97732 21576.95 -28170.4 2469.79 -30640.2 24331.228
8.59 280.16345 -356.54268 21559.248 -28467.4 2512.27 -30979.7 24383.745
8.6 268.25477 16.234169 21432.041 -28315.5 2405.48 -30720.9 24275.411
8.61 277.95343 -175.5381 21342.549 -28262 2492.45 -30754.4 24287.137
8.62 272.50868 -359.38261 21297.224 -28211.2 2443.63 -30654.8 24289.81
8.63 279.02739 -208.97791 21694.298 -28238.8 2502.08 -30740.8 24610.358
8.64 272.68519 485.51 21400.252 -28234.9 2445.21 -30680.1 24460.42
8.65 283.31683 -869.20814 21556.165 -28236.2 2540.55 -30776.7 24562.665
8.66 269.98368 -106.67086 21550.579 -28018.7 2420.99 -30439.7 24565.688
8.67 269.19384 694.03196 21244.339 -28284.7 2413.9 -30698.6 24352.651
8.68 283.83119 881.1385 21416.943 -28059.9 2545.16 -30605.1 24516.434
8.69 281.59057 -202.82432 21334.882 -28360 2525.07 -30885 24450.953
8.7 264.70602 172.07105 21405.743 -28265 2373.66 -30638.7 24572.996
8.71 255.84916 198.33298 21538.922 -28466.6 2294.24 -30760.8 24703.489
8.72 283.3887 39.543605 21529.748 -28221.9 2541.19 -30763.1 24655.413
8.73 274.7425 -417.26149 21507.944 -28289.6 2463.66 -30753.3 24706.724
8.74 279.05732 -809.9902 21447.076 -28141 2502.35 -30643.4 24711.488
8.75 262.36409 -512.42292 21768.755 -28489.5 2352.66 -30842.2 24995.777
8.76 259.17302 680.70834 21522.691 -28443.9 2324.05 -30767.9 24885.524
8.77 273.54479 412.16001 21394.226 -28137.8 2452.92 -30590.7 24817.668
8.78 265.591 533.90998 21394.913 -28279.4 2381.6 -30661 24859.723
8.79 285.21876 -615.52293 21509.568 -28466.8 2557.6 -31024.4 25012.76
8.8 278.34659 280.34293 21479.718 -28168.7 2495.98 -30664.7 25080.733
8.81 271.5126 345.09191 21557.737 -28198.2 2434.7 -30632.9 25146.657
8.82 272.10357 169.35742 21659.239 -28050.7 2440 -30490.7 25237.826
8.83 286.75077 22.331644 21322.113 -28323.4 2571.34 -30894.7 24953.789
8.84 260.14849 1163.9365 21382.429 -28427.9 2332.79 -30760.7 25075.5
8.85 270.72791 766.78953 21301.061 -28283.2 2427.66 -30710.8 25001.638
8.86 293.17757 1338.6736 21439.462 -27959.5 2628.97 -30588.5 25150.761
8.87 274.60003 -622.24895 21365.808 -28188.7 2462.38 -30651.1 25121.573
8.88 263.27402 -1020.9666 21784.518 -28288.2 2360.82 -30649 25454.263
8.89 271.53229 -311.92198 21686.759 -28256.4 2434.87 -30691.3 25479.819
8.9 284.09002 -998.77113 21581.239 -28203.1 2547.48 -30750.6 25381.623
8.91 273.78697 -14.541488 21519.74 -28228.1 2455.09 -30683.1 25412.761
8.92 255.89431 -817.10939 21501.451 -28324.3 2294.64 -30618.9 25389.123
8.93 277.53964 481.5865 21500.605 -28289.8 2488.74 -30778.6 25467.694
8.94 254.06396 -640.10821 21531.386 -28462.9 2278.23 -30741.1 25551.75
8.95 271.13401 -717.36667 21437.037 -28167.6 2431.3 -30598.9 25499.237
8.96 286.12955 -32.543615 21641.942 -28181.8 2565.77 -30747.6 25676.248
8.97 265.86193 714.5405 21429.55 -28286.4 2384.03 -30670.4 25548.85
8.98 277.51853 -333.08516 21475.611 -28209.4 2488.55 -30698 25639.837
8.99 260.16031 -131.10561 21351.386 -28353.6 2332.9 -30686.5 25563.738
9 285.9038 844.95752 21425.176 -28057.3 2563.74 -30621 25637.127
9.01 269.14213 373.14793 21334.106 -28326.1 2413.44 -30739.6 25610.987
9.02 260.83344 -215.14635 21761.325 -28310.7 2338.93 -30649.7 26006.577
9.03 263.3234 45.219243 21373.875 -28518.1 2361.26 -30879.4 25719.085
9.04 263.78918 -215.39059 21354.097 -28300.1 2365.44 -30665.6 25806.719
9.05 267.66708 -367.59746 21506.994 -28195.9 2400.21 -30596.1 25947.271
9.06 257.72752 502.44727 21289 -28390.4 2311.08 -30701.4 25760.505
9.07 274.37743 -95.50351 21628.497 -28139.3 2460.39 -30599.7 26071.612
9.08 274.58383 -596.99647 21375.674 -28281.7 2462.24 -30743.9 25895.419
9.09 284.38891 1312.6317 21260.253 -28168.6 2550.16 -30718.7 25893.912
9.1 265.10834 669.35904 21456.726 -28435.6 2377.27 -30812.8 26016.943
9.11 268.60548 -58.86058 21608.79 -28160.2 2408.63 -30568.8 26155.934
9.12 291.2844 7.4043065 21613.41 -28129.2 2611.99 -30741.2 26143.634
9.13 260.83855 29.230438 21504.836 -28259 2338.98 -30598 26062.842
9.14 280.62956 172.88517 21352.646 -28229.4 2516.45 -30745.9 25998.892
9.15 266.77038 357.40561 21479.125 -28311.6 2392.17 -30703.8 26116.115
9.16 269.20753 437.55685 21357.403 -28424.5 2414.03 -30838.5 25981.994
9.17 278.58453 -505.82166 21644.629 -28110.8 2498.11 -30608.9 26211.779
9.18 261.81071 188.6701 21622.689 -28401.7 2347.7 -30749.4 26177.878
9.19 273.8837 -488.10403 21691.324 -28099.2 2455.96 -30555.2 26322.204
9.2 275.0021 -776.88341 21543.795 -28319.5 2465.99 -30785.5 26253.912
9.21 272.04493 791.89412 21378.24 -28285 2439.47 -30724.4 26111.682
9.22 279.64202 -569.4267 21481.659 -28107.8 2507.59 -30615.4 26202.559
9.23 276.84116 -205.28649 21407.087 -28114.7 2482.48 -30597.1 26160.187
9.24 281.87307 189.31334 21500.869 -28253.7 2527.6 -30781.3 26312.664
9.25 268.70404 669.51239 21569.358 -28140.6 2409.51 -30550.2 26389.266
9.26 266.02634 -234.58177 21626.347 -28220.7 2385.5 -30606.2 26548.877
9.27 265.03035 -68.463643 21563.782 -28380.9 2376.57 -30757.5 26508.507
9.28 272.23875 328.05784 21430.532 -28176.3 2441.21 -30617.5 26447.516
9.29 273.47861 -844.31432 21675.859 -28248.6 2452.33 -30700.9 26604.925
9.3 289.7347 38.525634 21633.468 -28060.9 2598.1 -30659 26604.559
9.31 273.06522 -177.40555 21506.471 -28208.9 2448.62 -30657.5 26506.236
9.32 289.90467 -105.04345 21424 -28304.5 2599.62 -30904.2 26477.867
9.33 288.13629 171.43527 21375.194 -28199.1 2583.76 -30782.9 26420.627
9.34 260.00525 399.38885 21623.694 -28520 2331.51 -30851.6 26672.53
9.35 271.0462 42.955344 21576.575 -28376.5 2430.51 -30807.1 26608.135
9.36 263.00706 -924.07828 21583.669 -28560.9 2358.43 -30919.3 26614.501
9.37 260.22119 -784.38561 21580.659 -28319.9 2333.44 -30653.4 26659.889
9.38 266.43187 -181.6469 21455.181 -28538.3 2389.14 -30927.4 26544.416
9.39 276.51461 189.63394 21315.636 -28242.3 2479.55 -30721.8 26409.633
9.4 281.38295 401.10559 21451.929 -28204.9 2523.21 -30728.1 26495.884
9.41 261.75405 311.68671 21357.231 -28514.9 2347.19 -30862 26455.664
9.42 278.33551 -429.04582 21677.518 -28265.7 2495.88 -30761.6 26743.576
9.43 274.98421 42.67856 21385.095 -28147 2465.83 -30612.8 26494.472
9.44 258.7002 -58.590715 21458.06 -28592.6 2319.81 -30912.4 26551.802
9.45 275.07643 80.972191 21448.091 -28061 2466.65 -30527.6 26527.438
9.46 262.01066 -191.74769 21460.315 -28273.7 2349.49 -30623.2 26567.249
9.47 267.1684 -500.00289 21386.589 -28429.2 2395.74 -30824.9 26577.95
9.48 276.99874 64.15907 21470.188 -28426.9 2483.89 -30910.8 26726.475
9.49 263.61157 16.438466 21414.73 -28317.7 2363.85 -30681.5 26691.993
9.5 255.77432 -131.10514 21514.249 -28585.2 2293.57 -30878.8 26830.929
9.51 272.89039 -892.15948 21691.528 -28391.2 2447.05 -30838.2 27003.639
9.52 260.33454 -604.27508 21537.104 -28379.4 2334.46 -30713.8 26922.314
9.53 286.92594 -83.266072 21555.894 -28182.5 2572.91 -30755.4 27024.509
9.54 276.28614 100.12917 21476.155 -28220.1 2477.5 -30697.6 26988.145
9.55 272.68538 -106.46373 21328.541 -28501.3 2445.21 -30946.5 26829.084
9.56 273.03746 -47.209979 21416.067 -28252.6 2448.37 -30701 26966.613
9.57 265.49787 67.430916 21538.55 -28194.1 2380.76 -30574.9 27085.681
9.58 274.0138 371.8827 21522.914 -28407 2457.13 -30864.1 27126.142
9.59 249.71421 -1037.0911 21754.751 -28461 2239.23 -30700.2 27332.305
9.6 288.13749 -532.35281 21646.686 -28204.9 2583.77 -30788.7 27272.123
9.61 275.88022 987.46606 21604.18 -28140.8 2473.86 -30614.7 27333.079
9.62 271.25927 178.77994 21281.574 -28361.8 2432.42 -30794.3 27086.452
9.63 282.17026 488.108 21514.222 -28126.5 2530.27 -30656.8 27385.18
9.64 272.94291 12.552302 21413.807 -28237.9 2447.52 -30685.5 27349.638
9.65 259.49567 -533.41846 21705.91 -28494.6 2326.94 -30821.6 27589.525
9.66 276.44969 -103.27219 21475.587 -28233.8 2478.97 -30712.8 27434.926
9.67 272.93488 1183.1898 21342.008 -28367.7 2447.45 -30815.2 27413.057
9.68 276.48219 -669.53118 21467.669 -28268.4 2479.26 -30747.6 27573.172
9.69 275.35014 666.32952 21633.462 -28315.7 2469.11 -30784.8 27760.739
9.7 262.31998 -1113.5613 21669.585 -28426.9 2352.26 -30779.1 27852.117
9.71 273.32698 283.41199 21484.207 -28316.2 2450.97 -30767.2 27741.025
9.72 285.10055 441.80016 21478.626 -28012.5 2556.54 -30569.1 27815.765
9.73 259.47306 630.36701 21511.148 -28328.3 2326.74 -30655 27873.126
9.74 274.19707 -746.92523 21523.255 -28320.7 2458.77 -30779.5 27910.15
9.75 269.91688 755.25969 21470.722 -28194 2420.39 -30614.4 27907.445
9.76 277.84551 155.02581 21431.62 -28211.5 2491.48 -30703 27932.914
9.77 281.60523 84.062483 21296.585 -28173.1 2525.2 -30698.3 27806.227
9.78 267.76193 272.41999 21165.554 -28295.3 2401.06 -30696.4 27779.282
9.79 271.17393 341.81179 21429.509 -28389.5 2431.66 -30821.2 28003.004
9.8 275.70837 -433.01578 21617.529 -28198.1 2472.32 -30670.4 28182.24
9.81 291.6169 -749.61952 21793.98 -27947 2614.98 -30562 28331.527
9.82 270.72611 -693.2285 21558.051 -28233.5 2427.64 -30661.1 28178.939
9.83 274.90421 -168.06365 21550.778 -28157.4 2465.11 -30622.5 28159.945
9.84 281.32244 158.47969 21688.17 -28044.4 2522.66 -30567.1 28275.62
9.85 268.98362 -332.61197 21571.699 -28223 2412.02 -30635 28237.052
9.86 273.79205 942.20766 21238.056 -28262.4 2455.14 -30717.5 28025.606
9.87 271.09864 102.43708 21330.746 -28379.3 2430.98 -30810.3 28089.301
9.88 277.58887 952.51328 21196.83 -28074.1 2489.18 -30563.3 28002.509
9.89 271.03271 -36.403804 21447.593 -28278.9 2430.39 -30709.3 28251.758
9.9 254.51788 242.89364 21380.941 -28632.3 2282.3 -30914.6 28197.358
9.91 273.11411 -449.59796 21607.211 -28210.5 2449.06 -30659.5 28398.738
9.92 278.68197 95.638746 21503.266 -28337.4 2498.99 -30836.4 28344.972
9.93 268.94666 461.44918 21463.415 -28418.9 2411.69 -30830.6 28378.433
9.94 270.33592 -615.79796 21381.265 -28289 2424.15 -30713.1 28308.629
9.95 278.15484 770.24083 21375.334 -28300.7 2494.26 -30794.9 28269.981
9.96 281.59644 167.89422 21425.084 -28089.9 2525.12 -30615 28321.579
9.97 269.86801 109.07673 21480.35 -28282.1 2419.95 -30702.1 28336.684
9.98 267.17728 -1096.1146 21547.998 -28472.9 2395.82 -30868.7 28425.544
