0 269.48505 -188.81011 46376.656 -63506.5 5132.15 -68638.6 9.6688429
0.01 279.34934 -20.94247 46275.145 -63512.2 5320.01 -68832.2 21.862827
0.02 273.66893 138.60035 46192.561 -63434.6 5211.83 -68646.5 32.6409
0.03 270.01293 87.774216 46364.484 -63617.1 5142.21 -68759.3 41.05198
0.04 266.84115 -830.32232 46646.697 -63687.2 5081.8 -68769 50.128225
0.05 282.32222 761.68795 46100.513 -63171 5376.63 -68547.6 58.633145
0.06 269.10365 40.572102 46383.108 -63435 5124.89 -68559.9 67.454828
0.07 271.69353 337.06838 46196.899 -63447 5174.21 -68621.2 76.316535
0.08 264.15598 -0.51409965 46064.929 -63559 5030.67 -68589.6 86.514004
0.09 266.76529 593.45124 46037.567 -63631.4 5080.36 -68711.8 96.552609
0.1 278.16673 439.82876 46368.138 -63320.3 5297.49 -68617.8 105.17456
0.11 272.08463 -288.27951 46495.49 -63657.2 5181.66 -68838.9 116.3349
0.12 269.3935 -409.71787 46608.307 -63900.3 5130.41 -69030.7 125.82266
0.13 276.13972 1075.6384 45860.352 -63261.9 5258.89 -68520.8 136.63796
0.14 277.27096 646.4328 46404.03 -63722.6 5280.43 -69003 146.31202
0.15 279.24101 -532.73426 46755.504 -64014.1 5317.95 -69332.1 153.89398
0.16 277.56319 -222.62916 46728.632 -64211 5286 -69497 160.54968
0.17 274.81516 138.23434 46317.141 -63984.6 5233.66 -69218.3 168.9246
0.18 277.93886 -96.322759 46449.351 -63420.5 5293.15 -68713.7 179.57918
0.19 271.41693 -212.81188 46578.229 -63779.5 5168.95 -68948.4 187.10619
0.2 265.25619 -644.47866 46497.275 -64135.3 5051.62 -69186.9 194.91133
0.21 272.56257 494.05026 46315.25 -63596.2 5190.76 -68787 201.19309
0.22 275.81215 -126.8932 46601.168 -63900.6 5252.65 -69153.2 209.16067
0.23 269.72911 465.85283 46208.501 -64055.6 5136.8 -69192.4 216.50927
0.24 277.8368 -348.75218 46531.453 -63758.3 5291.21 -69049.5 224.55087
0.25 275.18031 -132.32012 46482.036 -63928.3 5240.62 -69168.9 231.65227
0.26 270.3014 547.24224 46167.064 -64450.8 5147.7 -69598.5 239.38542
0.27 278.36475 186.01198 46308.38 -63899 5301.26 -69200.2 246.36266
0.28 283.84155 -394.79587 46831.049 -64314.8 5405.56 -69720.4 251.35219
0.29 269.82273 242.80544 46359.66 -64478.4 5138.59 -69617 254.16379
0.3 264.92317 29.697589 46610.708 -64326.6 5045.28 -69371.9 255.32356
0.31 274.63518 -340.90231 46787.887 -63774.6 5230.23 -69004.8 258.18836
0.32 267.38553 -361.60212 46600.413 -64017.9 5092.17 -69110 266.66414
0.33 273.12746 42.747886 46267.503 -64446.4 5201.52 -69648 273.05372
0.34 262.97846 -573.08559 46916.091 -64595.9 5008.24 -69604.1 281.58766
0.35 270.02615 678.79648 46160.088 -64097.4 5142.46 -69239.9 286.78081
0.36 269.67986 -126.24359 46468.783 -64198.3 5135.86 -69334.2 295.47243
0.37 268.13065 -153.1273 46535.867 -64306.1 5106.36 -69412.5 306.36684
0.38 276.49062 735.4418 46327.501 -64239.2 5265.57 -69504.7 311.74986
0.39 262.82685 125.42191 46460.915 -64529.5 5005.35 -69534.8 314.91629
0.4 262.59623 166.67263 46419.792 -64175.8 5000.96 -69176.8 319.14911
0.41 258.92181 224.70759 46616.052 -64597 4930.98 -69528 325.6858
0.42 272.47387 99.943225 46684.111 -64475.7 5189.07 -69664.7 332.2829
0.43 282.38985 -30.750603 46745.122 -64543.5 5377.92 -69921.4 332.55841
0.44 272.95211 -255.30907 46773.387 -64793.4 5198.18 -69991.6 333.89663
0.45 261.57101 6.9811971 46228.442 -65080.6 4981.44 -70062 340.71216
0.46 286.44352 194.37833 46380.953 -64902.2 5455.12 -70357.3 346.96049
0.47 265.56902 137.88067 46446.259 -65620.5 5057.58 -70678.1 350.48964
0.48 268.79028 98.678756 46664.447 -65075.1 5118.92 -70194 353.35072
0.49 267.85416 105.13343 46443.457 -65440.8 5101.1 -70541.9 357.00159
0.5 268.55565 -616.47032 46916.54 -65113.8 5114.45 -70228.3 366.306
0.51 268.22609 -59.623203 46593.12 -65280.2 5108.18 -70388.4 368.29122
0.52 275.1327 482.86946 46503.022 -65532.7 5239.71 -70772.4 371.48563
0.53 266.22762 879.31251 46320.547 -65133.7 5070.12 -70203.8 373.47522
0.54 275.54685 -482.26767 46859.628 -65256.5 5247.6 -70504.1 382.45173
0.55 263.60985 522.7905 46402.757 -65265.1 5020.26 -70285.4 384.27163
0.56 276.96173 -48.346926 46530.14 -64742.5 5274.54 -70017 386.42675
0.57 265.03546 -200.33597 46734.528 -65264.3 5047.41 -70311.7 392.00069
0.58 282.33109 1117.3577 46013.61 -64798.1 5376.8 -70174.9 392.91068
0.59 261.0089 -219.25096 46590.643 -65073.9 4970.73 -70044.6 406.39044
0.6 266.55216 -458.13244 46961.298 -64756.1 5076.3 -69832.4 410.9815
0.61 271.5938 -91.927599 46642.341 -64474.3 5172.31 -69646.7 414.52276
0.62 270.19873 -491.57081 46939.566 -64469.4 5145.75 -69615.1 418.34393
0.63 270.37003 130.91324 46319.163 -64452.9 5149.01 -69601.9 425.38826
0.64 275.18233 -412.52227 46764.127 -64545.5 5240.65 -69786.2 429.30128
0.65 267.74939 575.64879 46213.92 -65024.9 5099.1 -70124 432.86988
0.66 274.77513 412.29934 46393.002 -65229.5 5232.9 -70462.4 440.33484
0.67 279.47401 -550.87949 46889.504 -64765.3 5322.39 -70087.7 448.52356
0.68 262.89507 -211.82811 46882.662 -65375.1 5006.65 -70381.8 453.91541
0.69 265.26858 406.26451 46267.626 -65348.9 5051.85 -70400.7 450.26446
0.7 273.46358 46.431744 46561.735 -64849.1 5207.92 -70057 457.61153
0.71 275.09251 -312.91204 46563.991 -64829.8 5238.94 -70068.7 460.59435
0.72 269.77558 -457.54294 46793.085 -65054.7 5137.69 -70192.4 465.8963
0.73 273.53294 143.02323 46556.768 -65001.6 5209.24 -70210.9 467.18528
0.74 272.17522 -437.94049 46740.949 -64956.4 5183.39 -70139.8 472.9584
0.75 275.44274 -65.834726 46695.408 -64843.8 5245.61 -70089.5 472.83136
0.76 279.06673 -144.9892 46792.79 -64945.7 5314.63 -70260.3 480.8514
0.77 277.27001 -255.41354 46724.858 -64735.8 5280.41 -70016.2 486.601
0.78 269.37268 347.31943 46404.902 -64959.8 5130.01 -70089.8 488.70328
0.79 266.22749 -400.04468 46831.199 -64939.6 5070.12 -70009.7 493.67991
0.8 274.42426 202.71916 46513.864 -64974.3 5226.22 -70200.5 496.79588
0.81 282.89584 35.986455 46587.443 -64647.5 5387.55 -70035 500.32291
0.82 274.86477 362.6757 46493.483 -65100.8 5234.61 -70335.4 507.83063
0.83 267.10943 -241.94726 46702.961 -65374.2 5086.91 -70461.1 510.23266
0.84 271.97906 342.89611 46414.695 -65395.3 5179.65 -70575 510.60076
0.85 261.44818 150.32132 46540.522 -65416.8 4979.1 -70395.9 515.30018
0.86 267.98229 -172.25056 46725.318 -65149.9 5103.54 -70253.5 521.36287
0.87 271.72276 -56.027361 46558.338 -64988.8 5174.77 -70163.6 520.36771
0.88 260.79763 -251.5801 46602.756 -65288.2 4966.71 -70254.9 522.67897
0.89 279.65911 359.37646 46444.434 -65045.3 5325.91 -70371.2 530.67096
0.9 262.67673 -64.493222 46588.48 -65474.3 5002.49 -70476.7 535.7745
0.91 270.61101 -314.76918 46697.617 -65000.4 5153.6 -70154 542.87938
0.92 269.94498 -417.73632 46596.602 -64856.3 5140.91 -69997.2 548.26275
0.93 269.51343 -561.6819 46950.334 -65431.2 5132.69 -70563.9 554.6309
0.94 274.23403 257.06941 46525.441 -65430.4 5222.6 -70653 555.76118
0.95 255.59072 -593.25706 46788.405 -65569.8 4867.55 -70437.4 558.47852
0.96 272.94801 263.5901 46503.687 -65083.5 5198.1 -70281.6 560.40744
0.97 269.83926 -227.70882 46579 -65077.6 5138.9 -70216.5 565.36654
0.98 276.64598 340.06128 46342.73 -65073.6 5268.53 -70342.1 568.69754
0.99 276.87773 65.158923 46437.354 -64808.8 5272.94 -70081.8 577.17703
1 272.63369 79.832866 46590.349 -64943.8 5192.12 -70136 584.36561
1.01 286.32791 498.82568 46422.398 -64668.8 5452.91 -70121.7 585.92538
1.02 266.96276 -449.10499 46948.142 -65027.2 5084.12 -70111.4 593.61292
1.03 272.74961 476.22293 46546.839 -65345.5 5194.33 -70539.8 595.70605
1.04 274.69948 -242.01506 46696.959 -64907.2 5231.46 -70138.7 598.94611
1.05 275.94916 -342.25123 47009.313 -64814.4 5255.26 -70069.7 607.80458
1.06 277.33808 -598.97317 46850.812 -65212.2 5281.71 -70493.9 612.98533
1.07 278.77106 -316.84271 46727.277 -65149.6 5309 -70458.6 617.30767
1.08 277.67712 716.91425 46292.953 -65604.2 5288.17 -70892.4 616.95782
1.09 269.82449 -255.65086 46786.961 -65667.8 5138.62 -70806.4 623.72601
1.1 271.94582 163.70589 46464.525 -65536.6 5179.02 -70715.6 625.94548
1.11 272.88538 -659.00822 47111.594 -65659.8 5196.91 -70856.8 632.36119
1.12 279.55906 541.97323 46474.105 -65646 5324.01 -70970 628.0815
1.13 268.35052 413.68822 46522.097 -65959 5110.55 -71069.5 630.02594
1.14 277.07307 -467.42267 46995.186 -65604.2 5276.66 -70880.8 636.49514
1.15 269.83109 161.39547 46637.226 -66093.6 5138.74 -71232.3 634.41381
1.16 268.22024 -658.43632 46924.476 -66136.2 5108.07 -71244.3 637.44762
1.17 269.84014 -13.378124 46803.851 -65894.4 5138.92 -71033.4 640.51884
1.18 276.6183 -385.90514 46874.398 -65890.5 5268 -71158.5 644.06436
1.19 276.83452 173.52878 46637.397 -66050.2 5272.12 -71322.3 643.31881
1.2 277.73794 -492.68899 47081.565 -65761.2 5289.32 -71050.5 649.64962
1.21 276.06996 135.48664 46613.6 -65676.8 5257.56 -70934.4 647.13556
1.22 267.96557 -239.1456 46872.01 -65341.3 5103.22 -70444.5 652.12256
1.23 277.10844 -35.251178 46582.209 -65597.9 5277.34 -70875.3 652.26728
1.24 274.42484 -338.39415 46917.057 -65570.7 5226.23 -70797 657.76801
1.25 259.43485 664.95319 46261.142 -65874.9 4940.76 -70815.6 657.10502
1.26 274.65265 7.3918809 46509.865 -66082.8 5230.57 -71313.4 660.98327
1.27 266.25667 45.778597 46523.22 -65865.3 5070.67 -70936 660.28366
1.28 272.40964 -531.63685 47043.648 -65700.5 5187.85 -70888.4 669.49301
1.29 273.35661 78.361899 46701.377 -65747.1 5205.89 -70953 667.17485
1.3 277.05634 395.45938 46676.459 -66027.3 5276.34 -71303.6 669.6596
1.31 267.81282 -896.93258 47145.179 -65786.6 5100.31 -70886.9 671.68074
1.32 259.99317 271.01837 46581.744 -66120.7 4951.39 -71072 669.40798
1.33 267.30978 261.81405 46684.577 -66031.1 5090.73 -71121.8 673.47707
1.34 266.66993 610.4558 46344.803 -66087.4 5078.54 -71165.9 671.8738
1.35 269.91178 -619.03924 47091.117 -66221.6 5140.28 -71361.9 679.55684
1.36 278.34074 -369.27074 47039.975 -65809.1 5300.8 -71109.9 682.00997
1.37 273.76761 -189.59593 46828.583 -66257.3 5213.71 -71471 679.6879
1.38 272.45545 -192.08409 46928.009 -66327.3 5188.72 -71516 683.59486
1.39 260.96073 -429.20605 46970.97 -66595.8 4969.81 -71565.6 685.56007
1.4 268.40283 65.598809 46683.412 -66263.1 5111.54 -71374.6 683.85172
1.41 271.61124 458.12832 46385.327 -66408.6 5172.65 -71581.3 681.76188
1.42 267.73694 -126.25361 46772.113 -66336.7 5098.86 -71435.5 686.21635
1.43 267.99567 731.3296 46325.486 -66618.2 5103.79 -71722 684.61073
1.44 274.65978 400.03121 46478.11 -66293.7 5230.7 -71524.4 687.40721
1.45 272.75304 -294.37696 46984.598 -65958 5194.39 -71152.4 691.68236
1.46 273.8531 418.86728 46515.915 -66210.5 5215.34 -71425.8 689.93193
1.47 266.18334 800.57016 46456.947 -66313.8 5069.28 -71383.1 687.98736
1.48 271.8701 300.28279 46540.076 -66273.4 5177.58 -71450.9 688.19784
1.49 257.15529 74.261726 46618.398 -66623.6 4897.34 -71521 689.79202
1.5 275.60329 674.73616 46381.552 -66226.6 5248.67 -71475.3 688.32434
1.51 275.33254 102.43644 46613.652 -66338.3 5243.52 -71581.8 692.58502
1.52 273.75666 -193.78365 46826.897 -66204 5213.5 -71417.5 695.14684
1.53 273.34014 -125.482 46733.89 -65906.3 5205.57 -71111.9 695.5205
1.54 268.51604 533.94764 46457.873 -66221.8 5113.7 -71335.5 694.88841
1.55 281.69406 539.67 46503.194 -65620.7 5364.67 -70985.4 693.33409
1.56 275.2486 161.50021 46568.644 -66083.7 5241.92 -71325.6 693.86559
1.57 260.95894 1021.7779 46244.429 -66355.9 4969.78 -71325.7 692.52966
1.58 276.08297 -422.8805 46863.164 -65852.9 5257.81 -71110.7 697.31323
1.59 270.88456 559.1167 46527.454 -66086 5158.81 -71244.8 697.14214
1.6 274.95326 -240.81065 46919.643 -66152.8 5236.29 -71389.1 700.95268
1.61 279.00405 -472.02411 47019.384 -65755.6 5313.44 -71069 701.37025
1.62 273.95604 -441.64455 47015.193 -65525.6 5217.3 -70742.9 701.56742
1.63 268.22471 -5.6494627 46648.313 -66018.6 5108.15 -71126.8 700.65498
1.64 274.02293 -361.95789 46854.452 -65934 5218.58 -71152.6 703.16152
1.65 280.34444 -71.584966 46770.87 -65702.9 5338.96 -71041.8 707.62299
1.66 263.01366 337.60008 46507.096 -65948.9 5008.91 -70957.8 707.37492
1.67 268.50893 68.001185 46541.787 -65555.9 5113.56 -70669.5 709.74984
1.68 274.74291 -431.20361 46646.969 -65637.2 5232.29 -70869.5 715.80842
1.69 273.09243 789.9807 46203.31 -65505.1 5200.85 -70706 718.92768
1.7 274.10806 -365.52876 46740.636 -65709 5220.2 -70929.2 728.78923
1.71 264.23892 -366.69091 46749.928 -65741.3 5032.25 -70773.5 734.62995
1.72 277.64741 159.76382 46607.959 -65551.6 5287.6 -70839.2 735.94665
1.73 264.94168 253.15391 46480.196 -65883.3 5045.63 -70928.9 739.38395
1.74 262.27875 -865.4116 46992.588 -65707.6 4994.92 -70702.5 748.39632
1.75 275.42561 39.075475 46528.953 -65251.1 5245.29 -70496.4 749.09264
1.76 285.00337 377.02135 46505.914 -65169.7 5427.69 -70597.4 749.8435
1.77 262.85732 -549.99153 46872.015 -65605.6 5005.93 -70611.5 754.4494
1.78 269.66334 -34.320594 46577.863 -65254.6 5135.55 -70390.2 757.62682
1.79 277.21408 -368.48749 46794.156 -64859.6 5279.35 -70138.9 767.59193
1.8 262.41689 -81.300292 46540.979 -65160 4997.55 -70157.5 768.83248
1.81 269.57824 6.3588394 46632.707 -64939.8 5133.93 -70073.7 774.29709
1.82 294.00033 -256.0513 46954.061 -64511.3 5599.03 -70110.3 778.10607
1.83 274.99036 506.49202 46399.359 -65168.9 5237 -70405.9 778.08852
1.84 263.48651 208.05777 46519.047 -65225.3 5017.92 -70243.2 775.45168
1.85 261.29734 165.08481 46488.231 -65106.5 4976.22 -70082.7 780.01354
1.86 265.8713 214.25991 46486.164 -64867.9 5063.33 -69931.3 784.24101
1.87 268.50159 30.063595 46491.451 -64741.8 5113.42 -69855.2 785.82858
1.88 266.9621 -316.99653 46697.636 -64979.3 5084.11 -70063.4 788.87157
1.89 262.41143 -73.474544 46471.346 -65036.3 4997.44 -70033.8 789.66634
1.9 276.78753 -780.0302 46989.93 -64656.8 5271.22 -69928 798.85623
1.91 270.42424 269.66951 46445.851 -64910.2 5150.04 -70060.3 791.82616
1.92 271.05263 366.41413 46291.184 -64553.6 5162.01 -69715.6 793.52747
1.93 272.51185 213.81677 46472.508 -64674 5189.8 -69863.8 800.93947
1.94 264.1939 -691.36363 46821.356 -64567.5 5031.39 -69598.9 802.83168
1.95 274.89861 -176.39664 46661.787 -64317.4 5235.25 -69552.6 803.40825
1.96 275.37237 -191.20742 46581.742 -64710.4 5244.27 -69954.7 807.83495
1.97 262.98792 -321.28161 46544.569 -64585.8 5008.42 -69594.2 816.70139
1.98 267.49826 250.77531 46291.361 -64461.2 5094.32 -69555.5 817.37163
1.99 267.89919 352.59185 46388.996 -64806.9 5101.95 -69908.9 819.34384
2 264.05832 -307.52111 46598.936 -64645.1 5028.81 -69673.9 828.60126
2.01 267.61671 128.95481 46435.444 -64915.1 5096.57 -70011.7 829.68764
2.02 274.48744 -179.46147 46505.564 -64755.1 5227.42 -69982.5 838.9137
2.03 268.74372 129.71124 46411.958 -65331.1 5118.04 -70449.1 844.30972
2.04 268.10403 778.89351 46159.365 -65215 5105.85 -70320.9 847.4236
2.05 275.20651 685.33424 46249.371 -65323 5241.12 -70564.1 852.49864
2.06 269.48349 -0.86586835 46777.831 -65297.7 5132.12 -70429.8 860.29319
2.07 273.0058 194.82071 46618.211 -65352.5 5199.2 -70551.7 861.69954
2.08 262.42023 -184.08425 46530.396 -65564.1 4997.61 -70561.7 865.20851
2.09 272.64846 -138.10239 46793.295 -65137 5192.4 -70329.4 871.97824
2.1 265.11525 -414.89668 46789.15 -65604 5048.93 -70652.9 874.71236
2.11 270.9366 77.023382 46546.134 -65776.4 5159.8 -70936.2 875.58861
2.12 277.58632 482.77186 46358.409 -65271.9 5286.44 -70558.4 879.50778
2.13 265.71732 389.13088 46406.767 -65788.3 5060.4 -70848.7 884.92623
2.14 278.65448 -302.25122 46697.79 -65288.9 5306.78 -70595.7 889.58986
2.15 277.11702 359.77944 46380.4 -65431.7 5277.5 -70709.2 889.37389
2.16 267.74735 -759.60923 46911.817 -65935.4 5099.06 -71034.5 897.14063
2.17 264.27461 -338.87176 46730.778 -65614 5032.92 -70646.9 899.35785
2.18 274.66242 114.16442 46575.21 -65327.3 5230.75 -70558 899.73794
2.19 266.90874 79.062544 46655.521 -65621.3 5083.09 -70704.4 899.07442
2.2 271.18966 -354.92559 46793.003 -65341.6 5164.62 -70506.3 905.55538
2.21 268.55253 -913.31206 47218.029 -65618 5114.39 -70732.4 912.5109
2.22 270.90846 259.41059 46678.594 -65345.1 5159.26 -70504.3 909.98291
2.23 274.77643 84.77141 46728.911 -65694.2 5232.92 -70927.1 911.3957
2.24 266.33815 -5.1023073 46538.504 -65891.1 5072.22 -70963.3 911.91654
2.25 281.96854 25.498842 46654.545 -65612 5369.89 -70981.9 916.69608
2.26 271.22552 1039.507 46002.018 -65888.7 5165.3 -71054 911.21516
2.27 270.31867 7.7348011 46765.716 -65815.8 5148.03 -70963.8 918.72287
2.28 273.50078 137.49178 46439.511 -65893 5208.63 -71101.6 918.48847
2.29 275.50069 765.26613 46259.671 -65520.9 5246.72 -70767.6 917.42476
2.3 269.32883 293.12185 46419.158 -65772.3 5129.18 -70901.5 921.23447
2.31 272.41136 -137.59744 46840.929 -65737.2 5187.88 -70925.1 930.19645
2.32 273.23044 -498.39172 46989.214 -65433.1 5203.48 -70636.6 935.39083
2.33 268.9394 -122.96045 46766.138 -65329.1 5121.76 -70450.8 931.70931
2.34 278.92456 96.459049 46541.72 -65376.1 5311.92 -70688 932.48336
2.35 261.13319 -254.86773 46600.487 -65687.1 4973.1 -70660.2 934.10075
2.36 276.30203 -543.19197 47031.077 -65620.8 5261.98 -70882.8 942.9764
2.37 270.55156 814.73079 46348.919 -66170.6 5152.47 -71323 933.20137
2.38 275.02365 417.854 46590.303 -66084.4 5237.63 -71322 936.62272
2.39 279.22231 117.48161 46695.033 -65689.2 5317.59 -71006.8 938.22442
2.4 273.16012 -54.981661 46690.181 -65948.6 5202.14 -71150.8 939.90339
2.41 272.66479 -30.74654 46656.165 -65901.7 5192.71 -71094.4 941.95322
2.42 268.26917 -224.77349 46843.374 -66089.4 5109 -71198.3 949.4648
2.43 272.86616 -593.39923 47037.385 -65938.8 5196.55 -71135.4 947.07884
2.44 272.6321 407.44258 46350.611 -65851.5 5192.09 -71043.6 943.71585
2.45 263.9944 -97.304506 46864.929 -66189.4 5027.59 -71217 946.49068
2.46 271.31672 -1149.3152 47410.273 -65803.5 5167.04 -70970.6 954.09654
2.47 255.30468 -494.22472 46988.613 -66411.3 4862.1 -71273.4 951.5718
2.48 278.64123 322.76575 46750.654 -65702 5306.53 -71008.5 950.97961
2.49 267.85706 -148.22895 46745.804 -66193.5 5101.15 -71294.7 952.09343
2.5 273.16267 -170.42523 46697.517 -66345.9 5202.19 -71548.1 952.63645
2.51 264.59279 746.21003 46087.253 -66350.1 5038.98 -71389.1 948.2788
2.52 266.93679 158.64899 46453.087 -66257.4 5083.62 -71341 952.74803
2.53 274.21681 -224.13248 46868.101 -65775 5222.27 -70997.3 958.8044
2.54 268.84158 -15.157678 46703.221 -66228.3 5119.9 -71348.1 956.46193
2.55 269.12588 184.49362 46405.575 -66022.9 5125.31 -71148.2 952.5899
2.56 278.97464 597.0468 46263.013 -65576.3 5312.88 -70889.2 952.47646
2.57 277.89431 139.96597 46504.137 -65613.4 5292.3 -70905.7 956.23974
2.58 270.66712 -757.3863 46936.288 -65966.1 5154.67 -71120.8 966.87426
2.59 267.34923 161.6347 46637.352 -65577.9 5091.48 -70669.3 965.97483
2.6 269.12331 342.62214 46482.813 -65779 5125.26 -70904.2 965.83047
2.61 264.75729 -317.91698 46887.235 -65451.4 5042.12 -70493.5 971.75985
2.62 275.21176 1.9833973 46574.42 -65225.8 5241.22 -70467 972.05335
2.63 264.41653 -24.132616 46632.729 -65702.3 5035.63 -70737.9 974.41684
2.64 272.0963 84.073341 46586.966 -65533.9 5181.88 -70715.8 974.03044
2.65 273.9125 -162.51227 46500 -64944.4 5216.47 -70160.9 974.43042
2.66 270.14286 172.73397 46422.436 -65225.7 5144.68 -70370.4 977.91676
2.67 273.25971 385.91332 46297.476 -65093.1 5204.04 -70297.1 980.14673
2.68 269.78704 -130.54601 46633.602 -65249.4 5137.91 -70387.3 985.06486
2.69 275.43678 173.4511 46692.684 -65461 5245.5 -70706.5 986.98269
2.7 277.89627 400.47459 46473.047 -65162.6 5292.34 -70454.9 992.09068
2.71 258.68739 -696.68764 46861.345 -65303.5 4926.52 -70230 1000.0585
2.72 264.86248 -644.55379 47056.565 -64997.3 5044.12 -70041.5 1007.4712
2.73 272.47626 -628.04189 46851.248 -64809.2 5189.12 -69998.3 1008.6668
2.74 266.67196 -741.78336 46928.133 -64945 5078.58 -70023.6 1014.1909
2.75 273.05394 376.05952 46499.526 -64917.5 5200.12 -70117.6 1015.1416
2.76 275.69914 -244.35247 46798.649 -65131 5250.5 -70381.5 1021.4022
2.77 275.2411 133.72484 46588.309 -64776.4 5241.77 -70018.2 1019.8277
2.78 270.59371 -173.20144 46667.43 -65161.8 5153.27 -70315.1 1023.0811
2.79 273.65799 -160.00214 46640.012 -64787.7 5211.63 -69999.4 1030.0692
2.8 275.69153 -15.626466 46484.073 -64392.9 5250.35 -69643.2 1035.0673
2.81 267.23735 29.030503 46566.479 -64855.3 5089.35 -69944.6 1040.1054
2.82 273.29326 -262.55426 46881.465 -64867.1 5204.68 -70071.8 1051.032
2.83 267.91331 -513.86001 46925.05 -64485.3 5102.22 -69587.5 1060.3123
2.84 279.98641 85.922314 46628.675 -64930 5332.15 -70262.2 1059.4043
2.85 265.60191 560.65389 46248.167 -65100.4 5058.2 -70158.6 1060.5903
2.86 282.54357 -17.523721 46645.639 -64421.3 5380.84 -69802.2 1065.2126
2.87 263.78566 -460.54757 46769.809 -64612.2 5023.61 -69635.8 1066.7833
2.88 282.47821 50.882398 46547.147 -64735.8 5379.6 -70115.4 1069.0158
2.89 269.85033 -146.90881 46729.202 -65064.7 5139.11 -70203.8 1075.5012
2.9 264.38529 -499.91577 46769.895 -64831.1 5035.03 -69866.2 1081.3412
2.91 273.07247 -634.71914 46854.28 -65310.1 5200.47 -70510.6 1085.0289
2.92 273.80654 365.8206 46452.62 -64934.4 5214.45 -70148.9 1085.1106
2.93 268.28126 -318.23208 46879.978 -65086.1 5109.23 -70195.4 1097.7104
2.94 263.41426 -230.4399 46765.757 -65349.8 5016.54 -70366.4 1098.2372
2.95 268.99099 -476.44678 46852.918 -65068.9 5122.75 -70191.6 1103.5587
2.96 279.53219 -352.11434 46799.295 -65395.5 5323.49 -70719 1101.333
2.97 266.95861 -128.3459 46570.33 -65579.7 5084.04 -70663.7 1105.4594
2.98 277.56549 -132.26718 46654.623 -65492.9 5286.04 -70778.9 1106.2191
2.99 271.17067 -472.19013 46901.158 -66110.1 5164.26 -71274.4 1111.6283
3 277.1843 69.742241 46717.691 -65684.8 5278.78 -70963.6 1111.1259
3.01 263.94118 66.507826 46596.452 -66035.5 5026.58 -71062.1 1113.4795
3.02 281.34516 299.16414 46537.489 -65763.2 5358.02 -71121.2 1114.2539
3.03 275.63086 -125.36938 46858.038 -66095.8 5249.2 -71345 1121.5965
3.04 264.7542 507.35759 46362.347 -65798.3 5042.06 -70840.3 1120.353
3.05 274.59396 -53.740659 46715.927 -65900.4 5229.45 -71129.8 1126.236
3.06 272.22014 590.03557 46129.181 -65593.2 5184.24 -70777.4 1117.9735
3.07 280.11106 283.93804 46344.479 -65319.2 5334.52 -70653.7 1123.7922
3.08 277.04624 22.864482 46707.755 -65525.5 5276.15 -70801.7 1131.8403
3.09 271.03113 1015.9041 46104.854 -65496.8 5161.6 -70658.4 1123.0502
3.1 267.55947 -343.04462 46718.997 -65294.6 5095.48 -70390.1 1135.6433
3.11 267.09726 -262.98141 46708.388 -65423.7 5086.68 -70510.4 1138.289
3.12 259.9095 -757.29571 46901.298 -65821.1 4949.79 -70770.9 1140.1261
3.13 270.55286 -196.06135 46787.485 -65649.1 5152.49 -70801.6 1138.8841
3.14 271.62225 383.59682 46495.887 -65467.1 5172.86 -70640 1138.187
3.15 266.27919 -104.66434 46595.214 -65695.4 5071.1 -70766.5 1140.7927
3.16 276.90597 483.53402 46426.766 -65531.7 5273.48 -70805.2 1136.201
3.17 275.12567 130.45507 46520.611 -65542.9 5239.58 -70782.4 1137.8522
3.18 277.51467 95.004626 46544.146 -65327.4 5285.07 -70612.5 1140.7915
3.19 267.31824 303.36462 46436.821 -65642.1 5090.89 -70733 1145.6384
3.2 277.35153 501.93582 46372.378 -65282.7 5281.97 -70564.6 1150.5352
3.21 271.6847 -109.16489 46707.368 -65678.9 5174.04 -70852.9 1155.0323
3.22 276.0467 -566.73837 46927.54 -65560.7 5257.12 -70817.8 1157.8924
3.23 269.49727 20.32637 46613.239 -65734.9 5132.39 -70867.2 1156.4371
3.24 274.8455 -116.71247 46606.38 -65570.6 5234.24 -70804.8 1154.3331
3.25 282.19431 -370.70606 46939.21 -65379.2 5374.19 -70753.4 1162.1452
3.26 281.02188 352.28591 46534.036 -65753 5351.86 -71104.9 1159.6253
3.27 275.28445 -373.98932 46763.646 -65555.3 5242.6 -70797.9 1165.2432
3.28 265.57772 -405.48461 46962.676 -65674.5 5057.74 -70732.2 1171.1919
3.29 270.02078 -262.85625 46769.3 -65621.1 5142.36 -70763.4 1169.0407
3.3 266.72603 -61.990984 46743.565 -66017.1 5079.61 -71096.7 1172.5636
3.31 267.07732 116.629 46616.25 -65757 5086.3 -70843.3 1177.1472
3.32 274.17285 -120.97301 46719.021 -65722.2 5221.43 -70943.6 1183.6627
3.33 277.72881 453.23159 46403.443 -65420.5 5289.15 -70709.6 1180.8463
3.34 263.16252 -556.75289 47021.797 -65745.8 5011.75 -70757.6 1194.313
3.35 274.37265 -474.60865 46769.12 -65744.1 5225.24 -70969.3 1194.2607
3.36 270.06404 -68.166906 46888.241 -65858.7 5143.18 -71001.9 1195.4292
3.37 260.72565 -65.17666 46694.573 -65964.3 4965.34 -70929.6 1195.289
3.38 274.45835 259.86816 46535.016 -65700.8 5226.87 -70927.6 1202.9642
3.39 269.73627 40.088785 46798.96 -65375.4 5136.94 -70512.3 1206.6851
3.4 274.82345 680.69081 46258.539 -65323.3 5233.82 -70557.1 1200.0034
3.41 273.13174 91.212789 46594.974 -65730.4 5201.6 -70932 1212.3653
3.42 280.53723 3.1561926 46762.933 -65571.1 5342.63 -70913.7 1219.6588
3.43 281.32801 145.82062 46408.97 -65262.2 5357.7 -70619.9 1213.6625
3.44 270.30647 261.09209 46526.176 -65551.5 5147.8 -70699.3 1221.4623
3.45 269.29003 -459.25884 46870.226 -65067.5 5128.44 -70195.9 1225.2733
3.46 269.07743 -272.98323 46822.32 -65255.3 5124.39 -70379.7 1227.6675
3.47 266.1479 303.191 46299.181 -65642.1 5068.6 -70710.7 1223.7227
3.48 275.17675 17.590259 46358.869 -65293.4 5240.55 -70533.9 1225.7909
3.49 278.54152 162.07758 46389.759 -65720.4 5304.63 -71025 1225.1009
3.5 270.2258 -194.2562 46888.048 -65407.2 5146.26 -70553.5 1236.0975
3.51 267.82927 225.62191 46501.637 -65139.3 5100.62 -70239.9 1232.4422
3.52 268.48149 294.99062 46326.518 -65277.4 5113.04 -70390.5 1229.6279
3.53 261.76946 -859.26585 46837.905 -65025.8 4985.22 -70011 1241.6018
3.54 271.12328 -67.291528 46450.94 -64667 5163.35 -69830.4 1236.7156
3.55 273.17635 439.42525 46319.024 -64907.7 5202.45 -70110.1 1242.5154
3.56 272.78131 -216.43952 46808.263 -64613.1 5194.93 -69808 1251.6513
3.57 263.16155 -89.604928 46572.897 -64860.5 5011.73 -69872.2 1249.9532
3.58 281.14333 155.30731 46576.368 -64645 5354.18 -69999.2 1251.3496
3.59 272.65629 278.07189 46412.266 -64856 5192.55 -70048.6 1255.8131
3.6 263.38616 -221.88821 46681.07 -65002.9 5016.01 -70018.9 1262.9969
3.61 260.76087 19.950345 46495.578 -65252.1 4966.01 -70218.1 1262.0034
3.62 267.01674 181.38921 46567.042 -65166.1 5085.15 -70251.3 1266.6888
3.63 262.77374 251.20702 46414.867 -65401.1 5004.34 -70405.5 1269.6596
3.64 272.83415 168.55766 46378.489 -65119.5 5195.94 -70315.4 1271.6297
3.65 262.94951 -15.980478 46609.831 -65424.1 5007.69 -70431.8 1281.2649
3.66 267.31335 7.8733462 46537.36 -65129.3 5090.8 -70220.1 1283.5534
3.67 268.69508 -151.0014 46670.8 -65248.3 5117.11 -70365.4 1292.4953
3.68 263.10117 -370.96222 46893.692 -65106.8 5010.58 -70117.4 1303.2368
3.69 269.86849 -198.5739 46535.927 -65120.2 5139.46 -70259.7 1297.4292
3.7 269.79579 591.04882 46375.076 -64797.2 5138.07 -69935.3 1298.092
3.71 258.45268 -452.68145 46841.005 -65107.6 4922.05 -70029.6 1307.8863
3.72 274.60363 -506.24151 46757.759 -64714.5 5229.63 -69944.1 1311.2501
3.73 271.89887 -245.8847 46586.214 -64536.2 5178.12 -69714.3 1314.7123
3.74 270.81213 11.789934 46330.09 -64630.3 5157.43 -69787.8 1317.3146
3.75 269.72655 593.13656 46434.427 -64757.2 5136.75 -69894 1322.022
3.76 266.61824 84.837156 46781.572 -64533 5077.56 -69610.6 1342.2849
3.77 265.30664 94.353831 46517.764 -65114 5052.58 -70166.6 1337.6973
3.78 271.96854 -556.34702 46845.891 -64853.1 5179.45 -70032.5 1343.2097
3.79 270.61619 -140.19392 46410.618 -64869.1 5153.7 -70022.8 1338.0995
3.8 278.72654 368.88981 46466.749 -64407.8 5308.15 -69716 1343.9052
3.81 269.02901 151.80113 46610.347 -64714 5123.47 -69837.4 1354.6177
3.82 275.36632 345.66804 46402.765 -64462.8 5244.16 -69707 1353.612
3.83 276.506 -331.52886 46774.435 -64424.1 5265.86 -69690 1369.3487
3.84 273.79667 -139.8363 46568.131 -64967.1 5214.27 -70181.3 1369.3278
3.85 273.14816 639.32096 46296.77 -64949.2 5201.92 -70151.1 1369.5199
3.86 283.49973 72.050172 46595.879 -64494.3 5399.05 -69893.4 1386.7443
3.87 273.02983 461.83755 46243.276 -64439 5199.66 -69638.7 1383.8917
3.88 274.75772 -142.33648 46521.344 -64136.7 5232.57 -69369.3 1396.9261
3.89 275.65237 389.78207 46292.621 -64345 5249.61 -69594.7 1397.7794
3.9 275.25757 553.83608 46328.048 -64373.2 5242.09 -69615.3 1407.8985
3.91 274.44404 490.47212 46542.239 -64801.3 5226.59 -70027.9 1415.3216
3.92 268.804 146.20535 46537.467 -64934.4 5119.18 -70053.5 1419.9555
3.93 278.58749 42.181621 46394.766 -64403 5305.5 -69708.5 1417.3325
3.94 270.08836 -46.154701 46627.035 -64779.3 5143.64 -69922.9 1434.2043
3.95 270.05071 -237.79451 46576.393 -64876 5142.93 -70018.9 1433.633
3.96 281.19122 296.52442 46358.897 -64363.3 5355.09 -69718.4 1431.7212
3.97 272.80555 -356.78859 46878.784 -64671.8 5195.39 -69867.2 1443.2797
3.98 260.35001 -131.37789 46541.186 -64670 4958.18 -69628.2 1443.7268
3.99 281.69181 -303.14561 46934.043 -64450.7 5364.62 -69815.4 1457.8206
4 269.23391 45.262558 46421.145 -64675.8 5127.37 -69803.1 1451.6421
4.01 272.90973 291.19742 46478.874 -64382.6 5197.37 -69580 1458.6697
4.02 272.77356 623.10069 46434.684 -64652 5194.78 -69846.8 1465.3022
4.03 267.66978 340.12999 46505.364 -64962.9 5097.58 -70060.5 1469.5932
4.04 261.05034 58.984642 46534.74 -64632.5 4971.52 -69604 1470.1967
4.05 277.20122 125.2408 46323.565 -64372.2 5279.1 -69651.3 1472.781
4.06 266.37836 -321.52554 46574.522 -64764.2 5072.99 -69837.2 1485.7589
4.07 270.28503 -80.2993 46529.313 -64525.8 5147.39 -69673.2 1488.3823
4.08 273.23433 362.0876 46389.52 -64738.4 5203.56 -69942 1488.671
4.09 270.40365 -372.67323 46986.064 -65233.3 5149.65 -70382.9 1497.4251
4.1 271.25862 614.94424 46257.585 -64988.1 5165.93 -70154 1483.6158
4.11 274.97075 -400.38328 46630.794 -65044.6 5236.63 -70281.2 1490.75
4.12 275.63223 229.36631 46372.855 -64734.4 5249.22 -69983.6 1496.6993
4.13 278.74409 -508.80073 46708.212 -64584.5 5308.49 -69893 1502.0818
4.14 260.87731 -20.593391 46473.193 -64986.3 4968.23 -69954.6 1505.0601
4.15 269.90206 691.792 46229.904 -64757.1 5140.1 -69897.2 1505.6267
4.16 278.19842 505.87149 46291.436 -64227.3 5298.09 -69525.4 1511.4084
4.17 274.8521 -466.60365 46687.14 -64378.6 5234.37 -69612.9 1519.3524
4.18 267.47033 -133.10672 46705.305 -64302.6 5093.79 -69396.4 1526.6001
4.19 278.69078 419.73799 46296.017 -64358.9 5307.47 -69666.4 1532.2061
4.2 266.03524 512.9452 46328.409 -64132.1 5066.45 -69198.6 1538.1305
4.21 265.21343 -306.70205 46495.778 -64195.5 5050.8 -69246.3 1555.2082
4.22 275.82299 566.09252 46305.333 -64351 5252.86 -69603.8 1559.4018
4.23 267.83899 -116.23111 46447.475 -63971.6 5100.81 -69072.4 1569.421
4.24 275.45218 -158.15722 46379.292 -63724 5245.79 -68969.8 1573.2346
4.25 277.85244 -672.98972 46914.208 -64108.4 5291.51 -69399.9 1579.2665
4.26 261.67874 -350.64204 46531.565 -64027 4983.49 -69010.5 1581.1299
4.27 274.162 646.63903 46042.623 -63623.1 5221.22 -68844.3 1579.759
4.28 263.52465 -114.71677 46330.296 -63974.5 5018.64 -68993.1 1589.6862
4.29 269.86226 806.72237 46027.862 -63696.8 5139.34 -68836.2 1581.7624
4.3 273.9123 -607.67545 46564.608 -63495.3 5216.47 -68711.7 1600.2372
4.31 263.26196 -256.37086 46536.521 -63431.5 5013.64 -68445.2 1603.5472
4.32 269.76818 379.73329 46251.071 -63602.3 5137.55 -68739.9 1613.8302
4.33 269.87177 -369.04112 46455.841 -63485.9 5139.52 -68625.5 1631.153
4.34 269.39957 -2.1862884 46187.691 -63569.7 5130.53 -68700.2 1632.375
4.35 269.11705 428.22777 46303.72 -63767.5 5125.15 -68892.6 1642.2106
4.36 273.04803 -258.10935 46483.875 -63957.5 5200.01 -69157.5 1655.4622
4.37 272.90965 -109.00957 46570.463 -63834.7 5197.37 -69032.1 1662.1571
4.38 266.57238 -705.97916 46627.512 -64124.4 5076.68 -69201.1 1665.9985
4.39 276.69586 -653.11826 46825.395 -64355.2 5269.48 -69624.6 1674.434
4.4 276.5783 885.18164 46157.231 -64214.8 5267.24 -69482 1668.6083
4.41 271.91048 560.53084 46311.545 -64522.7 5178.34 -69701 1675.4656
4.42 265.49588 -187.92725 46761.055 -64774.2 5056.18 -69830.4 1690.1744
4.43 267.55804 -108.11758 46636.481 -64597.7 5095.46 -69693.1 1692.4085
4.44 263.95394 -309.90559 46763.428 -64608.1 5026.82 -69635 1706.1604
4.45 266.71273 398.1348 46234.371 -64826.3 5079.36 -69905.7 1699.1431
4.46 276.84197 -424.54705 46912.154 -64861.8 5272.26 -70134.1 1717.8377
4.47 280.58757 338.83768 46254.623 -65175.5 5343.59 -70519.1 1705.8434
4.48 283.07192 -210.01788 46788.443 -64518.9 5390.91 -69909.9 1717.7634
4.49 278.23682 113.10446 46689.265 -64926 5298.83 -70224.9 1715.2808
4.5 267.13503 -120.03581 46583.395 -65211.5 5087.4 -70298.9 1718.048
4.51 272.64734 -182.97204 46600.797 -64877.4 5192.38 -70069.8 1723.8897
4.52 267.09506 -68.218553 46414.219 -64763 5086.64 -69849.6 1725.7238
4.53 271.42118 -480.65765 46737.127 -64998.9 5169.03 -70167.9 1739.2632
4.54 271.90769 -464.11108 46748.771 -65032 5178.29 -70210.3 1743.4466
4.55 280.19693 -241.38095 46785.599 -64479.3 5336.15 -69815.4 1750.3494
4.56 263.52985 92.652037 46542.565 -64974.7 5018.74 -69993.4 1741.8583
4.57 273.90316 45.349242 46730.632 -64528 5216.29 -69744.3 1749.5002
4.58 271.82753 430.40588 46393.602 -64605.1 5176.76 -69781.8 1742.1736
4.59 276.55179 34.422865 46619.638 -64819.4 5266.74 -70086.1 1749.7046
4.6 271.67248 -302.27824 46591.99 -64343.6 5173.81 -69517.4 1758.0359
4.61 271.15414 -88.627736 46499.793 -64807.8 5163.94 -69971.7 1754.2865
4.62 267.58179 -397.81557 46929.567 -65147.4 5095.91 -70243.3 1764.1507
4.63 283.39357 101.66657 46750.988 -65028 5397.03 -70425.1 1758.4798
4.64 279.5306 -7.6077448 46451.222 -64783 5323.46 -70106.4 1751.2556
4.65 266.21256 -286.86125 46576.374 -65077.6 5069.83 -70147.4 1762.8412
4.66 269.84112 -125.44264 46724.378 -64918.8 5138.94 -70057.8 1771.0174
4.67 271.82401 -388.05273 46848.067 -65001 5176.7 -70177.7 1773.9473
4.68 273.04589 131.4016 46567.446 -64794 5199.97 -69994 1774.6961
4.69 265.93558 -765.20485 47043.275 -65252 5064.56 -70316.6 1791.0115
4.7 286.2608 274.49252 46237.008 -64816.5 5451.64 -70268.1 1772.1599
4.71 277.88992 236.78072 46468.852 -65182.4 5292.22 -70474.6 1785.6954
4.72 277.9768 -292.79539 46603.212 -64906.2 5293.87 -70200 1791.3338
4.73 271.29172 -725.55613 46896.974 -65033.8 5166.56 -70200.4 1800.4657
4.74 274.43331 71.461973 46742.926 -65410.4 5226.39 -70636.8 1798.0644
4.75 265.55148 706.30435 46192.97 -65246.9 5057.24 -70304.1 1789.3428
4.76 268.39647 -183.8333 46734.076 -65413.5 5111.42 -70524.9 1801.2828
4.77 273.54275 -11.133544 46449.267 -65026.9 5209.43 -70236.3 1793.52
4.78 269.57983 -397.75541 46972.328 -64936.2 5133.96 -70070.1 1810.9508
4.79 273.37834 96.994868 46662.705 -64931 5206.3 -70137.3 1812.6141
4.8 279.82778 -325.60184 46559.332 -65287.7 5329.12 -70616.9 1812.0847
4.81 270.94642 -435.09814 46932.059 -65218.5 5159.98 -70378.5 1827.1647
4.82 263.7361 -837.97663 46795.868 -64761.2 5022.67 -69783.9 1829.009
4.83 270.83194 -437.74003 46827.972 -64971.5 5157.8 -70129.3 1833.5144
4.84 269.77612 -647.00674 46938.096 -65127 5137.7 -70264.7 1846.6499
4.85 274.6966 672.92491 46124.12 -64904.9 5231.4 -70136.3 1829.0716
4.86 266.89537 -155.09822 46684.858 -65311 5082.84 -70393.8 1841.2885
4.87 270.51619 269.40058 46661.567 -65081.8 5151.79 -70233.6 1836.8102
4.88 271.78587 601.3721 46159.552 -65151.4 5175.97 -70327.3 1831.8886
4.89 259.33547 333.61654 46349.692 -65842 4938.86 -70780.9 1836.3314
4.9 274.43775 178.51093 46342.187 -65440.1 5226.47 -70666.5 1841.0651
4.91 280.11125 -708.24392 47073.534 -65345.8 5334.52 -70680.3 1866.5495
4.92 276.37441 450.1407 46395.143 -65433.4 5263.36 -70696.7 1852.2453
4.93 267.59685 447.07492 46175.872 -65824.8 5096.19 -70921 1848.9026
4.94 269.33958 -304.23443 46709.518 -65450.8 5129.38 -70580.2 1863.3094
4.95 266.98313 675.29706 46259.146 -65450.2 5084.51 -70534.7 1852.7642
4.96 274.74188 345.54573 46385.898 -65053.8 5232.27 -70286 1857.2017
4.97 271.17215 469.9916 46269.481 -65358.6 5164.28 -70522.8 1859.7869
4.98 273.25451 -154.23456 46693.952 -65519 5203.94 -70723 1875.1963
4.99 266.57757 -326.98944 46639.665 -65791.7 5076.78 -70868.5 1880.5259
5 268.42317 290.51006 46460.326 -65381.1 5111.93 -70493 1877.6436
5.01 265.96785 -370.76161 46751.023 -65445.8 5065.17 -70511 1892.5723
5.02 263.24797 379.21409 46579.061 -65587.2 5013.37 -70600.6 1894.3521
5.03 274.95231 450.74821 46078.345 -65195.5 5236.27 -70431.8 1886.4103
5.04 270.35237 -287.91318 46663.799 -65173.4 5148.67 -70322.1 1909.4024
5.05 274.84023 166.54023 46510.418 -65157.5 5234.14 -70391.6 1903.5229
5.06 285.75312 540.8832 46262.619 -65039 5441.97 -70481 1903.9295
5.07 273.11598 -39.490743 46664.4 -65119.5 5201.3 -70320.8 1912.0527
5.08 272.30475 -53.782307 46741.33 -65470.2 5185.85 -70656.1 1917.1433
5.09 268.09419 -567.19174 46870.695 -65290.2 5105.67 -70395.9 1930.9689
5.1 264.99607 -338.60535 46970.288 -65119.3 5046.66 -70166 1933.1754
5.11 277.58249 349.85843 46486.694 -65210.7 5286.36 -70497 1923.5744
5.12 281.19913 -298.12196 46845.883 -65218.2 5355.24 -70573.5 1935.5805
5.13 263.37252 719.37667 46304.732 -65959.7 5015.75 -70975.5 1928.576
5.14 275.42443 -123.35138 46495.181 -65424.3 5245.27 -70669.6 1937.8704
5.15 268.06076 -550.37938 46937.467 -65470.9 5105.03 -70575.9 1956.8983
5.16 263.51869 -196.23333 46649.23 -65217.6 5018.53 -70236.1 1957.077
5.17 277.17103 -475.48308 46854.198 -65348.6 5278.53 -70627.1 1965.5003
5.18 262.41569 -749.37464 46820.339 -65670.4 4997.52 -70668 1969.842
5.19 265.38276 273.87906 46280.051 -65469.4 5054.03 -70523.5 1963.8002
5.2 274.61444 -191.59661 46719.518 -65382.4 5229.84 -70612.2 1979.0732
5.21 269.02069 546.43107 46395.794 -65518.2 5123.31 -70641.5 1973.3613
5.22 263.37936 161.27882 46498.744 -65480.3 5015.88 -70496.1 1977.274
5.23 272.24684 75.806192 46520.097 -65388.8 5184.75 -70573.6 1987.3919
5.24 276.79772 -309.95381 46741.023 -65377.9 5271.42 -70649.3 1997.7174
5.25 279.5015 545.45409 46303.933 -65586.4 5322.91 -70909.4 1992.4602
5.26 261.09353 -4.5008866 46559.425 -65352.6 4972.34 -70325 1999.2309
5.27 269.00176 -430.74207 46891.603 -65285.1 5122.95 -70408 2014.5372
5.28 271.00577 61.643271 46782.434 -65388.7 5161.12 -70549.9 2014.7843
5.29 265.41635 -140.41158 46613.064 -65659 5054.67 -70713.7 2010.7722
5.3 272.3982 -417.22174 46792.748 -65134.8 5187.63 -70322.4 2022.1919
5.31 276.29788 1096.2726 46095.666 -64874.3 5261.9 -70136.2 2006.0886
5.32 266.19139 67.306716 46631.588 -65102.3 5069.43 -70171.7 2028.9125
5.33 266.58683 419.06696 46309.968 -65510.1 5076.96 -70587.1 2022.8236
5.34 284.1405 -213.29291 46760.773 -65119.6 5411.26 -70530.9 2031.7347
5.35 269.93332 534.45844 46575.069 -65481 5140.69 -70621.7 2036.1828
5.36 259.41628 -706.6175 46929.328 -65651.8 4940.4 -70592.2 2049.3018
5.37 277.59338 -18.673116 46998.319 -65232.3 5286.57 -70518.9 2056.3223
5.38 275.09401 679.81441 46284.035 -65709.7 5238.97 -70948.6 2042.5875
5.39 275.0144 -417.33633 46687.197 -65707.2 5237.46 -70944.6 2058.812
5.4 272.02862 -103.31259 46695.74 -66081 5180.59 -71261.6 2061.4798
5.41 276.65046 -80.813049 46888.399 -65604.4 5268.61 -70873 2071.409
5.42 279.76591 77.584022 46592.731 -66215.4 5327.95 -71543.4 2065.6438
5.43 274.90665 -302.24589 46911.636 -65734.6 5235.4 -70970 2075.9661
5.44 262.72999 766.93723 46196.006 -66110 5003.51 -71113.5 2055.3451
5.45 273.32325 742.80615 46294.026 -66055.1 5205.25 -71260.3 2056.7854
5.46 270.29849 -506.29404 46995.475 -66351.3 5147.65 -71498.9 2076.9176
5.47 273.93694 -23.116517 46761.97 -65687.3 5216.94 -70904.3 2069.1493
5.48 265.82056 441.26639 46452.371 -66305.7 5062.37 -71368.1 2059.4806
5.49 281.76968 -285.26121 46807.124 -65925.4 5366.11 -71291.5 2072.4264
5.5 258.94436 -560.0543 46891.873 -66135.9 4931.41 -71067.3 2075.4663
5.51 275.83623 -592.56922 47023.733 -65789.7 5253.11 -71042.9 2079.7964
5.52 266.14144 -203.6777 46793.191 -66091.2 5068.48 -71159.7 2079.364
5.53 259.6559 388.49365 46502.357 -66431.1 4944.97 -71376 2076.7442
5.54 273.98185 925.50758 46148.323 -65987.4 5217.79 -71205.2 2073.3582
5.55 267.5948 -45.352387 46664.655 -66186.8 5096.16 -71283 2089.082
5.56 281.82076 782.81549 46449.611 -65966.7 5367.08 -71333.7 2084.8022
5.57 269.60249 -229.85233 46555.828 -66328.7 5134.39 -71463.1 2089.7567
5.58 267.17024 16.413945 46904.595 -66012.5 5088.07 -71100.6 2104.4834
5.59 271.00956 24.20497 46708.765 -65926.3 5161.19 -71087.5 2100.351
5.6 268.46889 -85.028529 46716.387 -66122.8 5112.8 -71235.6 2102.4522
5.61 277.74113 400.72266 46418.268 -65511.5 5289.39 -70800.9 2099.2604
5.62 271.09615 133.09421 46607.076 -65793.7 5162.84 -70956.5 2108.0997
5.63 270.16779 -11.569077 46461.317 -66223.9 5145.16 -71369 2104.998
5.64 259.61104 -173.65466 46753.26 -66554.4 4944.11 -71498.5 2112.4402
5.65 263.82171 67.833914 46577.38 -66183.8 5024.3 -71208.1 2108.7921
5.66 267.62562 -202.34051 46816.683 -66284.3 5096.74 -71381 2119.1919
5.67 280.2551 -151.32776 46863.532 -66070.8 5337.26 -71408 2120.2971
5.68 263.71961 819.73364 46352.183 -66141.5 5022.36 -71163.9 2104.212
5.69 272.2501 435.90796 46471.329 -66331.9 5184.81 -71516.7 2110.1149
5.7 271.2278 -258.37878 46704.464 -66373 5165.34 -71538.4 2119.9776
5.71 277.02117 -197.71102 46722.386 -66033.8 5275.67 -71309.4 2120.8278
5.72 268.76638 82.692401 46610.491 -66189.5 5118.47 -71308 2118.1833
5.73 278.72101 362.2171 46580.048 -66217.1 5308.05 -71525.1 2117.5315
5.74 271.01484 486.46335 46594.536 -66318.1 5161.29 -71479.4 2119.1742
5.75 262.38448 497.2759 46467.462 -66271.2 4996.93 -71268.2 2117.2781
5.76 275.80291 299.34221 46454.594 -66297.7 5252.47 -71550.2 2120.8335
5.77 265.85015 -270.12947 46896.698 -66249 5062.93 -71311.9 2137.2812
5.78 276.77337 -395.55623 46931.557 -66314 5270.96 -71585 2139.747
5.79 267.19895 -197.44592 46851.558 -66042.1 5088.62 -71130.7 2139.9528
5.8 270.89548 -280.7426 46831.665 -65732.5 5159.01 -70891.5 2140.4901
5.81 270.3548 -547.36018 46909.82 -65970.3 5148.72 -71119 2145.9648
5.82 285.68419 -646.7704 46988.396 -65651.1 5440.66 -71091.7 2149.4289
5.83 271.94815 -368.59429 46935.13 -66098 5179.06 -71277.1 2149.7089
5.84 274.51823 -382.47101 46898.889 -65972.6 5228.01 -71200.6 2149.5539
5.85 268.86275 -84.613855 46762.617 -65810.1 5120.3 -70930.4 2149.7743
5.86 278.61403 19.895874 46500.994 -65785.8 5306.01 -71091.8 2140.3649
5.87 271.65291 212.46231 46456.768 -65895.9 5173.44 -71069.3 2139.8694
5.88 264.36938 -264.40453 46617.941 -66198.2 5034.73 -71232.9 2144.1221
5.89 265.34398 -689.71659 47056.952 -65975.2 5053.29 -71028.5 2157.5477
5.9 270.31201 59.389329 46773.753 -66091.4 5147.9 -71239.3 2148.0147
5.91 277.92099 295.71962 46555.384 -65559.1 5292.81 -70851.9 2145.7407
5.92 273.2086 533.95478 46474.465 -66061.4 5203.07 -71264.5 2148.8598
5.93 280.27794 321.35443 46592.332 -65754.8 5337.7 -71092.5 2153.8679
5.94 263.35189 -236.53774 46909.817 -66236.8 5015.35 -71252.2 2162.497
5.95 274.27949 -508.50347 46944.499 -65834.6 5223.46 -71058 2162.776
5.96 276.12696 104.60217 46622.954 -65424.5 5258.64 -70683.2 2159.5035
5.97 263.46488 7.0039227 46695.44 -65582.2 5017.5 -70599.7 2164.7868
5.98 273.79479 417.56414 46486.43 -65054.7 5214.23 -70268.9 2159.0313
5.99 269.82293 -759.78495 46854.743 -64830.3 5138.59 -69968.9 2177.4725
6 270.30651 -519.93823 46913.36 -65212.3 5147.8 -70360.1 2180.8324
6.01 263.33692 203.812 46344.159 -65561.4 5015.07 -70576.4 2164.593
6.02 267.94264 113.42299 46620.556 -65301.4 5102.78 -70404.2 2172.9316
6.03 280.61561 407.97831 46413.625 -65013.1 5344.13 -70357.2 2175.4615
6.04 271.2081 -542.55338 46934.793 -65491.8 5164.97 -70656.7 2191.4807
6.05 278.13825 -62.228773 46803.15 -65017.1 5296.95 -70314.1 2189.6505
6.06 282.05544 94.714609 46684.938 -65678.1 5371.55 -71049.7 2186.8836
6.07 275.61982 380.82672 46355.423 -65662.2 5248.99 -70911.2 2179.9465
6.08 271.78362 303.39912 46518.789 -65971.5 5175.93 -71147.4 2181.2286
6.09 272.08053 644.8726 46388.779 -65545.3 5181.58 -70726.9 2176.377
6.1 269.31316 33.446467 46465.831 -65668 5128.88 -70796.8 2180.5486
6.11 274.18486 258.06173 46521.262 -65605.2 5221.66 -70826.9 2185.5472
6.12 274.93788 193.76804 46619.221 -65493.5 5236 -70729.5 2193.3533
6.13 282.60296 -180.82408 46703.06 -65523.8 5381.98 -70905.7 2203.513
6.14 277.06701 314.40063 46371.089 -65979.6 5276.55 -71256.1 2193.2378
6.15 266.18638 -331.62588 46908.86 -66304.7 5069.33 -71374 2207.3906
6.16 263.17274 -577.71154 46948.807 -66327.4 5011.94 -71339.3 2208.699
6.17 267.80233 239.94304 46609.09 -65994.4 5100.11 -71094.5 2204.5713
6.18 259.27254 -757.79675 47048.496 -66497 4937.66 -71434.6 2221.4901
6.19 276.31078 -358.74596 46998.09 -65920 5262.15 -71182.2 2221.4858
6.2 266.31438 310.79268 46387.736 -66578.4 5071.77 -71650.2 2202.3644
6.21 270.33787 -72.742766 46704.31 -66233.5 5148.4 -71381.9 2217.1878
6.22 267.76724 140.24139 46566.401 -66379.6 5099.44 -71479.1 2213.1508
6.23 268.50443 174.87857 46481.789 -65916.6 5113.48 -71030.1 2209.889
6.24 273.57839 220.76746 46550.89 -65989.9 5210.11 -71200 2214.6264
6.25 268.40379 -209.1678 46860.813 -66101.4 5111.56 -71213 2224.0823
6.26 268.90565 498.63005 46403.214 -66321.1 5121.12 -71442.2 2211.5226
6.27 278.15502 355.43684 46580.285 -65994.2 5297.27 -71291.5 2219.8901
6.28 272.31856 -222.97969 46803.852 -66374.3 5186.12 -71560.4 2226.9691
6.29 272.44463 -386.07567 46877.011 -66281 5188.52 -71469.5 2231.4801
6.3 271.23996 -594.47029 47300.721 -66445.1 5165.58 -71610.7 2246.3603
6.31 273.49496 225.89746 46595.871 -66318.2 5208.52 -71526.7 2224.9071
6.32 255.75903 44.105517 46782.518 -66684.2 4870.75 -71555 2228.6357
6.33 275.41663 -49.076912 46720.801 -66286.3 5245.12 -71531.5 2226.9082
6.34 270.75815 264.254 46568.784 -66378 5156.4 -71534.4 2222.7671
6.35 265.58832 263.06152 46460.002 -66280.3 5057.94 -71338.2 2220.2401
6.36 272.93133 515.39084 46570.481 -65782.7 5197.79 -70980.5 2224.1812
6.37 273.82022 -264.06849 46609.855 -65860 5214.71 -71074.7 2222.2348
6.38 281.76102 82.429587 46786.285 -65611.4 5365.94 -70977.3 2232.957
6.39 278.67762 -244.97878 46640.605 -65269.2 5307.22 -70576.4 2230.704
6.4 266.42767 -138.63318 46610.343 -65587.2 5073.93 -70661.1 2230.3246
6.41 279.70645 -70.922371 46613.94 -65373.1 5326.81 -70699.9 2238.6086
6.42 270.88149 -576.39033 46880.346 -65479 5158.75 -70637.7 2250.64
6.43 271.67888 314.47545 46251.507 -65182.9 5173.93 -70356.8 2229.3297
6.44 268.0814 209.8087 46718.758 -65262.4 5105.42 -70367.8 2244.3243
6.45 268.02814 -901.68222 46992.359 -65253.7 5104.41 -70358.1 2245.4297
6.46 268.77398 411.9572 46535.152 -65131.5 5118.61 -70250.2 2244.5908
6.47 279.08789 602.34189 46341.617 -64678.2 5315.03 -69993.2 2245.9271
6.48 275.65674 274.28967 46370.54 -64564.2 5249.69 -69813.9 2258.6487
6.49 267.37652 -171.39259 46552.671 -64852.1 5092 -69944.1 2255.2751
6.5 273.63638 68.012514 46824.55 -64408 5211.21 -69619.2 2266.0177
6.51 261.50178 85.958494 46346.773 -64741 4980.12 -69721.1 2258.6789
6.52 265.53127 -170.73718 46538.899 -64123.4 5056.86 -69180.3 2258.0037
6.53 279.99728 94.011225 46417.562 -63751.8 5332.35 -69084.1 2257.5997
6.54 267.76513 -417.57508 46508.399 -63698 5099.4 -68797.4 2265.5184
6.55 276.14102 -372.36232 46593.616 -63544.8 5258.91 -68803.7 2279.9277
6.56 276.76872 969.21343 45791.609 -63603.1 5270.87 -68874 2256.2588
6.57 275.63468 257.5474 46124.813 -63915 5249.27 -69164.2 2275.9976
6.58 267.94041 -654.37476 46807.449 -63947.9 5102.74 -69050.6 2303.0657
6.59 265.83539 199.54827 46566.696 -64117.8 5062.65 -69180.5 2306.4873
6.6 273.27137 -57.22824 46625.699 -63788.2 5204.26 -68992.5 2309.0942
6.61 267.29403 195.26526 46204.505 -64151.2 5090.43 -69241.7 2296.2297
6.62 270.41907 587.90006 46519.231 -64227.4 5149.94 -69377.3 2313.1837
6.63 279.56045 -34.806821 46464.937 -63981 5324.03 -69305 2323.2852
6.64 269.82948 304.40082 46358.808 -63883.4 5138.71 -69022.1 2319.0403
6.65 270.7847 -414.45263 46675.892 -63947.8 5156.91 -69104.8 2345.0576
6.66 276.39346 848.95269 46001.253 -63942.3 5263.72 -69206.1 2331.4242
6.67 278.52543 33.739617 46446.187 -64303.4 5304.32 -69607.7 2365.1654
6.68 272.12314 384.21469 46375.224 -64663.8 5182.39 -69846.2 2366.8332
6.69 267.93475 159.69842 46551.943 -65032.5 5102.63 -70135.1 2374.6376
6.7 267.16765 -600.08751 46898.302 -64837 5088.02 -69925.1 2397.0458
6.71 265.33178 861.63729 46254.931 -65334.4 5053.06 -70387.5 2376.9699
6.72 278.8542 -108.72869 46657.482 -64840 5310.58 -70150.5 2389.1571
6.73 262.04986 -377.58092 46576.968 -65034.2 4990.56 -70024.7 2388.7092
6.74 280.89647 -221.21564 46698.188 -64700.8 5349.48 -70050.2 2398.9864
6.75 255.43931 -65.719384 46495.677 -65119.2 4864.66 -69983.8 2402.0391
6.76 275.09241 -248.09183 46729.711 -64617.9 5238.94 -69856.9 2407.6304
6.77 275.15802 75.613741 46432.164 -64340.6 5240.19 -69580.8 2406.0797
6.78 267.32554 154.60397 46262.64 -64368.3 5091.03 -69459.3 2411.7453
6.79 265.4658 -306.28246 46573.806 -64765.9 5055.61 -69821.5 2426.5122
6.8 263.77486 -412.39924 46657.411 -64678.4 5023.41 -69701.8 2439.4382
6.81 275.63948 -175.53308 46615.98 -64288.3 5249.36 -69537.6 2447.3399
6.82 268.67891 390.32964 46294.39 -64289.2 5116.8 -69406 2436.4132
6.83 267.08258 -37.669417 46570.674 -64657 5086.4 -69743.4 2449.6607
6.84 267.78511 -135.23759 46535.577 -64421.8 5099.78 -69521.5 2453.2971
6.85 277.58965 477.65767 46265.483 -64113.5 5286.5 -69400 2453.6081
6.86 277.832 332.6736 46306.098 -64576 5291.12 -69867.1 2457.0859
6.87 272.26866 -290.81714 46646.45 -64725.4 5185.17 -69910.6 2481.1894
6.88 276.24327 -246.64107 46896.007 -64391.6 5260.86 -69652.4 2495.223
6.89 268.89047 301.62271 46311.228 -64312.6 5120.83 -69433.5 2484.4128
6.9 267.72746 642.54067 46002.873 -64057.7 5098.68 -69156.3 2472.1792
6.91 270.59666 -312.92922 46786.083 -64050.8 5153.32 -69204.1 2505.8087
6.92 271.17418 377.69886 46433.537 -64163 5164.32 -69327.3 2496.7832
6.93 266.9046 362.84411 46027.979 -64201.5 5083.01 -69284.5 2488.1871
6.94 279.98951 -381.29898 46508.975 -63775.9 5332.2 -69108.1 2510.7252
6.95 266.80579 415.78529 46086.009 -63831.2 5081.13 -68912.4 2495.5124
6.96 270.76481 -135.50488 46319.501 -63678.2 5156.53 -68834.7 2510.138
6.97 278.24595 383.53227 46380.069 -63566.1 5299 -68865.1 2525.3197
6.98 262.85181 -81.256662 46323.473 -63765.4 5005.83 -68771.2 2521.6813
6.99 267.1349 -390.88491 46513.454 -63669.9 5087.4 -68757.3 2531.2151
7 272.2998 -146.66857 46466.852 -63648.7 5185.76 -68834.5 2529.3549
7.01 278.36366 46.728811 46441.014 -63378.8 5301.24 -68680 2531.5739
7.02 271.31827 910.66311 45909.549 -63739 5167.07 -68906.1 2519.7258
7.03 267.3663 13.093055 46214.719 -63463.9 5091.8 -68555.7 2524.7715
7.04 263.1571 925.38767 45900.533 -63935.6 5011.64 -68947.3 2531.1977
7.05 280.03019 160.95308 46379.797 -63367 5332.98 -68700 2551.2575
7.06 274.01401 -447.01532 46677.304 -63462.1 5218.4 -68680.5 2564.1764
7.07 266.08684 -229.60538 46516.894 -63546 5067.44 -68613.5 2558.3181
7.08 267.72685 412.68856 45932.652 -63639.8 5098.67 -68738.5 2550.897
7.09 265.87609 -413.85447 46501.931 -64208.1 5063.42 -69271.5 2586.7826
7.1 280.12044 559.19251 46313.43 -63754.6 5334.7 -69089.3 2578.4193
7.11 278.73096 -80.68768 46482.124 -64026.1 5308.24 -69334.4 2590.7781
7.12 258.49694 135.18648 46470.538 -64185.4 4922.89 -69108.3 2604.2959
7.13 277.46248 317.85024 46379.714 -63684.3 5284.08 -68968.4 2604.7911
7.14 265.65424 207.41639 46258.886 -64180 5059.2 -69239.2 2616.2451
7.15 270.56903 333.08833 46173.044 -63948.9 5152.8 -69101.7 2628.9562
7.16 278.9953 212.7479 46332.534 -63667.9 5313.27 -68981.1 2645.8768
7.17 268.74891 539.95083 46033.962 -63968.6 5118.13 -69086.7 2642.1077
7.18 265.49256 367.78139 46245.637 -63586 5056.12 -68642.1 2655.3865
7.19 273.87526 -408.13445 46684.355 -63294.4 5215.76 -68510.2 2675.4735
7.2 270.87179 -291.89369 46400.362 -63493.5 5158.56 -68652.1 2676.314
7.21 280.51103 238.15273 46477.399 -63278.3 5342.14 -68620.4 2690.104
7.22 278.88242 102.25113 46477.639 -63718.2 5311.12 -69029.3 2704.9484
7.23 272.76375 74.100801 46252.959 -63415.3 5194.59 -68609.9 2711.0928
7.24 271.58684 -448.78908 46654.258 -63206.8 5172.18 -68379 2735.3684
7.25 268.06205 -148.37273 46379.39 -63650.3 5105.05 -68755.4 2737.06
7.26 273.38686 35.927318 46254.797 -63387.7 5206.46 -68594.1 2748.2306
7.27 272.54082 67.043759 46248.123 -63488.8 5190.35 -68679.2 2751.6897
7.28 262.82596 142.80822 46294.976 -63796.6 5005.34 -68802 2767.7053
7.29 267.69831 427.30005 46497.464 -63592.4 5098.13 -68690.5 2780.4615
7.3 273.60098 -977.87405 46733.291 -63358 5210.54 -68568.5 2791.3697
7.31 268.60536 132.57779 46136.524 -63367.1 5115.4 -68482.5 2768.5282
7.32 274.99248 100.68114 46079.227 -62959.7 5237.04 -68196.7 2771.5258
7.33 262.12994 -90.982358 46291.862 -63286.5 4992.08 -68278.6 2795.7612
7.34 269.15794 -290.98819 46405.294 -63177.7 5125.92 -68303.7 2810.1033
7.35 278.49175 7.8342111 46384.206 -63045.7 5303.68 -68349.4 2818.1612
7.36 277.13886 -185.93907 46420.758 -63435.4 5277.92 -68713.3 2826.9615
7.37 266.19775 101.05343 46049.941 -63125.3 5069.55 -68194.8 2823.4489
7.38 274.39306 675.5974 46279.876 -63036.6 5225.62 -68262.2 2830.3951
7.39 266.62566 210.85524 46318.258 -63230.1 5077.7 -68307.8 2840.7749
7.4 266.53929 301.7412 46074.193 -63113.6 5076.05 -68189.6 2843.4689
7.41 274.21233 145.45467 46201.648 -62948.5 5222.18 -68170.7 2857.2536
7.42 273.29207 -41.998043 46193.206 -63224 5204.66 -68428.7 2872.7775
7.43 272.30992 -64.256136 46547.996 -63147.5 5185.95 -68333.5 2897.1126
7.44 272.57983 -589.33082 46468.34 -62640 5191.09 -67831.1 2908.5603
7.45 256.60391 434.97658 46193.078 -63048.7 4886.84 -67935.5 2901.6915
7.46 267.99407 247.35976 46345.107 -62973.4 5103.76 -68077.2 2922.4495
7.47 268.96897 120.24165 46099.646 -63254.3 5122.33 -68376.6 2922.6016
7.48 268.53956 -426.11559 46369.013 -62669.2 5114.15 -67783.4 2940.6811
7.49 272.43883 747.17441 46039.439 -63076.2 5188.41 -68264.7 2939.6275
7.5 275.72615 505.59551 46158.687 -62725.3 5251.01 -67976.3 2948.212
7.51 264.8335 -130.10093 46250.957 -63141.7 5043.57 -68185.2 2964.4762
7.52 261.47857 395.65168 46230.317 -63266.3 4979.68 -68246 2972.6495
7.53 270.21906 405.4605 45929.78 -62975.7 5146.13 -68121.8 2966.6877
7.54 266.83966 320.76638 46140.163 -63043.6 5081.77 -68125.3 2985.3733
7.55 271.68252 44.494286 46224.565 -63379.4 5174 -68553.4 2997.9804
7.56 274.55964 333.19308 46121.919 -62793 5228.8 -68021.8 2983.2519
7.57 286.60064 115.36489 46135.851 -63056.8 5458.11 -68514.9 3000.4667
7.58 276.89655 604.77523 46092.304 -63143.6 5273.3 -68416.9 3012.9325
7.59 273.89013 498.83418 46079.039 -62885.7 5216.05 -68101.8 3034.8961
7.6 276.466 -361.29172 46559.292 -63035.6 5265.1 -68300.7 3072.6267
7.61 271.72595 706.81884 46378.554 -63112.6 5174.83 -68287.4 3070.7032
7.62 264.02924 -320.6122 46553.019 -63260.5 5028.25 -68288.8 3070.982
7.63 261.42797 -108.91165 46372.691 -63325.4 4978.71 -68304.1 3081.3583
7.64 276.24576 -99.397818 46211.51 -63097.6 5260.91 -68358.5 3078.375
7.65 272.39706 98.905387 46159.3 -62697.9 5187.61 -67885.5 3092.7423
7.66 267.57639 -224.92895 46522.557 -63100.8 5095.81 -68196.6 3127.7549
7.67 277.28922 356.87939 46055.15 -62877.7 5280.78 -68158.5 3119.7746
7.68 265.99498 873.53168 45957.301 -63055.8 5065.69 -68121.4 3128.2039
7.69 258.54068 -280.82135 46410.289 -62727.7 4923.73 -67651.4 3155.465
7.7 279.64575 87.592307 46212.135 -62495.5 5325.66 -67821.1 3164.8357
7.71 280.16367 -97.572766 46261.726 -62434.4 5335.52 -67769.9 3166.7184
7.72 276.26632 689.71831 46006.987 -62353 5261.3 -67614.3 3175.8153
7.73 281.92886 -199.8098 46495.473 -62593.5 5369.14 -67962.6 3213.3531
7.74 286.15405 -117.91046 45929.883 -62066.9 5449.6 -67516.6 3199.8869
7.75 269.82678 -245.42621 46076.673 -62258 5138.66 -67396.7 3209.844
7.76 274.82621 235.25256 46041.612 -61910.1 5233.87 -67143.9 3212.6935
7.77 271.86266 -219.84813 46264.808 -61897.4 5177.43 -67074.8 3242.1471
7.78 276.04119 -562.33308 46273.119 -61743.8 5257.01 -67000.8 3252.1411
7.79 268.26927 519.10481 45831.916 -61255.2 5109 -66364.2 3260.5199
7.8 267.69666 -1.1137749 45675.29 -61008.1 5098.1 -66106.2 3252.602
7.81 267.7097 -706.63808 45906.812 -60200 5098.34 -65298.4 3293.8356
7.82 275.82183 -24.435681 45690.031 -59928.4 5252.83 -65181.2 3319.6821
7.83 264.65116 -279.84789 45417.521 -60438.1 5040.1 -65478.2 3328.763
7.84 271.00436 484.12852 45497.353 -60207.2 5161.09 -65368.3 3364.8192
7.85 268.84435 770.26894 45384.69 -60115.2 5119.95 -65235.2 3379.5746
7.86 274.70113 83.35844 45397.647 -60175.5 5231.49 -65407 3392.5517
7.87 261.61944 233.67157 45283.85 -60323.7 4982.36 -65306.1 3417.2568
7.88 270.99567 -539.56625 45594.879 -59825.8 5160.92 -64986.8 3467.3874
7.89 264.48325 197.88159 45445.82 -60139.2 5036.9 -65176.1 3478.3305
7.9 282.58024 -509.84992 45873.228 -59877.2 5381.54 -65258.7 3522.7624
7.91 271.88902 -685.79744 45497.241 -59953.2 5177.94 -65131.1 3537.5825
7.92 272.59889 -23.485895 45690.771 -59962.5 5191.45 -65153.9 3561.4478
7.93 273.15603 786.63785 45551.757 -59942.4 5202.07 -65144.4 3564.8857
7.94 267.80099 -27.403124 45695.154 -60027.8 5100.08 -65127.9 3607.9447
7.95 273.24488 -386.32934 45710.862 -60266.5 5203.76 -65470.2 3622.5854
7.96 269.9443 -573.93345 45741.95 -60037.6 5140.9 -65178.5 3654.3667
7.97 274.81415 -216.83724 45596.358 -59958.4 5233.64 -65192.1 3672.4118
7.98 265.88856 159.76673 45486.653 -60215.5 5063.66 -65279.1 3705.0052
7.99 265.08958 -223.45101 46087.265 -60145.9 5048.45 -65194.3 3763.2946
8 271.53661 106.98844 45850.657 -60039.9 5171.22 -65211.2 3767.5491
8.01 273.31127 403.04638 45321.616 -60123.1 5205.02 -65328.1 3764.5126
8.02 268.17371 -60.732471 45357.471 -59948.5 5107.18 -65055.7 3796.4789
8.03 270.03685 549.07747 45531.414 -60109.3 5142.66 -65252 3832.181
8.04 276.83118 -330.78835 45398.944 -59702.2 5272.06 -64974.3 3843.803
8.05 269.58774 -943.99773 45787.129 -60062.7 5134.11 -65196.9 3904.3014
8.06 274.05647 10.153014 45642.05 -60051.3 5219.21 -65270.5 3921.1901
8.07 265.24913 163.29268 45558.083 -60278.6 5051.48 -65330.1 3934.7651
8.08 270.89291 561.06564 45389.255 -60096 5158.97 -65255 3950.8912
8.09 276.24272 287.63313 45502.341 -59862.2 5260.85 -65123 4002.6738
8.1 276.07839 472.43098 45428.219 -59844.6 5257.72 -65102.3 4025.0399
8.11 270.80174 439.32 45545.85 -60147.3 5157.23 -65304.5 4052.1285
8.12 273.49644 657.16829 45529.225 -60037.9 5208.55 -65246.5 4063.8847
8.13 275.97055 256.20505 45560.068 -60023.8 5255.67 -65279.4 4110.1363
8.14 272.80845 -89.59669 45594.742 -60092.5 5195.45 -65288 4146.0226
8.15 273.4262 -57.975166 45602.768 -59963.8 5207.21 -65171 4179.2515
8.16 280.7432 99.800962 45539.895 -59944.2 5346.56 -65290.8 4194.364
8.17 273.92356 -7.8357501 45593.665 -59765.1 5216.68 -64981.8 4221.7969
8.18 266.579 107.99496 45752.767 -60011.8 5076.81 -65088.6 4277.6414
8.19 277.17064 -503.47564 45846.626 -59690.9 5278.52 -64969.4 4296.6312
8.2 268.23316 -422.47608 45642.079 -60120.5 5108.31 -65228.8 4317.6921
8.21 271.37216 459.65362 45704.916 -59942.1 5168.09 -65110.2 4357.298
8.22 267.71805 327.42493 45348.343 -60248.2 5098.5 -65346.7 4335.5621
8.23 280.01029 719.86851 45497.39 -60021.9 5332.6 -65354.5 4380.4298
8.24 270.9534 437.10028 45256.354 -60164.1 5160.12 -65324.3 4407.3538
8.25 273.2441 -46.484852 45542.172 -60169 5203.74 -65372.8 4462.9305
8.26 271.61885 -134.61014 45559.554 -60152 5172.79 -65324.8 4485.014
8.27 278.67368 245.97709 45252.096 -60060.7 5307.15 -65367.8 4502.4821
8.28 265.48115 -218.27363 45627.417 -59951 5055.9 -65006.9 4545.4269
8.29 269.22596 -271.22995 45649.377 -59946.2 5127.22 -65073.4 4569.7687
8.3 282.51374 -87.867268 45828.083 -59816.9 5380.28 -65197.2 4616.6072
8.31 266.06287 679.43124 45653.23 -60188.7 5066.98 -65255.6 4627.1735
8.32 273.79357 885.86784 45547.811 -60177.1 5214.21 -65391.3 4659.2927
8.33 271.72516 63.078895 45680.324 -59900.4 5174.82 -65075.2 4688.5555
8.34 268.98083 -668.65075 46072.416 -59794.6 5122.55 -64917.1 4745.6559
8.35 274.54445 -157.32877 45724.127 -60021.4 5228.51 -65249.9 4745.7008
8.36 265.13149 460.77199 45471.927 -60400.5 5049.24 -65449.8 4765.1689
8.37 270.36347 -629.4306 45750.758 -60066.3 5148.88 -65215.2 4803.8395
8.38 271.60755 -458.59615 45976.593 -60035.2 5172.58 -65207.8 4858.4196
8.39 264.09408 -336.61921 45752.883 -60260.3 5029.49 -65289.8 4874.4658
8.4 271.88376 -166.21977 45558.714 -59875.2 5177.84 -65053 4896.6956
8.41 270.08598 -411.84682 45777.149 -60039.1 5143.6 -65182.7 4932.4563
8.42 271.32559 413.62771 45442.393 -60247.5 5167.21 -65414.7 4932.6433
8.43 269.74051 -15.457494 45404.456 -60228.6 5137.02 -65365.6 4970.6014
8.44 282.17664 383.48159 45214.551 -59628.5 5373.86 -65002.4 4984.2378
8.45 267.84174 29.600209 45402.763 -60200 5100.86 -65300.8 5039.9256
8.46 266.36763 -47.919989 45506.647 -60242.8 5072.79 -65315.6 5070.2093
8.47 280.0783 -49.258398 45603.87 -59852.8 5333.89 -65186.7 5099.1963
8.48 267.8793 179.63712 45529.933 -60358.2 5101.57 -65459.7 5124.9395
8.49 264.20174 222.95929 45651.048 -59937.3 5031.54 -64968.9 5171.5998
8.5 267.70734 -453.96598 45869.88 -60086.5 5098.3 -65184.8 5217.0505
8.51 279.69888 275.15271 45534.056 -59846.6 5326.67 -65173.3 5223.4778
8.52 269.80829 168.2625 45512.045 -60112.4 5138.31 -65250.7 5223.947
8.53 277.29 596.88894 45337.801 -59960.4 5280.79 -65241.1 5224.4741
8.54 269.79986 -298.77512 45666.819 -60257.5 5138.15 -65395.6 5261.7637
8.55 269.31631 86.529575 45717.071 -60165.9 5128.94 -65294.9 5306.7198
8.56 276.53816 536.04562 45434.435 -59986.1 5266.48 -65252.6 5314.5258
8.57 266.99689 -142.3419 45789.39 -60188.6 5084.77 -65273.4 5358.7224
8.58 265.20246 -539.34779 45722.136 -60039.9 5050.6 -65090.5 5374.5224
8.59 265.36652 -95.427949 45595.62 -60100 5053.72 -65153.7 5390.2394
8.6 273.65108 425.50264 45502.055 -60028.1 5211.49 -65239.6 5420.4289
8.61 276.96528 -299.30176 45709.745 -59931.4 5274.61 -65206 5477.5063
8.62 273.56293 22.049737 45634.267 -59988.6 5209.81 -65198.4 5516.977
8.63 269.63659 32.921637 45699.165 -60159.7 5135.04 -65294.7 5533.1208
8.64 268.28684 -349.80951 45806.167 -59950.9 5109.34 -65060.3 5558.2701
8.65 266.60861 -20.682031 45494.406 -60140.6 5077.37 -65218 5553.783
8.66 271.98035 88.521588 45595.879 -59952.2 5179.68 -65131.9 5602.848
8.67 267.54974 783.84667 45326.275 -60551.4 5095.3 -65646.7 5608.1124
8.68 262.93596 -312.51919 45704.848 -60550.3 5007.43 -65557.7 5654.7881
8.69 276.64052 -444.79542 45902.92 -59868.5 5268.43 -65136.9 5687.3093
8.7 274.15914 267.06176 45786.715 -60140.8 5221.17 -65362 5711.0505
8.71 278.20295 58.018154 46011.001 -60018.6 5298.18 -65316.7 5762.5121
8.72 264.07907 602.47655 45408.887 -60330.8 5029.2 -65360 5712.6297
8.73 273.78802 -674.82632 45798.445 -59947.8 5214.1 -65161.9 5771.9477
8.74 267.3544 -536.50996 45428.623 -60194 5091.58 -65285.6 5774.6325
8.75 271.07181 -102.84069 45513.452 -60137.1 5162.37 -65299.5 5827.2358
8.76 274.23259 75.094794 45594.126 -59968.4 5222.57 -65191 5865.1045
8.77 279.15658 -555.30423 45665.728 -59762.9 5316.34 -65079.2 5895.7675
8.78 268.81496 -227.47695 45715.005 -60146.9 5119.39 -65266.3 5929.243
8.79 273.46203 -376.35365 45561.007 -59785.3 5207.89 -64993.2 5933.2125
8.8 269.25366 -503.94188 45766.208 -60157 5127.75 -65284.8 5969.1082
8.81 272.72969 -172.41099 45639.123 -60078.6 5193.95 -65272.5 5983.3912
8.82 271.1267 -50.07704 45940.366 -60061.1 5163.42 -65224.6 6023.5464
8.83 269.52526 -374.89483 45725.413 -59860.6 5132.92 -64993.5 6038.604
8.84 267.45251 -96.429594 45562.11 -60125.6 5093.45 -65219 6052.7977
8.85 268.06557 374.9176 45300.014 -59908.1 5105.12 -65013.2 6043.5519
8.86 274.9605 -74.74298 45608.027 -59744.3 5236.43 -64980.7 6098.2286
8.87 266.64218 1347.0587 45390.411 -59993.3 5078.01 -65071.3 6122.2947
8.88 274.84858 553.90931 45696.737 -60045.9 5234.3 -65280.2 6188.4827
8.89 273.39878 -56.059023 45896.36 -60064.7 5206.69 -65271.4 6229.1439
8.9 263.08907 252.08896 45597.215 -60317.9 5010.35 -65328.3 6212.1969
8.91 278.2696 346.68518 45758.12 -59811.9 5299.45 -65111.4 6254.8698
8.92 256.48611 240.44073 45524.411 -60532.6 4884.6 -65417.2 6248.1937
8.93 276.37716 193.73624 45440.295 -59855 5263.41 -65118.4 6274.33
8.94 266.00444 203.8674 45549.491 -60344.1 5065.87 -65410 6326.1502
8.95 278.69965 689.11212 45370.628 -59874.1 5307.64 -65181.7 6350.9753
8.96 276.01143 -151.34166 45771.498 -60268.7 5256.44 -65525.1 6402.8931
8.97 274.96522 125.80324 45571.24 -60197.7 5236.52 -65434.2 6413.7097
8.98 280.62372 -447.47598 45601.561 -59606.1 5344.28 -64950.4 6437.3933
8.99 270.77871 95.878201 45478.003 -59913.4 5156.79 -65070.2 6443.9002
9 267.24383 -407.76024 45795.248 -60201.1 5089.47 -65290.6 6512.1251
9.01 276.54762 361.76222 45608.836 -59765.4 5266.66 -65032 6537.4805
9.02 275.41942 730.71569 45216.601 -60095.8 5245.17 -65340.9 6528.6689
9.03 275.90042 -118.99722 45681.336 -59810.3 5254.33 -65064.6 6607.4131
9.04 265.88796 90.484958 45717.147 -60296.9 5063.65 -65360.6 6649.0213
9.05 261.02882 55.678799 45643.546 -60186.4 4971.11 -65157.6 6674.942
9.06 265.44526 421.53218 45501.598 -60176 5055.22 -65231.2 6673.5548
9.07 260.55503 487.04634 45604.987 -60207.4 4962.09 -65169.5 6711.7755
9.08 266.18299 -651.32895 45664.543 -59929 5069.27 -64998.2 6762.6758
9.09 264.94034 762.85502 45535.718 -60015.7 5045.6 -65061.3 6782.954
9.1 268.09327 702.80892 45464.868 -60474.4 5105.65 -65580.1 6805.709
9.11 268.75048 283.56068 45241.536 -60079.7 5118.16 -65197.8 6810.3206
9.12 270.10643 363.61093 45568.094 -59953.5 5143.99 -65097.5 6863.3551
9.13 274.80012 -192.85635 45702.824 -59991.7 5233.38 -65225.1 6896.505
9.14 284.6683 4.1194408 45737.355 -59862.6 5421.31 -65283.9 6919.3938
9.15 265.7428 341.79048 45424.249 -60132.3 5060.89 -65193.2 6936.8035
9.16 271.03974 -168.38413 45749.109 -59821.3 5161.76 -64983.1 6993.4035
9.17 260.40378 -496.9441 45683.76 -60184.1 4959.21 -65143.4 7038.2429
9.18 274.09661 415.17763 45504.329 -60069.2 5219.98 -65289.2 7044.8977
9.19 280.47967 237.73205 45239.172 -59957.4 5341.54 -65298.9 7079.2215
9.2 274.71023 245.28584 45324.762 -59924 5231.66 -65155.7 7120.459
9.21 268.37278 375.23612 45582.794 -60131 5110.97 -65242 7187.9835
9.22 274.07518 350.69802 45394.736 -59778.8 5219.57 -64998.3 7190.1187
9.23 268.04634 -234.65268 45662.847 -60441.8 5104.75 -65546.6 7230.489
9.24 278.69454 -195.47815 45980.658 -59784 5307.54 -65091.5 7282.9894
9.25 265.05395 -353.12487 45736.355 -60114.8 5047.77 -65162.6 7255.2296
9.26 264.76233 -405.47746 45540.328 -60245 5042.21 -65287.2 7260.6255
9.27 272.74298 -269.84809 46192.519 -60049.3 5194.2 -65243.5 7362.8632
9.28 273.91641 -312.47678 45760.829 -60086.5 5216.55 -65303.1 7325.9771
9.29 259.79119 115.66683 45588.667 -60229.2 4947.54 -65176.7 7339.5885
9.3 270.78209 161.71033 45726.141 -59948.7 5156.86 -65105.5 7372.022
9.31 265.7736 -518.74872 45793.312 -60361.1 5061.47 -65422.6 7406.3906
9.32 278.64912 201.51286 45709.039 -60039.1 5306.68 -65345.8 7434.9799
9.33 268.11031 -302.64544 45883.181 -59884 5105.97 -64989.9 7492.7317
9.34 267.40512 162.31099 45626.583 -60538 5092.54 -65630.5 7503.9994
9.35 268.17793 -395.70242 45642.746 -60216 5107.26 -65323.2 7540.0611
9.36 266.94744 82.98404 45650.287 -60293.1 5083.83 -65377 7560.3226
9.37 267.05951 -779.15428 45833.167 -60095.3 5085.96 -65181.3 7621.4535
9.38 272.60424 -320.04854 45538.418 -60214 5191.56 -65405.6 7617.5332
9.39 272.20876 -252.76336 45915.736 -59935 5184.03 -65119 7681.4955
9.4 260.27865 -180.8721 46036.677 -60258.5 4956.82 -65215.3 7732.5856
9.41 270.28686 293.50672 45599.524 -59949.5 5147.42 -65097 7723.3248
9.42 271.29027 302.54223 45521.899 -60031.9 5166.53 -65198.4 7732.4699
9.43 263.85607 -112.64088 45461.925 -60569 5024.95 -65594 7758.3492
9.44 270.0641 79.331191 45452.056 -59994.7 5143.18 -65137.9 7784.15
9.45 269.61547 -195.6741 46123.881 -59978.9 5134.64 -65113.6 7899.7264
9.46 282.1337 46.370485 45514.055 -60007 5373.04 -65380.1 7854.3198
9.47 265.01087 373.22734 45390.661 -60200.8 5046.95 -65247.8 7837.51
9.48 257.58631 289.66797 45450.207 -60121.7 4905.55 -65027.2 7878.9725
9.49 264.85591 -352.15745 45633.394 -60248.9 5044 -65292.9 7933.7164
9.5 270.8425 1333.101 45251.957 -60029.4 5158.01 -65187.4 7921.4184
9.51 284.08452 383.5436 45291.653 -59642.6 5410.19 -65052.8 7931.535
9.52 274.87775 -9.6988298 45738.376 -59832.6 5234.85 -65067.4 8010.1372
9.53 261.3803 -358.06936 45637.374 -60286.8 4977.8 -65264.6 8043.5306
9.54 273.17729 -435.11146 45949.046 -60069.4 5202.47 -65271.9 8124.2685
9.55 268.96625 235.14013 45640.927 -60017.4 5122.27 -65139.7 8140.9923
9.56 272.18635 1069.9044 45356.825 -60463.4 5183.6 -65647 8120.0251
9.57 272.22344 -399.95519 45899.491 -60055.2 5184.3 -65239.5 8196.8828
9.58 264.95432 -146.87421 45728.686 -60264.4 5045.87 -65310.3 8204.1861
9.59 268.84708 405.87194 45643.741 -60057.1 5120 -65177.1 8249.5467
9.6 255.05226 187.23279 45396.026 -60428.2 4857.29 -65285.5 8222.539
9.61 262.89056 434.5206 45375.5 -60193.5 5006.57 -65200 8238.3242
9.62 272.80447 538.89017 45604.943 -59974 5195.37 -65169.4 8315.2128
9.63 283.80349 372.03442 45596.167 -60049.8 5404.84 -65454.6 8344.5478
9.64 281.83489 497.78058 45280.276 -59964.1 5367.35 -65331.4 8320.6725
9.65 279.39491 231.47857 45838.306 -59858.9 5320.88 -65179.8 8436.5102
9.66 270.45366 348.78304 45503.93 -60140.7 5150.6 -65291.3 8438.7266
9.67 266.26083 -135.7094 45715.669 -60115.4 5070.75 -65186.2 8500.2079
9.68 272.28998 372.91437 45864.423 -59771.5 5185.57 -64957.1 8545.205
9.69 275.6971 111.65541 45352.888 -60217.7 5250.46 -65468.1 8504.3016
9.7 262.43773 213.7492 45746.543 -60241.3 4997.94 -65239.2 8564.8222
9.71 275.68011 17.917462 45790.797 -59668.5 5250.13 -64918.6 8644.0664
9.72 271.55757 215.86896 45614.892 -60055.8 5171.62 -65227.4 8675.8446
9.73 255.20337 -465.02542 45985.828 -60302.6 4860.17 -65162.7 8769.6283
9.74 281.84187 -4.5123557 45588.156 -59953.4 5367.48 -65320.9 8755.9057
9.75 270.07469 -166.29014 45601.853 -60401.7 5143.38 -65545.1 8776.8177
9.76 268.20402 -56.989429 45523.751 -59998.7 5107.76 -65106.4 8807.729
9.77 265.47015 -631.27386 45639.567 -60197.6 5055.69 -65253.2 8838.8354
9.78 269.91253 -547.56575 45790.66 -60188.3 5140.3 -65328.6 8890.8161
9.79 265.68385 1.7526105 45474.305 -60180.1 5059.76 -65239.8 8894.8387
9.8 271.80896 -15.342604 45548.497 -59853.5 5176.41 -65029.9 8954.7623
9.81 268.73775 79.358341 45327.219 -60062.7 5117.92 -65180.6 8951.8338
9.82 269.05688 76.23 45379.991 -60148.6 5124 -65272.6 8981.5186
9.83 271.50222 -265.60613 45484.162 -60110.5 5170.57 -65281.1 9023.3078
9.84 260.71153 -810.9397 45593.503 -60138.9 4965.07 -65104 9068.9938
9.85 275.95139 -384.09901 45686.58 -59878 5255.3 -65133.3 9114.2283
9.86 268.29412 65.22105 45742.605 -60124.3 5109.47 -65233.8 9152.7611
9.87 265.29815 -525.02814 45574.421 -60189.2 5052.42 -65241.6 9175.6366
9.88 282.87517 -370.65429 45615.129 -59770.2 5387.16 -65157.4 9221.4488
9.89 260.69702 -182.8302 45640.387 -60232.8 4964.79 -65197.6 9261.4028
9.9 280.96741 -456.08844 46046.941 -59836.9 5350.83 -65187.7 9331.7569
9.91 268.69991 395.70982 45569.905 -60022.8 5117.2 -65140 9286.0906
9.92 270.33199 149.61443 45492.976 -59871.6 5148.28 -65019.8 9304.9616
9.93 268.53879 -88.50045 45788.986 -60160.2 5114.13 -65274.3 9364.7369
9.94 271.13209 -176.95016 45915.37 -59850.4 5163.52 -65013.9 9389.4891
9.95 265.54034 296.68339 45486.812 -60258.4 5057.03 -65315.4 9359.6607
9.96 272.72492 307.68637 45345.796 -59968.2 5193.86 -65162.1 9379.2884
9.97 264.29764 -822.75224 46012.312 -59987.3 5033.36 -65020.6 9500.9358
9.98 266.91498 -390.1879 45558.3 -60146.8 5083.21 -65230 9453.3106
