0 271.62272 -257.14885 46376.762 -63469 5183.03 -68652.1 10.718482
0.01 273.99078 801.77588 46269.056 -63238.1 5228.21 -68466.3 24.705736
0.02 269.84107 -326.97703 46275.396 -63272.5 5149.03 -68421.5 33.054386
0.03 275.26116 -5.1179846 46380.924 -63168.2 5252.46 -68420.7 41.671758
0.04 279.36387 -82.69473 46539.97 -63136.7 5330.74 -68467.4 50.278563
0.05 275.56765 -314.62056 46704.785 -62715.8 5258.3 -67974.1 58.986566
0.06 276.77371 -692.98696 46414.56 -62837.6 5281.32 -68118.9 68.623403
0.07 262.98285 138.19411 46366.206 -62841.6 5018.16 -67859.8 81.165157
0.08 274.98564 408.28522 46277.993 -62756.3 5247.2 -68003.5 94.690074
0.09 285.00285 -306.0145 46345.05 -62572.7 5438.34 -68011.1 106.29368
0.1 284.47314 -272.01942 46339.662 -62635.4 5428.24 -68063.7 117.57339
0.11 266.57391 -422.62801 46518.227 -62698.4 5086.69 -67785.1 133.82591
0.12 271.53551 -406.90168 46466.755 -62454 5181.36 -67635.3 146.50268
0.13 280.11082 -633.09017 46478.33 -62107.2 5344.99 -67452.2 159.98886
0.14 276.09363 -194.66409 46471.046 -62211.6 5268.34 -67480 177.12939
0.15 279.81183 -639.26743 46599.868 -61833.4 5339.29 -67172.7 194.47427
0.16 267.74515 -641.99653 46379.223 -62134.4 5109.04 -67243.5 207.19852
0.17 268.97766 723.61938 46052.894 -61972 5132.56 -67104.6 223.12721
0.18 277.87913 321.2258 46198.487 -61868.8 5302.41 -67171.2 233.89686
0.19 271.28674 -649.34201 46587.44 -62258.6 5176.62 -67435.2 244.915
0.2 277.81369 185.23001 46161.209 -61681 5301.16 -66982.2 255.40383
0.21 272.67745 -136.80746 46183.396 -62000 5203.15 -67203.1 271.74522
0.22 276.65724 -204.42131 46255.048 -61902.9 5279.09 -67182 285.98692
0.23 275.35018 -438.66976 46214.522 -62130.4 5254.15 -67384.5 300.97872
0.24 275.37677 508.57543 46189.393 -61827.7 5254.66 -67082.4 316.78525
0.25 266.13292 -389.80113 46001.066 -62317.2 5078.27 -67395.4 327.94736
0.26 266.17615 -78.017378 46099.84 -61762.5 5079.1 -66841.6 339.47171
0.27 280.51398 283.0815 46248.695 -61667 5352.69 -67019.7 356.186
0.28 276.57713 789.55336 45869.554 -61432.3 5277.57 -66709.9 369.93226
0.29 272.31667 190.65833 46129.799 -61635.2 5196.27 -66831.5 380.01244
0.3 261.29217 133.99042 46282.601 -61716.7 4985.9 -66702.6 393.69761
0.31 274.41407 -111.76516 45853.794 -60884.4 5236.29 -66120.7 411.00992
0.32 278.37207 902.44621 45466.4 -60088.4 5311.82 -65400.2 431.32686
0.33 272.92848 353.18677 45597.704 -60047.7 5207.94 -65255.6 468.42766
0.34 273.1258 368.83471 45720.654 -60180.5 5211.71 -65392.2 494.3738
0.35 269.21059 386.54187 45640.463 -60107.5 5137 -65244.5 524.51359
0.36 276.37312 -50.655936 46064.501 -59940 5273.67 -65213.6 555.67338
0.37 273.85395 -631.46739 45785.005 -60247.9 5225.6 -65473.5 577.61141
0.38 266.67171 -84.26519 45853.541 -59899.7 5088.55 -64988.2 606.9587
0.39 281.34675 -50.00505 46016.565 -59741.4 5368.58 -65110 633.30094
0.4 264.75111 -613.50473 45884.185 -60017.4 5051.91 -65069.3 669.81906
0.41 270.82876 125.80836 45753.257 -60298.4 5167.88 -65466.3 693.89171
0.42 272.46743 289.3952 45695.79 -60027.5 5199.15 -65226.6 722.90533
0.43 276.83208 -237.15073 45760.886 -60040.7 5282.43 -65323.2 754.85574
0.44 266.67115 28.439023 45922.615 -60076.7 5088.54 -65165.2 780.45019
0.45 284.38786 -504.04931 45977.977 -59779.3 5426.61 -65205.9 801.37175
0.46 264.74466 -33.826808 45685.443 -60066.7 5051.78 -65118.5 834.0188
0.47 265.4463 -920.4949 45521.335 -60380.1 5065.17 -65445.3 860.98754
0.48 272.26715 -580.91047 45879.678 -60111.7 5195.32 -65307 887.82426
0.49 265.08455 18.51576 45900.448 -60401.9 5058.27 -65460.1 930.51904
0.5 269.87566 331.1146 45652.887 -59940.4 5149.69 -65090.1 947.03507
0.51 261.73798 256.38537 45702.336 -60285.3 4994.41 -65279.7 971.02651
0.52 269.03091 -36.673431 45765.917 -60092.2 5133.57 -65225.8 1010.1176
0.53 265.51949 296.77482 45709.754 -59799.3 5066.57 -64865.9 1044.2298
0.54 270.32793 203.97106 45528.161 -60053 5158.32 -65211.4 1071.0181
0.55 272.06434 -254.45831 45855.81 -60041.3 5191.45 -65232.7 1105.2981
0.56 276.83922 -390.41777 45799.033 -60141.4 5282.57 -65423.9 1136.0632
0.57 276.40321 -824.24776 45862.713 -60286 5274.25 -65560.2 1165.3316
0.58 270.35363 461.24871 45880.774 -59898.8 5158.81 -65057.6 1182.3236
0.59 273.23353 -474.55841 45944.171 -60155.6 5213.76 -65369.4 1205.8664
0.6 291.75617 -677.48538 45676.579 -59659.5 5567.21 -65226.7 1230.5518
0.61 282.23972 719.19073 45625.524 -59866.7 5385.62 -65252.3 1260.192
0.62 275.35028 571.99176 45659.999 -59973.8 5254.16 -65228 1292.33
0.63 279.65549 352.88031 45647.816 -59932.5 5336.31 -65268.8 1319.1157
0.64 275.56117 78.198655 45355.99 -60214 5258.18 -65472.2 1334.431
0.65 271.08009 460.87007 45482.179 -60286.5 5172.67 -65459.2 1372.6882
0.66 258.60135 -636.31342 45848.425 -60481.4 4934.56 -65416 1415.1432
0.67 269.51258 -25.479986 45729.55 -60047.2 5142.76 -65189.9 1431.9052
0.68 271.29501 -233.67894 45795.745 -60070.1 5176.77 -65246.8 1465.9427
0.69 279.61032 -46.602348 46085.252 -59908 5335.44 -65243.4 1486.5605
0.7 267.91644 -573.02176 45763.361 -60064.1 5112.31 -65176.4 1511.7722
0.71 270.87451 -10.056585 45943.856 -60237 5168.75 -65405.8 1539.7358
0.72 275.78066 -130.64986 45763.099 -59891.8 5262.37 -65154.2 1558.4287
0.73 267.59797 51.547664 45659.773 -60139.4 5106.23 -65245.7 1574.6614
0.74 281.1415 -275.24709 45888.495 -59825.4 5364.66 -65190.1 1603.2584
0.75 273.62564 -0.918235 45691.271 -60122.8 5221.25 -65344 1638.8985
0.76 273.00261 -373.86478 45598.994 -60238.2 5209.36 -65447.6 1672.3083
0.77 284.53757 166.01657 45734.261 -59712.6 5429.47 -65142.1 1706.807
0.78 272.42602 640.65313 45623.888 -60157.6 5198.36 -65355.9 1725.8229
0.79 279.80737 -429.66605 45662.702 -59957.1 5339.2 -65296.3 1748.639
0.8 276.64904 82.495115 45760.201 -60113.3 5278.94 -65392.2 1782.6943
0.81 277.31466 789.07315 45423.83 -59889.1 5291.64 -65180.7 1802.357
0.82 271.63585 127.37548 45606.279 -60017.7 5183.28 -65201 1839.3399
0.83 271.15044 -258.79702 45736.698 -60075.6 5174.02 -65249.6 1883.4614
0.84 273.63612 -678.66123 45851.241 -59899.7 5221.45 -65121.1 1909.5751
0.85 271.07801 167.79092 45641.743 -60114.2 5172.63 -65286.8 1928.0749
0.86 269.40395 166.30523 45614.713 -60303.1 5140.69 -65443.8 1971.6886
0.87 282.82393 -578.05587 45909.775 -59824 5396.77 -65220.8 2006.6537
0.88 270.18298 -191.92727 45751.141 -60146 5155.55 -65301.5 2027.7674
0.89 274.58866 261.55364 45792.065 -60203.2 5239.62 -65442.8 2056.5208
0.9 271.13786 118.97838 45522.112 -60044 5173.78 -65217.7 2071.2048
0.91 271.6874 -515.78074 45550.556 -59906.9 5184.26 -65091.2 2090.6376
0.92 273.67508 -47.221752 45766.082 -60274.2 5222.19 -65496.4 2133.4402
0.93 272.93888 -101.27612 45604.52 -60149.3 5208.14 -65357.5 2156.5101
0.94 275.47462 -319.74706 45865.263 -59913.4 5256.53 -65170 2193.1392
0.95 281.95376 317.48533 45612.97 -60151.8 5380.16 -65531.9 2209.6151
0.96 276.56776 -311.24532 46085.05 -59708 5277.39 -64985.4 2256.4954
0.97 271.92407 -128.70141 45767.331 -60216.8 5188.78 -65405.6 2271.4329
0.98 262.08717 -470.39886 46094.509 -60342.2 5001.07 -65343.2 2292.0679
0.99 267.3831 200.47035 45589.205 -60293.2 5102.13 -65395.4 2310.7662
1 275.66189 432.32031 45349.532 -59986.4 5260.1 -65246.5 2343.9487
1.01 267.45321 300.09919 45715.272 -60168.8 5103.47 -65272.2 2375.2012
1.02 276.64393 102.5204 45581.235 -60385 5278.84 -65663.8 2395.5353
1.03 268.58415 211.0612 45470.62 -59979.8 5125.05 -65104.8 2410.902
1.04 268.30628 640.2761 45297.192 -60231.2 5119.74 -65351 2429.906
1.05 272.38645 -149.86537 45740.598 -60190 5197.6 -65387.6 2478.6667
1.06 272.79306 201.88734 45600.6 -60329.5 5205.36 -65534.8 2499.3511
1.07 273.42693 652.04249 45383.172 -60203.5 5217.45 -65420.9 2524.565
1.08 276.05541 -246.41253 45953.668 -59841 5267.61 -65108.6 2565.2016
1.09 282.11022 -91.850881 45443.426 -60111.8 5383.15 -65495 2573.1138
1.1 269.14169 -31.234282 45671.806 -60059 5135.69 -65194.7 2605.6288
1.11 273.202 148.81449 45438.759 -59820.7 5213.16 -65033.9 2632.7858
1.12 268.37479 490.90825 45588.193 -60041.6 5121.05 -65162.6 2676.8467
1.13 278.84766 -266.55275 45803.555 -60080.6 5320.89 -65401.5 2714.5416
1.14 271.82149 -328.32739 45637.865 -60430.1 5186.82 -65616.9 2730.3869
1.15 273.57082 -44.015649 45710.986 -59904.6 5220.2 -65124.8 2759.1964
1.16 277.32699 156.25918 45252.469 -60116 5291.87 -65407.9 2765.7398
1.17 275.1053 -219.99926 45900.779 -59750.9 5249.48 -65000.4 2805.1699
1.18 277.81949 -163.34184 45796.294 -59775.3 5301.27 -65076.5 2837.7574
1.19 266.80358 69.199491 45722.665 -60209.4 5091.07 -65300.5 2877.9344
1.2 280.62809 218.14123 45977.025 -59987.6 5354.87 -65342.4 2913.2075
1.21 280.75041 504.73527 45493.993 -59917.1 5357.2 -65274.3 2917.5782
1.22 277.66021 310.80438 45608.111 -60018.6 5298.23 -65316.8 2952.5572
1.23 273.32502 526.01369 45450.983 -60154.6 5215.51 -65370.2 2976.8423
1.24 281.58202 358.04085 45704.062 -59730.4 5373.07 -65103.5 3022.4659
1.25 269.30133 -102.67521 45645.884 -60189.3 5138.73 -65328 3060.7048
1.26 283.71238 -440.89782 46123.584 -59889.3 5413.72 -65303.1 3124.9218
1.27 266.33562 -470.66187 45949.352 -60270.2 5082.14 -65352.3 3149.1879
1.28 279.05934 86.248986 45659.039 -59932 5324.93 -65257 3170.5522
1.29 270.01275 -94.899732 45659.829 -59991.2 5152.31 -65143.5 3191.7324
1.3 266.81092 395.84776 45774.574 -60035.7 5091.21 -65126.9 3231.5124
1.31 277.8222 290.53329 45422.345 -60160.2 5301.32 -65461.5 3249.7312
1.32 264.54729 -334.89493 46005.999 -60383.6 5048.02 -65431.7 3325.6329
1.33 274.44785 -291.16073 45850.533 -59810.6 5236.94 -65047.5 3339.719
1.34 280.2991 -330.44383 45613.954 -59857.7 5348.59 -65206.3 3359.2811
1.35 271.69338 -741.39256 45875.783 -60064.2 5184.38 -65248.6 3406.0638
1.36 270.26263 45.656754 45641.258 -60027.5 5157.07 -65184.6 3423.228
1.37 267.37867 108.80048 45759.318 -60002.6 5102.04 -65104.6 3469.6093
1.38 274.49822 62.357024 45648.24 -60311.8 5237.9 -65549.7 3502.1255
1.39 273.7454 174.57382 45738.142 -59967 5223.53 -65190.5 3546.4467
1.4 270.51396 -777.89449 45659.167 -59947.6 5161.87 -65109.5 3562.68
1.41 273.23848 334.89017 45658.483 -59885.1 5213.86 -65099 3605.5395
1.42 276.32391 -134.52675 45459.912 -60162.8 5272.73 -65435.6 3622.4716
1.43 277.23599 -421.07803 45949.918 -59810.9 5290.14 -65101.1 3683.2503
1.44 272.39739 220.43178 45782.439 -60183.5 5197.81 -65381.3 3696.6297
1.45 271.4235 -52.619818 45813.21 -59807 5179.23 -64986.2 3723.6094
1.46 275.1346 490.85729 45674.435 -59881.4 5250.04 -65131.4 3749.6828
1.47 280.7723 346.13978 45428.278 -59927.2 5357.62 -65284.8 3761.4266
1.48 277.84033 -251.20389 46163.28 -59867.3 5301.67 -65169 3817.8868
1.49 267.76535 294.94034 45638.232 -60253.8 5109.42 -65363.3 3827.6794
1.5 279.80743 -640.55598 45875.758 -60037 5339.21 -65376.2 3861.8905
1.51 275.30826 433.8303 45797.176 -59914.3 5253.35 -65167.6 3879.4964
1.52 271.29453 163.24927 45465.035 -60259.2 5176.76 -65435.9 3901.8685
1.53 287.26577 350.61035 45705.617 -59878.3 5481.52 -65359.8 3945.3992
1.54 267.59388 188.86377 45508.557 -59974.9 5106.15 -65081.1 3984.0359
1.55 272.35493 -169.43131 45854.386 -60010.1 5197 -65207.1 4028.5748
1.56 271.26579 13.988627 45593.223 -60119.6 5176.22 -65295.9 4038.0172
1.57 272.28074 -311.40131 45588.226 -60019.3 5195.58 -65214.9 4060.6271
1.58 276.52446 -267.87773 45677.392 -60139.7 5276.56 -65416.3 4080.3369
1.59 264.59736 306.6034 45523.431 -60277.3 5048.97 -65326.3 4107.1196
1.6 267.43952 644.69037 45475.437 -60146.4 5103.2 -65249.7 4142.0773
1.61 274.54745 165.29184 45897.221 -59894.2 5238.84 -65133 4195.5651
1.62 268.76751 -974.59758 46254.504 -60137.8 5128.55 -65266.3 4250.6014
1.63 264.23043 -367.84733 45895.871 -59936.4 5041.97 -64978.4 4249.5196
1.64 277.35272 846.19213 45491.11 -60146.9 5292.37 -65439.2 4246.5146
1.65 275.42668 248.32167 45688.458 -60217.7 5255.61 -65473.3 4290.1169
1.66 280.52371 154.02573 45772.356 -60065.3 5352.87 -65418.1 4313.4746
1.67 277.4789 -547.56249 45854.824 -59855.5 5294.77 -65150.3 4351.4813
1.68 271.85862 121.02708 45718.934 -60142.5 5187.53 -65330 4361.0781
1.69 281.4596 -146.44434 45691.64 -59688.1 5370.73 -65058.8 4374.6634
1.7 269.33588 -561.40668 45801.083 -60035.4 5139.39 -65174.8 4415.3708
1.71 271.81331 269.69542 45497.039 -60217.5 5186.66 -65404.2 4425.7379
1.72 279.87039 718.75603 45313.732 -59929.1 5340.41 -65269.5 4442.8693
1.73 263.35687 -118.00733 46060.572 -60170.6 5025.3 -65195.9 4537.189
1.74 267.08464 -295.75053 46017.456 -59924.7 5096.43 -65021.2 4547.2402
1.75 272.68669 29.340627 45890.436 -60028.7 5203.33 -65232 4548.4711
1.76 271.6146 283.30011 45353.541 -60303.9 5182.87 -65486.8 4519.7647
1.77 279.20959 -50.004724 45841.043 -60023 5327.8 -65350.8 4576.8415
1.78 252.95231 -143.57029 45795.025 -60522.7 4826.76 -65349.4 4618.8534
1.79 275.44611 1.3567617 45633.712 -60066.7 5255.98 -65322.7 4625.1951
1.8 273.08593 -666.44254 45945.113 -59869.3 5210.95 -65080.2 4679.2598
1.81 271.22693 739.22902 45317.701 -60241.6 5175.47 -65417.1 4676.7211
1.82 279.32231 476.78927 45546.014 -59938.9 5329.95 -65268.8 4709.204
1.83 275.17475 787.67304 45281.051 -60079.3 5250.81 -65330.1 4707.2922
1.84 272.91919 310.54826 45814.635 -60199.6 5207.77 -65407.3 4761.3912
1.85 273.30403 917.65354 45387.581 -60195 5215.11 -65410.1 4787.7154
1.86 272.45526 -553.85688 45954.348 -59720.7 5198.91 -64919.6 4862.2112
1.87 270.58815 836.22427 45633.831 -60218.2 5163.29 -65381.5 4859.4068
1.88 268.65508 -622.22797 45779.771 -59893.2 5126.4 -65019.6 4910.8554
1.89 274.96053 -300.1308 45667.696 -60003.6 5246.72 -65250.4 4947.6734
1.9 259.06781 -425.79558 45945.816 -60212.2 4943.46 -65155.6 4980.5643
1.91 264.6252 291.40145 45464.907 -60220.1 5049.5 -65269.6 4984.7654
1.92 272.84829 -19.046164 45776.482 -60269.5 5206.41 -65475.9 5047.1791
1.93 278.66667 -562.4995 45772.78 -59956.7 5317.44 -65274.2 5080.3608
1.94 274.76274 -194.87015 45907.123 -59961.1 5242.94 -65204 5122.2355
1.95 273.58679 -436.94732 45729.731 -60034.8 5220.51 -65255.3 5160.1833
1.96 269.00822 536.14348 45665.784 -60301.8 5133.14 -65434.9 5163.8372
1.97 272.85985 320.44641 45612.733 -59919.6 5206.63 -65126.2 5212.5109
1.98 267.68808 853.58467 45366.383 -60382.3 5107.95 -65490.3 5214.0999
1.99 274.14713 18.259863 45869.975 -60029.1 5231.2 -65260.2 5285.8665
2 271.23647 -1065.3104 45794.645 -60093.8 5175.66 -65269.5 5294.8585
2.01 272.70866 -284.73955 45764.703 -60127.3 5203.75 -65331 5337.3451
2.02 277.62916 419.29482 45821.159 -59911 5297.64 -65208.6 5377.0198
2.03 276.08443 -532.75682 45928.914 -60270.5 5268.16 -65538.7 5424.5392
2.04 269.33997 -584.61784 45652.665 -60092.1 5139.47 -65231.5 5451.0107
2.05 266.52582 651.0705 45260.606 -60226.9 5085.77 -65312.7 5452.414
2.06 274.64011 333.38482 45732.041 -59995.3 5240.6 -65235.9 5525.9914
2.07 271.06535 137.60865 45342.937 -60238.3 5172.39 -65410.7 5511.3049
2.08 284.38987 308.43734 45823.935 -59908.2 5426.65 -65334.8 5584.402
2.09 265.3232 -446.4103 46036.26 -60137.9 5062.82 -65200.8 5656.7615
2.1 272.30067 471.51053 45698.407 -60124.2 5195.96 -65320.2 5648.7494
2.11 275.15361 764.03443 45446.682 -60122.7 5250.4 -65373.1 5638.9551
2.12 280.80408 -160.47262 46144.839 -59840.4 5358.22 -65198.6 5705.753
2.13 278.94608 101.38933 45651.193 -59977.1 5322.77 -65299.8 5704.0054
2.14 277.83057 -196.62634 45714.646 -59945.4 5301.48 -65246.9 5720.9625
2.15 278.82752 -115.47203 45604.984 -60104.2 5320.51 -65424.7 5740.0593
2.16 275.69189 316.77597 45650.227 -59927.2 5260.67 -65187.9 5778.5068
2.17 279.17487 -96.921691 45790.201 -60003.2 5327.14 -65330.4 5796.4758
2.18 266.508 59.295164 45608.825 -60060 5085.43 -65145.4 5801.6913
2.19 266.20385 -211.622 45862.553 -60282.6 5079.63 -65362.3 5836.24
2.2 278.1936 21.305596 45805.256 -60078.9 5308.41 -65387.3 5837.6138
2.21 274.13856 143.20184 45845.851 -60064.5 5231.03 -65295.5 5880.635
2.22 276.3771 215.71163 45610.498 -59841.7 5273.75 -65115.5 5899.3045
2.23 277.14805 -260.8418 45918.238 -60077.5 5288.46 -65366 5956.4153
2.24 276.38478 771.06814 45628.782 -59915.8 5273.9 -65189.7 5966.323
2.25 278.39334 -353.12124 45889.744 -59960 5312.22 -65272.2 6011.2995
2.26 267.63316 -195.94351 46034.992 -60095.7 5106.9 -65202.6 6065.0905
2.27 268.09892 195.41201 45456.89 -60276 5115.79 -65391.8 6029.4089
2.28 274.80037 -270.68927 45859.297 -60062.6 5243.66 -65306.3 6097.2133
2.29 274.00374 360.41847 45521.348 -59858.2 5228.46 -65086.6 6085.2559
2.3 282.4842 105.97573 46115.513 -59614.9 5390.28 -65005.2 6163.0839
2.31 277.39313 211.64549 45809.546 -60042.4 5293.14 -65335.5 6191.6949
2.32 268.52637 -125.83574 45707.572 -60307.9 5123.94 -65431.9 6223.6892
2.33 274.88634 148.76574 45408.658 -60020.7 5245.3 -65266 6230.2625
2.34 272.11247 565.52078 45601.951 -60188.8 5192.37 -65381.1 6274.7933
2.35 280.42466 -4.9959569 45780.386 -59925.3 5350.98 -65276.3 6310.7363
2.36 257.61486 -411.80309 45618.432 -60546.3 4915.73 -65462 6314.4765
2.37 268.8242 -198.06884 45477.425 -60059.4 5129.63 -65189 6332.7066
2.38 265.76393 -307.76721 45703.72 -60273.6 5071.23 -65344.9 6375.8007
2.39 279.94227 523.58347 45506.776 -60077.1 5341.78 -65418.9 6382.3901
2.4 274.72778 568.23301 45582.896 -60316.5 5242.28 -65558.8 6419.8948
2.41 274.68431 -138.08745 45904.27 -59872.4 5241.45 -65113.9 6470.3009
2.42 277.01114 69.25355 45579.345 -60074.2 5285.85 -65360 6458.5401
2.43 269.48875 -921.29909 45596.265 -60232.7 5142.31 -65375 6482.2639
2.44 278.37547 -157.18249 45753.046 -59777.3 5311.88 -65089.2 6543.2567
2.45 276.72999 -86.147257 45554.762 -60010.3 5280.48 -65290.8 6541.7449
2.46 271.84302 -596.27354 46071.56 -60074.3 5187.23 -65261.5 6610.2386
2.47 266.10989 -140.33196 45916.7 -60504.6 5077.83 -65582.5 6620.7852
2.48 280.58453 86.310192 45759.659 -59964 5354.03 -65318.1 6634.2608
2.49 274.31085 551.76722 45698.08 -59965.4 5234.32 -65199.8 6648.0177
2.5 264.6915 -641.65264 46205.283 -59847.9 5050.77 -64898.7 6710.9542
2.51 263.03716 333.26836 45417.266 -60615.9 5019.2 -65635 6679.9849
2.52 275.40502 1031.1879 45438.904 -59909.5 5255.2 -65164.7 6724.4022
2.53 263.86198 -428.19134 46131.979 -60530.9 5034.94 -65565.8 6829.933
2.54 273.10539 -44.313971 45650.04 -59837.9 5211.32 -65049.3 6815.0239
2.55 271.651 5.7135388 45778.051 -60083.8 5183.57 -65267.4 6866.4038
2.56 277.503 -505.32076 45768.58 -59978.6 5295.23 -65273.9 6878.1472
2.57 281.78333 23.953211 45515.648 -59950.5 5376.91 -65327.5 6887.9331
2.58 275.46567 -76.75187 45881.363 -60064.1 5256.36 -65320.5 6976.9068
2.59 267.6671 -71.578095 45795.697 -60158.3 5107.55 -65265.8 6981.562
2.6 275.39561 -50.276558 45663.167 -60192 5255.02 -65447 6989.194
2.61 274.48654 -129.42259 45682.062 -60124.7 5237.67 -65362.4 7007.5595
2.62 275.88652 649.53329 45858.291 -59616.4 5264.39 -64880.7 7073.9279
2.63 271.75907 458.26115 45467.9 -60124.1 5185.63 -65309.7 7058.495
2.64 267.38338 266.88089 45755.545 -60139.7 5102.13 -65241.9 7115.2699
2.65 275.3133 223.91215 45667.166 -59738.6 5253.45 -64992.1 7148.6284
2.66 273.93779 -331.33397 45738.099 -60060.2 5227.2 -65287.4 7176.3766
2.67 264.28277 -345.93083 45879.421 -60501.8 5042.97 -65544.8 7208.772
2.68 276.72581 28.573156 45729.408 -60100.5 5280.4 -65380.9 7220.9255
2.69 266.52558 -354.17386 46140.261 -60121.9 5085.77 -65207.7 7294.0987
2.7 265.17258 5.4112109 45662.173 -60230.8 5059.95 -65290.7 7259.9756
2.71 277.90579 -590.99087 46106.779 -60082.9 5302.92 -65385.8 7334.7817
2.72 265.76087 -39.103435 45809.428 -60052.9 5071.17 -65124.1 7316.2702
2.73 270.19634 -713.5854 45594.59 -60199 5155.81 -65354.8 7318.7339
2.74 275.22933 184.7613 45656.664 -60075.1 5251.85 -65326.9 7343.3749
2.75 264.97636 -12.786197 45541.035 -60302.3 5056.2 -65358.5 7377.639
2.76 264.81103 -42.850151 45572.249 -60129.8 5053.05 -65182.8 7411.4876
2.77 275.01605 -191.38744 45979.456 -59817 5247.78 -65064.8 7478.3491
2.78 279.18333 -122.33509 45773.277 -59952.7 5327.3 -65280 7490.3669
2.79 264.49893 528.62718 45506.286 -60296.4 5047.09 -65343.5 7498.8005
2.8 273.00848 -713.11135 45925.366 -60239.5 5209.47 -65449 7589.1037
2.81 272.00921 -121.13218 46142.253 -59955.1 5190.4 -65145.5 7652.254
2.82 269.44656 -1198.1007 46018.333 -59999.9 5141.5 -65141.4 7682.0257
2.83 274.63592 29.743498 45505.968 -60127.5 5240.52 -65368 7657.7942
2.84 279.94193 440.96525 45438.958 -59951.4 5341.77 -65293.2 7693.6254
2.85 265.25904 -294.07409 45632.236 -59995.8 5061.6 -65057.4 7747.6791
2.86 269.71458 169.3206 45606.978 -60180.2 5146.62 -65326.8 7773.9587
2.87 275.68376 361.97197 45650.386 -60040.7 5260.52 -65301.2 7832.076
2.88 260.61463 -555.67526 45689.274 -60249.4 4972.97 -65222.4 7855.4644
2.89 265.68799 313.60895 45644.481 -60126 5069.78 -65195.8 7871.0706
2.9 273.31476 -172.40823 45681.024 -59987.7 5215.31 -65203 7895.9627
2.91 272.70476 150.25224 45622.276 -60105.3 5203.67 -65309 7917.3643
2.92 267.45262 -383.54009 45730.85 -60121.8 5103.45 -65225.2 7953.7269
2.93 281.40698 -165.00146 45974.988 -59963 5369.73 -65332.7 7987.1954
2.94 260.99145 -693.4013 45828.275 -60336.1 4980.16 -65316.3 7960.0561
2.95 278.12047 -218.09009 45620.247 -60206.4 5307.02 -65513.4 7963.337
2.96 272.72478 -752.64713 46064.69 -60092.9 5204.06 -65297 8026.6259
2.97 269.59699 -353.18577 45831.435 -60250.4 5144.37 -65394.8 8029.5766
2.98 281.17843 -316.7962 45922.174 -59960.5 5365.37 -65325.9 8066.2153
2.99 290.45073 110.68952 45940.65 -59292.4 5542.3 -64834.7 8090.061
3 271.11257 378.38174 45668.795 -60096 5173.29 -65269.3 8087.3119
3.01 271.23225 -102.8418 45571.532 -60346 5175.58 -65521.5 8098.8787
3.02 281.73887 -682.40418 46068.856 -59998.5 5376.06 -65374.6 8201.5388
3.03 273.80605 659.05431 45328.008 -60077.5 5224.69 -65302.2 8144.2104
3.04 271.08494 -285.68211 45917.547 -60142.1 5172.77 -65314.9 8245.8888
3.05 269.8807 137.95332 45920.997 -60101.1 5149.79 -65250.8 8267.6533
3.06 277.63933 66.167881 45943.687 -60024.6 5297.83 -65322.4 8295.7123
3.07 273.36349 66.122865 45574.821 -60070.5 5216.24 -65286.7 8317.234
3.08 273.37848 384.10414 45634.967 -60085 5216.53 -65301.5 8341.625
3.09 271.92312 -54.661101 45773.409 -60061.9 5188.76 -65250.7 8350.8109
3.1 273.49572 -85.192772 45723.026 -60286.2 5218.77 -65504.9 8360.2545
3.11 273.23228 437.40438 45487.72 -59988 5213.74 -65201.7 8332.3542
3.12 278.77593 -289.49426 45628.048 -60071.4 5319.52 -65390.9 8374.3756
3.13 270.70245 640.65766 45546.04 -60107.9 5165.47 -65273.4 8397.6808
3.14 275.65596 26.671207 45672.741 -59962.2 5259.99 -65222.2 8428.4404
3.15 272.15262 -470.65737 45965.243 -60108 5193.14 -65301.2 8463.0192
3.16 276.88488 -22.202099 45815.842 -59978.4 5283.44 -65261.8 8449.666
3.17 263.36581 -234.4351 45754.63 -60248 5025.47 -65273.5 8477.522
3.18 272.81826 -215.30639 45896.221 -60157.7 5205.84 -65363.6 8515.0867
3.19 276.93282 487.38416 45378.601 -59953.1 5284.35 -65237.4 8478.802
3.2 270.44574 -432.71645 45741.578 -60077.7 5160.57 -65238.3 8559.0279
3.21 276.89881 -306.6699 45928.917 -59586.4 5283.7 -64870.1 8592.5031
3.22 273.62161 -23.253037 45621.107 -59972.5 5221.17 -65193.7 8590.394
3.23 277.40269 272.57334 45658.275 -59784.9 5293.32 -65078.2 8619.3741
3.24 276.62908 259.83435 45788.955 -59931.3 5278.56 -65209.9 8658.9705
3.25 268.74026 240.39919 45578.846 -60055.3 5128.03 -65183.3 8659.3821
3.26 262.66372 -594.58367 45742.663 -60309.3 5012.07 -65321.4 8710.2725
3.27 274.22986 -502.03619 45960.115 -60120.2 5232.78 -65353 8786.6531
3.28 284.43101 94.638441 45956.956 -59920.5 5427.43 -65348 8792.7425
3.29 268.35436 238.23484 46006.772 -60178.4 5120.66 -65299.1 8842.3186
3.3 275.19513 -292.37211 46222.362 -60106.2 5251.2 -65357.4 8883.3936
3.31 293.08995 20.862863 45568.794 -59888 5592.66 -65480.6 8820.5871
3.32 264.42301 149.85193 45835.104 -59928.7 5045.64 -64974.3 8874.8964
3.33 267.78262 -34.43164 45755.806 -60192.5 5109.75 -65302.2 8867.7717
3.34 273.92514 196.78084 45404.669 -60193.3 5226.96 -65420.2 8859.2056
3.35 263.5742 -87.033597 45730.209 -60131.9 5029.45 -65161.4 8918.6815
3.36 271.16005 350.82836 45548.156 -60146.1 5174.2 -65320.3 8952.2207
3.37 277.51158 -67.089709 45818.691 -59717.4 5295.4 -65012.8 9002.7931
3.38 270.713 -103.23492 45881.194 -59994.4 5165.67 -65160.1 9053.4336
3.39 268.21068 270.83341 45645.581 -60123 5117.92 -65240.9 9035.2346
3.4 269.43237 549.96305 45785.051 -60317.5 5141.23 -65458.7 9098.8918
3.41 275.45326 -451.64121 45586.792 -59977.5 5256.12 -65233.6 9099.3148
3.42 280.88338 372.77631 45391.857 -59704.1 5359.74 -65063.8 9085.3595
3.43 274.20427 -154.55807 45782.209 -59933.2 5232.29 -65165.5 9169.9189
3.44 265.34882 -217.76789 45780.068 -60421.1 5063.31 -65484.4 9174.8549
3.45 273.37182 -501.28314 45674.531 -60170 5216.4 -65386.4 9199.4344
3.46 266.58154 -117.35147 45789.578 -60237.2 5086.83 -65324 9239.2602
3.47 274.90138 159.97782 45592.813 -60027 5245.59 -65272.6 9225.7193
3.48 273.77065 -495.05488 46086.786 -60110.6 5224.01 -65334.6 9320.0529
3.49 273.76162 -525.16433 46223.594 -59846.9 5223.84 -65070.8 9341.4711
3.5 283.80901 101.11975 45635.891 -59768 5415.56 -65183.6 9295.3674
3.51 269.19532 408.85287 45384.326 -60137.1 5136.71 -65273.8 9295.0043
3.52 280.90586 -218.17661 46142.646 -59719 5360.17 -65079.2 9437.0299
3.53 271.1155 -212.35309 45907.366 -60055.6 5173.35 -65228.9 9442.9699
3.54 265.02061 267.75322 45890.046 -59873.9 5057.05 -64930.9 9477.3545
3.55 279.09337 353.43889 45756.83 -59979.2 5325.58 -65304.8 9479.3982
3.56 265.21696 37.219918 45999.787 -60442.5 5060.79 -65503.3 9541.7964
3.57 278.84891 460.40372 45927.673 -60046.3 5320.92 -65367.2 9540.2815
3.58 273.58515 -489.45583 45990.724 -59958.4 5220.47 -65178.9 9586.6315
3.59 275.58483 74.254314 45465.414 -59977.1 5258.63 -65235.7 9561.3914
3.6 272.03187 63.642644 46269.643 -59840.8 5190.83 -65031.6 9727.8691
3.61 274.28001 143.45097 45667.921 -60129.7 5233.73 -65363.4 9678.4421
3.62 276.35189 387.26856 45508.484 -60264.5 5273.27 -65537.8 9677.586
3.63 274.00251 -522.70341 45859.342 -59795.8 5228.44 -65024.3 9755.964
3.64 271.74627 -97.412708 45360.451 -60134.8 5185.39 -65320.1 9699.8119
3.65 275.23799 357.71341 45538.792 -60223.7 5252.01 -65475.8 9756.7548
3.66 273.16438 -45.061012 45609.678 -60260.4 5212.44 -65472.9 9788.7168
3.67 274.57666 63.651842 46028.63 -59736.8 5239.39 -64976.2 9853.5612
3.68 274.59569 -317.21757 45617.525 -60101.7 5239.76 -65341.4 9829.3483
3.69 269.91197 -210.86553 45736.114 -60352.2 5150.38 -65502.6 9884.6855
3.7 278.64438 -806.48116 46066.522 -60027.8 5317.01 -65344.8 9971.7669
3.71 278.46103 194.45113 45569.011 -60309.9 5313.51 -65623.4 9923.0174
3.72 266.21202 -159.77956 45651.05 -60010.3 5079.78 -65090.1 9958.7922
3.73 284.85336 322.9781 45653.272 -60013.8 5435.49 -65449.3 9975.8806
3.74 270.32133 211.00588 45893.035 -59989.6 5158.19 -65147.8 10051.119
3.75 265.62754 -377.66637 45964.784 -60153.2 5068.63 -65221.8 10089.058
3.76 270.84121 -375.36731 45974.637 -59956.3 5168.11 -65124.4 10121.555
3.77 274.20945 950.06436 45426.471 -59919.8 5232.39 -65152.2 10076.034
3.78 266.29415 22.679297 45529.861 -60409.9 5081.35 -65491.2 10119.552
3.79 267.78265 -82.65615 45475.069 -60112.3 5109.75 -65222 10123.05
3.8 267.27507 -210.05833 45634.471 -60045.4 5100.07 -65145.5 10180.295
3.81 282.20665 -69.742727 45753.877 -59763 5384.99 -65148 10224.833
3.82 284.97739 1180.8968 45325.691 -59938.5 5437.86 -65376.4 10210.146
3.83 276.65459 16.277805 45722.033 -60077.8 5279.04 -65356.8 10328.009
3.84 271.2395 -41.435108 45642.338 -60284.2 5175.72 -65459.9 10384.114
3.85 270.2865 -62.125034 45748.389 -60062.5 5157.53 -65220.1 10434.717
3.86 271.83063 -30.97832 45670.766 -60215.1 5186.99 -65402.1 10477.75
3.87 275.96762 -612.80801 46052.75 -60096 5265.94 -65361.9 10561.296
3.88 269.72144 102.53755 45808.956 -60078.8 5146.75 -65225.6 10545.057
3.89 275.1549 -177.34593 45922.957 -59910.9 5250.43 -65161.4 10594.414
3.9 268.99499 204.67101 45840.476 -60384.3 5132.89 -65517.2 10625.726
3.91 266.03578 -192.98635 45727.352 -60073.9 5076.42 -65150.4 10620.702
3.92 265.51301 697.44011 45507.297 -60043.6 5066.44 -65110 10637.612
3.93 269.39206 612.09258 45555.146 -60326 5140.46 -65466.5 10676.974
3.94 277.27931 20.447895 45588.681 -60145.3 5290.96 -65436.3 10737.21
3.95 272.93686 427.1881 45454.085 -60143.4 5208.1 -65351.5 10741.698
3.96 285.43034 -248.32696 45790.44 -59816.3 5446.5 -65262.8 10819.661
3.97 275.86951 396.69476 45303.351 -60097.3 5264.06 -65361.3 10735.216
3.98 280.95813 66.559885 45889.525 -60072.9 5361.16 -65434 10863.963
3.99 274.2738 -162.50107 45917.697 -60078.5 5233.61 -65312.1 10894.785
4 261.44441 1249.4683 45333.249 -60350.8 4988.81 -65339.6 10822.621
4.01 268.44593 -31.797132 45667.561 -60190.7 5122.41 -65313.1 10902.281
4.02 263.02023 357.70221 45807.019 -60313 5018.88 -65331.9 10942.361
4.03 277.11242 -325.07651 45694.59 -59881.6 5287.78 -65169.4 10936.955
4.04 270.10813 -584.87705 45914.016 -60234.2 5154.13 -65388.3 11010.535
4.05 267.87699 -795.98526 45769.451 -60036.5 5111.55 -65148.1 11023.438
4.06 276.1438 600.31962 45557.617 -60325.1 5269.3 -65594.4 11002.472
4.07 270.77187 -71.661225 45594.916 -59870.7 5166.79 -65037.5 11032.377
4.08 277.18529 651.38632 45163.505 -60284.9 5289.17 -65574.1 10994.87
4.09 266.39608 474.93399 45650.839 -60411.3 5083.29 -65494.6 11116.275
4.1 271.58501 100.62283 45633.453 -60100.5 5182.31 -65282.8 11163.708
4.11 265.37686 -22.047606 46021.062 -60256.9 5063.85 -65320.7 11264.104
4.12 268.90383 112.14189 45622.475 -60251.6 5131.15 -65382.7 11217.881
4.13 274.99229 143.17565 45629.554 -60196.5 5247.32 -65443.8 11245.734
4.14 268.78336 62.304037 45433.938 -60093.1 5128.85 -65222 11244.468
4.15 272.12719 234.04913 45628.544 -59750 5192.65 -64942.6 11322.124
4.16 273.87718 134.91937 45600.612 -60171.4 5226.05 -65397.5 11390.415
4.17 283.45232 -315.23583 45896.037 -59796 5408.76 -65204.7 11453.334
4.18 268.2752 113.04452 45796.587 -60283.7 5119.15 -65402.9 11437.688
4.19 268.78199 491.52729 45546.834 -60202.4 5128.82 -65331.2 11426.946
4.2 268.29624 206.3101 45642.136 -60020.5 5119.55 -65140.1 11470.591
4.21 274.43909 -451.71132 45715.093 -59889 5236.77 -65125.8 11521.696
4.22 266.16908 -882.30313 45914.948 -60073.8 5078.96 -65152.7 11590.492
4.23 271.79265 147.14266 45853.876 -60044.6 5186.27 -65230.9 11641.579
4.24 266.42389 -175.44776 45664.486 -60479 5083.82 -65562.8 11624.343
4.25 277.00459 -476.76149 45960.088 -60100.7 5285.72 -65386.4 11685.573
4.26 269.11265 407.49231 45812.154 -60295.9 5135.13 -65431 11679.491
4.27 267.7746 111.20804 45629.391 -60274.5 5109.6 -65384.1 11679.517
4.28 277.51214 443.37818 45582.597 -60080.1 5295.41 -65375.5 11700.416
4.29 278.07812 -308.10494 45881.905 -60167.4 5306.21 -65473.6 11787.953
4.3 272.88306 -167.86485 45664.967 -59909.8 5207.08 -65116.9 11764.911
4.31 267.15922 4.869249 45933.536 -60108 5097.86 -65205.8 11845.619
4.32 273.56042 -269.26509 45716.744 -60136.1 5220 -65356.1 11809.691
4.33 269.74659 -134.06317 45730.155 -60069.9 5147.23 -65217.1 11838.903
4.34 276.83868 -235.6247 45678.917 -60080.1 5282.56 -65362.6 11848.745
4.35 277.99529 317.57742 45797.888 -60134.6 5304.63 -65439.3 11915.269
4.36 276.91306 -227.58735 45722.217 -59836.6 5283.98 -65120.6 11943.606
4.37 267.03871 -3.5576656 45337.477 -60273.1 5095.56 -65368.6 11868.38
4.38 270.40663 -268.5072 45590.306 -60123.3 5159.82 -65283.1 11953.07
4.39 270.1525 178.29911 45660.105 -60186.5 5154.97 -65341.4 11991.264
4.4 272.08359 216.90721 45310.534 -59868.2 5191.82 -65060.1 11962.691
4.41 279.59684 -44.176681 45658.048 -59934.1 5335.19 -65269.3 12044.356
4.42 270.22966 -28.962286 45552.646 -60311.9 5156.45 -65468.3 12055.338
4.43 266.54942 174.06709 45867.535 -60252 5086.22 -65338.3 12138.91
4.44 276.00479 -68.930868 45743.325 -59987 5266.64 -65253.7 12131.818
4.45 274.68106 -336.45805 45738.526 -60024.4 5241.39 -65265.8 12157.227
4.46 276.45124 -59.484192 45956.249 -59715.7 5275.16 -64990.8 12223.119
4.47 273.1751 47.786372 45950.212 -60174.5 5212.65 -65387.2 12264.334
4.48 264.36208 9.9884953 45831.411 -60224.9 5044.48 -65269.4 12248.597
4.49 276.6054 786.32908 45219.792 -60011.8 5278.11 -65289.9 12159.941
4.5 253.90205 -85.305994 45485.503 -60441.1 4844.89 -65286 12243.499
4.51 266.59667 -491.14379 45531.032 -60374.4 5087.12 -65461.5 12259.499
4.52 266.82059 -471.0756 45921.878 -59906.7 5091.39 -64998.1 12352.739
4.53 278.49472 -200.89324 45765.91 -60210.9 5314.16 -65525 12357.264
4.54 268.56224 -468.68992 46057.828 -60416.1 5124.63 -65540.7 12456.199
4.55 276.96905 297.92601 45675.49 -59958.4 5285.04 -65243.4 12413.232
4.56 270.53097 -63.301047 45611.299 -60283.3 5162.19 -65445.5 12408.373
4.57 273.97839 -950.70672 45921.785 -60112 5227.98 -65339.9 12501.435
4.58 271.18008 -267.76663 45872.222 -59989 5174.58 -65163.6 12537.484
4.59 271.75369 282.74599 45540.357 -60284.7 5185.53 -65470.2 12556.122
4.6 268.54423 303.1413 45955.667 -60468.5 5124.28 -65592.8 12656.374
4.61 277.69516 155.37776 45896.56 -59942.6 5298.9 -65241.5 12649.182
4.62 270.46301 -620.10212 45942.97 -60299.3 5160.9 -65460.2 12679.925
4.63 275.45883 470.7696 45483.277 -59639.9 5256.23 -64896.1 12626.306
4.64 272.84575 -30.052587 45656.693 -60138.2 5206.37 -65344.5 12688.702
4.65 286.29874 158.67785 45780.849 -59835.4 5463.07 -65298.4 12734.392
4.66 266.47448 -55.66616 45613.904 -60089.1 5084.79 -65173.8 12726.39
4.67 263.5867 -306.5101 45920.426 -60322.5 5029.69 -65352.2 12825.457
4.68 266.92809 52.253102 45581.649 -60003.4 5093.45 -65096.8 12793.391
4.69 276.58592 277.03382 45453.276 -60182.2 5277.73 -65459.9 12783.465
4.7 264.43694 57.443809 45704.525 -60085.1 5045.91 -65131 12882.318
4.71 277.79715 166.48371 45579.226 -60031.3 5300.85 -65332.1 12911.777
4.72 275.02891 491.57018 45715.841 -59989 5248.02 -65237 12951.284
4.73 271.6149 -227.67693 45870.529 -60015.8 5182.88 -65198.7 13025.178
4.74 263.68927 -336.7169 45810.054 -60251.9 5031.64 -65283.5 13061.809
4.75 276.47061 -273.5277 45932.053 -59951.6 5275.53 -65227.1 13148.785
4.76 268.49982 -896.40773 46074.279 -59898.9 5123.44 -65022.3 13215.909
4.77 281.74705 -468.3078 46106.04 -59941.9 5376.22 -65318.1 13227.148
4.78 272.22987 -540.8 45975.629 -59979.9 5194.61 -65174.5 13230.391
4.79 272.27029 -364.87587 46007.649 -60310.8 5195.38 -65506.2 13262.251
4.8 263.48672 352.40347 45503.101 -60393.5 5027.78 -65421.3 13181.352
4.81 274.31964 517.57478 45675.861 -60085.1 5234.49 -65319.6 13194.485
4.82 272.8163 -292.45027 45745.078 -60207.6 5205.8 -65413.4 13228.238
4.83 272.69988 341.52856 45717.361 -59866.3 5203.58 -65069.9 13233.327
4.84 264.81132 -83.20799 45794.481 -60332 5053.05 -65385.1 13296.939
4.85 264.95639 -384.90263 45719.053 -60485.5 5055.82 -65541.3 13316.427
4.86 272.18152 194.98903 45833.955 -60186.3 5193.69 -65380 13349.217
4.87 260.36951 250.84952 45468.609 -60301.2 4968.3 -65269.5 13289.207
4.88 281.90035 -517.66221 45907.284 -59640.8 5379.14 -65019.9 13394.507
4.89 260.67852 185.15024 45728.758 -60051.8 4974.19 -65026 13392.085
4.9 275.88307 161.6868 45648.045 -59830.3 5264.32 -65094.6 13423.151
4.91 270.84146 -942.28725 46006.643 -60367.9 5168.12 -65536 13530.384
4.92 285.11589 -911.54409 45993.006 -59736.3 5440.5 -65176.8 13563.821
4.93 274.78751 324.06227 45657.35 -60223 5243.42 -65466.4 13495.817
4.94 274.07299 -299.34367 45950.048 -60163.6 5229.78 -65393.4 13587.356
4.95 261.1169 -177.90799 45899.834 -60449.7 4982.56 -65432.3 13601.52
4.96 284.12048 -240.83209 45588.063 -59791.9 5421.51 -65213.4 13564.049
4.97 279.8645 -502.93199 45969.756 -60136.6 5340.29 -65476.9 13670.73
4.98 276.29666 -208.19537 46025.991 -59737 5272.21 -65009.3 13705.355
4.99 282.02996 -101.75928 45883.965 -60102.6 5381.62 -65484.2 13689.806
5 276.21715 602.15635 45393.867 -60104.1 5270.7 -65374.8 13623.287
5.01 263.25042 -443.41377 45775.326 -60241.1 5023.27 -65264.4 13731.403
5.02 266.76648 -322.10857 45772.133 -60377 5090.36 -65467.4 13766.813
5.03 268.91796 58.955053 45622.086 -60097 5131.42 -65228.4 13762.127
5.04 277.85259 387.56855 45718.548 -60202.8 5301.9 -65504.7 13810.66
5.05 274.95551 251.88774 45732.277 -59992.9 5246.62 -65239.6 13813.098
5.06 277.31521 -686.33438 46033.513 -59862.6 5291.65 -65154.3 13897.726
5.07 277.15695 -483.6892 46033.667 -60100.8 5288.63 -65389.4 13948.77
5.08 270.96845 877.48007 45623.112 -60051.5 5170.54 -65222 13896.092
5.09 264.50829 -199.32768 45785.075 -60354.8 5047.27 -65402.1 13966.508
5.1 273.75142 -660.50456 46142.907 -59895.5 5223.65 -65119.1 14095.54
5.11 267.03063 -193.93211 45644.113 -60205.9 5095.4 -65301.3 14029.503
5.12 282.29964 343.14562 45397.559 -59938 5386.76 -65324.7 14011.621
5.13 277.1054 10.520451 45700.052 -60149.4 5287.65 -65437 14113.508
5.14 279.82021 -189.29698 45698.549 -59925.3 5339.45 -65264.8 14156.309
5.15 277.23539 -22.663548 45513.043 -60043.7 5290.13 -65333.8 14140.243
5.16 275.84461 119.1634 45371.576 -60218.7 5263.59 -65482.3 14126.745
5.17 280.27388 -35.738943 45534.509 -59974.9 5348.11 -65323 14164.612
5.18 277.26307 737.47358 45275.172 -60234.7 5290.66 -65525.3 14133.445
5.19 276.38643 -57.937114 45816.21 -60001.7 5273.93 -65275.6 14280.712
5.2 280.93657 351.72766 45795.344 -59858.6 5360.75 -65219.4 14272.308
5.21 286.80801 -320.37171 45797.013 -60039.6 5472.79 -65512.4 14304.86
5.22 277.18039 -353.16475 45749.699 -59927.7 5289.08 -65216.8 14309.042
5.23 276.73598 -445.05202 45644.467 -60098.8 5280.6 -65379.4 14309.378
5.24 261.44583 -15.632866 45802.12 -60080.3 4988.84 -65069.1 14343.553
5.25 280.94465 1050.2959 45311.438 -59903.2 5360.91 -65264.1 14282.611
5.26 276.18392 -219.26403 45578.771 -60295.7 5270.06 -65565.7 14391.843
5.27 271.82925 871.3693 45529.39 -60109.9 5186.97 -65296.8 14419.503
5.28 264.80729 253.07013 45848.233 -60480.8 5052.98 -65533.8 14520.929
5.29 280.10804 -320.96743 45820.403 -60045.5 5344.94 -65390.4 14538.97
5.3 274.23092 -327.32091 45887.624 -60090.8 5232.8 -65323.6 14589.862
5.31 272.09785 199.65587 45609.499 -60067.3 5192.09 -65259.4 14581.521
5.32 285.53515 670.22372 45454.296 -59980 5448.5 -65428.5 14584.946
5.33 268.82261 476.9815 45433.005 -60244 5129.6 -65373.6 14597.104
5.34 273.2393 1149.6125 45512.957 -59916.9 5213.87 -65130.8 14671.652
5.35 284.78068 519.12787 45102.932 -60035.6 5434.1 -65469.7 14610.214
5.36 268.8874 -282.54175 45631.043 -60240.9 5130.83 -65371.7 14728.834
5.37 272.7369 -1144.535 45893.395 -60293.6 5204.29 -65497.9 14808.239
5.38 277.84455 78.578623 45821.037 -60035.1 5301.75 -65336.9 14807.159
5.39 266.97233 -725.21267 45562.484 -60357.4 5094.29 -65451.7 14768.554
5.4 280.71791 -367.20163 45910.088 -60113.8 5356.58 -65470.4 14854.485
5.41 273.21404 774.42348 45426.256 -59770.5 5213.39 -64983.9 14784.254
5.42 264.9643 -373.56633 45629.008 -60156.8 5055.97 -65212.7 14860.786
5.43 274.02517 392.07901 45686.548 -60060.3 5228.87 -65289.2 14904.359
5.44 279.84386 110.6619 45685.518 -59960.4 5339.9 -65300.3 14923.627
5.45 270.16391 -581.05421 45977.324 -60104.5 5155.19 -65259.7 15016.153
5.46 273.03547 -138.42507 45741.903 -60346.8 5209.98 -65556.8 15002.689
5.47 278.35182 -689.59472 45841.817 -59961.2 5311.43 -65272.6 15092.912
5.48 281.37436 -619.93543 45880.183 -59905.6 5369.11 -65274.7 15133.311
5.49 271.43124 -48.384377 45661.88 -60365.5 5179.37 -65544.9 15093.978
5.5 277.64428 -409.43741 45759.031 -60038.9 5297.93 -65336.8 15161.393
5.51 272.85826 834.66147 45356.897 -60343.6 5206.6 -65550.3 15101.65
5.52 277.38232 15.09377 45627.243 -60006.3 5292.93 -65299.2 15205.511
5.53 270.95773 119.84865 45552.143 -60051.6 5170.34 -65221.9 15210.901
5.54 276.32537 -299.49547 45578.412 -59884 5272.76 -65156.8 15201.623
5.55 268.41748 -621.51949 45762.668 -60428.3 5121.87 -65550.2 15262.308
5.56 262.09708 -463.67322 45752.152 -60285.9 5001.26 -65287.1 15283.547
5.57 281.87666 -107.6888 45763.532 -60268 5378.69 -65646.6 15316.786
5.58 274.45026 -728.1949 45938.394 -59870.6 5236.98 -65107.6 15361.78
5.59 274.13448 -684.98997 45975.651 -60006.7 5230.96 -65237.7 15361.631
5.6 276.06619 702.08704 45447.884 -59689.5 5267.82 -64957.3 15280.257
5.61 269.7375 -173.34583 45411.046 -60195.7 5147.05 -65342.8 15262.179
5.62 279.99717 306.46472 45525.606 -59960.2 5342.83 -65303.1 15333.746
5.63 265.8782 -725.98218 46004.626 -60195.2 5073.41 -65268.6 15481.136
5.64 275.89919 317.98093 45717.365 -59869.8 5264.63 -65134.4 15476.286
5.65 276.45709 750.16989 45347.862 -60166.6 5275.28 -65441.8 15398.094
5.66 276.06129 90.497207 45502.833 -60122.1 5267.72 -65389.8 15445.525
5.67 265.96246 -467.47043 45589.646 -60345.1 5075.02 -65420.1 15537.396
5.68 273.9088 126.01721 45643.768 -60083.8 5226.65 -65310.4 15560.903
5.69 267.71552 309.30834 45818.355 -59990.9 5108.47 -65099.4 15644.302
5.7 268.67524 30.338026 45801.516 -60138.2 5126.78 -65264.9 15695.023
5.71 273.0733 -248.7175 45766.413 -59864.9 5210.71 -65075.6 15721.654
5.72 277.64316 580.34881 45304.782 -60157.7 5297.91 -65455.6 15660.564
5.73 267.54537 485.5704 45699.591 -60189.3 5105.22 -65294.5 15778.962
5.74 272.27687 -1201.5005 46138.381 -60201.7 5195.51 -65397.2 15905.874
5.75 272.66602 629.42664 45556.966 -59982.4 5202.94 -65185.3 15806.741
5.76 274.93062 309.68209 45732.301 -60069.4 5246.15 -65315.5 15864.013
5.77 276.4194 64.433009 45729.351 -60100.8 5274.56 -65375.4 15909.003
5.78 274.48041 -166.78435 45676.31 -60286.8 5237.56 -65524.3 15932.139
5.79 277.92647 -467.88202 45593.28 -60079.9 5303.31 -65383.2 15975.34
5.8 263.26025 245.17507 45525.214 -60416.7 5023.46 -65440.2 15990.087
5.81 271.53937 -97.470832 45772.512 -59758 5181.44 -64939.4 16066.211
5.82 272.01382 165.55144 45778.752 -59854 5190.49 -65044.5 16117.369
5.83 262.07572 213.80796 45595.115 -60190.2 5000.85 -65191.1 16082.333
5.84 276.51439 162.84704 45663.99 -59834.4 5276.37 -65110.7 16134.028
5.85 272.23024 -383.40445 45561.908 -60172.5 5194.62 -65367.1 16147.465
5.86 277.12979 -362.7553 45456.249 -59772.7 5288.11 -65060.8 16162.865
5.87 273.0802 -431.0428 45850.966 -60062.6 5210.84 -65273.4 16267.813
5.88 271.32277 -36.53977 45672.225 -60279.7 5177.3 -65457 16282.129
5.89 253.07684 355.48232 45662.889 -60532.9 4829.14 -65362.1 16309.217
5.9 277.73668 -538.3025 45895.5 -59830 5299.69 -65129.7 16394.789
5.91 266.93044 -493.40206 45821.152 -60055.4 5093.49 -65148.9 16400.669
5.92 272.03919 -1019.281 45869.504 -59840 5190.97 -65031 16461.618
5.93 275.00123 -1.5718963 45575.702 -60237.6 5247.49 -65485.1 16463.376
5.94 268.73581 647.80785 45311.229 -60037 5127.94 -65165 16374.987
5.95 280.75776 -463.4217 45840.068 -59908.9 5357.34 -65266.3 16490.286
5.96 266.09112 -645.36823 46082.623 -60263.5 5077.48 -65341 16542.152
5.97 277.18343 -202.28683 45692.598 -60055.9 5289.13 -65345 16473.205
5.98 278.63891 92.115112 45425.871 -60226.9 5316.91 -65543.8 16458.756
5.99 272.17259 -520.33138 45646.081 -59886.9 5193.52 -65080.4 16509.683
6 266.11054 2.8981905 45666.641 -60241.7 5077.85 -65319.5 16540.243
6.01 275.91955 -121.01477 45494.349 -59863.7 5265.02 -65128.7 16508.015
6.02 269.69315 -313.62079 45992.709 -60055.4 5146.21 -65201.6 16627.01
6.03 277.15822 643.25855 45573.524 -59912.1 5288.65 -65200.8 16525.652
6.04 263.94927 -157.45415 45709.417 -60425 5036.6 -65461.6 16564.244
6.05 271.01009 1002.3648 45338.657 -59987.8 5171.34 -65159.1 16489.801
6.06 284.26108 496.58422 45443.023 -59856.8 5424.19 -65281 16543.223
6.07 268.84115 -102.97845 45841.095 -60286.7 5129.95 -65416.7 16632.102
6.08 274.85168 595.62157 45281.646 -60126.7 5244.64 -65371.4 16538.925
6.09 264.86364 120.49944 45695.696 -60372.7 5054.05 -65426.7 16674.118
6.1 271.21487 -329.74867 45791.166 -59853.1 5175.24 -65028.4 16710.936
6.11 276.77144 176.26228 45560.749 -60079.6 5281.27 -65360.8 16693.753
6.12 275.84304 -497.81411 45675.776 -60139.6 5263.56 -65403.2 16767.724
6.13 269.66328 314.41606 45518.591 -60400.4 5145.64 -65546 16752.043
6.14 280.05178 -506.86363 45751.835 -59968 5343.87 -65311.9 16853.163
6.15 277.71594 154.18672 45846.061 -59784.1 5299.3 -65083.4 16883.673
6.16 265.29099 385.10839 45650.678 -60022.7 5062.21 -65084.9 16862.626
6.17 268.04487 -396.45058 45815.386 -60282.1 5114.76 -65396.8 16932.115
6.18 270.84704 511.82471 45640.195 -60197.8 5168.23 -65366 16938.678
6.19 271.43258 -331.67221 45839.172 -59922.3 5179.4 -65101.7 16987.706
6.2 279.30401 232.81016 45540.957 -59938.3 5329.6 -65267.9 16958.352
6.21 269.4822 -48.521312 45814.895 -60053 5142.18 -65195.2 17051.001
6.22 276.24398 -209.81305 45505.17 -60145.2 5271.21 -65416.4 17017.917
6.23 279.36804 -273.47029 45704.919 -59938.1 5330.82 -65268.9 17109.186
6.24 285.43097 -212.16994 45624.576 -59562.5 5446.51 -65009.1 17109.23
6.25 278.50846 -550.96313 45969.043 -59909.8 5314.42 -65224.2 17213.806
6.26 271.09503 -59.330133 45667.796 -60165.6 5172.96 -65338.5 17158.572
6.27 278.84452 310.96754 45469.337 -60137.5 5320.83 -65458.3 17163.582
6.28 278.38954 -52.872399 46021.112 -59745.4 5312.15 -65057.5 17343.108
6.29 269.97276 -775.70039 45834.648 -60267.5 5151.54 -65419 17326.523
6.3 274.25254 -99.814206 45785.436 -60088.7 5233.21 -65321.9 17340.683
6.31 269.15377 -162.66062 45947.537 -60382.2 5135.92 -65518.1 17377.437
6.32 276.41009 259.72747 45490.47 -60033.8 5274.38 -65308.2 17272.744
6.33 276.08538 47.956532 45647.185 -59793.3 5268.18 -65061.5 17330.934
6.34 269.06258 -533.83847 46210.14 -60066.7 5134.18 -65200.8 17518.785
6.35 279.74973 65.380707 45677.249 -59849.3 5338.1 -65187.4 17417.749
6.36 277.17879 290.82871 45738.817 -60007.9 5289.05 -65296.9 17486.972
6.37 270.73286 180.83611 45684.679 -60445.8 5166.05 -65611.8 17514.68
6.38 264.49184 102.98864 45415.529 -60156.5 5046.96 -65203.4 17458.629
6.39 273.51015 -614.12343 45808.883 -59866.2 5219.04 -65085.3 17559.716
6.4 271.85467 -923.86668 45891.493 -60250.9 5187.45 -65438.4 17618.733
6.41 270.86132 -63.741705 45760.564 -60100 5168.5 -65268.5 17589.88
6.42 279.15075 631.36068 45404.934 -59892.1 5326.68 -65218.8 17530.316
6.43 268.49553 598.57687 45457.111 -60185.7 5123.36 -65309 17568.055
6.44 270.61949 -821.65186 46207.044 -60149.1 5163.88 -65313 17774.362
6.45 286.9617 -14.272221 45983.292 -59569.6 5475.72 -65045.4 17774.879
6.46 272.56456 356.91827 45377.538 -60224 5201 -65425 17617.192
6.47 271.52183 138.9023 45594.911 -60059 5181.1 -65240.1 17689.906
6.48 278.52598 105.30854 45670.515 -60314.5 5314.75 -65629.3 17747.577
6.49 269.39351 -268.49083 45423.407 -60098.7 5140.49 -65239.2 17695.246
6.5 269.48472 580.37725 45477.882 -60176 5142.23 -65318.2 17702.188
6.51 273.19343 486.034 45350.617 -59962 5213 -65175 17688.922
6.52 273.10501 -257.6503 45929.83 -59956 5211.31 -65167.3 17847.654
6.53 264.85322 408.81403 45377.855 -60269 5053.85 -65322.9 17764.978
6.54 266.45376 34.695822 45979.662 -60120.4 5084.39 -65204.8 17956.068
6.55 271.67637 -207.8045 45717.206 -60062.8 5184.05 -65246.9 17926.338
6.56 261.55446 173.20829 45713.444 -60347.1 4990.91 -65338 17962.562
6.57 280.89067 -165.74118 45874.813 -59795.6 5359.88 -65155.5 18046.952
6.58 275.84064 157.74114 45843.247 -60000.3 5263.51 -65263.8 18049.908
6.59 274.87869 -474.32035 45961.915 -59849 5245.16 -65094.2 18129.649
6.6 272.23055 -253.33744 45892.564 -59874.6 5194.63 -65069.2 18123.597
6.61 276.21319 -208.81671 45765.656 -59965.5 5270.62 -65236.2 18069.111
6.62 267.2803 -96.978098 45722.712 -60261.5 5100.17 -65361.7 18075.377
6.63 269.87894 -168.40379 45844.336 -59946.3 5149.75 -65096.1 18127.301
6.64 272.67827 -461.64653 46066.584 -59862.4 5203.17 -65065.6 18183.969
6.65 279.63403 -38.768135 45633.844 -59961.7 5335.9 -65297.6 18082.978
6.66 278.99542 -347.3101 45900.347 -59875 5323.71 -65198.7 18154.117
6.67 273.78732 503.41339 45309.79 -60079 5224.33 -65303.3 18074.801
6.68 270.16403 -714.65889 45909.401 -60103.5 5155.19 -65258.7 18273.223
6.69 285.41126 -93.284937 45470.553 -60011.7 5446.14 -65457.9 18182.603
6.7 278.45932 833.48629 45843.738 -59934.2 5313.48 -65247.7 18294.838
6.71 267.17206 -25.744167 45676.564 -60267.1 5098.1 -65365.2 18301.55
6.72 279.06098 148.20688 45680.878 -60154.2 5324.96 -65479.1 18371.054
6.73 279.50846 176.83903 45770.738 -59942.6 5333.5 -65276.1 18402.949
6.74 278.21173 -716.78123 45992.912 -59985.3 5308.76 -65294.1 18497.694
6.75 277.89012 -414.99381 45985.756 -59732.2 5302.62 -65034.8 18530.442
6.76 262.39363 -1138.2321 45933.959 -60292.4 5006.92 -65299.3 18547.858
6.77 276.84992 114.28794 45378.675 -59883.7 5282.77 -65166.5 18369.416
6.78 267.01531 -7.9285661 45688.074 -60297.6 5095.11 -65392.7 18493.931
6.79 273.16803 -450.73957 45824.621 -60008 5212.51 -65220.5 18570.377
6.8 275.13266 382.47667 45461.674 -60011.3 5250 -65261.3 18513.971
6.81 273.19887 -16.599236 45616.764 -60271 5213.1 -65484.1 18587.381
6.82 273.14151 278.7885 45750.777 -59994.2 5212.01 -65206.2 18608.654
6.83 280.2687 36.345601 45822.87 -59762.8 5348.01 -65110.8 18646.41
6.84 266.60144 -534.75695 45697.696 -60130.8 5087.21 -65218 18666.21
6.85 279.8554 -134.87064 45899.161 -59786.3 5340.12 -65126.4 18727.442
6.86 278.4513 407.72686 45826.636 -60062.3 5313.33 -65375.7 18735.864
6.87 274.17518 80.620793 45239.568 -60389.6 5231.73 -65621.4 18568.791
6.88 271.72173 -544.07785 46057.208 -60055.2 5184.92 -65240.2 18816.385
6.89 272.68126 -170.50895 46052.296 -59935.1 5203.23 -65138.4 18836.64
6.9 270.71992 80.243296 45870.065 -59953.7 5165.8 -65119.5 18810.77
6.91 269.8537 -284.57511 45847.988 -60175.6 5149.27 -65324.9 18873.027
6.92 262.5363 -200.01605 45611.925 -60241.8 5009.64 -65251.4 18826.594
6.93 275.04881 -307.16403 45538.552 -60145.9 5248.4 -65394.3 18831.609
6.94 282.13058 430.75243 45670.218 -59803.5 5383.54 -65187 18924.468
6.95 275.1538 -847.75578 45805.157 -60180.6 5250.41 -65431 19002.562
6.96 282.56529 -920.07213 46071.013 -59969.6 5391.83 -65361.4 19088.839
6.97 263.26389 106.46749 45579.406 -60428.1 5023.53 -65451.6 18991.598
6.98 278.02978 -195.58327 45894.617 -59860.1 5305.29 -65165.4 19119.313
6.99 268.90398 -168.64783 45491.572 -60199.9 5131.15 -65331.1 19046.094
7 276.96915 291.98089 45487.857 -59693.4 5285.05 -64978.5 19081.396
7.01 272.59152 15.44389 45740.756 -60376.5 5201.51 -65578 19206.532
7.02 277.74392 -485.04401 45668.042 -59892.1 5299.83 -65191.9 19240.23
7.03 275.7347 46.547828 45559.3 -60032.6 5261.49 -65294.1 19232.05
7.04 276.51236 -36.74099 45803.719 -59908.4 5276.33 -65184.7 19328.299
7.05 272.5385 235.78124 45818.029 -60185.1 5200.5 -65385.6 19377.291
7.06 277.66177 -171.46416 45647.037 -60124 5298.26 -65422.3 19360.449
7.07 270.55329 243.19946 45631.15 -60194 5162.62 -65356.6 19393.202
7.08 276.77444 -738.17308 45729.253 -59989.5 5281.33 -65270.8 19447.644
7.09 273.53491 -533.24696 45833.631 -59936.8 5219.52 -65156.3 19509.596
7.1 274.56598 280.27935 45500.526 -60226.9 5239.19 -65466.1 19441.736
7.11 275.64472 596.93727 45431.492 -59929.6 5259.77 -65189.4 19447.013
7.12 265.87904 -1241.0556 46045.415 -60096.1 5073.43 -65169.5 19642.077
7.13 267.28657 -245.16127 45870.446 -60375.3 5100.29 -65475.6 19613.772
7.14 270.96704 -157.33162 45760.745 -59961.6 5170.52 -65132.1 19609.2
7.15 273.61425 46.023123 45759.723 -59885.9 5221.03 -65106.9 19658.248
7.16 271.35534 -79.907378 45780.316 -60113.5 5177.93 -65291.5 19710.574
7.17 267.81859 -491.16468 45530.277 -60294.2 5110.44 -65404.6 19704.015
7.18 265.16771 87.680102 45704.495 -60222.6 5059.85 -65282.5 19766.83
7.19 259.17299 -439.27622 45823.282 -60596.1 4945.46 -65541.5 19797.808
7.2 271.77392 -563.47891 46137.926 -60106.3 5185.91 -65292.2 19898.634
7.21 260.71124 -385.76619 45924.075 -60446.4 4974.82 -65421.2 19882.062
7.22 280.50691 -532.90937 45901.617 -59906.6 5352.55 -65259.1 19928.783
7.23 270.79589 339.95867 45668.319 -60174.5 5167.25 -65341.8 19911.435
7.24 282.60339 -134.11824 45914.762 -59731.5 5392.56 -65124 19986.545
7.25 262.12188 29.085783 45785.976 -60330.8 5001.74 -65332.5 19972.195
7.26 272.41878 514.46026 45587.708 -60047.7 5198.22 -65245.9 19948.423
7.27 279.95273 236.19466 45777.939 -59904 5341.98 -65245.9 20013.542
7.28 277.41761 463.44475 45825.042 -60110.9 5293.6 -65404.5 20072.793
7.29 267.79724 56.968187 45694.28 -59979.5 5110.03 -65089.5 20074.97
7.3 270.38058 651.8223 45688.826 -60015 5159.33 -65174.4 20106.64
7.31 270.28807 -700.15152 45852.918 -60269.7 5157.56 -65427.3 20201.06
7.32 276.71892 -312.12196 45659.789 -60030.8 5280.27 -65311.1 20199.337
7.33 279.94545 37.697078 45739.003 -59982.1 5341.84 -65323.9 20267.783
7.34 275.63328 -97.216482 45912.578 -59998.2 5259.56 -65257.8 20337.632
7.35 271.05184 -192.56968 45703.568 -60049.1 5172.13 -65221.2 20297.099
7.36 268.85061 -390.24584 45758.904 -60157.1 5130.13 -65287.3 20345.955
7.37 278.6751 326.99463 45714.869 -59929.3 5317.6 -65246.9 20367.199
7.38 267.67903 -649.7856 45830.622 -60144.9 5107.77 -65252.7 20397.103
7.39 280.09215 -241.59132 45852.324 -59987.6 5344.64 -65332.2 20438.024
7.4 276.50736 -165.89508 45780.479 -59907.1 5276.23 -65183.3 20415.486
7.41 275.06787 149.38903 45502.975 -59961.6 5248.77 -65210.4 20342.246
7.42 272.53361 679.53248 45509.961 -60296.9 5200.41 -65497.4 20344.561
7.43 276.39427 -233.67373 45723.41 -59973.5 5274.08 -65247.6 20426.932
7.44 269.41908 884.03021 45343.858 -60069.9 5140.98 -65210.9 20304.82
7.45 272.59707 194.18178 45480.411 -59833.4 5201.62 -65035 20347.084
7.46 268.57197 -153.00322 45425.732 -60095.7 5124.81 -65220.5 20397.909
7.47 279.29666 -531.37648 45942.718 -60289.1 5329.46 -65618.5 20562.811
7.48 265.89475 -109.90067 45746.534 -60040.8 5073.73 -65114.5 20559.238
7.49 274.96219 346.41773 45715.823 -59988.7 5246.75 -65235.5 20569.043
7.5 273.98572 -74.831853 45722.547 -59929.9 5228.12 -65158 20571.114
7.51 269.42889 35.106359 45513.119 -60182.8 5141.17 -65324 20533.376
7.52 272.57384 -343.53099 45773.676 -60057.6 5201.18 -65258.8 20654.345
7.53 271.33993 785.09848 45439.555 -60412.3 5177.63 -65590 20589.885
7.54 269.48799 -379.21348 45618.695 -59812.2 5142.29 -64954.5 20693.267
7.55 281.19452 -749.46193 45855.659 -59686 5365.67 -65051.7 20750.375
7.56 269.07816 6.2810136 45667.606 -60332.9 5134.47 -65467.4 20670.961
7.57 274.9311 377.12185 45659.842 -59807 5246.16 -65053.2 20688.828
7.58 276.28644 787.98613 45483.093 -60112 5272.02 -65384 20648.845
7.59 278.81616 -793.29684 46127.909 -59783.3 5320.29 -65103.6 20868.847
7.6 270.0608 -254.893 45790.642 -60055.5 5153.22 -65208.7 20826.287
7.61 281.78408 -322.50131 45982.57 -59677.6 5376.92 -65054.5 20930.178
7.62 266.35091 54.845997 45452.431 -60092.7 5082.43 -65175.2 20788.598
7.63 282.31045 -308.72924 45952.488 -59541.3 5386.97 -64928.3 20995.807
7.64 276.41744 -800.20648 46017.31 -60230.5 5274.52 -65505 21039.223
7.65 270.68769 411.56299 45763.85 -59875.2 5165.19 -65040.4 21014.344
7.66 276.12394 -503.97893 45980.466 -59870.5 5268.92 -65139.4 21096.915
7.67 276.99221 904.38436 45546.15 -60120.4 5285.49 -65405.9 21012.035
7.68 277.53491 -901.1183 46038.876 -60008.7 5295.84 -65304.5 21200.679
7.69 278.27077 168.87221 45365.971 -60188.6 5309.88 -65498.5 21054.653
7.7 277.1384 638.8111 45578.858 -59875.4 5288.28 -65163.6 21125.889
7.71 286.10906 214.70776 45470.62 -60145.3 5459.45 -65604.8 21148.423
7.72 283.56901 -175.17739 45689.066 -60100.3 5410.98 -65511.3 21263.089
7.73 268.96111 -196.48762 45748.365 -60124.4 5132.24 -65256.6 21276.455
7.74 273.19869 228.4596 45486.399 -60170.7 5213.1 -65383.8 21222.809
7.75 275.83145 365.96977 45653.333 -59859.2 5263.34 -65122.5 21293.428
7.76 277.1784 135.67758 45386.923 -59911.4 5289.04 -65200.4 21228.789
7.77 273.59366 -62.713403 45690.709 -60107.2 5220.64 -65327.9 21370.454
7.78 274.03531 -244.89302 45573.929 -60292.8 5229.06 -65521.9 21353.483
7.79 273.7194 -423.04032 45695.345 -60239.8 5223.04 -65462.9 21434.368
7.8 278.94206 155.03209 45680.222 -59932.5 5322.69 -65255.2 21473.46
7.81 266.13064 -683.76439 46105.391 -60233.4 5078.23 -65311.6 21609.025
7.82 264.71991 170.05739 45341.482 -60217.3 5051.31 -65268.7 21438.356
7.83 264.10494 -284.88473 45848.47 -60109.9 5039.58 -65149.4 21614.039
7.84 273.07659 -24.05215 45682.383 -60201.4 5210.77 -65412.2 21622.552
7.85 270.18562 -166.63875 45589.752 -60102.3 5155.61 -65257.9 21624.537
7.86 272.87805 -470.2261 45984.902 -60200.5 5206.98 -65407.4 21761.29
7.87 277.47886 -193.16731 45767.269 -60271.5 5294.77 -65566.3 21742.803
7.88 281.93215 -43.805417 45496.134 -60110.8 5379.75 -65490.5 21685.137
7.89 280.56916 229.54487 45683.135 -59976.9 5353.74 -65330.7 21805.263
7.9 268.67996 -680.6854 45921.915 -60127.5 5126.87 -65254.3 21931.318
7.91 277.50245 -836.99846 45967.678 -59928.9 5295.22 -65224.1 21954.424
7.92 276.42444 -136.55684 45808.105 -60163.7 5274.65 -65438.3 21951.814
7.93 272.70329 -428.27355 46221.584 -59967.9 5203.65 -65171.6 22114.92
7.94 271.48404 -564.2315 45889.194 -59726.6 5180.38 -64907 22034.762
7.95 275.91644 -83.768286 45688.405 -59951.1 5264.96 -65216 22019.551
7.96 271.66746 267.96829 45948.428 -60058.6 5183.88 -65242.5 22127.736
7.97 271.21367 -185.27177 46023.069 -59926.4 5175.22 -65101.6 22185.431
7.98 275.56996 250.74633 45618.623 -59989.5 5258.35 -65247.9 22098.323
7.99 277.86163 -51.753115 45830.551 -60175.9 5302.08 -65478 22184.242
8 272.68379 72.676476 45736.092 -60004 5203.27 -65207.3 22168.982
8.01 270.90692 160.73828 45755.547 -60132.9 5169.37 -65302.2 22154.07
8.02 278.12235 166.97302 45561.368 -59694.1 5307.05 -65001.2 22096.489
8.03 275.55782 41.403228 45810.102 -60132 5258.12 -65390.2 22210.734
8.04 275.92695 494.16556 45472.824 -60107.4 5265.16 -65372.5 22128.386
8.05 272.15923 -144.57949 45598.563 -59895.7 5193.26 -65089 22148.639
8.06 269.66878 -55.174562 45777.75 -60265.9 5145.74 -65411.6 22261.921
8.07 275.87449 -112.2538 45813.001 -59959.7 5264.16 -65223.9 22317.128
8.08 260.88707 -347.25611 45761.985 -60156.2 4978.17 -65134.4 22348.325
8.09 285.90292 -4.7326699 45627.128 -59860 5455.52 -65315.5 22308.523
8.1 279.95244 427.0483 45508.384 -59988.3 5341.97 -65330.3 22318.498
8.11 275.80087 81.075563 46164.294 -59777.6 5262.75 -65040.4 22578.976
8.12 267.39351 -221.53916 45772.851 -60187.6 5102.33 -65290 22510.541
8.13 268.48129 -216.92063 45820.354 -60220 5123.08 -65343.1 22539.765
8.14 263.99466 -372.6608 46091.258 -60097.6 5037.47 -65135 22623.28
8.15 278.88801 738.55506 45222.239 -59867.1 5321.66 -65188.8 22418.851
8.16 273.08997 163.94717 45695.238 -60050.7 5211.02 -65261.7 22622.811
8.17 265.08605 375.6331 45433.313 -60333.2 5058.3 -65391.5 22598.955
8.18 280.73776 222.10374 45633.836 -60066.3 5356.96 -65423.2 22676.225
8.19 271.15804 -1045.549 46169.534 -60110 5174.16 -65284.2 22852.282
8.2 268.99889 571.26354 45521.862 -60111.5 5132.96 -65244.5 22682.885
8.21 274.47727 -309.469 45838.208 -60174.1 5237.5 -65411.6 22813.735
8.22 265.5756 222.90611 45675.236 -60518.7 5067.64 -65586.3 22829.147
8.23 267.23001 -551.64675 45719.424 -60176.1 5099.21 -65275.3 22801.616
8.24 275.3196 -152.90702 45545.558 -59984.2 5253.57 -65237.8 22745.878
8.25 272.3091 265.80329 45467.656 -60264 5196.12 -65460.2 22754.117
8.26 274.20031 -188.67406 45963.772 -59949 5232.21 -65181.2 22940.819
8.27 259.04456 -422.47564 46162.838 -60117.5 4943.01 -65060.5 23014.152
8.28 268.22863 447.60146 45673.746 -60169 5118.26 -65287.3 22882.306
8.29 267.5332 -1091.871 45956.807 -60442.7 5104.99 -65547.6 23022.485
8.3 272.61573 -431.46387 45953.398 -59929.4 5201.98 -65131.4 23037.943
8.31 275.83649 -142.69577 45935.024 -59828.4 5263.43 -65091.8 23092.134
8.32 271.88751 -480.66848 45893.636 -60191.5 5188.08 -65379.6 23106
8.33 277.70124 163.04011 45997.999 -59831 5299.02 -65130 23181.257
8.34 268.72039 -253.4096 45640.094 -60272.3 5127.65 -65399.9 23063.146
8.35 270.95526 -784.84034 45871.318 -59804 5170.29 -64974.3 23177.866
8.36 269.02313 586.40818 45396.736 -60121 5133.42 -65254.4 23049.8
8.37 269.53906 160.25853 45524.567 -60023.1 5143.27 -65166.3 23112.446
8.38 259.71188 -753.16543 45936.091 -60369 4955.75 -65324.7 23298.408
8.39 276.56124 -278.58094 45847.843 -60164.4 5277.26 -65441.6 23282.038
8.4 273.72936 -110.77784 45730.565 -59901.2 5223.23 -65124.4 23321.593
8.41 286.44428 -427.77986 45876.643 -60100.4 5465.85 -65566.3 23437.618
8.42 267.31434 244.57596 45365.891 -60479.5 5100.82 -65580.3 23312.277
8.43 270.70914 -392.31617 45934.542 -60230.3 5165.59 -65395.9 23523.115
8.44 276.54193 137.40675 45653.731 -59787 5276.89 -65063.9 23482.447
8.45 267.922 246.94483 45661.134 -60201 5112.41 -65313.4 23473.318
8.46 274.33651 119.66666 45592.395 -59920.2 5234.81 -65155 23518.303
8.47 275.16836 480.02826 45541.406 -60210.3 5250.68 -65461 23450.269
8.48 276.33416 -201.03957 45427.406 -60035.3 5272.93 -65308.2 23450.971
8.49 272.05803 836.09979 45444.815 -60025.6 5191.33 -65216.9 23439.092
8.5 281.10892 821.91829 45535.033 -59981.8 5364.04 -65345.8 23532.175
8.51 285.63936 789.82677 45406.052 -60040 5450.49 -65490.5 23543.82
8.52 286.8221 35.72482 45604.86 -59911.9 5473.06 -65384.9 23638.444
8.53 274.25076 101.83897 45881.114 -59719.7 5233.17 -64952.9 23729.268
8.54 271.55792 -135.41595 45761.294 -60036 5181.79 -65217.8 23720.223
8.55 269.27522 -20.499765 45749.801 -60194.8 5138.23 -65333 23723.293
8.56 260.98023 89.256135 45529.758 -60327.2 4979.95 -65307.1 23666.855
8.57 274.13594 197.7637 46027.366 -60010 5230.98 -65240.9 23879.245
8.58 266.92221 111.95165 45667.412 -60488.1 5093.33 -65581.5 23820.315
8.59 273.72196 479.35963 45660.981 -60087.4 5223.08 -65310.5 23855.624
8.6 263.16981 757.80178 45324.141 -60234.1 5021.73 -65255.8 23758.789
8.61 265.73271 -140.74118 45880.503 -60331.5 5070.64 -65402.1 23958.757
8.62 281.42654 -459.87944 46034.142 -59805.5 5370.1 -65175.6 24055.349
8.63 267.50233 191.9043 45913.357 -60190.1 5104.4 -65294.5 24038.487
8.64 274.38178 108.54782 45705.529 -59921.1 5235.67 -65156.8 24010.585
8.65 280.37139 676.66613 45456.344 -60003.2 5349.97 -65353.1 23944.281
8.66 266.69802 -415.50282 45747.496 -60159.6 5089.06 -65248.6 24087.056
8.67 270.82154 -292.3816 45904.712 -60174.3 5167.74 -65342 24221.442
8.68 280.13715 858.10612 45398.018 -59989.1 5345.5 -65334.6 24073.391
8.69 267.92394 117.57398 45950.851 -60317.6 5112.45 -65430 24302.237
8.7 272.10744 4.4067934 45461.701 -60034 5192.28 -65226.3 24171.594
8.71 267.24051 510.76876 45697.628 -60153.6 5099.41 -65253 24273.083
8.72 275.88922 -1008.6615 45957.43 -59944.9 5264.44 -65209.4 24432.309
8.73 274.0719 229.07297 45670.255 -60143.7 5229.76 -65373.4 24346.83
8.74 275.31633 102.03477 45778.067 -60057.5 5253.51 -65311 24382.262
8.75 266.02386 -766.19127 46102.191 -60139.9 5076.19 -65216.1 24536.107
8.76 277.57141 -976.96171 45993.077 -59888.7 5296.54 -65185.2 24499.992
8.77 269.64023 -308.32632 45789.485 -60083.9 5145.2 -65229.1 24459.069
8.78 274.27999 -487.97616 45694.241 -60194.3 5233.73 -65428 24454.231
8.79 276.69814 583.14193 45453.151 -59959.1 5279.87 -65239 24370.201
8.8 276.58958 -93.263042 45739.175 -59763.8 5277.8 -65041.6 24547.902
8.81 270.83517 -287.28159 45513.662 -60159.6 5168 -65327.6 24433.819
8.82 282.8647 -517.21555 45818.809 -60022.4 5397.54 -65420 24565.188
8.83 270.1988 208.98395 45622.66 -60027.2 5155.86 -65183.1 24527.707
8.84 260.03406 212.77061 45666.767 -60311.8 4961.9 -65273.7 24549.718
8.85 275.71805 -456.28356 45855.918 -60028.3 5261.17 -65289.5 24660.273
8.86 272.60972 -173.68333 45770.247 -60069.5 5201.86 -65271.3 24696.488
8.87 273.25589 -408.43363 45842.714 -59757.3 5214.19 -64971.5 24712.407
8.88 271.83871 223.93272 45682.115 -60131.9 5187.15 -65319.1 24690.86
8.89 275.55416 -424.59401 45860.567 -59982 5258.05 -65240 24794.448
8.9 269.81007 -56.415257 45726.873 -60292.6 5148.44 -65441 24777.17
8.91 267.12741 452.93596 45185.094 -60470.2 5097.25 -65567.5 24626.624
8.92 268.69512 280.05417 45712.007 -60160.5 5127.16 -65287.7 24824.292
8.93 263.52851 528.07279 45888.235 -60308.4 5028.58 -65337 24872.858
8.94 271.98 -703.25143 45766.982 -60060 5189.84 -65249.9 24876.628
8.95 275.54497 356.82603 45855.611 -60221.4 5257.87 -65479.3 24909.1
8.96 267.24454 -714.71171 45761.609 -60116.2 5099.48 -65215.6 24876.926
8.97 273.25299 156.93825 45507.064 -59923 5214.14 -65137.1 24831.882
8.98 268.2198 -46.49632 45892.065 -60306.1 5118.09 -65424.2 25006.265
8.99 284.41409 -78.201558 45346.788 -59827.3 5427.11 -65254.4 24839.593
9 271.62484 -354.50553 45916.233 -60070 5183.07 -65253.1 25040.331
9.01 279.6308 472.83615 46015.639 -59797.8 5335.84 -65133.7 25107.435
9.02 274.74015 70.364038 45786.995 -60031 5242.51 -65273.5 25080.381
9.03 267.71286 137.86915 45545.74 -60505 5108.42 -65613.4 25019.643
9.04 273.85065 246.38597 45532.943 -60209.5 5225.54 -65435.1 25046.286
9.05 268.51415 -9.3884732 45723.178 -60043.8 5123.71 -65167.5 25122.543
9.06 271.449 71.341041 45829.804 -60060.4 5179.71 -65240.1 25188.476
9.07 268.7414 -579.76207 45990.915 -60342.7 5128.05 -65470.8 25288.444
9.08 266.83779 625.91792 45394.785 -60121.2 5091.72 -65213 25088.879
9.09 278.80138 574.03246 45518.355 -59852.5 5320.01 -65172.5 25139.887
9.1 279.91323 861.10028 45463.846 -60008 5341.22 -65349.2 25133.237
9.11 262.44198 104.31296 45573.724 -60273.8 5007.84 -65281.6 25231.084
9.12 276.72657 105.92501 45599.61 -59819.5 5280.42 -65099.9 25258.448
9.13 273.48251 196.75269 45538.465 -60147 5218.52 -65365.5 25243.843
9.14 265.10376 84.831422 45600.296 -60318.2 5058.63 -65376.8 25296.165
9.15 259.51919 289.07545 45627.3 -60140.9 4952.07 -65092.9 25356.595
9.16 269.6999 220.92148 45810.079 -60027.4 5146.34 -65173.7 25461.698
9.17 270.13311 240.41265 45939.423 -60175.1 5154.6 -65329.7 25526.468
9.18 267.47718 -38.68331 45838.403 -60306.1 5103.92 -65410.1 25535.299
9.19 273.5293 -733.77895 46037.429 -60009.9 5219.41 -65229.3 25661.578
9.2 275.07813 -672.56195 45904.077 -59834 5248.96 -65082.9 25626.148
9.21 270.43584 -268.62831 45933.666 -60363.2 5160.38 -65523.6 25681.828
9.22 266.85477 405.41253 45519.822 -60190 5092.05 -65282.1 25576.552
9.23 274.02748 334.07458 45532.354 -59987.9 5228.91 -65216.8 25575.589
9.24 268.96314 552.94524 45593.056 -60185.9 5132.28 -65318.2 25638.667
9.25 281.43133 -429.59627 45869.942 -59937.5 5370.19 -65307.7 25756.485
9.26 276.60514 154.2805 45752.716 -60188.2 5278.1 -65466.3 25734.621
9.27 277.81983 -31.714426 45715.349 -60186.5 5301.28 -65487.8 25714.574
9.28 265.93869 643.56087 45584.924 -60138.9 5074.57 -65213.5 25658.341
9.29 280.19147 327.63209 45766.782 -59753.1 5346.53 -65099.6 25763.349
9.3 268.86984 -886.18807 45965.074 -60134 5130.5 -65264.5 25825.631
9.31 265.04413 -186.76415 45984.032 -60256.9 5057.5 -65314.4 25874.618
9.32 275.87893 -776.51052 46042.984 -59880.1 5264.24 -65144.4 25913.085
9.33 273.70377 358.95523 45772.119 -59602.7 5222.74 -64825.5 25812.237
9.34 267.01236 -375.95522 45922.961 -60194.9 5095.05 -65290 25906.961
9.35 273.36352 -446.98877 45744.407 -60151.7 5216.25 -65368 25854.76
9.36 277.5465 223.01414 45478.356 -60046.5 5296.06 -65342.5 25791.89
9.37 273.78778 270.1994 45585.022 -59869.3 5224.34 -65093.7 25873.807
9.38 270.09574 308.42136 45612.806 -60228.2 5153.89 -65382.1 25878.414
9.39 267.42329 -120.15857 45809.316 -60226.7 5102.9 -65329.6 25997.931
9.4 274.61486 63.919542 45529.07 -60189.7 5240.12 -65429.8 25904.159
9.41 271.447 -429.09979 46184.995 -60163.1 5179.67 -65342.8 26160.511
9.42 283.6291 60.847499 45725.593 -59804.5 5412.13 -65216.6 26008.842
9.43 267.74225 -412.49835 45686.497 -60085.3 5108.98 -65194.3 26061.102
9.44 273.0199 -175.69447 45648.976 -60196.3 5209.69 -65406 26119.943
9.45 275.82596 301.20818 45679.151 -60225.9 5263.23 -65489.2 26152.221
9.46 277.4756 264.55521 45674.47 -60100.4 5294.71 -65395.2 26200.866
9.47 277.62123 198.6866 45847.574 -59965.4 5297.49 -65262.9 26308.753
9.48 268.24441 546.44162 45506.151 -60024.2 5118.56 -65142.8 26239.951
9.49 259.57366 -605.77618 45573.348 -60405.3 4953.11 -65358.4 26274.699
9.5 283.75677 -358.15003 46027.09 -59909.7 5414.57 -65324.3 26473.227
9.51 272.58228 -181.3521 45713.152 -60170.3 5201.34 -65371.7 26389.155
9.52 274.77622 -9.0368625 45744.032 -60173.8 5243.2 -65417 26420.008
9.53 269.66013 -171.22373 45788.816 -60031.6 5145.58 -65177.2 26459.817
9.54 270.64277 195.28661 45626.171 -60003.7 5164.33 -65168.1 26472.364
9.55 276.88046 619.55155 45375.576 -59900.2 5283.35 -65183.6 26395.209
9.56 275.02123 74.570883 45761.867 -60143.1 5247.88 -65391 26572.075
9.57 274.73817 -607.13326 45904.197 -60084.6 5242.48 -65327.1 26621.446
9.58 270.57083 73.805413 45692.903 -60146.4 5162.96 -65309.4 26545.474
9.59 271.05262 -352.17514 45936.132 -60062.2 5172.15 -65234.4 26683.337
9.6 261.96415 -382.7116 45980.787 -60272.6 4998.73 -65271.3 26720.478
9.61 274.84073 279.91384 45779.748 -59880.6 5244.43 -65125 26651.601
9.62 281.34621 -71.451928 45927.949 -59994 5368.57 -65362.6 26731.273
9.63 267.09344 454.05152 45455.792 -60228.7 5096.6 -65325.3 26597.695
9.64 275.88037 -574.82072 45959.548 -59630.5 5264.27 -64894.8 26834.679
9.65 276.20212 404.86777 45624.996 -60119.3 5270.41 -65389.7 26733.798
9.66 273.36439 174.42511 45799.63 -59852.8 5216.26 -65069.1 26831.276
9.67 264.93226 -312.95525 45865.306 -60085.9 5055.36 -65141.2 26866.446
9.68 276.37803 151.42179 45987.63 -59773.7 5273.77 -65047.5 26953.009
9.69 275.33375 -93.264228 45887.948 -59940.4 5253.84 -65194.3 26944.825
9.7 288.43775 -315.34389 45892.783 -59655.8 5503.89 -65159.7 26991.006
9.71 267.94732 190.96703 45902.218 -60380.1 5112.89 -65493 27068.506
9.72 278.23174 75.001356 45613.448 -60094.2 5309.14 -65403.3 26945.339
9.73 266.3618 463.31067 45868.256 -60185.3 5082.64 -65267.9 27101.918
9.74 284.38889 149.73739 45654.277 -60075.1 5426.63 -65501.8 27093.546
9.75 278.05152 -520.69323 45813.778 -59895 5305.7 -65200.7 27163.269
9.76 273.10927 97.949734 45652.54 -60018 5211.39 -65229.4 27092.572
9.77 278.65692 142.43212 45700.466 -60267.6 5317.25 -65584.8 27098.582
9.78 277.15668 1085.9739 45536.027 -59981.2 5288.62 -65269.9 27055.116
9.79 276.76728 -735.77361 45953.143 -60149.7 5281.19 -65430.9 27214.847
9.8 272.32607 -562.18453 45529.138 -60020.9 5196.45 -65217.4 27116.623
9.81 275.38625 -335.7669 45828.435 -60109.2 5254.84 -65364.1 27301.141
9.82 277.10336 376.26472 45597.946 -60164.6 5287.61 -65452.2 27213.441
9.83 273.05706 -622.33546 45864.025 -60156.9 5210.4 -65367.3 27392.406
9.84 270.08562 658.17435 45603.837 -59915.9 5153.7 -65069.6 27301.799
9.85 278.66322 -350.70623 45721.846 -59883.7 5317.37 -65201.1 27349.574
9.86 268.15729 836.14603 45745.734 -60182.2 5116.9 -65299.1 27388.867
9.87 279.13997 537.42242 45593.543 -59903.7 5326.47 -65230.2 27383.28
9.88 271.78717 -538.02584 45630.253 -60031.6 5186.17 -65217.8 27430.808
9.89 269.08149 535.5664 45637.09 -60152.6 5134.54 -65287.1 27445.326
9.9 277.11899 -133.88922 45953.523 -59933.7 5287.91 -65221.6 27611.829
9.91 269.9034 230.31459 45461.935 -60222.7 5150.22 -65372.9 27477.793
9.92 272.91361 -399.93026 45987.199 -60113.2 5207.66 -65320.9 27757.266
9.93 278.83958 -197.86062 46089.856 -59804.7 5320.74 -65125.4 27854.683
9.94 266.5346 -308.32242 45856.221 -60094.7 5085.94 -65180.6 27768.098
9.95 266.07583 820.75358 45478.44 -60228.8 5077.18 -65306 27612.36
9.96 273.88066 -329.05958 45730.326 -59943.4 5226.11 -65169.6 27755.268
9.97 262.02988 153.12299 46011.241 -60242.1 4999.98 -65242.1 27953.32
9.98 268.24291 -60.267618 45535.267 -59987.8 5118.53 -65106.3 27762.014
