0 262.66407 -31.347181 46440.543 -63429.2 4995.7 -68424.9 9.5555894
0.01 270.37696 775.04703 46057.946 -63897.9 5142.4 -69040.3 20.682597
0.02 270.60584 -241.41557 46427.827 -63645.6 5146.75 -68792.4 29.020169
0.03 270.91638 471.84985 46018.694 -64038.4 5152.66 -69191 35.886999
0.04 281.85702 -68.929325 46516.647 -64027.1 5360.74 -69387.8 41.958251
0.05 259.69204 -431.57149 46549.194 -64480.7 4939.18 -69419.9 50.046725
0.06 270.40874 554.40988 46160.051 -64101 5143 -69244 55.777782
0.07 275.9376 467.90858 46361.778 -63650.7 5248.16 -68898.9 63.141911
0.08 267.21308 -331.30868 46238.663 -64012.6 5082.22 -69094.8 71.409907
0.09 269.96264 67.184402 46222.365 -64046.8 5134.52 -69181.3 78.579896
0.1 266.07591 218.57016 46219.857 -64587.8 5060.59 -69648.4 86.401733
0.11 272.23218 323.97076 46125.145 -64187.9 5177.68 -69365.6 93.329453
0.12 262.64998 -72.386247 46369.224 -64459.2 4995.43 -69454.6 101.89832
0.13 271.90775 119.18195 46216.912 -64155.4 5171.51 -69326.9 106.90609
0.14 270.64119 108.39711 46549.965 -64476.5 5147.42 -69623.9 111.97513
0.15 260.94236 -399.48488 46577.553 -64756.4 4962.96 -69719.4 116.21061
0.16 268.75236 435.68615 46171.238 -64401.2 5111.5 -69512.7 123.50203
0.17 264.18439 273.00289 46387.017 -64417.4 5024.62 -69442.1 129.79908
0.18 262.4749 -262.32601 46632.822 -64266.4 4992.1 -69258.5 135.98369
0.19 266.25834 -536.47319 46736.223 -64164.8 5064.06 -69228.9 142.42803
0.2 268.47326 140.3649 46236.933 -64262.3 5106.19 -69368.5 149.79756
0.21 266.8674 36.379368 46233.747 -64029.9 5075.65 -69105.6 156.27542
0.22 269.43569 373.68825 45955.322 -63884.6 5124.49 -69009.1 164.55244
0.23 265.82532 171.75138 46472.271 -63859.3 5055.83 -68915.1 170.78522
0.24 276.6356 295.99157 46293.957 -63467.3 5261.43 -68728.7 183.16565
0.25 264.55631 155.16385 46323.859 -63488.5 5031.69 -68520.2 193.00382
0.26 276.45082 492.23035 46128.197 -63934.9 5257.92 -69192.8 198.48061
0.27 262.55947 143.72252 46206.158 -64082.1 4993.71 -69075.8 207.18414
0.28 267.99284 680.58393 45975.784 -63834.3 5097.05 -68931.3 213.55328
0.29 267.53328 54.166932 46378.895 -63930 5088.31 -69018.3 222.26401
0.3 270.19152 -648.3169 46648.323 -64250 5138.87 -69388.9 230.45636
0.31 279.85444 -304.07315 46443.44 -63792.6 5322.65 -69115.2 237.21254
0.32 270.62518 -71.089525 46288.202 -64018.8 5147.12 -69165.9 245.07295
0.33 270.62673 -626.55815 46832.033 -64369.1 5147.15 -69516.2 251.60943
0.34 272.83801 -695.74262 46573.566 -64171.2 5189.2 -69360.4 256.36997
0.35 260.10525 -718.79014 46720.056 -64588.9 4947.03 -69536 261.88505
0.36 273.21925 925.03107 46093.493 -64366.8 5196.45 -69563.2 265.7647
0.37 274.21466 -925.33549 47213.359 -64674 5215.39 -69889.4 278.98652
0.38 276.95052 -35.522919 46498.545 -64496.6 5267.42 -69764 281.24564
0.39 261.30067 221.89276 46323.305 -65092.4 4969.77 -70062.2 287.33987
0.4 270.92486 -112.3968 46456.318 -64639.5 5152.82 -69792.3 292.98001
0.41 265.41208 194.59097 46469.491 -64480.5 5047.97 -69528.5 299.47969
0.42 272.88614 -110.03929 46382.5 -64374.7 5190.12 -69564.8 301.64161
0.43 277.30205 -150.79132 46533.362 -64189.9 5274.11 -69464 307.63802
0.44 265.74802 -249.84642 46448.463 -64590 5054.36 -69644.3 312.48081
0.45 266.50261 705.75351 46323.542 -64324.1 5068.71 -69392.8 314.87157
0.46 272.30533 -25.287671 46314.947 -64165.9 5179.07 -69345 320.56374
0.47 267.19511 -127.21641 46461.369 -64357.1 5081.88 -69439 329.98663
0.48 278.27396 -244.28887 46549.932 -64076.2 5292.59 -69368.8 336.28431
0.49 268.11163 101.42795 46436.604 -64466.4 5099.31 -69565.7 338.84461
0.5 258.49998 -297.40342 46572.345 -64678.1 4916.5 -69594.6 345.20954
0.51 272.71211 103.81508 46356.204 -64254.5 5186.81 -69441.3 350.30806
0.52 271.08982 -65.564778 46535.887 -64586.1 5155.95 -69742.1 357.54018
0.53 270.04709 -452.93931 46687.498 -64420.6 5136.12 -69556.7 360.34383
0.54 270.67651 251.29375 46431.531 -64620.2 5148.09 -69768.3 360.39458
0.55 273.18906 164.38512 46448.102 -64495.6 5195.88 -69691.4 364.85916
0.56 262.24475 82.544235 46166.15 -64655.5 4987.73 -69643.2 369.12017
0.57 262.04865 -1037.0905 46912.493 -64292.1 4984 -69276.1 375.76546
0.58 268.96813 -1030.6362 47030.053 -64271.8 5115.6 -69387.4 383.38474
0.59 261.93252 -721.85998 46752.336 -64787.1 4981.79 -69768.9 388.76847
0.6 276.22266 -407.67757 46505.065 -64558.9 5253.58 -69812.5 394.62243
0.61 267.46562 -437.361 46412.195 -64501.5 5087.02 -69588.6 401.64171
0.62 267.88612 -198.87225 46554.288 -64775.6 5095.02 -69870.6 407.3243
0.63 270.85439 306.14968 46305.471 -64265.8 5151.48 -69417.3 413.56942
0.64 271.22181 -334.9253 46604.6 -64238.3 5158.46 -69396.7 417.50479
0.65 260.17811 19.676879 46284.935 -64378.4 4948.42 -69326.8 419.46423
0.66 267.80584 249.51563 46193.903 -64435.5 5093.49 -69529 419.57703
0.67 267.52797 -29.333076 46483.918 -64712.3 5088.21 -69800.5 425.62832
0.68 253.40581 -285.75997 46590.428 -65124.7 4819.62 -69944.3 434.14874
0.69 273.98863 549.13901 46354.802 -64881.7 5211.09 -70092.8 438.56669
0.7 270.95298 -447.67007 46712.195 -65242.3 5153.35 -70395.7 445.65155
0.71 266.59482 39.406013 46554.88 -64965.9 5070.46 -70036.4 445.79798
0.72 264.08868 743.50169 45969.198 -65385.2 5022.8 -70408 445.34054
0.73 280.0054 -8.3503152 46363.755 -65020 5325.52 -70345.5 451.36019
0.74 274.122 -441.48823 46728.551 -64937.8 5213.62 -70151.5 452.96632
0.75 269.49456 -608.92431 46910.057 -65137.5 5125.61 -70263.1 463.71319
0.76 273.10747 -509.66755 46855.254 -65154.3 5194.33 -70348.6 466.84151
0.77 268.90108 26.660985 46361.74 -65568.9 5114.33 -70683.2 466.40925
0.78 281.11249 214.86145 46511.426 -65079.5 5346.58 -70426.1 470.82238
0.79 263.48884 151.15298 46677.149 -65431.6 5011.39 -70443 477.07503
0.8 284.80542 -27.606221 46497.543 -64834.9 5416.82 -70251.7 480.31038
0.81 283.54205 607.23285 46060.261 -65217.2 5392.79 -70610 477.8248
0.82 269.69127 -445.05235 47012.555 -65316.3 5129.35 -70445.7 482.74779
0.83 264.82731 75.353359 46703.591 -65276.6 5036.84 -70313.4 483.41471
0.84 262.94351 -503.77437 46590.934 -65457.3 5001.02 -70458.3 484.77224
0.85 265.54121 74.269516 46403.411 -65540 5050.42 -70590.4 485.27272
0.86 269.88133 462.16298 46374.7 -65958.7 5132.97 -71091.7 486.63298
0.87 278.98455 411.55376 46521.512 -65740.8 5306.11 -71047 488.80293
0.88 267.13244 -244.02949 46758.601 -65901.6 5080.69 -70982.3 491.21865
0.89 269.72068 205.38574 46343.432 -66159.9 5129.91 -71289.8 490.03242
0.9 273.22731 -158.45607 46796.335 -65995 5196.61 -71191.6 497.42485
0.91 278.3406 -409.51154 47026.377 -65637.5 5293.86 -70931.4 500.67362
0.92 273.07045 654.07235 46372.901 -66262.2 5193.62 -71455.8 499.96788
0.93 266.3154 433.79083 46449.23 -66262.9 5065.15 -71328.1 501.20995
0.94 276.0159 -95.072503 46775.405 -66256.2 5249.64 -71505.9 504.69995
0.95 264.48962 -415.36353 46795.331 -66234.4 5030.42 -71264.8 504.52261
0.96 282.13819 -228.07828 46691.097 -65739.1 5366.09 -71105.2 503.67848
0.97 262.51996 679.6564 46244.311 -66181.2 4992.96 -71174.1 501.18479
0.98 267.04951 -231.30218 46560.598 -65652.2 5079.11 -70731.3 504.39809
0.99 270.0765 -112.00272 46763.178 -65661.1 5136.68 -70797.7 509.17997
1 273.29195 294.95078 46411.046 -65372.3 5197.84 -70570.1 508.24552
1.01 263.76895 -727.03834 47076.107 -65972.6 5016.72 -70989.4 511.91973
1.02 278.65472 64.978848 46594.342 -65745.3 5299.83 -71045.1 511.17566
1.03 267.57513 573.18194 46417.427 -66269.5 5089.11 -71358.6 512.10767
1.04 269.2914 -163.90726 46674.607 -66095.9 5121.75 -71217.6 516.60578
1.05 267.54492 -385.63435 46806.683 -66154.4 5088.53 -71243 517.06553
1.06 272.51726 453.96653 46472.036 -66125.7 5183.1 -71308.8 515.03135
1.07 269.02674 130.90149 46485.804 -66041.2 5116.72 -71157.9 518.85392
1.08 280.9903 447.91947 46377.121 -65644.8 5344.25 -70989 521.41585
1.09 264.368 425.14164 46370.827 -65893.6 5028.11 -70921.7 523.5616
1.1 275.80119 -167.83654 46614.561 -65382.7 5245.56 -70628.3 528.62061
1.11 264.45389 478.14324 46175.891 -66004.6 5029.74 -71034.3 530.54524
1.12 280.2886 360.44946 46278.163 -65815.1 5330.91 -71146 534.54659
1.13 269.47793 -107.65735 46559.017 -66255.6 5125.3 -71380.9 536.8139
1.14 269.58516 171.52545 46597.773 -66017.4 5127.34 -71144.8 538.18986
1.15 270.57624 329.96147 46306.316 -66145.2 5146.19 -71291.4 539.56234
1.16 261.61977 -292.28115 46809.357 -66368.4 4975.84 -71344.2 545.98409
1.17 266.50687 -261.16223 46696.58 -66310.5 5068.79 -71379.3 543.51045
1.18 268.0117 490.43108 46277.073 -66149.8 5097.41 -71247.2 543.2763
1.19 274.32727 406.636 46554.72 -65983.1 5217.53 -71200.6 546.09878
1.2 273.15188 492.32537 46471.053 -66399.5 5195.17 -71594.6 549.47928
1.21 268.71064 -345.79911 46797.386 -66324.9 5110.7 -71435.6 553.77815
1.22 269.4382 315.4826 46453.991 -65897 5124.54 -71021.5 551.6326
1.23 262.87336 -139.6263 46793.658 -66198.5 4999.68 -71198.2 555.28694
1.24 262.99423 -231.71889 46675.595 -66342.5 5001.98 -71344.5 555.37716
1.25 276.30447 -160.96063 46740.038 -66268.8 5255.13 -71523.9 557.5494
1.26 271.77782 116.53393 46501.501 -66049 5169.04 -71218.1 557.22661
1.27 261.60238 -264.97547 46515.422 -65919.9 4975.51 -70895.4 558.74227
1.28 258.04623 -444.8786 46788.484 -66311.4 4907.87 -71219.3 563.33344
1.29 272.64381 250.91403 46461.331 -65738 5185.51 -70923.5 561.6736
1.3 263.73721 -29.192105 46856.251 -66212.6 5016.11 -71228.8 566.48175
1.31 280.53889 318.80041 46520.811 -65864.7 5335.67 -71200.3 566.81987
1.32 270.7356 219.53448 46500.28 -66020.3 5149.22 -71169.5 567.73182
1.33 267.95665 325.32595 46301.284 -66397.8 5096.36 -71494.1 569.77315
1.34 274.07343 215.33407 46466.702 -66184 5212.7 -71396.7 572.82753
1.35 272.45434 343.58958 46411.142 -65989.3 5181.91 -71171.2 576.65994
1.36 273.92368 455.38412 46471.617 -66052.9 5209.85 -71262.7 576.81638
1.37 261.50593 -781.08944 47048.857 -66343 4973.67 -71316.7 582.1346
1.38 276.73031 92.932321 46686.637 -65907.2 5263.23 -71170.5 583.305
1.39 268.53579 -41.695495 46611.564 -65944.6 5107.38 -71052 584.2818
1.4 262.64834 573.40398 46264.347 -66155.8 4995.4 -71151.2 583.93372
1.41 276.07498 316.72924 46352.086 -65701.4 5250.77 -70952.2 588.78224
1.42 263.21634 -58.822256 46821.324 -66082.5 5006.21 -71088.7 593.45396
1.43 271.75479 -527.36585 46917.717 -65685.9 5168.6 -70854.5 594.39093
1.44 256.14705 -173.557 46877.246 -66069.3 4871.75 -70941 595.47549
1.45 270.36944 -485.28054 46928.472 -65871.3 5142.25 -71013.6 597.1139
1.46 268.83294 114.30683 46638.991 -65944.7 5113.03 -71057.8 597.46226
1.47 276.02306 51.689893 46759.48 -65735.9 5249.78 -70985.7 599.03968
1.48 275.06016 93.985993 46490.122 -65728.8 5231.47 -70960.3 599.03045
1.49 279.18239 206.21265 46530.457 -65434.2 5309.87 -70744.1 599.58565
1.5 251.88647 -645.28701 46717.178 -65930.5 4790.72 -70721.2 605.0382
1.51 269.13243 729.0947 46363.601 -65421 5118.73 -70539.7 602.21392
1.52 269.90827 283.063 46366.038 -65735 5133.48 -70868.5 608.82659
1.53 267.46429 199.14066 46553.22 -65847.8 5087 -70934.8 612.19828
1.54 264.37956 -128.10394 46697.673 -65929.2 5028.33 -70957.5 616.05532
1.55 276.82764 -443.72046 46812.194 -65995.4 5265.08 -71260.5 618.76046
1.56 281.23774 -696.88893 47070.801 -65561 5348.96 -70910 621.69917
1.57 267.3721 951.98823 46026.392 -66080.7 5085.25 -71165.9 616.11017
1.58 266.00501 674.94019 46277.587 -65812.1 5059.24 -70871.4 618.03594
1.59 268.90048 -112.40657 46650.017 -66254.6 5114.31 -71368.9 623.64743
1.6 259.69036 -172.88843 46803.5 -66328.5 4939.14 -71267.6 624.48878
1.61 264.70787 -599.75862 46984.777 -66133.3 5034.57 -71167.9 630.15727
1.62 271.86988 53.145144 46529.842 -65736.4 5170.79 -70907.2 625.72877
1.63 272.18837 -668.17094 47183.749 -65948.1 5176.85 -71124.9 633.10767
1.64 265.74897 -137.16333 46544 -66209.4 5054.37 -71263.7 630.46314
1.65 279.89281 306.94699 46507.566 -65596.1 5323.38 -70919.5 627.31576
1.66 276.96068 -327.24913 46870.772 -65682.2 5267.61 -70949.8 633.49943
1.67 271.74319 -32.386947 46619.498 -65943.6 5168.38 -71112 633.09227
1.68 272.70225 185.66932 46381.798 -66066.4 5186.62 -71253 634.30208
1.69 276.10813 560.85819 46372.662 -66180.4 5251.4 -71431.8 633.43024
1.7 268.16885 116.92877 46674.049 -66299.6 5100.4 -71400 636.56005
1.71 266.93121 280.24016 46416.708 -66386.5 5076.86 -71463.4 636.49345
1.72 269.05933 517.01701 46282.085 -66529.6 5117.34 -71646.9 640.82107
1.73 268.84439 -480.90369 46985.736 -66322.8 5113.25 -71436 649.9072
1.74 256.65593 699.53901 46359.272 -66599.3 4881.43 -71480.7 643.74663
1.75 276.50133 471.99244 46456.504 -66202.1 5258.88 -71461 646.75164
1.76 270.62723 233.05293 46596.67 -66420.1 5147.16 -71567.3 650.51429
1.77 265.68288 187.26738 46468.087 -66491.4 5053.12 -71544.5 649.27086
1.78 256.59153 146.18726 46406.565 -66701.9 4880.21 -71582.1 649.84229
1.79 273.90182 215.47012 46514.448 -66199.1 5209.44 -71408.5 652.61682
1.8 262.05313 85.387209 46706.254 -65870.2 4984.08 -70854.3 654.9519
1.81 270.92711 184.13986 46502.422 -65895.3 5152.86 -71048.2 657.69722
1.82 270.43739 318.00477 46451.178 -65789.2 5143.55 -70932.7 658.27326
1.83 269.72934 500.46708 46439.83 -65923.8 5130.08 -71053.8 658.16336
1.84 264.23554 -352.85151 46795.953 -65963.7 5025.59 -70989.3 661.02544
1.85 265.73793 -323.06282 46842.425 -65738.8 5054.16 -70793 662.59029
1.86 272.73356 507.4545 46417.133 -65941.9 5187.22 -71129.1 662.25487
1.87 265.35048 61.034324 46606.876 -66164.6 5046.8 -71211.4 664.54605
1.88 270.65172 698.4121 46111.666 -65571.7 5147.62 -70719.3 664.05356
1.89 277.19425 -1070.7287 47149.67 -65385.8 5272.06 -70657.8 676.91251
1.9 258.66185 -136.0274 46544.393 -65659.5 4919.58 -70579.1 672.01252
1.91 271.69605 385.95734 46395.17 -65193.1 5167.48 -70360.6 674.16659
1.92 268.29718 -516.84344 46899.892 -65466 5102.84 -70568.9 684.76693
1.93 257.61157 -18.357087 46503.868 -65465.7 4899.61 -70365.3 682.91045
1.94 274.58097 297.06217 46317.681 -65079.4 5222.35 -70301.7 689.85296
1.95 260.9947 135.65447 46394.28 -65479.8 4963.95 -70443.8 689.98018
1.96 262.21761 -693.27973 46849.819 -65815.5 4987.21 -70802.7 701.10459
1.97 271.95342 -374.96045 46781.76 -65468.1 5172.38 -70640.5 701.95914
1.98 270.58653 64.834122 46473.262 -65759.9 5146.38 -70906.3 701.78746
1.99 266.9725 660.31379 46169.149 -65914.9 5077.65 -70992.6 702.51362
2 262.96626 324.59398 46401.702 -65834.1 5001.45 -70835.6 704.00828
2.01 265.17498 1003.5521 45960.746 -66030.8 5043.46 -71074.2 706.94149
2.02 266.44145 410.05054 46332.457 -65877.6 5067.54 -70945.2 713.85593
2.03 272.08441 -126.99923 46766.069 -65899.9 5174.87 -71074.8 719.03544
2.04 276.09814 890.6851 46121.29 -66038.5 5251.21 -71289.7 712.74481
2.05 260.13606 -30.716858 46590.117 -66462.6 4947.62 -71410.2 722.23358
2.06 270.92017 340.45614 46431.42 -65974.8 5152.73 -71127.6 721.19857
2.07 268.30694 450.53909 46324.961 -66047.7 5103.03 -71150.7 721.45082
2.08 263.18781 263.28868 46571.487 -66331.8 5005.66 -71337.5 725.61349
2.09 267.17526 -109.46826 46732.578 -66188.5 5081.5 -71270 727.40387
2.1 263.35179 623.17777 46372.749 -66291.4 5008.78 -71300.2 725.75916
2.11 273.12611 92.74001 46732.726 -66061.2 5194.68 -71255.9 731.42607
2.12 266.46727 170.90705 46357.719 -65666.1 5068.04 -70734.2 730.77742
2.13 262.51235 273.61794 46461.981 -65879.8 4992.82 -70872.6 738.95066
2.14 262.00259 598.7729 46331.369 -65718.6 4983.12 -70701.7 735.18382
2.15 267.17089 23.76234 46602.754 -65746.1 5081.42 -70827.6 739.34858
2.16 265.18912 -358.2984 46914.413 -65961.2 5043.73 -71004.9 742.12418
2.17 257.4949 -443.0539 46878.016 -66055.4 4897.39 -70952.8 748.7473
2.18 273.62821 -37.409697 46625.816 -65844.1 5204.23 -71048.3 749.37793
2.19 254.32732 -700.96838 46942.519 -66062.4 4837.14 -70899.5 755.03607
2.2 267.87717 -385.59351 46761.045 -65579.8 5094.85 -70674.6 754.62131
2.21 267.49051 -519.80267 47000.382 -65391.6 5087.5 -70479.1 759.15239
2.22 262.12247 -482.46342 46880.118 -65633.1 4985.4 -70618.5 758.37067
2.23 260.96704 608.02781 46068.55 -65175.7 4963.43 -70139.1 755.76858
2.24 277.61624 223.08629 46424.251 -64742.2 5280.08 -70022.3 759.18444
2.25 266.99708 -549.1149 46755.096 -65427.1 5078.11 -70505.2 768.14971
2.26 268.11262 -447.44352 46837.284 -65573.8 5099.33 -70673.1 772.75885
2.27 272.64322 -346.63406 46837.851 -65251.8 5185.5 -70437.3 779.48953
2.28 269.56762 541.44816 46324.97 -65822 5127 -70949 775.62147
2.29 265.82113 -314.27835 46805.835 -66052.4 5055.75 -71108.2 783.49858
2.3 267.01827 -784.27415 46946.408 -65972 5078.52 -71050.5 786.99002
2.31 268.69482 438.12373 46256.086 -65916.9 5110.4 -71027.3 780.30634
2.32 269.9403 258.37315 46399.384 -65887.9 5134.09 -71022 781.77254
2.33 258.80732 -359.89648 46722.947 -66160.8 4922.35 -71083.2 789.2184
2.34 272.69594 170.27902 46602.859 -65799.7 5186.5 -70986.2 788.56573
2.35 273.1284 363.35416 46454.178 -65991.6 5194.73 -71186.3 786.78306
2.36 281.77169 -634.15597 47084.868 -65600.5 5359.12 -70959.6 792.90705
2.37 277.85545 497.37216 46284.022 -66112.7 5284.63 -71397.4 788.11236
2.38 258.91957 115.54363 46539.251 -66394.2 4924.48 -71318.7 791.76961
2.39 258.20069 -717.21609 47144.622 -65945.8 4910.81 -70856.6 798.18004
2.4 276.70624 -207.79435 46727.323 -65588.2 5262.77 -70851 793.94166
2.41 264.30149 -120.83786 46597.433 -65801.1 5026.84 -70827.9 792.72154
2.42 262.29937 43.949931 46817.95 -65919 4988.77 -70907.8 799.79215
2.43 267.43386 981.95804 46339.547 -66091 5086.42 -71177.4 795.69836
2.44 280.33856 -46.405197 46758.943 -65733.4 5331.86 -71065.3 799.8088
2.45 272.49197 742.36594 46338.454 -66340.9 5182.62 -71523.5 794.99414
2.46 267.913 323.53547 46565.002 -66043.9 5095.53 -71139.4 801.70191
2.47 264.99181 -81.886375 46616.877 -66032.7 5039.97 -71072.6 802.85828
2.48 267.45124 -213.04499 46727.071 -65972.3 5086.75 -71059.1 803.92225
2.49 272.03381 -377.87561 46723.777 -65637.1 5173.91 -70811 807.58231
2.5 263.12378 348.95797 46266.475 -65914.6 5004.45 -70919 802.41964
2.51 270.54027 -68.488581 46541.244 -65495 5145.5 -70640.5 810.30433
2.52 264.927 -242.50418 46658.856 -65781.3 5038.74 -70820 812.05011
2.53 265.74311 -298.35436 46751.819 -65875.2 5054.26 -70929.5 814.82637
2.54 259.27125 282.30644 46280.036 -65325 4931.17 -70256.2 816.46868
2.55 265.10974 178.53596 46592.006 -65616.6 5042.22 -70658.8 819.09871
2.56 265.11938 -369.0148 46571.415 -65711.2 5042.4 -70753.6 819.22659
2.57 269.32768 12.628424 46592.735 -65513.7 5122.44 -70636.1 822.02368
2.58 266.68449 452.3025 46340.476 -65692.6 5072.17 -70764.8 818.63849
2.59 258.92965 -563.0735 46898.254 -65535.2 4924.68 -70459.9 827.72801
2.6 263.14786 -406.16452 46612.364 -65144.4 5004.9 -70149.3 825.34696
2.61 273.26619 -127.3546 46388.016 -65101.4 5197.35 -70298.7 821.66458
2.62 270.22107 -263.66799 46750.978 -65635.8 5139.43 -70775.3 829.63304
2.63 270.19567 -331.98406 46667.816 -65397 5138.95 -70536 836.88091
2.64 273.16193 683.17154 46161.886 -65497.6 5195.36 -70693 834.23164
2.65 271.32188 -246.50275 46921.933 -65719 5160.37 -70879.4 846.75773
2.66 267.72065 -887.94995 47059.544 -65752.3 5091.87 -70844.1 853.89974
2.67 271.70101 26.712149 46561.047 -65512.9 5167.58 -70680.5 851.74132
2.68 262.1182 113.72636 46341.788 -65988.9 4985.32 -70974.2 853.13246
2.69 267.08987 -401.23819 46620.248 -65598.1 5079.88 -70677.9 860.99095
2.7 276.47411 -480.7357 46877.117 -65322 5258.36 -70580.3 865.74917
2.71 268.84533 -314.38146 46824.075 -65558.6 5113.27 -70671.9 868.32656
2.72 280.98724 263.35148 46359.821 -65147.9 5344.2 -70492.1 865.84331
2.73 271.02187 -405.01759 46679.55 -65233.5 5154.66 -70388.2 872.38437
2.74 259.52211 246.62441 46598.774 -65566.9 4935.94 -70502.9 873.98595
2.75 271.65446 335.40188 46405.35 -65318.4 5166.69 -70485.1 873.09047
2.76 263.88224 106.37896 46710.857 -65711.4 5018.87 -70730.3 880.23404
2.77 265.27852 -662.47739 46790.133 -65403.3 5045.43 -70448.7 879.82284
2.78 268.90319 -75.444686 46652.767 -65747.2 5114.37 -70861.6 886.12572
2.79 271.40051 -707.07685 47036.685 -65929.2 5161.86 -71091 894.14377
2.8 275.64494 791.7679 46182.346 -65426.2 5242.59 -70668.8 888.36217
2.81 267.46258 367.9278 46359.506 -66027.1 5086.97 -71114 889.23112
2.82 271.67905 181.42806 46643.594 -65963 5167.16 -71130.2 892.03021
2.83 266.85377 647.97832 46273.583 -65714.7 5075.39 -70790.1 887.88756
2.84 263.63095 431.90951 46377.062 -65879.4 5014.09 -70893.5 891.68326
2.85 266.34451 228.92569 46386.192 -66002.7 5065.7 -71068.4 892.97864
2.86 262.79936 -428.14556 46815.478 -65727 4998.27 -70725.3 897.95099
2.87 270.59067 -278.89483 46754.473 -65916.5 5146.46 -71063 898.19717
2.88 271.97407 366.55243 46505.191 -65988.2 5172.77 -71161 895.73857
2.89 276.05918 687.37529 46316.208 -66364.7 5250.47 -71615.2 891.24123
2.9 271.1223 348.84183 46491.958 -66256 5156.57 -71412.5 893.49667
2.91 273.07123 -171.47469 46889.96 -66620.3 5193.64 -71814 897.81306
2.92 274.09699 -591.89335 47105.914 -66038.6 5213.15 -71251.7 900.4818
2.93 272.62512 6.4204633 46781.38 -66598.4 5185.15 -71783.5 896.95522
2.94 257.74279 671.18757 46264.151 -66769.9 4902.1 -71672 890.17069
2.95 265.50755 -372.65085 47007.283 -66699.5 5049.78 -71749.3 899.83975
2.96 265.917 -267.93759 46726.148 -66680.9 5057.57 -71738.4 895.09713
2.97 273.87889 50.11764 46724.846 -66300.7 5209 -71509.7 895.21994
2.98 267.13762 -301.79398 46939.588 -65803.2 5080.79 -70884 897.81855
2.99 271.91416 54.196004 46576.546 -66235.1 5171.63 -71406.8 894.48809
3 277.40317 642.79576 46237.131 -66067.8 5276.03 -71343.8 891.31387
3.01 275.95545 398.64076 46542.708 -66241.2 5248.49 -71489.7 895.76544
3.02 274.79973 -623.41234 46987.872 -66322.3 5226.51 -71548.8 903.70599
3.03 257.11671 -468.67523 46866.72 -66465.1 4890.19 -71355.3 902.85804
3.04 274.35292 -287.43762 46833.259 -66344.9 5218.02 -71562.9 903.54883
3.05 262.91431 -447.0598 46767.482 -66648.8 5000.46 -71649.3 905.03261
3.06 264.29914 353.98218 46545.258 -66422.1 5026.8 -71448.9 902.5237
3.07 270.30052 296.59277 46404.861 -66440.1 5140.94 -71581 900.22461
3.08 265.66021 229.12414 46501.201 -66079.6 5052.69 -71132.3 901.76917
3.09 274.18088 194.70182 46590.678 -65843.7 5214.74 -71058.4 904.62526
3.1 256.34514 534.71434 46199.406 -66312.5 4875.52 -71188 900.19491
3.11 262.66433 -250.043 46691.921 -66100.6 4995.71 -71096.3 905.44634
3.12 275.44996 140.56591 46497.355 -65512.7 5238.88 -70751.5 903.60774
3.13 277.20094 -87.67078 46736.179 -65806 5272.18 -71078.2 908.49705
3.14 272.17667 -591.22114 46874.64 -66014 5176.63 -71190.6 913.31773
3.15 265.80572 -583.97888 46943.378 -65992.4 5055.45 -71047.9 914.91155
3.16 278.80076 -463.74239 46851.944 -65748.7 5302.61 -71051.3 917.45479
3.17 263.60472 -152.31879 46805.099 -66061.4 5013.59 -71075 916.93966
3.18 273.21823 394.48557 46503.68 -66006.5 5196.44 -71202.9 915.24799
3.19 277.803 470.14076 46365.027 -65699.1 5283.63 -70982.8 916.1545
3.2 254.12892 251.99815 46301.717 -66143.1 4833.37 -70976.5 917.76222
3.21 270.26968 -810.59435 46988.475 -65804.1 5140.36 -70944.4 928.40175
3.22 270.30784 78.284683 46638.514 -65778.1 5141.08 -70919.2 927.49148
3.23 268.97511 599.88391 46128.624 -66009 5115.73 -71124.7 922.9713
3.24 285.68054 -663.82678 47026.457 -65696 5433.46 -71129.5 936.92057
3.25 266.63876 540.44015 46304.471 -65958.4 5071.3 -71029.7 930.56292
3.26 271.98609 216.68628 46590.536 -65654.9 5173 -70827.9 933.79303
3.27 269.82651 -363.35915 46549.897 -65856.5 5131.93 -70988.5 932.24321
3.28 268.97343 136.3569 46528.088 -66491.5 5115.7 -71607.2 932.64718
3.29 263.68513 11.043626 46474.286 -66207.1 5015.12 -71222.2 933.69883
3.3 275.61346 -347.4709 46819.867 -65921.9 5241.99 -71163.9 938.55982
3.31 277.86968 552.47296 46351.704 -66003.1 5284.9 -71288 933.66621
3.32 269.77478 170.95062 46472.154 -65907.1 5130.94 -71038 937.49051
3.33 263.74225 -430.69395 46781.545 -65652.4 5016.21 -70668.6 943.63907
3.34 267.43939 -835.23176 46936.724 -65971.3 5086.53 -71057.8 944.08733
3.35 266.30593 148.16695 46505.225 -65534.9 5064.97 -70599.8 937.87683
3.36 273.58855 512.21268 46260.435 -65673.7 5203.48 -70877.2 938.80658
3.37 271.33587 334.63124 46575.669 -65938.9 5160.63 -71099.5 944.50982
3.38 269.22497 -140.6415 46601.429 -66155.2 5120.49 -71275.6 944.32496
3.39 273.13825 -426.75956 46757.679 -65890.7 5194.91 -71085.6 946.81597
3.4 265.51374 407.6986 46567.601 -66189.3 5049.9 -71239.2 950.35881
3.41 267.80873 -542.43995 46888.847 -66127.3 5093.55 -71220.8 955.00806
3.42 268.20761 80.225511 46471.855 -66209.1 5101.14 -71310.2 946.614
3.43 272.10143 -635.62793 46949.776 -66169.4 5175.19 -71344.6 954.73279
3.44 264.82841 147.13712 46486.542 -66408.1 5036.87 -71445 951.32963
3.45 271.84874 -268.30087 46693.56 -66331.7 5170.39 -71502.1 959.16901
3.46 272.95471 -602.79353 46929.739 -65817.2 5191.42 -71008.7 961.65882
3.47 267.93279 26.263892 46597.106 -66164 5095.91 -71259.9 956.98773
3.48 267.65865 479.56646 46268.222 -66086.2 5090.7 -71176.9 951.24685
3.49 261.07823 -16.267858 46559.879 -65893 4965.54 -70858.6 958.22363
3.5 260.88649 -536.70566 46839.746 -65977 4961.89 -70938.9 956.6292
3.51 272.25167 -49.613853 46575.83 -65816.8 5178.05 -70994.8 958.53326
3.52 275.63643 533.34115 46169.042 -65489.5 5242.43 -70731.9 952.11447
3.53 267.0003 -206.49129 46782.554 -65519.9 5078.17 -70598 963.77973
3.54 268.03318 -401.5278 46867.348 -65745.8 5097.82 -70843.6 963.06717
3.55 277.76534 496.8441 46480.216 -66044.1 5282.92 -71327 963.16248
3.56 254.22211 -487.17203 46849.484 -66440 4835.14 -71275.2 971.76573
3.57 266.66097 -445.01625 47055.772 -66141.4 5071.72 -71213.1 972.17213
3.58 260.74966 -138.87688 46584.51 -65903.2 4959.29 -70862.5 965.07498
3.59 267.36587 101.02387 46531.472 -66053.7 5085.13 -71138.8 965.6734
3.6 267.52721 553.43914 46355.061 -66186.5 5088.2 -71274.7 965.74245
3.61 273.06418 366.26001 46460.051 -65910.3 5193.51 -71103.8 968.52812
3.62 265.19907 361.98581 46326.408 -66311.1 5043.92 -71355 968.27874
3.63 265.72464 -151.76812 46614.236 -66260 5053.91 -71313.9 968.52079
3.64 266.19641 -17.128463 46663.649 -66103.5 5062.88 -71166.4 974.1892
3.65 271.69169 -636.62407 46903.335 -66078.8 5167.4 -71246.2 976.80679
3.66 266.23629 -478.24107 46988.628 -66344.2 5063.64 -71407.9 977.43522
3.67 261.65935 -208.79415 46795.23 -66403.3 4976.59 -71379.9 976.46156
3.68 266.16406 540.25409 46258.823 -66262.5 5062.27 -71324.8 969.20986
3.69 264.56261 323.30237 46633.942 -66297.7 5031.81 -71329.5 977.00795
3.7 259.8868 558.66134 46452.306 -66324 4942.88 -71266.8 976.84998
3.71 267.84607 317.45747 46502.288 -66378.5 5094.26 -71472.7 977.90957
3.72 260.55141 -371.97882 46884.107 -66039.9 4955.52 -70995.5 984.69638
3.73 271.19965 -476.23452 47014.598 -66201.2 5158.04 -71359.2 987.48036
3.74 268.26908 88.99551 46684.393 -66139.9 5102.31 -71242.2 983.085
3.75 266.3901 264.71555 46521.965 -66285 5066.57 -71351.5 984.16722
3.76 264.53361 -667.23721 46991.667 -66153.8 5031.26 -71185 990.74491
3.77 268.84163 -627.83705 46919.328 -65990.3 5113.19 -71103.5 988.97946
3.78 263.23975 164.82105 46557.638 -66217.5 5006.65 -71224.2 983.15357
3.79 276.84412 242.49301 46458.339 -65744.8 5265.4 -71010.2 984.66046
3.8 268.40633 -228.78169 46784.489 -66043.9 5104.92 -71148.8 990.64999
3.81 280.66752 -63.132723 46738.617 -65846.1 5338.12 -71184.2 992.0412
3.82 274.2612 -804.04377 46808.433 -65601.7 5216.27 -70818 996.34434
3.83 270.85662 336.12843 46145.018 -65731.3 5151.52 -70882.8 988.9003
3.84 270.31794 -550.34894 46821.146 -65651.5 5141.27 -70792.7 998.29093
3.85 267.74142 759.62019 46222.646 -65894.8 5092.27 -70987 987.2198
3.86 281.66793 163.85498 46558.627 -65225.4 5357.14 -70582.5 994.49589
3.87 262.21869 -4.1617845 46690.07 -65468.3 4987.23 -70455.5 997.36012
3.88 275.21066 519.09066 46366.85 -65533.6 5234.33 -70768 994.2118
3.89 271.81009 -275.56621 46663.739 -65813.5 5169.65 -70983.2 1002.2552
3.9 274.38998 -413.92115 46843.14 -65541.1 5218.72 -70759.8 1008.8069
3.91 275.75499 -489.07724 46717.952 -65922.4 5244.68 -71167 1012.6642
3.92 268.31417 -272.07382 46714.767 -66240.5 5103.16 -71343.7 1012.0322
3.93 274.88387 509.73694 46346.005 -65730.6 5228.11 -70958.7 1008.9305
3.94 274.27916 -325.05655 46561.109 -65613.8 5216.61 -70830.4 1017.7191
3.95 270.3749 -475.72849 46853.878 -65894.1 5142.36 -71036.5 1022.4413
3.96 268.72818 -224.60849 46703.72 -65565.9 5111.04 -70677 1028.1275
3.97 275.4724 -385.81131 46733.544 -65189.5 5239.31 -70428.8 1028.9739
3.98 268.62749 82.108501 46662.502 -65731.3 5109.12 -70840.4 1029.7868
3.99 271.87699 314.86269 46535.839 -65738.5 5170.93 -70909.4 1029.3789
4 260.01163 -291.65736 46775.035 -65819.4 4945.25 -70764.6 1034.6648
4.01 279.80901 -518.04859 46926.453 -65508.2 5321.79 -70830 1042.2131
4.02 271.14872 787.10014 46338.055 -65887.3 5157.07 -71044.4 1036.2765
4.03 264.31966 899.94538 46093.998 -66270.7 5027.19 -71297.9 1036.3424
4.04 264.0822 322.38023 46466.461 -66286.7 5022.67 -71309.4 1039.232
4.05 267.01375 -56.140437 46747.362 -65944.1 5078.43 -71022.5 1042.9957
4.06 268.41361 -36.716047 46685.886 -65877.6 5105.05 -70982.6 1043.7229
4.07 255.83812 515.9654 46232.17 -66183.7 4865.88 -71049.6 1038.851
4.08 265.99039 592.00419 46302.731 -65790.2 5058.97 -70849.2 1043.8318
4.09 274.21175 -24.824937 46463.947 -65688.5 5215.33 -70903.8 1048.2237
4.1 271.23561 335.25222 46612.409 -65888.6 5158.73 -71047.3 1052.8846
4.11 275.13518 -566.95044 46979.708 -65823.6 5232.89 -71056.5 1059.7806
4.12 277.54201 -638.75402 47166.066 -65901.2 5278.67 -71179.9 1069.04
4.13 265.21221 -787.8845 47081.199 -66166.1 5044.17 -71210.3 1069.0456
4.14 268.76945 -118.07977 46665.59 -66055.2 5111.82 -71167 1065.5503
4.15 274.92221 146.8376 46577.971 -66129.5 5228.84 -71358.3 1064.9724
4.16 269.77054 -166.26419 46657.698 -66472.8 5130.86 -71603.7 1066.7767
4.17 263.20785 -86.629488 46688.702 -66086.5 5006.04 -71092.6 1066.1291
4.18 260.31829 -397.28111 46881.813 -66258 4951.09 -71209.1 1074.0854
4.19 267.43717 -68.178615 46525.082 -65843.7 5086.48 -70930.2 1074.3836
4.2 264.09981 -682.69609 46979.712 -66103.4 5023.01 -71126.4 1079.2412
4.21 272.61198 260.33171 46525.313 -65977.1 5184.9 -71162 1077.0463
4.22 256.43928 96.222024 46452.942 -66126.6 4877.31 -71003.9 1077.6841
4.23 271.32726 218.92446 46506.061 -65963.4 5160.47 -71123.9 1079.7987
4.24 268.47931 196.61913 46424.889 -66202.7 5106.3 -71309 1079.1005
4.25 276.72184 493.46322 46297.594 -65991.2 5263.07 -71254.3 1078.6125
4.26 264.98873 290.9672 46394.924 -66233.2 5039.92 -71273.1 1085.4662
4.27 277.37085 609.92427 46341.05 -65878.4 5275.42 -71153.8 1085.8975
4.28 270.07267 534.01773 46368.312 -66223.5 5136.61 -71360.1 1087.1412
4.29 271.34794 190.43671 46429.428 -66142.3 5160.86 -71303.2 1086.5823
4.3 266.18105 187.18473 46450.46 -66304.9 5062.59 -71367.5 1086.7756
4.31 270.7183 88.080822 46510.926 -66069.3 5148.89 -71218.2 1091.0426
4.32 274.1447 545.73718 46310.496 -65678.2 5214.06 -70892.2 1087.0411
4.33 271.85656 469.78105 46303.55 -66055.3 5170.54 -71225.8 1090.4822
4.34 271.63221 142.46492 46607.434 -66166.9 5166.27 -71333.1 1100.945
4.35 265.22558 -272.4407 46787.824 -66488.8 5044.42 -71533.2 1105.402
4.36 269.18174 412.38685 46323.805 -66360.7 5119.66 -71480.3 1101.971
4.37 269.91803 253.32923 46405.454 -66019.3 5133.67 -71153 1103.992
4.38 263.41531 260.46631 46380.172 -66266.7 5009.99 -71276.7 1100.4792
4.39 269.48679 -403.73894 46623.136 -65994.9 5125.47 -71120.4 1104.5358
4.4 268.97288 87.716655 46528.786 -66229.8 5115.69 -71345.5 1105.2343
4.41 265.73974 358.98819 46369.979 -65984.6 5054.2 -71038.8 1105.5855
4.42 269.19633 74.162407 46523.539 -65585.8 5119.94 -70705.7 1110.5716
4.43 265.82045 -2.542002 46657.376 -65632.4 5055.73 -70688.1 1116.1566
4.44 260.74418 588.37033 46223.045 -65881.3 4959.19 -70840.5 1113.1921
4.45 275.66266 129.24128 46435.931 -65694.5 5242.93 -70937.4 1114.6098
4.46 276.08951 78.433549 46461.905 -65672.3 5251.04 -70923.4 1118.3973
4.47 266.98257 371.14375 46474.407 -66120 5077.84 -71197.8 1117.0919
4.48 272.28745 403.93151 46312.18 -65632.8 5178.73 -70811.5 1119.8597
4.49 261.62329 -220.84814 46485.016 -65827.2 4975.91 -70803.1 1120.0526
4.5 271.46778 -372.81528 46669.35 -65671.1 5163.14 -70834.3 1127.3599
4.51 262.53511 -473.61134 46918.87 -65601.8 4993.25 -70595 1131.31
4.52 261.61695 -28.189433 46573.562 -65582.7 4975.79 -70558.5 1127.0823
4.53 267.81907 -283.1552 46704.715 -65560.4 5093.75 -70654.1 1130.9258
4.54 278.82808 -81.386227 46698.873 -65202.7 5303.13 -70505.9 1129.5461
4.55 270.20419 -229.74182 46595.779 -65455.8 5139.11 -70594.9 1131.4807
4.56 265.47359 472.2377 46342.846 -65306.9 5049.14 -70356.1 1130.5947
4.57 264.25031 -407.86753 46929.004 -65056.5 5025.87 -70082.3 1142.8365
4.58 274.75854 113.83189 46476.82 -64998 5225.73 -70223.7 1144.2006
4.59 271.34864 201.55671 46471.894 -65227.4 5160.88 -70388.3 1151.7513
4.6 265.43753 558.92554 46129.922 -65454.6 5048.45 -70503.1 1147.2964
4.61 279.00148 -443.01728 46859.253 -65066.6 5306.43 -70373 1167.3648
4.62 259.70208 485.09233 46291.21 -65448.3 4939.37 -70387.6 1161.4126
4.63 262.99426 -379.48141 46687.72 -65331.1 5001.98 -70333 1170.6196
4.64 260.29639 301.92002 46370.698 -65414.6 4950.67 -70365.2 1168.2464
4.65 270.25672 801.64383 45943.402 -65030.6 5140.11 -70170.7 1159.6288
4.66 264.8184 -13.98944 46548.23 -65208.3 5036.68 -70245 1168.9661
4.67 270.58803 692.36401 46243.117 -65158.6 5146.41 -70305 1168.8975
4.68 269.23163 359.10104 46210.118 -65214.6 5120.61 -70335.2 1167.4083
4.69 270.94654 811.71618 46249.086 -65420.5 5153.23 -70573.7 1172.9694
4.7 271.28301 -466.97927 46797.886 -65709.6 5159.63 -70869.2 1183.5562
4.71 277.02634 725.73113 46314.018 -65378.5 5268.86 -70647.4 1178.4569
4.72 276.03202 225.34554 46548.387 -65813.9 5249.95 -71063.9 1186.7454
4.73 278.21891 -593.0472 46923.686 -65309.7 5291.54 -70601.2 1198.0372
4.74 269.93326 635.43754 46172.769 -65691.2 5133.96 -70825.2 1187.8441
4.75 267.10286 547.46722 46471.782 -66079.9 5080.12 -71160 1194.9608
4.76 259.77331 232.24657 46476.79 -66137.7 4940.72 -71078.4 1200.179
4.77 267.20118 809.20227 46134.217 -65794.3 5081.99 -70876.3 1194.5779
4.78 277.47747 265.159 46603.574 -65808.4 5277.44 -71085.8 1205.5847
4.79 268.72606 -607.41448 46728.714 -65372.4 5111 -70483.4 1210.772
4.8 262.3033 -595.18111 46811.312 -65546.5 4988.84 -70535.4 1214.3585
4.81 275.81563 550.59714 46098.309 -65252.9 5245.84 -70498.8 1208.8985
4.82 275.59597 -667.63857 46852.991 -65346.5 5241.66 -70588.2 1226.8659
4.83 265.19259 -34.097626 46366.733 -65149.4 5043.79 -70193.2 1227.8626
4.84 270.37537 554.33762 46604.877 -65506 5142.37 -70648.3 1234.2217
4.85 270.33983 -37.386812 46540.773 -65358.1 5141.69 -70499.8 1235.9413
4.86 278.56651 375.12146 46264.476 -65645.8 5298.16 -70944 1236.8509
4.87 270.26911 460.68805 46472.368 -65743 5140.34 -70883.3 1244.4753
4.88 271.82326 119.67324 46617.644 -65632.5 5169.9 -70802.4 1248.9183
4.89 275.48155 -115.95155 46629.429 -65405.9 5239.48 -70645.4 1251.5704
4.9 272.19446 514.0343 46298.764 -65740.4 5176.96 -70917.4 1241.5131
4.91 269.04135 -417.90179 47003.04 -66086 5116.99 -71203 1258.0519
4.92 267.94106 -577.39648 47031.371 -66135.8 5096.07 -71231.9 1258.3854
4.93 271.72904 -171.91317 46658.616 -66283.7 5168.11 -71451.8 1250.4743
4.94 273.49194 124.29541 46590.068 -65927.2 5201.64 -71128.9 1253.1372
4.95 262.55343 -516.1984 46873.097 -66328.7 4993.6 -71322.3 1257.1605
4.96 261.84644 -47.889569 46600.088 -66344.7 4980.15 -71324.8 1254.6197
4.97 257.70597 168.44273 46465.769 -66457.2 4901.4 -71358.6 1251.8068
4.98 269.73798 633.2922 46356.145 -66287.1 5130.24 -71417.4 1255.2854
4.99 269.07201 736.86773 46286.059 -65793.8 5117.58 -70911.3 1255.4665
5 268.21529 -77.975523 46589.204 -65805.1 5101.28 -70906.4 1262.901
5.01 266.45384 -555.32875 47025.991 -66029.1 5067.78 -71096.9 1277.5868
5.02 271.75014 -471.36176 46890.426 -65832.2 5168.51 -71000.7 1279.1928
5.03 263.25375 -562.63969 46970.096 -66030.5 5006.92 -71037.4 1284.5417
5.04 273.66411 108.62658 46519.151 -65750.5 5204.92 -70955.5 1277.9175
5.05 276.3024 313.03037 46345.358 -65563 5255.09 -70818.1 1276.522
5.06 267.65461 -291.60801 46764.448 -65909.4 5090.62 -71000 1286.8109
5.07 273.91544 -794.63301 47094.157 -65562.4 5209.7 -70772.1 1291.3449
5.08 267.11585 323.37089 46450.768 -66063.2 5080.37 -71143.6 1281.2204
5.09 261.71018 649.1837 46206.679 -66040.5 4977.56 -71018 1279.7126
5.1 261.5149 -626.64216 46900.058 -66364 4973.85 -71337.8 1292.5073
5.11 260.87985 -12.199847 46551.331 -66430 4961.77 -71391.8 1286.5919
5.12 273.49904 170.06141 46505.272 -66220.4 5201.78 -71422.2 1287.9173
5.13 262.22045 -289.28128 46681.652 -66533.2 4987.26 -71520.5 1291.8976
5.14 272.27829 -650.97371 47101.659 -66009 5178.56 -71187.6 1300.1904
5.15 272.67347 -115.80344 46903.006 -66100.1 5186.07 -71286.2 1298.6783
5.16 268.85194 -496.41555 47080.262 -66478.2 5113.39 -71591.6 1301.5436
5.17 269.5646 -144.68821 46769.82 -66155 5126.95 -71281.9 1296.3665
5.18 266.22796 554.4027 46224.656 -66129 5063.48 -71192.4 1286.9724
5.19 265.18598 271.18756 46453.239 -66069.7 5043.67 -71113.4 1293.4531
5.2 268.10257 3.174772 46658.943 -66288.5 5099.14 -71387.6 1297.7249
5.21 267.13217 416.37255 46524.613 -66161.4 5080.68 -71242.1 1293.5567
5.22 267.00863 -344.15255 46899.756 -66272.4 5078.33 -71350.8 1296.1308
5.23 273.65497 90.045675 46720.834 -65837.6 5204.74 -71042.4 1301.4803
5.24 256.04524 -369.09 46975.554 -66342.6 4869.82 -71212.4 1305.584
5.25 269.35706 12.225881 46420.501 -65949.6 5123 -71072.6 1298.6582
5.26 275.03797 640.13407 46262.973 -66102.8 5231.05 -71333.8 1291.8263
5.27 281.77093 481.59398 46270.347 -65879 5359.1 -71238.1 1293.1481
5.28 270.80383 -58.918735 46668.903 -66157.6 5150.51 -71308.2 1300.7
5.29 265.24247 -495.51521 46849.214 -66247.9 5044.74 -71292.6 1306.5688
5.3 262.38269 -104.27766 46772.123 -66064.5 4990.35 -71054.9 1306.609
5.31 270.80294 755.94986 46310.862 -65711.8 5150.5 -70862.3 1302.0939
5.32 265.41712 174.17229 46553.797 -65825.4 5048.06 -70873.5 1308.7581
5.33 260.22843 -784.61476 46958.267 -66162 4949.38 -71111.3 1321.1115
5.34 263.89989 459.82145 46423.979 -66218.8 5019.21 -71238 1314.0598
5.35 272.65504 91.910619 46476.366 -66071.1 5185.72 -71256.8 1315.2407
5.36 269.80907 -86.594383 46639.58 -66047.6 5131.59 -71179.2 1322.6028
5.37 255.46052 304.74156 46326.714 -65907.2 4858.69 -70765.9 1320.9276
5.38 263.96662 160.67645 46604.528 -66044.2 5020.48 -71064.7 1329.0225
5.39 272.95197 26.312001 46346.09 -65753.4 5191.37 -70944.7 1322.0781
5.4 265.7491 126.01171 46398.409 -65634.6 5054.38 -70689 1331.2651
5.41 269.57023 242.06639 46456.329 -65974.6 5127.05 -71101.7 1331.026
5.42 275.05455 -592.59291 46913.402 -65626.9 5231.36 -70858.2 1341.6831
5.43 269.93565 480.12559 46377.937 -65640.6 5134 -70774.6 1333.5206
5.44 267.07859 -275.30522 46754.141 -66244.1 5079.66 -71323.8 1344.4075
5.45 265.10398 -621.05014 47065.43 -65790 5042.11 -70832.1 1350.3904
5.46 269.26437 -748.61593 47073.243 -66058.6 5121.24 -71179.8 1353.8811
5.47 252.72252 -419.07004 46795.348 -66018.6 4806.62 -70825.2 1353.8826
5.48 263.52065 354.39867 46346.988 -66341.5 5011.99 -71353.5 1346.7637
5.49 275.78152 7.049928 46600.732 -65909.6 5245.19 -71154.8 1352.154
5.5 260.91231 322.1233 46380.592 -66187.9 4962.38 -71150.2 1349.6512
5.51 266.06872 -101.00032 46688.117 -66191 5060.46 -71251.4 1361.7509
5.52 273.83012 -376.62242 46911.062 -65673.3 5208.07 -70881.3 1367.2392
5.53 275.76322 792.16572 46246.806 -65774.7 5244.84 -71019.5 1358.1875
5.54 272.27811 -194.53989 46507.409 -65928.4 5178.55 -71106.9 1361.8421
5.55 272.36517 123.42001 46540.923 -65761.1 5180.21 -70941.3 1362.8922
5.56 269.69902 -490.74222 46939.562 -65889.1 5129.5 -71018.6 1370.8705
5.57 260.96926 37.020339 46656.161 -66009.1 4963.47 -70972.5 1362.8015
5.58 274.43148 67.167942 46475.484 -65739.7 5219.51 -70959.2 1359.9673
5.59 272.45449 281.75486 46556.868 -66121.9 5181.91 -71303.8 1363.3317
5.6 257.30252 173.2697 46367.162 -66414 4893.73 -71307.7 1361.5819
5.61 273.76291 -172.016 46790.682 -66047.4 5206.79 -71254.2 1365.1793
5.62 269.84551 495.45616 46219.052 -65947.2 5132.29 -71079.5 1359.8777
5.63 267.29452 -234.82942 46739.732 -66214.9 5083.77 -71298.6 1373.4057
5.64 270.83569 710.29437 46368.65 -66085.7 5151.12 -71236.8 1370.0103
5.65 268.40883 415.45024 46331.281 -66265.9 5104.96 -71370.9 1367.6905
5.66 268.9751 -9.9963311 46724.805 -66309.5 5115.73 -71425.2 1377.387
5.67 264.4475 -213.57381 46830.015 -66189.2 5029.62 -71218.9 1381.919
5.68 272.08822 210.44375 46501.243 -66355 5174.94 -71529.9 1375.513
5.69 274.99043 -476.62932 46761.667 -66026.7 5230.14 -71256.8 1381.2343
5.7 263.13993 91.391206 46546.469 -66563.2 5004.75 -71568 1381.3561
5.71 276.81089 -232.17462 46575.934 -66138.5 5264.77 -71403.3 1381.9455
5.72 267.0456 -91.364639 46690.678 -66405.4 5079.04 -71484.4 1387.1255
5.73 269.75264 -1007.125 46951.906 -66212.2 5130.52 -71342.7 1389.4302
5.74 272.00714 -325.38168 46873.414 -66351.6 5173.4 -71525 1387.3647
5.75 273.79874 455.36495 46304.837 -65882.3 5207.48 -71089.7 1377.1955
5.76 272.09849 249.67994 46549.25 -66224.4 5175.14 -71399.5 1382.8576
5.77 272.26249 -298.41422 46893.514 -66331.4 5178.26 -71509.7 1388.5622
5.78 264.90522 -320.91433 46852.545 -66619.1 5038.33 -71657.4 1388.7418
5.79 271.4251 285.43229 46395.691 -66397.5 5162.33 -71559.9 1381.5045
5.8 261.19842 270.89052 46677.465 -66442.2 4967.83 -71410 1390.1234
5.81 275.98055 -223.31391 46724.144 -66112.5 5248.97 -71361.4 1394.0878
5.82 264.78375 64.442682 46533.645 -66298.3 5036.02 -71334.3 1390.2514
5.83 264.38615 -385.11585 46923.865 -66241.6 5028.45 -71270.1 1399.2538
5.84 270.88541 483.92206 46421.997 -65796.4 5152.07 -70948.4 1389.6543
5.85 265.28381 -143.26755 46613.922 -65979.6 5045.53 -71025.1 1392.5527
5.86 276.54468 -136.4021 46633.23 -65829.1 5259.7 -71088.8 1397.7607
5.87 273.79237 -119.66832 46864.753 -66031.2 5207.35 -71238.6 1406.1895
5.88 264.7119 -160.45467 46709.01 -66246.5 5034.65 -71281.2 1404.2677
5.89 278.61933 136.71455 46614.088 -66200.1 5299.16 -71499.2 1402.0919
5.9 261.77714 -179.26473 46627.355 -66306.8 4978.83 -71285.6 1401.918
5.91 267.54447 -862.53624 47030.988 -66124 5088.52 -71212.6 1412.0228
5.92 273.79833 -80.591979 46874.366 -66198 5207.47 -71405.5 1410.0448
5.93 260.8989 256.36516 46481.885 -66588.5 4962.13 -71550.6 1407.1543
5.94 275.549 -4.4260144 46603.46 -66003.9 5240.76 -71244.6 1412.0805
5.95 266.94883 -517.96171 46854.467 -66265 5077.19 -71342.2 1421.022
5.96 267.95786 480.40002 46298.915 -66131.5 5096.39 -71227.9 1414.4038
5.97 271.07537 -10.351946 46657.851 -66127.4 5155.68 -71283.1 1423.3087
5.98 275.39444 -44.528221 46578.322 -66154.4 5237.82 -71392.3 1422.8736
5.99 276.0546 476.55239 46284.407 -66098.3 5250.38 -71348.7 1413.4325
6 260.37974 -462.21752 46830.967 -66184.8 4952.26 -71137 1426.9158
6.01 275.45063 -145.21481 46623.34 -65966.4 5238.89 -71205.3 1425.6354
6.02 275.28902 -3.1357619 46642.187 -66274.7 5235.82 -71510.5 1431.6422
6.03 265.20812 166.16216 46657.466 -66096.1 5044.09 -71140.2 1431.5144
6.04 259.90641 55.002116 46656.295 -66382.6 4943.25 -71325.9 1433.3251
6.05 267.93502 174.31964 46630.475 -65851.9 5095.95 -70947.8 1431.8629
6.06 265.68606 143.17818 46492.958 -66281.6 5053.18 -71334.7 1428.6273
6.07 272.86297 429.04318 46279.262 -66038.4 5189.68 -71228.1 1427.8651
6.08 269.19177 -184.39012 46752.367 -65864.9 5119.85 -70984.8 1441.0109
6.09 269.3223 -160.34394 46654.542 -65842.2 5122.34 -70964.6 1442.8779
6.1 269.45564 0.13834597 46584.411 -65979.3 5124.87 -71104.2 1445.5107
6.11 267.48798 223.83659 46562.561 -65899.3 5087.45 -70986.7 1446.1661
6.12 274.98558 2.5492317 46687.427 -66061.6 5230.05 -71291.7 1450.9935
6.13 261.67428 221.25229 46443.847 -66310.5 4976.88 -71287.4 1447.7769
6.14 277.76311 -221.83078 46719.165 -65757 5282.88 -71039.9 1454.729
6.15 266.48277 -140.7333 46837.534 -66005.9 5068.33 -71074.2 1459.1529
6.16 275.68906 -658.70096 46878.86 -65931.4 5243.43 -71174.9 1462.2575
6.17 264.82383 490.04722 46469.556 -66144.6 5036.78 -71181.4 1453.9753
6.18 273.92841 220.61017 46478.984 -65771.1 5209.94 -70981 1451.0363
6.19 264.93671 582.01968 46321.249 -66004.3 5038.93 -71043.2 1452.9479
6.2 272.57347 -296.81744 46766.089 -65667.1 5184.17 -70851.2 1463.727
6.21 271.28085 684.38384 46260.483 -66029.9 5159.59 -71189.5 1455.7373
6.22 265.90724 -63.560499 46491.332 -66007.3 5057.38 -71064.7 1459.2408
6.23 267.60271 -50.753418 46546.529 -65669.4 5089.63 -70759 1464.7499
6.24 276.46221 -121.31459 46624.925 -65497.5 5258.13 -70755.7 1465.3937
6.25 267.19675 408.10955 46589.866 -65854.4 5081.91 -70936.4 1466.8281
6.26 274.34152 -865.85459 47150.834 -65554.6 5217.8 -70772.4 1478.792
6.27 267.91939 -505.00632 46968.074 -65833.5 5095.65 -70929.2 1474.2301
6.28 271.29548 238.81639 46317.802 -65506 5159.87 -70665.9 1464.6578
6.29 269.83773 -140.13199 46671.142 -65625.2 5132.14 -70757.4 1475.7696
6.3 272.67598 8.8065352 46612.938 -65414.1 5186.12 -70600.2 1480.0045
6.31 265.84989 -636.70988 46546.911 -65396.1 5056.29 -70452.4 1482.5598
6.32 274.07366 342.14744 46418.621 -65348.2 5212.7 -70560.9 1485.0727
6.33 277.27311 -515.43482 46790.356 -65368.7 5273.56 -70642.3 1489.9851
6.34 267.47376 317.02957 46306.813 -65500.4 5087.18 -70587.5 1475.9848
6.35 264.44279 -272.82901 46636.162 -65257 5029.53 -70286.5 1484.4689
6.36 275.28922 101.53675 46320.954 -64909.1 5235.82 -70144.9 1482.2309
6.37 268.55733 353.84039 46451.303 -65028.4 5107.79 -70136.2 1492.577
6.38 266.87458 637.12897 46110.735 -65031.1 5075.78 -70106.9 1493.6412
6.39 273.12912 17.529293 46501.192 -64693.7 5194.74 -69888.4 1500.715
6.4 261.74609 290.28865 46519.426 -65162.2 4978.24 -70140.4 1503.8992
6.41 272.14612 82.220631 46511.954 -64812.1 5176.04 -69988.1 1508.4114
6.42 272.65604 -95.268967 46578.06 -64548.5 5185.74 -69734.2 1509.7804
6.43 265.80374 -360.68812 46865.365 -64782.7 5055.42 -69838.1 1519.4749
6.44 278.05408 372.23428 46108.15 -64561.6 5288.41 -69850 1506.6132
6.45 274.58185 -272.31688 46813.036 -64725 5222.37 -69947.4 1533.6886
6.46 264.07159 -155.50341 46648.681 -65062.3 5022.47 -70084.8 1542.9752
6.47 265.49147 -253.7326 46462.035 -64698.7 5049.48 -69748.2 1539.742
6.48 274.13233 9.300623 46481.486 -64387.7 5213.82 -69601.5 1541.2802
6.49 264.50372 -145.96885 46474.371 -64733.2 5030.69 -69763.9 1541.2631
6.5 259.88513 -369.78375 46545.717 -65073.9 4942.85 -70016.7 1552.0354
6.51 279.77679 -667.97413 46807.502 -64751.7 5321.17 -70072.9 1559.5543
6.52 260.99484 602.69846 46273.777 -65072 4963.95 -70035.9 1551.0908
6.53 272.22331 -71.665879 46403.451 -64551.7 5177.51 -69729.2 1553.2104
6.54 269.34622 -36.805062 46295.113 -64560 5122.79 -69682.8 1549.6393
6.55 271.4304 -321.38555 46662.909 -64388.1 5162.43 -69550.6 1561.9378
6.56 268.33257 662.17133 45926.767 -64765.4 5103.51 -69868.9 1547.8072
6.57 261.62586 357.37533 46254.171 -64573.5 4975.96 -69549.5 1557.3619
6.58 271.04905 -508.21936 46874.097 -64665.3 5155.18 -69820.5 1575.8945
6.59 274.19047 132.07256 46342.966 -64639.4 5214.93 -69854.3 1572.9093
6.6 263.80637 -568.28726 46682.972 -64899.2 5017.43 -69916.6 1577.5544
6.61 264.85753 162.04406 46273.579 -65157 5037.42 -70194.4 1571.52
6.62 271.40811 -544.75814 46666.675 -64890 5162.01 -70052 1583.9383
6.63 264.88012 148.15729 46349.474 -65101 5037.85 -70138.8 1586.3392
6.64 266.39311 340.20571 46216.357 -65187.1 5066.63 -70253.7 1579.037
6.65 263.39204 343.68189 46102.793 -65312.8 5009.55 -70322.3 1575.1878
6.66 275.24374 37.468556 46492.351 -64980 5234.96 -70214.9 1590.6214
6.67 275.66827 68.901374 46459.987 -65178.2 5243.03 -70421.2 1594.4219
6.68 263.45034 139.677 46423.968 -65431.7 5010.66 -70442.3 1595.9997
6.69 268.12405 153.81871 46472.133 -65393 5099.55 -70492.6 1604.2697
6.7 278.52316 -357.21127 46669.049 -65068.1 5297.33 -70365.4 1615.8246
6.71 266.05732 416.1363 46208.124 -65393.7 5060.24 -70453.9 1609.7609
6.72 268.91688 17.743129 46343.993 -64906.7 5114.63 -70021.4 1617.5148
6.73 263.66694 531.37534 46294.709 -65166.7 5014.78 -70181.5 1618.5051
6.74 279.80756 142.63127 46435.524 -64815.6 5321.76 -70137.4 1627.1648
6.75 263.21918 -163.58183 46691.502 -64993.4 5006.26 -69999.7 1641.1162
6.76 269.11935 778.69508 46183.374 -64620 5118.48 -69738.5 1631.6085
6.77 264.30486 519.83936 46153.26 -64799.4 5026.91 -69826.3 1638.2158
6.78 275.31258 -173.16976 46482.68 -65339.2 5236.27 -70575.4 1643.1437
6.79 271.84829 -49.681382 46423.735 -65179.5 5170.38 -70349.9 1641.4363
6.8 274.81183 120.4523 46466.275 -65262.9 5226.74 -70489.7 1645.7316
6.81 269.00938 889.99987 46047.582 -65256.5 5116.39 -70372.9 1631.9687
6.82 258.64782 -367.95638 46553.239 -65998.1 4919.31 -70917.4 1648.1274
6.83 274.26163 -153.86356 46551.649 -65664.5 5216.28 -70880.8 1642.825
6.84 267.97194 439.55561 46298.234 -65793.7 5096.65 -70890.3 1640.0631
6.85 267.3322 -257.88325 46699.879 -65978.9 5084.49 -71063.4 1645.7315
6.86 271.73364 -161.96711 46743.152 -66227.3 5168.2 -71395.5 1650.8507
6.87 264.00661 263.4643 46396.443 -66062.3 5021.24 -71083.5 1650.0073
6.88 271.91129 206.87588 46500.399 -66361 5171.58 -71532.6 1655.1055
6.89 267.92055 385.32871 46419.573 -66156.4 5095.68 -71252.1 1652.4506
6.9 274.0697 -580.51062 46812.51 -65754.4 5212.63 -70967.1 1664.0005
6.91 271.2487 -340.57379 46823.36 -65959.6 5158.98 -71118.6 1670.3019
6.92 267.41491 -536.63035 46938.911 -65704.3 5086.06 -70790.3 1677.9384
6.93 266.54511 27.164728 46540.784 -65734.4 5069.52 -70803.9 1669.5996
6.94 268.05972 676.04416 46205.332 -65624.1 5098.32 -70722.4 1666.0346
6.95 272.48873 202.82938 46413.324 -65999.2 5182.56 -71181.8 1677.5421
6.96 268.32065 -621.50618 46919.3 -65502.4 5103.29 -70605.7 1687.0884
6.97 266.15857 -250.62269 46641.045 -65893.9 5062.16 -70956.1 1681.459
6.98 262.70043 -97.4775 46475.1 -66178.7 4996.39 -71175.1 1682.2866
6.99 269.63871 -45.441738 46692.554 -65958.8 5128.35 -71087.2 1687.6258
7 268.43208 166.8418 46508.9 -66131.7 5105.41 -71237.2 1687.5587
7.01 274.8838 208.20659 46470.147 -65856.8 5228.11 -71084.9 1681.2571
7.02 269.93043 -312.46013 46793.096 -65560.3 5133.9 -70694.2 1686.9554
7.03 268.85247 50.867204 46640.048 -65620.2 5113.4 -70733.6 1681.2199
7.04 263.91418 76.269489 46716.116 -66005.5 5019.48 -71025 1681.1669
7.05 266.33099 -864.99625 46908.857 -66050.5 5065.44 -71115.9 1688.0935
7.06 259.96064 13.367429 46836.423 -66218.1 4944.28 -71162.4 1690.0693
7.07 276.1939 -446.09788 46907.719 -65802.1 5253.03 -71055.1 1689.401
7.08 272.4498 -351.22637 47038.018 -66069.7 5181.82 -71251.5 1694.3946
7.09 273.51591 514.34502 46507.062 -66139.9 5202.1 -71342 1689.081
7.1 275.95318 615.31903 46268.266 -65931.7 5248.45 -71180.1 1684.3037
7.11 273.58812 182.32893 46648.504 -66190.7 5203.47 -71394.2 1699.5648
7.12 264.88318 229.81553 46494.333 -66710 5037.91 -71747.9 1693.5479
7.13 278.61416 64.687249 46625.257 -66268.4 5299.06 -71567.4 1696.6736
7.14 282.99069 540.5605 46365.973 -66117.7 5382.3 -71500 1690.6584
7.15 264.57695 113.33537 46447.313 -66388.1 5032.08 -71420.2 1690.6619
7.16 277.66342 191.78492 46575.55 -66144.8 5280.98 -71425.8 1698.8666
7.17 272.93075 -65.77297 46784.698 -66297.1 5190.97 -71488.1 1706.1883
7.18 274.20411 79.020344 46608.222 -66019.6 5215.19 -71234.8 1703.7001
7.19 260.84922 639.95224 46439.136 -66269.6 4961.18 -71230.8 1701.5356
7.2 264.88741 298.08263 46613.565 -66353 5037.99 -71391 1706.2404
7.21 264.04436 292.15542 46533.538 -66184.6 5021.95 -71206.6 1700.7212
7.22 271.88228 862.19889 46197.14 -66305.4 5171.03 -71476.4 1695.0784
7.23 270.45823 -282.74249 46815.216 -66141.5 5143.94 -71285.4 1709.5371
7.24 263.45618 -704.42194 47003.58 -66085.6 5010.77 -71096.4 1713.3376
7.25 269.72988 367.59029 46273.548 -65760.5 5130.09 -70890.6 1700.7505
7.26 273.47572 -486.601 46957.788 -65773.4 5201.33 -70974.7 1709.6012
7.27 264.46683 36.0657 46458.404 -66154.5 5029.99 -71184.5 1702.1137
7.28 270.25892 -135.84526 46708.887 -66006.5 5140.15 -71146.6 1712.2091
7.29 266.87537 -572.63333 46923.992 -66166 5075.8 -71241.8 1721.9128
7.3 266.48574 -606.75102 46844.511 -65840.2 5068.39 -70908.6 1719.0082
7.31 262.94854 868.48624 46242.913 -66030.1 5001.11 -71031.2 1706.8649
7.32 274.01407 -304.58763 46767.686 -65790.4 5211.57 -71002 1717.7324
7.33 266.6552 22.07992 46698.452 -65775.9 5071.61 -70847.5 1718.9104
7.34 271.07907 -76.779098 46813.783 -65514.2 5155.75 -70669.9 1725.2874
7.35 262.7509 -948.83632 47032.678 -65836.1 4997.35 -70833.5 1732.1932
7.36 274.94079 215.72159 46512.781 -65597.6 5229.2 -70826.8 1722.0825
7.37 271.52284 638.31267 46239.822 -65397.4 5164.19 -70561.6 1715.5849
7.38 259.36629 570.66862 46339.37 -65898.8 4932.98 -70831.8 1717.3281
7.39 275.82404 70.144311 46463.189 -65374.7 5246 -70620.7 1723.633
7.4 265.38586 -477.49028 46830.131 -65737.5 5047.47 -70785 1730.7307
7.41 266.32431 278.33725 46325.497 -66018.1 5065.32 -71083.4 1721.0531
7.42 271.84708 -158.9569 46674.027 -65514.1 5170.36 -70684.5 1731.3725
7.43 276.69543 -354.31019 46738.934 -65785.7 5262.57 -71048.3 1735.5562
7.44 276.99018 345.96979 46563.05 -65308.6 5268.17 -70576.8 1739.0143
7.45 268.53707 -53.251907 46688.732 -65724.8 5107.4 -70832.2 1742.689
7.46 261.3493 -835.84201 47086.73 -66050.9 4970.7 -71021.6 1747.9129
7.47 273.42759 -333.09493 46810.682 -65680.9 5200.42 -70881.3 1744.1791
7.48 276.62542 3.5189107 46614.572 -65880.6 5261.24 -71141.8 1745.4278
7.49 267.94474 851.72516 46046.69 -65724.7 5096.14 -70820.8 1738.3496
7.5 273.64495 -117.04315 46759.33 -66169.6 5204.55 -71374.2 1754.6465
7.51 273.58489 -187.80744 46790.365 -65971.8 5203.41 -71175.2 1758.8601
7.52 259.13577 -246.35545 46736.26 -66393 4928.6 -71321.6 1758.1781
7.53 267.8782 51.756866 46475.945 -66008.3 5094.87 -71103.2 1751.6411
7.54 278.49471 164.07806 46589.783 -65971.6 5296.79 -71268.4 1751.5764
7.55 273.13144 27.874032 46472.329 -66340.2 5194.78 -71535 1749.0161
7.56 274.33652 661.86921 46373.468 -66115.8 5217.7 -71333.5 1749.8248
7.57 272.70882 -175.26554 46827.032 -65963.8 5186.75 -71150.5 1759.8007
7.58 266.09135 408.60756 46409.525 -66083.9 5060.89 -71144.8 1751.6758
7.59 264.61147 46.508773 46594.625 -66476.2 5032.74 -71508.9 1758.3576
7.6 265.81434 494.55222 46348.441 -66170.9 5055.62 -71226.5 1755.3859
7.61 273.03835 827.58314 46230.824 -66283.8 5193.01 -71476.8 1753.386
7.62 268.54919 93.703682 46539.64 -66049.3 5107.63 -71156.9 1766.7256
7.63 277.39348 -217.31865 46807.757 -65968.7 5275.85 -71244.6 1772.1819
7.64 267.42858 -625.18068 46976.881 -65690.2 5086.32 -70776.5 1778.547
7.65 261.78897 140.70747 46470.079 -66313.8 4979.06 -71292.9 1764.0444
7.66 275.85485 111.98065 46629.281 -65990.6 5246.58 -71237.2 1773.0535
7.67 267.15533 22.4105 46382.238 -66116.8 5081.12 -71198 1769.4574
7.68 271.4593 -636.20335 46930.01 -66038.5 5162.98 -71201.5 1786.1945
7.69 269.00413 -724.54141 47076.424 -66212.6 5116.29 -71328.9 1792.3522
7.7 277.2458 -770.42656 47063.377 -65579.8 5273.04 -70852.8 1793.6038
7.71 273.10238 359.25676 46496.617 -65968.5 5194.23 -71162.7 1781.5024
7.72 266.71336 422.22772 46375.515 -65802.2 5072.72 -70874.9 1781.4923
7.73 267.53179 -194.17682 46563.719 -65773.2 5088.28 -70861.5 1787.1731
7.74 273.22248 -3.8891125 46580.462 -65559.7 5196.52 -70756.2 1789.6563
7.75 277.10431 91.223805 46630.332 -65902.2 5270.35 -71172.5 1793.2332
7.76 266.84729 131.1937 46454.6 -65792.9 5075.26 -70868.1 1793.5389
7.77 265.8241 526.32588 46313.342 -66053.9 5055.8 -71109.7 1791.1123
7.78 277.57523 20.292865 46820.815 -65827.2 5279.3 -71106.5 1803.1503
7.79 267.69314 -741.1674 47015.862 -65786.9 5091.35 -70878.3 1812.54
7.8 263.48272 196.40754 46447.685 -65469.8 5011.27 -70481.1 1802.3722
7.81 270.88529 421.70508 46366.962 -65870.5 5152.06 -71022.6 1799.1472
7.82 279.0259 254.20901 46564.15 -65585.5 5306.89 -70892.4 1810.189
7.83 268.18228 -368.65042 46853.617 -65545.5 5100.65 -70646.1 1815.6181
7.84 267.74592 189.05938 46315.382 -65651.2 5092.36 -70743.6 1804.952
7.85 277.89572 -120.11515 46577.72 -65617.5 5285.4 -70902.9 1813.2407
7.86 267.44465 315.26913 46454.915 -65769.4 5086.63 -70856 1815.421
7.87 262.01635 -521.33908 46760.562 -65854.3 4983.38 -70837.7 1826.5916
7.88 270.76973 359.88032 46395.429 -65433.6 5149.87 -70583.4 1817.3212
7.89 264.79972 -647.9032 47083.31 -65844.2 5036.32 -70880.5 1836.771
7.9 276.81406 -76.746905 46616.94 -65560.8 5264.83 -70825.6 1830.202
7.91 266.48842 -360.62102 46863.856 -65685.8 5068.44 -70754.3 1838.4546
7.92 264.92017 166.80896 46519.395 -66091.1 5038.61 -71129.7 1833.5924
7.93 277.38568 13.140517 46453.607 -65605.5 5275.7 -70881.1 1833.6141
7.94 267.81881 732.48462 46203.999 -66049.4 5093.74 -71143.1 1829.2834
7.95 269.78471 -49.794461 46650.373 -65704.8 5131.13 -70835.9 1843.0611
7.96 267.32268 -6.6586937 46701.215 -66195 5084.31 -71279.3 1847.1745
7.97 277.06116 788.49526 46395.232 -66032.1 5269.52 -71301.6 1844.7603
7.98 258.47156 155.10942 46554.516 -66131.6 4915.96 -71047.5 1848.309
7.99 273.78856 -209.55084 46646.481 -65962.2 5207.28 -71169.5 1854.6189
8 271.35246 -119.94567 46588.206 -66123 5160.95 -71284 1857.2831
8.01 274.61513 606.29475 46348.322 -65715.6 5223 -70938.6 1851.2853
8.02 267.02947 -309.38972 46803.932 -66087 5078.73 -71165.7 1863.5368
8.03 267.65672 -10.787332 46700.449 -66495 5090.66 -71585.7 1862.5005
8.04 265.34729 -515.14368 47057.404 -65979.3 5046.73 -71026 1874.1026
8.05 270.50121 -212.5037 46764.223 -66316.8 5144.76 -71461.6 1864.2368
8.06 277.10447 495.40756 46361.896 -66039 5270.35 -71309.3 1856.0499
8.07 265.64021 190.56303 46486.164 -66330.1 5052.31 -71382.4 1859.0663
8.08 275.59929 196.53869 46397.787 -66043.2 5241.72 -71284.9 1858.7451
8.09 271.50747 -163.82909 46634.327 -65583.1 5163.9 -70747 1863.9001
8.1 257.88735 -372.67548 46915.296 -66269.2 4904.85 -71174.1 1871.6575
8.11 267.05737 -225.73885 46820.5 -66032.7 5079.26 -71112 1875.3853
8.12 268.55162 -9.7542194 46633.928 -65871.6 5107.68 -70979.3 1867.9944
8.13 272.01449 125.4143 46372.247 -65598.1 5173.54 -70771.7 1863.6716
8.14 263.07855 0.77105445 46520.799 -65940 5003.58 -70943.6 1870.9794
8.15 276.15128 472.09329 46285.999 -65487.8 5252.22 -70740 1865.7624
8.16 272.69692 -470.49087 46821.952 -65737.2 5186.52 -70923.8 1879.0854
8.17 281.52308 -503.26903 46941.024 -65437.6 5354.39 -70792 1883.9555
8.18 265.7141 666.82824 46187.509 -65818.3 5053.71 -70872 1869.1973
8.19 263.97388 5.058307 46483.896 -65925.4 5020.61 -70946 1882.0267
8.2 270.82305 59.78163 46360.348 -65728.9 5150.88 -70879.8 1877.4396
8.21 275.70143 -527.64919 46835.86 -65915.3 5243.66 -71159 1888.5259
8.22 268.31453 -196.18652 46748.866 -65498.5 5103.17 -70601.7 1888.7831
8.23 263.55024 182.16476 46470.965 -65655 5012.56 -70667.5 1877.7849
8.24 281.3009 107.50364 46631.727 -65614.2 5350.16 -70964.3 1880.8064
8.25 267.6915 -707.10709 46902.93 -65610.2 5091.32 -70701.5 1887.102
8.26 261.5765 -155.65414 46500.764 -65784.1 4975.02 -70759.1 1877.4228
8.27 276.70488 -16.383314 46509.837 -65600 5262.75 -70862.8 1876.2144
8.28 265.69765 62.964549 46592.719 -65697.5 5053.4 -70750.9 1885.6543
8.29 271.47127 276.0471 46466.058 -65665.4 5163.21 -70828.6 1883.942
8.3 277.59798 538.72095 46378.637 -65170.8 5279.74 -70450.6 1887.1732
8.31 273.83724 433.13404 46174.814 -65632.8 5208.21 -70841 1885.0756
8.32 268.20056 -374.66678 46726.23 -65400.6 5101 -70501.6 1906.0018
8.33 282.23689 554.02767 46289.946 -65618.3 5367.96 -70986.3 1895.6851
8.34 268.12553 229.19003 46450.412 -65808.9 5099.58 -70908.5 1896.8891
8.35 268.2458 351.77769 46416.48 -65763.7 5101.86 -70865.6 1901.1397
8.36 276.02877 174.80995 46722.657 -65642.3 5249.89 -70892.2 1912.4865
8.37 263.13204 107.21834 46513.42 -66151.8 5004.6 -71156.4 1910.8669
8.38 267.22599 -535.74365 47002.365 -65909.8 5082.47 -70992.3 1927.4576
8.39 270.3713 -150.01704 46595.052 -65619.8 5142.29 -70762.1 1913.562
8.4 265.02648 833.89794 46285.911 -65591.7 5040.63 -70632.3 1911.8357
8.41 271.83796 145.30578 46308.976 -65366.1 5170.18 -70536.2 1919.0148
8.42 268.8247 -918.28644 46988.818 -65237.3 5112.87 -70350.2 1943.5989
8.43 265.57096 318.80182 46332.227 -64953.4 5050.99 -70004.4 1932.1519
8.44 275.4662 19.837287 46567.71 -65189.6 5239.19 -70428.8 1941.2193
8.45 268.39059 -369.28706 46584.915 -65418 5104.62 -70522.7 1943.6001
8.46 269.6657 -552.32315 46928.135 -65008.6 5128.87 -70137.5 1959.129
8.47 261.2493 20.509257 46242.503 -65476.4 4968.79 -70445.2 1946.184
8.48 275.74168 -100.99067 46684.935 -65025.7 5244.43 -70270.2 1957.5714
8.49 271.12109 -132.22307 46607.493 -65539.8 5156.55 -70696.3 1958.8376
8.5 266.78346 -62.041992 46701.337 -65302.9 5074.05 -70377 1965.8858
8.51 266.64704 -586.2981 47015.958 -65839.9 5071.45 -70911.3 1974.4744
8.52 274.90156 -326.89189 46713.395 -65645.6 5228.45 -70874.1 1966.9087
8.53 264.53978 130.62149 46512.169 -65956.9 5031.38 -70988.3 1966.5525
8.54 271.01284 484.31041 46396.202 -65843.8 5154.49 -70998.3 1965.0887
8.55 275.39769 -339.06536 46589.514 -65531.5 5237.89 -70769.4 1972.9409
8.56 274.34647 -317.13632 46735.556 -65369.9 5217.89 -70587.8 1980.8784
8.57 267.16408 388.93293 46310.251 -65632.3 5081.29 -70713.6 1975.4504
8.58 258.48941 -155.33872 46706.229 -65967.7 4916.3 -70884 1989.0073
8.59 271.32415 339.45494 46337.662 -65530.2 5160.41 -70690.6 1981.6554
8.6 266.22623 397.10555 46262.038 -65490.6 5063.45 -70554 1978.4114
8.61 271.08906 24.075021 46516.835 -65257.4 5155.94 -70413.4 1987.2312
8.62 264.04537 561.88153 46393.845 -65570.2 5021.97 -70592.1 1986.6723
8.63 261.13942 -229.30497 46711.535 -65822.8 4966.7 -70789.5 1993.4134
8.64 275.04416 404.60585 46507.611 -65279.2 5231.16 -70510.3 1996.4858
8.65 265.41168 -608.03485 46989.658 -65818 5047.96 -70866 2010.1349
8.66 271.47754 -47.484265 46649.086 -65814.8 5163.33 -70978.2 2002.6828
8.67 281.17079 563.36558 46303.911 -65329.6 5347.69 -70677.3 1996.6069
8.68 272.2504 301.13821 46407.984 -65793.3 5178.03 -70971.3 1998.2181
8.69 265.49538 391.3627 46542.737 -65905.6 5049.55 -70955.2 2006.9031
8.7 267.31153 122.13398 46506.659 -65960.3 5084.09 -71044.4 2006.3389
8.71 277.43339 236.60714 46659.944 -65784.5 5276.6 -71061.1 2013.0476
8.72 266.15503 333.3434 46313.768 -65994 5062.1 -71056.1 2004.6942
8.73 272.21993 237.90087 46533.864 -66040.9 5177.45 -71218.4 2013.5618
8.74 263.45295 348.28672 46559.782 -66452 5010.71 -71462.7 2012.48
8.75 270.92553 172.75398 46561.996 -66197.9 5152.83 -71350.7 2013.1761
8.76 266.25047 -425.04909 46784.847 -66201.3 5063.91 -71265.2 2019.7818
8.77 270.15957 -134.38332 46641.154 -66517.3 5138.26 -71655.6 2013.4044
8.78 269.32689 -211.91752 46811.624 -66237 5122.42 -71359.5 2022.6336
8.79 268.71215 -59.501925 46676.432 -66506.9 5110.73 -71617.6 2018.6563
8.8 278.68147 -946.29273 47219.777 -65915.4 5300.34 -71215.8 2031.0347
8.81 263.58479 -252.46718 46760.901 -66599.9 5013.21 -71613.1 2018.9457
8.82 266.50872 218.49091 46576.774 -66255.9 5068.82 -71324.7 2018.3641
8.83 270.96571 503.71879 46233.066 -66313.6 5153.59 -71467.2 2011.9286
8.84 268.29931 70.138837 46665.851 -66108 5102.88 -71210.9 2027.3675
8.85 268.72808 -70.71954 46696.045 -65879.6 5111.04 -70990.7 2021.6703
8.86 267.86455 498.55344 46348.808 -65668.4 5094.61 -70763 2013.9738
8.87 267.28287 -253.12325 46699.44 -66176.9 5083.55 -71260.5 2023.8555
8.88 265.55053 41.38185 46574.833 -66046.2 5050.6 -71096.8 2015.9475
8.89 268.51913 452.17937 46325.87 -66046.6 5107.06 -71153.6 2011.3525
8.9 258.56187 275.88574 46411.996 -66335.1 4917.68 -71252.8 2013.9723
8.91 268.43973 163.84895 46520.949 -66212.6 5105.55 -71318.1 2017.0981
8.92 270.16604 -292.46975 46656.68 -66145.1 5138.38 -71283.5 2022.1042
8.93 271.44114 -95.260949 46746.288 -66274 5162.64 -71436.7 2020.5556
8.94 277.23038 15.553403 46770.36 -66200.1 5272.74 -71472.8 2025.1974
8.95 267.0102 -165.46406 46752.99 -66399.1 5078.36 -71477.4 2022.6658
8.96 270.46519 -307.32381 47080.166 -66055.5 5144.07 -71199.6 2035.2086
8.97 263.32913 11.880488 46610.646 -66313.4 5008.35 -71321.8 2021.4724
8.98 281.54225 -603.03627 47000.43 -65986.7 5354.75 -71341.4 2033.1296
8.99 272.75941 65.895011 46547.028 -66419.4 5187.71 -71607.1 2022.4747
9 277.28961 -45.288831 46666.598 -66058.8 5273.87 -71332.6 2033.5755
9.01 269.5255 337.33111 46435.076 -66237.9 5126.2 -71364.1 2029.7528
9.02 270.10793 660.67987 46335.682 -66441.8 5137.28 -71579 2031.3348
9.03 277.29406 526.37656 46210.631 -66213.2 5273.95 -71487.2 2026.3231
9.04 266.79106 229.86167 46407.54 -66356.5 5074.19 -71430.7 2033.2442
9.05 264.57302 90.291829 46635.878 -66119.5 5032.01 -71151.5 2043.1634
9.06 262.54361 -725.01436 47051.371 -66559 4993.41 -71552.4 2051.0501
9.07 263.60038 -304.88534 46912.82 -66400.2 5013.51 -71413.7 2053.0575
9.08 267.39158 -694.50629 47067.476 -66106.5 5085.62 -71192.1 2063.3881
9.09 270.68344 -567.07447 46859.471 -66302.8 5148.22 -71451 2059.2517
9.1 272.20307 8.2970991 46753.825 -65817.7 5177.13 -70994.8 2057.6008
9.11 266.07802 174.64584 46617.551 -66299.4 5060.63 -71360 2057.1609
9.12 267.91788 -262.52061 46769.467 -66258.6 5095.63 -71354.2 2060.1473
9.13 270.23868 -136.64364 46730.652 -66095.4 5139.77 -71235.2 2059.1021
9.14 262.55705 547.69883 46246.987 -66001.8 4993.67 -70995.4 2048.3904
9.15 266.88606 -125.62337 46747.607 -65730.6 5076 -70806.6 2060.2446
9.16 274.41373 291.84953 46376.751 -65637.3 5219.17 -70856.5 2048.2855
9.17 260.58648 -240.6094 46617.989 -66053.3 4956.19 -71009.5 2053.029
9.18 274.73147 -153.30606 46740.44 -65533.2 5225.22 -70758.4 2054.8655
9.19 262.89687 511.13825 46340.277 -66184.9 5000.13 -71185 2040.695
9.2 266.94318 -648.92746 46935.423 -65675 5077.09 -70752 2058.71
9.21 259.78151 57.474902 46607.288 -65939.5 4940.88 -70880.4 2052.0403
9.22 272.44635 645.57812 46517.591 -66008.3 5181.75 -71190 2053.8335
9.23 276.48495 -549.19583 46754.698 -65826.1 5258.57 -71084.7 2064.8312
9.24 254.7969 -627.47151 46722.981 -66024.7 4846.07 -70870.7 2068.3559
9.25 275.13162 -641.01481 46999.604 -65677.3 5232.83 -70910.1 2078.4052
9.26 256.24899 -202.06855 46751.088 -65918.6 4873.69 -70792.3 2075.0933
9.27 264.21466 -463.0206 47013.893 -65695.1 5025.19 -70720.3 2095.9411
9.28 274.4866 -214.51679 46683.26 -65269.4 5220.56 -70489.9 2090.4182
9.29 256.00144 -196.49262 46614.197 -65901.4 4868.98 -70770.4 2092.8596
9.3 266.60352 -410.42198 47063.028 -65514.8 5070.63 -70585.4 2105.582
9.31 260.30126 -277.54826 46783.571 -66083.3 4950.76 -71034.1 2099.7469
9.32 269.40036 -126.06558 46727.855 -65603.1 5123.82 -70726.9 2104.85
9.33 253.35269 404.91777 46200.092 -66083.2 4818.61 -70901.8 2091.274
9.34 268.66084 166.09563 46500.418 -65730.7 5109.76 -70840.4 2104.8279
9.35 257.43432 -466.3966 46847.056 -66359.2 4896.24 -71255.4 2115.1142
9.36 270.8947 239.63212 46497.489 -65678 5152.24 -70830.2 2110.6529
9.37 273.42096 236.1079 46633.819 -65659.8 5200.29 -70860.1 2125.2429
9.38 262.87632 -576.47747 46702.605 -65698 4999.74 -70697.8 2127.5855
9.39 273.67124 -255.80034 46602.009 -65730.7 5205.05 -70935.7 2120.8112
9.4 269.79929 26.907249 46597.363 -66059.6 5131.41 -71191 2122.8238
9.41 284.93065 655.07817 46492.379 -65522.6 5419.2 -70941.8 2126.2387
9.42 262.62536 25.046144 46619.079 -66148.6 4994.97 -71143.5 2126.9768
9.43 269.85092 -109.21441 46955.017 -66000.7 5132.39 -71133.1 2142.8176
9.44 266.99176 350.66256 46541.949 -66212.5 5078.01 -71290.5 2133.847
9.45 262.46306 -145.78252 46788.128 -66400.1 4991.88 -71392 2141.6748
9.46 265.24998 729.33817 46284.315 -66255.7 5044.88 -71300.5 2127.689
9.47 258.19813 -310.9978 46620.592 -66514.7 4910.76 -71425.5 2136.2248
9.48 265.7894 250.00975 46546.557 -66093 5055.14 -71148.1 2132.1254
9.49 265.08226 503.02986 46426.047 -66363.6 5041.69 -71405.3 2132.1094
9.5 269.4521 502.88186 46417.491 -66516.7 5124.81 -71641.5 2134.4845
9.51 269.8187 442.43053 46343.442 -66632.4 5131.78 -71764.2 2132.1642
9.52 269.68727 -251.8772 46790.256 -66329.8 5129.28 -71459.1 2147.4835
9.53 280.44466 -312.74865 46862.503 -65991.3 5333.88 -71325.2 2149.1551
9.54 262.89282 -358.5786 46743.575 -66479 5000.05 -71479.1 2146.2032
9.55 267.09025 -375.25949 46793.495 -66307 5079.88 -71386.9 2150.2347
9.56 269.97218 -379.58896 46780.242 -66219.2 5134.7 -71353.9 2149.4058
9.57 275.90096 -96.745667 46848.789 -66091.5 5247.46 -71339 2147.767
9.58 270.00964 330.86682 46439.77 -66067.1 5135.41 -71202.6 2138.8254
9.59 267.56256 74.742431 46501.5 -66297.6 5088.87 -71386.5 2140.4664
9.6 274.59867 183.23287 46769.632 -65989.4 5222.69 -71212 2150.4579
9.61 261.02927 -184.22665 46523.442 -66449 4964.61 -71413.6 2142.0591
9.62 266.83089 89.395168 46576.61 -66186.2 5074.95 -71261.2 2142.5783
9.63 273.33386 572.1797 46341.042 -65995.2 5198.63 -71193.8 2138.3806
9.64 269.75634 665.27811 46343.825 -66159.7 5130.59 -71290.3 2139.44
9.65 267.30523 644.35733 46342.936 -66594.3 5083.97 -71678.3 2140.1747
9.66 266.34583 462.93844 46322.388 -66463.3 5065.73 -71529 2140.4567
9.67 267.24945 356.08235 46496.26 -66174.6 5082.91 -71257.5 2147.2877
9.68 269.30427 350.15788 46451.014 -66192.2 5121.99 -71314.2 2148.0867
9.69 263.56099 257.14319 46563.959 -66109.9 5012.76 -71122.7 2150.3375
9.7 276.08715 205.15227 46481.564 -65786.6 5251 -71037.6 2146.7553
9.71 268.61904 -365.53 46806.327 -65733.1 5108.96 -70842.1 2153.4079
9.72 272.37024 -150.283 46902.798 -65566.9 5180.31 -70747.2 2159.2758
9.73 268.00457 -45.730455 46489.089 -65507.4 5097.27 -70604.7 2151.9956
9.74 270.12574 171.30947 46498.789 -65565 5137.62 -70702.6 2152.9139
9.75 269.23531 697.4046 46294.557 -65940.5 5120.68 -71061.2 2151.2232
9.76 268.41032 -195.10605 46792.404 -65493.6 5104.99 -70598.6 2169.2661
9.77 272.07848 -35.137497 46639.836 -65375.9 5174.76 -70550.7 2163.4067
9.78 270.35289 290.00876 46495.75 -65694 5141.94 -70836 2158.6507
9.79 274.58657 309.60219 46463.912 -65426.2 5222.46 -70648.7 2157.2985
9.8 268.67056 -502.27194 46905.621 -65532.8 5109.94 -70642.7 2172.3481
9.81 264.91278 406.14316 46329.066 -65997.6 5038.47 -71036.1 2158.1697
9.82 276.82358 -291.6435 46812.954 -65481.1 5265.01 -70746.1 2173.4726
9.83 262.33569 83.240522 46478.437 -65745.6 4989.46 -70735 2164.993
9.84 255.62812 -227.42654 46687.157 -66128.1 4861.88 -70989.9 2173.2881
9.85 273.42548 202.50477 46616.993 -65737.6 5200.38 -70938 2175.325
9.86 269.3774 524.9737 46383.739 -66250.5 5123.38 -71373.9 2171.2396
9.87 271.84536 -226.06035 46710.04 -65815.1 5170.32 -70985.4 2184.4392
9.88 264.53926 250.93265 46522.89 -66118 5031.37 -71149.3 2176.4197
9.89 274.63907 473.42794 46436.304 -65966.8 5223.46 -71190.3 2178.1182
9.9 269.06737 351.55715 46429.146 -66439.5 5117.49 -71557 2185.7414
9.91 262.42584 -457.83302 46808.919 -66132.9 4991.17 -71124 2198.2411
9.92 269.45872 -582.74525 47021.391 -65778.1 5124.93 -70903.1 2202.238
9.93 268.12453 -19.79776 46752.086 -66237.5 5099.56 -71337.1 2195.9417
9.94 265.59411 -119.19756 46769.794 -65740.7 5051.43 -70792.1 2193.2312
9.95 277.62005 795.25505 46209.213 -66040.3 5280.15 -71320.5 2182.8969
9.96 274.68506 -623.69147 46953.838 -65799.2 5224.33 -71023.5 2205.5046
9.97 270.89842 136.98193 46512.238 -65888.8 5152.31 -71041.1 2196.4363
9.98 259.10104 95.038597 46502.326 -66049.5 4927.93 -70977.5 2196.2763
