1600    268.48409   -41.492947    125215.01   -43723.765    3277.2288   -47000.994   0.36375056 
3600    271.53416   -60.453507    125302.62   -43752.875    3314.4593   -47067.334   0.32990247 
5600    275.32522    229.81519    124908.78   -43600.795    3360.7345    -46961.53   0.36702116 
7600    273.10505    138.09019    124985.27   -43587.123    3333.6342   -46920.757   0.37801205 
9600    273.63163   -9.3117149    125271.93   -43541.498    3340.0619    -46881.56   0.35624646 
11600    278.11147   -160.58204    125507.74   -43594.978    3394.7447   -46989.723   0.32351079 
13600    273.55757   -86.942336    125413.97   -43600.915    3339.1579   -46940.073   0.34237039 
15600    269.44155    104.25141       125056   -43773.783     3288.916   -47062.699   0.36067466 
17600     267.5183    61.198913    125049.83   -43720.546      3265.44   -46985.986   0.36806178 
19600    271.07349    32.931957    125163.33    -43732.64     3308.836   -47041.476   0.34782393 
21600    268.23974   -152.25372    125368.94   -43660.683    3274.2461   -46934.929   0.32883712 
23600    273.67729   -213.20624    125538.05   -43633.461    3340.6192    -46974.08   0.33947625 
25600    271.28127    228.24881    124823.69   -43645.592    3311.3723   -46956.965   0.39039726 
27600    275.45047    153.14866    124960.54   -43643.129    3362.2634   -47005.392   0.36360071 
29600    272.22491   -49.975754    125253.92   -43699.951    3322.8909   -47022.841   0.34243608 
31600    271.50806   -134.93256    125450.02   -43640.512    3314.1407   -46954.653   0.34476525 
33600    275.48537   -41.527749    125331.08   -43492.528    3362.6894   -46855.217   0.35279209 
35600    274.11711     173.4793    124903.19   -43634.858    3345.9878   -46980.845   0.36290205 
37600    272.50074    201.80244    124864.15   -43653.531    3326.2577   -46979.788   0.36177991 
39600    267.36554   -95.493405     125398.2   -43772.059    3263.5753   -47035.635   0.33824887 
41600    271.03224   -185.99735    125508.81   -43741.844    3308.3326   -47050.176    0.3603143 
43600    265.06427      23.6831       125171   -43761.531    3235.4851   -46997.016   0.34641202 
45600    269.17672    67.689898    125022.47    -43760.48    3285.6833   -47046.164   0.33228169 
47600    273.21328    49.256364    125259.71   -43580.693    3334.9552   -46915.648   0.34874524 
49600    275.18816   -33.654084    125319.76   -43587.187    3359.0615   -46946.249   0.35900274 
51600     276.8038   -16.403241     125334.5   -43569.936    3378.7826   -46948.719   0.33331209 
53600    272.03737    40.333508    125184.44   -43605.341    3320.6016   -46925.943   0.33509543 
55600    269.46232    181.42283    124956.57   -43638.906    3289.1695   -46928.076   0.36902603 
57600    272.60082    174.39245    125014.44   -43609.744    3327.4793   -46937.224   0.37284224 
59600    274.84596   -147.64386     125529.2   -43651.927    3354.8845   -47006.812   0.32022584 
61600    273.66388   -190.23408    125534.71    -43591.25    3340.4555   -46931.706   0.31838303 
63600    276.81568   -59.926202    125324.73   -43496.293    3378.9277    -46875.22   0.35630476 
65600    271.45818    106.41116    125152.26   -43633.824    3313.5318   -46947.355   0.36358189 
67600    272.66856    37.406409    125173.96     -43652.1    3328.3062   -46980.407   0.34448116 
69600    273.02078   -3.8769664    125207.16   -43669.301    3332.6056   -47001.907   0.34082985 
71600    276.07336   -88.218726    125487.47   -43600.527    3369.8667   -46970.394   0.34260723 
73600    272.19927    -177.4776    125599.47   -43683.275    3322.5778   -47005.853   0.35163961 
75600    275.65086    7.3801478    125189.22   -43636.131    3364.7094   -47000.841   0.34723788 
77600    274.67778     288.9922    124780.71   -43641.102    3352.8316   -46993.934   0.34060913 
79600    274.14032    41.660222    125156.08   -43608.396    3346.2711   -46954.667   0.37345301 
81600    279.31651   -79.743038    125400.95    -43546.08    3409.4538   -46955.534   0.37621308 
83600    272.72637   -128.92926    125361.46   -43673.425    3329.0119   -47002.436   0.34432868 
85600    276.77261    170.93037    125101.85   -43583.994     3378.402   -46962.396   0.33571207 
87600    276.02698    537.37956    124408.21   -43591.755    3369.3005   -46961.055   0.41024472 
89600     273.8618     51.14666    125184.27   -43583.567    3342.8713   -46926.438   0.37954909 
91600    268.32936   -106.40252    125409.38   -43689.977    3275.3401   -46965.317   0.32835839 
93600    272.55124   -96.899451    125377.23   -43603.973    3326.8742   -46930.847   0.32072877 
95600    270.92731    104.02365    125074.09   -43691.473    3307.0518   -46998.524   0.36846246 
97600    271.02144    319.18744    124681.62    -43651.26    3308.2007   -46959.461   0.41393275 
99600    268.15148    55.514074    125135.45   -43746.435    3273.1689   -47019.604   0.34659572 
101600    275.05863   -112.36921    125477.83   -43646.512    3357.4804   -47003.993   0.31861818 
103600    277.47835   -43.414149    125364.29    -43597.93    3387.0165   -46984.946    0.3574609 
105600    272.73777    154.00732    125046.06   -43636.197     3329.151   -46965.348   0.36180435 
107600    277.55417    178.64057    125047.47   -43562.462     3387.942   -46950.404   0.35202156 
109600    273.30575   -161.47743    125493.21    -43569.84    3336.0841   -46905.924   0.32254947 
111600    271.33616   -229.43632     125528.1   -43729.342    3312.0424   -47041.385   0.33203738 
113600    267.00991   -26.440119    125228.04   -43684.491    3259.2343   -46943.725   0.36917918 
115600    278.38225     68.60896    125102.92   -43609.157    3398.0498   -47007.206   0.35158037 
117600    274.18011    27.243325    125081.16   -43644.839    3346.7568   -46991.595   0.35566464 
119600    272.56625   -13.352376    125177.49   -43713.745    3327.0573   -47040.802   0.35973389 
121600    267.28954   -217.77453     125467.5   -43708.305    3262.6477   -46970.953   0.34200575 
123600      274.786    -166.7334    125422.78   -43637.678    3354.1526    -46991.83   0.33226146 
125600     271.0832    132.51013    124964.64    -43721.25    3308.9546   -47030.205   0.36245514 
127600    271.51967    158.09966    124940.44   -43716.866    3314.2823   -47031.148   0.37781066 
129600    269.68422   -7.4710048    125138.14   -43744.598    3291.8781   -47036.476   0.36023334 
131600    270.89846   -61.173639    125230.06   -43739.108    3306.6996   -47045.807   0.34285141 
133600    272.57456    3.9133624    125194.63   -43583.179    3327.1588   -46910.338   0.35562405 
135600    271.76388    248.85351    124748.04   -43658.071    3317.2633   -46975.334   0.38614213 
137600    272.75727    132.74641    124988.91   -43668.768     3329.389   -46998.157    0.3591611 
139600    273.30726   -49.712993    125371.02   -43643.789    3336.1024   -46979.891   0.33415917 
141600    273.74986   -98.231012    125430.86   -43606.626    3341.5049   -46948.131   0.33703183 
143600    272.38239     17.80154    125240.44   -43649.198    3324.8131   -46974.011   0.35346283 
145600    272.16474    2.7938017    125147.04   -43663.103    3322.1563   -46985.259   0.35795668 
147600    277.55827    17.614809    125178.39   -43621.099    3387.9921   -47009.091   0.34682839 
149600    271.40154   -36.030965    125249.16    -43710.53    3312.8404    -47023.37    0.3395795 
151600    272.91825   -101.18716    125408.04   -43550.373     3331.354   -46881.727   0.34894158 
153600    270.79838     102.7138    125095.01   -43608.799     3305.478   -46914.277   0.37609983 
155600    273.68429    243.25647    124798.69   -43629.831    3340.7046   -46970.535   0.38183213 
157600    268.49593    19.740371    125181.79   -43745.651    3277.3734   -47023.025   0.34617815 
159600    268.93332     -191.824       125528   -43651.353    3282.7123   -46934.065   0.33295381 
161600    271.78943   -81.192128    125289.12   -43718.143    3317.5752   -47035.718   0.35121056 
163600    269.65694    43.269707    125093.85   -43668.645    3291.5451    -46960.19   0.36198834 
165600    272.47864    148.01105     124973.1   -43647.099     3325.988   -46973.087    0.3672687 
167600    267.12487   -37.786422    125294.81    -43689.52    3260.6376   -46950.157   0.34287582 
169600    269.08343   -288.29486    125681.46   -43736.403    3284.5446   -47020.948   0.32386839 
171600    271.38625   -187.58519    125459.89   -43749.416    3312.6538    -47062.07    0.3423937 
173600    274.12395    141.24404    124956.15    -43704.82    3346.0713   -47050.891   0.36380167 
175600    268.06924    105.33878     125043.7   -43684.554     3272.165   -46956.719   0.35649987 
177600    268.24326    33.785878    125142.87   -43714.353    3274.2892   -46988.642   0.34771794 
179600    271.54872   -98.475781    125375.32   -43633.509     3314.637   -46948.146   0.35771416 
181600     272.1117   -240.85351    125609.73   -43673.937    3321.5089   -46995.446   0.32652942 
183600    271.09256    42.201154    125065.59   -43626.404    3309.0689   -46935.473   0.35963323 
185600    274.62234     242.7497    124848.03   -43723.854    3352.1549   -47076.009   0.37086949 
187600    274.06357    43.814217    125152.59   -43683.011    3345.3342   -47028.346    0.3626363 
189600    274.97499   -82.210403    125407.91   -43624.162    3356.4594   -46980.621   0.33650602 
191600    275.47947    6.8221024    125239.76   -43623.337    3362.6174   -46985.955   0.33456348 
193600    275.85641    15.018416     125273.3   -43628.762    3367.2184   -46995.981   0.34140149 
195600    271.67137    37.673319    125159.54   -43642.724    3316.1341   -46958.858    0.3703693 
197600    276.42754    35.521851    125160.09   -43655.643    3374.1899   -47029.833    0.3459207 
199600    270.57313   -18.484771    125271.65   -43654.787    3302.7285   -46957.515   0.35096708 
