0 262.64994 265.16575 21733.234 -29912.5 2355.22 -32267.7 5.9552173
0.01 271.76185 -435.59296 21965.54 -29723.5 2436.93 -32160.5 17.179915
0.02 255.67684 836.80961 21568.187 -29948.6 2292.69 -32241.3 28.608654
0.03 277.9455 451.3105 21728.828 -29741.8 2492.38 -32234.2 42.126462
0.04 269.22786 -340.84622 21716.332 -29595.9 2414.21 -32010.1 52.487312
0.05 266.53778 -194.98555 21711.092 -29651.5 2390.09 -32041.6 63.554007
0.06 274.50956 -107.67767 21798.799 -29428.1 2461.57 -31889.6 75.462441
0.07 264.03256 446.31849 21650.37 -29530 2367.62 -31897.6 89.45745
0.08 263.09489 122.84365 21696.258 -29520.4 2359.21 -31879.6 99.336261
0.09 259.81736 400.09226 21594.197 -29716.3 2329.82 -32046.1 107.80266
0.1 273.40482 278.89504 21918.55 -29594.6 2451.66 -32046.3 116.1686
0.11 265.10405 182.26538 21750.958 -29613.3 2377.23 -31990.5 126.96582
0.12 270.41921 -148.37031 21878.638 -29816.5 2424.89 -32241.4 139.01815
0.13 259.65291 324.48413 21594.051 -29652.2 2328.35 -31980.6 145.55992
0.14 257.62886 326.61341 21562.49 -29747.2 2310.2 -32057.4 160.21149
0.15 281.57348 -432.47549 21944.334 -29437.8 2524.91 -31962.7 174.36363
0.16 260.70027 -536.62519 21979.614 -29965.4 2337.74 -32303.2 181.00786
0.17 275.16341 607.14906 21800.548 -29776.5 2467.43 -32243.9 189.42126
0.18 270.89675 497.6365 21620.809 -29704 2429.17 -32133.2 197.26545
0.19 253.15361 -789.04349 21921.24 -29694.6 2270.07 -31964.7 207.44671
0.2 269.21262 -76.947869 21665.609 -29391.9 2414.07 -31806 219.67832
0.21 273.3905 -328.83141 21755.077 -29481.6 2451.54 -31933.1 231.21737
0.22 263.33849 -403.16901 21761.858 -29492.1 2361.4 -31853.5 243.06174
0.23 256.3332 -132.76411 21741.235 -29776.7 2298.58 -32075.2 261.86699
0.24 266.33236 471.72698 21726.064 -29657.3 2388.24 -32045.5 272.12533
0.25 280.30414 -60.18237 22005.389 -29602.3 2513.53 -32115.8 282.67956
0.26 276.60005 617.51706 21621.313 -29516.9 2480.32 -31997.2 277.78935
0.27 263.47051 139.49952 21603.855 -29700.4 2362.58 -32063 287.33933
0.28 278.91522 -277.70386 21713.976 -29478.8 2501.08 -31979.9 298.67251
0.29 276.17035 -632.59457 21810.038 -29792.6 2476.46 -32269.1 309.16269
0.3 252.40898 -803.95399 21931.521 -30082.9 2263.39 -32346.3 321.13896
0.31 279.5553 -270.67138 21879.864 -29908.2 2506.82 -32415 329.20522
0.32 273.25823 441.96429 21657.096 -30044.3 2450.35 -32494.6 330.83421
0.33 262.77951 -159.48353 22071.91 -30121.5 2356.39 -32477.9 343.81838
0.34 262.93883 -412.51137 22035.438 -29974.7 2357.81 -32332.5 353.73325
0.35 267.07627 -435.8083 21813.341 -30125.8 2394.92 -32520.7 357.17328
0.36 261.84923 248.92104 21898.67 -30177.4 2348.04 -32525.5 366.55954
0.37 269.84352 198.72446 21937.59 -30289.1 2419.73 -32708.8 375.30363
0.38 275.38306 -169.06531 21914.072 -30064.2 2469.4 -32533.6 378.81655
0.39 282.01185 -88.663601 22080.843 -30314.9 2528.85 -32843.7 384.59948
0.4 265.00816 -261.38447 21978.151 -30659.4 2376.37 -33035.8 392.20838
0.41 255.4182 -80.950635 21958.899 -30953 2290.38 -33243.4 394.41761
0.42 267.74597 -399.08161 22026.386 -30855.6 2400.92 -33256.5 399.55094
0.43 264.76245 -82.94901 21965.435 -30804.7 2374.17 -33178.8 400.58714
0.44 298.49621 582.24089 21876.614 -30327.8 2676.66 -33004.4 403.56685
0.45 261.76318 -200.3412 21983.421 -30654.3 2347.27 -33001.6 410.35393
0.46 275.42814 255.94517 21895.58 -30728.2 2469.81 -33198 410.391
0.47 280.90729 -549.40188 22017.071 -30754.3 2518.94 -33273.2 419.8824
0.48 256.52956 246.94603 21866.379 -30867.6 2300.34 -33168 419.87035
0.49 266.00207 324.03119 21899.221 -31070.1 2385.28 -33455.4 429.39944
0.5 266.7246 -610.91853 22155.683 -30737 2391.76 -33128.8 434.85491
0.51 270.13618 -393.97294 22060.102 -30888.7 2422.35 -33311.1 438.86584
0.52 269.93341 -279.77831 22027.609 -31039 2420.54 -33459.6 436.32939
0.53 268.68558 338.72227 21783.833 -30871 2409.35 -33280.4 437.50708
0.54 273.42397 -52.630286 21920.724 -31355.7 2451.84 -33807.6 440.72946
0.55 267.99534 -536.58188 22135.094 -31919.8 2403.16 -34322.9 444.715
0.56 257.66369 -148.44781 22003.252 -32190.4 2310.51 -34500.9 442.65545
0.57 262.93032 -568.89421 22141.403 -31977.1 2357.74 -34334.8 444.2227
0.58 269.67718 -334.80879 22085.511 -32252.8 2418.24 -34671 443.7066
0.59 275.08462 -168.97246 22048.444 -32070 2466.73 -34536.7 442.90384
0.6 251.5732 -477.70898 22069.611 -32263 2255.9 -34518.9 444.21011
0.61 274.57975 -180.30399 22004.012 -32059.9 2462.2 -34522.1 443.8332
0.62 275.62979 57.059016 21978.404 -32192.2 2471.62 -34663.8 443.00387
0.63 277.12901 -355.65316 22079.154 -32017 2485.06 -34502 444.49464
0.64 268.25254 245.02345 21924.375 -32104.5 2405.46 -34509.9 442.25224
0.65 254.09781 -134.6752 22041.451 -32087.7 2278.54 -34366.2 444.16188
0.66 283.23391 754.58173 21819.977 -32042.6 2539.8 -34582.4 440.98532
0.67 276.71337 116.28164 21936.952 -31983.3 2481.33 -34464.6 441.84601
0.68 272.38016 -145.543 22042.656 -32141.1 2442.48 -34583.6 444.03654
0.69 274.58374 -486.53542 22154.061 -32048.9 2462.24 -34511.1 445.10533
0.7 264.05867 -293.68905 22050.195 -32156.6 2367.86 -34524.5 442.94822
0.71 281.79206 -356.50961 22094.395 -31930.5 2526.87 -34457.3 443.95066
0.72 263.40844 46.78779 21988.068 -32057.8 2362.03 -34419.8 442.08213
0.73 258.0082 -342.81993 22104.858 -32055.1 2313.6 -34368.7 444.43147
0.74 273.43835 79.752341 22035.363 -32076 2451.97 -34527.9 443.0501
0.75 253.86276 231.26348 21961.51 -31986.6 2276.43 -34263.1 442.86974
0.76 275.43926 307.64683 21918.608 -31987 2469.91 -34456.9 442.60996
0.77 271.9704 1042.3444 21728.208 -32139.8 2438.8 -34578.6 438.53721
0.78 274.86793 672.74093 21808.134 -32117.6 2464.78 -34582.4 440.65391
0.79 272.87778 122.26915 21979.865 -32107.6 2446.94 -34554.5 443.22266
0.8 264.18581 -657.08346 22175.607 -32183.2 2369 -34552.2 445.37018
0.81 259.06312 -385.09681 22107.046 -32200.5 2323.06 -34523.6 445.04561
0.82 281.22075 -385.59538 22116.303 -31953.5 2521.75 -34475.3 443.87753
0.83 261.65128 -500.7779 22126.428 -32114.1 2346.27 -34460.3 445.39175
0.84 277.03424 -72.552628 21999.398 -32033.6 2484.21 -34517.8 443.08362
0.85 271.07106 327.70198 21889.656 -32156.9 2430.74 -34587.7 441.58677
0.86 260.03035 18.7995 21988.476 -32004.1 2331.73 -34335.8 442.59496
0.87 261.88405 544.31004 21805.348 -32116.8 2348.36 -34465.1 440.70884
0.88 265.48532 276.99752 21902.526 -32073.4 2380.65 -34454.1 441.95932
0.89 259.80877 393.31646 21876.138 -32162.7 2329.75 -34492.4 441.03083
0.9 265.08557 443.59697 21844.041 -32198.1 2377.06 -34575.2 439.99265
0.91 271.76008 536.37359 21860.698 -31927.9 2436.92 -34364.9 440.89823
0.92 268.45509 55.654958 21981.846 -32143.2 2407.28 -34550.4 442.7406
0.93 284.93127 11.403786 22004.836 -31936.1 2555.02 -34491.1 442.74191
0.94 260.97519 147.3794 21918.4 -32062 2340.21 -34402.2 443.00188
0.95 283.23965 96.990899 21951.385 -32095.8 2539.85 -34635.7 443.71507
0.96 257.58714 503.75735 21827.009 -32345.1 2309.82 -34654.9 441.59588
0.97 276.57729 183.00755 21945.821 -32075.1 2480.11 -34555.2 442.38235
0.98 255.52309 21.748506 21992.732 -32303.1 2291.32 -34594.5 442.71357
0.99 278.2336 -140.16769 22057.362 -32029.9 2494.96 -34524.9 443.23765
1 274.58887 -700.1047 22191.473 -32121.1 2462.28 -34583.4 444.81446
1.01 273.03315 -520.03043 22123.513 -32110.5 2448.33 -34558.8 444.6157
1.02 290.36257 -254.83096 22064.399 -32017 2603.73 -34620.7 443.96238
1.03 255.7114 -433.10568 22092.991 -32234.3 2293 -34527.3 444.11044
1.04 279.77707 -232.96549 22043.84 -32027.2 2508.81 -34536 443.92875
1.05 271.98441 626.88138 21815.819 -32206 2438.93 -34644.9 440.10304
1.06 283.34381 314.50941 21883.609 -31907.9 2540.79 -34448.7 441.82409
1.07 263.59117 158.06507 21914.472 -32122.1 2363.66 -34485.7 441.92069
1.08 264.43299 322.27011 21887.261 -32065.8 2371.21 -34437 441.26171
1.09 262.88238 160.18517 21940.223 -32256.7 2357.31 -34614 441.90885
1.1 268.55955 292.86348 21906.144 -31987.1 2408.22 -34395.3 442.23126
1.11 266.48287 47.635244 21982.019 -32058.8 2389.59 -34448.4 442.80846
1.12 270.04037 95.356494 21986.763 -32115.2 2421.49 -34536.7 443.4155
1.13 261.39665 34.047507 21967.054 -32221.9 2343.99 -34565.9 443.44264
1.14 284.05554 73.503538 21982.948 -31984.9 2547.17 -34532.1 442.62468
1.15 276.89449 -90.963433 22018.535 -32133.7 2482.96 -34616.6 443.12323
1.16 291.02199 -75.272728 22071.309 -31731.4 2609.64 -34341 443.77372
1.17 259.59703 -185.79348 22053.096 -32125.8 2327.85 -34453.6 444.54341
1.18 264.08254 -488.90896 22172.053 -31986.3 2368.07 -34354.3 445.40384
1.19 274.19465 -190.1428 22013.725 -32174 2458.75 -34632.8 443.47712
1.2 277.85269 -492.67852 22118.3 -32022.3 2491.55 -34513.8 445.15131
1.21 260.2072 -186.97129 22004.892 -32321 2333.32 -34654.3 442.81217
1.22 253.41405 -456.78147 22084.474 -32046.4 2272.4 -34318.8 444.3067
1.23 248.17607 -121.01863 21982.028 -32277.7 2225.43 -34503.1 442.99664
1.24 283.28804 195.47689 21942.471 -31996.1 2540.29 -34536.4 442.05583
1.25 256.08705 127.39647 21956.693 -32211.2 2296.37 -34507.5 442.18784
1.26 270.22873 411.47237 21878.569 -32028.1 2423.18 -34451.2 441.41479
1.27 256.11421 581.68238 21778.315 -32386.5 2296.62 -34683.1 440.243
1.28 274.02769 172.91522 21948.471 -31999.2 2457.25 -34456.5 443.00754
1.29 277.51538 422.53015 21905.116 -31940.2 2488.52 -34428.7 441.82525
1.3 264.45433 124.82853 21972.296 -32104.1 2371.4 -34475.5 442.33113
1.31 279.17703 -208.01245 22086.758 -31980 2503.42 -34483.4 445.08566
1.32 271.23095 -349.60181 22079.897 -32016.1 2432.17 -34448.3 444.64311
1.33 266.42511 -214.92739 22082.491 -32135.6 2389.08 -34524.7 444.06978
1.34 280.92768 -659.57159 22208.566 -31939.7 2519.12 -34458.8 445.77468
1.35 257.46853 -543.2547 22139.525 -32139.8 2308.76 -34448.5 444.85321
1.36 273.02306 -36.261571 21952.472 -32150.8 2448.24 -34599 442.05595
1.37 263.87309 239.1132 21904.866 -32132.5 2366.19 -34498.7 441.32845
1.38 259.46017 -43.94023 21971.572 -32236.4 2326.62 -34563 442.53916
1.39 279.85693 224.9801 21966.593 -31988.4 2509.52 -34497.9 441.95399
1.4 265.52141 531.24693 21854.242 -32101.6 2380.97 -34482.6 440.8974
1.41 284.91104 367.287 21929.744 -31926.2 2554.84 -34481 441.66375
1.42 266.30363 608.53349 21824.021 -32129.3 2387.99 -34517.3 440.87839
1.43 276.50618 45.01034 21981.008 -32085.9 2479.47 -34565.3 443.21641
1.44 276.63076 -132.31455 22003.122 -32119.3 2480.59 -34599.9 443.77309
1.45 280.89493 -165.85894 22051.911 -31876.5 2518.83 -34395.3 444.13409
1.46 271.28776 -585.07892 22179.302 -32096.1 2432.68 -34528.7 445.89536
1.47 270.3002 -489.7825 22160.209 -32038.6 2423.82 -34462.4 444.58671
1.48 256.09946 -198.2793 22038.352 -32232.1 2296.48 -34528.6 443.13621
1.49 274.86552 -333.51424 22083.173 -32102.9 2464.76 -34567.7 443.53504
1.5 263.03498 -275.29677 22046.31 -32171.5 2358.68 -34530.2 444.29537
1.51 270.47607 -192.47123 22069.126 -32088.6 2425.4 -34514 443.96462
1.52 263.06307 90.288843 21960.776 -32075.7 2358.93 -34434.6 442.81966
1.53 264.28236 392.62882 21887.232 -32229 2369.86 -34598.8 441.01295
1.54 269.81644 1.8486911 21969.201 -31968.4 2419.49 -34387.9 442.4047
1.55 270.55561 161.22545 21939.475 -32061.4 2426.12 -34487.5 441.49172
1.56 268.11395 48.839106 21970.948 -32019 2404.22 -34423.2 441.96264
1.57 257.65054 -133.71491 22004.544 -32331.3 2310.39 -34641.7 442.95713
1.58 272.68317 -539.95172 22116.107 -32095.2 2445.19 -34540.4 445.6476
1.59 269.74501 -50.475574 21990.85 -32180.6 2418.85 -34599.5 444.28699
1.6 264.7688 -621.8598 22185.617 -32105.7 2374.22 -34479.9 446.40661
1.61 259.30791 -353.67746 22089.436 -32257.3 2325.26 -34582.6 444.6166
1.62 276.65509 -67.944415 22032.106 -32144.4 2480.81 -34625.2 443.74022
1.63 268.91677 249.95616 21902.996 -32134.6 2411.42 -34546 441.30857
1.64 256.97136 503.57723 21836.437 -32241.5 2304.3 -34545.8 440.5207
1.65 270.83183 334.7856 21941.758 -32092.5 2428.59 -34521.1 441.47966
1.66 275.75104 247.22612 21946.487 -31931.7 2472.7 -34404.4 441.64219
1.67 266.39395 582.24819 21828.723 -32143 2388.8 -34531.8 439.93286
1.68 278.09382 257.66791 21856.389 -31928.1 2493.71 -34421.8 440.60377
1.69 260.47603 182.82144 21919.651 -32187.3 2335.73 -34523.1 441.94152
1.7 261.6454 251.55881 21920.717 -32028.9 2346.22 -34375.1 442.54431
1.71 262.00278 -2.9458846 22006.128 -32125.8 2349.42 -34475.2 442.56769
1.72 268.46869 -83.156771 22008.058 -32137.3 2407.4 -34544.7 442.95725
1.73 279.99252 -301.81508 22101.913 -31987.3 2510.74 -34498 444.34643
1.74 255.12401 -776.35439 22162.522 -32192.1 2287.74 -34479.9 445.64766
1.75 263.79581 -109.12483 22041.808 -31948.7 2365.5 -34314.2 444.06279
1.76 265.64489 -555.85326 22149.174 -32135.2 2382.08 -34517.3 445.49279
1.77 261.32287 -561.26344 22152.142 -32034.1 2343.32 -34377.5 444.63607
1.78 267.31454 -231.48571 22039.473 -32097.2 2397.05 -34494.3 443.39487
1.79 266.97738 -39.461213 22019.108 -32112.5 2394.03 -34506.6 443.35188
1.8 277.5436 -51.907582 22101.727 -31843.4 2488.78 -34332.2 444.36473
1.81 274.05412 428.32692 21891.998 -32171.9 2457.49 -34629.4 441.53649
1.82 258.3427 385.80356 21905.087 -32197.5 2316.6 -34514.1 442.45485
1.83 293.19239 828.25595 21811.412 -31783.2 2629.1 -34412.3 440.2919
1.84 267.20205 280.66171 21870.803 -32149.2 2396.04 -34545.2 441.91
1.85 277.29463 232.90206 21923.799 -31962.8 2486.55 -34449.4 442.41807
1.86 270.12021 115.0122 21945.807 -32173.8 2422.21 -34596 442.19338
1.87 254.23172 -103.53355 22024.296 -32242 2279.74 -34521.8 443.42155
1.88 281.8498 -243.6316 22075.866 -32002.1 2527.39 -34529.5 444.17581
1.89 263.09945 -246.70288 22040.441 -32163.5 2359.25 -34522.8 443.87039
1.9 280.73599 -579.90971 22172.923 -31926.9 2517.4 -34444.3 446.00193
1.91 263.94254 -772.89081 22201.852 -31963 2366.81 -34329.8 446.0133
1.92 270.55663 -328.74764 22080.019 -32178.6 2426.12 -34604.7 444.50411
1.93 258.43234 -134.41729 22071.226 -32048 2317.4 -34365.4 444.40114
1.94 270.68922 -417.68319 22103.104 -32188.6 2427.31 -34615.9 444.24727
1.95 271.72091 -66.124567 22015.834 -32146.5 2436.56 -34583.1 443.20641
1.96 267.72962 206.48185 21928.631 -32140.3 2400.77 -34541.1 441.82605
1.97 264.22451 431.42229 21852.451 -32176.5 2369.34 -34545.9 440.86467
1.98 285.53643 1032.0005 21750.066 -31767.9 2560.45 -34328.3 439.57082
1.99 262.78898 150.52368 21917.619 -32173.8 2356.47 -34530.3 442.71432
2 265.88069 139.55659 21945.629 -32052.8 2384.19 -34437 443.12695
2.01 269.32271 322.08376 21906.575 -32242.8 2415.06 -34657.8 443.13695
2.02 271.14492 117.86517 21971.9 -32021.4 2431.4 -34452.8 442.92762
2.03 260.1074 258.17244 21904.494 -32239.9 2332.42 -34572.3 441.72863
2.04 282.30734 -0.44604204 22014.941 -32053.7 2531.49 -34585.2 443.08021
2.05 270.06886 242.78067 21987.791 -31918.3 2421.75 -34340 442.345
2.06 263.16859 -145.1455 22032.522 -32145.4 2359.87 -34505.3 442.99349
2.07 276.34516 -655.03448 22190.077 -31903.5 2478.03 -34381.5 445.79219
2.08 255.16571 -48.202967 21977.483 -32192.9 2288.11 -34481.1 442.35782
2.09 261.02379 314.9455 21887.722 -32295.8 2340.64 -34636.5 441.97142
2.1 278.78154 563.95579 21841.534 -32086.3 2499.88 -34586.1 441.21098
2.11 276.79242 946.27561 21721.979 -32130.2 2482.04 -34612.2 439.48885
2.12 258.85987 185.34038 21938.096 -32081.9 2321.24 -34403.1 442.77137
2.13 268.21697 229.37528 21920.639 -32225.9 2405.14 -34631 442.498
2.14 262.47041 344.77709 21893.72 -31985.9 2353.61 -34339.5 441.50864
2.15 254.07288 -121.38495 21964.79 -32337.5 2278.31 -34615.8 442.33476
2.16 267.36273 6.7672585 21971.603 -32021.4 2397.48 -34418.9 443.73252
2.17 268.32569 191.15996 21930.787 -32181.4 2406.12 -34587.5 442.12543
2.18 278.95001 -102.98256 22040.508 -32070.1 2501.39 -34571.5 443.41449
2.19 260.64593 -520.60135 22135.019 -32249.4 2337.25 -34586.7 445.0118
2.2 268.53876 -301.14015 22071.944 -32083.3 2408.03 -34491.4 443.38913
2.21 278.49505 168.18693 21955.115 -31951.5 2497.31 -34448.8 442.14386
2.22 267.43209 346.55178 21921.692 -32156.8 2398.11 -34554.9 441.76305
2.23 283.21306 278.6351 21917.489 -31951 2539.62 -34490.6 441.87581
2.24 273.38871 35.457653 21946.173 -32200.3 2451.52 -34651.8 442.65106
2.25 281.94531 265.36731 21957.534 -32051.2 2528.25 -34579.4 443.41708
2.26 250.68145 136.02032 21939.233 -32236.5 2247.9 -34484.4 442.9305
2.27 279.99073 103.7439 21980.142 -32098.3 2510.72 -34609 442.63133
2.28 272.02835 -186.87687 22046.201 -31976.8 2439.32 -34416.1 443.65599
2.29 267.59044 -629.36375 22174.936 -32154.7 2399.53 -34554.2 444.57582
2.3 257.96681 -176.71068 22032.864 -32007.3 2313.23 -34320.5 443.1891
2.31 268.54 88.201886 21939.967 -32146.1 2408.04 -34554.2 440.70002
2.32 267.54029 140.88012 21941.091 -32177 2399.08 -34576.1 441.57833
2.33 264.55412 87.426663 21987.079 -32020.4 2372.3 -34392.7 443.10717
2.34 273.94611 288.63818 21911.436 -32111.7 2456.52 -34568.2 441.95349
2.35 264.92571 469.54784 21878.224 -32116.7 2375.63 -34492.3 441.63998
2.36 257.05247 388.45787 21908.629 -32064.8 2305.03 -34369.8 442.91568
2.37 247.20865 63.390068 21950.581 -32367.8 2216.76 -34584.6 442.34286
2.38 271.6835 79.951154 21961.715 -32092.9 2436.23 -34529.1 443.48474
2.39 257.07515 -37.934656 22005.673 -32258.6 2305.23 -34563.8 443.58831
2.4 268.97661 -268.37235 22079.931 -32146.7 2411.96 -34558.7 444.20132
2.41 264.87935 -374.9714 22082.318 -32043 2375.22 -34418.2 444.36227
2.42 259.14639 122.8356 21939.335 -32223.1 2323.81 -34546.9 442.27563
2.43 264.86962 13.361544 21972.257 -31994.6 2375.13 -34369.8 442.37706
2.44 264.79908 459.54768 21856.201 -32226.6 2374.5 -34601.1 440.60025
2.45 279.58878 17.30472 21971.9 -32084.8 2507.12 -34591.9 442.12787
2.46 271.67614 -62.059408 22012.216 -32098.3 2436.16 -34534.4 443.20125
2.47 256.69606 -334.77448 22089.125 -32209.4 2301.83 -34511.2 443.77497
2.48 261.9255 -400.52812 22112.095 -32095 2348.73 -34443.7 444.78449
2.49 262.12163 -1135.4052 22311.698 -32083.3 2350.49 -34433.8 447.666
2.5 261.94159 -346.65611 22086.92 -32209.8 2348.87 -34558.7 444.98494
2.51 264.5658 -403.83854 22090.084 -31978.1 2372.4 -34350.5 444.41789
2.52 272.12749 -224.95036 22056.811 -32102.1 2440.21 -34542.3 444.5202
2.53 273.73366 -612.11429 22152.335 -32108.6 2454.61 -34563.2 445.10109
2.54 280.144 -38.374213 22036.484 -31834.9 2512.1 -34346.9 443.64321
2.55 271.72639 225.66933 21941.876 -32142 2436.61 -34578.6 443.15316
2.56 271.56331 386.14345 21874.489 -32012.5 2435.15 -34447.6 441.35404
2.57 274.90926 648.44816 21831.858 -32085.5 2465.16 -34550.7 440.57699
2.58 275.59787 107.96691 21923.78 -32035.9 2471.33 -34507.2 442.28916
2.59 256.57257 471.4833 21867.877 -32180 2300.73 -34480.7 440.82741
2.6 269.67253 117.46164 21986.965 -32054.3 2418.2 -34472.5 443.06812
2.61 267.2935 -89.862875 22007.394 -32244 2396.86 -34640.9 442.9749
2.62 261.04007 -218.84997 22032.358 -31977.1 2340.79 -34317.9 442.87362
2.63 266.79404 27.788386 21983.308 -32034 2392.38 -34426.4 442.58701
2.64 265.06696 281.00481 21906.066 -32125.2 2376.9 -34502.1 442.19648
2.65 269.43055 471.89169 21850.704 -31865.8 2416.03 -34281.8 441.93987
2.66 266.89982 148.99455 21937.453 -32177.8 2393.33 -34571.1 442.2927
2.67 270.44765 301.8822 21920.702 -31982.1 2425.15 -34407.3 442.63642
2.68 264.0893 116.67216 21937.347 -32129.4 2368.13 -34497.6 443.54499
2.69 285.9872 562.83167 21846.402 -31892.5 2564.49 -34457 441.16533
2.7 260.29602 -125.36264 21992.088 -32175.1 2334.12 -34509.2 442.97466
2.71 262.79722 1.3525071 21967.973 -32289 2356.54 -34645.6 441.94853
2.72 274.48221 -406.34192 22152.78 -32062.9 2461.33 -34524.2 444.53836
2.73 259.10519 -97.479967 21974.917 -32317.7 2323.44 -34641.1 442.07504
2.74 267.78882 500.40108 21852.216 -32093.8 2401.3 -34495.1 441.37817
2.75 279.64969 27.734195 22005.454 -31817.8 2507.66 -34325.5 444.36225
2.76 266.28612 -297.67323 22021.681 -32160.5 2387.83 -34548.3 443.582
2.77 276.42245 -131.21915 22038.96 -31914.7 2478.72 -34393.5 443.79584
2.78 267.62938 216.54563 21914.435 -32083.5 2399.88 -34483.4 442.52685
2.79 264.1284 39.480288 21960.198 -32097.6 2368.48 -34466 442.85209
2.8 289.1654 352.95012 21891.628 -31874.9 2592.99 -34467.9 441.45279
2.81 259.40102 -48.500719 22013.951 -32034.6 2326.09 -34360.7 442.34339
2.82 278.6685 -76.640012 22021.644 -32090.9 2498.86 -34589.8 443.32962
2.83 264.9919 -207.37012 22067.875 -32102.1 2376.22 -34478.3 444.38955
2.84 276.43344 172.3495 21960.108 -32096.3 2478.82 -34575.2 442.77261
2.85 272.62837 153.74533 21972.833 -32058.8 2444.7 -34503.5 443.37631
2.86 275.25901 309.21639 21889.861 -31964.1 2468.29 -34432.4 441.53976
2.87 271.65473 180.31198 21954.047 -31964.6 2435.97 -34400.6 442.68957
2.88 259.46782 42.0745 21970.087 -32165.4 2326.69 -34492.1 442.72742
2.89 261.81026 -17.098593 22040.143 -32136 2347.69 -34483.7 443.5983
2.9 263.7411 -693.40725 22206.356 -32063.6 2365.01 -34428.6 446.25217
2.91 269.56772 -654.84933 22191.196 -32139.3 2417.26 -34556.6 446.24795
2.92 276.14594 -234.92186 22052.487 -32009 2476.24 -34485.3 444.90859
2.93 257.28504 -75.365928 22021.027 -32173.3 2307.12 -34480.4 443.35707
2.94 275.27427 -235.80385 22064.273 -31995.7 2468.43 -34464.1 444.11175
2.95 271.14898 531.60324 21852.57 -32102.7 2431.44 -34534.2 440.67421
2.96 268.84247 421.59493 21877.213 -32078.8 2410.75 -34489.5 441.85018
2.97 274.6757 267.84832 21927.96 -32013.3 2463.06 -34476.4 441.33648
2.98 269.88397 577.3789 21839.35 -32052.8 2420.09 -34472.9 440.01526
2.99 267.32139 -132.60921 22047.936 -32182.2 2397.11 -34579.3 443.39387
3 272.00184 -180.57786 22067.227 -32014.2 2439.08 -34453.3 444.0687
3.01 267.82631 -276.29405 22084.02 -32171 2401.64 -34572.7 443.81638
3.02 279.30289 125.66447 21966.537 -31940.6 2504.55 -34445.1 443.12855
3.03 270.44471 270.70099 21875.575 -32135.9 2425.12 -34561 442.18609
3.04 270.59686 406.63649 21907.674 -31895.5 2426.49 -34322 442.1811
3.05 270.84362 279.01589 21919.829 -32130.8 2428.7 -34559.5 442.337
3.06 272.50711 655.82045 21835.584 -32099.7 2443.61 -34543.3 440.67164
3.07 267.56095 179.88733 21906.28 -32268.6 2399.26 -34667.9 441.99409
3.08 263.47133 -114.91556 22019.332 -32132.8 2362.59 -34495.4 443.69946
3.09 290.54398 -363.45194 22107.81 -31763.5 2605.35 -34368.9 444.96222
3.1 272.67233 -87.974654 22042.689 -32166 2445.1 -34611.1 443.46094
3.11 273.77739 -496.54788 22130.416 -31942.7 2455.01 -34397.7 443.69852
3.12 250.14264 -147.30671 22010.357 -32137.5 2243.07 -34380.5 442.65442
3.13 260.59233 -217.77194 22064.87 -32048 2336.77 -34384.8 444.50614
3.14 275.03769 33.349691 21997.503 -31933.3 2466.31 -34399.6 443.31762
3.15 276.9265 237.79926 21931.436 -32150.7 2483.24 -34633.9 442.31056
3.16 282.31988 701.38613 21811.721 -32096.8 2531.61 -34628.4 440.73096
3.17 267.62893 515.34979 21847.099 -32234.3 2399.87 -34634.1 440.9026
3.18 266.27151 49.892008 21948.267 -32075.3 2387.7 -34463 442.05644
3.19 256.15664 362.28927 21865.889 -32223.4 2297 -34520.4 442.12422
3.2 286.21295 140.92889 21965.789 -32083 2566.52 -34649.5 442.75162
3.21 269.73117 -142.64628 22018.126 -32172.6 2418.72 -34591.3 443.21333
3.22 268.85493 -272.25105 22091.875 -32041.5 2410.86 -34452.3 444.94268
3.23 265.24088 -625.71168 22180.641 -32141.3 2378.46 -34519.8 445.67981
3.24 274.15078 -243.81683 22070.851 -31968.6 2458.35 -34426.9 444.46664
3.25 266.48387 -319.05884 22099.333 -32143.2 2389.6 -34532.8 445.09419
3.26 267.01764 42.605579 21985.909 -32062.4 2394.39 -34456.8 442.68277
3.27 265.25357 194.64059 21916.48 -32168.1 2378.57 -34546.7 441.3825
3.28 270.44585 190.07802 21927.416 -32151.3 2425.13 -34576.4 441.31715
3.29 272.30754 129.59581 21965.714 -32083.3 2441.83 -34525.1 442.28573
3.3 260.49796 124.33652 21950.13 -32046.2 2335.93 -34382.1 441.4715
3.31 266.95618 378.3575 21861.566 -32191.8 2393.84 -34585.7 440.81532
3.32 273.88583 711.2323 21803.611 -32122.2 2455.98 -34578.1 440.09876
3.33 261.76522 298.86825 21898.838 -32205.7 2347.29 -34553 441.1976
3.34 273.1036 486.21862 21861.76 -32036.8 2448.96 -34485.8 440.88809
3.35 266.84214 125.65576 21999.606 -31966.6 2392.82 -34359.4 443.63579
3.36 258.68328 59.484969 21963.521 -32243.9 2319.65 -34563.6 443.64634
3.37 268.44929 -70.326495 22012.061 -32117.3 2407.23 -34524.5 443.36792
3.38 272.66827 -514.80212 22101.964 -32136.9 2445.06 -34582 444.43112
3.39 266.57714 254.28018 21911.969 -32177.6 2390.44 -34568 441.1325
3.4 277.13699 277.15025 21926.184 -32050.6 2485.13 -34535.8 441.26333
3.41 266.24517 956.62775 21728.215 -32177.5 2387.46 -34565 439.74468
3.42 269.9128 139.22036 21918.462 -32068 2420.35 -34488.3 441.43092
3.43 263.465 67.736494 21901.031 -32279.3 2362.53 -34641.9 441.54873
3.44 266.53624 -658.22666 22162.987 -32080.1 2390.07 -34470.1 445.72351
3.45 280.01431 -342.14748 22106.286 -32037.2 2510.93 -34548.2 444.80792
3.46 271.37749 -700.54879 22183.797 -31897.3 2433.49 -34330.8 445.56251
3.47 266.59736 -362.69837 22077.385 -32189 2390.62 -34579.6 444.42889
3.48 268.13756 93.354453 21956.822 -32185.7 2404.43 -34590.1 442.33107
3.49 283.58626 321.61128 21940.351 -31938.1 2542.96 -34481.1 442.05574
3.5 274.69381 850.56761 21753.754 -32060 2463.22 -34523.2 439.23901
3.51 271.3617 111.22644 21968.533 -32159 2433.34 -34592.3 443.29108
3.52 289.10098 -600.85279 22207.766 -31778.5 2592.41 -34370.9 446.19656
3.53 266.11635 -287.66394 22089.184 -32183.3 2386.31 -34569.7 444.14992
3.54 275.24515 -329.20424 22099.866 -32108.6 2468.17 -34576.8 444.68136
3.55 265.69102 -3.9481836 21998.714 -32050.3 2382.49 -34432.8 442.91949
3.56 276.5603 142.64776 21994.315 -31971.1 2479.96 -34451 442.72357
3.57 258.9482 290.40719 21885.817 -32231.2 2322.03 -34553.2 442.09525
3.58 270.85895 53.050088 21969.05 -32103.4 2428.84 -34532.2 442.92285
3.59 260.23189 751.22879 21812.327 -32070.1 2333.54 -34403.7 440.57019
3.6 264.17046 498.91917 21852.023 -32221 2368.86 -34589.8 441.73502
3.61 259.31778 269.30421 21919.059 -32127.4 2325.34 -34452.8 443.02467
3.62 268.16958 58.779596 21969.328 -32047.6 2404.72 -34452.3 443.03428
3.63 286.57719 396.30964 21909.529 -31964.2 2569.78 -34534 441.89871
3.64 278.32502 -23.912906 22041.984 -32073.5 2495.78 -34569.3 443.25489
3.65 275.26777 -276.41659 22080.198 -32117.1 2468.37 -34585.5 443.54872
3.66 255.71815 -713.9401 22142.456 -32133 2293.07 -34426.1 445.18245
3.67 264.78103 -632.12354 22158.751 -32162.6 2374.33 -34536.9 446.31639
3.68 264.36836 -123.84978 21990.369 -32039.4 2370.63 -34410.1 443.29455
3.69 281.70744 135.34432 21989.248 -31938.9 2526.12 -34465 443.53576
3.7 260.75118 482.72768 21852.042 -32128.8 2338.2 -34467 441.19766
3.71 269.49627 588.92951 21879.558 -31929 2416.62 -34345.6 440.89456
3.72 270.36827 416.71013 21903.544 -32090.3 2424.44 -34514.7 441.20695
3.73 282.22846 432.19103 21899.78 -31998.1 2530.79 -34528.9 441.70793
3.74 258.6674 305.18336 21892.979 -32204.1 2319.51 -34523.6 441.33423
3.75 268.483 -55.37436 22016.748 -31935.4 2407.53 -34342.9 443.5897
3.76 259.89209 -776.28215 22202.21 -32158.4 2330.49 -34488.9 446.0659
3.77 271.45343 -415.53551 22090.474 -31931.9 2434.17 -34366.1 445.08583
3.78 264.28738 -424.69483 22093.912 -32130.4 2369.91 -34500.3 444.86044
3.79 259.23844 -548.38873 22087.476 -32103.4 2324.63 -34428.1 444.65047
3.8 271.00474 20.129698 21999.633 -32060.1 2430.14 -34490.3 443.35544
3.81 263.04941 128.95222 21932.606 -32163.6 2358.81 -34522.5 441.74718
3.82 286.84689 369.46643 21931.327 -31878.1 2572.2 -34450.3 441.06247
3.83 276.22674 390.35882 21881.371 -32118.6 2476.97 -34595.6 441.48082
3.84 290.72367 421.01976 21885.254 -31995.5 2606.97 -34602.5 441.27603
3.85 262.56119 936.54659 21731.474 -32095.3 2354.43 -34449.8 439.78458
3.86 256.73929 448.5307 21851.489 -32271.7 2302.22 -34573.9 441.80154
3.87 280.67598 267.42872 21931.299 -32038.8 2516.87 -34555.6 442.07353
3.88 265.35704 -37.57101 22018.178 -32002 2379.5 -34381.5 443.75716
3.89 250.93222 -121.92446 22009.855 -32333.4 2250.15 -34583.6 442.84221
3.9 276.22054 -343.87633 22085.674 -32028.5 2476.91 -34505.4 444.42573
3.91 279.62673 -524.86969 22133.5 -31904.6 2507.46 -34412 444.93315
3.92 269.81402 -587.10289 22168.714 -32145.5 2419.47 -34565 445.82311
3.93 278.26678 -187.17351 22072.937 -31886.2 2495.26 -34381.5 445.06624
3.94 262.48784 -255.69361 22054.396 -32129.5 2353.77 -34483.2 444.0075
3.95 274.10422 67.059517 21987.82 -32011.9 2457.94 -34469.9 443.10788
3.96 258.04393 643.71689 21796.177 -32345.4 2313.92 -34659.3 440.11002
3.97 277.04617 296.48434 21920.551 -32060 2484.32 -34544.3 442.36957
3.98 258.25485 278.35711 21886.557 -32280.9 2315.81 -34596.7 441.61216
3.99 266.71606 818.96519 21764.586 -32149.5 2391.69 -34541.2 439.45154
4 270.43447 77.954779 21965.072 -32102.3 2425.03 -34527.3 442.3473
4.01 273.84786 -1.530032 22018.101 -32094.1 2455.64 -34549.8 443.64238
4.02 281.5279 -35.315374 22010.294 -31963.9 2524.51 -34488.4 443.01817
4.03 261.74989 -212.89769 22070.516 -32149.8 2347.15 -34497 444.03994
4.04 270.43957 -273.0843 22057.294 -32148.9 2425.07 -34573.9 443.48493
4.05 268.45335 -822.71652 22187.387 -32066.8 2407.26 -34474.1 445.22461
4.06 254.33891 -121.15273 22035.51 -32236.4 2280.7 -34517.1 443.71138
4.07 284.41854 -35.647998 22022.498 -32017.1 2550.43 -34567.6 443.85473
4.08 288.02331 236.31998 21954.236 -32146.4 2582.75 -34729.2 443.47629
4.09 269.78888 383.6269 21931.341 -32038.3 2419.24 -34457.5 442.69224
4.1 263.9045 357.14492 21909.53 -32000.8 2366.47 -34367.3 442.65628
4.11 274.62925 -27.714765 21961.838 -32222.4 2462.64 -34685.1 443.04694
4.12 273.92509 -36.368824 22049.773 -32112.4 2456.33 -34568.7 443.20377
4.13 274.29145 -453.86902 22096.023 -32244.5 2459.62 -34704.1 443.93216
4.14 272.19465 -2.1633757 21991.305 -32089.4 2440.81 -34530.2 442.19335
4.15 275.96808 -306.42583 22062.884 -32054.4 2474.65 -34529 443.08463
4.16 274.8567 -173.35162 22053.717 -31962.7 2464.68 -34427.4 443.15103
4.17 273.61587 58.061372 21973 -32117.3 2453.56 -34570.8 442.13165
4.18 275.50082 32.532696 21995.323 -31955.9 2470.46 -34426.3 443.46928
4.19 264.54224 187.96416 21937.873 -32162.7 2372.19 -34534.9 442.05824
4.2 270.99688 555.11601 21843.082 -31976.2 2430.07 -34406.3 441.2919
4.21 265.05009 371.19806 21903.784 -32112.2 2376.75 -34488.9 441.97264
4.22 287.75205 694.9818 21836.111 -32030.1 2580.32 -34610.5 441.53996
4.23 262.01973 52.363177 21985.538 -32004.3 2349.57 -34353.8 443.08673
4.24 267.30556 470.29929 21867.407 -32156.5 2396.97 -34553.5 441.07824
4.25 264.51815 -17.577716 21972.062 -32067.1 2371.98 -34439.1 442.29377
4.26 268.6367 -25.152435 21981.723 -32130.5 2408.91 -34539.4 443.04112
4.27 272.94553 178.27231 21931.602 -32043.4 2447.55 -34490.9 441.27578
4.28 266.99355 -95.991662 21974.335 -32152.1 2394.17 -34546.3 443.0085
4.29 275.49979 221.77278 21924.045 -32067.4 2470.45 -34537.9 441.47619
4.3 287.28042 57.595698 21987.883 -31950 2576.09 -34526.1 442.95329
4.31 275.50275 388.15954 21877.284 -32052.2 2470.48 -34522.6 441.51228
4.32 282.23026 -11.536678 22005.108 -31899 2530.8 -34429.8 443.33216
4.33 267.38409 15.532714 21999.406 -32141.1 2397.68 -34538.8 443.06905
4.34 290.36828 679.75033 21822.738 -31883.8 2603.78 -34487.5 441.08918
4.35 275.20395 340.56215 21888.557 -32108.2 2467.8 -34576 441.76047
4.36 271.7302 314.37044 21942.262 -32002.6 2436.65 -34439.3 442.75029
4.37 262.44581 -195.43132 22028.253 -32266.5 2353.39 -34619.9 443.05719
4.38 271.29772 -246.65584 22049.274 -32074.6 2432.77 -34507.3 443.98331
4.39 280.14115 -429.18267 22091.514 -32129.1 2512.07 -34641.2 443.7121
4.4 285.72323 -514.0183 22136.557 -31975.2 2562.13 -34537.3 444.7858
4.41 275.58001 -774.46279 22197.839 -32099.3 2471.17 -34570.5 445.98475
4.42 277.64006 -283.75554 22061.213 -32106.3 2489.64 -34595.9 444.84963
4.43 278.80499 -331.6124 22090.416 -31881.4 2500.09 -34381.5 445.06733
4.44 259.36942 -1.0595551 21957.957 -32188.6 2325.81 -34514.4 441.87373
4.45 267.74525 275.38529 21950.068 -32028.3 2400.91 -34429.2 442.03198
4.46 268.07882 561.83878 21829.283 -32088.5 2403.91 -34492.4 440.13581
4.47 257.19584 232.49502 21893.578 -32244 2306.32 -34550.3 441.31789
4.48 271.33221 431.72005 21888.801 -32025.8 2433.08 -34458.9 441.71994
4.49 265.37909 887.47325 21765.396 -32241.7 2379.7 -34621.3 440.00087
4.5 260.05069 113.00114 21936.629 -32119.7 2331.92 -34451.7 441.60587
4.51 275.4473 -147.09209 22047.223 -31950.9 2469.98 -34420.9 443.45801
4.52 275.24496 -459.00835 22125.964 -32065.5 2468.17 -34533.7 445.55219
4.53 270.29741 -456.13131 22130.991 -32232.3 2423.8 -34656.1 445.40473
4.54 273.06155 -22.464312 22004.2 -32117.7 2448.59 -34566.3 443.25822
4.55 272.74369 -224.83883 22069.976 -32119 2445.74 -34564.8 443.70361
4.56 275.14188 -130.39417 22006.388 -32150.3 2467.24 -34617.6 443.53474
4.57 289.52125 -223.24206 22107.931 -31805.9 2596.18 -34402.1 444.18868
4.58 261.54964 244.027 21956.283 -32136.6 2345.36 -34481.9 441.66174
4.59 271.78901 499.44627 21884.716 -31934.6 2437.18 -34371.8 441.17128
4.6 275.06323 174.28154 21939.833 -32010.2 2466.54 -34476.8 441.33085
4.61 266.98355 431.17645 21915.7 -32086.5 2394.08 -34480.6 441.2539
4.62 264.99551 174.14613 21927.924 -32231 2376.26 -34607.3 441.84632
4.63 275.69809 318.19496 21918.03 -31858.5 2472.23 -34330.7 442.15245
4.64 248.62751 -26.570626 21973.332 -32144.5 2229.48 -34374 443.47792
4.65 271.78834 78.340325 21980.533 -31958.4 2437.17 -34395.6 444.72484
4.66 260.98606 -60.05223 22003.976 -32177.3 2340.3 -34517.6 442.90344
4.67 252.88321 -303.595 22051.255 -32225.1 2267.64 -34492.7 443.84728
4.68 275.69745 -30.450738 22027.735 -32035 2472.22 -34507.2 443.96102
4.69 271.4407 -419.2337 22141.919 -32042.6 2434.05 -34476.7 444.93584
4.7 275.25163 -488.90236 22149.008 -32010.6 2468.23 -34478.8 444.47051
4.71 267.33124 -174.03498 22047.839 -32151 2397.2 -34548.2 443.69019
4.72 269.83781 -129.10316 21996.754 -31960.6 2419.68 -34380.2 443.23665
4.73 268.37979 281.41942 21919.813 -32075.4 2406.6 -34482.1 441.9313
4.74 285.73761 315.57019 21929.163 -32049.8 2562.25 -34612.1 442.05842
4.75 262.34777 554.83276 21858.186 -32182.3 2352.51 -34534.8 441.33194
4.76 271.49499 301.13793 21932.351 -32058.9 2434.54 -34493.4 442.10123
4.77 268.13757 195.41308 21911.504 -32213.7 2404.43 -34618.1 441.87178
4.78 275.98474 550.43897 21845.266 -31972.1 2474.8 -34446.9 441.06526
4.79 268.5553 386.27572 21895.496 -32136.4 2408.18 -34544.5 441.42673
4.8 270.68968 310.06377 21891.627 -32145.6 2427.32 -34572.9 441.83675
4.81 267.22045 -14.118419 22017.676 -31984.2 2396.21 -34380.4 443.95344
4.82 269.33012 -111.1928 22010.314 -32003.9 2415.13 -34419 443.69051
4.83 275.84802 -248.70369 22060.743 -31906 2473.57 -34379.5 443.17075
4.84 276.91238 -602.77375 22168.557 -32116.6 2483.12 -34599.7 444.78613
4.85 274.27818 -329.94145 22102.186 -32055.6 2459.5 -34515.1 444.337
4.86 264.76295 -410.78653 22142.772 -32069.4 2374.17 -34443.5 444.32879
4.87 254.84957 -660.18868 22167.229 -32169.2 2285.28 -34454.5 445.48269
4.88 266.37134 -326.26456 22062.114 -32052.8 2388.59 -34441.4 443.64958
4.89 253.37646 -255.82217 22064.968 -32308.7 2272.07 -34580.8 443.76548
4.9 267.22242 -148.17303 22015.189 -32073 2396.23 -34469.2 442.7797
4.91 267.07316 108.42327 21957.63 -32127.2 2394.89 -34522.1 442.3996
4.92 289.0185 467.82651 21905.871 -31828.8 2591.67 -34420.5 442.68729
4.93 262.29833 701.37037 21775.672 -32155.5 2352.07 -34507.6 440.10359
4.94 270.78669 243.68921 21954.801 -32077.2 2428.19 -34505.3 442.77623
4.95 262.6649 92.387796 21963.09 -32268.1 2355.36 -34623.4 443.61636
4.96 274.59573 -177.84046 22027.637 -32163.1 2462.34 -34625.4 444.01877
4.97 265.20912 -373.54674 22103.454 -32054.8 2378.17 -34432.9 444.27446
4.98 263.03885 -809.20841 22200.481 -32174.2 2358.71 -34532.9 445.47009
4.99 277.35362 -379.94881 22135.285 -32090.9 2487.07 -34577.9 444.99343
5 273.48112 -566.68867 22141.015 -32098.6 2452.35 -34550.9 443.96216
5.01 257.65469 -383.19903 22089.485 -32126.2 2310.43 -34436.6 443.97924
5.02 267.40259 -154.33563 22015.56 -32125.6 2397.84 -34523.4 442.25491
5.03 273.39999 70.303841 21998.458 -31946.9 2451.62 -34398.6 443.42254
5.04 256.0548 102.99662 21969.816 -32099.6 2296.08 -34395.7 442.95975
5.05 261.41322 207.33431 21899.858 -32136.1 2344.13 -34480.2 442.80864
5.06 254.93913 197.22511 21867.527 -32206.1 2286.08 -34492.2 443.22982
5.07 270.24378 777.42624 21783.488 -32106.6 2423.32 -34530 440.736
5.08 263.24678 -86.953224 21994.787 -32221 2360.58 -34581.6 443.62521
5.09 257.50056 -825.88013 22239.522 -31910.2 2309.05 -34219.2 445.95888
5.1 268.80446 -374.19998 22094.377 -32123.7 2410.41 -34534.1 443.0681
5.11 280.03849 -19.8244 21991.388 -32029.8 2511.15 -34540.9 442.65587
5.12 277.80862 96.381007 21951.784 -32007.1 2491.15 -34498.3 441.77884
5.13 255.32086 542.09957 21823.968 -32338 2289.5 -34627.5 440.0276
5.14 272.43364 286.64661 21913.262 -31979.1 2442.96 -34422.1 441.98591
5.15 281.50648 286.8167 21920.701 -32086.8 2524.31 -34611.2 441.68769
5.16 263.08722 79.991447 21961.818 -32065.8 2359.14 -34424.9 443.06706
5.17 256.06218 -188.03246 22040.238 -32225.6 2296.15 -34521.7 444.40511
5.18 264.6008 -92.777007 22019.763 -32029.4 2372.72 -34402.2 444.15733
5.19 266.54313 -182.86498 22054.137 -32128.5 2390.13 -34518.6 444.70684
5.2 274.11337 -484.59282 22162.621 -32137.3 2458.02 -34595.3 445.62854
5.21 275.41072 -109.85166 22053.464 -32005.4 2469.65 -34475 443.267
5.22 243.32719 -340.90518 22039.969 -32422.9 2181.95 -34604.9 442.40651
5.23 272.86522 -703.03466 22189.07 -31998.2 2446.83 -34445 445.02434
5.24 256.33397 -273.75407 22040.43 -32176 2298.59 -34474.6 443.29113
5.25 271.6898 -384.96826 22130.368 -31974.4 2436.29 -34410.7 444.48604
5.26 270.27592 -147.72256 22039.504 -32068.2 2423.61 -34491.8 443.48382
5.27 274.94416 -205.97131 22084.528 -32131.4 2465.47 -34596.9 444.80068
5.28 272.44404 -140.99812 22046.336 -31928.7 2443.05 -34371.7 444.0385
5.29 264.35538 84.482148 21997.274 -32139.1 2370.52 -34509.6 443.40204
5.3 276.55743 -215.72539 22070.751 -32090.9 2479.93 -34570.9 443.73218
5.31 269.10784 186.4361 21939.767 -32316.7 2413.13 -34729.9 442.78566
5.32 281.53548 399.42015 21895.601 -32064.8 2524.57 -34589.4 442.04243
5.33 284.41934 920.28655 21751.108 -32003.4 2550.43 -34553.9 440.58857
5.34 246.62219 -117.08045 22007.741 -32331.2 2211.5 -34542.7 442.84039
5.35 264.80574 -263.37193 22069.127 -32000.9 2374.56 -34375.4 443.3883
5.36 263.32452 -266.6053 22024.621 -32226.6 2361.27 -34587.9 442.6636
5.37 274.60792 -203.4728 22062.417 -32037.1 2462.45 -34499.5 443.72605
5.38 262.45663 -308.15004 22062.995 -32275 2353.49 -34628.5 443.65136
5.39 268.10142 -753.82053 22232.667 -32089.7 2404.11 -34493.8 445.94687
5.4 268.38441 -363.1763 22059.567 -32160 2406.65 -34566.6 444.39702
5.41 256.17136 -170.39494 22027.665 -32132 2297.13 -34429.1 443.2355
5.42 280.11653 482.95045 21891.297 -32024.8 2511.85 -34536.7 441.26768
5.43 260.8757 317.50414 21910.988 -32246 2339.31 -34585.3 441.52253
5.44 271.27761 463.13215 21880.384 -31994.9 2432.59 -34427.5 441.46041
5.45 259.84545 709.16894 21787.208 -32188.8 2330.08 -34518.9 439.90261
5.46 276.80591 427.0066 21899.322 -31958.2 2482.16 -34440.4 441.39671
5.47 262.11107 -33.494811 21993.17 -32102.8 2350.39 -34453.2 442.32693
5.48 259.23738 -99.416723 22024.892 -32094.3 2324.62 -34418.9 443.32394
5.49 274.8385 -554.66989 22133.11 -31957.7 2464.52 -34422.2 445.4311
5.5 268.08427 -211.06676 22071.218 -32198.5 2403.95 -34602.4 444.1062
5.51 270.25294 -388.45912 22115.588 -32046.8 2423.4 -34470.2 445.16048
5.52 259.28269 -396.42415 22071.845 -32144.2 2325.03 -34469.3 444.53753
5.53 273.52466 -189.3013 22045.184 -31900.7 2452.74 -34353.4 444.04365
5.54 262.47646 -645.3321 22181.981 -32163.3 2353.67 -34517 446.12094
5.55 271.81043 -281.36467 22095.427 -32062.9 2437.37 -34500.2 444.93532
5.56 267.04288 -110.16895 22029.89 -32224.1 2394.62 -34618.8 444.17975
5.57 266.57517 -459.89597 22110.172 -31974.7 2390.42 -34365.1 444.5048
5.58 280.03102 -134.24685 22005.754 -32065.8 2511.08 -34576.9 442.99907
5.59 262.44033 133.74816 21966.735 -32221.1 2353.34 -34574.5 442.67431
5.6 270.74403 -36.638047 21989.746 -32031.9 2427.8 -34459.7 443.16997
5.61 262.39524 653.83101 21803.019 -32179.8 2352.94 -34532.7 440.2222
5.62 269.10691 641.1264 21846.634 -31967.2 2413.12 -34380.3 440.62872
5.63 261.5751 291.37788 21891.731 -32279.3 2345.59 -34624.9 441.3718
5.64 271.30209 477.41784 21864.065 -32021.6 2432.81 -34454.4 441.26109
5.65 272.85591 677.99291 21841.332 -32020 2446.74 -34466.7 441.10724
5.66 272.90928 270.68742 21935.931 -32175.3 2447.22 -34622.5 442.43262
5.67 272.02444 -242.17001 22067.474 -32071.4 2439.29 -34510.7 444.14933
5.68 261.18472 -627.02738 22189.845 -32100.3 2342.08 -34442.4 445.42176
5.69 253.71437 -738.98375 22169.485 -32203.3 2275.1 -34478.4 445.2481
5.7 265.36397 -274.51606 22092.474 -32122.4 2379.56 -34501.9 444.37894
5.71 271.1472 -355.08087 22048.319 -32236.1 2431.42 -34667.5 443.58223
5.72 264.76529 -419.31819 22104.364 -32066.5 2374.19 -34440.7 444.69664
5.73 265.88566 -419.23698 22099.133 -32098.5 2384.24 -34482.7 445.13292
5.74 262.66316 -48.428835 22017.923 -31871.8 2355.34 -34227.1 443.77413
5.75 268.56492 35.838287 21991.388 -32118.2 2408.26 -34526.5 443.30632
5.76 284.22561 470.93611 21898.117 -31937.5 2548.7 -34486.2 441.4176
5.77 271.31615 229.16879 21885.45 -32135.1 2432.93 -34568.1 441.47576
5.78 280.53453 343.98074 21897.738 -32074.8 2515.6 -34590.4 441.37876
5.79 270.41639 638.66409 21839.778 -32224.4 2424.87 -34649.3 440.74782
5.8 264.0701 138.92257 21871.433 -32108.9 2367.96 -34476.9 441.19303
5.81 261.01944 51.131854 21947.58 -32163.6 2340.6 -34504.2 443.10339
5.82 266.90403 352.00427 21915.978 -32060 2393.37 -34453.3 442.21348
5.83 267.53286 165.09262 21927.372 -32220.7 2399.01 -34619.7 441.49154
5.84 262.63152 391.93067 21873.598 -32190.5 2355.06 -34545.5 441.23995
5.85 275.81015 18.22259 21987.93 -31972.5 2473.23 -34445.7 443.04495
5.86 255.02899 -83.992204 21996.192 -32265.8 2286.89 -34552.7 442.89903
5.87 265.63815 -205.07907 22032.43 -32079 2382.02 -34461 443.74699
5.88 265.50653 98.635808 21930.493 -32306 2380.84 -34686.9 442.95162
5.89 264.93339 244.15517 21943.215 -32163.2 2375.7 -34538.9 442.45556
5.9 261.50094 -570.55199 22119.913 -32136.6 2344.92 -34481.6 444.7477
5.91 260.39835 -222.1415 22039.035 -32196.3 2335.03 -34531.3 443.04914
5.92 269.29936 -273.86526 22089.775 -31873.1 2414.85 -34288 443.68094
5.93 277.88839 -565.45792 22155.021 -32060.4 2491.87 -34552.2 444.69945
5.94 255.55145 -425.84069 22080.425 -32097.8 2291.57 -34389.3 444.53452
5.95 269.20442 -191.39405 22052.711 -32234.3 2414 -34648.3 443.72021
5.96 270.06181 -529.21965 22103.491 -31952.8 2421.69 -34374.5 446.04894
5.97 276.10312 -216.26843 22058.431 -32140.4 2475.86 -34616.3 444.36247
5.98 270.60312 -3.9673858 21982.135 -32064.5 2426.54 -34491 443.08437
5.99 282.30819 24.998471 21964.105 -31959 2531.5 -34490.5 443.22863
6 265.82631 267.94567 21930.567 -32212.8 2383.71 -34596.5 442.12414
6.01 281.65509 657.62897 21812.076 -32098.9 2525.65 -34624.6 441.09071
6.02 277.69849 374.87792 21870.389 -32104.3 2490.17 -34594.5 441.91381
6.03 266.30375 173.54885 21937.189 -32146.5 2387.99 -34534.5 442.68655
6.04 286.59919 -23.484542 22009.677 -31900 2569.98 -34470 443.33368
6.05 272.91601 -217.38347 22059.295 -32133.8 2447.28 -34581.1 443.69025
6.06 270.83745 -305.9879 22101.559 -32050.8 2428.64 -34479.4 444.19218
6.07 267.6731 -357.83939 22084.447 -31973.9 2400.27 -34374.2 443.56385
6.08 265.75196 -167.86765 22003.253 -32211.8 2383.04 -34594.8 442.90952
6.09 272.26802 69.679686 21998.823 -32074.3 2441.47 -34515.8 443.35818
6.1 259.66469 -38.786136 21986.48 -32197.4 2328.45 -34525.8 442.80985
6.11 270.1035 76.215577 21997.527 -32100.1 2422.06 -34522.2 443.16169
6.12 262.03535 -152.39026 22054.23 -32235.3 2349.71 -34585 443.75935
6.13 265.2119 -262.76231 22075.51 -32039.8 2378.2 -34418 444.05036
6.14 273.2217 -710.21587 22120.48 -32209.9 2450.02 -34660 444.94517
6.15 270.60564 102.3754 22008.795 -32100 2426.56 -34526.6 442.67284
6.16 255.67342 368.90857 21911.707 -32175.8 2292.66 -34468.5 441.81758
6.17 268.28571 -15.9328 21990.964 -32106 2405.76 -34511.8 443.50557
6.18 272.23291 -396.68522 22102.065 -31964.5 2441.16 -34405.6 445.34312
6.19 267.92954 35.368841 21973.067 -32140.6 2402.57 -34543.1 442.98429
6.2 270.22361 55.320864 21973.097 -32065.9 2423.14 -34489 442.77867
6.21 261.39824 607.75743 21842.845 -32228 2344 -34572 441.00548
6.22 267.16195 679.58479 21821.28 -32116.6 2395.68 -34512.3 440.30263
6.23 276.92991 257.49094 21932.561 -32064.1 2483.27 -34547.4 442.20393
6.24 271.13986 182.95232 21967.949 -32161.8 2431.35 -34593.1 443.24124
6.25 286.98872 -597.5836 22183.896 -31976.1 2573.47 -34549.6 445.9668
6.26 257.86724 -434.14111 22101.159 -32233.3 2312.34 -34545.7 443.98353
6.27 263.61576 -475.96882 22116.925 -32229.1 2363.88 -34593 444.40025
6.28 280.43021 -114.04067 22036.147 -31873.1 2514.66 -34387.8 443.75324
6.29 265.40763 30.313336 21992.229 -32166 2379.95 -34546 442.40625
6.3 280.18247 -27.581668 21995.125 -31991.7 2512.44 -34504.2 443.39199
6.31 272.87518 29.490338 21932.412 -32185.1 2446.92 -34632 441.82941
6.32 275.03839 845.27567 21769.548 -32223.9 2466.31 -34690.2 440.72197
6.33 270.08642 83.832316 21968.652 -32015.8 2421.91 -34437.7 443.00949
6.34 270.70867 473.79773 21869.731 -32168.8 2427.49 -34596.3 441.90852
6.35 277.76871 -55.44488 22005.353 -31928.1 2490.8 -34418.9 443.15009
6.36 280.10448 -159.19792 22041.98 -32166 2511.74 -34677.8 443.49001
6.37 280.25197 -260.49209 22070.664 -32016 2513.06 -34529 443.64119
6.38 262.54817 -85.810961 22035.499 -32197.7 2354.31 -34552 442.66625
6.39 259.88429 116.4703 21937.622 -32131.2 2330.42 -34461.6 441.28098
6.4 267.8515 240.77218 21906.884 -32180.2 2401.87 -34582 441.06846
6.41 267.64269 -204.41505 22066.979 -31996.4 2399.99 -34396.4 443.5329
6.42 274.63658 112.42514 21943.823 -32115 2462.71 -34577.7 442.33276
6.43 277.74611 283.34333 21919.85 -31928.6 2490.59 -34419.2 442.82402
6.44 270.94744 583.99723 21822.659 -32136.9 2429.63 -34566.5 441.65876
6.45 273.37346 150.58336 21969.004 -32029.4 2451.38 -34480.7 443.57795
6.46 280.57941 211.37677 21958.152 -31979.8 2516 -34495.8 443.31483
6.47 271.34171 -21.22729 22001.363 -32161 2433.16 -34594.2 443.92494
6.48 279.48651 519.76357 21837.873 -32020.9 2506.2 -34527.1 441.16067
6.49 268.35282 24.734166 21956.816 -32196.9 2406.36 -34603.3 442.54286
6.5 268.93939 130.73081 21980.843 -31892.4 2411.62 -34304 442.4822
6.51 259.33805 -79.67129 22021.28 -32117 2325.53 -34442.6 442.23564
6.52 289.56292 -133.05457 22033.547 -32022.8 2596.56 -34619.4 443.00957
6.53 274.15292 -427.451 22133.864 -31977.4 2458.37 -34435.8 444.80621
6.54 253.98795 -93.389531 21991.156 -32324 2277.55 -34601.5 443.15652
6.55 280.36912 61.985813 22010.891 -31962.1 2514.11 -34476.2 443.39649
6.56 269.1395 76.340836 21957.001 -32205.1 2413.42 -34618.5 443.08624
6.57 276.43296 122.31068 21965.422 -31960.9 2478.82 -34439.7 443.23882
6.58 273.53217 400.29738 21875.994 -32153.5 2452.81 -34606.3 440.81486
6.59 270.71651 7.2068637 21980.356 -31986.8 2427.56 -34414.3 442.86406
6.6 266.59537 692.33744 21832.21 -32096.8 2390.6 -34487.4 440.12301
6.61 272.78592 114.98101 21953.299 -32128.1 2446.11 -34574.2 442.27105
6.62 272.8995 381.4498 21862.288 -32234 2447.13 -34681.1 441.92641
6.63 268.38619 396.34214 21878.634 -32035.9 2406.66 -34442.6 443.1229
6.64 265.85485 -3.0845372 22008.377 -31999.5 2383.96 -34383.5 444.29872
6.65 266.10425 -162.50124 21994.718 -32300.4 2386.2 -34686.6 443.35397
6.66 268.34094 293.69882 21928.917 -32086.2 2406.26 -34492.5 443.30954
6.67 271.18198 1212.5932 21656.72 -32105.4 2431.73 -34537.2 438.73047
6.68 270.64228 359.73947 21885.962 -32179.1 2426.89 -34606 440.74535
6.69 271.84625 48.710501 22002.941 -31944.1 2437.69 -34381.8 443.10044
6.7 253.12092 -217.91764 22019.12 -32234.3 2269.78 -34504 443.90467
6.71 278.46617 -155.41611 22058.663 -32086.9 2497.05 -34584 443.97561
6.72 259.51066 -775.75312 22146.286 -32235.4 2327.07 -34562.5 445.59803
6.73 265.4525 24.174989 21975.693 -32090.2 2380.35 -34470.5 443.12509
6.74 265.08555 -132.24365 22006.556 -32184.3 2377.06 -34561.4 443.16014
6.75 263.62092 117.59689 21952.972 -32166.4 2363.93 -34530.3 442.38858
6.76 276.5645 228.40901 21913.295 -32016.6 2480 -34496.6 442.08133
6.77 265.91415 452.66409 21863.678 -32188.8 2384.49 -34573.3 441.33025
6.78 273.65222 533.21049 21860.87 -32021.5 2453.88 -34475.4 441.51452
6.79 267.18362 1158.181 21652.965 -32169.3 2395.88 -34565.1 438.8376
6.8 265.49771 488.58784 21852.481 -32019.1 2380.76 -34399.9 440.3377
6.81 279.48444 107.8485 21968.868 -32179.5 2506.18 -34685.7 441.40285
6.82 274.17766 -305.79573 22065.6 -32019.1 2458.59 -34477.7 443.58369
6.83 269.24766 -84.485353 22002.507 -32122 2414.39 -34536.4 442.87546
6.84 260.42408 -560.99959 22129.197 -32089.7 2335.26 -34424.9 445.23454
6.85 270.33624 -437.93839 22097.416 -32202 2424.15 -34626.2 444.68825
6.86 276.85431 -289.29236 22040.772 -31941.8 2482.6 -34424.4 443.95764
6.87 257.30374 -188.76893 22016.771 -32179.2 2307.28 -34486.5 443.59092
6.88 261.15637 314.73193 21913.663 -32298.2 2341.83 -34640.1 442.45795
6.89 268.2026 463.30793 21887.012 -32044.4 2405.02 -34449.5 441.71156
6.9 268.41925 440.0722 21840.802 -32171.1 2406.96 -34578.1 439.92355
6.91 260.81455 748.85997 21753.696 -32162.1 2338.77 -34500.9 439.8507
6.92 279.61781 339.23104 21900.584 -32031.9 2507.38 -34539.3 440.57521
6.93 283.34215 -36.399092 22011.883 -32083.1 2540.77 -34623.9 442.57107
6.94 276.73417 -612.0422 22210.453 -31924 2481.52 -34405.5 445.72645
6.95 270.75256 -46.776032 22007.922 -32077.4 2427.88 -34505.3 443.76752
6.96 276.99047 260.84869 21936.523 -32024.1 2483.82 -34508 443.56246
6.97 273.09885 693.93213 21781.718 -32186.2 2448.92 -34635.1 441.1208
6.98 272.38027 679.20029 21817.996 -32106.4 2442.48 -34548.9 440.85428
6.99 266.75874 387.16336 21884.653 -32149.6 2392.07 -34541.7 442.08104
7 266.39006 555.41582 21848.048 -32115 2388.76 -34503.8 441.22817
7.01 264.94373 544.50797 21779.545 -32113.4 2375.79 -34489.2 439.73769
7.02 266.93599 405.81234 21856.774 -32205.7 2393.66 -34599.4 441.31117
7.03 269.05992 26.90736 21972.842 -32037.4 2412.7 -34450.1 442.72303
7.04 278.62032 -164.39981 22076.485 -32136.8 2498.43 -34635.2 444.79218
7.05 284.18022 -111.60668 22053.192 -31755.1 2548.29 -34303.4 444.21259
7.06 278.27135 -368.90212 22117.826 -32157.6 2495.3 -34652.9 444.32608
7.07 269.42921 -272.64784 22135.288 -31978.6 2416.01 -34394.6 444.4154
7.08 265.52857 -233.89158 22049.556 -32230.2 2381.04 -34611.2 443.37558
7.09 267.63034 -449.99587 22140.105 -31931.9 2399.88 -34331.8 445.04225
7.1 257.33445 -391.9225 22088.598 -32203.4 2307.56 -34510.9 443.42155
7.11 272.44182 191.45593 21943.561 -31954.1 2443.03 -34397.2 443.0543
7.12 277.83371 383.77027 21882.637 -32110.4 2491.38 -34601.8 442.04342
7.13 263.80054 786.57767 21787.757 -32157.7 2365.54 -34523.3 440.39299
7.14 274.13258 648.14703 21825.251 -32058.4 2458.19 -34516.5 440.84499
7.15 267.79075 217.4822 21914.715 -31893 2401.32 -34294.3 441.36261
7.16 272.2335 96.51049 21979.054 -32149.2 2441.16 -34590.4 442.03887
7.17 279.02519 729.8022 21808.5 -31969 2502.06 -34471.1 441.01511
7.18 256.11458 135.25369 21943.792 -32246.5 2296.62 -34543.1 442.08448
7.19 268.65042 -50.821541 21993.413 -32030.4 2409.03 -34439.4 443.49355
7.2 271.25509 -158.44666 22043.934 -32158.1 2432.39 -34590.5 443.6553
7.21 276.87094 -339.2466 22094.293 -31854.2 2482.75 -34336.9 445.06666
7.22 264.92699 -305.8393 22071.043 -32121.7 2375.64 -34497.3 443.62856
7.23 271.99296 -613.10826 22167.284 -32067.1 2439 -34506.1 445.0351
7.24 268.17707 266.04886 21924.244 -32205.7 2404.79 -34610.5 441.60776
7.25 279.2747 24.850366 21981.967 -32027.8 2504.3 -34532.1 441.94243
7.26 266.24721 302.57431 21886.996 -32252.1 2387.48 -34639.6 441.30549
7.27 268.83811 887.61769 21769.579 -32103.3 2410.71 -34514 440.12611
7.28 269.43113 523.91544 21838.616 -32169.4 2416.03 -34585.4 441.87988
7.29 277.7987 348.88244 21883.726 -32036.8 2491.07 -34527.8 441.49886
7.3 261.52556 44.198692 21991.093 -32208 2345.14 -34553.2 442.29217
7.31 277.50032 36.288891 22036.151 -31970.8 2488.39 -34459.2 443.08625
7.32 284.85184 -362.50304 22111.834 -31996.1 2554.31 -34550.4 444.28524
7.33 272.98691 30.781117 21998.457 -32092.2 2447.92 -34540.1 442.87311
7.34 265.28384 4.8274305 22003.314 -32007.3 2378.84 -34386.1 442.46527
7.35 259.76519 -129.39701 21986.212 -32194.2 2329.36 -34523.6 443.18875
7.36 262.18411 -131.91931 22025.772 -32120.4 2351.05 -34471.5 443.86888
7.37 283.42824 -637.47933 22169.706 -32088.3 2541.55 -34629.8 446.21278
7.38 269.7602 -401.36638 22090.654 -32230 2418.98 -34649 444.40852
7.39 276.03706 -347.59854 22062.063 -32030.1 2475.27 -34505.3 443.26191
7.4 275.52897 -460.06084 22117.679 -31944.1 2470.71 -34414.8 443.49012
7.41 274.99922 -47.921999 22025.536 -32082.1 2465.96 -34548.1 442.92494
7.42 277.52728 -94.069702 22016.443 -32056.4 2488.63 -34545 442.8374
7.43 266.73933 232.48635 21929.248 -32151 2391.89 -34542.8 441.94203
7.44 275.13072 395.70971 21856.492 -32203.5 2467.14 -34670.6 441.35826
7.45 275.89393 1265.5961 21644.606 -32018.3 2473.98 -34492.3 438.22885
7.46 272.45569 577.40917 21838.913 -32301.9 2443.15 -34745.1 441.44655
7.47 262.96131 323.7108 21930.623 -32064.9 2358.02 -34422.9 442.33721
7.48 273.6755 602.39559 21814.913 -31932.1 2454.09 -34386.1 441.10889
7.49 261.58841 43.949664 21989.82 -32131.8 2345.7 -34477.5 443.16718
7.5 272.3915 -475.21858 22117.213 -32005.5 2442.58 -34448.1 443.96897
7.51 254.80349 -372.60368 22090.208 -32118.3 2284.86 -34403.2 443.92593
7.52 278.85861 -529.78997 22146.774 -32009.9 2500.57 -34510.4 445.4412
7.53 270.72081 -317.60387 22081.545 -31991.5 2427.6 -34419.1 444.13639
7.54 260.30334 -174.03757 22017.811 -32267.7 2334.18 -34601.8 443.69916
7.55 265.16863 -18.547811 21987.937 -32077.6 2377.81 -34455.4 442.56919
7.56 260.36401 282.59972 21904.408 -32217.7 2334.73 -34552.4 441.52811
7.57 257.26419 120.99744 21913.22 -32206.8 2306.93 -34513.7 441.60037
7.58 268.86933 550.21973 21850.669 -32031.6 2410.99 -34442.6 441.24385
7.59 251.05584 6.0587138 21941.879 -32316.2 2251.26 -34567.4 442.60363
7.6 276.73276 -132.55669 21988.654 -32046.8 2481.51 -34528.3 443.4742
7.61 273.46422 -645.38024 22199.701 -32109 2452.2 -34561.2 445.99948
7.62 272.30867 -279.75916 22106.416 -31850.1 2441.84 -34291.9 444.82875
7.63 266.39763 -339.48399 22106.687 -32160.3 2388.83 -34549.1 444.30927
7.64 263.67905 -479.40418 22128.684 -32160 2364.45 -34524.4 445.00277
7.65 269.9489 -34.19651 22007.585 -32208 2420.67 -34628.7 442.54583
7.66 276.50191 -200.58714 22039.372 -32098 2479.44 -34577.4 443.36549
7.67 250.32298 -57.475092 21981.773 -32387.9 2244.69 -34632.5 442.33293
7.68 268.56897 358.43403 21890.7 -32042.2 2408.3 -34450.5 442.27735
7.69 264.87938 882.24626 21718.856 -32151.1 2375.22 -34526.4 439.4087
7.7 263.04518 362.26319 21868.262 -32214.3 2358.77 -34573.1 441.22112
7.71 276.6007 124.97042 21962.561 -32112 2480.32 -34592.3 442.26499
7.72 273.772 -190.74444 22064.41 -32097 2454.96 -34551.9 443.12768
7.73 262.01011 -754.43899 22196.935 -32247.8 2349.49 -34597.2 444.98285
7.74 269.29101 -64.379647 22006.53 -32121.2 2414.78 -34536 442.05468
7.75 267.90284 22.101121 21942.438 -32216.3 2402.33 -34618.7 442.31966
7.76 270.5962 260.22977 21893.578 -32148 2426.48 -34574.5 442.00996
7.77 266.62394 740.31697 21799.423 -32047.8 2390.86 -34438.7 440.58708
7.78 269.40646 360.38549 21918.611 -32048.3 2415.81 -34464.2 442.1621
7.79 263.68398 -6.0039025 21972.116 -32120 2364.5 -34484.5 442.87145
7.8 265.54833 -387.68182 22131.107 -32003 2381.21 -34384.2 444.78434
7.81 257.00073 -450.17659 22113.63 -32374.1 2304.57 -34678.7 444.5412
7.82 262.33283 -87.187355 22032.621 -31982.5 2352.38 -34334.8 444.01782
7.83 276.78506 22.415362 21994.152 -31983.9 2481.98 -34465.9 443.94042
7.84 258.91718 86.793269 21928.73 -32353.4 2321.75 -34675.1 443.30356
7.85 283.91991 574.4583 21847.584 -32027.3 2545.95 -34573.3 441.39102
7.86 265.29109 -133.52996 22024.251 -32135.3 2378.91 -34514.2 443.38777
7.87 268.11489 -124.44028 22022.507 -32120.9 2404.23 -34525.1 442.88537
7.88 271.59704 -207.24345 22069.189 -32032.6 2435.45 -34468.1 444.21965
7.89 255.44539 -456.00736 22099.116 -32168.1 2290.62 -34458.7 444.42267
7.9 256.45579 -64.716824 21995.556 -32337.6 2299.68 -34637.3 443.56798
7.91 260.9108 -77.1564 22021.929 -32070.8 2339.63 -34410.4 443.59984
7.92 257.4465 -354.66008 22056.103 -32177.6 2308.56 -34486.2 443.34966
7.93 275.70746 -607.72741 22172.136 -31986.2 2472.31 -34458.5 445.04043
7.94 274.31194 -399.70619 22140.638 -31963.3 2459.8 -34423.1 444.48111
7.95 263.25154 -439.42728 22118.802 -32132.7 2360.62 -34493.3 443.87573
7.96 271.89089 -327.09604 22110.268 -32062.8 2438.09 -34500.9 444.31094
7.97 264.08483 59.808167 21988.709 -32104.9 2368.09 -34472.9 443.52403
7.98 283.10226 34.277128 21978.515 -32111.6 2538.62 -34650.2 442.68309
7.99 256.94353 109.63999 21916.304 -32325.3 2304.05 -34629.3 442.51986
8 267.60694 250.9744 21929.345 -32043.8 2399.67 -34443.4 442.75433
8.01 269.78539 -332.85434 22075.203 -31946.7 2419.21 -34365.9 444.35581
8.02 260.91858 -501.30071 22108.955 -32135.2 2339.7 -34474.9 444.42848
8.03 272.16935 -18.270415 21986.246 -32062.7 2440.59 -34503.3 443.34103
8.04 249.85307 171.66876 21927.451 -32243.2 2240.47 -34483.6 440.69912
8.05 271.8122 316.38359 21905.823 -32064.8 2437.38 -34502.1 441.29612
8.06 256.79884 572.73511 21799.219 -32235.5 2302.76 -34538.2 440.1657
8.07 280.07867 133.50569 21949.529 -31948.1 2511.51 -34459.6 442.74123
8.08 264.27617 279.60592 21900.49 -32084.1 2369.81 -34453.9 442.30082
8.09 273.51637 36.757724 22008.039 -32097.6 2452.66 -34550.3 443.5462
8.1 274.43944 -380.01935 22097.379 -31911.5 2460.94 -34372.4 444.68287
8.11 263.62151 -357.00182 22080.21 -32136.4 2363.94 -34500.4 444.46388
8.12 268.19391 -218.70623 22074.018 -32019 2404.94 -34423.9 444.13383
8.13 285.33339 -20.292175 22020.863 -31966.7 2558.63 -34525.3 442.77782
8.14 274.4438 49.895975 21977.794 -32101.2 2460.98 -34562.2 442.11334
8.15 279.76532 61.216456 21963.098 -32075.2 2508.7 -34583.9 442.57643
8.16 270.26856 -162.60649 22039.777 -32040.8 2423.54 -34464.3 444.58465
8.17 268.0206 -441.73617 22128.924 -31975.2 2403.38 -34378.6 445.48779
8.18 273.57321 -57.807042 22020.433 -32177.7 2453.17 -34630.9 443.20723
8.19 274.39482 286.45261 21937.941 -31956.4 2460.54 -34416.9 442.78626
8.2 273.32955 798.81311 21792.291 -32003.4 2450.99 -34454.4 440.01735
8.21 281.54757 389.30694 21907.317 -32101.8 2524.68 -34626.5 441.45001
8.22 280.48643 -172.61877 22067.708 -31899.2 2515.17 -34414.3 444.17616
8.23 263.59438 -701.33467 22160.666 -32118 2363.69 -34481.7 445.40878
8.24 269.18593 -596.97743 22178.618 -31904 2413.83 -34317.8 445.24138
8.25 270.42571 -342.9961 22079.557 -32037.4 2424.95 -34462.3 443.80662
8.26 258.42153 -437.95294 22076.364 -32348.4 2317.31 -34665.7 444.19369
8.27 264.19956 -350.44614 22080.083 -32064.5 2369.12 -34433.6 444.12885
8.28 259.31692 -36.53925 21934.52 -32334.2 2325.34 -34659.5 442.14061
8.29 273.1676 719.07566 21790.457 -32152.1 2449.54 -34601.6 440.43568
8.3 268.32042 43.587422 21982.848 -32152.3 2406.07 -34558.4 443.66622
8.31 281.51061 -495.29131 22134.294 -31991.4 2524.35 -34515.8 445.53699
8.32 276.82181 -49.164175 22023.284 -32082.6 2482.31 -34564.9 443.57846
8.33 279.91836 -519.49398 22150.598 -31904.8 2510.07 -34414.9 445.05834
8.34 262.19953 -380.38162 22088.836 -32122.4 2351.18 -34473.6 444.88664
8.35 274.08257 -158.60326 22051.05 -31905.2 2457.74 -34363 443.54124
8.36 263.44173 -34.526132 21978.122 -31994 2362.32 -34356.3 442.92381
8.37 259.42706 153.41952 21948.222 -32147.8 2326.32 -34474.1 441.28824
8.38 276.41528 289.11709 21929.373 -32044 2478.66 -34522.6 441.5765
8.39 261.2331 103.86995 21944.666 -32256.1 2342.52 -34598.6 441.40854
8.4 259.44197 378.92485 21871.21 -32078 2326.46 -34404.5 441.27894
8.41 271.17101 -9.1839489 21964.05 -32186.2 2431.63 -34617.8 443.63248
8.42 268.42324 111.51702 21954.824 -32273.8 2406.99 -34680.8 442.96075
8.43 266.34361 59.526145 21982.256 -32085.2 2388.35 -34473.5 442.69846
8.44 259.39361 -353.69404 22068.519 -32131.7 2326.02 -34457.7 444.37346
8.45 264.17012 -420.54964 22120.598 -32189.2 2368.86 -34558.1 444.71983
8.46 275.67639 -558.36315 22138.335 -32073 2472.03 -34545 445.25929
8.47 266.02217 -157.87208 22041.813 -32139.6 2385.46 -34525.1 443.30055
8.48 276.67604 -39.770056 22012.499 -31774.7 2481 -34255.7 443.48894
8.49 281.87802 439.33972 21889.006 -32111.7 2527.64 -34639.3 441.54033
8.5 267.42332 187.65256 21980.969 -31906.5 2398.03 -34304.5 443.03378
8.51 272.68442 362.11121 21902.185 -32025.6 2445.2 -34470.8 441.66885
8.52 271.19279 -57.187863 22012.693 -31983.1 2431.83 -34414.9 442.37437
8.53 262.56523 -178.42642 22014.913 -32180.3 2354.46 -34534.8 442.56724
8.54 262.08887 -420.8935 22107.589 -32112.4 2350.19 -34462.6 443.85538
8.55 270.74015 -168.26652 22021.688 -32173.7 2427.77 -34601.5 444.08678
8.56 258.18511 -634.54428 22172.567 -32154 2315.19 -34469.2 446.05893
8.57 262.02923 -143.523 21997.973 -32202.1 2349.66 -34551.8 443.68405
8.58 260.56823 -400.31891 22064.682 -32194.8 2336.56 -34531.4 444.50502
8.59 265.71174 -755.08784 22178.632 -32090.2 2382.68 -34472.9 446.2532
8.6 273.42477 -89.678005 21991.856 -32092.6 2451.84 -34544.5 443.49649
8.61 265.6268 435.00342 21876.467 -32039.4 2381.92 -34421.3 441.98436
8.62 263.98511 101.81836 21957.669 -31971.4 2367.2 -34338.6 442.04308
8.63 271.41008 102.86519 21937.93 -32170.1 2433.78 -34603.8 441.5824
8.64 273.66617 -233.15834 22053.856 -32093.6 2454.01 -34547.6 443.25112
8.65 277.14894 -115.84026 22049.751 -32043.7 2485.24 -34528.9 442.82683
8.66 278.88247 125.30114 21963.558 -32140.7 2500.78 -34641.5 442.36284
8.67 265.61764 -10.376135 21991.445 -31996.9 2381.84 -34378.7 442.8923
8.68 274.97874 570.31641 21864.335 -32232.6 2465.78 -34698.4 440.84268
8.69 276.61193 436.91572 21876.184 -31961.5 2480.42 -34441.9 441.08451
8.7 284.8986 582.32141 21868.776 -32082.1 2554.73 -34636.8 442.04778
8.71 271.60366 369.58359 21910.83 -31970.7 2435.51 -34406.2 442.01734
8.72 257.36166 -116.12519 22022.833 -32104.9 2307.8 -34412.7 443.7552
8.73 255.98417 -241.69318 22047.45 -32276.1 2295.45 -34571.5 443.77772
8.74 268.97304 -791.61604 22219.953 -32087.4 2411.92 -34499.4 446.99443
8.75 260.14636 -273.27781 22062.374 -32264.5 2332.77 -34597.3 444.01311
8.76 272.8876 -709.96942 22180.976 -32081.8 2447.03 -34528.9 445.40834
8.77 281.87863 -222.72335 22048.662 -31915.5 2527.65 -34443.2 443.81963
8.78 270.77873 -126.95968 22027.224 -32115.6 2428.12 -34543.7 443.29039
8.79 266.82531 -46.957913 22036.371 -31895.3 2392.66 -34288 443.5024
8.8 265.1697 -344.88812 22086.342 -32153.9 2377.82 -34531.7 443.79642
8.81 274.06445 72.68625 21954.989 -32077.8 2457.58 -34535.4 442.00806
8.82 257.24929 301.56872 21935.26 -32175.6 2306.8 -34482.4 441.9358
8.83 267.86624 545.4382 21892.85 -32018.4 2402 -34420.4 441.1105
8.84 276.77386 303.91184 21888.593 -32137.4 2481.88 -34619.3 441.29861
8.85 272.50757 70.71809 21987.635 -32064.1 2443.62 -34507.7 442.77748
8.86 255.11649 -454.80242 22122.508 -32319.4 2287.67 -34607.1 445.13438
8.87 275.85482 -241.474 22052.999 -32142.7 2473.63 -34616.3 444.34703
8.88 275.17238 -801.14806 22226.446 -31886.6 2467.51 -34354.1 445.8833
8.89 258.04512 -392.04749 22115.5 -32137.9 2313.93 -34451.9 444.24786
8.9 269.67588 -166.36718 22036.165 -32113.7 2418.23 -34531.9 443.64531
8.91 282.4572 -490.95776 22106.215 -32013.9 2532.84 -34546.7 444.67288
8.92 263.36159 -347.16148 22067.911 -32274.6 2361.61 -34636.2 443.924
8.93 284.84082 52.820805 21982.908 -32092.1 2554.21 -34646.3 443.10956
8.94 275.95914 111.4427 21966.039 -32044.4 2474.57 -34519 442.44131
8.95 279.13795 396.86621 21901.227 -31985 2503.07 -34488 442.24733
8.96 262.00251 412.81301 21862.61 -32165.4 2349.42 -34514.8 441.49001
8.97 264.39971 278.47928 21934.282 -32000.4 2370.91 -34371.3 442.1423
8.98 270.29978 651.38316 21796.018 -32066.9 2423.82 -34490.8 439.41026
8.99 273.8874 567.94273 21838.419 -31926 2455.99 -34382 440.66753
9 266.65057 383.18646 21887.203 -32074.7 2391.1 -34465.8 441.56062
9.01 280.26539 556.30162 21886.047 -31989.3 2513.18 -34502.5 441.33872
9.02 270.5908 3.9822739 21970.586 -32114.1 2426.43 -34540.5 443.05999
9.03 268.22778 28.136535 22007.126 -32020.2 2405.24 -34425.4 443.12913
9.04 265.49656 29.751131 22008.723 -32117.1 2380.75 -34497.8 443.00309
9.05 263.8836 -355.14277 22099.17 -32018.6 2366.29 -34384.9 444.33451
9.06 270.45692 -261.79076 22040.991 -32094.7 2425.23 -34519.9 443.95175
9.07 261.91177 -594.57791 22132.059 -32065.4 2348.6 -34414 445.18437
9.08 264.76919 23.015585 21980.638 -32156.8 2374.23 -34531 442.62269
9.09 276.22852 -258.17289 22058.954 -31946.6 2476.99 -34423.6 443.82742
9.1 257.92367 85.035447 21958.653 -32064.1 2312.84 -34376.9 442.22316
9.11 257.4065 201.51932 21900.513 -32189.3 2308.21 -34497.5 441.94901
9.12 278.74033 256.86797 21930.312 -31952.8 2499.51 -34452.3 442.20643
9.13 260.33554 340.71425 21884.501 -32172 2334.47 -34506.4 440.95984
9.14 284.02366 305.57778 21995.103 -31834.5 2546.89 -34381.4 442.41209
9.15 259.1161 -147.05571 22040.72 -32206.8 2323.54 -34530.4 443.60637
9.16 271.97083 80.73551 21977.6 -31961.4 2438.81 -34400.3 443.02342
9.17 264.60653 190.40525 21946.758 -32174.2 2372.77 -34547 442.9006
9.18 291.0537 465.09371 21857.773 -31992.1 2609.92 -34602 441.08966
9.19 278.70477 312.5453 21957.778 -32038.3 2499.19 -34537.5 442.60091
9.2 266.97954 5.7926226 22009.291 -32074.5 2394.05 -34468.5 443.39772
9.21 261.30253 -378.16579 22107.078 -32109 2343.14 -34452.2 444.02104
9.22 280.35266 -262.29706 22067.035 -32004.9 2513.97 -34518.9 444.33755
9.23 265.77554 -761.54331 22163.849 -32242.2 2383.25 -34625.4 445.36316
9.24 266.12815 -26.210205 22006.998 -32155.1 2386.41 -34541.5 443.39012
9.25 261.51792 -29.50146 21973.32 -32122.2 2345.07 -34467.3 442.68314
9.26 253.90532 63.124134 21945.902 -32264 2276.81 -34540.9 442.33536
9.27 255.36288 587.46772 21822.02 -32160.1 2289.88 -34450 440.68895
9.28 263.11822 217.98418 21938.062 -31990.4 2359.42 -34349.9 442.05099
9.29 279.78662 126.04445 21950.525 -32086.3 2508.89 -34595.2 442.65939
9.3 280.96001 -36.106975 21991.846 -32049.6 2519.41 -34569 443.08134
9.31 273.96374 75.278302 22004.733 -32054.9 2456.68 -34511.6 443.9287
9.32 271.02931 -216.05906 22043.465 -32081.6 2430.36 -34512 444.78207
9.33 267.81499 -1124.5704 22307.126 -32103.2 2401.54 -34504.7 446.81245
9.34 271.44599 -226.47029 22055.292 -32083.5 2434.1 -34517.6 443.93578
9.35 264.92083 134.92631 21979.394 -32163.9 2375.59 -34539.5 443.09303
9.36 277.70703 -16.151098 21991.646 -32151.7 2490.24 -34641.9 442.48601
9.37 269.85874 392.0499 21897.744 -32051 2419.87 -34470.9 441.46403
9.38 264.46692 140.8405 21957.17 -32189 2371.52 -34560.6 443.39
9.39 268.91041 677.61692 21808.177 -32080.5 2411.36 -34491.8 440.68723
9.4 255.49839 132.62699 21943.503 -32216.6 2291.09 -34507.7 442.69492
9.41 260.69546 31.670997 21979.403 -32115.1 2337.7 -34452.8 443.44715
9.42 267.24013 -21.069775 21992.041 -32218.9 2396.38 -34615.3 443.24629
9.43 265.01307 -196.54029 22074.944 -32052.8 2376.41 -34429.2 444.07377
9.44 259.382 -164.55853 22015.798 -32202.4 2325.92 -34528.3 442.75833
9.45 259.9865 -698.84954 22168.294 -32092.3 2331.34 -34423.6 445.47815
9.46 252.57741 -306.67561 22059.794 -32345.5 2264.9 -34610.4 443.68004
9.47 284.94858 -374.65245 22088.69 -32052.8 2555.18 -34607.9 444.21673
9.48 260.68706 -303.26031 22058.468 -32218.6 2337.62 -34556.2 444.53089
9.49 268.49456 15.643206 22023.697 -32003.7 2407.63 -34411.3 443.03066
9.5 265.97148 -190.06383 22033.695 -31928.1 2385.01 -34313.1 442.53655
9.51 281.50118 238.81182 21921.122 -32124.9 2524.27 -34649.2 442.61308
9.52 271.18638 168.94476 21966.455 -31895.1 2431.77 -34326.9 442.48672
9.53 259.68855 710.65598 21778.125 -32114.6 2328.67 -34443.3 439.90647
9.54 260.75315 95.816539 21934.563 -32271.2 2338.21 -34609.4 442.04037
9.55 271.57711 -42.558709 22015.483 -32083.8 2435.28 -34519 443.64087
9.56 263.51912 -331.3501 22080.2 -32320.6 2363.02 -34683.7 443.4947
9.57 263.46104 -331.81659 22121.607 -32087.2 2362.5 -34449.7 444.53351
9.58 272.55186 -390.04062 22092.07 -32007.3 2444.02 -34451.4 444.09262
9.59 268.56219 -159.5854 22051.582 -32147.8 2408.24 -34556 443.42935
9.6 274.26161 -88.595654 22046.868 -31939.8 2459.35 -34399.1 442.99155
9.61 261.1116 80.814801 21960.322 -32146.8 2341.43 -34488.2 441.65223
9.62 264.80183 125.51561 21938.843 -32190.5 2374.52 -34565 441.93324
9.63 277.26589 120.45699 21999.004 -31914.5 2486.29 -34400.8 443.0616
9.64 258.31792 -211.62449 22039.526 -32197.9 2316.38 -34514.3 443.29195
9.65 279.40733 -70.681914 22017.164 -32126.6 2505.49 -34632 444.22124
9.66 261.98903 -413.44906 22090.335 -32195.3 2349.3 -34544.6 444.88317
9.67 256.76603 -199.00617 22040.839 -32082.8 2302.46 -34385.2 444.04967
9.68 262.53892 -143.20817 22038.53 -32233.6 2354.23 -34587.9 444.24374
9.69 272.14982 -53.015224 22015.977 -32092.8 2440.41 -34533.2 443.44465
9.7 269.24945 -116.02017 22021.447 -32105.7 2414.4 -34520.1 443.23703
9.71 264.77592 10.637675 21976.181 -32127.1 2374.29 -34501.4 442.35212
9.72 268.68619 -65.819404 22026.93 -32082.3 2409.35 -34491.6 443.6392
9.73 275.17743 75.939588 21983.981 -31966.3 2467.56 -34433.9 442.66686
9.74 265.37866 138.08453 21955.092 -32154.5 2379.69 -34534.2 442.30944
9.75 293.41435 228.11372 21947.004 -31943.4 2631.09 -34574.5 442.71742
9.76 257.12422 761.94981 21726.576 -32169.1 2305.67 -34474.8 439.42777
9.77 266.96442 445.20347 21878.018 -32117.7 2393.91 -34511.6 442.00267
9.78 270.01161 144.05171 21950.778 -32146.3 2421.24 -34567.5 441.97066
9.79 267.31663 -55.907598 21986.79 -32138.6 2397.07 -34535.7 442.42181
9.8 274.84286 -115.46182 22028.735 -32005.9 2464.56 -34470.5 443.33694
9.81 258.60781 -48.333554 22011.831 -32155.4 2318.98 -34474.4 443.48415
9.82 269.20431 -45.969845 22057.074 -31993.9 2414 -34407.9 444.22304
9.83 262.21699 48.769923 21959.952 -32202.5 2351.34 -34553.9 442.73698
9.84 271.47704 292.04805 21887.494 -32075.1 2434.38 -34509.4 441.50052
9.85 269.29879 648.57327 21797.334 -32128.3 2414.85 -34543.1 441.05863
9.86 295.63998 441.30068 21888 -31899.1 2651.05 -34550.1 441.83667
9.87 251.53211 306.55192 21893.405 -32161.1 2255.53 -34416.6 441.43211
9.88 279.24891 604.94854 21828.266 -32005.9 2504.07 -34510 440.781
9.89 260.17278 69.390505 21926.875 -32215.2 2333.01 -34548.2 442.94162
9.9 272.5394 -161.81814 22030.026 -32135.2 2443.9 -34579.1 443.65486
9.91 268.24591 -189.53432 22058.169 -32014.1 2405.4 -34419.5 445.09197
9.92 267.61664 -582.33708 22135.837 -32123.4 2399.76 -34523.1 445.54735
9.93 278.28084 -106.23151 22039.605 -31895.6 2495.39 -34391 442.81393
9.94 254.91918 -150.46634 21982.6 -32161.7 2285.9 -34447.6 443.06355
9.95 267.60257 50.716595 21968.974 -32029 2399.63 -34428.7 441.7363
9.96 264.13122 374.62514 21890.728 -32051.2 2368.51 -34419.7 440.79444
9.97 259.73207 -17.664985 21943.839 -32290.8 2329.06 -34619.9 442.22495
9.98 271.59187 -309.72352 22090 -32072.6 2435.41 -34508 444.42461
