0 258.89805 163.41744 21881.035 -29776 2321.58 -32097.6 6.5589835
0.01 251.76702 405.7457 21551.429 -29840.9 2257.63 -32098.6 18.229982
0.02 271.92356 -181.13552 21796.865 -29653.1 2438.38 -32091.5 28.440445
0.03 282.71982 -488.43359 21821.188 -29800.5 2535.19 -32335.7 40.296099
0.04 273.16244 691.74066 21730.048 -29931.3 2449.49 -32380.8 49.85618
0.05 270.99552 47.81525 21887.879 -29994 2430.06 -32424.1 58.605087
0.06 262.23322 -414.81206 21925.783 -29929.6 2351.49 -32281.1 69.314934
0.07 257.04149 -485.68856 22026.994 -30272.6 2304.93 -32577.5 80.290732
0.08 266.24817 -291.21303 21907.331 -29729.4 2387.49 -32116.9 86.156048
0.09 265.07526 730.71123 21729.841 -29895.5 2376.97 -32272.5 93.6329
0.1 265.94519 -351.58274 22057.585 -29748.1 2384.77 -32132.9 102.02839
0.11 281.52246 484.91949 21857.041 -29500.8 2524.46 -32025.3 110.72519
0.12 276.72664 4.8722179 21720.723 -29580.4 2481.45 -32061.8 119.05175
0.13 255.41174 16.527683 21642.111 -29827.6 2290.32 -32117.9 126.3311
0.14 293.8814 693.67306 21681.961 -29342.5 2635.28 -31977.8 136.69721
0.15 272.89867 -486.50541 21846.775 -29428.8 2447.13 -31875.9 147.55101
0.16 283.06177 -125.43782 21788.304 -29462.7 2538.26 -32000.9 156.76654
0.17 261.97978 -663.55332 21918.229 -29323.1 2349.21 -31672.4 163.23303
0.18 280.21832 -33.604239 21786.466 -29185.5 2512.76 -31698.3 174.84134
0.19 279.97631 -665.89978 21879.591 -29159.9 2510.59 -31670.5 192.24005
0.2 282.71262 -481.42935 21694.93 -29078.7 2535.13 -31613.9 196.94342
0.21 272.53493 -107.42571 21887.117 -28947.6 2443.86 -31391.4 212.66662
0.22 281.19892 43.154404 21622.054 -29104.3 2521.56 -31625.8 224.98711
0.23 280.34299 7.1608365 21764.792 -28999.4 2513.88 -31513.3 236.63507
0.24 266.97173 -660.56361 21936.969 -28986.8 2393.98 -31380.8 245.85028
0.25 275.84084 28.674108 21590.753 -28812.3 2473.51 -31285.8 257.97815
0.26 272.84755 -166.40343 21700.15 -28413.5 2446.67 -30860.2 279.55473
0.27 268.49063 17.593058 21515.15 -28081.7 2407.6 -30489.3 301.58602
0.28 273.48913 -80.045765 21469.335 -28387.5 2452.42 -30840 338.73834
0.29 285.22423 102.25256 21340.321 -28307.4 2557.65 -30865.1 373.79978
0.3 268.49645 -198.45447 21787.678 -28245.8 2407.65 -30653.4 408.08655
0.31 268.73651 -744.47433 21567.759 -28165.6 2409.8 -30575.4 425.67133
0.32 264.79183 -827.74127 21505.055 -28293.7 2374.43 -30668.1 453.91057
0.33 264.79685 268.86545 21311.404 -28103.6 2374.48 -30478.1 477.44239
0.34 279.58144 386.15419 21456.473 -28210.9 2507.05 -30717.9 509.05754
0.35 279.03793 532.66072 21485.292 -28053.4 2502.18 -30555.6 532.06505
0.36 266.87193 80.518499 21751.888 -28257.1 2393.08 -30650.2 567.20642
0.37 272.09423 616.85393 21399.861 -28287.7 2439.91 -30727.6 585.58335
0.38 273.87507 389.96938 21413.995 -28243.8 2455.88 -30699.7 610.33786
0.39 280.164 312.89876 21503.829 -28256 2512.28 -30768.3 651.69423
0.4 269.34823 -317.53948 21496.731 -28192.4 2415.29 -30607.6 684.35402
0.41 262.39656 -98.828898 21228.472 -28329.9 2352.95 -30682.8 700.71225
0.42 273.73901 282.27236 21436.196 -28167.5 2454.66 -30622.2 749.44815
0.43 265.80695 -348.6388 21463.079 -28308.3 2383.53 -30691.9 766.53116
0.44 291.3611 130.36285 21548.683 -27892.2 2612.68 -30504.9 798.45832
0.45 274.23313 721.21351 21447.938 -28253.2 2459.09 -30712.3 832.52058
0.46 271.07137 -782.27647 21720.018 -28283 2430.74 -30713.7 866.29757
0.47 279.40358 241.55072 21504.361 -28188.9 2505.46 -30694.3 892.78983
0.48 270.32927 397.04569 21385.326 -28406.6 2424.09 -30830.7 928.50784
0.49 284.38381 -195.66208 21598.957 -28010.7 2550.11 -30560.9 970.14617
0.5 274.49875 -322.70877 21673.642 -28229.9 2461.47 -30691.3 995.02932
0.51 279.9511 -591.96429 21674.489 -28120.3 2510.37 -30630.6 1039.634
0.52 258.88468 -149.1221 21552.429 -28367.4 2321.46 -30688.8 1061.5639
0.53 276.99022 908.17885 21475.544 -28248 2483.82 -30731.9 1090.8031
0.54 279.41507 351.46916 21452.84 -28239.3 2505.56 -30744.9 1116.8794
0.55 270.40168 -27.647938 21699.291 -28212.9 2424.73 -30637.6 1144.9777
0.56 265.94612 -251.30367 21515.085 -28323 2384.78 -30707.8 1166.7906
0.57 263.42701 -65.413553 21453.661 -28349.7 2362.19 -30711.9 1195.9917
0.58 262.72344 -814.8873 21877.097 -28300.7 2355.88 -30656.6 1238.2448
0.59 279.26265 -266.329 21630.482 -28281.7 2504.19 -30785.9 1264.5456
0.6 283.01896 45.862619 21456.125 -28208.7 2537.88 -30746.6 1283.7419
0.61 270.03636 -171.62239 21304.951 -28440.2 2421.46 -30861.7 1302.1021
0.62 283.86504 756.7443 21360.978 -28161.3 2545.46 -30706.7 1332.1377
0.63 271.31815 -787.9698 21510.731 -28186.1 2432.95 -30619.1 1366.0726
0.64 267.97125 68.186835 21606.496 -28196.7 2402.94 -30599.6 1414.6468
0.65 260.67838 -1036.472 21585.865 -28353.4 2337.54 -30690.9 1453.1581
0.66 291.68866 12.238093 21525.059 -28200.6 2615.62 -30816.2 1499.7746
0.67 266.84954 -181.00826 21519.238 -28377.9 2392.88 -30770.8 1542.2321
0.68 265.14114 -557.85214 21642.578 -28421.8 2377.56 -30799.4 1574.6191
0.69 277.77066 -806.02754 21408.9 -28168.1 2490.81 -30658.9 1585.8763
0.7 272.09242 352.16372 21479.304 -28498.1 2439.9 -30937.9 1607.8829
0.71 268.04403 440.39593 21475.903 -28217.2 2403.59 -30620.8 1631.5887
0.72 276.6055 675.08669 21342.96 -28143.7 2480.37 -30624.1 1668.6037
0.73 270.40768 -310.87776 21684.112 -28266.1 2424.79 -30690.9 1701.5114
0.74 278.32192 139.50264 21434.02 -28126.3 2495.76 -30622.1 1713.9772
0.75 265.31961 363.84084 21564.11 -28259.4 2379.16 -30638.5 1746.2183
0.76 294.83574 -731.06616 21549.606 -28104.8 2643.84 -30748.6 1771.7737
0.77 278.58427 -192.51736 21525.677 -28203.1 2498.11 -30701.2 1810.2776
0.78 273.30055 814.50532 21473.466 -28370 2450.73 -30820.8 1815.1011
0.79 284.46302 251.88282 21355.59 -28320.8 2550.83 -30871.6 1850.1652
0.8 284.38989 221.95586 21631.939 -28097.1 2550.17 -30647.3 1911.9971
0.81 261.18683 108.82049 21410.623 -28413.2 2342.1 -30755.3 1922.5228
0.82 276.50927 -189.40469 21715 -27825.8 2479.5 -30305.3 1977.2251
0.83 287.69711 468.56972 21472.736 -28248.7 2579.83 -30828.6 1989.4369
0.84 259.95133 257.31604 21522.181 -28223.5 2331.02 -30554.5 2027.1213
0.85 256.86101 -433.39448 21555.089 -28578.9 2303.31 -30882.2 2044.5975
0.86 266.85783 -954.98076 21537.837 -28129.4 2392.96 -30522.4 2057.7856
0.87 276.4393 379.29085 21299.416 -28256.3 2478.88 -30735.2 2075.9125
0.88 275.32843 -57.510814 21577.066 -28335.3 2468.91 -30804.2 2141.1421
0.89 273.40456 -246.04865 21558.785 -28147.9 2451.66 -30599.6 2190.2549
0.9 266.65156 -387.64396 21537.628 -28438.5 2391.11 -30829.6 2223.4129
0.91 279.64799 19.819934 21528.534 -28132.8 2507.65 -30640.5 2248.2376
0.92 286.16155 -779.48195 21661.704 -28255.8 2566.06 -30821.8 2313.4239
0.93 265.14279 224.9546 21458.91 -28394.5 2377.58 -30772.1 2331.5856
0.94 270.94773 662.34909 21388.396 -28240.5 2429.63 -30670.2 2346.247
0.95 261.01461 898.35924 21627.176 -28298.2 2340.56 -30638.7 2393.7435
0.96 270.47487 -394.55296 21554.694 -28356.6 2425.39 -30782 2446.687
0.97 274.83838 362.77862 21485.873 -28249 2464.52 -30713.5 2466.5864
0.98 262.68285 34.146279 21363.061 -28430.6 2355.52 -30786.1 2470.2546
0.99 270.09895 729.19365 21232.317 -28295.4 2422.02 -30717.4 2494.5135
1 278.85501 -2.7127065 21659.994 -28298.7 2500.54 -30799.2 2561.3387
1.01 274.12152 305.86268 21444.528 -28336.1 2458.09 -30794.2 2570.8527
1.02 279.39626 970.17774 21436.886 -28120.1 2505.39 -30625.5 2578.7475
1.03 267.82474 796.144 21459.624 -28455.9 2401.63 -30857.5 2615.8818
1.04 267.42615 -275.18742 21732.007 -28251.4 2398.05 -30649.5 2655.8636
1.05 289.36217 745.17388 21477.856 -28142.7 2594.76 -30737.4 2668.4235
1.06 279.62661 177.39156 21503.555 -28322.8 2507.46 -30830.3 2706.6744
1.07 275.19586 420.39569 21587.356 -28328.5 2467.73 -30796.3 2737.7036
1.08 282.94113 -241.91008 21575.806 -28274.3 2537.18 -30811.5 2792.7824
1.09 268.55297 -588.20041 21528.893 -28049.3 2408.16 -30457.5 2823.6319
1.1 272.59024 96.155571 21561.198 -28451.2 2444.36 -30895.6 2857.2044
1.11 259.24224 142.64318 21557.62 -28468.4 2324.67 -30793.1 2896.8054
1.12 270.26997 -469.85272 21437.375 -28291.3 2423.55 -30714.9 2903.1922
1.13 277.08105 -645.11392 21483.72 -28208.5 2484.63 -30693.1 2929.6603
1.14 269.94184 296.008 21475.011 -28424.5 2420.61 -30845.1 2955.6154
1.15 274.70911 -10.896357 21701.54 -28283.5 2463.36 -30746.8 3003.8896
1.16 266.71418 -591.57755 21547.736 -28128.4 2391.67 -30520.1 3002.4477
1.17 264.63362 -259.60591 21500.113 -28445.9 2373.01 -30818.9 3021.5715
1.18 264.36179 -450.08584 21594.522 -28333.4 2370.57 -30704 3075.2171
1.19 270.84695 -841.6781 21527.08 -28308.2 2428.73 -30736.9 3095.8069
1.2 266.97989 -49.674562 21493.955 -28381.9 2394.05 -30776 3102.4957
1.21 271.00615 192.12326 21530.82 -28286.9 2430.16 -30717 3132.8259
1.22 276.4695 843.99763 21356.046 -28232.7 2479.15 -30711.9 3142.1572
1.23 275.83104 912.32227 21300.918 -28236 2473.42 -30709.4 3164.8578
1.24 275.6623 202.17578 21452.664 -28140.8 2471.91 -30612.7 3200.4526
1.25 286.96606 -377.91581 21560.054 -28149.9 2573.27 -30723.2 3218.2869
1.26 268.69356 568.83763 21513.706 -28332.5 2409.42 -30741.9 3246.7368
1.27 276.06714 648.48686 21385.583 -28347.6 2475.54 -30823.1 3267.4903
1.28 267.92768 461.78866 21684.439 -28095.4 2402.55 -30497.9 3332.7313
1.29 268.4878 125.78634 21582.496 -28215.6 2407.57 -30623.1 3351.3747
1.3 256.95093 -474.07418 21447.621 -28246 2304.12 -30550.2 3368.1073
1.31 260.295 1075.826 21292.756 -28268.7 2334.11 -30602.8 3342.9031
1.32 280.63845 -117.5649 21615.931 -28214.3 2516.53 -30730.9 3418.5872
1.33 257.40388 532.51481 21552.187 -28399.4 2308.18 -30707.6 3420.6306
1.34 270.00876 505.84149 21474.672 -28151.7 2421.21 -30572.9 3437.4197
1.35 277.56899 -273.30489 21675.595 -28185.6 2489.01 -30674.7 3506.3304
1.36 261.2234 -245.99777 21391.248 -28364.6 2342.43 -30707 3505.1291
1.37 278.64418 795.59645 21465.804 -28152.4 2498.65 -30651 3538.8037
1.38 276.22928 60.319443 21441.957 -28192.7 2476.99 -30669.7 3568.9173
1.39 275.16395 307.94456 21442.164 -28167.4 2467.44 -30634.9 3603.2894
1.4 275.47908 -395.66972 21719.793 -28155.5 2470.26 -30625.8 3675.3654
1.41 286.70194 -105.08435 21510.575 -28120 2570.9 -30690.9 3671.72
1.42 270.25757 561.6967 21393.835 -28274.1 2423.44 -30697.6 3716.8063
1.43 262.84669 -352.99162 21583.818 -28124.4 2356.99 -30481.4 3776.9848
1.44 274.09798 -735.58162 21560.806 -28213.5 2457.88 -30671.4 3796.2846
1.45 271.82878 -401.21694 21471.863 -28277.7 2437.53 -30715.2 3819.1482
1.46 285.91021 -189.61043 21581.619 -28189.9 2563.8 -30753.7 3872.5029
1.47 278.75361 912.49522 21281.212 -28146.5 2499.63 -30646.1 3843.1143
1.48 272.3507 -553.34949 21636.496 -28352.7 2442.21 -30794.9 3903.4845
1.49 263.15433 -968.69062 21635.001 -28238.8 2359.75 -30598.5 3901.6045
1.5 274.47865 1321.3521 21322.547 -28237.5 2461.29 -30698.8 3900.6902
1.51 273.32674 -248.09214 21643.033 -28356.8 2450.96 -30807.8 3962.1374
1.52 269.72306 469.37591 21361.113 -28039.6 2418.65 -30458.3 3978.6134
1.53 270.61588 187.62192 21606.961 -28313.5 2426.66 -30740.2 4032.6504
1.54 279.82712 22.224802 21418.971 -28016.4 2509.25 -30525.7 4018.9015
1.55 277.16355 -437.62271 21450.171 -28326.8 2485.37 -30812.2 4026.6859
1.56 283.82774 1080.1673 21516.954 -28015.4 2545.13 -30560.5 4049.8366
1.57 252.30391 -403.07191 21627.799 -28493.4 2262.45 -30755.8 4073.9785
1.58 279.1135 296.05744 21529.31 -28169.3 2502.86 -30672.1 4086.9478
1.59 255.37283 1051.3218 21191.507 -28450.5 2289.97 -30740.5 4056.8081
1.6 272.65327 296.87636 21236.85 -28185.3 2444.93 -30630.2 4102.7243
1.61 274.79071 248.80094 21328.188 -28380.8 2464.09 -30844.9 4156.8851
1.62 275.8199 -47.543991 21481.376 -28201.1 2473.32 -30674.4 4201.4861
1.63 258.98599 -452.876 21425.236 -28456.2 2322.37 -30778.6 4222.2723
1.64 274.05189 1402.8662 21389.809 -28200.1 2457.47 -30657.6 4245.4662
1.65 281.5849 -714.14789 21782.242 -28258.3 2525.02 -30783.3 4331.6149
1.66 285.0878 538.83752 21452.674 -28076.5 2556.43 -30632.9 4310.921
1.67 269.75832 -252.07868 21527.431 -28282.9 2418.97 -30701.8 4357.4326
1.68 279.14381 1039.9408 21569.174 -28215 2503.13 -30718.1 4365.1593
1.69 264.10428 197.06784 21542.179 -28444.4 2368.27 -30812.7 4400.2737
1.7 269.69216 -28.474303 21587.331 -28196.2 2418.37 -30614.6 4432.2393
1.71 264.24605 -479.66112 21548.686 -28401.9 2369.54 -30771.5 4408.74
1.72 270.30697 -169.81231 21527.248 -28273.3 2423.89 -30697.1 4414.8778
1.73 266.91403 380.28482 21366.761 -28304.1 2393.46 -30697.6 4410.4974
1.74 266.76854 -117.21008 21579.206 -28339.7 2392.16 -30731.9 4442.6431
1.75 274.93902 -494.73386 21714.164 -28283.3 2465.42 -30748.7 4471.7014
1.76 265.72473 288.46524 21632.319 -28444.6 2382.8 -30827.4 4472.3385
1.77 267.9346 -1534.6953 21649.712 -28151.4 2402.61 -30554 4511.5356
1.78 276.71959 441.62777 21377.736 -28325.4 2481.39 -30806.7 4511.5985
1.79 283.70455 475.28761 21397.15 -28111.6 2544.02 -30655.6 4544.8927
1.8 263.62442 435.24569 21307.213 -28621.6 2363.96 -30985.6 4577.1557
1.81 278.40823 71.701039 21445.631 -28333.2 2496.53 -30829.7 4618.2923
1.82 267.66145 460.52654 21622.353 -28196.2 2400.16 -30596.3 4639.8989
1.83 302.62126 526.18585 21490.331 -27892.9 2713.65 -30606.6 4639.7165
1.84 263.21664 -490.3316 21536.387 -28423.3 2360.31 -30783.6 4638.4845
1.85 280.60638 -490.81782 21450.748 -28016.4 2516.24 -30532.7 4652.5623
1.86 275.97812 260.67475 21549.661 -28243.8 2474.74 -30718.5 4704.3374
1.87 283.7281 25.120774 21489.922 -27990.9 2544.24 -30535.2 4726.6434
1.88 276.43578 -189.85408 21736.319 -28185.5 2478.84 -30664.3 4799.7606
1.89 287.30041 86.585752 21560.121 -28204.3 2576.27 -30780.6 4797.7531
1.9 282.17432 -76.263475 21546.265 -28086.9 2530.3 -30617.2 4822.8771
1.91 266.05911 -62.47513 21383.701 -28294.1 2385.79 -30679.9 4819.0129
1.92 261.05874 394.1023 21460.732 -28574.6 2340.96 -30915.5 4837.4701
1.93 264.20044 607.30821 21278.52 -28295.1 2369.13 -30664.2 4842.9329
1.94 278.97572 266.15197 21437.217 -28384.7 2501.62 -30886.4 4881.4318
1.95 275.82665 -396.56678 21663.253 -28219.5 2473.38 -30692.9 4934.8376
1.96 283.10098 291.19066 21696.851 -28155.6 2538.61 -30694.2 4962.2857
1.97 264.10419 596.73116 21335.722 -28475.1 2368.26 -30843.4 4932.4669
1.98 287.61296 868.21263 21436.235 -28169.5 2579.07 -30748.6 4996.4538
1.99 283.00188 -74.746317 21661.865 -28368.4 2537.72 -30906.1 5061.5357
2 266.4592 900.43811 21387.22 -28427.8 2389.38 -30817.1 5071.5484
2.01 261.72123 -879.92453 21743.74 -28267.7 2346.9 -30614.6 5131.4215
2.02 263.84657 -44.889831 21503.382 -28251.1 2365.95 -30617.1 5148.8082
2.03 273.96978 -433.71943 21478.907 -28206.3 2456.73 -30663 5138.7015
2.04 282.40691 -145.46827 21935.111 -28064.5 2532.39 -30596.9 5225.3892
2.05 267.79444 -56.873679 21543.176 -28397.2 2401.36 -30798.6 5161.9279
2.06 267.35536 348.00438 21383.428 -28296.5 2397.42 -30693.9 5130.0649
2.07 260.00258 1126.9157 21303.203 -28537.4 2331.48 -30868.9 5139.4945
2.08 280.14271 126.27232 21398.683 -28148.9 2512.08 -30661 5173.0474
2.09 257.68316 173.00404 21382.166 -28234.8 2310.69 -30545.5 5179.9773
2.1 270.01481 455.38736 21159.256 -28269.3 2421.27 -30690.5 5183.9084
2.11 282.97611 -1109.1234 21744.923 -28104.3 2537.49 -30641.8 5310.0415
2.12 278.07363 -1060.0519 21459.498 -28275 2493.53 -30768.5 5299.0392
2.13 258.26596 -159.73079 21604.408 -28325.6 2315.91 -30641.6 5364.4054
2.14 272.88165 -143.639 21531.732 -28189.9 2446.97 -30636.8 5376.3373
2.15 278.25858 553.67934 21565.539 -28047 2495.19 -30542.2 5404.5137
2.16 273.30789 834.37094 21495.771 -28307.8 2450.8 -30758.5 5411.0827
2.17 262.77145 655.1941 21344.831 -28334.7 2356.31 -30691 5421.4729
2.18 275.29587 -1009.6465 21680.927 -28221 2468.62 -30689.7 5485.393
2.19 269.71485 549.26207 21425.946 -28276.6 2418.58 -30695.2 5464.3256
2.2 273.44122 -237.90891 21608.443 -28175.2 2451.99 -30627.2 5487.0643
2.21 271.80236 -496.47085 21489.415 -27957.8 2437.29 -30395.1 5500.6017
2.22 281.11576 761.48338 21411.913 -28171.9 2520.81 -30692.7 5517.2702
2.23 272.11312 282.9391 21463.563 -28333.1 2440.08 -30773.2 5552.5334
2.24 273.23808 -32.498554 21659.039 -28159.7 2450.17 -30609.9 5589.3873
2.25 279.75515 404.82092 21358.842 -28276.8 2508.61 -30785.4 5560.0453
2.26 279.33623 -193.10023 21427.134 -28253.1 2504.85 -30758 5593.5862
2.27 268.07851 -390.43781 21655.418 -28181.2 2403.9 -30585.1 5649.6215
2.28 265.70025 -131.75169 21504.787 -28318.4 2382.58 -30701 5641.7845
2.29 279.87694 641.7498 21268.12 -28247.6 2509.7 -30757.4 5616.1875
2.3 259.93163 301.41298 21448.846 -28282.4 2330.85 -30613.2 5658.6535
2.31 273.60943 -197.75143 21697.291 -28260.9 2453.5 -30714.4 5742.1346
2.32 281.10183 483.15453 21247.506 -28305.8 2520.68 -30826.5 5717.4126
2.33 257.33371 -389.75425 21590.963 -28524.4 2307.55 -30832 5800.8535
2.34 271.17955 -465.15833 21565.167 -28151.8 2431.71 -30583.6 5812.6262
2.35 271.45805 303.07028 21394.724 -28282.6 2434.21 -30716.8 5778.6317
2.36 255.5363 -214.19004 21533.473 -28328.8 2291.43 -30620.2 5849.409
2.37 286.17934 296.10194 21588.715 -28084.4 2566.22 -30650.6 5884.4596
2.38 256.76274 2.1207377 21502.092 -28334.4 2302.43 -30636.8 5891.0872
2.39 262.50146 425.75556 21392.542 -28436.6 2353.89 -30790.5 5915.3875
2.4 260.11691 746.87761 21379.002 -28336.1 2332.51 -30668.7 5923.6667
2.41 285.9552 766.03593 21474.558 -28061.1 2564.21 -30625.3 5969.6324
2.42 262.09591 408.76729 21519.094 -28308.8 2350.26 -30659 6018.9686
2.43 279.0627 -699.95415 21444.965 -28280.3 2502.4 -30782.6 6045.6751
2.44 264.80276 -144.26482 21537.483 -28332.3 2374.53 -30706.8 6091.7819
2.45 266.51831 -247.2492 21294.713 -28169 2389.91 -30558.9 6070.5808
2.46 266.59863 237.36602 21542.798 -28212.4 2390.63 -30603.1 6145.0438
2.47 273.29062 -403.54695 21531.326 -28334.1 2450.64 -30784.8 6151.6791
2.48 271.20408 -35.980136 21444.324 -28392.9 2431.93 -30824.9 6198.8451
2.49 271.16439 1331.5845 21449.476 -28190.1 2431.57 -30621.6 6234.3204
2.5 261.29268 419.90061 21543.137 -28185.3 2343.05 -30528.3 6275.618
2.51 278.3539 3.8098739 21652.531 -28267.8 2496.04 -30763.8 6311.1234
2.52 265.62036 27.057552 21377.277 -28261.9 2381.86 -30643.8 6267.6216
2.53 277.52382 308.52603 21400.977 -28260 2488.6 -30748.6 6312.4131
2.54 271.95967 895.20184 21310.704 -28172.6 2438.71 -30611.3 6295.8873
2.55 270.07811 242.21636 21186.593 -28259.6 2421.83 -30681.5 6327.0489
2.56 273.14019 -1280.7109 21737.285 -28239.7 2449.29 -30689 6486.0939
2.57 262.40772 -833.76348 21729.96 -28275.7 2353.05 -30628.7 6522.8598
2.58 265.15788 -117.96446 21570.998 -28207.2 2377.71 -30584.9 6467.0711
2.59 273.87853 -307.51963 21745.927 -28118.5 2455.91 -30574.4 6528.4056
2.6 264.12673 -824.16166 21687.71 -28265.9 2368.47 -30634.3 6559.6539
2.61 248.79272 -76.061762 21523.041 -28560.2 2230.96 -30791.2 6552.7022
2.62 277.29888 -320.89736 21657.781 -28246.2 2486.58 -30732.7 6608.1253
2.63 259.11128 -21.812186 21600.207 -28408.9 2323.49 -30732.4 6631.8964
2.64 269.83484 -340.23571 21605.044 -28279.1 2419.65 -30698.7 6671.6244
2.65 285.34621 219.14311 21661.785 -28144.2 2558.74 -30702.9 6698.3674
2.66 285.14047 -348.06151 21765.239 -28130.7 2556.9 -30687.6 6687.9163
2.67 276.36426 -372.69343 21616.479 -28170 2478.2 -30648.2 6696.6778
2.68 273.60509 31.132105 21629.412 -28337.1 2453.46 -30790.5 6724.3769
2.69 284.64755 -5.6086438 21558.998 -28178.7 2552.48 -30731.2 6734.4615
2.7 266.17002 -76.239546 21350.164 -28294.7 2386.79 -30681.5 6742.2147
2.71 273.40783 352.21787 21573.281 -28076.3 2451.69 -30528 6790.7536
2.72 270.92075 -157.44003 21515.768 -28278.8 2429.39 -30708.2 6801.1302
2.73 274.00588 -511.19095 21519.81 -28321.6 2457.05 -30778.6 6845.7331
2.74 275.79525 -248.97013 21619.245 -28135.8 2473.1 -30608.9 6911.1015
2.75 263.28956 -685.4098 21843.249 -28296.1 2360.96 -30657.1 6979.2555
2.76 266.01445 299.90281 21409.969 -28315.1 2385.39 -30700.5 6867.5696
2.77 281.3095 49.41169 21612.479 -28319.3 2522.55 -30841.9 6922.9556
2.78 283.50342 -1265.9602 21513.269 -28230.7 2542.22 -30772.9 6951.5863
2.79 271.81603 387.12547 21465.558 -28552.6 2437.42 -30990 6966.2282
2.8 271.56337 28.219413 21520.99 -28302.5 2435.15 -30737.7 7003.9881
2.81 272.97671 -543.0341 21615.045 -28410.9 2447.83 -30858.7 7088.7634
2.82 266.64234 -41.999522 21524.696 -28463.7 2391.02 -30854.8 7106.2444
2.83 278.90561 365.1532 21332.914 -28192.5 2500.99 -30693.5 7088.3605
2.84 269.50032 -156.41652 21549.428 -28205.1 2416.65 -30621.8 7173.8733
2.85 284.981 642.25241 21603.056 -28094 2555.47 -30649.5 7228.5249
2.86 267.99938 -346.56177 21552.848 -28259.3 2403.19 -30662.5 7259.8502
2.87 271.27 51.700269 21478.761 -28270.5 2432.52 -30703 7281.631
2.88 265.85164 -277.91633 21466.165 -28235.6 2383.93 -30619.6 7309.2433
2.89 268.17251 -355.39249 21499.435 -28336.9 2404.75 -30741.6 7338.5004
2.9 290.93867 469.99165 21409.219 -28160.6 2608.89 -30769.4 7337.3567
2.91 270.80953 -511.05813 21382.918 -28201.5 2428.39 -30629.9 7382.5804
2.92 272.78924 -56.731582 21513.591 -28182.7 2446.14 -30628.9 7442.7853
2.93 272.22146 917.19546 21388.491 -28391.2 2441.05 -30832.2 7443.5111
2.94 273.13208 278.64259 21615.127 -28217.1 2449.22 -30666.4 7532.9093
2.95 279.08219 116.15737 21457.682 -28229.2 2502.57 -30731.7 7505.7169
2.96 278.93499 458.07447 21480.277 -28320.8 2501.25 -30822 7576.4047
2.97 271.31055 -10.713165 21703.176 -28400.8 2432.88 -30833.6 7645.925
2.98 283.91495 -333.04284 21565.022 -27998.8 2545.91 -30544.7 7645.0705
2.99 258.81152 -235.64958 21605.858 -28350 2320.8 -30670.8 7659.6242
3 281.96452 -195.44241 21350.952 -28103.3 2528.42 -30631.7 7617.6733
3.01 285.67621 -460.66403 21679.207 -28179.3 2561.7 -30741 7721.6342
3.02 273.08076 162.4525 21543.536 -28241.4 2448.76 -30690.2 7742.541
3.03 268.71736 176.90427 21323.695 -28299.9 2409.63 -30709.5 7709.463
3.04 255.07523 419.17776 21643.388 -28305 2287.3 -30592.3 7818.0828
3.05 278.31886 -121.23034 21545.786 -28208.7 2495.73 -30704.4 7830.542
3.06 264.26543 314.63724 21375.166 -28460.8 2369.71 -30830.5 7816.8856
3.07 276.05162 -672.42598 21433.593 -28178.5 2475.4 -30653.9 7882.6093
3.08 272.86061 -70.469081 21454.126 -28233.2 2446.78 -30680 7878.7568
3.09 264.75738 -107.66371 21433.427 -28323.5 2374.12 -30697.6 7876.4348
3.1 273.93426 349.20938 21411.669 -28108.9 2456.41 -30565.3 7885.5663
3.11 270.80274 -562.73018 21493.428 -28283.5 2428.33 -30711.9 7906.9821
3.12 262.90223 752.60092 21311.169 -28256.2 2357.49 -30613.7 7869.241
3.13 262.25846 1028.688 21229.391 -28513.7 2351.71 -30865.4 7897.6956
3.14 269.77702 972.10328 21387.558 -28272.7 2419.13 -30691.9 7961.0226
3.15 281.7528 -1187.1386 21643.604 -27994.1 2526.52 -30520.6 8036.3796
3.16 261.52165 -223.8307 21454.685 -28376.6 2345.11 -30721.7 8047.6316
3.17 269.48946 1183.6534 21259.774 -28163.5 2416.55 -30580.1 8025.7254
3.18 257.98208 -652.89372 21542.802 -28454.6 2313.37 -30767.9 8107.7019
3.19 287.89791 799.30664 21417.054 -28024.4 2581.63 -30606.1 8141.5644
3.2 275.04859 957.68799 21295.667 -28256.8 2466.4 -30723.2 8105.9411
3.21 266.39105 304.98823 21288.929 -28193.7 2388.77 -30582.4 8135.3061
3.22 269.02804 -117.63553 21568.545 -28229.8 2412.42 -30642.2 8247.0623
3.23 260.85588 272.02857 21441.101 -28073 2339.14 -30412.1 8265.9248
3.24 282.04645 247.06505 21560.997 -28156.5 2529.16 -30685.7 8300.0162
3.25 279.40636 -673.59613 21638.037 -28047.3 2505.48 -30552.8 8336.7804
3.26 267.14416 -662.02302 21907.318 -28233.6 2395.52 -30629.1 8436.5176
3.27 271.28917 73.327808 21441.749 -28342.2 2432.69 -30774.9 8383.0878
3.28 268.32858 230.25784 21386.187 -28170.1 2406.15 -30576.2 8412.228
3.29 277.19893 -151.27763 21504.088 -28266.8 2485.69 -30752.5 8450.5758
3.3 284.46997 1051.7816 21431.164 -28067.5 2550.89 -30618.4 8456.769
3.31 275.88506 99.641368 21410.206 -28322.1 2473.91 -30796 8453.9273
3.32 263.74698 -142.10301 21507.451 -28316.9 2365.06 -30682 8476.3471
3.33 272.09346 -630.6674 21534.55 -28143 2439.91 -30582.9 8499.7197
3.34 270.71642 -437.86658 21563.714 -28369.6 2427.56 -30797.2 8533.1353
3.35 266.03834 31.360294 21403.02 -28433 2385.61 -30818.6 8494.5014
3.36 270.51621 -19.498654 21481.25 -28341.3 2425.76 -30767.1 8531.325
3.37 266.84213 -9.7290105 21423.83 -28382.4 2392.82 -30775.2 8569.1757
3.38 272.15105 -146.81219 21524.24 -28182.2 2440.42 -30622.6 8630.3808
3.39 274.18234 1290.1381 21524.457 -28202.5 2458.64 -30661.2 8658.1572
3.4 284.20522 515.50495 21567.926 -28366 2548.51 -30914.5 8664.8109
3.41 275.13306 270.22958 21511.525 -28203.3 2467.16 -30670.4 8651.6389
3.42 258.38723 128.97474 21426.401 -28358.3 2317 -30675.3 8609.3598
3.43 272.19525 -710.10024 21620.851 -28212.4 2440.82 -30653.3 8717.3708
3.44 271.4076 104.01605 21435.172 -28484.9 2433.76 -30918.7 8681.1918
3.45 278.10004 -696.24837 21402.356 -28246.1 2493.77 -30739.8 8722.8713
3.46 260.17065 102.82312 21457.578 -28365 2332.99 -30698 8758.1036
3.47 274.615 35.488701 21439.789 -28270.2 2462.52 -30732.7 8764.9625
3.48 276.65515 151.50005 21429.297 -28346.4 2480.81 -30827.2 8794.0868
3.49 262.02109 -153.12751 21449.888 -28162.3 2349.58 -30511.9 8832.8562
3.5 263.55029 61.884099 21543.314 -28387 2363.3 -30750.3 8889.8244
3.51 278.20824 67.543596 21329.078 -28010 2494.74 -30504.7 8847.0928
3.52 268.07733 -350.96255 21662.577 -28382.9 2403.89 -30786.8 8974.5491
3.53 271.55642 328.8692 21377.714 -28307 2435.09 -30742.1 8910.489
3.54 282.50535 -2.6746578 21474.859 -28251.7 2533.27 -30785 8915.9492
3.55 268.84714 777.46778 21517.514 -28459.5 2410.8 -30870.3 8980.4472
3.56 277.15619 -509.29127 21758.208 -28194.7 2485.3 -30680 9083.7069
3.57 254.70033 -936.76396 21519.126 -28456.9 2283.94 -30740.8 9044.0592
3.58 275.21759 -47.738076 21575.004 -28218.7 2467.92 -30686.7 9099.5948
3.59 277.66533 1056.7695 21461.799 -28310.3 2489.87 -30800.2 9101.1332
3.6 273.6199 10.078547 21541.709 -28004.3 2453.59 -30457.8 9147.1615
3.61 284.18548 -911.87137 21657.816 -28101.8 2548.34 -30650.2 9219.9746
3.62 278.8148 246.66724 21383.543 -28264.3 2500.18 -30764.5 9139.981
3.63 287.27865 401.29435 21617.926 -28039.9 2576.07 -30616 9218.974
3.64 270.54718 609.62007 21362.682 -28207.6 2426.04 -30633.6 9193.1736
3.65 276.66712 621.70814 21387.071 -28207.9 2480.92 -30688.9 9208.5577
3.66 285.00591 -192.1165 21604.122 -28143.7 2555.69 -30699.4 9279.3414
3.67 262.85471 -550.97884 21709.402 -28291.3 2357.06 -30648.4 9371.7709
3.68 274.25591 -350.66528 21613.146 -28169.7 2459.3 -30629 9337.5707
3.69 261.18631 139.9931 21573.252 -28432.5 2342.1 -30774.6 9372.768
3.7 267.09709 956.53942 21260.825 -28319.9 2395.1 -30715 9328.0029
3.71 281.7087 690.18745 21480.832 -28326.8 2526.13 -30853 9381.3219
3.72 280.16184 1050.353 21400.17 -28102.7 2512.26 -30615 9401.4821
3.73 268.1354 17.325263 21505.559 -28297.6 2404.41 -30702 9446.0111
3.74 285.33681 881.12569 21378.502 -28028.8 2558.66 -30587.5 9474.2335
3.75 280.80852 -300.69969 21644.408 -28299.5 2518.05 -30817.6 9617.7659
3.76 264.20841 -219.29376 21447.174 -28290.7 2369.2 -30659.9 9567.9237
3.77 279.03092 -94.007482 21541.489 -28236.5 2502.11 -30738.6 9637.4431
3.78 254.44731 -566.28001 21559.487 -28416.4 2281.67 -30698.1 9671.6302
3.79 278.39969 -133.28107 21550.516 -28306.1 2496.45 -30802.6 9652.9251
3.8 264.99092 -332.189 21584.936 -28346.2 2376.22 -30722.4 9708.756
3.81 285.5086 -333.65541 21550.476 -28172.5 2560.2 -30732.7 9732.6518
3.82 272.05259 -190.8598 21477.141 -28300.3 2439.54 -30739.8 9701.1842
3.83 276.67921 -88.970654 21505.401 -28305.1 2481.03 -30786.2 9732.7684
3.84 280.8565 473.09297 21378.239 -28246 2518.48 -30764.5 9672.1175
3.85 263.78713 124.42447 21433.21 -28442.1 2365.42 -30807.5 9722.8493
3.86 259.07116 481.45502 21455.21 -28353.6 2323.13 -30676.8 9763.6724
3.87 278.02772 -62.002314 21511.653 -28148.8 2493.12 -30641.9 9845.7005
3.88 279.53218 396.08162 21505.367 -28271.4 2506.61 -30778 9840.2322
3.89 274.76943 -316.08487 21549.058 -28270.4 2463.9 -30734.3 9873.4588
3.9 269.73774 -322.79866 21759.511 -28247.1 2418.78 -30665.9 9985.8272
3.91 282.43288 -199.03467 21583.006 -28050.5 2532.62 -30583.1 10016.738
3.92 265.63041 197.0335 21518.211 -28300.6 2381.95 -30682.6 10003.603
3.93 281.56823 737.45612 21566.699 -28014.6 2524.87 -30539.4 10050.27
3.94 278.45351 305.09504 21372.678 -28338.3 2496.94 -30835.3 10047.128
3.95 278.18134 -148.29986 21486.517 -28145.5 2494.5 -30640 10099.774
3.96 256.2517 -411.71791 21718.846 -28180.3 2297.85 -30478.2 10227.953
3.97 271.23424 -611.99138 21672.418 -28234.1 2432.2 -30666.3 10264.807
3.98 274.86936 79.981385 21339.503 -28382.6 2464.8 -30847.4 10201.045
3.99 265.35311 -218.71631 21470.036 -28305 2379.46 -30684.5 10302.907
4 267.73159 -157.49134 21633.75 -28295.3 2400.79 -30696.1 10388.653
4.01 276.6124 1139.8118 21576.12 -28073 2480.43 -30553.4 10397.427
4.02 273.86359 -55.410261 21635.598 -28340.9 2455.78 -30796.7 10451.804
4.03 269.84309 527.64939 21423.248 -28118.8 2419.73 -30538.5 10402.109
4.04 268.49973 -127.76721 21500.203 -28246.4 2407.68 -30654.1 10491.762
4.05 269.3584 50.532026 21590.336 -28202.5 2415.38 -30617.9 10541.19
4.06 280.4416 1261.8271 21413.697 -28148.8 2514.76 -30663.6 10497.514
4.07 268.7733 -473.35339 21521.831 -28325.1 2410.13 -30735.2 10574.569
4.08 284.64881 684.75756 21530.3 -28049.9 2552.49 -30602.4 10644.425
4.09 264.91537 -111.96154 21418.29 -28344.7 2375.54 -30720.3 10627.409
4.1 290.87933 113.05897 21453.966 -28043.6 2608.36 -30651.9 10668.492
4.11 278.55156 73.683169 21521.929 -28347.5 2497.82 -30845.3 10732.134
4.12 270.9406 536.00099 21443.324 -28311.2 2429.57 -30740.8 10723.633
4.13 269.44116 864.55183 21372.774 -28300.2 2416.12 -30716.3 10772.288
4.14 279.05499 -255.51952 21409.313 -28229.9 2502.33 -30732.2 10774.841
4.15 296.34707 -519.73433 21753.056 -28006.6 2657.39 -30664 10902.135
4.16 268.04679 41.931094 21507.495 -28357.9 2403.62 -30761.5 10866.459
4.17 271.63135 -542.28114 21551.563 -28230.7 2435.76 -30666.5 10905.695
4.18 280.49948 -191.63305 21635.07 -28235.3 2515.28 -30750.6 10949.077
4.19 273.24094 467.37606 21313.635 -28139.5 2450.19 -30589.7 10894.033
4.2 274.81928 -540.85422 21642.597 -28343 2464.35 -30807.4 11014.482
4.21 253.14057 68.046443 21457.498 -28368.6 2269.95 -30638.5 11008.696
4.22 262.91301 -198.37043 21512.812 -28515.7 2357.58 -30873.2 11090.885
4.23 264.41963 571.43783 21367.537 -28335.5 2371.09 -30706.6 11101.146
4.24 263.37312 -218.28701 21512.219 -28341.3 2361.71 -30703 11167.708
4.25 268.11805 276.07948 21572.776 -28189 2404.26 -30593.2 11262.039
4.26 272.39398 -53.196303 21494.701 -28435.8 2442.6 -30878.4 11268.889
4.27 271.83665 329.32248 21374.219 -28220.6 2437.6 -30658.2 11268.09
4.28 256.63775 -831.53746 21692.219 -28494 2301.31 -30795.3 11415.39
4.29 272.98365 381.38832 21410.92 -28316.7 2447.89 -30764.5 11360.192
4.3 276.98825 -44.835339 21560.672 -28158 2483.8 -30641.8 11450.7
4.31 268.19978 584.07605 21373.731 -28406.2 2404.99 -30811.2 11403.994
4.32 279.9927 -178.55985 21535.973 -28223.9 2510.74 -30734.7 11482.596
4.33 270.16795 -64.107994 21594.411 -28130.6 2422.64 -30553.2 11590.557
4.34 286.52197 -32.261547 21418.335 -28240.2 2569.29 -30809.5 11501.071
4.35 283.69439 -181.58343 21360.821 -28382.7 2543.93 -30926.7 11478.576
4.36 254.53244 -541.47234 21682.759 -28481.9 2282.43 -30764.3 11637.584
4.37 273.89343 -315.39712 21650.307 -28276.7 2456.05 -30732.7 11688.488
4.38 260.45328 405.97821 21347.756 -28563 2335.53 -30898.6 11594.293
4.39 284.86166 184.10726 21613.601 -28125.4 2554.4 -30679.8 11727.931
4.4 276.4998 204.22907 21375.762 -28175.4 2479.42 -30654.8 11656.519
4.41 263.32494 -770.00894 21432.439 -28425.8 2361.28 -30787 11673.051
4.42 279.41758 1205.6178 21326.263 -28192.2 2505.58 -30697.7 11641.819
4.43 260.16801 -391.30471 21463.877 -28333 2332.97 -30665.9 11718.148
4.44 258.07268 -135.37166 21462.138 -28383.3 2314.18 -30697.4 11748.442
4.45 268.54798 274.86713 21407.124 -28251.4 2408.11 -30659.5 11751.993
4.46 275.9299 863.52247 21505.225 -28203.2 2474.31 -30677.5 11781.677
4.47 272.81736 134.20131 21472.296 -28195.7 2446.4 -30642.1 11835.624
4.48 277.98287 958.71728 21296.564 -28310.9 2492.72 -30803.6 11807.094
4.49 273.19398 -126.13209 21332.161 -28096.1 2449.77 -30545.9 11861.939
4.5 273.89832 87.699878 21569.2 -28165.4 2456.09 -30621.5 11948.78
4.51 279.963 37.723941 21232.073 -28179.2 2510.47 -30689.7 11845.303
4.52 277.79751 318.44799 21692.846 -28096.1 2491.05 -30587.1 12047.178
4.53 271.09607 -707.12602 21575.094 -28281.8 2430.96 -30712.7 12020.497
4.54 272.21362 -749.62447 21581.394 -28340.2 2440.98 -30781.1 12067.932
4.55 272.89257 -706.88965 21549.543 -28215.4 2447.07 -30662.4 12088.246
4.56 273.29248 565.34743 21496.872 -28275.2 2450.66 -30725.9 12113.803
4.57 274.23271 -216.00451 21701.398 -28173.2 2459.09 -30632.3 12218.586
4.58 272.88479 -266.037 21553.159 -28332.5 2447 -30779.5 12171.223
4.59 274.22074 323.6366 21424.215 -28108.1 2458.98 -30567.1 12145.396
4.6 279.67658 341.64727 21360.128 -28215.3 2507.9 -30723.2 12150.302
4.61 271.3517 71.642478 21546.604 -28081.7 2433.25 -30514.9 12278.369
4.62 257.95047 144.93502 21491.898 -28193 2313.08 -30506.1 12297.349
4.63 283.33159 143.08748 21513.117 -27956.1 2540.68 -30496.8 12323.281
4.64 266.981 27.693021 21331.832 -28428.2 2394.06 -30822.2 12281.785
4.65 278.60766 -72.732966 21526.008 -28157.1 2498.32 -30655.4 12355.362
4.66 270.82215 354.53542 21420.969 -28266.5 2428.51 -30695 12375.43
4.67 273.16454 422.98585 21508.555 -28321.3 2449.51 -30770.8 12428.574
4.68 275.40229 648.09308 21370.984 -28263.7 2469.58 -30733.3 12461.571
4.69 289.78683 1055.0764 21510.187 -28013.8 2598.56 -30612.4 12574.171
4.7 275.30699 -41.982268 21552.827 -28234.5 2468.72 -30703.2 12633.788
4.71 265.68572 -557.95725 21641.819 -28236.9 2382.45 -30619.3 12655.038
4.72 275.37242 -538.43932 21519.937 -28022.6 2469.31 -30491.9 12644.76
4.73 272.73709 -274.99682 21391.327 -28299 2445.68 -30744.6 12618.417
4.74 276.93004 -289.33682 21689.234 -28311.2 2483.28 -30794.5 12737.623
4.75 283.40817 142.03387 21666.708 -28189.5 2541.37 -30730.9 12783.838
4.76 268.8404 1085.3145 21327.543 -28412.5 2410.73 -30823.3 12691.595
4.77 265.76205 -1445.2219 21611.244 -28100.7 2383.13 -30483.8 12857.733
4.78 269.38337 -584.26123 21700.822 -28211.7 2415.6 -30627.3 12938.026
4.79 275.95661 491.36822 21431.463 -28154 2474.55 -30628.6 12846.571
4.8 282.72501 82.484421 21331.802 -28239.7 2535.24 -30774.9 12807.74
4.81 272.59722 -384.96257 21757.371 -28185 2444.42 -30629.4 13030.128
4.82 280.97366 774.29996 21305.227 -28267.8 2519.54 -30787.4 12896.022
4.83 265.6991 -55.233393 21604.385 -28379.4 2382.57 -30762 13025.16
4.84 272.33145 261.0595 21584.978 -28149.9 2442.04 -30592 13016.257
4.85 281.2853 -113.88855 21478.204 -28133.7 2522.33 -30656 13058.317
4.86 277.41775 -39.578351 21463.659 -28067.6 2487.65 -30555.2 13086.154
4.87 257.90119 691.3226 21475.861 -28312 2312.64 -30624.6 13125.928
4.88 283.78465 566.91487 21405.163 -28113.3 2544.74 -30658.1 13148.804
4.89 279.70751 680.87924 21342.487 -28105.9 2508.18 -30614.1 13156.425
4.9 269.15247 -574.95471 21533.581 -28219.7 2413.53 -30633.2 13235.939
4.91 287.32214 570.44313 21299.32 -28200.8 2576.46 -30777.3 13149.604
4.92 287.91199 605.22566 21512.188 -28002.6 2581.75 -30584.3 13275.224
4.93 271.39428 -112.10758 21580.167 -28242.6 2433.64 -30676.2 13309.425
4.94 263.52316 -315.41523 21357.431 -28376.2 2363.05 -30739.3 13238.683
4.95 274.95878 544.57424 21530.198 -28200.9 2465.6 -30666.5 13336.134
4.96 275.57217 231.14634 21382.682 -28272.3 2471.1 -30743.4 13304.638
4.97 273.57909 -971.50249 21669.406 -28058.5 2453.23 -30511.7 13473.552
4.98 274.83034 329.78101 21350.707 -28197 2464.45 -30661.4 13338.044
4.99 269.28898 -166.47301 21377.784 -28325 2414.76 -30739.8 13377.17
5 252.39797 -286.14855 21579.492 -28272.5 2263.29 -30535.8 13462.473
5.01 268.51516 275.92764 21646.993 -28339.6 2407.82 -30747.4 13516.785
5.02 278.74903 1054.6774 21440.616 -28209.5 2499.59 -30709.1 13514.145
5.03 272.68642 260.33602 21405.297 -28239.1 2445.22 -30684.3 13513.007
5.04 265.53743 39.650559 21346.472 -28396.6 2381.12 -30777.7 13479.195
5.05 286.00881 -1011.0651 21680.534 -28202.3 2564.69 -30767 13663.93
5.06 269.38973 155.48827 21405.272 -28326 2415.66 -30741.6 13616.876
5.07 264.66215 -636.81017 21630.34 -28197.4 2373.27 -30570.6 13736.977
5.08 267.52953 -355.86359 21491.566 -28216.1 2398.98 -30615.1 13689.476
5.09 278.6146 1250.8746 21255.149 -28407.6 2498.38 -30905.9 13656.018
5.1 276.74101 163.99974 21485.787 -28174 2481.58 -30655.6 13803.78
5.11 274.81218 -476.9622 21531.609 -28272.6 2464.28 -30736.9 13866.372
5.12 267.96157 465.31624 21440.454 -28425.1 2402.85 -30828 13846.993
5.13 285.05749 262.90909 21548.115 -28079.2 2556.16 -30635.4 13899.639
5.14 286.98803 555.23734 21456.702 -28234 2573.47 -30807.5 13888.856
5.15 271.32611 316.67198 21510.948 -28300.4 2433.02 -30733.4 13920.286
5.16 276.41186 297.62088 21434.56 -28101 2478.63 -30579.6 13898.624
5.17 295.28681 721.51975 21511.116 -28050.8 2647.88 -30698.7 13947.104
5.18 266.83671 554.42498 21331.883 -28312.6 2392.77 -30705.3 13855.012
5.19 273.33153 -1043.2046 21632.086 -28340.9 2451.01 -30791.9 14007.8
5.2 262.95537 -243.6276 21450.097 -28227 2357.96 -30584.9 13931.458
5.21 258.03586 -597.73585 21414.956 -28519.9 2313.85 -30833.7 13926.546
5.22 272.12696 -104.57025 21589.993 -28349.3 2440.21 -30789.5 14020.93
5.23 267.08219 -148.21544 21333.946 -28379.8 2394.97 -30774.8 13919.049
5.24 282.87399 -1409.6435 21792.819 -27991.3 2536.58 -30527.9 14105.873
5.25 280.73227 -923.08768 21682.259 -28310.8 2517.37 -30828.2 14085.309
5.26 276.00522 671.44763 21509.755 -28254.5 2474.98 -30729.5 14054.478
5.27 278.89881 -208.11522 21580.715 -28233.9 2500.93 -30734.8 14142.953
5.28 269.17681 -169.65057 21588.069 -28000.2 2413.75 -30413.9 14154.828
5.29 279.43089 -198.40258 21469.963 -28158.3 2505.7 -30664 14176.281
5.3 266.66905 -331.52898 21691.464 -28235.1 2391.26 -30626.4 14325.955
5.31 272.16922 -326.83816 21577.452 -28265.5 2440.58 -30706.1 14347.022
5.32 291.00614 -256.22134 21459.505 -28053.6 2609.5 -30663.1 14309.373
5.33 272.54681 -433.16055 21490.107 -28334.1 2443.97 -30778.1 14321.596
5.34 281.86131 -1136.7272 21582.659 -28068.8 2527.5 -30596.3 14431.72
5.35 261.38231 1427.332 21392.554 -28424.5 2343.86 -30768.4 14379.764
5.36 267.39139 -61.194126 21359.008 -28295.8 2397.74 -30693.6 14393.614
5.37 267.87101 -231.14398 21449.969 -28379.5 2402.04 -30781.6 14460.718
5.38 268.91281 806.51444 21483.303 -28018.6 2411.38 -30430 14521.207
5.39 282.83866 -33.411645 21573.112 -28107.9 2536.26 -30644.2 14580.139
5.4 269.25502 303.55267 21443.246 -28261.7 2414.45 -30676.2 14517.222
5.41 293.36035 748.54274 21609.393 -28051.9 2630.61 -30682.5 14651.415
5.42 267.54094 -301.52285 21585.126 -28340.9 2399.08 -30740 14707.27
5.43 275.51602 -755.07099 21743.186 -28271.2 2470.6 -30741.8 14851.553
5.44 280.21994 -646.08871 21580.89 -28298.2 2512.78 -30811 14767.053
5.45 266.11524 -212.93486 21434.777 -28281.3 2386.3 -30667.6 14686.834
5.46 280.43104 -27.606405 21220.694 -28381 2514.67 -30895.7 14576.018
5.47 283.52384 -181.9721 21623.999 -28014.6 2542.4 -30557 14798.221
5.48 295.07053 355.29952 21448.314 -28090.7 2645.94 -30736.7 14755.498
5.49 278.78792 -117.41312 21605.462 -28291 2499.94 -30790.9 14820.109
5.5 274.655 330.06354 21288.311 -28382 2462.88 -30844.9 14708.598
5.51 277.98403 -179.94466 21498.767 -28037.7 2492.73 -30530.4 14877.412
5.52 271.47396 499.56545 21364.398 -28357.1 2434.35 -30791.4 14910.846
5.53 267.94014 -506.64676 21503.542 -28364.8 2402.66 -30767.5 14989.738
5.54 271.67038 -679.33842 21551.848 -28374.6 2436.11 -30810.7 15038.625
5.55 274.34749 302.58903 21479.126 -28129.7 2460.12 -30589.8 15001.01
5.56 265.06659 597.6585 21343.013 -28385.8 2376.89 -30762.7 15014.35
5.57 288.65731 -1123.7514 21544.146 -28135.1 2588.44 -30723.6 15180.908
5.58 278.49397 392.24789 21344.755 -28132.6 2497.3 -30629.9 15077.135
5.59 278.69241 290.09736 21417.093 -28062 2499.08 -30561 15123.46
5.6 262.71129 -592.69457 21773.345 -28336 2355.77 -30691.7 15326.435
5.61 271.16956 6.5991541 21515.563 -28194.9 2431.62 -30626.5 15244.441
5.62 263.5431 -221.42853 21509.345 -28319.9 2363.23 -30683.1 15309.635
5.63 292.62438 -6.4863815 21525.677 -28242 2624.01 -30866 15318.002
5.64 265.88438 159.6341 21527.475 -28218.5 2384.23 -30602.8 15420.062
5.65 274.83106 125.40387 21456.018 -28201.7 2464.45 -30666.1 15366.734
5.66 284.67912 -265.72936 21555.55 -28034.1 2552.76 -30586.9 15465.846
5.67 271.09595 -57.519647 21662.147 -28205.2 2430.96 -30636.1 15517.124
5.68 266.24719 413.92173 21461.898 -28478.4 2387.48 -30865.9 15442.513
5.69 280.65749 -502.6766 21573.9 -28199.6 2516.7 -30716.3 15535.254
5.7 277.25256 -569.99956 21463.341 -28323.7 2486.17 -30809.9 15504.617
5.71 283.49982 178.15429 21597.327 -28159.5 2542.19 -30701.7 15578.271
5.72 271.46346 -661.78196 21573.673 -28307.7 2434.26 -30742 15608.84
5.73 280.0452 -127.09357 21676.191 -28200 2511.21 -30711.2 15692.811
5.74 259.04592 100.4039 21397.21 -28335.9 2322.91 -30658.8 15554.371
5.75 252.49057 -380.76244 21547.08 -28591.8 2264.12 -30855.9 15665.235
5.76 263.08061 157.38866 21402.563 -28310.1 2359.09 -30669.2 15596.518
5.77 266.31051 966.30667 21384.089 -28087.9 2388.05 -30476 15610.16
5.78 259.64017 292.34441 21468.538 -28368.6 2328.23 -30696.9 15715.371
5.79 273.32988 -629.6916 21360.436 -28266.1 2450.99 -30717.1 15657.841
5.8 286.54279 74.825104 21521.114 -28189 2569.47 -30758.5 15788.571
5.81 272.79011 24.693053 21513.24 -28359.4 2446.15 -30805.6 15818.077
5.82 293.83613 -234.79162 21369.126 -28106.7 2634.88 -30741.6 15767.853
5.83 267.95274 -781.30198 21527.401 -28244.6 2402.77 -30647.3 15906.496
5.84 260.77209 -638.32073 21696.656 -28559.3 2338.38 -30897.7 16031.581
5.85 256.94026 448.62479 21552.914 -28484.6 2304.02 -30788.6 16015.165
5.86 290.169 332.65192 21398.849 -28283 2601.99 -30885 15944.759
5.87 271.04821 44.183155 21695.336 -28158.6 2430.53 -30589.1 16059.134
5.88 269.28996 -623.20602 21564.218 -28296.6 2414.77 -30711.4 16040.076
5.89 271.29122 111.22187 21552.045 -28001.4 2432.71 -30434.1 16077.143
5.9 268.59012 134.14191 21480.228 -28177.6 2408.49 -30586.1 16082.686
5.91 269.79881 829.20661 21504.236 -28365.2 2419.33 -30784.5 16065.763
5.92 266.91355 1077.8804 21436.496 -28309.2 2393.46 -30702.7 16085.144
5.93 259.27995 -381.0789 21486.506 -28351.9 2325 -30676.9 16167.05
5.94 263.14828 -107.95248 21446.965 -28290.2 2359.69 -30649.9 16186.45
5.95 278.12678 786.23671 21220.646 -28019.1 2494.01 -30513.1 16152.396
5.96 273.86997 -115.4295 21454.168 -28421.9 2455.84 -30877.8 16302.781
5.97 270.74052 200.44728 21329.23 -28250.3 2427.77 -30678 16272.904
5.98 266.50098 -302.41682 21673.17 -28338.7 2389.76 -30728.5 16466.007
5.99 271.92593 -6.5556801 21543.023 -28131.6 2438.4 -30570 16399.416
6 272.63 573.64543 21512.202 -28174.4 2444.72 -30619.1 16380.798
6.01 272.6578 140.9406 21583.606 -28391.4 2444.97 -30836.4 16418.128
6.02 272.29005 -553.58484 21532.534 -28367.7 2441.67 -30809.3 16376.306
6.03 279.47322 319.24857 21532.395 -28136.9 2506.08 -30643 16422.758
6.04 275.56647 788.77521 21276.203 -28317.7 2471.05 -30788.8 16381.775
6.05 281.7835 -440.05778 21570.51 -27992.6 2526.8 -30519.4 16579.346
6.06 271.82812 -520.54674 21426.129 -28276.3 2437.53 -30713.9 16518.601
6.07 278.81159 -1022.7263 21898.712 -28170.7 2500.15 -30670.8 16804.878
6.08 260.42392 134.48776 21384.5 -28494.7 2335.26 -30830 16561.445
6.09 281.56256 -207.34758 21495.849 -28153.5 2524.82 -30678.3 16690.781
6.1 275.07629 231.51153 21410.439 -28246.3 2466.65 -30713 16681.86
6.11 269.97214 522.30652 21386.075 -28344.7 2420.88 -30765.6 16700.807
6.12 272.66329 -688.59112 21811.603 -28095.1 2445.02 -30540.2 16998.43
6.13 275.54047 755.26888 21348.215 -28268.2 2470.82 -30739 16765.124
6.14 282.2553 375.92708 21607.803 -28378.6 2531.03 -30909.7 16925.707
6.15 262.14735 -1690.723 21687.757 -28326.5 2350.72 -30677.2 16985.163
6.16 268.54219 229.28077 21554.757 -28445.1 2408.06 -30853.2 16975.269
6.17 255.48025 -391.93112 21738.073 -28475.7 2290.93 -30766.6 17108.059
6.18 277.45695 -461.87995 21822.217 -28183.1 2488 -30671.1 17199.01
6.19 275.62244 -79.597676 21491.361 -28086.4 2471.55 -30558 17071.926
6.2 281.61317 522.49963 21430.647 -27957.4 2525.27 -30482.7 17053.229
6.21 264.17716 367.73156 21348.201 -28405.5 2368.92 -30774.5 17040.044
6.22 273.15018 -35.967644 21373.901 -28122.3 2449.38 -30571.6 17084.041
6.23 269.71409 -545.5213 21641.711 -28288.9 2418.57 -30707.5 17239.283
6.24 275.2156 -1152.7783 21581.639 -28340.4 2467.9 -30808.3 17284.797
6.25 292.12542 349.82545 21510.676 -28204 2619.54 -30823.6 17282.728
6.26 278.31575 334.69445 21443.348 -28266.6 2495.7 -30762.3 17253.052
6.27 280.60749 484.91054 21593.568 -28085.2 2516.25 -30601.4 17388.447
6.28 267.76716 -471.5309 21397.847 -28290.2 2401.11 -30691.3 17386.584
6.29 274.79876 -894.56885 21472.494 -28428.6 2464.16 -30892.7 17499.592
6.3 273.3241 283.24971 21352.792 -28196.4 2450.94 -30647.3 17428.122
6.31 269.99441 -202.24659 21372.808 -28119.6 2421.08 -30540.7 17456.096
6.32 275.95595 -194.731 21438.4 -28262.9 2474.54 -30737.4 17550.238
6.33 287.77424 -691.38433 21481.227 -28096.6 2580.52 -30677.1 17601.364
6.34 276.00474 127.10631 21476.189 -28089.1 2474.98 -30564.1 17690.149
6.35 270.17686 -177.45712 21684.638 -28295.7 2422.72 -30718.4 17794.98
6.36 271.89088 -27.717786 21417.988 -28075 2438.09 -30513.1 17677.851
6.37 277.4416 41.679619 21616.243 -28293.4 2487.86 -30781.2 17811.62
6.38 267.04399 -740.81693 21744.985 -28277.2 2394.63 -30671.8 17925.35
6.39 266.77215 305.76819 21564.754 -28244.7 2392.19 -30636.9 17859.133
6.4 272.81468 60.993252 21609.631 -28065.5 2446.37 -30511.8 17947.597
6.41 276.89175 649.0356 21230.614 -28226.7 2482.93 -30709.6 17793.186
6.42 261.37275 908.93457 21242.887 -28431.7 2343.77 -30775.5 17814.1
6.43 273.9458 46.195015 21487.912 -28316.9 2456.52 -30773.4 17967.239
6.44 264.73195 1161.5222 21117.457 -28511.9 2373.89 -30885.7 17786.359
6.45 278.64661 -318.58367 21687.589 -28196 2498.67 -30694.7 18140.614
6.46 274.03676 -710.74479 21706.304 -28186.2 2457.33 -30643.5 18148.661
6.47 271.55229 -259.02568 21562.511 -28218.7 2435.05 -30653.8 18141.787
6.48 277.26944 89.070813 21418.072 -28146.2 2486.32 -30632.5 18102.611
6.49 278.54145 451.43708 21534.054 -28265.9 2497.73 -30763.6 18218.424
6.5 291.09707 -49.189632 21575.826 -28161.5 2610.31 -30771.8 18256.89
6.51 258.91237 328.31209 21395.554 -28367.8 2321.71 -30689.5 18156.888
6.52 270.77939 85.903158 21609.107 -28303.5 2428.12 -30731.6 18301.6
6.53 273.27009 -550.70122 21676.106 -28378.7 2450.46 -30829.2 18354.795
6.54 276.16064 319.51094 21509.923 -28216.8 2476.38 -30693.2 18277.395
6.55 266.06205 -353.88055 21385.096 -28482.1 2385.82 -30867.9 18302.832
6.56 279.18167 809.99764 21348.262 -28175.6 2503.47 -30679.1 18346.804
6.57 274.27407 -483.03237 21465.256 -28265.9 2459.46 -30725.4 18463.491
6.58 273.54835 -246.00801 21451.226 -28210 2452.95 -30663 18467.1
6.59 271.06812 356.87856 21407.902 -28275.6 2430.71 -30706.3 18437.543
6.6 265.28162 -129.64784 21454.589 -28228.3 2378.82 -30607.1 18486.445
6.61 284.14979 379.82843 21353.509 -28093 2548.02 -30641 18489.565
6.62 268.92622 -77.953189 21385.398 -28310 2411.5 -30721.5 18546.139
6.63 269.58588 -540.34308 21500.684 -28057.2 2417.42 -30474.6 18625.969
6.64 264.56928 11.215599 21581.031 -28311.6 2372.43 -30684 18672.688
6.65 276.27596 1060.5968 21337.663 -28218.9 2477.41 -30696.3 18583.568
6.66 276.44878 -561.99026 21610.139 -28346.3 2478.96 -30825.2 18785.455
6.67 280.93732 -809.7459 21604.582 -28196.6 2519.21 -30715.9 18809.91
6.68 286.29516 477.65962 21435.548 -28121.1 2567.25 -30688.3 18707.116
6.69 273.45429 -242.25565 21562.508 -28238 2452.11 -30690.1 18787.952
6.7 275.57219 -476.11958 21549.985 -28227 2471.1 -30698.1 18793.605
6.71 281.30921 -754.84419 21657.642 -28272.9 2522.54 -30795.5 18894.484
6.72 284.54352 -156.29849 21419.094 -28036.3 2551.55 -30587.9 18790.063
6.73 270.9812 205.52072 21525.127 -28331 2429.93 -30760.9 18873.559
6.74 275.56582 980.57532 21450.67 -28181.2 2471.04 -30652.2 18807.431
6.75 273.40391 781.84108 21256.241 -28207.7 2451.66 -30659.3 18723.314
6.76 257.24625 410.64905 21480.158 -28547.3 2306.77 -30854.1 18855.363
6.77 269.04046 604.69836 21490.227 -28057 2412.53 -30469.5 18860.51
6.78 274.02029 702.79613 21507.806 -28289.7 2457.18 -30746.9 18877.603
6.79 274.58326 -597.35067 21665.063 -28159 2462.23 -30621.2 19037.631
6.8 270.67773 138.79888 21396.959 -28255 2427.21 -30682.2 18852.13
6.81 269.98958 23.683209 21570.57 -27946.6 2421.04 -30367.6 18985.549
6.82 283.57829 -736.98517 21631.691 -28194 2542.89 -30736.8 19019.291
6.83 271.95473 414.80945 21424.921 -28264.3 2438.66 -30703 18887.156
6.84 271.79317 -259.92515 21539.734 -28392.1 2437.21 -30829.3 18971.787
6.85 283.48794 265.72757 21646.679 -28092 2542.08 -30634.1 19079.887
6.86 276.45388 610.62443 21322.017 -28336.1 2479.01 -30815.1 18922.396
6.87 275.82853 -433.84177 21642.981 -28149.7 2473.4 -30623.1 19165.76
6.88 262.115 -230.36263 21575.844 -28339.8 2350.43 -30690.2 19099.286
6.89 283.84534 -622.14931 21631.921 -27857.8 2545.29 -30403.1 19144.449
6.9 262.76654 310.55861 21515.867 -28283.7 2356.27 -30640 19046.447
6.91 280.00873 -282.57234 21357.213 -28073.5 2510.88 -30584.4 18951.367
6.92 267.00381 -68.548813 21461.401 -28477.8 2394.27 -30872.1 19017.023
6.93 269.42905 369.75416 21535.818 -28148.4 2416.01 -30564.4 19143.807
6.94 271.33834 -299.90761 21697.257 -28309.5 2433.13 -30742.7 19329.781
6.95 275.16996 -882.23319 21645.09 -28298.6 2467.49 -30766.1 19357.621
6.96 265.65269 -178.40268 21574.137 -28395.3 2382.15 -30777.4 19306.223
6.97 273.18754 92.050935 21405.175 -28257 2449.72 -30706.7 19188.469
6.98 276.71452 -337.86338 21428.959 -28341.4 2481.34 -30822.7 19236.708
6.99 270.30357 901.055 21402.245 -28283.4 2423.86 -30707.3 19246.683
7 284.91796 525.76065 21638.414 -28315.6 2554.9 -30870.5 19422.675
7.01 268.12288 47.373998 21444.79 -28383.4 2404.3 -30787.7 19357.428
7.02 283.0669 -50.755372 21480.273 -28276.9 2538.31 -30815.2 19420.416
7.03 288.64949 172.17746 21313.159 -28133.6 2588.37 -30722 19310.218
7.04 267.1822 102.74855 21434.35 -28376.5 2395.87 -30772.3 19377.463
7.05 268.97533 -15.976482 21567.865 -28148.1 2411.94 -30560.1 19484.222
7.06 267.64355 -499.38147 21591.066 -28259.3 2400 -30659.3 19492.487
7.07 288.71506 380.44576 21350.992 -28121.8 2588.95 -30710.7 19330.461
7.08 277.90501 -164.09332 21572.166 -28148.5 2492.02 -30640.5 19531.875
7.09 265.62575 400.08386 21392.226 -28277.4 2381.91 -30659.3 19504.038
7.1 267.5601 122.48896 21381.532 -28366.8 2399.25 -30766 19518.386
7.11 276.45471 440.30676 21431.476 -28111.8 2479.01 -30590.8 19611.883
7.12 274.73004 60.015082 21548.701 -28419.9 2463.55 -30883.4 19699.889
7.13 284.82704 138.75408 21429.012 -28048.2 2554.09 -30602.3 19595.764
7.14 265.7695 -46.547653 21455.013 -28395.8 2383.2 -30778.9 19584.172
7.15 269.532 342.26595 21433.728 -28202.9 2416.94 -30619.9 19624.665
7.16 271.21013 -147.13211 21657.143 -28242 2431.98 -30674 19756.027
7.17 257.93791 -348.26908 21432.732 -28375.7 2312.97 -30688.7 19604.834
7.18 289.82394 367.38268 21565.785 -27944.3 2598.9 -30543.2 19759.627
7.19 282.43126 -217.33335 21596.735 -28171.7 2532.61 -30704.3 19811.193
7.2 270.0759 -644.58437 21325.309 -28520.2 2421.81 -30942 19670.664
7.21 269.67142 -439.8 21537.077 -28276.3 2418.19 -30694.5 19844.962
7.22 281.45696 48.999858 21471.146 -27993.2 2523.87 -30517 19813.637
7.23 275.80748 -733.88816 21615.204 -28209.6 2473.21 -30682.8 19975.254
7.24 271.46264 167.12353 21355.136 -28278.3 2434.25 -30712.5 19862.88
7.25 272.08024 41.614068 21263.995 -28503.1 2439.79 -30942.9 19801.086
7.26 263.18305 979.38604 21420.502 -28242.2 2360 -30602.2 19983.963
7.27 273.10558 -1544.235 21656.761 -28388.2 2448.98 -30837.2 20186.036
7.28 251.62511 143.88447 21606.872 -28396.5 2256.36 -30652.9 20195.392
7.29 276.61647 1224.8727 21178.004 -28122 2480.46 -30602.5 19971.993
7.3 273.95567 -712.23117 21549.27 -28233.4 2456.6 -30690 20232.404
7.31 268.97604 -112.61391 21531.502 -28162.1 2411.95 -30574 20279.529
7.32 275.89227 -643.86045 21514.246 -28216.7 2473.97 -30690.7 20296.758
7.33 268.34393 -598.07816 21580.372 -28425 2406.28 -30831.2 20295.935
7.34 259.83909 -294.74194 21531.134 -28301.4 2330.02 -30631.5 20326.083
7.35 272.23677 455.31918 21407.811 -28286.2 2441.19 -30727.4 20290.757
7.36 282.70025 -104.61358 21265.616 -28073.8 2535.02 -30608.8 20187.526
7.37 270.80567 55.280002 21455.844 -28243.3 2428.36 -30671.7 20326.193
7.38 271.30716 141.00412 21402.23 -28107.6 2432.85 -30540.5 20278.439
7.39 262.60911 -511.95808 21795.728 -28362.7 2354.86 -30717.5 20541.79
7.4 260.27743 -399.10531 21683.056 -28374.3 2333.95 -30708.2 20586.372
7.41 273.80491 973.6779 21269.442 -28189.3 2455.25 -30644.6 20313.67
7.42 280.20179 -18.418041 21416.157 -28311.8 2512.61 -30824.4 20501.153
7.43 268.37255 -75.738952 21357.661 -28300.4 2406.54 -30706.9 20478.456
7.44 273.74223 -360.14942 21745.557 -28235.7 2454.69 -30690.4 20703.919
7.45 260.22557 -565.08535 21516.839 -28546.9 2333.48 -30880.4 20602.409
7.46 280.6577 660.24653 21427.286 -28262.3 2516.7 -30779 20592.847
7.47 276.65965 -585.19723 21681.459 -28134.2 2480.85 -30615 20780.513
7.48 270.41583 265.67045 21518.533 -28142 2424.86 -30566.9 20710.645
7.49 272.5823 -705.85065 21598.875 -28352.1 2444.29 -30796.4 20843.632
7.5 264.92427 -633.25149 21496.416 -28330.1 2375.62 -30705.7 20762.798
7.51 281.42666 -350.52733 21489.471 -28021.4 2523.6 -30545 20739.848
7.52 274.67727 774.24268 21469.281 -28305.6 2463.07 -30768.7 20775.445
7.53 289.58881 645.95852 21433.734 -28104.1 2596.79 -30700.9 20791.736
7.54 267.42727 -455.28466 21325.496 -28308.4 2398.06 -30706.4 20764.632
7.55 258.91164 362.44133 21418.255 -28303.7 2321.7 -30625.4 20869.623
7.56 253.74937 139.05649 21484.251 -28524.1 2275.41 -30799.5 20940.392
7.57 279.90461 -96.063173 21489.177 -28278.4 2509.95 -30788.4 20997.592
7.58 261.16131 494.67018 21331.193 -28577.7 2341.88 -30919.5 20895.29
7.59 278.42884 -294.33024 21517.768 -28231.7 2496.72 -30728.4 21043.385
7.6 271.03771 -729.76898 21612.695 -28238.7 2430.44 -30669.1 21156.091
7.61 286.74237 24.951637 21570.828 -27979.3 2571.26 -30550.5 21132.887
7.62 284.64714 23.968932 21684.92 -28208.3 2552.48 -30760.7 21230.87
7.63 257.55207 289.74205 21595.437 -28479.1 2309.51 -30788.6 21253.507
7.64 269.96688 -268.85555 21537.084 -28169.2 2420.84 -30590.1 21274.014
7.65 271.0967 66.200866 21340.122 -28453.9 2430.97 -30884.8 21142.492
7.66 272.26834 738.42754 21464.465 -28199.9 2441.47 -30641.4 21262.229
7.67 281.91865 542.37138 21431.214 -28305.8 2528.01 -30833.8 21346.859
7.68 284.52491 460.72723 21320.088 -28143.6 2551.38 -30695 21290.493
7.69 267.75679 -508.52704 21519.136 -28185.3 2401.02 -30586.4 21496.537
7.7 283.44986 -400.55534 21472.136 -28137.2 2541.74 -30679 21483.647
7.71 262.27859 -82.331618 21507.169 -28592.2 2351.89 -30944.1 21487.874
7.72 276.65128 -569.65161 21582.68 -28248.9 2480.78 -30729.7 21600.239
7.73 275.79053 727.64465 21432.664 -28134.2 2473.06 -30607.3 21528.596
7.74 260.49639 -231.40623 21476.612 -28431.8 2335.91 -30767.7 21612.034
7.75 287.05199 -324.90226 21692.314 -28152.6 2574.04 -30726.6 21813.446
7.76 289.34755 456.08796 21381.627 -27882.4 2594.63 -30477 21627.97
7.77 265.84337 240.22202 21530.148 -28263.9 2383.86 -30647.7 21748.413
7.78 274.00244 1218.0387 21240.202 -28043.5 2457.02 -30500.5 21599.571
7.79 272.48159 114.83349 21338.57 -28178.4 2443.39 -30621.8 21683.799
7.8 256.40568 -594.20321 21546.379 -28531.8 2299.23 -30831 21873.372
7.81 277.25487 753.21224 21620.493 -28093.2 2486.19 -30579.4 21949.28
7.82 276.75658 -211.87201 21405.161 -28315.1 2481.72 -30796.8 21782.654
7.83 271.12352 -108.04865 21775.123 -28113 2431.21 -30544.2 22039.007
7.84 283.69516 -545.28919 21541.088 -28304.8 2543.94 -30848.8 21944.174
7.85 254.21427 140.72035 21508.297 -28500.7 2279.58 -30780.3 21948.938
7.86 263.3224 -502.97263 21609.432 -28235.1 2361.25 -30596.4 22035.382
7.87 288.233 479.21779 21434.405 -27930.3 2584.63 -30514.9 21911.457
7.88 265.10849 727.33633 21430.192 -28301.9 2377.27 -30679.1 21905.583
7.89 289.87125 -372.27439 21483.358 -28006.2 2599.32 -30605.5 21962.722
7.9 271.45597 184.58369 21363.306 -28354.9 2434.19 -30789.1 21884.222
7.91 272.52593 -1208.4637 21517.061 -28177.3 2443.78 -30621.1 22029.568
7.92 287.20572 1309.5036 21247.442 -28030.6 2575.42 -30606 21888.765
7.93 274.28854 -854.23164 21601.757 -28350.1 2459.59 -30809.7 22164.249
7.94 272.63852 -128.157 21485.113 -28130.7 2444.79 -30575.5 22095.314
7.95 276.04831 22.622351 21410.36 -28427.9 2475.37 -30903.3 22083.591
7.96 270.59022 420.07577 21363.469 -28318.7 2426.43 -30745.2 22064.905
7.97 274.739 124.82157 21246.415 -28215.7 2463.63 -30679.3 22037.99
7.98 279.35705 675.25073 21572.895 -28072.5 2505.04 -30577.6 22359.016
7.99 263.63353 244.91996 21334.323 -28484.6 2364.04 -30848.6 22233.661
8 259.61381 -346.04376 21581.294 -28402.7 2328 -30730.7 22421.035
8.01 267.86733 713.84708 21432.173 -28133.3 2402.01 -30535.3 22351.045
8.02 269.15316 146.16934 21612.121 -28249.9 2413.54 -30663.5 22480.381
8.03 296.68888 585.17395 21471.194 -27889.6 2660.46 -30550.1 22403.053
8.04 274.29449 -139.61498 21636.104 -28301 2459.64 -30760.6 22544.335
8.05 280.69877 -568.65799 21784.025 -27959.8 2517.07 -30476.9 22664.391
8.06 278.76711 79.811563 21642.625 -28315.6 2499.75 -30815.4 22562.517
8.07 285.36464 594.22562 21543.246 -27947.1 2558.91 -30506 22484.858
8.08 269.70764 -126.79818 21661.349 -28342.9 2418.51 -30761.4 22595.601
8.09 282.10786 -663.71153 21516.504 -28323.6 2529.71 -30853.3 22500.343
8.1 263.88813 -682.9802 21748.46 -28100.6 2366.33 -30466.9 22695.021
8.11 274.46959 -108.53548 21736.94 -28207.7 2461.21 -30668.9 22668.253
8.12 273.40598 -112.45505 21291.055 -28388.4 2451.67 -30840.1 22410.463
8.13 287.97338 138.40969 21551.679 -28179 2582.3 -30761.3 22616.335
8.14 265.48755 -389.20988 21497.63 -28371.4 2380.67 -30752.1 22576.233
8.15 287.5497 -73.251262 21445.677 -28109.1 2578.5 -30687.6 22553.662
8.16 276.25639 -231.25337 21584.214 -28002.9 2477.24 -30480.1 22684.817
8.17 280.23115 -425.04208 21401.692 -28180.7 2512.88 -30693.6 22619.205
8.18 271.27573 -545.92993 21418.368 -28193.3 2432.57 -30625.9 22638.102
8.19 269.83042 41.572828 21688.233 -28384.8 2419.61 -30804.4 22809.147
8.2 281.47141 121.45086 21397.733 -28126.2 2524 -30650.2 22610.29
8.21 267.01158 352.88794 21487.068 -28251 2394.34 -30645.3 22680.786
8.22 262.54971 -286.4947 21451.579 -28576.4 2354.32 -30930.7 22723.951
8.23 278.89163 286.44208 21500.634 -28269.9 2500.87 -30770.7 22746.364
8.24 277.65711 462.53034 21602.797 -28194.3 2489.8 -30684.1 22868.237
8.25 279.88506 -452.48542 21332.903 -28282.7 2509.77 -30792.5 22724.882
8.26 276.41576 -110.18719 21459.035 -28227 2478.66 -30705.7 22831.961
8.27 279.62377 -624.0331 21543.318 -28152.3 2507.43 -30659.7 22899.46
8.28 290.40601 -49.061001 21334.832 -28158.1 2604.12 -30762.2 22778.298
8.29 274.88145 979.02374 21470.095 -28306.8 2464.91 -30771.7 22908.56
8.3 285.10653 412.58417 21565.807 -27945 2556.6 -30501.6 22973.364
8.31 272.19397 -197.61086 21624.919 -28242.8 2440.81 -30683.6 23041.142
8.32 257.43604 141.07018 21505.234 -28427.4 2308.47 -30735.9 22996.922
8.33 274.56437 -196.45096 21609.123 -28333.1 2462.06 -30795.2 23105.554
8.34 268.04098 89.867828 21382.996 -28183.7 2403.57 -30587.3 22965.406
8.35 279.29687 -216.98273 21506.871 -28292.3 2504.5 -30796.8 23125.957
8.36 259.34543 -257.15785 21552.026 -28305.9 2325.59 -30631.5 23186.549
8.37 273.87422 632.02988 21313.718 -28121.9 2455.87 -30577.7 23070.249
8.38 269.2091 -178.47776 21556.643 -28320.6 2414.04 -30734.6 23361.347
8.39 279.60992 -305.14122 21479.866 -28160.5 2507.31 -30667.8 23350.734
8.4 272.56205 282.43229 21196.24 -28296.2 2444.11 -30740.3 23130.2
8.41 272.95852 184.64632 21520.134 -28399.6 2447.66 -30847.3 23375.294
8.42 266.89522 -1300.7543 21622.898 -28176.3 2393.29 -30569.6 23379.76
8.43 276.66007 528.16645 21354.8 -28302.1 2480.85 -30782.9 23209.198
8.44 273.5038 -85.247264 21547.237 -28203.7 2452.55 -30656.3 23335.554
8.45 287.42827 -83.416243 21636.992 -28249.8 2577.42 -30827.3 23419.346
8.46 279.07943 296.06582 21586.997 -28261.9 2502.55 -30764.5 23406.134
8.47 272.10021 -1140.5873 21689.115 -28147.2 2439.97 -30587.1 23543.382
8.48 270.53051 -213.46491 21754.625 -28363.8 2425.89 -30789.7 23596.565
8.49 280.89414 319.54737 21400.297 -28166.3 2518.82 -30685.1 23339.912
8.5 268.43536 540.67782 21457.554 -28480 2407.1 -30887.1 23407.088
8.51 284.09532 -142.94024 21421.165 -28042.5 2547.53 -30590 23373.664
8.52 272.71414 692.18155 21323.678 -28263.7 2445.47 -30709.2 23336.183
8.53 275.06607 486.50018 21330.704 -28369.3 2466.56 -30835.9 23381.489
8.54 277.04205 63.583952 21422.306 -28170.9 2484.28 -30655.2 23417.859
8.55 274.90535 798.21019 21372.837 -28231.2 2465.12 -30696.3 23439.602
8.56 274.13534 132.07322 21549.857 -28329 2458.22 -30787.2 23591.994
8.57 277.60418 -978.63831 21637.784 -28221.4 2489.32 -30710.7 23685.17
8.58 284.36621 1141.4471 21459.072 -28216 2549.96 -30766 23586.61
8.59 269.85973 -376.43317 21517.911 -28202.9 2419.88 -30622.8 23654.506
8.6 279.44613 -402.54038 21577.395 -28278.6 2505.84 -30784.5 23784.04
8.61 281.08395 -674.03963 21515.258 -28242.2 2520.52 -30762.7 23787.939
8.62 275.03489 334.17812 21626.046 -28300.6 2466.28 -30766.9 23887.302
8.63 264.02754 226.0291 21481.053 -28492.6 2367.58 -30860.1 23811.553
8.64 270.90725 421.52237 21337.525 -28265.4 2429.27 -30694.7 23753.477
8.65 276.52751 -197.12285 21472.963 -27993.8 2479.67 -30473.4 23814.932
8.66 258.79245 354.84008 21349.966 -28474.3 2320.63 -30795 23755.062
8.67 280.56525 -752.53989 21746.022 -28162.6 2515.87 -30678.4 24051.297
8.68 273.70011 -58.598382 21609.026 -28138.5 2454.31 -30592.8 24040.438
8.69 265.82284 1292.2575 21457.855 -28278.5 2383.68 -30662.2 23934.352
8.7 264.90663 -655.73465 21684.543 -28179.6 2375.46 -30555.1 24154.192
8.71 268.12257 -36.038108 21358.846 -28215.1 2404.3 -30619.4 23893.128
8.72 290.82243 147.2957 21364.425 -27869.8 2607.85 -30477.7 23943.343
8.73 264.13363 -625.26805 21553.161 -28378.2 2368.53 -30746.7 24079.346
8.74 282.10464 219.73868 21358.54 -28206.4 2529.68 -30736 23994.702
8.75 275.72117 349.45649 21390.274 -28240.7 2472.44 -30713.2 24057.973
8.76 254.32639 -115.83511 21574.954 -28337.9 2280.59 -30618.5 24212.052
8.77 261.30744 -623.59408 21619.661 -28249.3 2343.19 -30592.5 24277.745
8.78 280.61219 257.00941 21379.707 -28110.5 2516.29 -30626.8 24172.172
8.79 268.10289 -1064.9132 21592.933 -28267.2 2404.12 -30671.3 24387.812
8.8 286.80359 -279.05855 21672.801 -28045 2571.81 -30616.9 24453.407
8.81 264.06547 -30.700568 21522.107 -28240.8 2367.92 -30608.7 24323.76
8.82 262.81858 -428.84993 21749.815 -28264.1 2356.74 -30620.8 24483.963
8.83 275.06406 -1136.8782 21510.212 -28345 2466.54 -30811.5 24317.025
8.84 279.33321 178.46024 21353.225 -28034.8 2504.83 -30539.6 24243.878
8.85 263.97327 46.577246 21193.885 -28365 2367.09 -30732.1 24239.163
8.86 280.50103 217.30778 21439.809 -28185.3 2515.3 -30700.6 24436.196
8.87 275.42848 28.268527 21527.221 -28204.3 2469.81 -30674.1 24591.733
8.88 261.06992 216.16609 21522.715 -28377.2 2341.06 -30718.3 24643.897
8.89 270.1571 -218.21913 21491.67 -28224 2422.54 -30646.5 24654.882
8.9 271.08672 176.51667 21419.05 -28474.2 2430.88 -30905.1 24619.532
8.91 257.35656 -768.24707 21541.287 -28327 2307.76 -30634.7 24738.986
8.92 280.131 -278.93957 21483.257 -28252.1 2511.98 -30764.1 24675.92
8.93 271.6692 756.76386 21489.021 -28409.8 2436.1 -30845.9 24724.814
8.94 286.66381 -354.14563 21543.354 -28113.7 2570.56 -30684.2 24736.241
8.95 261.06176 -376.42843 21515.619 -28527.5 2340.98 -30868.5 24736.52
8.96 259.73824 -1038.5361 21538.654 -28292.1 2329.11 -30621.2 24747.33
8.97 269.80265 -1050.1311 21546.372 -28130.4 2419.36 -30549.8 24811.263
8.98 263.824 553.6377 21415.965 -28383.9 2365.75 -30749.7 24762.184
8.99 273.47912 -239.55272 21593.323 -28149.1 2452.33 -30601.4 24960.465
9 269.25496 -592.31879 21493.391 -28393.6 2414.45 -30808 24855.302
9.01 273.88061 777.92138 21349.326 -28217.1 2455.93 -30673.1 24695.669
9.02 256.94338 -214.19794 21468.113 -28323.9 2304.05 -30627.9 24798.053
9.03 268.6854 -898.28103 21678.803 -28285.6 2409.34 -30694.9 24929.562
9.04 276.49509 -225.41296 21393.424 -28251.3 2479.38 -30730.6 24776.294
9.05 277.01211 -296.97633 21422.154 -28217.7 2484.01 -30701.7 24807.458
9.06 265.70344 121.22355 21348.549 -28379.1 2382.6 -30761.7 24824.316
9.07 263.29114 -103.37988 21719.141 -28303 2360.97 -30664 25287.645
9.08 272.1674 -348.66334 21794.64 -28364.8 2440.57 -30805.3 25354.156
9.09 280.15974 -451.24247 21711.235 -28144.4 2512.24 -30656.6 25279.3
9.1 276.08751 394.66805 21313.605 -28064.4 2475.72 -30540.1 24974.953
9.11 273.74186 601.6637 21369.976 -28273.9 2454.69 -30728.6 25046.127
9.12 279.8296 58.591406 21479.008 -28193.7 2509.28 -30702.9 25191.255
9.13 290.54941 737.24627 21337.528 -28152.4 2605.4 -30757.8 25159.824
9.14 276.5342 -446.52008 21536.841 -28206.7 2479.73 -30686.4 25350.063
9.15 271.24626 224.73036 21260.327 -28330 2432.31 -30762.3 25229.71
9.16 291.9584 172.25165 21560.312 -28006.2 2618.04 -30624.3 25463.997
9.17 268.07442 356.10469 21439.49 -28303.5 2403.87 -30707.4 25321.189
9.18 261.34608 -210.83508 21628.829 -28309.1 2343.53 -30652.7 25484.024
9.19 285.65903 395.53455 21457.339 -28109.5 2561.55 -30671 25388.263
9.2 268.09035 760.92518 21376.995 -28166.2 2404.01 -30570.2 25321.411
9.21 262.94 662.30094 21421.866 -28405.7 2357.82 -30763.6 25295.524
9.22 267.62849 -306.85372 21498.302 -28294.4 2399.87 -30694.3 25344.57
9.23 281.92601 592.04226 21510.075 -28136.4 2528.08 -30664.4 25398.489
9.24 280.25721 829.7386 21260.822 -28103.3 2513.11 -30616.4 25230.393
9.25 268.93966 419.77656 21191.113 -28538.5 2411.62 -30950.1 25193.14
9.26 264.82935 -320.33817 21571.979 -28223.2 2374.77 -30597.9 25469.753
9.27 263.58548 -868.18674 21750.18 -28146.9 2363.61 -30510.5 25569.402
9.28 268.23315 139.77542 21598.376 -28209.7 2405.29 -30615 25492.861
9.29 258.61573 933.91039 21209.471 -28671.8 2319.05 -30990.9 25198.955
9.3 275.35153 -1112.2534 21738.183 -28154.9 2469.12 -30624.1 25690.331
9.31 269.26793 51.773518 21502.392 -28473.6 2414.57 -30888.2 25565.955
9.32 262.19077 1034.9911 21265.735 -28288.9 2351.11 -30640 25364.663
9.33 268.28241 1024.444 21187.981 -28519.9 2405.73 -30925.6 25350.769
9.34 266.61712 635.59875 21536.109 -28349 2390.8 -30739.8 25603.64
9.35 281.1502 -306.80304 21578.485 -28092.5 2521.12 -30613.6 25678.582
9.36 281.95222 952.95638 21130.469 -28262.3 2528.31 -30790.6 25357.298
9.37 264.21271 92.460027 21517.519 -28356.1 2369.24 -30725.4 25706.494
9.38 278.70087 504.48359 21323.429 -28138.8 2499.15 -30637.9 25618.529
9.39 282.37452 172.67153 21430.196 -28307.9 2532.1 -30840 25781.306
9.4 266.07358 308.39966 21522.411 -28479 2385.92 -30864.9 25838.242
9.41 277.41051 -364.64984 21533.047 -28161.7 2487.58 -30649.3 25902.147
9.42 273.40986 284.42825 21411.555 -28172.1 2451.71 -30623.8 25766.05
9.43 274.62943 -219.52108 21306.057 -28383.2 2462.65 -30845.9 25717.824
9.44 280.79279 1150.8903 21348.164 -28102.2 2517.91 -30620.1 25788.001
9.45 272.57848 -625.00459 21655.504 -28339.4 2444.25 -30783.7 26082.604
9.46 274.65723 -185.60965 21431.364 -28151.1 2462.9 -30614 25873.75
9.47 271.50262 29.32716 21481.49 -28304.3 2434.61 -30738.9 25960.081
9.48 276.32589 616.09671 21492.571 -28285.1 2477.86 -30762.9 26008.483
9.49 278.92363 -186.25802 21573.407 -28039.3 2501.15 -30540.5 26049.551
9.5 270.71005 343.1509 21488.831 -28261.5 2427.5 -30689 25987.621
9.51 268.71809 484.09192 21311.843 -28310.4 2409.64 -30720 25906.5
9.52 267.1416 -541.4944 21372.143 -28441.7 2395.5 -30837.2 26029.941
9.53 261.06986 369.41383 21556.685 -28424.8 2341.05 -30765.8 26229.658
9.54 273.4877 -1684.5285 21575.884 -28252.4 2452.41 -30704.8 26266.629
9.55 272.08632 732.14499 21572.73 -28287.8 2439.84 -30727.6 26315.037
9.56 256.26195 -182.61861 21231.361 -28279.4 2297.94 -30577.4 26027.59
9.57 290.75024 855.45596 21309.092 -28152.5 2607.2 -30759.7 26082.129
9.58 275.88184 -419.90908 21558.458 -28209.4 2473.88 -30683.3 26219.615
9.59 262.66844 -284.12886 21570.532 -28291.2 2355.39 -30646.6 26210.407
9.6 279.30637 351.84169 21456.742 -28067.8 2504.58 -30572.4 26213.881
9.61 273.44884 346.62499 21409.356 -28294.5 2452.06 -30746.6 26203.8
9.62 267.95503 -86.888828 21617.022 -28212.8 2402.8 -30615.6 26424.561
9.63 281.42862 -255.87663 21496.699 -28193.2 2523.62 -30716.9 26364.869
9.64 267.62344 -26.550298 21599.087 -28514.2 2399.82 -30914 26531.002
9.65 278.23474 -686.53338 21549.51 -28202.9 2494.98 -30697.8 26529.325
9.66 277.83204 -55.967136 21372.731 -28370.9 2491.36 -30862.2 26370.06
9.67 291.41106 673.74367 21316.853 -27996.8 2613.13 -30610 26288.075
9.68 275.56619 269.31083 21591.639 -28265.5 2471.05 -30736.5 26555.402
9.69 270.94898 -100.44928 21512.511 -28151.1 2429.64 -30580.8 26504.287
9.7 267.98129 -380.27427 21610.482 -28380.2 2403.03 -30783.2 26644.467
9.71 268.3 -208.02679 21709.82 -28310 2405.89 -30715.9 26732.508
9.72 264.47306 343.40234 21430.526 -28537.6 2371.57 -30909.2 26483.277
9.73 262.76058 -20.414758 21340.9 -28295.2 2356.22 -30651.4 26442.16
9.74 275.75766 174.13282 21416.427 -28129.4 2472.76 -30602.1 26552.505
9.75 276.02498 404.0078 21653.827 -28381.9 2475.16 -30857.1 26798.545
9.76 278.27419 -280.28084 21464.742 -28192.8 2495.33 -30688.2 26670.766
9.77 279.60047 203.12895 21427.535 -28139.3 2507.22 -30646.6 26690.47
9.78 274.52538 670.32485 21208.608 -28276.7 2461.71 -30738.4 26522.791
9.79 287.80166 71.380796 21560.648 -28106.7 2580.76 -30687.5 26811.634
9.8 261.5289 -264.41149 21618.031 -28308.2 2345.17 -30653.3 26851.116
9.81 281.12549 -1045.9715 21621.741 -28246.1 2520.9 -30767 26922.344
9.82 285.32131 -102.84586 21470.096 -28134.4 2558.52 -30692.9 26843.352
9.83 274.94542 -832.06127 21567.51 -28259 2465.48 -30724.4 26878.348
9.84 279.25532 -416.59273 21642.399 -28231.1 2504.13 -30735.2 26918.14
9.85 268.02561 -269.14438 21545.666 -28178 2403.43 -30581.5 26907.819
9.86 273.34051 101.83562 21518.004 -28386.6 2451.09 -30837.7 26797.451
9.87 264.42617 -954.96197 21748.512 -28290.8 2371.15 -30661.9 27041.794
9.88 274.68385 -100.76355 21673.57 -27979.1 2463.13 -30442.2 27010.249
9.89 270.49073 -0.9753271 21511.223 -28293.8 2425.53 -30719.3 26884.566
9.9 281.31284 -188.1272 21641.364 -28162.7 2522.58 -30685.3 27016.475
9.91 280.8491 -918.80793 21440.241 -28220 2518.42 -30738.4 26907.911
9.92 265.28376 171.59433 21560.342 -28425.9 2378.84 -30804.7 27024.91
9.93 263.61038 -769.88194 21598.384 -28291.3 2363.84 -30655.1 27068.599
9.94 272.38403 -5.4462685 21481.202 -28391.1 2442.51 -30833.7 27036.438
9.95 287.52411 911.8773 21503.681 -28133.9 2578.27 -30712.2 27118.713
9.96 254.99254 1023.5843 21417.167 -28406.5 2286.56 -30693.1 27062.369
9.97 280.50793 117.96508 21551.227 -28208 2515.36 -30723.4 27133.501
9.98 279.76458 -652.37245 21698.781 -28227.7 2508.69 -30736.4 27241.392
