0 262.31739 453.40066 21775.567 -29891.3 2352.24 -32243.6 5.4144555
0.01 268.2063 -375.6629 21775.948 -29581 2405.05 -31986 17.253459
0.02 272.56033 30.383032 21589.046 -29558.8 2444.09 -32002.9 31.402354
0.03 269.8364 -670.96027 21844.823 -29441 2419.67 -31860.7 44.552389
0.04 256.09343 927.67943 21673.067 -29646.8 2296.43 -31943.2 56.105537
0.05 278.82897 -811.16105 21924.513 -29388.8 2500.3 -31889.1 64.942932
0.06 281.76006 -311.84555 21797.375 -29235.1 2526.59 -31761.7 77.14442
0.07 265.91609 -572.68814 22005.086 -29520.9 2384.51 -31905.4 86.891395
0.08 251.35794 -221.79048 21714.663 -29707.7 2253.97 -31961.7 99.046457
0.09 268.58812 -367.73662 21882.098 -29634.3 2408.47 -32042.8 114.98741
0.1 266.88178 -362.92032 21937.553 -29654.4 2393.17 -32047.6 127.82435
0.11 278.40454 418.31601 21649.825 -29782 2496.5 -32278.5 138.16242
0.12 273.87558 -608.76026 21772.133 -29505 2455.89 -31960.9 154.94852
0.13 265.68204 808.54389 21541.916 -29588.2 2382.41 -31970.6 163.61541
0.14 250.92111 51.720849 21638.136 -29696.4 2250.05 -31946.5 174.27592
0.15 282.73174 -23.068458 21644.225 -29068.7 2535.3 -31604 193.098
0.16 274.95594 102.45951 21654.17 -29231.5 2465.57 -31697.1 202.86648
0.17 267.6865 527.16079 21613.603 -29497.9 2400.39 -31898.3 217.51007
0.18 259.52854 -189.33682 21824.602 -29810.7 2327.23 -32138 234.15041
0.19 273.82655 -54.620275 21827.528 -29500.2 2455.45 -31955.6 241.24024
0.2 271.29299 315.33893 21599.468 -29635.7 2432.73 -32068.4 246.58943
0.21 280.53227 -564.13193 21967.142 -29517.5 2515.58 -32033.1 264.88449
0.22 267.91712 -221.0747 21738.742 -29613.6 2402.46 -32016.1 274.62848
0.23 281.10635 -181.75289 21767.804 -29459.3 2520.73 -31980.1 285.63508
0.24 276.07236 416.31831 21762.742 -29374.5 2475.58 -31850.1 294.46291
0.25 266.0662 812.19479 21521.768 -29520.7 2385.86 -31906.6 314.36437
0.26 277.09458 332.51053 21766.452 -29430.9 2484.75 -31915.7 329.52414
0.27 274.75732 -430.62969 21952.875 -29332.7 2463.79 -31796.5 342.46987
0.28 267.73588 -396.43302 21837.737 -29472.5 2400.83 -31873.3 352.43974
0.29 259.55841 360.6492 21800.815 -29651.4 2327.5 -31978.9 361.57228
0.3 270.19587 22.347339 21783.151 -29792.6 2422.89 -32215.5 375.41328
0.31 271.75355 369.74293 21705.243 -29644.7 2436.86 -32081.6 384.32019
0.32 261.38531 -353.74315 21857.273 -29662.2 2343.88 -32006 396.40572
0.33 264.66204 475.41028 21688.324 -29769.9 2373.27 -32143.2 398.79389
0.34 278.94964 -170.13799 21854.884 -29712.1 2501.39 -32213.5 411.66592
0.35 257.8687 -557.42154 21647.516 -29801.7 2312.35 -32114.1 418.92818
0.36 270.18508 206.04079 21690.486 -29445.4 2422.79 -31868.2 431.16875
0.37 282.32646 -445.73357 21961.748 -29571.1 2531.67 -32102.7 448.5121
0.38 283.09728 1246.9411 21558.698 -29197.9 2538.58 -31736.5 454.70373
0.39 266.0209 398.6767 21829.044 -29616.9 2385.45 -32002.4 464.0354
0.4 275.00718 -651.57679 21934.042 -29559.5 2466.03 -32025.6 478.48107
0.41 276.92678 -720.01504 21824.192 -29414.9 2483.25 -31898.1 483.23658
0.42 260.94116 36.905864 21837.965 -30082.5 2339.9 -32422.4 498.29158
0.43 268.43927 570.66267 21505.582 -29643.2 2407.14 -32050.4 497.97641
0.44 266.07 -755.64685 22010.481 -29540.2 2385.89 -31926.1 526.83783
0.45 253.6947 -375.34597 21904.279 -29924.6 2274.92 -32199.5 529.1454
0.46 276.10585 445.97958 21875.497 -29840.3 2475.89 -32316.2 543.49307
0.47 253.88698 224.83324 21901.894 -30124.6 2276.64 -32401.2 555.71914
0.48 269.58089 2.1638076 21819.268 -29657.8 2417.37 -32075.2 560.4869
0.49 284.97362 518.74831 21783.091 -29502.1 2555.4 -32057.5 565.68064
0.5 265.88233 787.17784 21632.698 -29854.3 2384.21 -32238.5 571.98328
0.51 272.8337 -531.17434 21819.442 -29631 2446.54 -32077.6 579.99993
0.52 263.52343 526.63344 21612.999 -29890.3 2363.06 -32253.3 583.42763
0.53 262.78481 -22.245433 21676.473 -29817.5 2356.43 -32174 605.5945
0.54 275.89055 1095.0291 21498.142 -29945.9 2473.95 -32419.9 606.59204
0.55 271.97714 206.21008 21779.809 -30005.8 2438.86 -32444.6 623.57686
0.56 260.63219 289.28932 21671.714 -30047.2 2337.13 -32384.4 630.95799
0.57 266.74953 -198.67333 21860.802 -29981.7 2391.99 -32373.6 649.78264
0.58 279.07257 76.798018 21706.003 -29855.9 2502.49 -32358.4 651.22172
0.59 270.60593 334.57864 21713.126 -29886 2426.57 -32312.6 655.81946
0.6 264.89384 -380.25112 21636.991 -30042.7 2375.35 -32418.1 673.03031
0.61 276.54909 434.04936 21780.476 -29954.6 2479.86 -32434.5 675.7496
0.62 264.60339 -122.8846 21848.722 -30076.5 2372.74 -32449.3 682.08784
0.63 254.56093 721.71565 21812.238 -30422.2 2282.69 -32704.9 683.09379
0.64 274.73258 526.08622 21843.163 -30399.6 2463.57 -32863.1 681.49551
0.65 270.74018 -330.8822 21858.472 -30268.9 2427.77 -32696.6 687.25623
0.66 281.30893 771.27019 21852.663 -30079.2 2522.54 -32601.7 698.56297
0.67 271.718 -842.45069 22149.109 -30361 2436.54 -32797.5 710.68565
0.68 291.76252 -150.88821 22001.188 -30385.9 2616.28 -33002.2 716.31138
0.69 281.18529 407.53295 21949.282 -30599.5 2521.43 -33120.9 721.30661
0.7 266.89354 223.34022 21886.045 -30706.8 2393.28 -33100.1 726.75828
0.71 272.25886 -161.14625 21906.811 -30229.7 2441.39 -32671.1 734.4098
0.72 273.38916 457.63054 21731.891 -30534.7 2451.52 -32986.2 732.34771
0.73 283.54012 202.03589 21952.967 -30252.2 2542.55 -32794.8 746.48554
0.74 266.47758 -307.12364 21915.193 -30806 2389.55 -33195.5 746.37822
0.75 261.586 45.487058 21927.35 -31188.5 2345.68 -33534.2 749.34461
0.76 272.26684 -192.45303 22014.327 -31041.3 2441.46 -33482.7 752.04815
0.77 277.177 624.95334 21764.321 -31107.3 2485.49 -33592.8 748.56385
0.78 263.86379 435.81289 21830.031 -31224.6 2366.11 -33590.7 754.96012
0.79 261.17862 -358.27276 22108.911 -31685.7 2342.03 -34027.7 765.45483
0.8 269.72585 518.01847 21835.64 -32059.7 2418.67 -34478.4 756.98132
0.81 274.41872 462.82729 21878.933 -32011.4 2460.76 -34472.1 757.702
0.82 285.62159 363.39386 21931.363 -31913 2561.21 -34474.2 757.27938
0.83 269.30594 148.03135 21951.876 -32079.4 2414.91 -34494.3 756.60657
0.84 288.66126 -68.016632 22031.755 -31834.1 2588.47 -34422.5 760.5013
0.85 268.80542 -367.48619 22069.259 -32043.1 2410.42 -34453.5 763.12133
0.86 275.36562 -91.292681 22045.59 -31984.5 2469.25 -34453.7 763.66536
0.87 272.45313 3.0592751 21970.772 -32196.2 2443.13 -34639.4 762.08304
0.88 267.69914 185.07551 21977.202 -32123.2 2400.5 -34523.7 762.2183
0.89 286.62939 396.9425 21881.752 -31828.9 2570.25 -34399.1 759.11947
0.9 271.20088 75.484975 21968.196 -32075.1 2431.9 -34507 759.81272
0.91 275.32032 -82.128207 22046.22 -31869.9 2468.84 -34338.8 760.25544
0.92 267.4155 -231.22361 22071.055 -32147.1 2397.96 -34545.1 761.04315
0.93 266.92186 36.059575 21999.961 -32148.5 2393.53 -34542 759.22516
0.94 261.87598 -370.10682 22083.728 -32096.3 2348.28 -34444.6 761.98241
0.95 274.0161 -389.52997 22107.187 -32056.2 2457.15 -34513.3 763.49246
0.96 263.76826 -41.464878 22032.51 -32020.6 2365.25 -34385.8 762.44945
0.97 259.35947 166.07887 21940.014 -32101.9 2325.72 -34427.6 759.98995
0.98 269.75592 375.46537 21904.537 -32058.6 2418.94 -34477.5 759.47871
0.99 279.51535 662.025 21828.824 -31988.1 2506.46 -34494.6 757.93613
1 262.00395 90.614688 21969.819 -31899.7 2349.43 -34249.1 760.54386
1.01 264.64057 -281.99904 22088.046 -32080.2 2373.07 -34453.3 763.18467
1.02 280.94919 -339.03734 22101.173 -31952.2 2519.32 -34471.5 763.68451
1.03 269.46367 -782.68397 22203.854 -32166.1 2416.32 -34582.4 766.00674
1.04 274.20882 -663.51591 22171.232 -32039 2458.87 -34497.8 763.99638
1.05 266.38278 -232.97988 22054.205 -32264.4 2388.7 -34653.1 761.11439
1.06 270.8324 -86.196649 22036.543 -32003.5 2428.6 -34432.1 761.79643
1.07 273.6667 -126.00296 22007.191 -31856.5 2454.01 -34310.5 762.15921
1.08 261.31782 172.44596 21951.246 -32142.8 2343.28 -34486.1 759.44108
1.09 270.65801 -153.92305 22032.178 -32039.3 2427.03 -34466.3 762.06088
1.1 260.84064 -298.15821 22074.711 -32210 2339 -34549 763.14272
1.11 277.06105 -154.2345 22037.549 -31976.2 2484.45 -34460.6 761.25744
1.12 246.78096 7.7126193 21938.406 -32320.8 2212.92 -34533.7 760.15789
1.13 271.71854 -317.92237 22070.143 -31961 2436.54 -34397.6 762.09138
1.14 267.41812 -507.98319 22166.755 -32024.4 2397.98 -34422.4 763.87526
1.15 267.24281 -81.186893 22051.825 -32120.5 2396.41 -34516.9 761.75297
1.16 270.19962 27.967202 21975.276 -32155.3 2422.92 -34578.3 760.06545
1.17 260.58443 275.86621 21898.594 -32002.7 2336.7 -34339.4 758.07161
1.18 261.32788 602.54357 21829.492 -32060.8 2343.37 -34404.2 756.97682
1.19 275.3677 369.38741 21943.374 -31925 2469.27 -34394.2 759.90869
1.2 272.94486 248.25232 21921.069 -32024.7 2447.54 -34472.2 759.41672
1.21 270.02812 -48.917948 22013.806 -32130.4 2421.39 -34551.8 761.22597
1.22 252.36577 -272.82432 22042.214 -32142.6 2263 -34405.6 762.36114
1.23 260.6225 -662.77612 22200.897 -32044.4 2337.04 -34381.5 766.06372
1.24 253.83133 -13.792826 21996.736 -32130.8 2276.15 -34407 761.11489
1.25 279.68592 -371.43163 22100.655 -31837.6 2507.99 -34345.6 763.79674
1.26 255.18701 -229.66828 22025.956 -32146.1 2288.3 -34434.4 761.4948
1.27 281.05908 498.23555 21874.279 -31997.3 2520.3 -34517.6 758.31358
1.28 264.42782 -78.946391 21987.58 -32090.7 2371.17 -34461.9 761.01542
1.29 276.01197 333.26488 21944.898 -31940.9 2475.04 -34415.9 757.66244
1.3 250.73889 -264.64012 22038.473 -32160.9 2248.42 -34409.3 760.71336
1.31 268.38962 -498.01835 22148.505 -32059.1 2406.69 -34465.8 763.38909
1.32 260.22548 -183.96398 22031.273 -32176.3 2333.48 -34509.7 761.1186
1.33 277.16475 -675.82519 22162.513 -31974.7 2485.38 -34460.1 765.61935
1.34 259.54997 3.144671 21985.051 -32210.3 2327.43 -34537.7 760.87497
1.35 266.36245 47.402128 21982.144 -32052.4 2388.51 -34440.9 761.19995
1.36 283.54507 48.477599 21989.948 -31796.1 2542.59 -34338.7 761.14666
1.37 268.58689 49.317962 21981.512 -32114 2408.46 -34522.4 759.39574
1.38 269.458 432.1119 21893.534 -31860.9 2416.27 -34277.1 758.41486
1.39 282.45793 106.074 21983.477 -32013.6 2532.85 -34546.5 758.97646
1.4 273.9495 -1.0447009 22010.734 -31955.3 2456.55 -34411.9 759.14639
1.41 267.95757 -172.68854 22051.745 -31995.9 2402.82 -34398.8 762.13422
1.42 279.34764 -266.83102 22072.116 -32031.4 2504.95 -34536.4 762.66209
1.43 262.35777 397.07257 21899.742 -32156.6 2352.6 -34509.2 758.09
1.44 265.37019 286.41402 21925.346 -32202.2 2379.62 -34581.8 759.93274
1.45 264.56969 210.75095 21980.41 -32035.5 2372.44 -34407.9 760.32367
1.46 258.96253 398.08266 21872.78 -32128.7 2322.16 -34450.9 757.68818
1.47 259.44594 241.26352 21956.123 -31984.8 2326.49 -34311.3 759.09674
1.48 262.20967 516.53149 21842.571 -32295.3 2351.28 -34646.5 757.50383
1.49 276.4282 33.931853 21955.167 -31978.4 2478.78 -34457.2 760.06038
1.5 275.75122 -90.092122 22037.868 -31949.8 2472.71 -34422.5 762.22463
1.51 268.94701 26.888012 21948.661 -32249.7 2411.69 -34661.4 760.4719
1.52 277.29359 -105.01705 22064.323 -31972.6 2486.54 -34459.2 762.80765
1.53 259.40352 -226.85529 22051.719 -32214.1 2326.11 -34540.2 761.36444
1.54 270.2567 -11.100844 22022.168 -31979.2 2423.43 -34402.6 761.2975
1.55 287.08569 106.92426 21977.792 -31975.4 2574.34 -34549.7 760.40765
1.56 258.89335 175.87695 21899.281 -32265 2321.54 -34586.6 758.24758
1.57 267.52027 913.5541 21763.393 -32004.9 2398.9 -34403.8 756.1966
1.58 269.0924 136.45646 21953.05 -32098.3 2412.99 -34511.3 759.58102
1.59 269.49231 61.841113 21973.1 -31808.1 2416.58 -34224.7 760.82875
1.6 268.68052 -212.19956 22024.867 -32143.6 2409.3 -34552.9 761.79168
1.61 251.16516 -348.04973 22056.242 -32280.7 2252.24 -34532.9 762.54169
1.62 272.70051 -645.65343 22161.505 -32081.7 2445.35 -34527 764.24478
1.63 279.61989 -142.79367 22008.96 -32053.2 2507.4 -34560.6 760.10535
1.64 283.57015 149.63145 21923.588 -32121.3 2542.82 -34664.1 758.47557
1.65 278.67183 595.62608 21865.093 -32009.2 2498.89 -34508 756.42452
1.66 268.99042 697.61166 21788.794 -32123 2412.08 -34535.1 756.01207
1.67 275.66676 314.60296 21951.486 -32068.5 2471.95 -34540.4 759.80137
1.68 279.65095 346.46126 21894.055 -31904.9 2507.67 -34412.6 759.40775
1.69 264.59312 145.80101 21963.714 -32155.7 2372.65 -34528.4 760.90729
1.7 270.77505 575.33471 21871.256 -32022 2428.08 -34450.1 758.48672
1.71 274.2999 631.9826 21821.66 -32135.5 2459.69 -34595.1 757.5149
1.72 274.06832 143.25832 21982.753 -31886.3 2457.61 -34343.9 760.79899
1.73 268.18126 -211.39406 22057.815 -32109 2404.82 -34513.8 763.16021
1.74 264.15496 -301.42627 22090.68 -31926.1 2368.72 -34294.8 763.33973
1.75 276.02918 -453.93317 22148.647 -32042.7 2475.2 -34517.9 764.15769
1.76 265.47347 -224.5157 22066.558 -32154 2380.54 -34534.5 762.49948
1.77 281.24891 103.07409 21988.077 -32060.8 2522 -34582.8 759.57976
1.78 265.68296 362.36992 21916.762 -32173.6 2382.42 -34556.1 757.71664
1.79 282.72485 339.82534 21901.71 -31996 2535.24 -34531.2 758.69385
1.8 270.39628 715.79692 21765.471 -32091.5 2424.69 -34516.2 756.05442
1.81 268.53242 196.02607 21927.074 -32051.4 2407.97 -34459.4 759.60916
1.82 263.99055 5.1575317 21986.093 -32050.6 2367.25 -34417.9 761.73401
1.83 274.37095 -324.70499 22098.69 -32022.5 2460.33 -34482.8 763.73651
1.84 260.72871 -356.61345 22133.165 -32289.5 2338 -34627.5 764.43883
1.85 271.92844 -205.09235 22080.451 -31978.1 2438.43 -34416.5 762.15452
1.86 273.17197 -411.29611 22105.366 -31997.1 2449.58 -34446.7 761.89726
1.87 278.81611 -599.13185 22214.386 -31947.8 2500.19 -34448 764.73029
1.88 266.84993 -266.91512 22081.677 -32052.1 2392.89 -34445 761.91471
1.89 267.02674 25.768379 21978.249 -32187.7 2394.47 -34582.2 760.21994
1.9 286.44974 813.05949 21780.917 -32048.2 2568.64 -34616.8 756.37321
1.91 262.8887 643.02827 21828.801 -32204.1 2357.36 -34561.4 757.13001
1.92 274.38377 255.86394 21928.467 -32122.2 2460.44 -34582.6 760.22869
1.93 268.25882 32.66707 21955.866 -32058.6 2405.52 -34464.1 760.85576
1.94 259.07708 -477.65075 22086.958 -32196.6 2323.19 -34519.8 763.47087
1.95 256.01587 -386.86436 22123.71 -32096.1 2295.74 -34391.8 764.1245
1.96 278.88632 -203.22744 22045.684 -32039.7 2500.82 -34540.5 761.91391
1.97 267.9483 -565.45649 22178.344 -32005.5 2402.74 -34408.3 765.85414
1.98 273.75124 -71.830954 22001.292 -32070.8 2454.77 -34525.6 761.70035
1.99 268.38968 317.41022 21933.005 -31919.5 2406.69 -34326.2 758.68224
2 274.30807 352.02359 21875.773 -32003.3 2459.76 -34463.1 758.06749
2.01 259.61709 8.3603264 21969.495 -32196.8 2328.03 -34524.8 761.17256
2.02 268.08754 -410.5735 22092.975 -32010.7 2403.98 -34414.7 763.36647
2.03 259.70098 -334.75574 22090.406 -32124.2 2328.78 -34453 763.52454
2.04 286.38855 -224.77048 22067.132 -31950.2 2568.09 -34518.3 761.89637
2.05 267.96677 39.932065 21972.543 -32169.5 2402.9 -34572.4 759.04161
2.06 261.88507 249.14477 21880.692 -32136 2348.37 -34484.3 757.74156
2.07 259.45096 -49.004291 21967.814 -32197.4 2326.54 -34523.9 760.23352
2.08 283.38264 -314.58626 22096.261 -32035.1 2541.14 -34576.3 762.94265
2.09 271.7043 -1076.684 22311.296 -32068.9 2436.42 -34505.3 767.16845
2.1 260.95514 -515.81287 22137.006 -32143.6 2340.03 -34483.6 763.3416
2.11 283.45491 79.438632 21982.012 -31923.7 2541.79 -34465.5 760.11358
2.12 275.57109 308.03367 21920.108 -32060.1 2471.09 -34531.2 758.20149
2.13 273.5631 739.34383 21801.097 -31923.1 2453.08 -34376.2 755.41519
2.14 276.34781 609.9555 21818.563 -32051.3 2478.05 -34529.3 756.77685
2.15 272.21631 1.4386897 22000.867 -32054.1 2441.01 -34495.1 761.62326
2.16 262.91889 -532.77001 22125.561 -32274.2 2357.64 -34631.8 764.50786
2.17 263.31478 -493.40889 22099.294 -31984.8 2361.19 -34346 763.02883
2.18 266.39043 -90.388042 22029.082 -32107.8 2388.77 -34496.6 761.64235
2.19 271.3499 306.22852 21915.391 -31907.8 2433.24 -34341 758.91386
2.2 269.12243 237.86342 21904.589 -32136.1 2413.26 -34549.4 758.81907
2.21 281.08409 534.49143 21861.576 -31797.3 2520.53 -34317.8 758.16108
2.22 265.31996 -162.05478 22022.909 -32088.8 2379.17 -34468 761.37762
2.23 264.46528 -171.7849 22022.008 -32264 2371.5 -34635.5 761.81199
2.24 265.68428 -424.76057 22108.768 -32028.9 2382.43 -34411.3 764.43587
2.25 267.47125 -188.36744 22023.041 -32255.6 2398.46 -34654 761.4563
2.26 282.12682 -117.9674 22067.237 -32047.8 2529.88 -34577.7 762.94767
2.27 281.77153 49.747955 22009.845 -31805.4 2526.69 -34332.1 760.55726
2.28 268.98037 -189.00975 22064.556 -32083.5 2411.99 -34495.5 761.85185
2.29 271.2186 -89.29756 22070.132 -31796 2432.06 -34228 761.62781
2.3 276.2101 535.65032 21877.42 -32067.8 2476.82 -34544.6 759.42699
2.31 264.91768 354.29325 21888.855 -32064.1 2375.56 -34439.6 758.26732
2.32 266.19161 -27.703799 21935.404 -32142.8 2386.98 -34529.8 759.45212
2.33 274.12096 203.58807 21948.951 -31930 2458.09 -34388.1 760.65505
2.34 267.81789 -209.58137 22038.966 -32089 2401.57 -34490.6 761.4126
2.35 284.88456 -510.81288 22158.443 -31860.5 2554.61 -34415.1 765.02577
2.36 280.77761 -64.608009 22039.847 -31978.5 2517.78 -34496.3 761.85005
2.37 275.58356 -518.15161 22170.662 -32090.7 2471.2 -34561.9 763.35224
2.38 280.3954 -172.66034 22090.624 -31995.3 2514.35 -34509.7 761.5275
2.39 266.54461 681.78915 21808.986 -32082.3 2390.15 -34472.4 755.4134
2.4 276.45441 232.03816 21931.56 -32007.4 2479.01 -34486.4 758.40434
2.41 274.14601 184.18234 21940.667 -32070.5 2458.31 -34528.8 760.00999
2.42 273.04272 -41.515468 22035.991 -32029.9 2448.42 -34478.3 761.70661
2.43 272.98509 -374.39309 22118.546 -31980 2447.9 -34427.9 764.54045
2.44 263.07165 -192.091 22036.883 -32185 2359.01 -34544 762.7231
2.45 256.67662 -470.43866 22125.462 -32245.9 2301.66 -34547.6 763.69714
2.46 270.71554 -317.4135 22052.719 -31998 2427.55 -34425.6 762.57944
2.47 264.0495 -606.65293 22148.548 -32168.5 2367.77 -34536.3 763.06565
2.48 271.79335 38.601873 21985.467 -31939.3 2437.21 -34376.5 759.28291
2.49 271.01016 44.687966 21985.753 -32035.1 2430.19 -34465.3 759.88461
2.5 270.99896 -53.335751 22034.402 -31872.2 2430.09 -34302.3 761.49045
2.51 275.61987 -609.2669 22186.858 -32019.7 2471.53 -34491.2 765.59433
2.52 272.92031 -49.086642 22007.38 -31962.6 2447.32 -34409.9 760.63793
2.53 269.55505 -464.13761 22162.284 -31959.6 2417.14 -34376.7 764.59411
2.54 284.39281 -412.4741 22091.784 -32054.1 2550.2 -34604.3 762.32223
2.55 266.24374 -36.552581 22022.55 -31925.6 2387.45 -34313.1 760.22015
2.56 280.76531 611.76853 21847.237 -31936.6 2517.67 -34454.3 756.18504
2.57 276.47103 747.96566 21781.981 -32030 2479.16 -34509.2 754.25439
2.58 270.11413 220.11136 21934.838 -31993.4 2422.16 -34415.6 759.66864
2.59 281.17596 331.64007 21913.426 -32075.8 2521.35 -34597.2 759.54208
2.6 280.57431 425.5571 21903.932 -31710.6 2515.95 -34226.6 759.3564
2.61 277.00975 184.33835 21972.215 -32102.1 2483.99 -34586.1 762.22264
2.62 274.25875 -136.43067 22072.813 -31854.6 2459.32 -34313.9 763.20373
2.63 264.66735 -331.8879 22099.175 -32058.5 2373.31 -34431.8 763.95947
2.64 277.49511 -131.54666 22034.056 -32006.9 2488.34 -34495.2 761.08919
2.65 282.01481 257.83679 21942.586 -31880.7 2528.87 -34409.5 758.09324
2.66 257.58082 74.60074 21931.821 -32082.7 2309.77 -34392.4 758.28373
2.67 273.39496 481.04386 21893.134 -31879.9 2451.58 -34331.5 759.99165
2.68 270.13966 1092.4098 21698.027 -32123.3 2422.39 -34545.7 755.11756
2.69 279.48078 301.50419 21947.544 -31936 2506.15 -34442.2 758.99957
2.7 272.96465 -262.98955 22083.506 -32076.7 2447.72 -34524.5 763.34975
2.71 276.77036 165.92629 21964.95 -32022.1 2481.84 -34503.9 760.18273
2.72 276.72852 -10.852086 21983.949 -32106.6 2481.47 -34588 761.38848
2.73 298.38924 -669.52635 22211.435 -31808 2675.7 -34483.7 766.52908
2.74 265.02683 -172.08558 22026.956 -32071.2 2376.54 -34447.7 761.30603
2.75 273.823 236.97638 21926.131 -31943.5 2455.41 -34398.9 759.68537
2.76 268.94738 266.67354 21911.815 -32124.7 2411.69 -34536.4 759.05341
2.77 277.17181 80.204228 22011.495 -31919.3 2485.44 -34404.7 760.77038
2.78 275.33324 -397.48115 22103.444 -31954 2468.96 -34423 763.59109
2.79 271.00056 -0.43261867 22035.116 -32084.6 2430.11 -34514.7 762.35643
2.8 277.01983 -291.33821 22096.736 -31860.1 2484.08 -34344.2 763.19401
2.81 274.49715 -239.45297 22068.803 -31989.7 2461.46 -34451.2 761.74701
2.82 262.93366 -654.27528 22163.043 -32267 2357.77 -34624.7 763.32938
2.83 271.63573 -378.20237 22111.676 -32027 2435.8 -34462.8 763.20942
2.84 273.00637 -384.8596 22105.809 -32131.5 2448.09 -34579.6 764.13097
2.85 277.30969 133.28793 22002.241 -31929.4 2486.68 -34416.1 761.42426
2.86 278.36879 508.69421 21858.428 -32065.5 2496.18 -34561.6 759.50844
2.87 278.86829 102.26562 21979.424 -31902.3 2500.66 -34402.9 761.71056
2.88 258.71049 133.28932 21933.511 -32079.6 2319.9 -34399.5 759.06929
2.89 271.32744 -164.33157 22027.056 -31877.7 2433.04 -34310.7 760.89198
2.9 259.01216 -554.83443 22101.136 -32098.3 2322.6 -34420.9 761.92601
2.91 266.78317 -48.227901 22033.395 -32000.5 2392.29 -34392.7 760.3613
2.92 267.29794 309.34024 21907.792 -32119.7 2396.9 -34516.6 758.03757
2.93 282.82625 253.7886 21947.819 -31984.6 2536.15 -34520.8 759.50207
2.94 275.14539 494.70579 21900.315 -32103.8 2467.27 -34571.1 759.40724
2.95 264.89559 93.073603 21974.164 -31983.2 2375.36 -34358.5 761.52162
2.96 265.16985 -262.81847 22087.411 -31948.3 2377.82 -34326.1 764.04341
2.97 269.75103 -366.15783 22107.857 -32038 2418.9 -34456.9 763.8566
2.98 279.20798 -369.38741 22113.507 -32120.2 2503.7 -34623.9 764.5648
2.99 282.76433 -305.39496 22122.384 -31939.7 2535.59 -34475.3 763.54029
3 267.13814 21.148649 22006.912 -32149.8 2395.47 -34545.3 759.86473
3.01 274.69135 168.2282 21983.359 -31946.2 2463.2 -34409.4 759.15491
3.02 269.33983 233.83276 21895.485 -32123.6 2415.21 -34538.9 757.78307
3.03 276.89361 294.76368 21940.307 -31908.7 2482.95 -34391.6 758.38652
3.04 275.53355 -119.35063 22048.345 -32141.2 2470.75 -34612 760.57514
3.05 269.84693 -674.10504 22186.044 -31973.4 2419.76 -34393.1 765.23287
3.06 250.59949 -60.853331 22010.662 -32059.7 2247.17 -34306.9 762.43116
3.07 271.921 -771.85904 22207.269 -32008.7 2438.36 -34447 766.47341
3.08 267.62011 -164.69058 22041.814 -32150.9 2399.79 -34550.7 763.78543
3.09 284.41554 -3.2736825 22026.5 -31743.4 2550.4 -34293.8 761.97107
3.1 265.84786 503.74789 21854.978 -32176.9 2383.9 -34560.8 757.46804
3.11 267.74391 488.70978 21848.506 -31964.7 2400.9 -34365.6 757.91107
3.12 261.24066 242.96244 21937.531 -32164.9 2342.59 -34507.5 759.41785
3.13 274.6279 -53.66961 22003.133 -31970.9 2462.63 -34433.6 759.6683
3.14 266.49146 -610.43702 22160.443 -32042.4 2389.67 -34432 763.29407
3.15 285.39962 -107.20016 22046.858 -31914.3 2559.22 -34473.5 761.20102
3.16 265.30388 153.00403 21959.927 -32155.2 2379.02 -34534.3 759.17305
3.17 273.50051 -75.937097 21999.09 -32145.8 2452.52 -34598.3 760.90169
3.18 267.43488 -63.539558 22029.303 -32024.8 2398.13 -34423 761.43198
3.19 269.53907 161.57065 21964.182 -32163.6 2417 -34580.6 760.17852
3.2 283.70361 155.006 21955.299 -31874.5 2544.02 -34418.5 761.07634
3.21 276.70325 402.28051 21907.816 -32103.2 2481.24 -34584.5 758.7556
3.22 283.83127 531.98017 21862.257 -31941.2 2545.16 -34486.3 758.04938
3.23 270.61604 734.06453 21801.839 -32197.1 2426.66 -34623.8 755.86456
3.24 284.0153 162.47333 21960.718 -31948.1 2546.81 -34494.9 759.30856
3.25 266.16584 278.29358 21903.942 -32122.4 2386.75 -34509.1 758.04139
3.26 280.21715 62.136485 21979.192 -31990.2 2512.75 -34503 759.35785
3.27 276.64348 -473.84475 22152.341 -31967.7 2480.71 -34448.4 763.93388
3.28 274.68743 72.367846 21981.34 -32069.7 2463.17 -34532.8 760.68447
3.29 277.4239 659.90112 21870.187 -31985.1 2487.7 -34472.8 758.26371
3.3 257.25083 4.6573672 22001.251 -32172.9 2306.81 -34479.7 761.47073
3.31 269.37823 -51.254582 22003.417 -32084.4 2415.56 -34499.9 760.38763
3.32 268.30095 -89.378644 22035.656 -32043.6 2405.9 -34449.5 761.78662
3.33 275.01656 37.466235 21959.111 -32264.4 2466.12 -34730.5 759.64084
3.34 266.99289 137.18186 21948.236 -31960.9 2394.17 -34355 759.34033
3.35 281.45396 10.751273 21989.798 -31936.8 2523.84 -34460.7 761.03596
3.36 268.01938 -48.076161 21992.781 -32074.2 2403.37 -34477.5 761.76319
3.37 274.4986 -280.24243 22069.295 -31949.9 2461.47 -34411.4 762.62041
3.38 267.20162 -388.37516 22092.441 -32232.1 2396.04 -34628.1 763.18714
3.39 268.89821 -381.8449 22090.842 -32036.6 2411.25 -34447.9 762.69596
3.4 280.59979 -127.64852 22028.717 -32189.1 2516.18 -34705.3 762.25916
3.41 264.95302 51.784676 21967.701 -32129.5 2375.88 -34505.4 760.54744
3.42 275.35691 176.64191 21946.151 -32074.1 2469.17 -34543.3 759.97018
3.43 265.98255 213.27032 21927.482 -32111.5 2385.11 -34496.6 759.82359
3.44 268.34124 329.09973 21899.613 -32024.9 2406.26 -34431.2 758.30425
3.45 283.0725 297.05343 21934.028 -32129.7 2538.36 -34668.1 759.21757
3.46 260.03143 375.76375 21897.22 -32272.9 2331.74 -34604.7 757.17389
3.47 276.60392 116.12698 21999.651 -32010.2 2480.35 -34490.5 760.16531
3.48 270.02156 84.387411 21980.281 -31969.3 2421.33 -34390.6 759.84694
3.49 268.17894 -51.289666 21998.902 -32082.5 2404.8 -34487.3 760.45381
3.5 278.97911 134.71168 21978.028 -31973.8 2501.65 -34475.5 760.53703
3.51 266.42277 -289.30632 22053.366 -32124.4 2389.06 -34513.5 761.28498
3.52 276.72087 -449.39553 22133.154 -31845.1 2481.4 -34326.5 763.78761
3.53 270.27459 -730.38341 22208.986 -31991.4 2423.6 -34415 765.13401
3.54 285.52555 126.09768 21977.652 -32082.2 2560.35 -34642.6 760.3772
3.55 265.68705 162.15244 21962.515 -32082.3 2382.46 -34464.7 761.4708
3.56 279.59448 480.53583 21859.58 -32155.2 2507.17 -34662.4 758.38127
3.57 264.95471 173.09114 21986.054 -32143 2375.89 -34518.9 762.17277
3.58 263.20203 -197.82981 22037.661 -32251 2360.17 -34611.1 761.86467
3.59 273.63374 -178.63881 22028.781 -32003 2453.72 -34456.7 762.3246
3.6 259.35188 40.303208 21942.285 -32146.5 2325.65 -34472.1 759.06245
3.61 272.49788 -82.410329 22062.968 -32015.5 2443.53 -34459 760.80594
3.62 265.37003 -285.89404 22077.401 -32108.1 2379.62 -34487.7 760.99072
3.63 265.2045 -593.96714 22164.064 -32281.9 2378.13 -34660 763.08423
3.64 272.8352 -170.7838 22045.62 -32049.3 2446.56 -34495.8 761.89858
3.65 262.66865 108.91907 21956.866 -32132.4 2355.39 -34487.8 760.27253
3.66 269.30606 563.63177 21819.995 -32048.3 2414.91 -34463.2 756.64632
3.67 274.58554 416.68488 21899.034 -32122 2462.25 -34584.2 759.03093
3.68 268.59489 254.5334 21902.078 -32221.6 2408.53 -34630.2 759.2285
3.69 264.88355 303.90963 21938.413 -31997.5 2375.25 -34372.7 760.31503
3.7 267.44742 -212.03844 22059.641 -32147.3 2398.24 -34545.6 762.15214
3.71 270.67631 -145.35919 22074.654 -31923.6 2427.2 -34350.8 764.49252
3.72 270.11214 -298.2045 22072.719 -32030.4 2422.14 -34452.5 763.74157
3.73 274.58775 -159.78369 22081.74 -31993.1 2462.27 -34455.4 763.30165
3.74 257.17691 66.704518 21956.498 -32240.2 2306.15 -34546.4 759.65548
3.75 266.18774 152.24902 21959.797 -32070.2 2386.95 -34457.2 758.16031
3.76 287.31451 366.88881 21904.36 -31976.6 2576.39 -34553 757.25152
3.77 271.33114 -25.473023 22003.806 -31986.8 2433.07 -34419.8 760.29372
3.78 256.62849 -7.6702461 21995.299 -32104.7 2301.23 -34405.9 760.40831
3.79 276.82942 622.68492 21860.046 -31894.2 2482.37 -34376.6 758.0457
3.8 253.89859 207.03424 21921.124 -32366.2 2276.75 -34642.9 760.3347
3.81 273.51474 602.69971 21815.958 -32002.8 2452.65 -34455.5 758.05903
3.82 264.65791 -32.28022 21956.245 -32230.7 2373.23 -34603.9 760.76529
3.83 274.53574 112.71763 21947.62 -32036.9 2461.81 -34498.8 760.18749
3.84 275.12623 7.7691482 22001.201 -32047.6 2467.1 -34514.7 760.57117
3.85 274.92981 -38.417688 22014.006 -32104.7 2465.34 -34570.1 760.36352
3.86 286.33431 -169.74632 22069.233 -31964.4 2567.61 -34532 762.16987
3.87 270.97873 -511.79254 22137.464 -32040.3 2429.91 -34470.2 763.44073
3.88 276.4456 77.054679 21971.18 -32056.6 2478.93 -34535.6 758.76524
3.89 274.21811 570.49339 21842.629 -32035 2458.96 -34494 757.37597
3.9 260.82307 32.158399 21933.616 -32290 2338.84 -34628.9 760.08671
3.91 259.61345 -280.77743 22078.174 -32012.9 2328 -34340.8 763.6369
3.92 262.31689 -117.95516 22006.245 -32223.9 2352.24 -34576.2 762.55732
3.93 266.33949 -191.89275 22059.23 -32017.1 2388.31 -34405.4 762.59579
3.94 254.79469 -141.96073 22027.545 -32168.7 2284.78 -34453.5 761.3259
3.95 270.304 254.02921 21933.227 -31922.4 2423.86 -34346.3 758.49706
3.96 258.12286 367.60238 21903.47 -32225.1 2314.63 -34539.7 757.29938
3.97 280.01863 299.08378 21881.755 -31950.5 2510.97 -34461.5 757.53106
3.98 265.90471 -0.43186344 21996.489 -32111.4 2384.41 -34495.8 758.98507
3.99 273.88035 433.06344 21876.133 -32017.2 2455.93 -34473.1 757.57429
4 277.89748 49.420163 22004.126 -31981.8 2491.95 -34473.8 761.44545
4.01 272.14947 -457.60338 22106.427 -32192 2440.41 -34632.4 763.34528
4.02 270.10103 -257.49994 22081.323 -32062.6 2422.04 -34484.7 763.52999
4.03 274.64728 -91.805008 22007.967 -32034.1 2462.81 -34496.9 761.46964
4.04 280.12919 419.55641 21870.81 -31950.1 2511.96 -34462.1 760.26644
4.05 269.28445 72.546513 21960.649 -31962.2 2414.72 -34376.9 760.60052
4.06 279.81403 396.16093 21864.377 -32059.4 2509.14 -34568.5 757.97124
4.07 279.50096 418.32634 21905.738 -31857.2 2506.33 -34363.6 758.17116
4.08 270.88794 192.16752 21937.061 -32082.1 2429.1 -34511.2 759.21917
4.09 270.63028 69.69128 22008.815 -31987.8 2426.78 -34414.6 760.46761
4.1 281.40912 -177.89478 22048.157 -32027.8 2523.44 -34551.2 761.16515
4.11 278.32939 -237.87524 22042.531 -32094 2495.82 -34589.8 760.53354
4.12 270.03685 -661.56328 22219.933 -31918.5 2421.46 -34340 766.5211
4.13 267.56328 -244.57892 22073.048 -32133.8 2399.28 -34533.1 762.94676
4.14 273.53171 -450.34214 22108.97 -31984.3 2452.8 -34437.1 764.23512
4.15 267.85787 -144.80129 22050.152 -32175.6 2401.92 -34577.5 762.66656
4.16 282.76483 223.76208 21901.241 -31976.5 2535.6 -34512.1 759.15561
4.17 269.82921 712.49826 21825.65 -32038 2419.6 -34457.6 757.22008
4.18 285.96148 298.71974 21947.225 -31836.3 2564.26 -34400.6 760.15701
4.19 266.97244 353.76604 21889.666 -32092.9 2393.98 -34486.8 758.12781
4.2 278.56101 45.034439 21987.741 -32033.3 2497.9 -34531.2 760.96735
4.21 266.79276 198.12058 21937.378 -32064.3 2392.37 -34456.7 759.71868
4.22 268.09156 688.95265 21797.051 -32203.1 2404.02 -34607.1 756.25007
4.23 275.34459 377.10358 21896.384 -32073.4 2469.06 -34542.5 757.84549
4.24 277.63035 234.68277 21954.052 -31996.1 2489.56 -34485.6 760.46114
4.25 269.15559 -44.771548 21992.382 -32139.1 2413.56 -34552.6 761.0272
4.26 265.46068 -397.40396 22090.417 -31993.7 2380.43 -34374.2 763.38471
4.27 270.94706 -208.08833 22068.688 -32172.2 2429.63 -34601.8 763.43188
4.28 263.03619 -238.46555 22038.862 -32194.5 2358.69 -34553.2 762.45694
4.29 275.0712 -312.85044 22086.97 -32053.9 2466.61 -34520.5 763.49041
4.3 264.14618 -471.51852 22110.6 -32049.5 2368.64 -34418.2 763.4719
4.31 274.11833 -126.36202 22018.9 -32204.4 2458.06 -34662.5 761.01261
4.32 275.59613 268.4473 21916.515 -31946.8 2471.31 -34418.1 757.07512
4.33 265.75045 -163.17276 22016.781 -32029.3 2383.03 -34412.4 761.17747
4.34 265.49333 -683.47509 22207.336 -31992.7 2380.72 -34373.4 765.19584
4.35 253.49842 -96.78968 22016.513 -32309.8 2273.16 -34583 760.98715
4.36 265.71378 -443.54764 22106.215 -32038.9 2382.7 -34421.6 763.94271
4.37 265.53145 44.255522 21990.901 -32157.1 2381.06 -34538.2 761.00281
4.38 276.22576 232.77831 21962.151 -31880.7 2476.96 -34357.7 760.19578
4.39 266.65139 20.818676 21991.374 -32107.6 2391.11 -34498.7 761.07219
4.4 261.32965 272.21913 21900.106 -32194 2343.38 -34537.4 758.18278
4.41 284.08531 151.16561 21933.024 -31959.9 2547.44 -34507.3 759.16797
4.42 271.39798 -110.70001 22007.405 -32119.7 2433.67 -34553.4 760.16175
4.43 263.44882 -287.15572 22084.092 -31992.9 2362.39 -34355.3 761.5758
4.44 263.91882 -343.07953 22091.409 -32162.2 2366.6 -34528.8 762.82013
4.45 266.73557 -1027.455 22289.417 -32132.8 2391.86 -34524.6 767.5827
4.46 272.34117 -191.53813 22055.396 -32012.7 2442.13 -34454.9 763.12825
4.47 269.86857 456.49847 21867.491 -32180 2419.95 -34599.9 758.33548
4.48 279.23999 93.833629 21981.833 -32003.4 2503.99 -34507.4 761.56516
4.49 256.78086 253.3636 21907.176 -32262.6 2302.59 -34565.2 759.41493
4.5 259.72328 -12.001571 21977.593 -32033.5 2328.98 -34362.5 761.1249
4.51 275.82448 423.25502 21871.192 -32123.3 2473.36 -34596.7 757.96283
4.52 276.43874 870.02195 21756.202 -32063.3 2478.87 -34542.2 754.51336
4.53 264.32367 -86.828545 21988.252 -32161.4 2370.23 -34531.6 759.85003
4.54 271.3256 -433.99429 22113.513 -32054.6 2433.02 -34487.7 762.12516
4.55 271.88887 -754.59988 22157.373 -32033.7 2438.07 -34471.8 763.7924
4.56 258.18184 -362.67017 22089.828 -32231.2 2315.16 -34546.4 762.60085
4.57 270.10043 66.236502 22001.955 -31998 2422.03 -34420.1 761.32476
4.58 265.01655 499.45895 21894.562 -32218.8 2376.45 -34595.2 759.88923
4.59 281.17817 701.96133 21818.947 -31941.5 2521.37 -34462.9 759.45113
4.6 268.77319 635.8526 21806.489 -32172.4 2410.13 -34582.5 757.62755
4.61 270.93415 422.68893 21898.13 -31936.7 2429.51 -34366.2 758.94961
4.62 279.83696 80.287299 21959.112 -32058.4 2509.34 -34567.7 759.16202
4.63 271.07945 220.57271 21921.098 -31904 2430.81 -34334.8 757.39262
4.64 283.52962 80.679806 21982.075 -32124.8 2542.46 -34667.3 758.95344
4.65 281.58274 -491.6516 22127.312 -31847.2 2525 -34372.2 762.32812
4.66 271.3986 -435.85121 22102.702 -32066.5 2433.67 -34500.2 763.54766
4.67 279.34576 -384.10553 22122.092 -31987.5 2504.94 -34492.5 765.16706
4.68 275.98744 -201.16738 22071.327 -31992.9 2474.82 -34467.7 763.77152
4.69 278.03019 -12.82085 22006.584 -32152.8 2493.14 -34645.9 762.61055
4.7 280.65509 617.07529 21856.449 -31913.5 2516.68 -34430.1 757.28944
4.71 258.9454 33.223414 21958.888 -32133.1 2322 -34455.1 759.4764
4.72 272.03875 27.174234 22008.373 -31947.8 2439.41 -34387.2 760.92466
4.73 273.20314 -49.264119 21986.318 -32165.8 2449.86 -34615.7 759.74685
4.74 281.35446 -34.384307 21990.115 -32016.5 2522.95 -34539.4 759.56553
4.75 257.56234 380.3131 21873.76 -32301.1 2309.6 -34610.7 758.18192
4.76 281.2399 498.46961 21873.102 -31933.7 2521.92 -34455.7 758.0596
4.77 262.18014 260.40084 21900.981 -32054 2351.01 -34405 759.58294
4.78 282.50616 375.26737 21881.732 -31963 2533.28 -34496.2 759.11294
4.79 269.38569 -203.39108 22039.973 -32126.5 2415.62 -34542.1 762.83833
4.8 283.40969 -50.854247 22032.714 -31915.2 2541.38 -34456.5 761.39191
4.81 276.51096 -438.6077 22160.18 -32011.1 2479.52 -34490.7 763.76232
4.82 276.33678 -302.50582 22105.943 -31941.7 2477.96 -34419.6 762.76932
4.83 267.90707 -351.3792 22110.942 -32001.8 2402.37 -34404.2 763.43054
4.84 259.27801 33.382956 21988.417 -32164 2324.99 -34489 761.16204
4.85 282.78868 365.41195 21896.996 -32052.5 2535.81 -34588.3 760.43798
4.86 255.41625 665.78749 21780.913 -32387 2290.36 -34677.3 756.90162
4.87 273.68577 275.88039 21936.846 -32013.5 2454.18 -34467.7 760.21335
4.88 282.01408 -44.661301 22003.878 -32026.5 2528.87 -34555.3 761.07552
4.89 276.31947 -724.56844 22179.54 -31891.2 2477.8 -34369 764.3492
4.9 263.72733 -348.94032 22085.711 -32091.3 2364.88 -34456.2 761.50386
4.91 288.97707 -166.70759 22025.457 -31852.3 2591.3 -34443.6 760.13134
4.92 269.39631 88.701677 21942.009 -32048.8 2415.72 -34464.5 758.3262
4.93 254.46024 849.70433 21764.36 -32216.4 2281.79 -34498.2 755.18335
4.94 267.0494 235.18582 21958.683 -31997.1 2394.67 -34391.8 759.70949
4.95 264.23544 -176.51112 22004.925 -32162.9 2369.44 -34532.3 760.74499
4.96 273.05837 -263.81823 22046.394 -32097.3 2448.56 -34545.8 763.3558
4.97 273.19637 -588.94412 22172.747 -31845.9 2449.8 -34295.7 765.4987
4.98 264.26393 -365.60589 22124.873 -32082.9 2369.7 -34452.5 764.39794
4.99 272.70881 -247.46321 22115.474 -31880.9 2445.42 -34326.3 763.32613
5 279.95244 -81.386575 22026.626 -32061.6 2510.38 -34572 761.85904
5.01 267.07566 107.36533 21968.632 -32010.7 2394.91 -34405.6 759.64073
5.02 264.02238 198.77858 21950.107 -32077.2 2367.53 -34444.7 758.30695
5.03 279.28986 358.44836 21943.194 -31937.8 2504.44 -34442.2 759.64822
5.04 254.53723 -85.403423 21995.114 -32081.1 2282.48 -34363.6 760.37662
5.05 263.64108 -756.29818 22215.411 -32036.7 2364.11 -34400.8 765.92774
5.06 279.5306 -168.28274 22069.716 -32070.7 2506.6 -34577.3 763.34632
5.07 280.84379 220.47371 21984.855 -31875.5 2518.37 -34393.9 761.84019
5.08 271.74121 841.35953 21748.661 -32153.1 2436.75 -34589.9 755.28328
5.09 278.35395 351.82753 21895.286 -32036 2496.04 -34532.1 758.48618
5.1 258.87943 35.193974 21962.8 -32262.6 2321.41 -34584 758.80428
5.11 278.54094 -363.90938 22129.329 -31976.9 2497.72 -34474.6 764.03438
5.12 277.49818 -320.10947 22083.766 -32058.5 2488.37 -34546.9 763.55964
5.13 280.37772 -361.82867 22152.424 -31965.6 2514.19 -34479.8 765.29091
5.14 264.25281 -336.60234 22116.681 -32184.6 2369.6 -34554.2 763.32365
5.15 272.67704 -225.04714 22051.02 -31996.8 2445.14 -34442 761.73274
5.16 258.51078 51.596303 21948.519 -32202.2 2318.11 -34520.3 759.70781
5.17 270.41437 446.1682 21907.362 -31973.3 2424.85 -34398.1 759.08761
5.18 276.50952 136.58147 21926.638 -32202.2 2479.5 -34681.7 760.19675
5.19 264.96988 188.84171 21935.891 -31999.5 2376.03 -34375.5 759.59005
5.2 271.30403 -102.2745 22019.883 -32132.6 2432.83 -34565.4 762.05373
5.21 267.13167 -431.77825 22094.633 -32046.6 2395.41 -34442 763.28861
5.22 272.88803 -255.33065 22052.322 -32170 2447.03 -34617.1 762.67579
5.23 272.31326 -68.69162 22030.092 -32000.3 2441.88 -34442.2 761.70273
5.24 267.04713 -505.30437 22126.745 -32081.3 2394.65 -34475.9 763.99651
5.25 267.44497 -271.42427 22105.941 -32055.1 2398.22 -34453.3 763.22399
5.26 277.41053 -8.7836848 22025.908 -31933.7 2487.58 -34421.3 761.97128
5.27 268.90701 428.83262 21894.874 -32105.1 2411.33 -34516.4 758.22203
5.28 258.12549 125.7036 21973.491 -32115.1 2314.65 -34429.7 760.26328
5.29 273.06321 116.27122 21971.948 -32003.7 2448.6 -34452.3 760.41033
5.3 265.76793 -248.31906 22048.372 -32182.5 2383.18 -34565.7 762.98467
5.31 272.87313 -177.7936 22044 -32027.3 2446.9 -34474.2 762.2033
5.32 267.87897 -650.21705 22198.127 -31981.5 2402.11 -34383.6 765.83255
5.33 264.65941 -131.1059 22027.398 -32176.1 2373.24 -34549.3 760.6515
5.34 264.89736 16.975803 21956.947 -32158.9 2375.38 -34534.3 759.28007
5.35 267.28905 201.21014 21952.95 -32054.2 2396.82 -34451 759.66814
5.36 273.70472 272.80253 21930.102 -32155 2454.35 -34609.4 759.18307
5.37 278.32697 431.00598 21875.789 -31945.2 2495.8 -34441 758.31048
5.38 271.49268 206.99521 21924.172 -31908.3 2434.52 -34342.8 759.40003
5.39 267.07795 809.2512 21775.201 -32090.9 2394.93 -34485.8 755.76547
5.4 270.38963 61.173861 21985.707 -31930.1 2424.63 -34354.8 760.60563
5.41 269.89494 -80.295555 22021.454 -32247.1 2420.19 -34667.2 761.65193
5.42 264.11898 -230.53112 22068.533 -31992.6 2368.4 -34361 762.63574
5.43 248.38738 -457.02396 22068.429 -32353.8 2227.33 -34581.2 762.09059
5.44 279.18539 203.60893 21941.38 -32027 2503.5 -34530.5 760.45367
5.45 279.90817 255.28311 21915.631 -32077.2 2509.98 -34587.2 758.9678
5.46 279.96136 -93.188542 22007.809 -31939.6 2510.46 -34450.1 761.92582
5.47 272.26496 -51.939374 21988.125 -32107.7 2441.44 -34549.1 762.10434
5.48 274.59882 -192.11852 22054.149 -31992 2462.37 -34454.3 762.84864
5.49 267.54303 -431.86959 22111.397 -32062 2399.1 -34461.1 764.16779
5.5 271.45174 -120.48846 22049.767 -31972.2 2434.15 -34406.3 761.95612
5.51 254.06696 45.244433 21940.113 -32293.7 2278.26 -34571.9 759.38935
5.52 264.8835 197.84911 21922.882 -32042.1 2375.25 -34417.3 759.22561
5.53 262.75943 -35.834346 21968.146 -32133.4 2356.21 -34489.6 759.71243
5.54 277.99482 265.51809 21949.696 -31899.7 2492.82 -34392.6 759.06903
5.55 265.66323 244.65006 21941.259 -32134.6 2382.24 -34516.9 760.24958
5.56 277.37531 -91.547392 22050.096 -31935.7 2487.27 -34423 761.83619
5.57 273.94832 -635.85759 22162.326 -32000.5 2456.54 -34457.1 764.64671
5.58 264.84234 -293.29017 22078.541 -32089.9 2374.88 -34464.8 763.81139
5.59 281.37055 -359.27805 22128.999 -31961.1 2523.09 -34484.2 764.94186
5.6 259.57958 74.581444 21949.524 -32114.5 2327.69 -34442.2 760.58018
5.61 274.24176 230.9246 21913.376 -31912.7 2459.17 -34371.8 759.81508
5.62 287.40884 931.21168 21778.659 -31987.9 2577.24 -34565.2 756.2185
5.63 260.76893 587.14266 21821.759 -32187.6 2338.36 -34526 756.42025
5.64 272.41917 157.78662 21911.793 -32027.2 2442.83 -34470 758.36002
5.65 262.60404 -149.04716 22037.086 -32225.3 2354.81 -34580.2 761.55375
5.66 267.51571 -963.69101 22276.578 -32045.3 2398.86 -34444.2 766.64274
5.67 265.91261 -193.92699 22062.098 -32196.9 2384.48 -34581.4 762.07199
5.68 278.42761 -105.99421 22049.942 -32013.7 2496.7 -34510.4 761.17816
5.69 264.35975 330.28662 21891.792 -32264.4 2370.56 -34634.9 757.62634
5.7 276.41489 570.49109 21854.527 -31956.6 2478.66 -34435.2 757.88687
5.71 272.15053 332.48756 21893.534 -32017.8 2440.42 -34458.3 759.00478
5.72 265.61776 198.75802 21953.806 -32182.9 2381.84 -34564.7 760.06224
5.73 280.87817 213.50316 21956.624 -31937.7 2518.68 -34456.4 760.37074
5.74 263.67151 -39.501081 22006.626 -32277.7 2364.38 -34642.1 761.21669
5.75 275.93808 -509.10957 22167.539 -32057 2474.38 -34531.3 764.44557
5.76 257.16875 -29.537126 21981.398 -32188.9 2306.07 -34495 759.55143
5.77 274.03021 96.531453 21969.991 -32019.6 2457.27 -34476.9 759.56917
5.78 258.71382 57.734781 21968.78 -32216.3 2319.93 -34536.2 759.99339
5.79 280.47627 126.8283 21948.381 -32083.7 2515.08 -34598.7 759.81512
5.8 267.85918 287.44573 21931.064 -32099.6 2401.94 -34501.5 760.00188
5.81 271.86604 -62.500915 22050.437 -31947.3 2437.87 -34385.2 762.56699
5.82 279.60006 -274.98386 22096.455 -32082.2 2507.22 -34589.4 763.92734
5.83 285.72908 -420.57191 22121.717 -32067.7 2562.18 -34629.8 764.35451
5.84 262.58398 -291.04654 22056.1 -31970.9 2354.63 -34325.5 762.99964
5.85 265.21757 34.562614 21979.223 -32072.7 2378.25 -34450.9 760.22689
5.86 275.09747 253.83686 21943.714 -32002.6 2466.84 -34469.4 759.96856
5.87 285.9122 350.34415 21896.413 -31908.5 2563.82 -34472.3 757.99342
5.88 279.41842 654.17256 21818.338 -32068.9 2505.59 -34574.5 756.02099
5.89 270.76178 -381.76675 22112.631 -31972 2427.96 -34400 762.15108
5.9 284.95502 -237.12922 22082.305 -32017.4 2555.24 -34572.7 762.37422
5.91 255.4356 -240.77981 22071.211 -32207.9 2290.53 -34498.4 762.15012
5.92 272.81538 -11.121317 22000.795 -31995.8 2446.38 -34442.2 760.87074
5.93 268.07298 40.835576 22021.944 -32125.5 2403.85 -34529.3 761.66943
5.94 275.71372 91.248231 21964.414 -32074.7 2472.37 -34547.1 760.7091
5.95 267.42675 351.48364 21928.521 -31818.7 2398.06 -34216.8 760.68206
5.96 274.26776 266.04481 21923.83 -32079 2459.4 -34538.4 759.26609
5.97 283.51718 -194.00735 22028.726 -31959.8 2542.34 -34502.1 762.40916
5.98 256.59755 -205.80368 22021.817 -32257.1 2300.95 -34558.1 762.52314
5.99 274.10362 -268.31857 22109.207 -32036.9 2457.93 -34494.9 764.18859
6 258.7671 159.37639 21923.402 -32246.8 2320.41 -34567.2 759.35164
6.01 287.58518 231.74005 21957.563 -31905.2 2578.82 -34484 760.31787
6.02 274.02026 741.66768 21776.27 -31986.4 2457.18 -34443.6 755.2626
6.03 264.56146 91.015973 21951.145 -32234.5 2372.36 -34606.9 760.08733
6.04 268.04472 327.69203 21906.253 -31998.6 2403.6 -34402.2 758.49949
6.05 269.58042 881.19756 21750.542 -32195.8 2417.37 -34613.1 754.6015
6.06 264.36342 465.52182 21868.982 -32095.3 2370.59 -34465.9 756.8858
6.07 289.28782 24.336401 21999.284 -31803.9 2594.09 -34398 760.68796
6.08 266.93704 452.91831 21855.997 -32167.2 2393.67 -34560.9 758.59648
6.09 266.33848 -70.112263 21975.891 -32111.1 2388.3 -34499.4 760.97748
6.1 273.74426 84.266633 21971.039 -31961.5 2454.71 -34416.2 761.61469
6.11 289.75835 -14.842825 21999.298 -31930.3 2598.31 -34528.6 763.48443
6.12 261.04363 -276.54254 22092.242 -32140.9 2340.82 -34481.8 763.99346
6.13 252.31233 14.232403 22000.391 -32071.7 2262.52 -34334.2 762.18491
6.14 266.66862 191.34083 21962.679 -32043.6 2391.26 -34434.8 760.51105
6.15 261.33192 -1.3694873 21986.579 -32165.7 2343.4 -34509.1 760.60141
6.16 283.99083 -7.1430745 21988.955 -31840.9 2546.59 -34387.5 759.22545
6.17 271.86303 53.315279 21968.95 -32120.7 2437.84 -34558.6 757.64822
6.18 284.77545 -443.13984 22148.648 -31936.9 2553.63 -34490.5 762.97651
6.19 265.13461 -81.256429 21998.363 -32183.1 2377.5 -34560.6 760.07537
6.2 271.92214 469.63835 21868.897 -31956.4 2438.37 -34394.7 757.55606
6.21 280.9924 288.67219 21927.281 -31893.4 2519.7 -34413.1 761.13014
6.22 267.99735 489.88209 21863.654 -32083.8 2403.17 -34486.9 759.35115
6.23 271.4444 85.083333 22000.663 -31797.9 2434.09 -34232 762.53414
6.24 286.46533 490.51874 21838.511 -32082.3 2568.78 -34651.1 758.06574
6.25 275.92948 151.15398 21947.788 -32098.6 2474.3 -34572.9 760.04033
6.26 274.82656 275.29091 21900.545 -32028.9 2464.41 -34493.3 758.58824
6.27 283.4057 -84.524046 22042.093 -31984.4 2541.34 -34525.8 760.72029
6.28 257.95275 -42.976641 21967.861 -32329.7 2313.1 -34642.8 758.85829
6.29 280.36383 -357.42582 22107.988 -31940.4 2514.07 -34454.4 762.18117
6.3 278.16016 -262.62841 22104.446 -31976.3 2494.31 -34470.6 762.55877
6.31 263.246 -443.1829 22077.674 -32258.2 2360.57 -34618.7 762.08278
6.32 267.62831 -424.23992 22101.622 -32049.9 2399.87 -34449.8 763.80934
6.33 270.97618 -181.57868 22044.84 -32135.6 2429.89 -34565.5 762.38345
6.34 261.91366 -81.341646 21982.734 -32235 2348.62 -34583.6 761.52723
6.35 274.13765 230.88909 21959.689 -32041.2 2458.24 -34499.5 761.33443
6.36 275.7884 763.46467 21782.778 -32087.6 2473.04 -34560.7 757.2578
6.37 261.55955 583.32486 21817.647 -32255 2345.45 -34600.5 758.15007
6.38 274.28511 224.43752 21917.708 -32019.8 2459.56 -34479.4 760.71912
6.39 264.30724 474.92582 21867.115 -32232.8 2370.09 -34602.9 758.71996
6.4 273.78128 670.03372 21820.031 -32023.8 2455.04 -34478.9 757.55183
6.41 271.32041 95.589386 21946.773 -31834.1 2432.97 -34267.1 758.9326
6.42 276.95992 69.929882 21977.234 -32080.8 2483.54 -34564.3 759.68997
6.43 264.00178 604.5468 21807.126 -31979 2367.35 -34346.3 755.90193
6.44 277.66148 379.49649 21896.11 -31976.7 2489.83 -34466.6 758.23407
6.45 255.97788 -88.714649 21979.958 -32246.9 2295.39 -34542.3 760.82346
6.46 278.56065 -144.64594 22058.977 -31950.5 2497.9 -34448.4 762.18437
6.47 257.25366 -398.7608 22074.886 -32280.2 2306.83 -34587 762.17826
6.48 282.34506 -592.16496 22149.984 -31964.5 2531.83 -34496.3 764.00825
6.49 275.61693 -248.58306 22048.044 -32109.6 2471.5 -34581.1 762.95721
6.5 278.01616 -347.08578 22104.831 -32039.8 2493.02 -34532.8 763.59698
6.51 270.47293 23.557896 21987.308 -32105.7 2425.37 -34531 760.29317
6.52 260.25178 180.74231 21938.283 -32169 2333.72 -34502.7 758.68235
6.53 282.39328 729.88377 21799.611 -32057 2532.27 -34589.3 757.21219
6.54 269.04922 187.69724 21951.158 -32112.4 2412.61 -34525 759.70165
6.55 288.6711 -174.98674 22007.733 -31894.3 2588.56 -34482.9 760.62775
6.56 278.30539 -885.2324 22253.24 -31962.5 2495.61 -34458.1 766.96939
6.57 259.13586 -419.11325 22068.307 -32304.7 2323.71 -34628.4 762.83689
6.58 267.81415 -287.65739 22076.994 -32025.4 2401.53 -34426.9 763.75118
6.59 248.83918 -410.60024 22088.347 -32198.4 2231.38 -34429.8 763.13059
6.6 259.44068 -256.88734 22054.86 -32134.2 2326.45 -34460.6 762.24408
6.61 274.13206 239.15993 21945.217 -31954.7 2458.19 -34412.9 760.01046
6.62 276.61155 150.15794 21938.788 -32080 2480.42 -34560.4 759.47099
6.63 282.21198 704.49931 21855.319 -31825.6 2530.64 -34356.2 758.42543
6.64 262.86522 64.692398 21935.218 -32147.3 2357.15 -34504.5 759.93878
6.65 273.95729 -0.53014858 22002.395 -32069.6 2456.62 -34526.3 760.48259
6.66 272.33164 -425.50373 22118.032 -32019.1 2442.04 -34461.2 762.9776
6.67 264.21951 -470.26671 22117.956 -32267.3 2369.3 -34636.6 763.2349
6.68 269.8322 -146.01881 22085.939 -31986.6 2419.63 -34406.2 762.36834
6.69 264.52988 -403.07173 22140.497 -32000.7 2372.08 -34372.8 763.68537
6.7 273.73253 -330.75901 22095.353 -32050.8 2454.6 -34505.4 763.60576
6.71 275.95031 -295.9464 22094.153 -31987.1 2474.49 -34461.6 762.64111
6.72 273.81093 89.333545 21950.078 -32084.9 2455.31 -34540.2 760.67974
6.73 277.7043 688.5852 21846.432 -31995.8 2490.22 -34486.1 757.8937
6.74 264.8713 161.84891 21944.759 -32245.2 2375.14 -34620.4 760.56953
6.75 279.50446 451.32141 21846.05 -31994.4 2506.36 -34500.8 758.8138
6.76 259.36027 -28.04375 21951.569 -32171.6 2325.72 -34497.3 759.3585
6.77 261.55791 -604.59251 22107.175 -32013.4 2345.43 -34358.8 763.52448
6.78 276.64543 -886.64802 22241.945 -32068.7 2480.72 -34549.4 765.93789
6.79 258.07673 -427.98827 22104.856 -32065.5 2314.22 -34379.7 762.07743
6.8 277.56019 -147.16458 22018.12 -32009.5 2488.93 -34498.4 761.44824
6.81 266.27548 388.74652 21891.291 -32041.7 2387.73 -34429.5 757.83195
6.82 263.68213 4.8211164 22017.646 -31989.1 2364.48 -34353.6 761.3009
6.83 270.55592 250.72295 21942.635 -32067.4 2426.12 -34493.5 759.89924
6.84 281.73038 455.70669 21858.38 -31908.6 2526.32 -34434.9 758.22403
6.85 268.9063 321.75086 21921.199 -32083.8 2411.33 -34495.2 758.3671
6.86 266.96264 87.829422 21984.366 -31921.4 2393.9 -34315.3 759.51174
6.87 259.02936 -468.42825 22080.024 -32079.7 2322.76 -34402.5 761.84024
6.88 267.02669 -272.67045 22058.136 -32120.3 2394.47 -34514.7 761.9115
6.89 273.92685 -244.20636 22085.166 -32016.1 2456.35 -34472.5 762.89124
6.9 264.65464 -141.33908 21993.662 -32163.3 2373.2 -34536.5 760.8274
6.91 277.81964 566.61114 21861.528 -31945.5 2491.25 -34436.8 757.78885
6.92 259.61693 415.45533 21871.596 -32139.6 2328.03 -34467.6 758.5489
6.93 269.63659 28.975892 21972.132 -32036.3 2417.87 -34454.2 760.45639
6.94 253.31873 -384.24242 22092.516 -32267.7 2271.55 -34539.2 763.2616
6.95 271.177 -729.95196 22207.801 -31965.9 2431.69 -34397.6 765.44325
6.96 274.01492 -477.91892 22120.916 -32025.3 2457.14 -34482.4 763.86114
6.97 281.43993 -352.38007 22086.771 -31841.8 2523.72 -34365.5 761.45816
6.98 267.92063 -546.77765 22134.866 -32130.8 2402.49 -34533.2 762.68844
6.99 286.85618 -161.03944 22088.807 -32021 2572.28 -34593.3 762.74718
7 273.65605 297.99963 21892.052 -31954.2 2453.92 -34408.1 758.26411
7.01 258.15131 95.127816 21963.063 -32151.9 2314.88 -34466.8 759.25265
7.02 266.06182 -169.5292 22031.037 -32024.2 2385.82 -34410 760.87342
7.03 265.42686 -77.425876 22018.026 -32154.8 2380.12 -34534.9 761.73196
7.04 260.00333 -170.6174 22020.741 -32183.6 2331.49 -34515.1 760.69083
7.05 262.80743 -279.99284 22052.92 -32095.9 2356.64 -34452.5 762.4664
7.06 272.02119 54.214299 21988.738 -32147.7 2439.26 -34586.9 761.14832
7.07 277.24589 271.97887 21979.587 -31696.9 2486.11 -34183 760.01879
7.08 271.59854 -99.298972 22026.778 -32096 2435.47 -34531.5 762.28535
7.09 277.37585 -162.90597 22085.901 -31877.4 2487.27 -34364.7 763.0044
7.1 259.02393 -1045.5219 22305.781 -32135.6 2322.71 -34458.4 767.12738
7.11 263.11104 -246.26225 22035.794 -32101.6 2359.36 -34461 762.0009
7.12 289.45957 -21.331099 22039.508 -31845.8 2595.63 -34441.4 761.48702
7.13 265.18474 13.841455 21993.492 -32159.3 2377.95 -34537.3 760.66142
7.14 275.2685 146.23507 21996.012 -31932.7 2468.38 -34401 761.03172
7.15 259.46581 616.51285 21838.478 -32093.6 2326.67 -34420.3 757.22219
7.16 286.92713 122.07957 21988.731 -31911.3 2572.92 -34484.2 760.9575
7.17 275.60854 290.28717 21934.294 -32154.8 2471.43 -34626.2 759.01389
7.18 261.16818 137.09794 21942.377 -32006.4 2341.94 -34348.3 759.11514
7.19 267.7961 553.39021 21843.399 -32265.8 2401.37 -34667.2 757.04531
7.2 276.28825 363.17845 21904.419 -31976.9 2477.52 -34454.4 757.71166
7.21 279.78741 315.22757 21942.06 -31866.3 2508.9 -34375.2 759.7619
7.22 276.2735 40.660432 21978.034 -32108.4 2477.39 -34585.8 760.28856
7.23 285.54781 -151.00647 22059.758 -31737.2 2560.55 -34297.8 764.09832
7.24 273.92869 -368.43924 22085.86 -32022.1 2456.36 -34478.5 763.19221
7.25 270.42665 -244.31859 22109.662 -31875.8 2424.96 -34300.8 764.68822
7.26 268.7281 -685.02357 22174.568 -32186.6 2409.73 -34596.3 765.15519
7.27 270.39125 74.742111 21991.78 -31953 2424.64 -34377.6 760.41292
7.28 263.53596 200.48409 21932.336 -32127.5 2363.17 -34490.7 758.20647
7.29 276.60643 725.84691 21825.15 -32031.9 2480.37 -34512.3 754.82974
7.3 270.70389 -148.47597 22009.694 -32145 2427.44 -34572.4 760.3069
7.31 279.89226 -201.33231 22042.167 -32033.1 2509.84 -34542.9 762.42482
7.32 289.98617 -255.05486 22063.953 -31947.6 2600.35 -34548 764.0179
7.33 248.11605 -458.69564 22084.572 -32334.2 2224.9 -34559.1 764.72084
7.34 274.1236 -537.0364 22157.081 -31923.5 2458.11 -34381.6 766.77487
7.35 256.05817 -258.6642 22063.539 -32107.4 2296.11 -34403.5 762.928
7.36 275.10166 -271.73267 22098.729 -31915.2 2466.88 -34382.1 763.04521
7.37 267.16211 141.72052 21964.577 -32107.3 2395.69 -34503 760.80535
7.38 272.78748 362.47263 21933.603 -31873.7 2446.13 -34319.8 757.9848
7.39 263.553 571.52848 21836.524 -32093 2363.32 -34456.3 756.17631
7.4 280.53806 638.95442 21851.21 -31836 2515.63 -34351.6 756.20621
7.41 262.62031 257.78668 21931.272 -32011 2354.96 -34366 758.93326
7.42 265.82365 120.12972 21931.547 -32090.1 2383.68 -34473.8 759.5335
7.43 263.42764 470.7292 21868.766 -32047 2362.2 -34409.2 758.39363
7.44 267.99269 -191.6878 22049.881 -32076.9 2403.13 -34480 763.70383
7.45 272.41878 -397.58856 22117.648 -31997.3 2442.82 -34440.1 765.33374
7.46 263.3663 -284.16868 22039.184 -32107.3 2361.65 -34468.9 762.22239
7.47 277.98691 -109.87194 22030.599 -31834.8 2492.75 -34327.6 760.89858
7.48 275.57666 687.16278 21830.495 -32098.6 2471.14 -34569.7 756.36958
7.49 273.45184 435.32418 21897.776 -32022.9 2452.09 -34475 756.38021
7.5 250.37079 401.04507 21885.64 -32245 2245.11 -34490.1 757.81392
7.51 288.26185 569.65929 21846.556 -31997.1 2584.89 -34582 755.99073
7.52 261.91212 331.62416 21897.106 -32228.8 2348.61 -34577.4 757.46659
7.53 278.55872 210.97031 21968.388 -32079.7 2497.88 -34577.6 759.35957
7.54 261.46393 86.169212 21960.642 -32106.2 2344.59 -34450.8 760.00262
7.55 282.55697 -200.09157 22039.365 -31787.9 2533.73 -34321.7 762.28561
7.56 263.65138 -864.62669 22240.051 -32069.6 2364.2 -34433.8 767.48537
7.57 281.70007 -67.7565 22071.054 -31796.1 2526.05 -34322.1 764.3198
7.58 263.25318 56.502547 22008.861 -32054.2 2360.63 -34414.8 762.66641
7.59 279.90659 312.5913 21890.886 -31973.5 2509.97 -34483.4 759.3201
7.6 269.3354 920.75438 21700.299 -32128.5 2415.17 -34543.7 753.81128
7.61 270.70704 411.82484 21869.93 -32034.7 2427.47 -34462.2 757.16466
7.62 270.71474 295.52564 21923.666 -31987.6 2427.54 -34415.1 758.02065
7.63 271.0907 -22.672505 21967.893 -32022.7 2430.91 -34453.6 758.99102
7.64 254.24342 -50.284205 22013.792 -32182.1 2279.84 -34462 760.11446
7.65 264.91862 -96.180557 22047.353 -31978.6 2375.57 -34354.2 761.66282
7.66 276.94502 -253.87108 22087.996 -32058.8 2483.41 -34542.2 763.13943
7.67 263.36689 -12.640031 21981.179 -32142.7 2361.65 -34504.4 761.41932
7.68 274.2326 -207.17193 22101.109 -31933.5 2459.09 -34392.6 764.73143
7.69 266.89587 -169.21233 22033.133 -32082.7 2393.3 -34476 762.36161
7.7 277.12052 155.8882 21987.501 -31882.3 2484.98 -34367.3 761.14553
7.71 280.47056 426.21737 21859.005 -32154.5 2515.02 -34669.6 758.15305
7.72 264.25086 253.65361 21928.913 -32042.1 2369.58 -34411.6 759.42889
7.73 271.2112 484.83241 21838.724 -32197.3 2431.99 -34629.3 756.12299
7.74 256.17765 -138.66545 22037.658 -31999.7 2297.19 -34296.9 761.07198
7.75 258.14173 -642.71238 22177.966 -32209.1 2314.8 -34523.9 765.34424
7.76 265.42685 66.614681 21971.04 -32133.4 2380.12 -34513.6 761.60682
7.77 266.03154 390.56036 21888.348 -32053.3 2385.55 -34438.8 758.62054
7.78 279.50276 697.59632 21816.324 -31854.5 2506.35 -34360.9 757.98001
7.79 256.65848 293.37227 21916.247 -32101 2301.5 -34402.5 759.74103
7.8 270.58014 424.52115 21914.272 -31993.9 2426.34 -34420.3 758.35075
7.81 267.89016 -17.178974 21998.595 -32220.7 2402.21 -34622.9 761.60984
7.82 272.11263 -287.57676 22073.129 -32043.5 2440.08 -34483.5 761.96345
7.83 264.17582 -634.46974 22158.427 -32090.2 2368.91 -34459.1 763.96115
7.84 276.58818 -514.81748 22139.744 -32081.5 2480.21 -34561.7 764.07378
7.85 255.21819 -328.13056 22111.292 -32168 2288.58 -34456.5 763.62615
7.86 273.2569 -107.13823 22040.531 -31972.3 2450.34 -34422.7 761.18097
7.87 274.53021 -0.31589542 21993.382 -32094.6 2461.76 -34556.3 760.8687
7.88 276.19944 190.14471 21957.858 -31882.9 2476.72 -34359.6 759.73016
7.89 278.00234 528.32473 21857.652 -32042.2 2492.89 -34535.1 756.65422
7.9 258.93021 295.49269 21909.686 -32104 2321.87 -34425.8 759.50622
7.91 288.11152 3.9145685 22019.035 -31817.4 2583.54 -34401 762.02597
7.92 279.75909 -255.73716 22072.593 -32083.3 2508.64 -34592 763.87135
7.93 272.43748 -45.765688 22017.516 -31918.4 2442.99 -34361.4 761.7276
7.94 264.69019 69.390731 21981.119 -32121.2 2373.52 -34494.7 760.97098
7.95 266.83091 108.97381 21964.581 -32043.1 2392.72 -34435.8 761.3268
7.96 279.42578 529.08054 21800.968 -32122.2 2505.66 -34627.9 755.31185
7.97 264.42295 26.230754 21988.482 -32120.7 2371.12 -34491.8 759.90115
7.98 273.91174 420.18143 21888.953 -31888.7 2456.21 -34344.9 757.85402
7.99 280.98292 348.9397 21925.844 -32082.4 2519.62 -34602 758.90179
8 282.02261 51.386752 21975.214 -31957 2528.94 -34485.9 760.01055
8.01 282.15448 -234.88761 22092.907 -31969.4 2530.12 -34499.5 764.07552
8.02 267.44956 -752.55708 22189.55 -32035.9 2398.26 -34434.1 766.21016
8.03 277.96926 -245.70327 22097.54 -31931.4 2492.59 -34424 763.09204
8.04 269.57737 -252.20401 22059.456 -31991 2417.34 -34408.3 761.05249
8.05 276.95025 -218.12875 22044.562 -31989.8 2483.46 -34473.2 760.97091
8.06 266.94858 -511.23984 22100.624 -31906.9 2393.77 -34300.7 761.62364
8.07 273.46739 -595.27534 22108.265 -31979.1 2452.23 -34431.3 763.3294
8.08 275.77961 -606.1588 22145.533 -32013.4 2472.96 -34486.4 764.73027
8.09 266.25624 -41.122759 22016.339 -32139.3 2387.56 -34526.9 761.6085
8.1 274.41413 277.69526 21981.525 -31975.2 2460.72 -34435.9 760.68918
8.11 277.04084 581.16043 21840.611 -32134.8 2484.27 -34619 757.73408
8.12 262.3523 435.11114 21886.684 -32175.1 2352.55 -34527.6 758.07748
8.13 271.79601 1248.2716 21681.698 -31921.1 2437.24 -34358.3 753.63581
8.14 274.12937 214.64532 21923.519 -32141.8 2458.16 -34599.9 759.08945
8.15 263.30087 -118.68039 22035.108 -31991.7 2361.06 -34352.8 760.64629
8.16 254.0001 -629.37423 22135.596 -32240 2277.66 -34517.6 763.64499
8.17 286.78059 -210.34221 22037.827 -31927 2571.61 -34498.6 760.54488
8.18 261.18697 22.00968 22014.575 -32117 2342.11 -34459.1 760.27267
8.19 281.64973 278.74584 21918.176 -32036.1 2525.6 -34561.7 759.16674
8.2 267.21012 208.36468 21950.781 -32051.8 2396.12 -34447.9 760.68162
8.21 267.06048 -21.533402 21979.859 -32130.2 2394.77 -34525 762.15872
8.22 268.79676 513.8729 21859.145 -32136.2 2410.34 -34546.5 758.86006
8.23 283.25822 147.24217 21967.346 -31853.3 2540.02 -34393.3 760.23824
8.24 274.57885 427.00907 21889.616 -32110.8 2462.19 -34573 757.82451
8.25 282.81121 227.36805 21961.891 -31934.2 2536.01 -34470.2 758.97123
8.26 260.04415 439.7508 21870.134 -32201.6 2331.86 -34533.4 757.22934
8.27 265.9167 -292.59023 22103.275 -32003.4 2384.52 -34387.9 762.93607
8.28 276.15129 -453.56313 22146.874 -32028.6 2476.29 -34504.8 764.24326
8.29 270.27144 -898.3853 22268.992 -32047.2 2423.57 -34470.8 767.33788
8.3 271.02016 -269.96516 22091.657 -32128 2430.28 -34558.3 763.15835
8.31 286.1885 -96.516524 22011.514 -31965.3 2566.3 -34531.6 761.11462
8.32 267.7953 413.04151 21854.153 -32263.8 2401.36 -34665.2 758.02199
8.33 273.98202 380.62136 21898.082 -32053.9 2456.84 -34510.8 759.75194
8.34 257.34267 348.80432 21888.579 -32126.1 2307.63 -34433.7 758.06992
8.35 284.32128 548.72924 21839.275 -32034.3 2549.55 -34583.9 757.78928
8.36 262.81888 200.39689 21921.363 -32225 2356.74 -34581.7 759.78196
8.37 276.58895 -103.61943 21979.893 -32065.4 2480.22 -34545.6 760.89961
8.38 260.46792 -248.60406 22016.659 -32100.2 2335.66 -34435.8 761.77673
8.39 273.14955 -212.02237 22061.773 -32018.7 2449.38 -34468 763.19738
8.4 256.13983 -177.79784 22039.855 -32238.9 2296.85 -34535.8 761.51119
8.41 273.6537 59.267866 22006.317 -32022 2453.9 -34475.9 759.84679
8.42 276.77603 347.42142 21931.967 -31972.4 2481.89 -34454.3 758.48962
8.43 266.62459 254.85249 21920.826 -32290.1 2390.87 -34680.9 758.92718
8.44 280.19425 792.32096 21793.242 -32013.2 2512.55 -34525.7 756.91116
8.45 267.8773 195.71628 21942.168 -32123.3 2402.1 -34525.4 759.38837
8.46 293.70153 29.344608 22026.981 -31824.3 2633.67 -34457.9 762.52268
8.47 258.13981 -59.939301 22023.485 -32129.9 2314.78 -34444.6 762.34928
8.48 277.02358 -694.59817 22183.564 -32004 2484.11 -34488.1 766.041
8.49 269.69496 -624.05431 22148.107 -32183.4 2418.4 -34601.8 764.93077
8.5 264.91368 -224.16691 22082.773 -31978 2375.52 -34353.6 762.74057
8.51 257.47617 -167.38449 22071.289 -32273 2308.83 -34581.8 762.16424
8.52 269.19708 66.337609 22012.342 -32084.4 2413.93 -34498.4 760.72386
8.53 282.66542 536.6233 21911.671 -31897.2 2534.71 -34431.9 758.17488
8.54 270.02581 251.94652 21942.948 -32122.3 2421.36 -34543.7 759.42739
8.55 276.45853 320.79656 21935.201 -31906 2479.05 -34385.1 759.09563
8.56 282.32044 -78.246566 22035.254 -31984.9 2531.61 -34516.6 760.28753
8.57 271.76225 -185.23833 22065.314 -31932.7 2436.94 -34369.7 761.60052
8.58 248.58249 -643.22268 22155.514 -32175.7 2229.08 -34404.8 764.48746
8.59 263.09845 -103.37811 22028.384 -32006.8 2359.25 -34366 762.19039
8.6 274.19357 -549.09327 22167.934 -31920.4 2458.74 -34379.1 765.44493
8.61 270.78188 -208.45628 22041.356 -32069.3 2428.14 -34497.4 763.30464
8.62 265.87007 -386.76828 22088.438 -32060.3 2384.1 -34444.4 763.31425
8.63 286.39679 -80.382826 22063.975 -31915.5 2568.17 -34483.7 763.46329
8.64 264.64291 5.1061343 21976.799 -32157.1 2373.1 -34530.2 760.26618
8.65 262.34504 467.73839 21863.081 -32034 2352.49 -34386.5 756.67113
8.66 265.26405 241.14418 21906.146 -32170 2378.66 -34548.6 757.8114
8.67 277.19446 379.3975 21891.955 -32023.8 2485.65 -34509.5 757.15697
8.68 271.41003 113.02704 21995.923 -32083.3 2433.78 -34517.1 760.50503
8.69 277.2924 -6.7963763 22016.871 -31869.1 2486.53 -34355.6 761.87312
8.7 262.05264 -348.72176 22071.433 -32080.8 2349.87 -34430.7 763.44286
8.71 281.68314 -416.61279 22139.733 -31813.8 2525.9 -34339.7 764.97355
8.72 263.85077 -259.65956 22039.643 -32104.7 2365.99 -34470.7 762.72458
8.73 264.9015 513.33863 21844.761 -32147.1 2375.41 -34522.5 758.02174
8.74 268.82837 21.457306 21989.025 -32074 2410.63 -34484.6 760.05209
8.75 273.45834 759.99127 21769.436 -32051 2452.14 -34503.2 754.78646
8.76 263.27201 443.97471 21839.494 -32150.1 2360.8 -34510.9 755.8875
8.77 284.41234 397.65622 21896.035 -31800.6 2550.37 -34351 757.87942
8.78 259.64499 132.9865 21956.426 -32162.7 2328.28 -34491 760.23185
8.79 280.40798 342.09132 21895.066 -32056.8 2514.46 -34571.2 758.9268
8.8 267.92594 10.486793 21988.381 -32007.2 2402.53 -34409.8 761.78308
8.81 271.77769 209.00503 21881.96 -31991.8 2437.07 -34428.9 758.85231
8.82 267.90126 145.1099 21940.231 -32155.8 2402.31 -34558.1 759.43022
8.83 277.19948 592.02569 21852.664 -32160.9 2485.69 -34646.6 756.84811
8.84 274.52949 732.36887 21800.278 -31955.7 2461.75 -34417.5 756.74753
8.85 259.17912 120.05729 21945.617 -32211.2 2324.1 -34535.3 760.03266
8.86 274.50117 -131.9237 22044.467 -32026.5 2461.5 -34488 762.58601
8.87 272.39118 -643.29442 22149.126 -32157 2442.57 -34599.6 764.78037
8.88 271.30971 -432.80727 22115.227 -31988.6 2432.88 -34421.5 763.57158
8.89 261.257 -63.237974 22027.457 -32138.5 2342.73 -34481.3 761.6436
8.9 258.77268 82.337462 21969.351 -32256.7 2320.46 -34577.2 759.21199
8.91 282.22727 466.2654 21876.217 -31998.6 2530.78 -34529.3 758.44847
8.92 266.80198 326.5128 21920.138 -32102 2392.46 -34494.4 760.58591
8.93 276.37815 204.12954 21936.695 -31913.5 2478.33 -34391.8 760.18267
8.94 264.97947 144.81772 21970.545 -32176 2376.11 -34552.2 760.48179
8.95 282.18122 -381.79713 22125.039 -31946.8 2530.36 -34477.2 764.06607
8.96 256.74279 -275.68941 22074.175 -32289.1 2302.25 -34591.4 762.47231
8.97 260.89051 58.027843 21960.954 -32085.5 2339.45 -34425 760.13241
8.98 260.33224 339.10252 21902.799 -32060.8 2334.44 -34395.2 758.99342
8.99 274.14939 11.056276 22007.36 -31884.3 2458.34 -34342.7 760.15488
9 261.34849 -416.67935 22091.997 -32142.1 2343.55 -34485.7 762.35241
9.01 273.65897 -96.954983 22032.365 -31926 2453.94 -34380 761.32669
9.02 262.53893 92.424118 21971.154 -32143.5 2354.23 -34497.7 760.61016
9.03 292.66888 261.25081 21969.895 -31783.6 2624.41 -34408 760.10018
9.04 259.63943 510.96872 21843.086 -32152.7 2328.23 -34481 757.18983
9.05 270.20014 344.59471 21907.902 -32128.8 2422.93 -34551.7 758.86319
9.06 275.29777 360.36297 21891.564 -32059.1 2468.64 -34527.8 758.99713
9.07 253.46202 -0.39016484 21983.747 -32204.7 2272.83 -34477.5 760.56009
9.08 268.48112 -397.6449 22131.443 -32084.3 2407.51 -34491.8 765.16049
9.09 273.25059 -447.23571 22124.65 -32157.7 2450.28 -34608 763.91667
9.1 276.26267 -438.76831 22110.433 -31939.2 2477.29 -34416.5 763.62309
9.11 260.33986 35.632531 22002.647 -32070.3 2334.51 -34404.8 760.83362
9.12 280.83389 231.03752 21974.358 -31877.1 2518.28 -34395.4 759.39028
9.13 263.18068 741.0189 21827.738 -32073.4 2359.98 -34433.4 757.25964
9.14 268.89362 -42.298846 22011.427 -31924 2411.21 -34335.2 760.69582
9.15 265.57774 107.07226 21992.455 -32029.1 2381.48 -34410.5 761.01982
9.16 263.10474 -119.50193 21998.098 -32090 2359.3 -34449.3 762.3019
9.17 275.21899 -546.25094 22175.637 -32011.3 2467.93 -34479.2 765.27453
9.18 264.22873 -285.80485 22067.794 -32019.8 2369.38 -34389.2 762.4616
9.19 276.54464 -25.660853 22040.643 -31820.9 2479.82 -34300.8 761.31267
9.2 263.01884 296.99993 21920.382 -32110.8 2358.53 -34469.3 758.32818
9.21 275.11873 189.22914 21935.99 -31946.1 2467.03 -34413.1 758.68749
9.22 280.57146 458.43006 21874.332 -31978.1 2515.93 -34494 757.07215
9.23 277.72718 191.71917 21984.13 -31943.7 2490.42 -34434.1 759.74615
9.24 268.63106 124.5823 21962.993 -32187.2 2408.86 -34596.1 759.71353
9.25 286.37012 -117.58997 22040.144 -32030.7 2567.93 -34598.7 762.66355
9.26 275.23806 -662.29289 22193.915 -32072.7 2468.1 -34540.8 766.0702
9.27 279.95758 -188.49444 22055.186 -31857 2510.42 -34367.5 763.38575
9.28 273.13332 128.44612 21992.759 -31976.8 2449.23 -34426 761.31239
9.29 283.23853 508.23479 21881.388 -32014.1 2539.84 -34553.9 759.23141
9.3 269.19079 302.39724 21923.284 -32133.6 2413.88 -34547.5 759.00529
9.31 276.76322 453.09833 21879.01 -32053.3 2481.78 -34535.1 758.08923
9.32 278.49998 483.73873 21886.2 -31915 2497.35 -34412.3 756.96247
9.33 269.06141 -71.22596 22008.545 -32115.5 2412.72 -34528.2 760.18987
9.34 273.76295 -348.32071 22111.176 -31865.2 2454.88 -34320.1 762.76588
9.35 274.8847 -695.92144 22174.358 -32145.5 2464.93 -34610.5 765.15324
9.36 265.50802 -181.17953 22041.209 -31945.9 2380.85 -34326.7 762.99555
9.37 266.27266 -659.65925 22180.86 -32264.6 2387.71 -34652.3 765.91677
9.38 269.37043 -265.84344 22071.439 -32046.4 2415.49 -34461.9 762.87978
9.39 270.24527 -386.34301 22066.019 -32427.4 2423.33 -34850.7 762.57553
9.4 262.03839 -302.07717 22042.977 -32036.7 2349.74 -34386.5 761.55231
9.41 259.32531 385.25024 21881.671 -32268.8 2325.41 -34594.2 757.18342
9.42 270.70586 285.11843 21876.807 -32131.4 2427.46 -34558.8 758.37995
9.43 268.13015 582.21412 21856.895 -32050.2 2404.37 -34454.6 757.30657
9.44 272.54894 84.203391 21986.478 -31974.9 2443.99 -34418.9 759.84724
9.45 267.61921 24.133155 22019.311 -32118.1 2399.78 -34517.9 761.11111
9.46 274.35752 -222.92817 22059.36 -32126.8 2460.21 -34587 761.82079
9.47 268.72982 -479.44575 22159.34 -31979.6 2409.74 -34389.3 764.79037
9.48 254.98947 -760.92272 22183.938 -32332.7 2286.53 -34619.2 765.87949
9.49 284.08923 -334.19577 22146.08 -32028.8 2547.47 -34576.3 764.16543
9.5 265.68251 -455.76975 22102.251 -32282.1 2382.42 -34664.5 763.54013
9.51 274.44631 38.934107 22005.284 -31968 2461 -34429 760.10948
9.52 270.09443 384.97476 21880.16 -32062 2421.98 -34484 757.29268
9.53 275.68515 1135.4946 21721.36 -31906.8 2472.11 -34378.9 753.34638
9.54 270.68403 246.82268 21909.204 -31992.6 2427.27 -34419.9 758.92829
9.55 261.93682 179.66756 21950.162 -32051.1 2348.83 -34399.9 760.76727
9.56 276.25059 122.21667 21987.483 -31896.3 2477.18 -34373.4 762.26492
9.57 275.45904 -53.626233 21996.036 -32065.3 2470.08 -34535.4 762.2336
9.58 256.28077 -154.13456 22006.033 -32266.4 2298.11 -34564.5 761.39376
9.59 268.30793 -776.41856 22230.277 -32019.3 2405.96 -34425.2 766.49663
9.6 249.21147 -618.96598 22169.711 -32296.9 2234.72 -34531.6 765.62337
9.61 272.31185 -334.8166 22121.173 -32057.9 2441.86 -34499.8 763.8918
9.62 293.73418 37.715117 22025.963 -31861.8 2633.96 -34495.7 761.92826
9.63 273.71025 -452.23763 22117.746 -32059.9 2454.4 -34514.3 763.25373
9.64 277.99512 6.8136791 21987.87 -32074.9 2492.83 -34567.7 759.81179
9.65 277.09224 118.18391 21961.009 -32037.5 2484.73 -34522.2 758.30822
9.66 268.67577 -236.60785 22045.593 -32119.5 2409.26 -34528.8 761.42205
9.67 275.56048 -509.54863 22175.884 -31994.4 2470.99 -34465.4 764.17613
9.68 252.72457 -51.995463 22005.156 -32111.6 2266.22 -34377.8 760.45019
9.69 276.74055 59.577973 22039.606 -31817.6 2481.58 -34299.1 763.10515
9.7 282.12599 113.68071 21998.317 -32104.6 2529.87 -34634.5 761.72978
9.71 276.0404 33.901952 22007.803 -31856.9 2475.3 -34332.2 761.06965
9.72 266.49256 357.67662 21899.222 -32181.4 2389.68 -34571.1 758.13557
9.73 261.71833 813.48389 21755.32 -32273.5 2346.87 -34620.3 755.13824
9.74 280.95875 293.25082 21918.612 -32065.8 2519.4 -34585.2 758.50508
9.75 266.47922 8.8538545 22008.282 -32070.2 2389.56 -34459.8 761.71488
9.76 283.02523 -437.80351 22120.443 -31864.1 2537.93 -34402 764.81764
9.77 267.72515 -1125.7409 22317.774 -32141 2400.73 -34541.7 768.75641
9.78 275.43028 -495.9787 22136.263 -31981.9 2469.83 -34451.7 766.91357
9.79 275.43278 -207.73552 22071.976 -32108.8 2469.85 -34578.6 763.29862
9.8 275.44118 -208.42846 22103.485 -31873.5 2469.92 -34343.4 763.96824
9.81 262.83287 -65.312105 21994.209 -32099.2 2356.86 -34456.1 760.47677
9.82 281.74873 466.90249 21869.147 -31851.2 2526.49 -34377.7 757.35759
9.83 270.92947 43.084435 21998.473 -32013.9 2429.47 -34443.4 759.86383
9.84 269.61901 314.83847 21902.961 -32079 2417.72 -34496.8 757.61298
9.85 257.25759 42.955002 21972.218 -32069.4 2306.87 -34376.3 759.3475
9.86 260.0479 -179.14414 22020.203 -32241.9 2331.89 -34573.8 761.71977
9.87 268.49637 -488.98596 22132.492 -32047.1 2407.65 -34454.8 763.89034
9.88 267.19246 -877.4861 22220.947 -32126.7 2395.96 -34522.6 767.54217
9.89 257.52502 -292.37453 22059.224 -32140.8 2309.27 -34450.1 763.20493
9.9 273.07834 153.12535 21966.385 -32018.3 2448.74 -34467 760.96507
9.91 292.02159 321.29261 21920.807 -31829.9 2618.6 -34448.5 758.95591
9.92 266.96462 315.11563 21900.416 -32090.1 2393.91 -34484 758.52368
9.93 269.39935 486.88105 21897.173 -31985.6 2415.75 -34401.4 758.16692
9.94 278.10547 219.34219 21974.322 -32136.1 2493.82 -34629.9 759.63872
9.95 265.27774 -137.94536 22017.176 -32004.1 2378.79 -34382.9 760.35889
9.96 260.97794 -233.50266 22065.314 -32152.7 2340.23 -34492.9 762.86848
9.97 280.96325 -381.65051 22100.433 -32135.7 2519.44 -34655.2 762.61
9.98 267.59738 -205.52231 22066.304 -32152.3 2399.59 -34551.9 762.0434
