0 270.43787 -170.97124 46433.264 -63712.4 5160.42 -68872.9 11.436527
0.01 278.83052 126.13575 46570.334 -63495.6 5320.56 -68816.2 23.955344
0.02 267.00963 -106.97609 46218.221 -63702.9 5095 -68797.9 36.067117
0.03 270.00189 471.98351 46097.604 -63405.3 5152.1 -68557.4 45.799059
0.04 269.40155 -168.64771 46633.859 -63852 5140.64 -68992.6 55.143743
0.05 273.84128 222.05831 46521.119 -63475.8 5225.36 -68701.2 63.463363
0.06 273.68887 -449.93195 47038.639 -63815.5 5222.45 -69038 72.114619
0.07 270.08669 127.4149 46244.39 -64058 5153.72 -69211.8 82.622993
0.08 267.78352 -811.35833 46900.359 -64447.5 5109.77 -69557.3 92.361158
0.09 271.64156 -14.998541 46613.936 -64075.7 5183.39 -69259.1 101.34975
0.1 275.7341 75.904739 46432.752 -64253.1 5261.48 -69514.6 112.16693
0.11 265.89777 613.53663 46475.166 -64801 5073.79 -69874.8 113.76954
0.12 278.80625 760.53808 46352.952 -64417.4 5320.1 -69737.5 118.31064
0.13 276.91161 540.40231 46350.269 -64374.9 5283.95 -69658.9 122.28801
0.14 275.87812 76.496713 46712.342 -64700.8 5264.23 -69965 126.52124
0.15 269.9621 56.454921 46702.15 -64681.3 5151.34 -69832.7 130.85609
0.16 260.69075 -236.80766 46785.231 -64827.7 4974.43 -69802.2 135.96371
0.17 258.49904 166.62817 46572.787 -64839.7 4932.61 -69772.3 141.00045
0.18 274.91506 -0.2046665 46830.158 -64819.4 5245.85 -70065.2 144.16807
0.19 272.00896 -175.58634 46747.592 -65256.7 5190.4 -70447.1 147.39467
0.2 272.71792 831.57622 46431.844 -64809.2 5203.93 -70013.2 150.72497
0.21 265.87492 310.04522 46525.478 -65236.3 5073.35 -70309.6 157.90688
0.22 264.25429 150.3359 46489.471 -64909.3 5042.43 -69951.7 162.7451
0.23 266.26203 458.24188 46490.169 -65301 5080.74 -70381.7 166.37566
0.24 272.77206 -476.85511 46807.458 -64880.1 5204.96 -70085 172.4501
0.25 275.91428 -183.41822 46704.647 -64878.5 5264.92 -70143.4 176.81605
0.26 279.73751 665.20412 46230.087 -64399.6 5337.87 -69737.5 178.37733
0.27 272.75478 -316.42508 46756.378 -64742.7 5204.63 -69947.4 186.09226
0.28 273.25918 68.12737 46522.577 -64400.4 5214.25 -69614.7 195.73009
0.29 270.16266 24.865465 46573.961 -64386.7 5155.17 -69541.9 203.9701
0.3 265.90604 -82.847458 46533.282 -64085.9 5073.94 -69159.9 210.25095
0.31 267.19275 171.60029 46354.591 -63862.5 5098.5 -68961 217.5194
0.32 264.57444 170.23379 46280.793 -64106.7 5048.53 -69155.2 226.50512
0.33 271.32924 618.00848 46173.608 -64347.6 5177.43 -69525 234.68064
0.34 270.83581 344.31182 46464.956 -64045.5 5168.01 -69213.6 241.90063
0.35 271.44507 402.80136 46459.215 -64142.6 5179.64 -69322.2 250.27316
0.36 272.22879 263.47641 46256.311 -64161.6 5194.59 -69356.2 255.73949
0.37 267.41083 355.01817 46402.091 -64316.4 5102.66 -69419.1 257.28474
0.38 263.26554 110.27434 46518.033 -64214.2 5023.56 -69237.7 265.79583
0.39 265.88337 -382.51949 46609.04 -64494.7 5073.51 -69568.2 270.57001
0.4 265.0945 263.02348 46546.114 -65071.5 5058.46 -70130 276.7729
0.41 267.18717 -547.71021 46916.566 -64654.9 5098.39 -69753.2 282.99366
0.42 267.43887 -283.1396 46693.223 -64919.8 5103.19 -70023 291.99037
0.43 274.46709 -463.6829 46990.076 -64528.2 5237.3 -69765.5 298.33079
0.44 273.12294 -599.70694 46808.518 -64663.5 5211.65 -69875.2 305.04571
0.45 270.30226 -67.057129 46357.939 -64562.4 5157.83 -69720.3 309.95793
0.46 277.23131 58.852507 46512.34 -64340.8 5290.05 -69630.9 315.58554
0.47 267.03808 -493.30975 46695.601 -64586.5 5095.54 -69682 322.81631
0.48 261.93249 -675.14341 46776.927 -64043.6 4998.12 -69041.8 329.5304
0.49 267.59641 -226.97673 46662.718 -64027.3 5106.2 -69133.5 336.15203
0.5 279.31866 -83.235217 46832.117 -64022.4 5329.88 -69352.3 339.5979
0.51 272.09927 700.43963 46201.292 -63746.5 5192.12 -68938.6 349.19221
0.52 269.07084 -84.141406 46437.259 -64288.5 5134.33 -69422.9 354.78652
0.53 275.56756 372.86971 46571.177 -64360.4 5258.3 -69618.7 357.68762
0.54 270.15383 69.999532 46652.288 -63902.5 5155 -69057.5 367.15707
0.55 254.81316 -478.93466 46805.018 -64609 4862.27 -69471.3 378.73558
0.56 278.46043 661.67756 46290.214 -64173.9 5313.5 -69487.4 382.61667
0.57 272.88492 114.72046 46314.079 -63758.4 5207.11 -68965.5 391.17012
0.58 274.09368 -2.6836289 46526.973 -64164.4 5230.18 -69394.6 402.03293
0.59 262.35748 -590.81543 46680.856 -64428.8 5006.23 -69435.1 409.35723
0.6 274.71066 497.32148 46260.241 -64196.3 5241.95 -69438.2 411.80532
0.61 269.82626 -249.15119 46726.073 -64408 5148.75 -69556.7 419.3622
0.62 277.88108 -742.64504 46980.088 -64124.5 5302.45 -69426.9 429.6756
0.63 265.76362 211.5575 46478.019 -64168.1 5071.23 -69239.4 436.81732
0.64 268.40064 304.32881 46289.787 -64573 5121.54 -69694.6 438.5691
0.65 274.36901 433.53629 46369.84 -64633 5235.43 -69868.5 443.21308
0.66 269.0857 632.31339 46131.24 -64973.8 5134.62 -70108.4 443.14375
0.67 268.48131 -72.776945 46515.37 -65000.9 5123.08 -70124 447.89436
0.68 273.62017 699.39137 46290.478 -64775.7 5221.14 -69996.8 450.04703
0.69 256.21259 404.10562 46528.533 -65165.7 4888.98 -70054.6 452.72779
0.7 274.7765 -902.27653 47008.312 -65014.8 5243.21 -70258 457.16746
0.71 264.53511 515.53391 46264.508 -65226.5 5047.78 -70274.3 457.66984
0.72 271.72157 -220.28742 46844.04 -64912.2 5184.91 -70097.1 465.54625
0.73 283.80296 311.65433 46525.71 -64509 5415.45 -69924.5 468.97146
0.74 275.34802 -421.80407 46810.993 -65012.3 5254.11 -70266.4 472.08049
0.75 274.79434 -215.54493 46760.187 -64739.1 5243.55 -69982.7 476.40786
0.76 274.94598 416.36838 46604.093 -65275 5246.44 -70521.4 480.44176
0.77 261.33749 55.305521 46639.331 -65849.5 4986.77 -70836.2 484.94052
0.78 271.11519 -635.82766 47084.023 -65308.3 5173.34 -70481.6 491.75021
0.79 272.36221 124.17241 46519.013 -65552.4 5197.14 -70749.5 489.22331
0.8 265.0138 606.73979 46520.276 -65836.8 5056.92 -70893.7 491.90075
0.81 257.76719 -717.85943 47069.306 -65824.5 4918.64 -70743.1 497.09126
0.82 270.51832 -294.53167 46923.115 -65481.4 5161.95 -70643.3 501.16691
0.83 266.60786 441.1563 46567.998 -65770.8 5087.34 -70858.2 502.36378
0.84 269.30551 335.0414 46643.738 -65621 5138.81 -70759.8 507.93387
0.85 267.82941 483.09886 46567.306 -65878.4 5110.64 -70989 509.07739
0.86 271.9962 -462.77175 46887.577 -65681.5 5190.15 -70871.6 513.33339
0.87 273.9007 428.72998 46483.443 -65280.6 5226.5 -70507.1 514.29976
0.88 263.40253 457.35648 46569.858 -65858.7 5026.17 -70884.9 516.40662
0.89 267.56806 612.06367 46694.733 -65332.7 5105.66 -70438.3 517.31457
0.9 264.97803 -343.88758 46801.584 -65414.6 5056.24 -70470.8 515.55817
0.91 275.24645 -226.70929 46918.033 -65315.8 5252.17 -70568 522.65818
0.92 270.08928 -109.42179 46711.795 -65315.7 5153.77 -70469.5 526.72304
0.93 268.33478 -515.59093 46789.899 -65745.4 5120.29 -70865.6 533.64764
0.94 272.20917 331.64079 46463.325 -65480.1 5194.22 -70674.3 533.2853
0.95 266.07274 -646.37965 47009.579 -65433.3 5077.12 -70510.4 539.6547
0.96 269.78378 -366.21153 46834.89 -65272.4 5147.94 -70420.3 538.07617
0.97 266.31052 -278.87641 46767.456 -65389.7 5081.66 -70471.4 538.5302
0.98 260.85938 -50.55496 46712.148 -65577.1 4977.64 -70554.7 540.20401
0.99 271.37569 830.25606 46178.389 -65612.3 5178.31 -70790.6 541.16109
1 267.71554 -506.13367 46918.72 -65777.7 5108.47 -70886.2 546.27402
1.01 273.78984 -290.42171 46910.895 -65564.5 5224.38 -70788.9 550.5339
1.02 270.23728 -122.09496 46699.539 -65553.2 5156.59 -70709.8 550.90394
1.03 274.65739 439.65738 46453.476 -65265.7 5240.93 -70506.7 549.46173
1.04 265.84755 358.05948 46404.703 -65697 5072.83 -70769.9 549.11918
1.05 270.67039 526.86413 46468.998 -65663.4 5164.86 -70828.2 556.01275
1.06 281.81559 453.68742 46504.94 -65990 5377.52 -71367.5 559.49977
1.07 266.28111 630.00984 46238.123 -66287.1 5081.1 -71368.2 560.50315
1.08 267.69196 176.60076 46776.075 -66285.4 5108.02 -71393.4 564.4238
1.09 265.95954 122.00868 46843.921 -66269 5074.96 -71344 566.33715
1.1 263.02558 34.544515 46818.478 -66361.2 5018.98 -71380.2 566.76822
1.11 271.22623 244.69874 46460.925 -66089 5175.46 -71264.5 565.56023
1.12 255.58561 520.59981 46417.805 -66398.4 4877.01 -71275.4 565.24112
1.13 267.16838 547.80966 46530.126 -66255.7 5098.03 -71353.8 567.70786
1.14 275.77008 112.15909 46798.186 -66070 5262.17 -71332.1 569.71074
1.15 276.78332 -654.11544 47355.222 -66280.8 5281.5 -71562.3 575.43342
1.16 270.44519 70.023999 46813.769 -66545.9 5160.56 -71706.4 573.47778
1.17 266.16968 -61.650907 46669.273 -66264.6 5078.97 -71343.5 574.7393
1.18 274.67687 272.34597 46553.914 -66031.3 5241.31 -71272.6 573.84162
1.19 268.71584 -457.49622 46845.358 -66184.1 5127.56 -71311.7 577.90024
1.2 263.97691 -438.78834 46963.162 -66581.1 5037.13 -71618.2 578.58942
1.21 277.18929 -237.57483 46953.403 -66038.4 5289.25 -71327.6 578.36373
1.22 277.60756 220.32504 46803.23 -66333.2 5297.23 -71630.5 578.69422
1.23 267.49244 295.87396 46497.881 -66607.4 5104.21 -71711.6 575.46078
1.24 274.39942 763.28889 46190.821 -66247.2 5236.01 -71483.2 572.80049
1.25 261.79338 349.98753 46462.165 -66459.2 4995.47 -71454.7 574.38621
1.26 276.42498 -449.99832 46976.628 -66179.3 5274.66 -71453.9 578.42665
1.27 268.61087 -20.359431 46777.101 -66282.2 5125.56 -71407.7 578.57151
1.28 265.00956 -419.67918 47159.814 -66195.3 5056.84 -71252.2 582.59074
1.29 271.08383 -600.58088 47084.755 -65661.5 5172.74 -70834.3 581.23462
1.3 268.53088 153.87799 46652.318 -66153.5 5124.03 -71277.6 580.38477
1.31 264.99495 -53.670401 46843.985 -66586.2 5056.56 -71642.8 585.14613
1.32 272.85035 -110.03218 46784.923 -66369.6 5206.45 -71576 587.98398
1.33 268.95851 -326.49946 46957.895 -66605.4 5132.19 -71737.5 591.46704
1.34 253.28914 -34.428298 46635.291 -66646.7 4833.19 -71479.9 590.87717
1.35 262.06254 19.425279 46582.06 -66539 5000.6 -71539.6 591.4806
1.36 263.11396 -389.24271 47006.181 -66329.5 5020.67 -71350.1 594.00262
1.37 264.27958 -871.05143 47141.965 -66430.9 5042.91 -71473.8 597.58712
1.38 266.19303 -450.15977 47000.543 -66072.8 5079.42 -71152.2 599.41868
1.39 273.23049 -65.604212 46714.886 -65827.2 5213.71 -71040.9 600.02617
1.4 274.26676 -222.9526 46826.197 -65739.2 5233.48 -70972.7 602.89868
1.41 266.47131 108.21952 46453.487 -65578.2 5084.73 -70662.9 602.0327
1.42 268.19413 -579.92325 47065.099 -65827.3 5117.6 -70944.9 611.10148
1.43 259.91464 -544.19971 47034.956 -65678.1 4959.62 -70637.7 613.69968
1.44 269.95981 -360.1347 46863.476 -65571.4 5151.3 -70722.7 620.67078
1.45 269.50325 446.12518 46327.869 -65615.1 5142.58 -70757.7 620.23785
1.46 276.47971 -307.18674 47091.841 -65741.8 5275.71 -71017.5 632.49492
1.47 270.41083 74.246835 46758.135 -66037.3 5159.9 -71197.2 626.83052
1.48 282.67777 -101.39056 47006.328 -65909 5393.98 -71303 631.7295
1.49 253.22218 -759.28692 47116.399 -66424.3 4831.91 -71256.2 637.07707
1.5 269.47893 -460.78471 46818.566 -66163.1 5142.12 -71305.2 632.9334
1.51 283.4877 787.80454 46221.98 -65891.2 5409.43 -71300.6 629.29144
1.52 267.83021 -156.47692 46825.165 -66255.6 5110.66 -71366.2 635.05129
1.53 280.79507 457.51052 46433.443 -66002 5358.05 -71360.1 635.3053
1.54 269.73722 411.40494 46614.075 -66207.7 5147.05 -71354.7 637.47711
1.55 270.72089 246.24736 46675.304 -65994 5165.82 -71159.8 641.42867
1.56 273.20418 302.36694 46389.793 -65825.6 5213.2 -71038.8 640.4787
1.57 270.54208 -224.51238 46874.8 -66421.3 5162.41 -71583.7 646.92072
1.58 281.73899 -476.57992 46912.027 -66037.1 5376.06 -71413.2 646.61154
1.59 270.66691 -290.35217 47091.923 -66620.2 5164.79 -71785 649.94674
1.6 278.71621 -458.35388 47130.777 -66259.6 5318.38 -71578 648.77353
1.61 269.09295 -396.28006 47017.887 -66565.3 5134.76 -71700.1 649.72213
1.62 268.42606 -515.00082 47081.574 -66542.1 5122.03 -71664.1 653.14232
1.63 266.45202 -193.81356 46844.014 -66412.2 5084.36 -71496.5 650.7932
1.64 266.38034 -380.06012 47008.542 -66621.4 5082.99 -71704.4 652.73473
1.65 282.45921 789.21309 46458.816 -66389.6 5389.81 -71779.4 648.62107
1.66 261.90525 214.65988 46712.82 -66684 4997.6 -71681.6 651.57605
1.67 273.96165 -297.45781 47023.369 -66518.5 5227.66 -71746.2 655.01484
1.68 268.40097 214.12542 46562.683 -66625.2 5121.55 -71746.8 651.64134
1.69 270.55733 -166.40436 46880.64 -66608 5162.7 -71770.7 655.11515
1.7 271.64286 -239.08483 46961.865 -66222.2 5183.41 -71405.6 657.75235
1.71 271.65943 623.38591 46566.605 -66685.5 5183.73 -71869.3 658.04387
1.72 270.95954 -293.23618 47115.515 -66432 5170.37 -71602.4 662.93715
1.73 271.33527 -114.78894 46865.934 -66463.3 5177.54 -71640.9 663.06705
1.74 259.17954 -45.439677 46752.139 -66811.8 4945.59 -71757.4 661.77491
1.75 278.15183 -177.92823 46945.264 -66361.2 5307.61 -71668.8 662.80091
1.76 268.86197 -719.42863 47058.201 -66392.3 5130.35 -71522.6 663.89658
1.77 274.25881 -152.80554 46901.092 -66119.3 5233.33 -71352.6 665.56063
1.78 265.15387 260.71021 46607.42 -66304 5059.59 -71363.6 665.39667
1.79 280.3733 480.59695 46566.776 -65780 5350 -71130 665.57207
1.8 270.01884 237.80308 46634.792 -66123 5152.42 -71275.4 668.67692
1.81 273.20815 94.701674 46811.343 -65679.4 5213.28 -70892.6 667.98944
1.82 282.96261 68.988106 46752.408 -65681.1 5399.41 -71080.5 669.73557
1.83 265.87432 -54.047519 46772.9 -65979.3 5073.34 -71052.7 672.01037
1.84 264.59585 -139.00363 46879.38 -66142.9 5048.94 -71191.8 680.27834
1.85 272.5174 -198.74832 46838.704 -65617.4 5200.1 -70817.5 679.7435
1.86 267.24798 141.21845 46792.31 -65971.9 5099.55 -71071.5 681.91875
1.87 271.43563 597.58202 46416.877 -65902.5 5179.46 -71082 681.41859
1.88 271.35847 273.4027 46553.685 -65914 5177.98 -71092 685.4147
1.89 268.14004 55.00693 46640.189 -65655.6 5116.57 -70772.2 689.81634
1.9 253.97031 -77.895524 46490.006 -65610.9 4846.19 -70457.1 692.89891
1.91 274.30299 221.79901 46798.855 -65584.7 5234.17 -70818.8 698.17763
1.92 257.18481 -709.93153 46841.085 -65573.6 4907.53 -70481.1 701.77501
1.93 275.97842 401.29537 46617.558 -65149.9 5266.14 -70416.1 703.22693
1.94 268.90964 742.91856 46028.211 -65454 5131.26 -70585.2 699.78009
1.95 278.3586 51.000207 46617.673 -65097.6 5311.56 -70409.2 710.39381
1.96 263.99905 -227.24264 46818.192 -65372.9 5037.55 -70410.5 716.10262
1.97 273.55289 26.049109 46366.574 -64931.5 5219.86 -70151.3 717.85261
1.98 264.89115 -254.76281 46851.835 -65406.4 5054.58 -70461 720.53683
1.99 259.66201 386.11494 46386.467 -65652.3 4954.8 -70607.1 721.07923
2 267.08906 -230.44294 46919.15 -65310.1 5096.52 -70406.7 729.18289
2.01 274.87559 256.37881 46267.969 -65131.3 5245.1 -70376.4 724.85681
2.02 271.9019 491.31072 46579.195 -65702.7 5188.35 -70891.1 729.70225
2.03 267.18933 -622.60034 47028.438 -65823 5098.43 -70921.5 738.49344
2.04 275.47609 -466.27039 46771.604 -65543.4 5256.56 -70799.9 738.49647
2.05 261.75721 -787.01419 47033.65 -66009 4994.78 -71003.8 741.17663
2.06 274.26053 -150.14386 46943.672 -65815.1 5233.36 -71048.4 739.26162
2.07 263.99567 -263.46542 46850.251 -65718.2 5037.49 -70755.7 735.77213
2.08 269.32148 -29.261409 46778.54 -66096.4 5139.12 -71235.5 739.28311
2.09 273.75237 296.51831 46633.044 -65781.3 5223.67 -71005 737.53161
2.1 267.12009 -9.0481274 46847.759 -66369 5097.11 -71466.1 743.30092
2.11 272.0751 280.73878 46590.623 -66054.7 5191.66 -71246.4 742.46427
2.12 268.80356 -286.77232 46623.618 -66212.5 5129.23 -71341.7 746.98038
2.13 265.01285 347.50831 46585.01 -66072.2 5056.9 -71129.1 751.12145
2.14 275.5906 438.97769 46561.598 -66452.7 5258.74 -71711.5 748.07807
2.15 273.66012 526.62509 46622.791 -66504.1 5221.9 -71726 749.95986
2.16 266.50762 177.82731 46724.632 -66614.4 5085.42 -71699.9 750.53085
2.17 278.42289 -348.41357 47003.239 -66477.7 5312.79 -71790.5 753.78445
2.18 260.8293 13.322367 46688.968 -66561.7 4977.07 -71538.8 750.01414
2.19 261.40634 189.94413 46607.707 -66805.8 4988.08 -71793.9 746.81175
2.2 275.02937 -462.96699 47011.315 -66243.6 5248.03 -71491.6 750.39861
2.21 267.22843 91.254635 46679.009 -66541.1 5099.18 -71640.3 748.49937
2.22 266.77292 29.807077 46747.127 -66460.2 5090.48 -71550.7 749.47767
2.23 278.07624 254.04903 46628.875 -66127.8 5306.17 -71434 748.48144
2.24 270.3045 13.713632 46859.014 -66416.8 5157.87 -71574.7 754.14858
2.25 269.46188 -275.67028 47137.156 -66270.7 5141.8 -71412.5 756.75633
2.26 264.05741 -494.45277 47020.8 -66672.5 5038.67 -71711.2 756.02702
2.27 265.22569 410.62767 46535.301 -66323.9 5060.96 -71384.9 753.13646
2.28 259.43344 -117.82177 46860.221 -66735.1 4950.44 -71685.5 755.30531
2.29 270.83694 -399.09315 46987.431 -66463 5168.03 -71631 758.43495
2.3 266.32774 -609.81351 47194.462 -66466.2 5081.99 -71548.2 761.08862
2.31 280.42393 -58.827536 46938.493 -65817 5350.97 -71168 758.83309
2.32 275.28935 531.17084 46469.663 -66508.9 5252.99 -71761.9 756.61537
2.33 259.83048 -57.80041 46642.394 -66711 4958.01 -71669 760.54922
2.34 267.42786 602.42311 46528.171 -66167 5102.98 -71270 761.61914
2.35 284.54617 227.46349 46714.439 -65926 5429.63 -71355.6 762.31278
2.36 263.90846 388.96603 46633.562 -66408.6 5035.83 -71444.5 766.32696
2.37 260.49848 -125.35402 46919.979 -66411.6 4970.76 -71382.4 772.07697
2.38 260.83768 -380.34771 46913.642 -66654.3 4977.23 -71631.5 775.83005
2.39 272.41257 574.75665 46552.838 -66065.6 5198.1 -71263.7 771.3823
2.4 266.3722 -738.3703 47184.156 -66410.4 5082.84 -71493.2 776.9974
2.41 281.61289 376.85253 46521.957 -66025 5373.66 -71398.7 773.11367
2.42 270.17655 -162.88481 46950.105 -66366.9 5155.43 -71522.3 781.41031
2.43 268.9666 -571.30104 47310.096 -66301.6 5132.34 -71434 787.91703
2.44 277.47631 -176.67128 47035.387 -66242.6 5294.72 -71537.3 788.93684
2.45 274.03507 -27.017533 46756.805 -66075.6 5229.06 -71304.7 786.27317
2.46 262.72222 260.37941 46608.737 -66429 5013.19 -71442.2 784.91609
2.47 265.47883 -575.75044 47122.527 -66109.5 5065.79 -71175.3 789.02863
2.48 268.53036 524.66931 46404.532 -66072.8 5124.02 -71196.8 784.73443
2.49 280.21809 372.97174 46440.99 -66039.5 5347.04 -71386.6 790.46411
2.5 263.8563 321.02676 46405.987 -66296.8 5034.83 -71331.6 792.52019
2.51 266.17042 -636.8568 46975.17 -65813.5 5078.99 -70892.5 796.74104
2.52 271.20395 -557.63611 47079.276 -65603.8 5175.04 -70778.9 799.95538
2.53 266.94831 -176.07821 46765.315 -65857.4 5093.83 -70951.2 795.51702
2.54 265.10438 -532.4372 46958.192 -66151 5058.65 -71209.6 805.02955
2.55 274.07553 -78.107801 46751.327 -65630.4 5229.83 -70860.2 802.47114
2.56 264.66705 35.706774 46648.252 -66073.1 5050.3 -71123.4 803.95078
2.57 269.62148 207.86397 46544.912 -66220.9 5144.84 -71365.7 803.49152
2.58 278.30511 -183.01662 46907.216 -66128.2 5310.54 -71438.7 809.77198
2.59 265.33688 309.58294 46624.034 -66456.4 5063.08 -71519.4 808.98671
2.6 261.3027 205.02896 46523.059 -66449.4 4986.1 -71435.5 805.33819
2.61 276.60042 -211.76518 47067.702 -66204.4 5278.01 -71482.4 813.33763
2.62 263.82955 339.56005 46594.171 -66373.9 5034.32 -71408.3 813.03459
2.63 261.30804 527.09246 46338.572 -66667.6 4986.21 -71653.8 811.29287
2.64 283.71579 831.95329 46339.386 -66315.5 5413.78 -71729.3 813.38613
2.65 263.66989 -11.874511 46825.472 -66560.8 5031.27 -71592.1 818.30275
2.66 268.78814 -857.38453 47299.939 -66301.8 5128.94 -71430.7 822.21308
2.67 269.28603 568.07718 46507.99 -66801.6 5138.44 -71940 815.34195
2.68 273.66355 349.55449 46698.721 -66480.7 5221.97 -71702.7 818.23503
2.69 269.03045 447.05509 46669.962 -66519.7 5133.56 -71653.3 817.10018
2.7 259.28492 -154.37607 46886.602 -66636.9 4947.6 -71584.5 820.92899
2.71 266.3861 815.39105 46532.15 -66214.8 5083.1 -71297.9 817.87638
2.72 274.59456 140.66863 46682.098 -66004.3 5239.74 -71244.1 823.39853
2.73 264.68497 -478.42566 47285.607 -66323.3 5050.64 -71373.9 833.23398
2.74 268.32476 2.698968 46727.895 -66380.4 5120.1 -71500.5 829.0593
2.75 280.97679 1109.9081 46323.994 -66319.3 5361.52 -71680.8 825.63379
2.76 267.8714 44.910549 46770.601 -66278.9 5111.45 -71390.4 828.88801
2.77 269.26705 -542.68259 47063.311 -66437.9 5138.08 -71576 837.09875
2.78 258.74919 -152.77761 46840.021 -66751.5 4937.38 -71688.9 839.38991
2.79 270.20659 338.7597 46449.43 -66356.4 5156.01 -71512.4 840.13769
2.8 261.31152 304.39967 46500.014 -66410.3 4986.27 -71396.6 842.27609
2.81 271.73149 185.11617 46695.398 -66637.1 5185.1 -71822.2 848.23134
2.82 261.08061 -673.53198 47095.068 -66395.8 4981.87 -71377.7 851.17446
2.83 272.50233 592.77464 46425.196 -66185.7 5199.81 -71385.5 845.11586
2.84 270.5431 83.694566 46724.377 -66436.8 5162.43 -71599.2 849.57988
2.85 252.63247 316.03468 46783.752 -66548 4820.66 -71368.6 852.73098
2.86 273.68803 -59.431909 46798.002 -66324.6 5222.44 -71547.1 858.26646
2.87 274.10917 525.6362 46566.902 -65956.4 5230.47 -71186.8 857.59281
2.88 263.94066 -425.95479 46921.032 -66041.8 5036.44 -71078.2 866.81697
2.89 261.22176 -38.623256 46897.842 -66202.2 4984.56 -71186.8 869.30064
2.9 269.70982 -564.14728 46944.813 -65847.6 5146.53 -70994.1 873.17065
2.91 266.55245 286.34243 46605.647 -65887.7 5086.28 -70974 868.4674
2.92 260.9594 -274.44545 46738.477 -66297.6 4979.55 -71277.1 873.91722
2.93 266.26263 -905.28404 47159.398 -66004.4 5080.75 -71085.1 881.05259
2.94 264.52959 805.99307 46154.345 -66053 5047.68 -71100.7 874.48398
2.95 272.7523 -285.06011 47135.98 -66051.3 5204.58 -71255.9 887.92315
2.96 276.41575 -155.37395 46949.803 -65633.8 5274.49 -70908.3 888.05279
2.97 272.22246 -287.4627 46998.262 -65909.6 5194.47 -71104.1 893.98741
2.98 275.30458 341.79274 46535.305 -65926.1 5253.28 -71179.4 885.95094
2.99 262.21732 465.76897 46399.241 -66500.1 5003.56 -71503.6 886.73304
3 285.22052 233.24047 46761.694 -65813.2 5442.5 -71255.7 891.77281
3.01 271.53971 454.66635 46604.805 -65816.4 5181.44 -70997.8 892.51201
3.02 265.87652 -117.25317 46830.747 -66036.5 5073.38 -71109.9 892.35344
3.03 260.75937 -470.92935 46912.678 -66144.3 4975.74 -71120 897.48654
3.04 265.25139 -54.58197 46888.325 -65920.8 5061.45 -70982.3 897.61798
3.05 277.86577 -348.7976 46976.839 -66130.2 5302.16 -71432.4 900.27835
3.06 267.73936 669.71378 46508.359 -66547.2 5108.93 -71656.2 898.36294
3.07 269.33707 -314.98407 46841.457 -66284.6 5139.41 -71424 903.92352
3.08 272.2596 -646.12808 47092.53 -65928.1 5195.18 -71123.2 907.62857
3.09 260.3814 -535.7638 47051.96 -66450.3 4968.52 -71418.8 911.92387
3.1 267.00383 130.10014 46678.532 -66035.8 5094.89 -71130.7 909.74277
3.11 262.15663 -923.21976 47090.089 -66523.4 5002.4 -71525.8 918.10786
3.12 276.85554 296.58097 46806.374 -66508 5282.88 -71790.9 913.83119
3.13 268.55832 -391.0099 46960.075 -66413.4 5124.55 -71537.9 916.60369
3.14 263.14144 124.01745 46815.701 -66599.3 5021.19 -71620.5 915.73883
3.15 272.11409 263.92212 46686.835 -66266.8 5192.4 -71459.3 912.97469
3.16 275.51835 10.697083 46729.531 -66475.6 5257.36 -71733 913.46708
3.17 271.31983 -58.228776 46773.764 -66737.6 5177.25 -71914.8 913.64557
3.18 268.92193 313.37608 46686.566 -66882.1 5131.49 -72013.5 916.38828
3.19 266.18127 108.28868 46685.465 -66555.9 5079.2 -71635.1 916.94748
3.2 265.39784 571.8318 46392.463 -66703.9 5064.25 -71768.2 914.53158
3.21 271.01057 219.44823 46606.808 -66430.4 5171.35 -71601.7 917.40257
3.22 274.36514 493.1227 46591.465 -65942.1 5235.36 -71177.4 914.39852
3.23 266.08519 295.54447 46585.39 -66042 5077.36 -71119.3 919.44406
3.24 263.31169 208.33061 46800.381 -66098.1 5024.44 -71122.6 923.62978
3.25 278.16741 -37.679078 46906.84 -66225.5 5307.91 -71533.4 924.90292
3.26 277.0586 -411.39943 46824.224 -66068.9 5286.75 -71355.7 929.29511
3.27 268.04757 -399.01609 47060.887 -65893.3 5114.81 -71008.1 937.01409
3.28 264.27076 -169.24938 46806.143 -66359.6 5042.74 -71402.3 933.87276
3.29 285.57604 3.1887544 46925.363 -65904.6 5449.28 -71353.9 938.45366
3.3 275.28367 95.48931 46801.309 -66503.8 5252.88 -71756.7 938.63887
3.31 276.84282 -746.28589 47241.957 -66282 5282.64 -71564.7 945.11756
3.32 270.68267 -38.013196 46998.164 -66420.8 5165.09 -71585.9 942.19988
3.33 266.4874 -578.95315 47148.814 -66380.9 5085.04 -71465.9 942.77485
3.34 274.41453 -218.115 46870.363 -66481.3 5236.3 -71717.6 942.39001
3.35 264.07977 -614.30074 46981.115 -66641.2 5039.09 -71680.3 943.98486
3.36 272.18189 91.760131 46591.749 -66460.3 5193.7 -71654 942.24297
3.37 264.843 46.291459 46778.819 -66344 5053.66 -71397.6 940.79258
3.38 276.48835 -15.083774 46990.453 -66253.6 5275.87 -71529.5 947.24176
3.39 266.36338 318.09414 46606.761 -66587.3 5082.67 -71669.9 939.26978
3.4 255.96791 -372.28906 46868.786 -66894.3 4884.31 -71778.6 940.90062
3.41 273.21002 613.21794 46497.687 -66346.8 5213.32 -71560.1 937.0144
3.42 264.34368 621.74435 46372.477 -66660 5044.13 -71704.1 936.71797
3.43 267.8282 -97.718083 46915.669 -66621.6 5110.62 -71732.3 944.44436
3.44 259.54868 -359.23301 47026.448 -66314.3 4952.63 -71266.9 947.95218
3.45 263.85129 -318.29184 46951.459 -66455.6 5034.74 -71490.4 948.87617
3.46 276.58797 -434.10832 47098.381 -66245.1 5277.77 -71522.9 948.82964
3.47 278.78491 43.526567 46870.336 -66253.6 5319.69 -71573.3 947.41513
3.48 267.58002 255.6698 46463.074 -66454.3 5105.89 -71560.1 942.88761
3.49 266.43083 685.88579 46361.204 -66714.9 5083.96 -71798.9 946.19805
3.5 273.05327 485.28588 46415.926 -66325 5210.32 -71535.3 945.76101
3.51 275.69231 -510.63986 47010.066 -66015.5 5260.68 -71276.1 955.7072
3.52 273.83554 -134.51095 46906.697 -65991.1 5225.25 -71216.4 957.29009
3.53 277.43595 -405.99947 46861.117 -66189.8 5293.95 -71483.7 953.59978
3.54 272.45059 268.44878 46648.092 -66200.8 5198.82 -71399.6 955.32529
3.55 272.71213 75.747609 46651.213 -65858.8 5203.82 -71062.6 951.6672
3.56 269.12375 -280.22723 46986.42 -65823.6 5135.34 -70959 956.56844
3.57 280.9034 -517.6813 47007.676 -65378.8 5360.12 -70738.9 957.92058
3.58 270.50878 -196.38903 46918.287 -65681.3 5161.77 -70843 958.86773
3.59 269.5454 388.20893 46652.829 -65513.3 5143.39 -70656.7 956.42483
3.6 273.64394 -153.69671 46771.938 -65813.1 5221.6 -71034.7 959.008
3.61 270.49439 -217.22438 46906.358 -65514.8 5161.5 -70676.3 962.47953
3.62 273.83846 412.89326 46569.58 -65683.3 5225.31 -70908.6 961.772
3.63 272.62731 -541.33583 46877.677 -65607.9 5202.2 -70810.1 969.22814
3.64 274.48151 125.87296 46586.892 -65676.9 5237.58 -70914.4 969.53154
3.65 268.57993 -601.27618 46920.225 -65848.4 5124.97 -70973.3 974.42677
3.66 275.27417 -357.49171 46919.257 -65571.9 5252.7 -70824.6 979.2564
3.67 267.85955 -81.025944 46661.484 -65946.6 5111.22 -71057.8 977.41881
3.68 265.05432 147.80056 46398.286 -66126.4 5057.69 -71184.1 974.60461
3.69 279.02973 245.93788 46654.569 -65697.4 5324.37 -71021.7 976.9626
3.7 267.34658 403.68124 46395.787 -65827.2 5101.43 -70928.6 974.072
3.71 270.72193 -50.841764 46778.416 -66072.7 5165.84 -71238.5 981.36291
3.72 274.83763 -54.940517 46810.985 -65756.3 5244.37 -71000.7 981.47028
3.73 262.62856 -25.680595 46732.569 -65989.3 5011.4 -71000.7 982.54071
3.74 260.87669 68.262151 46681.97 -66343.6 4977.97 -71321.5 983.14256
3.75 267.65759 37.665376 46817.658 -66197.4 5107.37 -71304.7 989.19932
3.76 276.91959 -253.38989 46893.617 -66267.3 5284.1 -71551.4 992.55867
3.77 274.38304 781.33623 46241.956 -65949.6 5235.7 -71185.3 989.83784
3.78 270.15846 16.688689 46751.93 -66349.6 5155.09 -71504.6 997.42537
3.79 273.55657 -438.19262 46902.667 -66190.4 5219.93 -71410.3 1001.8665
3.8 266.17384 -701.36389 47165.751 -66414.4 5079.05 -71493.5 1009.6881
3.81 268.11589 -903.61703 47102.062 -66176.4 5116.11 -71292.5 1012.9315
3.82 280.96946 402.19876 46447.187 -66137.6 5361.38 -71499 1004.6179
3.83 262.40782 -276.85462 46833.517 -66278.6 5007.19 -71285.7 1010.6353
3.84 259.42523 -361.2306 47043.602 -66041.5 4950.28 -70991.8 1013.5383
3.85 275.4396 -260.51603 46842.449 -66117 5255.86 -71372.9 1012.0171
3.86 267.57841 -633.52928 47144.412 -65967.6 5105.85 -71073.5 1021.0359
3.87 278.85381 -35.97366 46814.334 -65959.9 5321.01 -71280.9 1016.3235
3.88 275.30642 769.85153 46268.764 -66014.8 5253.32 -71268.1 1013.7215
3.89 277.0346 -274.46633 47117.357 -65659.2 5286.3 -70945.5 1029.3828
3.9 266.50542 -474.07031 46927.641 -66082.1 5085.38 -71167.5 1024.9791
3.91 273.3949 829.51252 46345.37 -65770.3 5216.84 -70987.2 1016.8456
3.92 271.89552 -347.11473 47149.859 -66037.6 5188.23 -71225.8 1030.9763
3.93 278.59339 -454.64447 47106.404 -66013.2 5316.04 -71329.2 1027.7662
3.94 257.85285 -248.78519 46966.924 -66177.4 4920.27 -71097.7 1030.769
3.95 276.68511 -253.02662 47112.784 -66119.2 5279.63 -71398.8 1034.3751
3.96 274.0929 210.69937 46868.255 -66227.3 5230.16 -71457.5 1031.6893
3.97 268.84785 -354.54614 46870.791 -66422.8 5130.08 -71552.9 1033.784
3.98 270.53389 -544.53234 47161.207 -65965 5162.25 -71127.3 1039.6037
3.99 273.74556 -562.43648 47021.575 -66331.8 5223.53 -71555.3 1040.9014
4 271.9379 376.67344 46494.034 -66226.1 5189.04 -71415.1 1032.5137
4.01 268.88382 55.136399 46738.136 -66261.4 5130.76 -71392.2 1039.2119
4.02 269.75166 459.89995 46611.425 -66657.1 5147.32 -71804.4 1040.5567
4.03 277.61808 50.065705 46778.441 -66150.5 5297.43 -71448 1043.5605
4.04 275.67459 131.02773 46694.842 -66169.6 5260.34 -71429.9 1045.113
4.05 275.5171 -218.95069 47094.342 -65866.2 5257.34 -71123.6 1052.1143
4.06 268.49756 -220.54702 46978.675 -66209.1 5123.39 -71332.5 1054.6845
4.07 273.91088 -227.66024 46888.302 -66220.2 5226.69 -71446.9 1053.916
4.08 271.89679 406.02898 46613.42 -66102.2 5188.26 -71290.4 1056.1719
4.09 266.66103 -789.17984 47341.804 -66240.5 5088.35 -71328.8 1069.1209
4.1 273.75962 -36.631034 46731.443 -66773 5223.8 -71996.8 1061.1313
4.11 273.35766 -291.36083 46927.774 -66301.9 5216.13 -71518 1063.0478
4.12 262.04774 -588.60124 47141.815 -66529.1 5000.32 -71529.4 1063.8045
4.13 265.43886 -245.8442 47084.416 -66630.2 5065.03 -71695.3 1061.1465
4.14 273.9777 149.84848 46536.503 -66240 5227.96 -71468 1053.8264
4.15 274.85924 403.53058 46526.249 -65804.5 5244.79 -71049.2 1057.4468
4.16 275.2431 319.61282 46654.271 -66278.1 5252.11 -71530.2 1060.5935
4.17 273.73785 121.29473 46936.827 -66177.2 5223.39 -71400.6 1068.1763
4.18 266.1512 348.73888 46493.864 -66553.7 5078.62 -71632.3 1059.8581
4.19 273.42392 537.17448 46609.792 -66119.9 5217.4 -71337.3 1059.7311
4.2 268.92805 339.45608 46661.234 -66163.2 5131.61 -71294.8 1060.121
4.21 266.94558 -157.64574 46779.839 -66143 5093.78 -71236.8 1061.2492
4.22 255.59952 -575.26998 46996.133 -66329.2 4877.28 -71206.5 1068.9341
4.23 277.00198 -8.3097005 46735.044 -66025.8 5285.67 -71311.5 1069.4258
4.24 275.04298 -501.19812 47092.572 -65827.7 5248.29 -71076 1073.8835
4.25 267.4888 -267.58421 46869.177 -66335.1 5104.15 -71439.2 1073.9319
4.26 268.01893 -389.03151 46912.831 -65840.7 5114.26 -70954.9 1075.3997
4.27 270.02885 362.48792 46639.728 -65839.3 5152.61 -70991.9 1074.9342
4.28 281.09252 -237.56758 46858.458 -65721.9 5363.73 -71085.6 1079.0229
4.29 272.63171 -72.452856 46733.257 -65941.9 5202.28 -71144.2 1079.1092
4.3 279.11609 612.17975 46475.918 -65467.9 5326.01 -70793.9 1076.2797
4.31 271.4896 195.03991 46517.272 -66214.7 5180.49 -71395.2 1081.2933
4.32 271.72007 -117.36949 46695.059 -66056.6 5184.88 -71241.5 1083.6965
4.33 257.15311 -446.46601 46920.259 -66831.7 4906.92 -71738.6 1084.9686
4.34 268.84781 21.790746 46794.989 -66264.7 5130.08 -71394.8 1083.2299
4.35 262.93516 356.44608 46668.814 -66661.7 5017.25 -71678.9 1082.7812
4.36 276.43094 -153.93919 46727.555 -66208.8 5274.78 -71483.6 1085.2554
4.37 262.99144 509.42799 46462.257 -66076.2 5018.33 -71094.6 1081.7908
4.38 266.2479 419.96624 46308.356 -66515 5080.47 -71595.4 1081.053
4.39 262.76599 338.13287 46872.702 -66624.1 5014.03 -71638.2 1085.1266
4.4 268.94943 99.307259 46717.445 -66576.3 5132.02 -71708.3 1085.2646
4.41 265.08753 361.71734 46422.084 -66577.2 5058.32 -71635.5 1082.8064
4.42 272.51207 -125.58262 46895.95 -66402.4 5200 -71602.4 1089.5673
4.43 276.05556 -436.55255 46897.891 -66221.5 5267.61 -71489.1 1089.1096
4.44 276.01488 551.58402 46491.577 -65949.6 5266.84 -71216.4 1087.8793
4.45 272.3359 -263.80675 46891.396 -66317.8 5196.64 -71514.4 1093.0532
4.46 267.51497 249.69343 46566.579 -66444.3 5104.64 -71548.9 1090.7225
4.47 259.0293 173.59911 46828.579 -66476.8 4942.72 -71419.5 1095.4623
4.48 268.16243 -450.31064 46991.086 -66769.5 5117 -71886.5 1100.1975
4.49 270.82017 -263.70513 46985.57 -66339.9 5167.71 -71507.7 1102.5659
4.5 267.84083 795.72845 46132.192 -66416.1 5110.86 -71527 1092.4108
4.51 261.33217 -211.69341 46788.073 -66199.4 4986.67 -71186 1102.6889
4.52 267.09435 385.09985 46605.004 -66073.4 5096.62 -71170.1 1103.2379
4.53 271.52223 116.6405 46589.276 -65758.6 5181.11 -70939.7 1104.6533
4.54 268.53165 -107.19606 46650.408 -65611.2 5124.04 -70735.3 1113.3914
4.55 268.60081 -326.77165 46896.476 -65248.1 5125.36 -70373.4 1121.3178
4.56 282.99678 34.132933 46568.043 -65463.4 5400.06 -70863.5 1125.3685
4.57 272.80753 -252.2211 46775.394 -65512.5 5205.64 -70718.2 1130.6674
4.58 268.18227 266.15947 46497.601 -65968 5117.38 -71085.4 1128.7369
4.59 273.54697 -41.406882 46567.259 -65931.9 5219.75 -71151.6 1130.8248
4.6 273.58679 351.82871 46627.149 -66140.4 5220.51 -71360.9 1128.7652
4.61 279.66407 110.61389 46650.396 -65574.7 5336.47 -70911.1 1125.9087
4.62 267.08639 -669.77003 47105.254 -65668.7 5096.47 -70765.1 1136.1799
4.63 276.67241 -352.90948 47077.185 -65967.1 5279.38 -71246.5 1133.1228
4.64 275.69034 381.8829 46587.554 -65995.2 5260.64 -71255.9 1128.1847
4.65 277.94817 -832.2935 47312.912 -65757.3 5303.73 -71061.1 1140.4457
4.66 276.66122 219.86328 46518.343 -65713.4 5279.17 -70992.6 1130.6268
4.67 267.55459 588.65473 46505.193 -65735.6 5105.4 -70841 1127.9933
4.68 272.99421 -270.19671 46913.203 -65868.8 5209.2 -71078 1134.391
4.69 273.56173 -90.069216 46764.898 -65565.6 5220.03 -70785.6 1133.5209
4.7 272.79932 -533.11095 47137.75 -65901.5 5205.48 -71107 1142.6113
4.71 272.61881 491.74446 46618.966 -66274.8 5202.03 -71476.9 1139.2086
4.72 266.938 43.378014 46656.484 -65768.6 5093.63 -70862.3 1143.0688
4.73 271.23478 -43.16936 46771.767 -65935.9 5175.62 -71111.6 1145.5005
4.74 265.99195 41.440557 46761.891 -65769.6 5075.58 -70845.2 1152.8689
4.75 265.07335 -64.104015 46906.047 -65721 5058.05 -70779 1159.1682
4.76 268.08042 -191.12466 46840.708 -66214.8 5115.43 -71330.2 1159.1757
4.77 270.91712 -139.70585 46809.966 -66298.6 5169.56 -71468.1 1156.3674
4.78 266.46745 1092.9825 46192.511 -66170.1 5084.66 -71254.8 1150.5646
4.79 272.63012 146.53719 46745.79 -65963.3 5202.25 -71165.5 1159.8709
4.8 265.34441 -949.75395 47251.975 -66491.7 5063.23 -71555 1171.9459
4.81 272.26458 -165.56944 46878.914 -66051.6 5195.27 -71246.9 1169.7263
4.82 264.20127 725.03556 46465.674 -66562.1 5041.41 -71603.5 1161.0037
4.83 279.60424 5.9497952 46636.056 -66307.7 5335.33 -71643.1 1161.3498
4.84 261.48648 -749.37956 47032.048 -66348 4989.61 -71337.6 1171.9126
4.85 274.0991 -73.751145 46774.431 -66193.1 5230.28 -71423.4 1171.027
4.86 266.47785 -92.560982 46840.046 -66193.7 5084.85 -71278.6 1177.1204
4.87 268.67275 593.02476 46377.059 -66355.2 5126.74 -71482 1170.2948
4.88 263.06193 35.610508 46740.721 -66587.9 5019.67 -71607.6 1178.4144
4.89 271.26713 324.66072 46628.484 -66503 5176.24 -71679.2 1175.7702
4.9 267.87027 459.69115 46449.085 -66499.5 5111.42 -71610.9 1175.6094
4.91 269.91085 213.79571 46710.64 -66278.5 5150.36 -71428.8 1180.0167
4.92 268.28604 -326.93021 46922.189 -66641.8 5119.36 -71761.2 1190.2223
4.93 279.24137 304.54099 46603.538 -66224.1 5328.4 -71552.5 1188.6021
4.94 264.33709 414.62139 46610.861 -66489.6 5044 -71533.6 1190.2988
4.95 279.0787 554.8871 46578.935 -66299.1 5325.3 -71624.4 1189.874
4.96 264.39008 298.45869 46683.797 -66680.7 5045.02 -71725.7 1192.9431
4.97 269.29944 -92.871558 46838.125 -66349.9 5138.7 -71488.6 1197.2621
4.98 273.36159 389.5942 46558.424 -66747.7 5216.21 -71963.9 1191.8482
4.99 271.79749 229.96304 46688.303 -66774.3 5186.36 -71960.7 1195.3468
5 271.06126 -439.43914 47094.325 -66431.4 5172.31 -71603.7 1202.3147
5.01 256.60502 -518.96524 47100.946 -66862.9 4896.46 -71759.3 1200.7081
5.02 279.86993 669.01899 46581.911 -66264.9 5340.4 -71605.3 1195.337
5.03 267.7062 -302.72222 47001.655 -66547.1 5108.29 -71655.4 1204.1855
5.04 280.85671 746.3797 46446.834 -66315.7 5359.23 -71674.9 1196.577
5.05 272.50611 843.81364 46593.702 -66626.6 5199.88 -71826.4 1200.027
5.06 275.48859 417.07963 46630.86 -66318.5 5256.79 -71575.3 1202.8888
5.07 268.13987 124.96243 46661.661 -66239.1 5116.57 -71355.7 1204.9613
5.08 266.23142 38.016096 46829.185 -66481.5 5080.15 -71561.6 1208.6341
5.09 276.84004 87.439434 46617.265 -66126.5 5282.58 -71409.1 1205.4958
5.1 269.27895 122.56061 46705.147 -66394.8 5138.3 -71533.1 1209.373
5.11 276.3048 252.99241 46660.801 -66366.3 5272.37 -71638.6 1210.1908
5.12 268.70316 391.67112 46579.764 -66303.2 5127.32 -71430.5 1210.5742
5.13 264.69265 -209.87763 46754.842 -66444.9 5050.79 -71495.7 1218.9767
5.14 267.94909 -180.06256 46844.88 -66027.8 5112.93 -71140.8 1226.3352
5.15 262.2541 -624.01054 47050.358 -66250.8 5004.26 -71255 1230.6861
5.16 278.25924 13.978942 46757.415 -66126 5309.66 -71435.7 1231.0182
5.17 278.6495 197.23418 46737.199 -66029.4 5317.11 -71346.5 1233.6204
5.18 272.91096 75.358262 46635.372 -65656 5207.61 -70863.6 1228.9955
5.19 264.96203 100.77302 46761.228 -66042 5055.93 -71097.9 1233.3244
5.2 281.67713 -680.43375 46985.569 -65635.1 5374.88 -71010 1238.925
5.21 269.14122 562.31161 46458.824 -65984.3 5135.68 -71119.9 1228.8297
5.22 275.32369 -343.1891 47000.923 -65974.8 5253.65 -71228.4 1240.9887
5.23 275.28029 -360.05918 46963.019 -66112.1 5252.82 -71364.9 1239.5587
5.24 277.08465 973.09585 46286.56 -66107.7 5287.25 -71394.9 1233.4517
5.25 276.8873 239.84796 46618.736 -66072.3 5283.48 -71355.8 1240.3493
5.26 272.52217 591.99668 46342.482 -66174.9 5200.19 -71375.1 1236.478
5.27 273.56649 403.86158 46374.883 -65858.5 5220.12 -71078.7 1237.8946
5.28 275.78898 -330.93305 46789.583 -65517.5 5262.53 -70780.1 1245.4303
5.29 268.2277 511.92681 46389.478 -65763.5 5118.24 -70881.7 1238.2253
5.3 273.30933 510.71262 46467.176 -65892.2 5215.21 -71107.4 1238.0761
5.31 266.5953 4.4040279 46763.281 -66026.1 5087.1 -71113.2 1247.1841
5.32 274.56069 -245.06884 46687.951 -66032.9 5239.09 -71272 1248.2542
5.33 257.48006 -479.04553 46956.387 -66093.7 4913.16 -71006.9 1253.2485
5.34 277.06481 -528.20053 47016.496 -66017.6 5286.87 -71304.5 1254.6919
5.35 272.17383 669.12044 46446.96 -66461 5193.54 -71654.5 1244.1895
5.36 260.91076 -160.3859 47037.855 -66190.8 4978.62 -71169.4 1254.9876
5.37 264.66056 -624.73258 47095.261 -66244.8 5050.18 -71295 1257.0942
5.38 277.13526 -317.82901 46776.551 -66116 5288.22 -71404.2 1256.7634
5.39 270.45304 378.87682 46582.475 -66045.3 5160.71 -71206 1258.0563
5.4 270.87391 132.88995 46637.855 -65944.1 5168.74 -71112.8 1259.7901
5.41 270.35568 -514.93395 47117.424 -65978.5 5158.85 -71137.3 1269.2984
5.42 269.37663 538.97894 46361.755 -66089 5140.17 -71229.2 1257.8441
5.43 271.61519 -586.63449 47085.751 -66023.3 5182.88 -71206.2 1269.9563
5.44 273.41884 788.30398 46354.407 -66289.8 5217.3 -71507.1 1260.4213
5.45 266.27425 0.21846975 46825.018 -66449.7 5080.97 -71530.6 1268.3365
5.46 264.45412 -532.06783 47102.137 -66634.1 5046.24 -71680.3 1278.3084
5.47 278.2877 129.97359 46811.947 -66057.8 5310.21 -71368 1276.35
5.48 276.19079 686.46691 46438.033 -66495.5 5270.19 -71765.7 1271.2862
5.49 266.86341 471.27007 46591.734 -66432.2 5092.21 -71524.4 1276.4312
5.5 268.72482 -72.043443 46686.689 -66188.2 5127.73 -71315.9 1276.0684
5.51 271.2252 -254.11832 46940.552 -66347.1 5175.44 -71522.5 1283.1707
5.52 267.06243 -31.225631 46688.708 -66399.5 5096.01 -71495.5 1279.9576
5.53 268.88499 -393.8051 46992.519 -66154.3 5130.79 -71285.1 1288.9659
5.54 261.56587 76.9746 46611.296 -66341.8 4991.13 -71332.9 1285.0664
5.55 272.26723 122.79263 46621.664 -66005.4 5195.33 -71200.8 1288.7582
5.56 262.40276 -48.747059 46712.023 -66358.4 5007.09 -71365.5 1287.5488
5.57 267.29511 53.70891 46707.005 -66080.9 5100.45 -71181.4 1293.3614
5.58 268.95262 -506.94777 47094.13 -66203.2 5132.08 -71335.2 1302.1154
5.59 260.03362 -476.26976 47074.813 -66304.7 4961.89 -71266.6 1298.6093
5.6 267.2916 -140.04764 46960.065 -66482.5 5100.38 -71582.9 1294.1102
5.61 260.54609 125.43676 46692.526 -66629.5 4971.67 -71601.2 1294.1045
5.62 270.50357 -553.97002 47403.783 -66240.3 5161.67 -71401.9 1308.1167
5.63 266.64376 -182.8859 46899.928 -66352 5088.02 -71440 1300.114
5.64 272.4603 720.12919 46294.21 -66199.9 5199.01 -71398.9 1292.9432
5.65 269.69229 -379.99867 46977.971 -66654.3 5146.19 -71800.5 1303.5051
5.66 262.18678 -335.17954 46921.379 -66116.9 5002.97 -71119.8 1302.776
5.67 259.01332 368.23193 46612.293 -66468.3 4942.42 -71410.8 1302.7811
5.68 277.0033 -444.00648 46826.959 -66245.7 5285.7 -71531.4 1304.7189
5.69 266.23809 -929.66393 47395.223 -66513.2 5080.28 -71593.5 1315.5106
5.7 265.00853 -348.59556 46847.142 -66229.3 5056.82 -71286.1 1307.1123
5.71 265.90742 -440.09582 47088.474 -66160.4 5073.97 -71234.3 1316.8399
5.72 262.4469 -917.89462 47132.1 -66474.9 5007.94 -71482.8 1314.4443
5.73 267.22157 -502.65957 47012.915 -66187.9 5099.05 -71287 1310.8638
5.74 274.87816 254.44168 46741.294 -66362.6 5245.15 -71607.8 1311.97
5.75 280.01856 -360.12139 46952.238 -66093.5 5343.23 -71436.8 1317.9402
5.76 257.32378 -796.3478 47081.141 -66684.8 4910.18 -71595 1322.9972
5.77 274.59748 -368.39415 46994.022 -65991.6 5239.79 -71231.4 1320.0131
5.78 265.13044 517.19315 46712.354 -65697.1 5059.14 -70756.2 1315.9854
5.79 272.22357 -129.43774 46755.496 -66179.5 5194.49 -71374 1320.5153
5.8 273.3772 -132.44404 47034.097 -65797.8 5216.51 -71014.3 1326.8789
5.81 265.21199 732.46443 46409.227 -65821.8 5060.7 -70882.5 1318.6463
5.82 265.95697 27.109473 46778.096 -65700.9 5074.92 -70775.8 1326.413
5.83 270.96412 -395.40933 47053.694 -65665 5170.46 -70835.5 1326.9548
5.84 276.51742 -532.3942 47193.459 -65466.3 5276.43 -70742.8 1333.0828
5.85 263.7474 -55.156007 46712.819 -65677.6 5032.75 -70710.3 1325.53
5.86 265.13685 -874.12842 47108.393 -65463 5059.27 -70522.3 1336.12
5.87 260.29958 -240.13896 46856.361 -65936.5 4966.96 -70903.5 1337.6737
5.88 268.14812 -94.656694 46670.074 -65384.1 5116.73 -70500.8 1338.2084
5.89 273.62605 -257.8132 46751.445 -65415.2 5221.25 -70636.4 1346.5824
5.9 262.36458 160.46145 46616.653 -65522.1 5006.37 -70528.5 1345.657
5.91 275.67844 -314.34942 46988.385 -65798.4 5260.42 -71058.8 1361.5943
5.92 279.90632 -1.7988589 46631.647 -65260.5 5341.09 -70601.5 1358.1697
5.93 261.76779 -588.02614 46724.323 -65299.3 4994.98 -70294.3 1362.1809
5.94 268.54214 231.45552 46653.84 -65381.2 5124.24 -70505.5 1361.9888
5.95 269.35891 206.18526 46582.45 -65538.1 5139.83 -70677.9 1364.048
5.96 271.18253 614.96424 46412.636 -65299.5 5174.63 -70474.1 1362.7636
5.97 271.06567 102.20697 46631.058 -65931.1 5172.4 -71103.5 1367.6957
5.98 272.97481 8.7024882 46587.549 -65675.3 5208.83 -70884.1 1368.2787
5.99 269.58966 -164.64567 46805.218 -65833 5144.23 -70977.2 1375.6264
6 269.14551 -119.94785 46729.602 -65916 5135.76 -71051.7 1376.7517
6.01 277.41392 -220.80405 46758.546 -65761.3 5293.53 -71054.8 1375.682
6.02 269.60364 -215.29851 46975.921 -66054.7 5144.5 -71199.2 1383.2461
6.03 271.14054 -659.3929 47212.657 -66364.5 5173.83 -71538.3 1392.431
6.04 275.06693 -301.10614 46829.533 -65883.6 5248.75 -71132.4 1387.0071
6.05 263.5532 447.5545 46479.44 -66235.7 5029.05 -71264.7 1379.6682
6.06 274.87014 -154.97607 46935.001 -65854.7 5244.99 -71099.7 1387.8113
6.07 268.61245 -106.27427 46962.439 -66046.3 5125.59 -71171.8 1395.9508
6.08 273.23635 158.93617 46902.709 -66000.5 5213.82 -71214.3 1395.8534
6.09 264.84723 210.20281 46733.031 -66231.1 5053.74 -71284.8 1394.5649
6.1 259.29412 -453.6564 47006.832 -66502.9 4947.78 -71450.7 1404.0445
6.11 271.20491 -123.66724 46789.734 -66251.6 5175.05 -71426.7 1403.9004
6.12 268.43199 -109.4795 46843.763 -66228.5 5122.14 -71350.7 1407.7962
6.13 284.10269 35.994044 46615.298 -65801 5421.17 -71222.2 1404.4706
6.14 261.11733 -396.3218 46826.71 -66275.1 4982.57 -71257.7 1403.9733
6.15 267.57164 -415.5876 46934.715 -66441 5105.73 -71546.8 1409.8182
6.16 272.95107 -294.0972 46931.655 -66325.8 5208.37 -71534.2 1407.6603
6.17 270.84958 430.91701 46443.723 -66566.4 5168.27 -71734.7 1399.9192
6.18 276.87926 -462.74302 47026.702 -66148.6 5283.33 -71431.9 1411.7207
6.19 269.23072 702.9628 46353.922 -66465.9 5137.38 -71603.2 1402.6925
6.2 263.41949 -962.20163 47284.953 -66437.3 5026.5 -71463.8 1423.7831
6.21 277.43223 113.59191 46738.689 -66427.3 5293.88 -71721.2 1411.7497
6.22 262.87275 -205.62986 46810.729 -66119.6 5016.06 -71135.7 1412.3791
6.23 273.74094 -412.94788 46991.362 -66474.1 5223.45 -71697.5 1418.8941
6.24 270.76201 -25.021411 46844.711 -66171.5 5166.6 -71338.1 1418.5682
6.25 278.5056 -130.28383 46678.363 -66440.8 5314.36 -71755.2 1417.4829
6.26 270.2367 54.110521 46642.669 -66119.5 5156.58 -71276.1 1424.4868
6.27 262.84413 570.10242 46563.373 -66684.6 5015.52 -71700.1 1421.9391
6.28 275.97637 391.60168 46524.981 -66417.2 5266.1 -71683.3 1420.5722
6.29 262.4915 -444.93338 46963.959 -66757.6 5008.79 -71766.4 1433.6615
6.3 265.21214 -413.92801 46847.796 -66629.2 5060.7 -71689.9 1432.3328
6.31 271.85048 -821.49186 47179.004 -66795 5187.37 -71982.4 1437.2083
6.32 263.67335 -564.40569 47277.975 -66404.2 5031.34 -71435.6 1440.1171
6.33 269.71823 753.22806 46566.371 -66470.2 5146.69 -71616.9 1428.4416
6.34 260.25504 317.52239 46494.08 -66259.4 4966.11 -71225.5 1428.5802
6.35 271.1297 699.24097 46447.703 -66051.8 5173.62 -71225.4 1433.454
6.36 265.33683 580.1818 46412.762 -66104.8 5063.08 -71167.9 1433.6989
6.37 263.30199 -199.49895 46837.863 -65864.9 5024.25 -70889.2 1443.9052
6.38 265.24115 711.89189 46136.621 -66093.7 5061.26 -71155 1431.0362
6.39 269.64195 -391.4131 46871.47 -65767.3 5145.23 -70912.6 1451.5261
6.4 263.59799 -342.34303 46887.104 -66186 5029.9 -71215.9 1459.1676
6.41 269.57486 127.11374 46806.817 -66079.1 5143.95 -71223 1457.3441
6.42 262.26047 146.80783 46772.793 -65958.6 5004.38 -70963 1457.6324
6.43 272.48544 -558.81659 47174.262 -65841.1 5199.49 -71040.6 1468.84
6.44 270.71197 273.19973 46558.532 -66078.5 5165.65 -71244.2 1463.3023
6.45 266.75215 184.59715 46577.428 -66304.8 5090.09 -71394.9 1463.0936
6.46 274.61032 -189.3473 46861.71 -66175.9 5240.04 -71415.9 1475.6299
6.47 263.50787 141.81658 46614.581 -66335.9 5028.18 -71364.1 1468.6874
6.48 271.78552 -234.77298 46879.666 -65864.2 5186.13 -71050.4 1478.9128
6.49 275.95299 28.353826 46719.904 -65500.1 5265.66 -70765.8 1478.3448
6.5 274.66178 73.767039 46705.467 -65323.9 5241.02 -70564.9 1478.7537
6.51 277.97882 225.10351 46516.759 -65562 5304.31 -70866.3 1479.6107
6.52 277.94135 138.684 46746.45 -65821.2 5303.6 -71124.8 1483.0292
6.53 271.21798 297.96467 46458.022 -65954.5 5175.3 -71129.8 1479.1342
6.54 273.99795 -149.68864 46924.977 -65868.4 5228.35 -71096.8 1492.8033
6.55 267.02165 -98.669791 46870.433 -66168.9 5095.23 -71264.2 1491.2205
6.56 265.76143 -413.68177 46995.347 -66313.7 5071.18 -71384.9 1500.4666
6.57 269.0089 -288.7644 46496.766 -65932.8 5133.15 -71066 1493.8318
6.58 264.66483 472.62308 46536.115 -66368.3 5050.26 -71418.5 1497.3718
6.59 282.51666 324.01886 46709.245 -66128.3 5390.9 -71519.2 1502.43
6.6 266.47633 234.1011 46493.447 -66303.2 5084.83 -71388 1501.7123
6.61 271.26647 -225.77515 46828.038 -66040.6 5176.23 -71216.8 1511.8729
6.62 262.0419 27.537942 46590.851 -66509.1 5000.21 -71509.3 1508.2532
6.63 273.80999 153.85227 46654.829 -66060.2 5224.76 -71285 1512.709
6.64 278.39384 -470.48664 46976.275 -66270 5312.23 -71582.2 1518.9094
6.65 270.45686 702.36982 46384.558 -66269.4 5160.78 -71430.2 1513.6855
6.66 266.56422 532.87314 46401.92 -66151.3 5086.5 -71237.8 1515.0743
6.67 269.35335 630.05396 46387.637 -66285.4 5139.72 -71425.1 1517.0916
6.68 272.57892 -200.8431 46899.425 -65981 5201.27 -71182.3 1529.2974
6.69 266.95169 487.43094 46511.818 -66226.4 5093.9 -71320.3 1522.2206
6.7 269.66449 130.78326 46759.033 -65908 5145.66 -71053.7 1530.0653
6.71 270.18635 681.14491 46310.214 -66226.1 5155.62 -71381.7 1517.0166
6.72 277.07226 -324.02233 46921.494 -65701.1 5287.01 -70988.1 1530.1882
6.73 266.09276 -181.75876 46868.383 -66059.7 5077.51 -71137.2 1527.7969
6.74 262.83886 52.850443 46692.922 -65744.9 5015.42 -70760.3 1523.6272
6.75 261.18728 70.62939 46809.797 -66019.3 4983.9 -71003.2 1527.678
6.76 278.14624 25.094835 46827.941 -65564.6 5307.51 -70872.1 1535.2941
6.77 273.70818 -196.97159 46933.734 -65488.2 5222.82 -70711 1536.8724
6.78 264.53562 749.4552 46342.844 -65763.6 5047.79 -70811.4 1531.9522
6.79 266.04369 224.06701 46755.323 -65757.6 5076.57 -70834.2 1544.5176
6.8 267.1169 502.87432 46463.668 -65886.9 5097.05 -70983.9 1537.4619
6.81 274.97484 736.63431 46245.75 -65467.3 5246.99 -70714.3 1533.8843
6.82 261.64034 435.4072 46497.652 -65182.5 4992.55 -70175.1 1540.1683
6.83 275.87983 -406.82528 46672.227 -64927.7 5264.26 -70192 1549.3297
6.84 267.42932 -372.69879 46767.695 -64985.7 5103.01 -70088.7 1556.8468
6.85 272.26542 -133.00323 46793.013 -64895.1 5195.29 -70090.4 1564.2756
6.86 274.69515 -141.59511 46655.214 -64297.8 5241.65 -69539.5 1565.2739
6.87 267.00987 -272.6798 46712.164 -64371.4 5095.01 -69466.4 1568.1166
6.88 264.78903 34.826545 46510.231 -64708.5 5052.63 -69761.2 1574.8803
6.89 268.97634 67.582477 46599.668 -64381.2 5132.53 -69513.7 1583.8022
6.9 267.05429 343.62789 46343.152 -64842.4 5095.85 -69938.3 1579.615
6.91 270.39539 107.05504 46449.265 -64673 5159.61 -69832.6 1593.1787
6.92 272.9807 -104.29967 46539.312 -64323.9 5208.94 -69532.9 1601.3457
6.93 265.81781 163.12691 46400.016 -64862 5072.26 -69934.3 1609.3317
6.94 268.88927 -35.515962 46567.543 -64455.9 5130.87 -69586.8 1608.853
6.95 269.57291 279.122 46338.205 -64967.7 5143.91 -70111.6 1614.0822
6.96 267.85398 129.75671 46520.617 -64291.6 5111.11 -69402.7 1622.8114
6.97 276.05247 300.18608 46342.834 -64233.5 5267.55 -69501.1 1621.003
6.98 263.8709 484.10479 46498.615 -64512.9 5035.11 -69548 1632.2332
6.99 274.22547 -431.25374 46877.497 -64749.7 5232.69 -69982.4 1655.3386
7 275.90453 77.643412 46611.843 -64583.8 5264.73 -69848.5 1656.3437
7.01 270.4117 108.63515 46415.051 -65060.2 5159.92 -70220.1 1655.162
7.02 263.06721 -186.5499 46497.794 -64873.3 5019.77 -69893 1662.7703
7.03 267.36292 447.91902 46440.418 -64784 5101.74 -69885.8 1668.0927
7.04 277.32405 546.54061 46288.099 -64451.9 5291.82 -69743.7 1665.7062
7.05 269.23087 -396.31615 46880.171 -64915.7 5137.39 -70053.1 1683.3724
7.06 263.90914 -709.46338 47023.032 -65140.5 5035.84 -70176.4 1699.0755
7.07 278.65812 85.59835 46667.694 -64699.3 5317.27 -70016.6 1693.6012
7.08 269.81166 216.57932 46547.63 -64978.5 5148.47 -70127 1700.726
7.09 270.86334 -334.67241 46700.293 -64791.7 5168.54 -69960.2 1706.3503
7.1 267.77495 384.84757 46248.48 -64452.1 5109.61 -69561.7 1697.9483
7.11 279.29336 612.40177 46488.207 -64430 5329.4 -69759.4 1704.2932
7.12 267.72033 414.87153 46488.926 -64723.5 5108.56 -69832.1 1710.857
7.13 262.83632 -550.27689 46946.995 -64827 5015.37 -69842.4 1724.6163
7.14 273.4338 219.10092 46414.708 -64835.1 5217.59 -70052.7 1724.9474
7.15 272.42902 14.489806 46407.431 -64697.3 5198.41 -69895.7 1729.3255
7.16 276.87407 -120.26043 46526.861 -64496.9 5283.23 -69780.2 1744.6035
7.17 257.82838 -357.23013 46783.845 -64700.7 4919.81 -69620.5 1765.51
7.18 257.28314 388.36852 46386.985 -64997.1 4909.4 -69906.5 1757.478
7.19 275.21494 -321.17941 46807.883 -64477 5251.57 -69728.6 1766.2978
7.2 276.9243 -72.013741 46602.452 -64734.4 5284.19 -70018.5 1775.9525
7.21 268.16596 450.01218 46471.227 -64480.8 5117.07 -69597.8 1781.4779
7.22 273.55332 55.731656 46578.119 -64387.4 5219.87 -69607.3 1792.2743
7.23 260.36719 -433.45568 46783 -64963.8 4968.25 -69932.1 1800.4535
7.24 274.72731 446.3917 46343.43 -64560.7 5242.27 -69803 1787.7168
7.25 269.92797 -261.42589 46907.446 -64669.7 5150.69 -69820.4 1794.8292
7.26 275.47582 883.91 46166.895 -64533.5 5256.55 -69790 1775.7663
7.27 262.69575 234.71013 46698.118 -64776.7 5012.69 -69789.4 1790.5564
7.28 270.12157 231.15242 46602.577 -64154.7 5154.38 -69309.1 1796.1931
7.29 265.27194 -203.26152 46519.755 -64347.9 5061.84 -69409.8 1799.2796
7.3 262.5892 -93.548676 46541.072 -64429.4 5010.65 -69440 1805.9502
7.31 268.43031 -591.28578 46677.139 -64849.5 5122.11 -69971.6 1810.2549
7.32 271.22984 232.3907 46539.916 -64330.5 5175.53 -69506 1813.5454
7.33 273.93641 831.27304 46574.855 -64556.8 5227.18 -69784 1818.3779
7.34 274.68818 56.772288 46819.242 -64247.4 5241.52 -69488.9 1836.4032
7.35 265.94924 266.52949 46437.91 -64546.1 5074.77 -69620.9 1825.4357
7.36 275.48041 -51.444069 46552.739 -64696 5256.64 -69952.6 1839.7679
7.37 275.63781 308.34219 46190.348 -64592.1 5259.64 -69851.7 1844.2994
7.38 271.88431 677.96583 46339.416 -64672.4 5188.02 -69860.4 1850.7189
7.39 276.40211 -307.42054 46673.971 -64890.4 5274.23 -70164.6 1865.8558
7.4 263.32661 -243.41971 46580.86 -65008.2 5024.72 -70032.9 1862.6858
7.41 275.86707 -211.25944 46863.654 -64850.3 5264.02 -70114.3 1866.932
7.42 268.92365 -954.12726 47129.434 -65019.5 5131.52 -70151 1885.6382
7.43 262.99371 815.25174 46192.23 -64692 5018.37 -69710.4 1866.2596
7.44 271.43612 -626.05924 46698.933 -64551.7 5179.47 -69731.1 1877.5392
7.45 283.76794 277.72121 46411.984 -65053.5 5414.78 -70468.2 1873.9816
7.46 267.09327 396.35449 46682.154 -65206.5 5096.6 -70303.1 1882.7146
7.47 254.46981 -107.20679 46796.972 -65570.7 4855.72 -70426.4 1888.2574
7.48 274.92238 74.793112 46588.689 -65109.2 5245.99 -70355.2 1884.9553
7.49 275.18729 -280.14313 46876.863 -65138.9 5251.05 -70389.9 1896.6689
7.5 271.51004 -15.917405 46553.677 -65463.7 5180.88 -70644.6 1889.3301
7.51 271.64024 -41.089491 46706.274 -65547.9 5183.36 -70731.3 1895.09
7.52 264.95996 -465.40479 46925.047 -65691.1 5055.89 -70747 1910.0279
7.53 274.37498 -652.41292 47143.69 -65212.7 5235.55 -70448.2 1917.3833
7.54 269.43605 -173.90609 46744.637 -65507.8 5141.3 -70649.1 1910.9256
7.55 272.36332 589.12105 46226.276 -65445.5 5197.16 -70642.6 1904.6971
7.56 265.86477 -449.29272 46968.307 -65646.3 5073.16 -70719.5 1928.9163
7.57 261.54685 352.98644 46522.269 -66077.6 4990.76 -71068.4 1923.2635
7.58 277.87352 675.76482 46469.996 -65646.7 5302.3 -70949 1926.1994
7.59 279.12818 -0.93577726 46721.66 -65791 5326.24 -71117.2 1935.4377
7.6 276.1721 569.69228 46501.86 -65831.5 5269.84 -71101.3 1933.4078
7.61 268.69313 132.78496 46442.4 -65749.8 5127.13 -70876.9 1933.3898
7.62 269.90308 -43.381209 46744.973 -65581.6 5150.21 -70731.8 1947.7965
7.63 264.82437 963.06026 46248.849 -65932.7 5053.3 -70986 1935.7423
7.64 286.01777 -376.20976 46967.616 -65321.7 5457.71 -70779.4 1959.7571
7.65 273.80422 -333.24508 46804.249 -65472.9 5224.65 -70697.5 1960.04
7.66 278.02665 -63.061461 46733.316 -65696.9 5305.23 -71002.1 1960.612
7.67 261.36266 -698.29958 47031.066 -66068.6 4987.25 -71055.8 1975.1873
7.68 277.18883 16.510122 46910.528 -66144.3 5289.24 -71433.6 1974.226
7.69 274.68835 57.88306 46771.957 -66146.3 5241.52 -71387.8 1971.9734
7.7 266.33372 531.98111 46543.041 -66439.1 5082.1 -71521.2 1965.7401
7.71 270.20246 -534.0078 47092.727 -66228.3 5155.93 -71384.2 1983.6867
7.72 274.49971 -935.65638 47254.239 -65995.1 5237.93 -71233.1 1989.8752
7.73 264.34886 -124.7666 46940.048 -66317.8 5044.23 -71362 1982.8697
7.74 273.24039 27.936998 46561.449 -66054.3 5213.9 -71268.2 1973.5971
7.75 273.00401 -17.165262 46582.639 -66231.2 5209.38 -71440.6 1980.128
7.76 269.1727 -438.91875 46980.382 -66320.1 5136.28 -71456.3 1993.2388
7.77 272.04103 420.06198 46557.126 -66182.5 5191.01 -71373.5 1977.7812
7.78 280.63157 -371.37695 46950.232 -66006.3 5354.93 -71361.2 1985.7303
7.79 261.59863 -653.28555 47106.492 -66376.9 4991.75 -71368.7 1994.0041
7.8 265.7387 -665.92096 47029.908 -66594.8 5070.75 -71665.5 1995.074
7.81 271.04612 237.54791 46802.496 -66366.6 5172.02 -71538.6 1986.7067
7.82 264.21494 217.50626 46594.924 -66360.1 5041.67 -71401.7 1981.5871
7.83 271.83233 749.27815 46132.314 -65964.4 5187.03 -71151.4 1970.7322
7.84 263.59594 -449.97643 47086.813 -65993.3 5029.86 -71023.1 2002.004
7.85 277.12273 648.88625 46431.326 -65476.9 5287.98 -70764.9 1985.9026
7.86 261.20523 -49.433031 46540.235 -65751.7 4984.24 -70736 1992.7271
7.87 271.91785 70.684772 46740.257 -65606.3 5188.66 -70795 2001.989
7.88 269.42587 -524.92588 47044.087 -65890.1 5141.11 -71031.2 2010.5701
7.89 272.95095 -487.32793 47066.802 -66248.4 5208.37 -71456.8 2015.2202
7.9 266.3826 -452.62753 46900.935 -65840.8 5083.04 -70923.9 2012.324
7.91 264.41768 323.08149 46502.61 -66102.9 5045.54 -71148.5 2006.354
7.92 274.68915 -71.502902 46923.099 -65862.3 5241.54 -71103.9 2018.9181
7.93 263.33911 227.52292 46713.595 -66065 5024.96 -71090 2016.9605
7.94 278.21758 -16.45674 46604.679 -65552.4 5308.87 -70861.3 2021.7093
7.95 262.85104 -191.50434 46671.703 -65887.2 5015.65 -70902.8 2030.8892
7.96 275.43093 -140.18961 46821.125 -65908 5255.69 -71163.7 2036.7506
7.97 267.63998 193.8501 46652.649 -66021.7 5107.03 -71128.8 2032.9972
7.98 272.49738 -210.18127 46875.602 -65877 5199.72 -71076.7 2037.9371
7.99 276.2285 -162.9502 46762.828 -66054.6 5270.91 -71325.5 2038.1714
8 262.01522 50.539819 46805.123 -65731 4999.7 -70730.7 2042.1133
8.01 265.4863 -89.811233 46731.696 -66095 5065.93 -71161 2040.5568
8.02 270.49092 -371.50549 46928.106 -66029.2 5161.43 -71190.6 2045.2498
8.03 281.64754 -329.45482 46967.893 -65644.3 5374.32 -71018.6 2045.3483
8.04 267.34108 -4.439855 46529.795 -66035.8 5101.33 -71137.1 2032.8999
8.05 252.28412 201.33141 46564.072 -66169.3 4814.01 -70983.3 2031.0107
8.06 260.85744 -52.235056 46760.718 -65749.6 4977.61 -70727.2 2045.0261
8.07 274.20763 51.902111 46627.949 -65406.6 5232.35 -70638.9 2045.5629
8.08 271.17438 -28.622434 46701.086 -65676.4 5174.47 -70850.9 2045.2394
8.09 280.52581 390.66619 46575.876 -65485.4 5352.91 -70838.3 2033.9685
8.1 260.91066 -130.56472 46780.503 -65604.3 4978.62 -70582.9 2043.0974
8.11 264.77003 -11.280081 46670.194 -65696.9 5052.27 -70749.2 2045.0189
8.12 266.31018 -342.08056 46897.243 -65694.9 5081.66 -70776.6 2053.3126
8.13 269.11674 716.61618 46238.45 -65833.6 5135.21 -70968.8 2038.6605
8.14 271.26542 -44.956659 46739.577 -65570.6 5176.21 -70746.8 2050.6504
8.15 261.4734 -418.17827 46954.876 -65849.3 4989.36 -70838.7 2058.2104
8.16 262.26437 497.84344 46453.363 -65527.8 5004.45 -70532.3 2046.0895
8.17 266.74717 614.02616 46417.293 -65715.7 5089.99 -70805.7 2048.1557
8.18 269.26926 229.25452 46423.483 -66103.5 5138.12 -71241.6 2052.826
8.19 267.11666 -539.6671 47042.203 -65757.8 5097.04 -70854.8 2075.182
8.2 260.12278 -170.89771 46594.789 -65652.8 4963.59 -70616.4 2069.4042
8.21 269.49274 132.08325 46559.589 -65480.4 5142.38 -70622.8 2068.0369
8.22 263.12967 31.003675 46735.92 -65708.2 5020.97 -70729.2 2079.9784
8.23 265.64157 -320.73801 46851.938 -65384.7 5068.9 -70453.6 2088.0547
8.24 265.39849 339.54468 46487.028 -65784.1 5064.26 -70848.3 2079.4015
8.25 266.08485 -178.50305 46816.936 -65440.2 5077.36 -70517.5 2091.9924
8.26 270.97143 217.21056 46614.618 -65729.6 5170.6 -70900.2 2090.8168
8.27 275.50586 -95.406443 46704.708 -65650.3 5257.12 -70907.5 2099.7887
8.28 267.81008 -79.595131 46712.597 -65851.5 5110.28 -70961.7 2102.8071
8.29 270.64453 305.91775 46481.201 -65728.2 5164.36 -70892.6 2092.4619
8.3 275.25146 503.39805 46440.473 -65844.9 5252.27 -71097.1 2085.717
8.31 263.47117 -253.54669 46807.295 -65994.8 5027.48 -71022.3 2099.5257
8.32 271.07195 161.60358 46681.686 -65826.9 5172.52 -70999.5 2106.7742
8.33 279.48636 74.374554 46762.798 -65512.1 5333.08 -70845.2 2115.4532
8.34 260.45813 1116.6586 46202.522 -65922.6 4969.99 -70892.6 2104.0992
8.35 274.47648 22.197733 46737.796 -66028.2 5237.48 -71265.6 2120.3766
8.36 273.47893 280.36528 46560.601 -65808.2 5218.45 -71026.6 2120.8903
8.37 267.51233 -529.35704 46907.25 -66012.8 5104.59 -71117.4 2129.6628
8.38 268.54842 -261.25389 47030.447 -66023.1 5124.36 -71147.5 2140.3115
8.39 269.91619 86.745938 46627.943 -65903.9 5150.46 -71054.4 2126.8678
8.4 266.85687 -188.96958 46738.08 -65952.4 5092.09 -71044.5 2139.6457
8.41 269.83955 153.38226 46625.114 -65867.4 5149 -71016.4 2138.0961
8.42 278.19079 -58.460869 46827.089 -66191.6 5308.36 -71500 2142.4891
8.43 258.82732 -637.03091 47116.275 -66271.6 4938.87 -71210.4 2154.3119
8.44 268.69662 526.97612 46509.036 -66076.4 5127.19 -71203.6 2140.4239
8.45 270.35805 493.428 46540.556 -66230.2 5158.9 -71389.1 2140.6244
8.46 266.56822 -89.341441 46827.33 -66133.9 5086.58 -71220.5 2148.6214
8.47 279.58028 99.447786 46626.189 -66006.7 5334.87 -71341.6 2144.5205
8.48 264.03471 394.21571 46636.36 -65930.9 5038.24 -70969.2 2150.0937
8.49 269.28869 -558.16827 47039.31 -65486 5138.49 -70624.5 2166.3036
8.5 274.18535 -4.1263451 46482.652 -65325.5 5231.93 -70557.4 2155.8083
8.51 262.922 234.59899 46667.445 -65709.6 5017 -70726.6 2168.0058
8.52 272.63482 391.81169 46657.312 -65459.7 5202.34 -70662.1 2169.7661
8.53 262.01751 97.076888 46573.298 -65932.4 4999.74 -70932.1 2167.8647
8.54 269.5974 -482.16681 47000.72 -65530 5144.38 -70674.4 2185.9625
8.55 260.12725 28.775389 46802.971 -65705.9 4963.67 -70669.5 2187.592
8.56 267.18872 -360.57828 46840.905 -65305.1 5098.42 -70403.6 2192.5572
8.57 262.97302 555.96176 46409.877 -66017 5017.98 -71035 2180.5667
8.58 269.35415 -42.801782 46735.865 -65395.1 5139.74 -70534.9 2200.0255
8.59 261.1376 564.86673 46424.54 -65625.6 4982.95 -70608.5 2202.6597
8.6 262.36995 -140.01388 46481.574 -65300.7 5006.47 -70307.1 2215.3915
8.61 265.47093 550.43717 46423.531 -65507 5065.64 -70572.6 2225.3145
8.62 265.28414 -115.31112 46610.731 -65779.9 5062.08 -70842 2231.8828
8.63 262.80932 305.68664 46646.425 -65802.1 5014.85 -70817 2232.957
8.64 283.4691 -168.12222 46880.235 -65063.6 5409.08 -70472.7 2247.7063
8.65 265.22264 281.90651 46597.489 -65777.2 5060.9 -70838.1 2239.0298
8.66 270.86936 474.42967 46299.342 -65457.3 5168.65 -70625.9 2234.7417
8.67 261.24767 -189.91308 46901.239 -66279.6 4985.05 -71264.7 2251.7664
8.68 269.88253 -262.81974 46970.344 -65596.1 5149.82 -70745.9 2251.9368
8.69 274.88081 -192.65141 46693.012 -65227.1 5245.2 -70472.3 2242.997
8.7 266.91901 622.80245 46387.875 -65799.4 5093.27 -70892.6 2237.3588
8.71 271.47083 193.81101 46567.918 -66068.4 5180.13 -71248.6 2248.714
8.72 264.77447 -744.28944 47010.036 -65920.8 5052.35 -70973.2 2264.9407
8.73 272.88076 626.21549 46558.437 -65718 5207.03 -70925 2249.401
8.74 263.13055 438.19043 46511.504 -65976.2 5020.98 -70997.1 2251.5281
8.75 270.38861 699.33988 46339.559 -65913.8 5159.48 -71073.2 2250.2623
8.76 274.10022 -180.46685 46923.059 -66121.2 5230.3 -71351.5 2269.5969
8.77 264.76861 -590.33986 47002.962 -66245.9 5052.24 -71298.2 2271.0845
8.78 273.15334 -387.48817 47244.887 -65838.8 5212.23 -71051.1 2282.894
8.79 257.25338 -522.66051 46972.188 -66180.7 4908.84 -71089.5 2278.081
8.8 277.98726 121.08092 46717.691 -65686.1 5304.47 -70990.5 2272.939
8.81 266.0353 95.629695 46498.361 -66061.5 5076.41 -71137.9 2267.3364
8.82 276.68831 -337.02688 46670.42 -65803.2 5279.69 -71082.9 2274.6004
8.83 262.68499 -830.86548 47127.014 -66099.3 5012.48 -71111.7 2292.3746
8.84 272.26299 -552.37942 47133.25 -65743.3 5195.24 -70938.6 2288.744
8.85 271.01243 -79.836713 46886.388 -65881.4 5171.38 -71052.8 2285.0545
8.86 268.66608 137.69257 46686.647 -65910.6 5126.61 -71037.2 2282.9021
8.87 271.96324 -357.73017 46723.035 -65911 5189.53 -71100.5 2276.6364
8.88 270.44479 158.2083 46618.479 -65670.5 5160.55 -70831 2286.5558
8.89 266.76583 71.917923 46551.232 -65945.4 5090.35 -71035.8 2282.1204
8.9 272.47162 -409.7185 46993.434 -65847.9 5199.23 -71047.1 2298.584
8.91 268.69338 -223.3486 46800.605 -66068.9 5127.13 -71196 2296.8953
8.92 275.49408 108.31476 46746.868 -65941.3 5256.9 -71198.2 2295.8523
8.93 274.36732 -565.59851 47097.136 -66492.6 5235.4 -71728 2314.2336
8.94 271.79576 -280.70177 47136.719 -66295.1 5186.33 -71481.4 2319.7698
8.95 269.96607 -142.50874 46847.075 -66236.8 5151.42 -71388.2 2312.111
8.96 268.79906 -308.72235 47095.869 -66372.5 5129.15 -71501.7 2322.9363
8.97 272.67692 -257.74831 46941.061 -66247.1 5203.14 -71450.3 2316.9728
8.98 264.72154 -216.50338 46901.943 -66583.2 5051.34 -71634.6 2322.3741
8.99 275.40822 474.08658 46779.778 -66085.3 5255.26 -71340.6 2319.5525
9 277.00148 238.58148 46513.92 -66178.6 5285.66 -71464.3 2308.1106
9.01 274.9546 173.85829 46713.63 -66329.6 5246.61 -71576.2 2316.2868
9.02 274.30746 135.64061 46677.395 -66244.2 5234.26 -71478.5 2313.2712
9.03 267.08278 -45.989403 46758.892 -66662.3 5096.4 -71758.7 2312.2944
9.04 268.89043 214.0855 46488.84 -66312.2 5130.89 -71443.1 2304.7034
9.05 272.15196 77.781869 46749.139 -66079.3 5193.13 -71272.4 2315.5718
9.06 274.35094 -250.34267 46734.967 -66352.9 5235.09 -71587.9 2315.0813
9.07 260.99645 330.6707 46496.824 -66798.2 4980.26 -71778.5 2305.9963
9.08 271.70073 -212.46757 46900 -66348.6 5184.52 -71533.1 2315.9826
9.09 278.96651 49.750621 46766.042 -65678.1 5323.16 -71001.2 2311.6377
9.1 273.55021 -530.90874 46840.366 -65805.2 5219.81 -71025 2324.1344
9.11 260.20656 573.67783 46405.459 -65970.5 4965.19 -70935.7 2307.7473
9.12 272.769 -163.49472 46642.945 -65805.9 5204.9 -71010.8 2320.6087
9.13 275.97956 -306.4252 46925.359 -65879 5266.16 -71145.2 2335.0028
9.14 265.14895 -568.12926 47033.769 -66206.1 5059.5 -71265.6 2341.8799
9.15 282.36005 -230.23988 46943.328 -65897.9 5387.91 -71285.8 2345.8431
9.16 270.40318 -64.251214 46655.201 -66371.4 5159.76 -71531.2 2336.0442
9.17 271.8994 -33.295919 46791.321 -65922.2 5188.31 -71110.5 2339.9162
9.18 264.17398 79.954032 46658.285 -66161.5 5040.89 -71202.4 2336.3497
9.19 262.88635 -90.601037 46775.511 -66653.6 5016.32 -71670 2345.5488
9.2 270.2612 174.45539 46715.169 -66585.2 5157.05 -71742.2 2344.7974
9.21 263.48014 -451.39349 46968.913 -66649 5027.65 -71676.7 2353.8973
9.22 276.02978 -274.88234 46913.155 -66329.1 5267.12 -71596.2 2350.6448
9.23 280.46156 20.933186 46794.9 -66507.6 5351.69 -71859.3 2344.6777
9.24 268.00262 -114.88099 46719.502 -66758.3 5113.95 -71872.2 2342.3118
9.25 269.8977 -108.02326 46790.476 -66325.1 5150.11 -71475.2 2341.0009
9.26 270.4859 -399.52261 46805.153 -66709.8 5161.33 -71871.2 2345.8184
9.27 269.50637 301.50058 46678.934 -66308.3 5142.64 -71451 2342.7287
9.28 264.78451 -50.518027 46634.199 -66498.2 5052.54 -71550.8 2344.1938
9.29 275.75762 351.39332 46794.349 -66100.8 5261.93 -71362.8 2353.2493
9.3 261.85657 -35.650527 46740.007 -66577.1 4996.67 -71573.8 2354.6334
9.31 277.40066 312.9059 46601.056 -66454.1 5293.28 -71747.4 2352.4808
9.32 268.12732 447.83993 46490.253 -66490.2 5116.33 -71606.5 2347.0881
9.33 274.57774 -166.02064 46886.656 -66254.2 5239.41 -71493.6 2360.5503
9.34 269.66636 -325.82759 47022.119 -66501.7 5145.7 -71647.4 2369.6655
9.35 264.13028 131.41489 46868.486 -66345.8 5040.06 -71385.9 2364.6392
9.36 271.96629 228.92163 46586.382 -66493.6 5189.58 -71683.2 2354.4078
9.37 269.24338 21.995242 46879.47 -66412.9 5137.63 -71550.5 2363.0446
9.38 270.39219 60.07008 46730.803 -66007.9 5159.55 -71167.5 2360.6962
9.39 264.64676 521.53236 46504.941 -66288.4 5049.91 -71338.4 2351.6755
9.4 274.37101 436.12311 46401.182 -66349.3 5235.47 -71584.8 2346.8349
9.41 277.67795 769.50297 46486.364 -66559.5 5298.57 -71858 2350.4983
9.42 267.34609 -161.74882 46686.789 -66361.2 5101.42 -71462.6 2357.5119
9.43 255.19156 -240.66998 47040.667 -66933.1 4869.49 -71802.6 2366.6415
9.44 271.87211 -601.4635 47213.993 -66651.8 5187.79 -71839.6 2374.621
9.45 267.97545 606.47174 46401.44 -66629.7 5113.43 -71743.1 2346.9242
9.46 273.80942 100.03055 46647.016 -66472 5224.75 -71696.8 2350.4962
9.47 276.97593 -661.37669 47271.924 -66290.8 5285.18 -71576 2380.0954
9.48 273.06293 -351.09314 47139.056 -66359.8 5210.51 -71570.3 2373.1788
9.49 266.5252 -97.213324 46827.705 -66363.4 5085.76 -71449.2 2359.7381
9.5 270.5317 -176.19923 47119.656 -66415.6 5162.21 -71577.8 2371.9265
9.51 259.91933 -465.00609 47140.069 -66749 4959.71 -71708.7 2373.2138
9.52 276.87129 679.24204 46385.344 -66416.1 5283.18 -71699.3 2348.3574
9.53 269.2895 -713.57815 47226.792 -66461.9 5138.51 -71600.4 2376.0694
9.54 266.43436 366.04223 46402.672 -66366 5084.02 -71450 2350.9606
9.55 273.32055 572.56222 46597.661 -65902.8 5215.42 -71118.2 2359.9484
9.56 273.35611 128.03014 46726.917 -66234.3 5216.1 -71450.4 2363.7317
9.57 269.75617 -214.54601 46790.202 -66171.8 5147.41 -71319.2 2369.3637
9.58 270.64266 -178.02079 46817.786 -66050.1 5164.33 -71214.5 2368.6875
9.59 273.67452 246.09901 46596.326 -66080.9 5222.18 -71303.1 2362.547
9.6 268.45728 -476.95915 47044.689 -66147.6 5122.63 -71270.3 2376.0429
9.61 269.69072 -550.32521 46966.253 -65796.7 5146.16 -70942.9 2378.4735
9.62 262.01182 -464.58992 46700.821 -65888.2 4999.63 -70887.8 2375.0621
9.63 271.12419 -496.22609 47095.067 -65510.6 5173.51 -70684.1 2392.172
9.64 277.41952 -538.49078 46970.98 -65532.1 5293.64 -70825.7 2385.959
9.65 265.54415 -519.60114 47017.769 -65829.6 5067.04 -70896.6 2397.7996
9.66 275.47495 433.19199 46465.047 -65659.1 5256.53 -70915.6 2378.2067
9.67 269.72338 238.53891 46573.62 -65689.4 5146.78 -70836.1 2381.8405
9.68 267.76028 -294.26609 46808.679 -65603.2 5109.33 -70712.6 2388.315
9.69 272.04064 361.15076 46596.684 -65835.5 5191 -71026.5 2386.0992
9.7 272.18002 330.77541 46589.628 -65786.2 5193.66 -70979.9 2392.6858
9.71 281.9631 169.62762 46699.516 -65591.7 5380.34 -70972.1 2403.4368
9.72 272.3585 -597.48251 47100.428 -65617.9 5197.07 -70814.9 2420.1301
9.73 263.25045 113.59687 46577.19 -66064 5023.27 -71087.2 2405.5912
9.74 270.28363 -91.526386 46842.334 -65749.4 5157.48 -70906.9 2416.2512
9.75 266.26731 114.33426 46738.094 -66199.7 5080.84 -71280.5 2417.3094
9.76 270.71761 -655.32033 47147.768 -66118.4 5165.76 -71284.1 2429.1244
9.77 265.90629 -504.86773 47192.284 -66409.9 5073.95 -71483.8 2429.9788
9.78 264.02605 -817.60078 47250.866 -66729.6 5038.07 -71767.6 2433.987
9.79 266.95979 10.998895 46797.599 -66409.6 5094.05 -71503.7 2423.566
9.8 268.92611 -137.80535 46819.338 -66623.6 5131.57 -71755.2 2425.9653
9.81 272.25501 -357.37472 46973.38 -66321.9 5195.09 -71517 2438.7338
9.82 267.18131 -384.90975 46858.701 -66097.7 5098.28 -71196 2441.8183
9.83 264.71756 -506.39993 47069.128 -66370.3 5051.26 -71421.5 2451.9109
9.84 268.4511 -355.60289 46939.53 -66278.7 5122.51 -71401.2 2447.7363
9.85 273.72956 306.69519 46528.814 -66585.9 5223.23 -71809.1 2431.8595
9.86 265.04256 -11.990116 46667.811 -66196.9 5057.47 -71254.4 2435.2862
9.87 250.923 119.14491 46535.605 -66643.2 4788.04 -71431.2 2434.6518
9.88 264.43963 -141.93322 46857.005 -66206.9 5045.96 -71252.9 2447.9184
9.89 278.98893 213.29172 46625.543 -65944.2 5323.59 -71267.8 2440.6686
9.9 269.36957 354.43291 46512.789 -66254.4 5140.03 -71394.4 2443.0767
9.91 271.14241 334.36152 46675.524 -65970.1 5173.86 -71143.9 2445.3142
9.92 269.19613 -470.45611 47007.961 -65967.2 5136.72 -71103.9 2459.5094
9.93 264.68235 -217.25639 46961.909 -66205.8 5050.59 -71256.4 2460.5336
9.94 268.77172 -309.13001 46911.018 -65974.8 5128.63 -71103.5 2457.5075
9.95 270.4556 -141.84911 46925.025 -66201.6 5160.76 -71362.4 2464.3912
9.96 271.86764 -256.34055 46880.967 -65829 5187.7 -71016.7 2461.4414
9.97 274.99548 784.01372 46311.612 -66266.3 5247.39 -71513.7 2441.6494
9.98 278.61283 37.263695 46549.254 -65778.5 5316.41 -71094.9 2451.5636
