0 280.28694 -54.983784 46391.26 -63390.8 5348.36 -68739.1 11.990888
0.01 273.20721 -65.129074 46472.425 -63540.4 5213.26 -68753.7 24.536651
0.02 275.45285 191.78941 46216.731 -63513.1 5256.11 -68769.2 35.597341
0.03 271.43642 -191.35095 46685.585 -63338.1 5179.47 -68517.6 43.064298
0.04 269.77904 -146.9773 46438.536 -63515.4 5147.85 -68663.3 51.803862
0.05 269.10177 198.36061 46432.046 -63408.9 5134.92 -68543.9 63.001736
0.06 272.32527 121.61217 46236.822 -63389.3 5196.43 -68585.7 71.90705
0.07 269.21977 -689.76538 46744.216 -63236.2 5137.18 -68373.3 83.521983
0.08 281.11025 203.08488 46277.001 -63214.6 5364.07 -68578.7 93.360461
0.09 266.05868 208.09866 46336.669 -63314.5 5076.86 -68391.4 100.68832
0.1 279.9632 -273.50127 46572.677 -63701.3 5342.18 -69043.5 108.20151
0.11 277.63192 210.91319 46446.625 -63802.7 5297.69 -69100.4 118.57828
0.12 259.44669 -181.76296 46551.531 -63814.4 4950.69 -68765.1 131.50822
0.13 272.25978 276.25994 46396.15 -63507.8 5195.18 -68702.9 142.25251
0.14 281.54888 95.747921 46528.571 -63311.3 5372.44 -68683.7 151.54175
0.15 271.26836 584.80249 46087.918 -63473.8 5176.27 -68650 158.69861
0.16 287.57795 141.7139 46361.695 -62826.8 5487.48 -68314.3 166.15511
0.17 288.33714 -161.30588 46437.138 -62554.2 5501.97 -68056.2 177.34956
0.18 275.869 73.248043 46208.903 -62120.7 5264.05 -67384.8 188.49455
0.19 264.92064 46.126754 46157.867 -62410.1 5055.14 -67465.3 203.22962
0.2 271.48523 -244.52337 46145.988 -61900.7 5180.4 -67081.2 220.17536
0.21 274.37328 -425.20548 46301.569 -62005.8 5235.51 -67241.3 235.79539
0.22 275.69579 -692.87511 46587.035 -61888.4 5260.75 -67149.2 247.42694
0.23 275.40773 -192.77823 46363.406 -61597.6 5255.25 -66852.9 265.09244
0.24 276.44506 75.154308 46346.149 -61868.6 5275.05 -67143.7 278.75344
0.25 269.48763 -326.27465 46426.802 -61801.1 5142.29 -66943.4 289.11078
0.26 270.21659 227.40197 46201.55 -62057.2 5156.2 -67213.4 312.6416
0.27 279.18952 177.15293 46257.174 -61757.2 5327.41 -67084.7 323.60784
0.28 279.73349 821.75223 45884.715 -61537.3 5337.79 -66875.1 334.7848
0.29 268.85255 -705.0077 46189.146 -61358.7 5130.17 -66488.9 349.76756
0.3 275.79242 -165.47634 46062.871 -60966.5 5262.59 -66229.1 364.74058
0.31 272.65525 -77.348602 45744.651 -60499.7 5202.73 -65702.4 387.84697
0.32 271.64003 -353.03294 46029.993 -60031.6 5183.36 -65215 416.82486
0.33 281.79663 268.23506 45699.123 -59905.3 5377.16 -65282.4 447.24163
0.34 278.20935 -88.85294 46060.655 -59907.2 5308.71 -65216 479.77049
0.35 283.31966 -306.21616 45936.583 -59606 5406.23 -65012.3 508.57189
0.36 260.34968 -103.27183 45893.763 -60163.9 4967.92 -65131.9 536.67151
0.37 274.70411 368.6369 45464.269 -60007.7 5241.83 -65249.6 555.83958
0.38 264.56142 -513.65989 46056.238 -60253 5048.29 -65301.3 585.866
0.39 263.88559 542.39888 45443.74 -60184 5035.39 -65219.4 614.59638
0.4 269.14428 344.53636 45719.034 -60262.9 5135.73 -65398.6 640.8295
0.41 289.33258 1353.819 45139.535 -59884.1 5520.96 -65405.1 663.42385
0.42 275.87274 385.82239 45324.67 -59980.9 5264.13 -65245 701.22989
0.43 275.25169 392.47225 45761.464 -59703.7 5252.27 -64956 734.94315
0.44 284.08068 342.5681 45572.13 -59784.5 5420.75 -65205.2 761.6468
0.45 267.68274 -91.507085 45633.892 -60281 5107.85 -65388.8 791.12834
0.46 279.00336 -156.35443 45678.392 -59912 5323.86 -65235.9 824.74172
0.47 277.46493 722.80928 45494.127 -59803 5294.51 -65097.5 845.93638
0.48 268.18485 255.98898 45814.74 -60168.6 5117.43 -65286 872.50512
0.49 268.24705 655.18963 45401.041 -59988.9 5118.61 -65107.5 910.13398
0.5 273.95039 1183.055 45603.287 -59872 5227.44 -65099.4 943.88682
0.51 272.2307 40.604473 45710.377 -59999 5194.63 -65193.6 969.41645
0.52 271.31323 619.30365 45669.286 -60155 5177.12 -65332.1 996.46816
0.53 263.5727 529.41807 45582.067 -60248.4 5029.42 -65277.8 1015.5767
0.54 277.76707 58.394053 45624.932 -60213.9 5300.27 -65514.2 1042.1959
0.55 267.30451 -5.451974 45777.531 -60406.6 5100.63 -65507.2 1069.3835
0.56 273.83235 177.71666 45657.886 -60265.5 5225.19 -65490.7 1101.7016
0.57 273.54642 -120.546 45728.66 -59932.2 5219.73 -65151.9 1133.3638
0.58 278.73456 -657.80014 46028.109 -59930.4 5318.73 -65249.1 1171.8658
0.59 275.93364 -465.7897 45931.641 -59912.2 5265.29 -65177.5 1192.0024
0.6 274.77987 95.521615 45915.799 -59965.6 5243.27 -65208.9 1222.7098
0.61 277.60481 98.470014 45536.835 -60115.2 5297.18 -65412.4 1250.2094
0.62 274.65464 -478.83553 45698.298 -59920.6 5240.88 -65161.5 1275.9041
0.63 268.1483 570.25722 45842.029 -60064.2 5116.73 -65180.9 1299.4806
0.64 288.90141 -188.51293 45830.611 -59592.9 5512.73 -65105.6 1325.3461
0.65 269.83151 -191.06741 45642.468 -60146.7 5148.85 -65295.6 1356.3066
0.66 269.85493 -334.918 45934.978 -60090.5 5149.29 -65239.8 1394.3206
0.67 270.39867 -595.0907 45764.678 -59913 5159.67 -65072.7 1421.5005
0.68 279.00402 -123.46799 46049.038 -60068 5323.88 -65391.9 1454.6649
0.69 271.96573 -123.15705 45765.432 -60199.1 5189.57 -65388.6 1465.3005
0.7 272.51982 -306.78454 45869.481 -59850.3 5200.15 -65050.5 1499.3728
0.71 271.68472 115.0138 45947.699 -60140.8 5184.21 -65325 1525.0507
0.72 266.15768 -413.26515 45970.917 -60172.2 5078.75 -65250.9 1557.1999
0.73 275.80794 -19.863119 45510.435 -59754.5 5262.89 -65017.4 1566.763
0.74 270.2319 -147.4032 45608.658 -60303.9 5156.49 -65460.4 1594.4453
0.75 273.63827 -200.62305 45638.331 -60056.7 5221.49 -65278.2 1614.799
0.76 284.32432 675.86916 45445.379 -59800.6 5425.4 -65226 1630.1372
0.77 268.45894 545.05826 45642.591 -60260.4 5122.66 -65383.1 1656.0543
0.78 277.22821 137.26483 45879.393 -59896.1 5289.99 -65186.1 1699.1825
0.79 273.426 147.80298 45500.882 -59904.9 5217.44 -65122.3 1712.0347
0.8 268.30102 -151.16538 46053.807 -59999.5 5119.64 -65119.2 1751.1047
0.81 273.1894 -830.45987 45850.068 -60169.2 5212.92 -65382.1 1785.583
0.82 274.82167 -613.01117 45799.583 -59926 5244.07 -65170.1 1815.2376
0.83 276.30588 -398.98924 45556.515 -59864.6 5272.39 -65136.9 1847.8141
0.84 276.53934 418.65535 45849.035 -59700.8 5276.84 -64977.6 1876.9153
0.85 264.30172 -249.09673 45809.677 -60157.8 5043.33 -65201.2 1899.788
0.86 275.24561 -462.3204 45788.572 -59840.4 5252.16 -65092.6 1923.395
0.87 269.05636 16.440333 45685.416 -60272.3 5134.06 -65406.3 1943.2461
0.88 271.75662 36.390639 46079.253 -60131.3 5185.58 -65316.8 1988.9039
0.89 283.26125 -589.82138 45580.585 -59968.2 5405.11 -65373.3 1996.0412
0.9 271.29021 -217.02288 45725.21 -60201.2 5176.68 -65377.9 2026.2073
0.91 267.09614 410.99411 45575.578 -60165.9 5096.65 -65262.5 2046.1747
0.92 276.58256 92.176975 45739.578 -59921 5277.67 -65198.7 2079.4321
0.93 271.54839 -154.02097 45775.191 -60141.3 5181.61 -65322.9 2101.1971
0.94 267.84801 -779.87142 45878.852 -60308.8 5111 -65419.8 2134.3165
0.95 269.44273 425.68718 45785.682 -60242.5 5141.43 -65384 2176.4947
0.96 278.04863 -261.38167 45666.669 -60030 5305.64 -65335.6 2211.7673
0.97 275.95368 519.24 45647.825 -59756.9 5265.67 -65022.5 2246.6487
0.98 278.59513 -458.63875 45865.084 -59914.2 5316.07 -65230.3 2298.1178
0.99 272.74609 -114.04388 45573.985 -59986.4 5204.46 -65190.8 2321.2806
1 279.52921 520.05007 45630.862 -59830.8 5333.9 -65164.7 2340.1795
1.01 283.72451 -258.17122 45750.385 -59730.9 5413.95 -65144.8 2374.3075
1.02 276.2269 488.06604 45392.512 -59906.5 5270.88 -65177.4 2392.4475
1.03 268.6502 -1144.0685 46007.54 -60238.5 5126.31 -65364.8 2435.9302
1.04 270.55889 257.00508 45924.309 -60000.3 5162.73 -65163 2446.8761
1.05 274.85113 -133.60106 45917.856 -60094.3 5244.63 -65338.9 2487.1351
1.06 282.53028 -5.2046755 45620.216 -60086.7 5391.16 -65477.9 2518.3779
1.07 282.02559 809.00241 45554.919 -59913.4 5381.53 -65294.9 2548.1091
1.08 278.01868 441.26145 45801.857 -59939.2 5305.07 -65244.3 2584.2746
1.09 272.98673 197.14153 45795.734 -59943.1 5209.05 -65152.1 2601.6423
1.1 263.49864 -260.128 45948.944 -60195 5028.01 -65223 2637.7893
1.11 267.33011 -151.85502 45716.316 -60370.9 5101.12 -65472 2659.0016
1.12 275.33042 -663.73832 46064.168 -59967.4 5253.78 -65221.2 2693.1356
1.13 278.89172 634.3499 45676.911 -59894.4 5321.73 -65216.2 2699.8803
1.14 279.88522 -735.29702 45829.123 -59986.5 5340.69 -65327.2 2727.8101
1.15 265.43982 605.98712 45354.743 -60006.3 5065.05 -65071.3 2738.797
1.16 275.78507 176.08268 45780.255 -59737.5 5262.45 -65000 2772.0242
1.17 275.84188 226.81825 45503.196 -59968.4 5263.54 -65231.9 2789.7423
1.18 280.42103 -54.511715 46022.654 -59565.1 5350.91 -64916 2851.3406
1.19 279.50442 675.67004 45391.363 -59874.6 5333.42 -65208.1 2843.4223
1.2 291.26278 -277.90971 45773.134 -59851.2 5557.79 -65409 2897.7393
1.21 270.36236 276.30827 46033.766 -60116.1 5158.98 -65275 2936.6956
1.22 262.5358 -235.79295 45519.162 -59951.9 5009.63 -64961.5 2946.858
1.23 284.13971 -75.319252 45741.829 -59729.6 5421.87 -65151.5 2986.7348
1.24 265.1775 -66.742503 45705.919 -60030.7 5060.04 -65090.7 3013.879
1.25 270.4582 442.61456 45654.429 -60095.3 5160.81 -65256.1 3065.2471
1.26 272.68459 -243.3497 45632.854 -59898.5 5203.29 -65101.8 3101.4127
1.27 274.18517 -323.89966 45746.541 -59924.8 5231.92 -65156.7 3120.1668
1.28 280.54881 -573.6469 45855.951 -59787.2 5353.35 -65140.6 3163.4322
1.29 274.21582 452.91842 45399.233 -60115.1 5232.51 -65347.6 3154.6061
1.3 274.95121 155.28101 45754.475 -59832.7 5246.54 -65079.2 3197.0335
1.31 274.80769 237.84927 45847.991 -59838.5 5243.8 -65082.3 3227.405
1.32 268.70362 -474.115 45608.524 -60178.7 5127.33 -65306 3244.2756
1.33 273.69596 -304.07926 45799.054 -60002.2 5222.59 -65224.8 3282.8493
1.34 274.2117 -350.7698 45909.352 -60023.6 5232.43 -65256 3310.6301
1.35 259.54847 -199.97512 45565.307 -60492.7 4952.63 -65445.3 3317.7189
1.36 289.50363 25.243717 45954.094 -59700.3 5524.23 -65224.6 3335.4517
1.37 273.3746 457.15464 45832.623 -59952.1 5216.46 -65168.6 3366.4971
1.38 271.14884 -98.692327 45800.802 -60215.3 5173.99 -65389.3 3394.2573
1.39 274.52838 -626.82617 46051.365 -59736.2 5238.47 -64974.7 3419.8946
1.4 271.5863 347.09308 45706.107 -60151.7 5182.33 -65334.1 3435.2228
1.41 270.7604 178.15378 45737.893 -59869.5 5166.57 -65036.1 3473.462
1.42 267.2183 211.97934 45666.247 -60462.1 5098.98 -65561 3500.9196
1.43 267.48477 144.68862 45586.599 -60210.7 5104.07 -65314.7 3522.3746
1.44 262.74499 317.33819 45576.767 -60286.8 5013.63 -65300.4 3559.85
1.45 281.9771 307.46765 45746.56 -60079.7 5380.61 -65460.3 3595.0032
1.46 274.58181 -199.58778 45642.364 -59910.7 5239.49 -65150.2 3628.3726
1.47 271.28282 -1062.6493 46081.392 -60275.3 5176.54 -65451.8 3685.3627
1.48 277.03918 34.678831 45663.297 -60025.7 5286.38 -65312 3707.6375
1.49 276.18532 -138.55606 45909.032 -59805.1 5270.09 -65075.2 3754.4506
1.5 281.22167 699.44984 45426.451 -59916 5366.19 -65282.2 3750.6003
1.51 264.50497 -82.732309 45421.324 -60292.3 5047.21 -65339.5 3784.0111
1.52 273.81095 233.04482 45937.15 -59922.1 5224.78 -65146.9 3841.6542
1.53 276.62381 554.26851 45365.506 -59929 5278.46 -65207.4 3853.9508
1.54 283.00939 797.63413 45695.126 -59957.2 5400.3 -65357.5 3894.413
1.55 272.66272 -483.44528 45726.959 -60069.8 5202.87 -65272.7 3912.9429
1.56 278.6156 100.96356 45595.734 -59957.4 5316.46 -65273.9 3921.228
1.57 282.43239 243.10423 45851.501 -59598.3 5389.29 -64987.6 3944.0531
1.58 273.28992 21.810258 45705.528 -60056.1 5214.84 -65270.9 3971.6426
1.59 276.45137 64.568524 45304.047 -59980 5275.17 -65255.1 3969.8677
1.6 281.54845 58.089404 45752.662 -59862.2 5372.43 -65234.6 4026.3577
1.61 274.71839 369.82932 45732.156 -60174.4 5242.1 -65416.5 4056.8049
1.62 278.50514 143.19349 45834.515 -59607.1 5314.36 -64921.4 4087.2774
1.63 273.41025 -102.62302 45613.653 -60032.8 5217.14 -65249.9 4116.0372
1.64 278.08653 723.44487 45439.942 -59779.4 5306.37 -65085.8 4125.8264
1.65 276.5359 13.780005 45535.16 -60026.6 5276.78 -65303.4 4175.2204
1.66 271.82589 106.62051 45388.589 -60404 5186.9 -65590.9 4208.897
1.67 270.85759 -257.08673 45592.066 -59989.9 5168.43 -65158.3 4249.9922
1.68 280.78432 373.18255 45942.691 -59790.1 5357.85 -65148 4283.9078
1.69 276.91498 11.295629 45439.974 -59844.5 5284.01 -65128.5 4252.487
1.7 273.81593 368.26154 45650.122 -59927.8 5224.88 -65152.7 4296.0978
1.71 274.5573 -46.732403 45500.341 -59948.1 5239.02 -65187.1 4305.7826
1.72 274.61484 225.24274 45662.532 -59899.2 5240.12 -65139.3 4333.7075
1.73 283.15197 503.7798 45322.11 -60044.5 5403.03 -65447.5 4336.4226
1.74 273.6244 10.584993 45627.819 -59782.3 5221.22 -65003.5 4381.6149
1.75 275.43482 293.80794 45717.159 -60168 5255.77 -65423.7 4409.5062
1.76 269.36345 580.65296 45374.078 -60038.6 5139.92 -65178.5 4428.0762
1.77 279.48255 -249.05721 45774.882 -59968.8 5333.01 -65301.8 4495.9846
1.78 271.97502 -494.10931 45992.199 -59839.1 5189.75 -65028.9 4526.3124
1.79 273.44246 209.6912 45575.095 -60049.4 5217.75 -65267.2 4529.9276
1.8 276.59969 -700.21782 45803.912 -60059.4 5278 -65337.4 4578.6442
1.81 273.81849 455.25098 45679.299 -60230.2 5224.93 -65455.2 4609.3397
1.82 273.14281 545.68636 45726.886 -59928.8 5212.03 -65140.8 4623.3139
1.83 270.85504 136.2992 45595.162 -60121.3 5168.38 -65289.7 4654.2387
1.84 266.50206 -301.83986 45946.577 -59962.9 5085.32 -65048.2 4702.4707
1.85 270.19103 175.74898 45889.262 -59574.5 5155.71 -64730.2 4727.6686
1.86 274.04173 -88.29074 46010.787 -60049.6 5229.19 -65278.8 4771.0395
1.87 279.72928 590.56263 45782.716 -59828.8 5337.71 -65166.6 4766.28
1.88 279.44191 -184.92585 46043.53 -60140.6 5332.23 -65472.8 4819.0648
1.89 283.50919 -40.213028 45581.463 -59792.6 5409.84 -65202.4 4824.3744
1.9 263.40208 -128.48144 45824.537 -60255.6 5026.16 -65281.8 4868.8753
1.91 283.44647 -547.84077 45864.027 -59678.8 5408.64 -65087.4 4912.1498
1.92 281.24002 172.99735 45631.011 -59947.6 5366.54 -65314.2 4933.8978
1.93 276.32922 969.3114 45511.865 -59875.8 5272.84 -65148.7 4962.3682
1.94 268.68694 -145.21389 45792.188 -60235.8 5127.01 -65362.8 4996.8096
1.95 276.5709 825.20573 45202.45 -60157.7 5277.45 -65435.2 4977.2421
1.96 278.12364 42.11676 45769.23 -59595.1 5307.08 -64902.2 5039.6875
1.97 276.81436 395.44936 45731.655 -60076 5282.09 -65358.1 5052.2502
1.98 266.88137 -810.65112 45915.707 -60018.4 5092.55 -65110.9 5095.8645
1.99 263.29154 -200.96294 45936.109 -60366.6 5024.05 -65390.6 5123.3333
2 273.39646 -153.21811 45728.233 -60016.7 5216.87 -65233.6 5155.1083
2.01 278.96043 -508.79063 45642.697 -59907.5 5323.04 -65230.6 5174.011
2.02 260.25298 54.070438 45890.138 -60362.4 4966.07 -65328.4 5201.6704
2.03 272.13083 -19.863369 45510.044 -60148.7 5192.72 -65341.4 5203.1293
2.04 282.86448 773.83678 45257.963 -60148.3 5397.54 -65545.9 5216.55
2.05 275.17227 416.50665 45670.238 -59808.7 5250.76 -65059.4 5271.6017
2.06 271.16185 -212.14364 45913.209 -60090.6 5174.23 -65264.9 5336.6493
2.07 270.85877 -712.60121 45902.651 -60257.5 5168.45 -65425.9 5375.7533
2.08 279.41676 -365.2854 46074.142 -60047.6 5331.75 -65379.4 5406.3597
2.09 280.44202 -231.15768 45959.254 -59578.3 5351.31 -64929.6 5431.1129
2.1 275.42225 -713.85409 45717.005 -59881.1 5255.53 -65136.6 5433.1833
2.11 270.76369 -251.08169 46105.68 -60216.2 5166.64 -65382.8 5489.9569
2.12 280.3554 402.4688 45550.903 -59848.8 5349.66 -65198.5 5464.4072
2.13 278.89024 130.03655 45457.036 -59902.4 5321.7 -65224.1 5484.8419
2.14 272.83629 -880.63902 46081.05 -60197.7 5206.18 -65403.9 5535.6175
2.15 278.48449 -35.351255 45779.398 -59904.6 5313.96 -65218.6 5548.388
2.16 269.61701 18.179034 45943.938 -60008.1 5144.76 -65152.9 5581.4875
2.17 267.87834 -1048.3139 46133.229 -60261.4 5111.58 -65373 5591.1174
2.18 277.55231 235.76283 45626.802 -59568.2 5296.17 -64864.4 5577.7235
2.19 278.89277 558.30231 45250.062 -60222.3 5321.75 -65544.1 5576.3751
2.2 275.0206 85.627005 45794.272 -60121.7 5247.86 -65369.6 5641.2147
2.21 278.871 252.19273 45583.326 -59834.6 5321.34 -65155.9 5659.551
2.22 270.50844 -103.20665 45701.969 -59952.2 5161.76 -65114 5694.6799
2.23 266.61683 -502.20228 45723.573 -60334.5 5087.51 -65422 5724.0338
2.24 277.08125 227.88786 45762.755 -60028.4 5287.19 -65315.6 5754.551
2.25 282.60467 227.27835 45685.789 -59650.1 5392.58 -65042.7 5764.8887
2.26 275.6285 443.71367 45602.764 -60225.8 5259.46 -65485.3 5774.4498
2.27 280.75751 137.41532 45513.601 -59912.1 5357.34 -65269.4 5779.0628
2.28 269.29196 90.800954 45825.562 -59936.6 5138.55 -65075.2 5840.6885
2.29 282.44609 125.58561 45770.824 -60066.3 5389.56 -65455.9 5879.2211
2.3 278.73852 -757.02537 45875.207 -60056.8 5318.81 -65375.6 5921.9968
2.31 268.33767 -100.45815 46065.208 -60154.7 5120.34 -65275.1 5939.856
2.32 280.89483 128.64459 45513.184 -59843.5 5359.96 -65203.5 5901.4031
2.33 266.67858 -113.45434 45832.979 -59927.7 5088.68 -65016.4 5961.6356
2.34 285.51312 -436.66205 45724.517 -59767.4 5448.08 -65215.5 5993.7418
2.35 266.7278 -642.65001 45860.419 -60089.8 5089.62 -65179.4 6033.3414
2.36 274.8029 -222.92973 45930.36 -59849.5 5243.71 -65093.2 6075.7059
2.37 272.97755 617.86413 45688.486 -60013.1 5208.88 -65222 6077.0806
2.38 276.55277 -12.534508 45801.85 -59908.7 5277.1 -65185.8 6106.9986
2.39 271.99367 9.5137089 45537.665 -60077.9 5190.11 -65268 6109.4303
2.4 268.21976 70.292535 45362.513 -60286 5118.09 -65404.1 6137.0128
2.41 279.39112 265.28134 45845.667 -59904 5331.26 -65235.2 6211.054
2.42 272.57726 203.90129 45491.049 -60067.1 5201.24 -65268.3 6195.4152
2.43 272.52858 79.878151 45834.924 -59748.4 5200.31 -64948.7 6269.155
2.44 269.55451 344.94634 45686.954 -60066.4 5143.56 -65210 6300.0186
2.45 283.43591 -624.46327 45927.172 -59738.5 5408.44 -65147 6327.1351
2.46 276.81458 164.94875 45664.726 -60268.7 5282.1 -65550.8 6342.0222
2.47 272.77131 -54.373916 45845.473 -60013 5204.94 -65217.9 6403.8132
2.48 271.27617 55.309284 45792.759 -60115 5176.41 -65291.4 6445.4435
2.49 277.767 -632.00819 45824.779 -59632.7 5300.27 -64932.9 6470.8179
2.5 267.67283 -232.42229 45926.893 -60164.7 5107.66 -65272.4 6491.3173
2.51 281.40389 483.6142 45726.219 -59968.8 5369.67 -65338.4 6474.0927
2.52 278.45092 402.06035 45466.119 -59532.7 5313.32 -64846 6466.6336
2.53 277.75839 505.79474 45520.375 -59990.8 5300.11 -65290.9 6513.802
2.54 264.91503 -112.33335 45670.958 -60253.6 5055.03 -65308.6 6581.83
2.55 272.79227 -43.951109 45621.253 -59934 5205.34 -65139.3 6614.947
2.56 279.90581 722.94273 45575.311 -59875.8 5341.08 -65216.9 6658.1117
2.57 279.34841 -468.46176 45515.278 -59850.8 5330.45 -65181.2 6670.3535
2.58 265.88986 514.40725 45687.856 -60238.2 5073.63 -65311.8 6719.5286
2.59 272.78502 -435.864 45955.831 -59924.2 5205.21 -65129.4 6765.8931
2.6 277.54727 142.90925 45405.673 -60198.8 5296.08 -65494.9 6754.1878
2.61 286.98585 1052.2029 45382.56 -59946.1 5476.18 -65422.3 6787.0489
2.62 273.01231 9.5461672 45663.842 -59805.4 5209.54 -65014.9 6833.1175
2.63 266.78281 -171.17811 45905.628 -60004.9 5090.67 -65095.6 6896.9418
2.64 269.90726 -472.74863 45601.974 -60015.4 5150.29 -65165.6 6899.9591
2.65 271.78128 3.6439661 45731.873 -59980 5186.05 -65166.1 6966.1066
2.66 277.02038 -291.34671 46092.074 -60232 5286.02 -65518.1 6996.8231
2.67 272.38705 -386.48105 45564.21 -60066.9 5197.61 -65264.5 6973.9417
2.68 278.07314 -242.87509 45776.425 -59904.9 5306.11 -65211.1 7029.4929
2.69 267.52595 1223.8845 45283.475 -60513.5 5104.85 -65618.3 7033.8895
2.7 274.5398 458.53136 45620.92 -60156.2 5238.69 -65394.9 7097.3695
2.71 267.02885 -636.54504 46009.372 -60106.2 5095.37 -65201.5 7159.0743
2.72 275.83439 658.32824 45610.648 -59845.4 5263.39 -65108.8 7136.1596
2.73 273.4609 383.8643 45326.466 -60253.1 5218.1 -65471.2 7149.6851
2.74 276.35709 -75.388635 45618.52 -60145.1 5273.37 -65418.4 7208.4855
2.75 274.67189 247.01554 45614.942 -60240.1 5241.21 -65481.3 7240.8975
2.76 279.38831 -508.1088 45728.081 -59963.3 5331.21 -65294.5 7277.1973
2.77 268.63754 -135.69475 45413.877 -60336.5 5126.07 -65462.6 7252.9028
2.78 273.41524 787.4256 45539.927 -59976 5217.23 -65193.2 7302.9984
2.79 273.21877 -176.1411 45632.705 -60101.4 5213.48 -65314.9 7335.3425
2.8 279.09256 263.3106 45469.295 -59861.5 5325.56 -65187.1 7356.0296
2.81 271.72887 -610.30854 45980.535 -60278.1 5185.05 -65463.2 7403.3824
2.82 275.4615 208.86733 45624.01 -59796.7 5256.28 -65053 7382.0809
2.83 275.94341 -430.54755 45880.355 -60021.8 5265.47 -65287.3 7438.4998
2.84 273.40792 196.32657 45475.229 -60442.5 5217.09 -65659.6 7403.2196
2.85 270.79916 -395.37495 45801.765 -59916.1 5167.31 -65083.4 7470.3854
2.86 274.50564 252.76384 45392.238 -60240.8 5238.04 -65478.9 7456.0741
2.87 269.74605 -526.60062 45661.464 -60254.6 5147.22 -65401.8 7524.7796
2.88 278.11355 519.29183 45355.641 -59910.5 5306.88 -65217.4 7507.914
2.89 269.37419 -212.60184 45947.941 -60000.7 5140.12 -65140.9 7596.6747
2.9 282.96158 275.04946 45626.136 -59874.2 5399.39 -65273.6 7595.2649
2.91 272.05712 -446.00175 45399.12 -59960.9 5191.32 -65152.2 7596.8988
2.92 271.54995 89.388755 45519.947 -60171.5 5181.64 -65353.1 7645.1379
2.93 276.62929 -707.63553 45918.329 -59847.4 5278.56 -65126 7730.4029
2.94 283.3774 318.09755 45789.786 -59856.5 5407.33 -65263.8 7746.8966
2.95 272.42145 229.51661 45480.662 -59864.1 5198.27 -65062.3 7753.9549
2.96 282.98509 -225.60208 45798.683 -59862.5 5399.84 -65262.4 7814.3723
2.97 271.30059 -746.66876 45593.816 -60173.5 5176.88 -65350.4 7812.3308
2.98 274.15473 -408.07095 45853.501 -59716.2 5231.34 -64947.5 7856.484
2.99 270.75842 -162.50606 45779.639 -60009.8 5166.53 -65176.4 7891.0679
3 279.18019 700.63339 45361.7 -59940.8 5327.24 -65268 7865.4848
3.01 277.62256 -267.4049 46190.657 -59891.6 5297.51 -65189.1 7980.0657
3.02 273.39006 -43.689609 45771.118 -59792.2 5216.75 -65008.9 7963.8153
3.03 272.59392 599.92245 45411.877 -60086.1 5201.56 -65287.7 7966.2668
3.04 267.51187 -552.37026 46151.257 -59889 5104.59 -64993.5 8053.4676
3.05 283.69244 695.3198 45741.598 -60111 5413.34 -65524.4 8037.0265
3.06 272.61961 647.12607 45767.748 -59998.7 5202.05 -65200.7 8047.8321
3.07 267.74921 609.64067 45328.632 -60134.8 5109.11 -65244 8005.3775
3.08 269.96544 392.50091 45725.088 -60193.2 5151.4 -65344.6 8074.6438
3.09 272.27407 -486.28663 46061.758 -60321.7 5195.46 -65517.1 8135.1681
3.1 273.31985 -157.2734 45828.031 -60035.7 5215.41 -65251.1 8152.1918
3.11 272.85933 -237.97826 45801.871 -59930.4 5206.62 -65137 8188.9445
3.12 265.7273 -58.312764 45793.872 -60135.1 5070.53 -65205.6 8229.8902
3.13 277.92466 249.47632 45788.036 -60077.8 5303.28 -65381 8273.1521
3.14 276.92347 -168.57757 45703.78 -59981.9 5284.17 -65266.1 8298.3939
3.15 275.26662 -122.65348 45858.622 -60033.5 5252.56 -65286.1 8336.0064
3.16 269.38349 601.76025 45995.774 -60146 5140.3 -65286.3 8362.2074
3.17 272.06995 -537.219 45916.548 -59908.6 5191.56 -65100.1 8376.9819
3.18 280.31913 498.6373 45579.958 -59955.6 5348.97 -65304.5 8356.9423
3.19 270.41268 -107.41128 45492.46 -60179.9 5159.94 -65339.8 8379.4858
3.2 271.44965 -643.84642 45832.893 -59954.1 5179.73 -65133.8 8444.4794
3.21 266.7319 -313.56348 45811.033 -60306.8 5089.7 -65396.6 8475.8658
3.22 272.79677 377.86145 45516.282 -60038.8 5205.43 -65244.3 8466.2444
3.23 280.30758 224.32666 45844.857 -60079.9 5348.75 -65428.7 8534.8947
3.24 283.54374 -46.558658 45920.54 -60009.9 5410.5 -65420.4 8583.6189
3.25 264.43452 -258.93181 45672.872 -60389.2 5045.86 -65435.1 8579.0193
3.26 270.47533 1.4920084 45747.539 -59756.3 5161.13 -64917.4 8598.6792
3.27 274.8427 401.70063 45639.59 -59409.5 5244.47 -64654 8627.8035
3.28 268.98672 283.82611 45498.803 -59945.6 5132.73 -65078.3 8617.2531
3.29 274.76191 -63.175583 45771.283 -59693.2 5242.93 -64936.1 8693.2224
3.3 277.99321 58.394371 45897.866 -60147.2 5304.59 -65451.8 8749.9279
3.31 284.6429 -109.43123 45802.477 -59696.7 5431.47 -65128.1 8742.1776
3.32 271.66088 -193.55012 45889.24 -60062.8 5183.76 -65246.5 8779.5349
3.33 282.47919 -62.484727 45764.407 -59834.8 5390.19 -65225 8794.7976
3.34 269.9452 31.116074 45611.967 -60219 5151.02 -65370 8825.1275
3.35 284.02874 100.46781 45562.935 -59666.6 5419.76 -65086.4 8832.1109
3.36 273.71098 334.7792 45623.06 -59932 5222.88 -65154.9 8873.6791
3.37 268.92112 818.60172 45657.561 -60081.1 5131.48 -65212.6 8906.742
3.38 286.9819 23.921712 45915.296 -59779.6 5476.11 -65255.7 8968.5053
3.39 276.16938 354.44511 45437.744 -60196 5269.79 -65465.8 8937.2981
3.4 280.29745 631.29686 45730.046 -59857.5 5348.56 -65206.1 9007.8254
3.41 259.87019 190.66119 45922.613 -60327.8 4958.77 -65286.6 9065.7918
3.42 283.70768 298.84981 45610.764 -59800.5 5413.63 -65214.1 9063.7967
3.43 272.07778 285.94209 45761.087 -59992.7 5191.71 -65184.4 9137.1407
3.44 258.13006 752.09556 45359.177 -60484.1 4925.56 -65409.7 9111.0796
3.45 275.30779 -193.84685 45900.951 -60275.5 5253.35 -65528.9 9199.1239
3.46 268.61533 623.41946 45721.976 -60091.8 5125.64 -65217.4 9212.2
3.47 264.91239 -304.40345 45941.624 -60507.5 5054.98 -65562.5 9272.9565
3.48 274.0921 636.47713 45619.814 -60024.7 5230.15 -65254.8 9271.013
3.49 272.01348 -534.38034 45653.94 -60217.7 5190.48 -65408.1 9287.7465
3.5 279.84677 272.64226 45602.507 -59923 5339.96 -65262.9 9313.8865
3.51 275.08033 -602.82254 46060.09 -59833.7 5249 -65082.7 9409.6282
3.52 272.65784 -842.85371 45771.61 -60110.5 5202.78 -65313.2 9381.7663
3.53 277.7097 -390.03553 45752.536 -59851.8 5299.18 -65151 9391.4933
3.54 273.98621 578.05783 45401.433 -60030.6 5228.13 -65258.8 9386.0767
3.55 273.18035 -57.909718 45928.948 -59972 5212.75 -65184.7 9474.0421
3.56 270.42154 -627.92484 45916.516 -60170 5160.11 -65330.1 9507.9017
3.57 272.76035 140.58733 45827.145 -59802.4 5204.74 -65007.2 9526.0459
3.58 278.19678 -367.00888 45936.66 -59808.4 5308.47 -65116.9 9549.3703
3.59 269.46394 -555.89469 45928.849 -60069.2 5141.83 -65211 9577.2878
3.6 262.5946 -715.12283 45923.495 -60079.1 5010.76 -65089.9 9605.4509
3.61 269.41462 -167.07702 45757.932 -59907.3 5140.89 -65048.2 9625.3586
3.62 265.96579 -341.13726 45971.512 -60378.2 5075.08 -65453.3 9699.9873
3.63 279.26431 240.70047 45788.051 -60196.4 5328.84 -65525.3 9698.179
3.64 278.68585 -794.4493 45833.64 -59681.2 5317.8 -64999 9738.1997
3.65 276.7811 353.69126 45382.889 -60096.9 5281.46 -65378.4 9712.8249
3.66 276.81941 -326.84488 45872.294 -59649.9 5282.19 -64932.1 9837.3276
3.67 280.87446 258.7717 45466.998 -60097 5359.57 -65456.6 9797.6196
3.68 264.87186 -398.92327 45687.389 -60240.1 5054.21 -65294.3 9870.9262
3.69 269.62523 -361.17023 46003.812 -60182.7 5144.91 -65327.6 9959.3678
3.7 268.96884 -124.31077 45661.969 -60132.8 5132.39 -65265.2 9959.7486
3.71 271.0281 269.78738 45393.183 -60077.6 5171.68 -65249.2 9982.4197
3.72 269.07321 -140.06758 45711.929 -60206 5134.38 -65340.4 10059.06
3.73 272.11571 385.74932 45612.537 -60190.9 5192.43 -65383.3 10073.2
3.74 270.80284 -10.438214 45786.659 -60018.5 5167.38 -65185.9 10104.905
3.75 263.05184 -208.52289 45845.405 -60288.7 5019.48 -65308.1 10135.909
3.76 271.95714 -881.47382 45858.285 -60184.7 5189.41 -65374.1 10166.24
3.77 267.86536 589.70779 45344.455 -60285.6 5111.33 -65397 10127.903
3.78 274.07826 -390.02585 45780.073 -59732.4 5229.88 -64962.2 10219.024
3.79 283.43995 428.67342 45507.232 -59954.2 5408.52 -65362.7 10211.271
3.8 275.69494 -206.8615 45661.327 -59884.3 5260.73 -65145 10256.913
3.81 263.16093 -71.648326 45906.39 -60255.6 5021.56 -65277.2 10375.163
3.82 276.70759 362.38782 45533.526 -59903.5 5280.06 -65183.6 10366.06
3.83 280.65737 632.55981 45756.945 -59800.7 5355.42 -65156.1 10408.796
3.84 280.63099 872.28901 45678.781 -59972.1 5354.92 -65327.1 10422.159
3.85 272.87102 -294.14611 45737.397 -59837.2 5206.85 -65044 10458.458
3.86 268.57238 -174.03737 45460.875 -60083 5124.82 -65207.8 10441.605
3.87 284.04081 101.35177 45741.28 -59585.4 5419.99 -65005.4 10528.299
3.88 271.08656 865.60919 45593.511 -59813 5172.8 -64985.8 10521.363
3.89 271.69248 69.279882 45818.939 -60184.9 5184.36 -65369.3 10594.133
3.9 280.256 660.2562 45589.286 -60004.8 5347.76 -65352.5 10616.935
3.91 277.08308 -51.663204 45511.267 -60166 5287.22 -65453.2 10641.206
3.92 270.19555 307.67963 45811.331 -59899 5155.79 -65054.8 10711.745
3.93 278.13383 -405.88296 45837.034 -60114.9 5307.27 -65422.2 10747.41
3.94 270.08305 -419.21435 45818.275 -59824.3 5153.65 -64978 10777.797
3.95 264.97433 -234.90371 45935.629 -60122.5 5056.16 -65178.7 10827.656
3.96 278.10953 189.52732 45754.15 -60020.1 5306.81 -65326.9 10799.443
3.97 275.50201 58.28052 45806.083 -60074.7 5257.05 -65331.7 10836.252
3.98 281.90238 -183.00865 45865.377 -59846.9 5379.18 -65226.1 10894.217
3.99 272.15425 -530.36669 46200.794 -60048.4 5193.17 -65241.6 10976.87
4 275.56021 430.32496 45769.459 -59873.4 5258.16 -65131.6 10922.206
4.01 265.16249 401.69735 45908.79 -59958.2 5059.76 -65017.9 10950.376
4.02 273.55168 207.32077 45602.554 -59996.2 5219.84 -65216 10946.87
4.03 276.12719 -184.61799 45716.499 -60161 5268.98 -65429.9 10983.753
4.04 267.50937 602.43707 45460.004 -60238.2 5104.54 -65342.8 10977.16
4.05 270.2593 251.88128 45536.238 -59834.4 5157.01 -64991.5 11024.097
4.06 281.25102 202.0971 45962.612 -59932.3 5366.75 -65299.1 11152.405
4.07 271.90227 192.55129 45655.778 -60216.1 5188.36 -65404.5 11137.521
4.08 271.94783 235.55645 45870.534 -60210.6 5189.23 -65399.8 11184.643
4.09 276.12179 88.320181 45518.547 -59956.2 5268.88 -65225 11143.994
4.1 271.56477 212.33936 45674.676 -60013 5181.92 -65194.9 11208.088
4.11 277.29267 -3.2088706 45686.784 -59891.7 5291.22 -65183 11235.251
4.12 275.34323 716.76806 45543.986 -60177.8 5254.02 -65431.8 11245.933
4.13 271.39253 65.452154 45444.909 -60240.4 5178.64 -65419 11242.437
4.14 275.7346 -229.33915 45873.707 -59954.1 5261.49 -65215.6 11353.202
4.15 270.35371 368.65571 45638.608 -60315 5158.81 -65473.8 11354.702
4.16 272.57886 -153.18433 45744.022 -59858.4 5201.27 -65059.7 11388.764
4.17 278.84826 -431.42996 45881.079 -60145 5320.9 -65465.9 11436.993
4.18 271.28402 -356.10081 45745.358 -60157.9 5176.56 -65334.4 11425.377
4.19 270.8756 -171.05323 45798.974 -60052.7 5168.77 -65221.5 11471.841
4.2 276.08371 274.58929 45498.432 -59824.9 5268.15 -65093 11463.502
4.21 271.29183 -29.722747 45705.39 -60239.5 5176.71 -65416.3 11536.927
4.22 272.6334 -45.336065 45883.37 -60542.4 5202.31 -65744.7 11617.615
4.23 267.65599 -393.51231 45756.965 -60282.7 5107.34 -65390.1 11607.953
4.24 272.30336 140.70708 45653.123 -59992.4 5196.02 -65188.4 11614.883
4.25 271.51574 -499.22569 45709.964 -60106.7 5180.99 -65287.7 11634.75
4.26 288.29577 -41.7917 45632.565 -59801.3 5501.18 -65302.5 11657.657
4.27 263.56018 -182.75151 45874.559 -60195.2 5029.18 -65224.3 11702.971
4.28 272.37216 -299.65941 45837.198 -60005.1 5197.33 -65202.4 11712.61
4.29 273.3033 374.84921 45474.608 -60129.2 5215.1 -65344.3 11691.247
4.3 277.49189 142.89398 45526.971 -59796.5 5295.02 -65091.6 11709.318
4.31 266.7584 107.1722 45965.508 -60067.6 5090.21 -65157.9 11826.166
4.32 278.08973 -385.81063 45721.82 -59807.2 5306.43 -65113.6 11803.564
4.33 268.29198 128.43788 45569.78 -60032.7 5119.47 -65152.2 11806.014
4.34 272.12237 694.4974 45639.994 -59875.7 5192.56 -65068.2 11844.129
4.35 268.43974 -611.80784 45796.748 -60500.8 5122.29 -65623.1 11913.719
4.36 280.13911 -272.55965 46018.636 -59886.9 5345.53 -65232.4 11993.741
4.37 279.67487 1.3284336 45953.043 -59869.2 5336.68 -65205.9 11988.242
4.38 274.13757 576.73331 45424.314 -60233.7 5231.02 -65464.7 11911.102
4.39 275.52256 -211.35794 45869.124 -59712.8 5257.44 -64970.2 12014.154
4.4 271.46437 -564.97233 45797.766 -59867.9 5180.01 -65047.9 12008.272
4.41 279.1571 328.61218 45967.001 -59684.8 5326.8 -65011.6 12031.1
4.42 268.35602 545.8628 45227.615 -60142.7 5120.69 -65263.4 11930.861
4.43 277.0582 -158.55133 45499.276 -60095 5286.75 -65381.7 12012.229
4.44 287.30583 -604.7084 46045.415 -59795 5482.29 -65277.2 12130.726
4.45 280.90911 733.70636 45418.695 -59834.4 5360.23 -65194.6 12044.921
4.46 276.45195 558.66696 45127.843 -60242.1 5275.18 -65517.3 12043.5
4.47 278.96833 -525.8777 45661.958 -60046 5323.19 -65369.2 12172.719
4.48 273.17926 137.16642 45344.284 -60233.3 5212.73 -65446.1 12174.357
4.49 281.34699 185.51281 45797.531 -59935.2 5368.58 -65303.8 12278.514
4.5 267.75423 672.8745 45575.655 -60389.6 5109.21 -65498.9 12259.585
4.51 282.06323 -947.70196 45941.161 -59890 5382.25 -65272.2 12360.067
4.52 279.48384 -847.4352 45893.512 -59923 5333.03 -65256 12389.32
4.53 268.49621 -88.511377 45742.27 -60039.7 5123.37 -65163 12388.343
4.54 271.03795 -243.73958 45949.994 -59783.5 5171.87 -64955.3 12424.908
4.55 275.37161 930.27913 45530.524 -60139.6 5254.56 -65394.2 12375.445
4.56 280.95641 -16.194803 45653.083 -59909.8 5361.13 -65270.9 12418.482
4.57 271.39703 -48.403321 45907.075 -60281.2 5178.72 -65459.9 12507.777
4.58 270.75915 -222.97751 45628.679 -60091.8 5166.55 -65258.3 12479.6
4.59 258.41778 438.6725 45717.235 -60359.8 4931.05 -65290.8 12535.253
4.6 278.6929 58.556459 45612.96 -59872 5317.94 -65189.9 12537.698
4.61 279.39532 757.39203 45525.186 -60013.1 5331.34 -65344.4 12563.902
4.62 278.45962 -262.96632 45742.035 -60178.9 5313.49 -65492.4 12630.382
4.63 282.76485 351.7778 45438.192 -59540.7 5395.64 -64936.3 12606.522
4.64 267.06513 -38.127198 45708.107 -59902.1 5096.06 -64998.1 12679.375
4.65 278.22805 235.95198 45355.949 -59806.1 5309.07 -65115.2 12654.825
4.66 265.81413 -626.73257 46003.873 -60108.6 5072.19 -65180.7 12814.907
4.67 268.88645 85.281217 45655.378 -60196.8 5130.81 -65327.6 12775.671
4.68 277.87451 572.12815 45597.002 -59742.9 5302.32 -65045.2 12808.554
4.69 267.33432 562.09062 45662.494 -60108.1 5101.2 -65209.3 12852.855
4.7 280.67421 890.46258 45505.474 -59725.3 5355.75 -65081 12873.522
4.71 269.66532 -418.40067 45900.641 -60030.5 5145.68 -65176.2 12966.149
4.72 273.22762 173.90284 45696.214 -60244.6 5213.65 -65458.2 12959.215
4.73 282.8236 94.986198 45958.436 -59852.9 5396.76 -65249.6 13038.044
4.74 273.16533 64.29137 45628.613 -60073.6 5212.46 -65286.1 13010.533
4.75 272.88453 430.53715 45673.555 -60147.6 5207.11 -65354.7 13047.508
4.76 276.03758 373.17407 45702.364 -59984.8 5267.27 -65252 13087.524
4.77 266.70637 -152.4006 45703.613 -60279.5 5089.22 -65368.7 13115.905
4.78 267.07905 -245.74498 45835.887 -59943 5096.33 -65039.3 13174.263
4.79 268.192 472.43201 45266.285 -60012.9 5117.56 -65130.4 13083.19
4.8 273.90478 -121.13564 45895.155 -59932.6 5226.57 -65159.1 13209.266
4.81 272.49616 -448.02662 45954.849 -59977.6 5199.69 -65177.3 13276.934
4.82 277.57761 31.153548 45563.52 -59991.8 5296.66 -65288.5 13208.863
4.83 272.25147 61.801014 45405.019 -60425.8 5195.03 -65620.8 13207.612
4.84 284.93775 -1012.1616 46145.935 -59921.6 5437.1 -65358.7 13328.867
4.85 279.39068 -215.31095 45839.712 -59858.7 5331.25 -65189.9 13300.215
4.86 272.15839 591.27492 45563.528 -60233.6 5193.25 -65426.9 13258.04
4.87 274.15718 -591.87499 45971.256 -59861.1 5231.39 -65092.4 13373.147
4.88 267.08781 -371.29452 45693.598 -60199.2 5096.49 -65295.7 13357.251
4.89 282.1769 412.21567 45608.287 -59898.3 5384.42 -65282.7 13367.246
4.9 279.62824 379.39431 45625.158 -59913.1 5335.79 -65248.9 13397.01
4.91 266.97732 69.506016 45494.224 -60109.4 5094.39 -65203.8 13417.567
4.92 272.92726 197.7028 45534.793 -60134.4 5207.92 -65342.3 13444.584
4.93 280.43557 278.19327 45600.933 -59754 5351.19 -65105.2 13485.552
4.94 272.18282 38.145776 45687.296 -60024 5193.72 -65217.7 13504.155
4.95 269.48986 703.63047 45479.197 -60126.5 5142.33 -65268.9 13499.575
4.96 283.28355 -20.040725 45698.838 -59846.8 5405.54 -65252.3 13563.05
4.97 270.29983 30.706193 45441.612 -60001 5157.78 -65158.8 13550.105
4.98 292.34661 -161.63038 45381.141 -59702.7 5578.47 -65281.2 13567.832
4.99 265.80766 -625.94557 45954.592 -60153.6 5072.07 -65225.6 13680.153
5 273.40907 -343.5261 45734.722 -60020.1 5217.11 -65237.2 13670.327
5.01 275.68858 566.40001 45731.533 -59774.6 5260.61 -65035.2 13718.183
5.02 281.5878 -60.830817 45282.161 -60072 5373.18 -65445.2 13638.842
5.03 277.66044 -10.20377 45784.451 -59839.1 5298.24 -65137.3 13776.635
5.04 272.63732 -292.8005 46094.463 -59790.2 5202.39 -64992.6 13882.923
5.05 263.21877 -448.16013 45729.798 -60019.8 5022.67 -65042.5 13811.445
5.06 281.95477 375.8767 45698.416 -59724.8 5380.18 -65105 13834.185
5.07 268.76609 -380.52077 45819.118 -60078.3 5128.52 -65206.8 13876.012
5.08 279.43603 121.45943 45778.066 -60057.4 5332.12 -65389.5 13888.993
5.09 270.1051 -987.79614 46037.13 -60055.9 5154.07 -65210 13972.528
5.1 281.05159 269.58897 45583.354 -59922.6 5362.95 -65285.6 13905.166
5.11 273.17493 -198.25516 45900.805 -59974.9 5212.65 -65187.6 14000.917
5.12 280.94119 295.24177 45810.852 -60103 5360.84 -65463.8 13994.215
5.13 269.12956 -358.36764 45793.226 -60056.5 5135.45 -65192 14040.331
5.14 268.22983 -301.60426 45924.134 -60094.9 5118.29 -65213.2 14085.047
5.15 278.59035 -51.741451 45617.77 -60104.6 5315.98 -65420.6 14036.865
5.16 277.13001 586.17037 45448.989 -59783.5 5288.12 -65071.6 14011.403
5.17 278.98794 -551.7056 45912.115 -59867.6 5323.57 -65191.1 14132.884
5.18 279.14528 131.53612 45722.268 -59921.5 5326.57 -65248.1 14121.683
5.19 265.45282 -274.56913 45419.707 -60238.7 5065.3 -65304 14046.434
5.2 276.3999 126.1022 46033.835 -59771.2 5274.18 -65045.3 14185.736
5.21 274.04178 -169.94515 45678.852 -60120.3 5229.19 -65349.5 14132.159
5.22 264.35811 -109.33018 45853.824 -60606.1 5044.41 -65650.5 14164.411
5.23 277.96149 705.3104 45387.441 -59906.6 5303.98 -65210.6 14098.58
5.24 269.66823 -417.92721 45595.566 -60362.3 5145.73 -65508.1 14124.871
5.25 274.34678 205.60084 45571.795 -60166.7 5235.01 -65401.7 14142.519
5.26 276.67275 -944.23571 46090.074 -60052.1 5279.39 -65331.5 14268.155
5.27 266.06876 24.1428 45426.38 -59951.7 5077.05 -65028.8 14146.211
5.28 281.19297 102.12466 45612.235 -59791.6 5365.64 -65157.2 14188.694
5.29 272.21125 -5.924831 45720.701 -60294.1 5194.26 -65488.3 14242.181
5.3 273.05807 622.04673 45336.059 -60003.7 5210.42 -65214.1 14201.347
5.31 277.16214 -119.52957 45754.515 -60110.4 5288.73 -65399.1 14324.139
5.32 281.6853 -413.24803 45842.115 -59908.2 5375.04 -65283.3 14337.399
5.33 272.864 633.97725 45667.929 -60203.1 5206.71 -65409.9 14330.449
5.34 262.26889 354.95851 45458.435 -60411.4 5004.54 -65416 14280.044
5.35 275.59889 -682.94593 46163.006 -60116.6 5258.9 -65375.5 14466.094
5.36 276.85411 -395.82912 45939.269 -59854.6 5282.85 -65137.4 14448.816
5.37 266.88318 157.82931 45649.552 -60068.1 5092.59 -65160.7 14414.454
5.38 272.53761 -693.34658 46048.707 -60126.9 5200.49 -65327.4 14555.554
5.39 262.60847 -18.1308 45681.956 -60116.4 5011.02 -65127.4 14500.858
5.4 280.64786 -136.21901 45873.484 -59663.7 5355.24 -65019 14569.221
5.41 282.69115 582.86426 45545.902 -60000 5394.23 -65394.3 14489.449
5.42 266.84031 -222.09167 45636.319 -60271.5 5091.77 -65363.3 14554.574
5.43 282.64364 -275.63692 45825.287 -59812.1 5393.33 -65205.4 14642.761
5.44 275.24443 -477.24046 45764.13 -60076.3 5252.14 -65328.4 14641.654
5.45 277.36177 316.06907 45662.906 -59794.2 5292.54 -65086.7 14663.748
5.46 275.03053 397.52566 45348.675 -60169.9 5248.05 -65418 14636.912
5.47 284.64886 179.11456 45433.242 -60091.8 5431.59 -65523.4 14694.3
5.48 286.51542 1003.8791 45521.394 -59723.3 5467.21 -65190.5 14722.157
5.49 280.12668 352.03858 45317.234 -60014.5 5345.3 -65359.8 14729.909
5.5 286.22337 -1067.1677 46074.264 -59906.2 5461.63 -65367.8 14908.856
5.51 276.2875 -125.79501 45839.514 -60223.4 5272.04 -65495.4 14885.419
5.52 266.8904 -862.99007 45894.021 -60221.7 5092.73 -65314.4 14931.375
5.53 286.33691 1002.7428 45385.361 -59883.5 5463.8 -65347.3 14869.613
5.54 269.10683 -165.34314 46003.985 -60188.1 5135.02 -65323.2 15041.063
5.55 277.73864 -300.71858 45809.427 -59929.7 5299.73 -65229.4 15017.413
5.56 266.43201 99.494607 45848.72 -60062.4 5083.98 -65146.4 15059.11
5.57 282.61191 -499.7497 46105.25 -59734.4 5392.72 -65127.1 15161.328
5.58 274.01545 359.74335 45735.067 -60052.8 5228.68 -65281.5 15104.146
5.59 277.46105 -1005.9296 45982.906 -59811.1 5294.43 -65105.6 15189.564
5.6 265.89835 -487.12903 45852.614 -60083.6 5073.8 -65157.4 15182.452
5.61 266.56246 717.59033 45608.034 -59976.7 5086.47 -65063.1 15134.793
5.62 277.00154 -456.85376 45909.099 -59872.9 5285.66 -65158.5 15218.489
5.63 262.43615 7.6341897 45792.568 -60158.8 5007.73 -65166.5 15223.807
5.64 290.26859 11.439488 45674.626 -59692.6 5538.82 -65231.4 15258.362
5.65 272.36387 19.672227 45665.016 -60002.9 5197.17 -65200.1 15294.85
5.66 278.2978 -98.861469 45869.413 -59921.3 5310.4 -65231.7 15389.282
5.67 269.25541 -82.034517 45803.544 -60561 5137.85 -65698.8 15420.78
5.68 273.51978 336.50488 45800.382 -60005.7 5219.23 -65224.9 15426.736
5.69 278.15004 242.27851 45675.837 -59936.2 5307.58 -65243.8 15428.322
5.7 276.65927 -246.77677 45774.134 -59740.9 5279.13 -65020.1 15500.017
5.71 268.37093 916.46353 45677.207 -60218.7 5120.98 -65339.7 15505.404
5.72 270.09881 -231.20594 45739.58 -60182.2 5153.95 -65336.2 15539.62
5.73 276.04385 -47.779573 45549.814 -59688 5267.39 -64955.4 15533.994
5.74 272.73362 -881.00849 45807.353 -60118.5 5204.23 -65322.7 15605.816
5.75 272.21007 -432.0677 45882.481 -59931.9 5194.24 -65126.1 15674.783
5.76 275.31453 385.76094 45550.618 -59683.3 5253.47 -64936.8 15634.444
5.77 271.76863 131.21883 45625.128 -60256.4 5185.81 -65442.2 15652.139
5.78 265.05896 -432.74872 45982.099 -60141.6 5057.78 -65199.4 15785.426
5.79 275.31625 -282.4338 45434.12 -59838.7 5253.51 -65092.2 15689.23
5.8 268.28673 434.65599 45496.804 -60282.2 5119.37 -65401.5 15750.061
5.81 278.0926 -221.8729 45582.899 -59866.4 5306.48 -65172.8 15772.687
5.82 271.52978 779.2028 45659.084 -59821.2 5181.25 -65002.4 15800.054
5.83 279.36642 -78.663685 45906.939 -59855.3 5330.79 -65186.1 15891.548
5.84 279.98357 -398.09819 45887.07 -59601.9 5342.57 -64944.5 15942.498
5.85 271.77345 -105.16621 45861.258 -60214.5 5185.9 -65400.4 15939.299
5.86 273.90473 -729.32648 45979.232 -59760.1 5226.57 -64986.7 16000.611
5.87 266.14372 286.68561 45377.484 -60363.9 5078.48 -65442.4 15874.869
5.88 276.63941 -230.46617 45706.942 -60066 5278.75 -65344.7 15967.858
5.89 287.39764 181.17914 45699.715 -59683.9 5484.04 -65167.9 15990.193
5.9 268.88092 471.20796 45353.571 -60122.4 5130.71 -65253.1 15938.061
5.91 265.68249 -403.4261 45778.784 -60283.8 5069.68 -65353.5 16081.938
5.92 272.18736 81.735862 45518.085 -60144.9 5193.8 -65338.7 16004.924
5.93 275.2614 346.82086 45410.024 -60001.8 5252.46 -65254.3 16048.982
5.94 273.89485 -149.48576 46066.922 -59986.9 5226.38 -65213.3 16265.542
5.95 265.67169 -495.78066 45889.737 -60277.6 5069.47 -65347.1 16285.803
5.96 269.05496 -232.67117 45567.138 -60314.8 5134.03 -65448.8 16240.798
5.97 276.84058 -248.83275 45898.69 -60027.2 5282.59 -65309.8 16328.686
5.98 273.01418 -563.43237 45996.294 -59821.1 5209.58 -65030.7 16400.115
5.99 276.66202 251.70391 45733.063 -60097.7 5279.19 -65376.9 16368.955
6 271.59345 55.426171 45669.95 -60057.5 5182.47 -65239.9 16416.296
6.01 276.06835 -755.11985 45771.867 -60087.3 5267.86 -65355.1 16493.057
6.02 276.42118 798.70795 45697.434 -59858.9 5274.59 -65133.5 16543.046
6.03 283.81989 -631.28186 45869.986 -59808 5415.77 -65223.8 16585.721
6.04 271.90344 -111.91073 45623.751 -60217.8 5188.38 -65406.2 16562.854
6.05 269.82474 223.04364 45823.973 -60184.5 5148.72 -65333.2 16652.043
6.06 272.21193 236.30759 45945.407 -59931.4 5194.27 -65125.6 16706.393
6.07 281.30465 745.98172 45550.6 -59927.6 5367.77 -65295.3 16615.345
6.08 269.16935 -284.78537 45863.17 -60312.2 5136.21 -65448.4 16741.983
6.09 281.50381 24.696758 45701.196 -59885.2 5371.58 -65256.8 16703.153
6.1 277.88414 -81.552341 45948.991 -60101.7 5302.51 -65404.2 16778.48
6.11 286.60287 0.13770794 45763.421 -59648.8 5468.87 -65117.7 16770.784
6.12 273.13396 446.17764 45654.756 -60142.8 5211.86 -65354.7 16766.671
6.13 270.61676 -331.57022 45759.339 -60151.5 5163.83 -65315.3 16844.052
6.14 263.97526 122.36553 46041.672 -59918.7 5037.1 -64955.8 16936.216
6.15 276.89887 726.54693 45306.523 -60057.1 5283.71 -65340.8 16784.311
6.16 278.57634 40.224732 45810.033 -60038.8 5315.71 -65354.5 16936.589
6.17 263.75411 -99.430776 45636.251 -60317.2 5032.88 -65350 16929.231
6.18 272.12841 133.92827 45704.921 -59988.3 5192.68 -65181 17018.801
6.19 280.91666 632.28633 45660.912 -59829.8 5360.37 -65190.1 17040.458
6.2 272.69632 314.87075 45742.475 -60038.5 5203.51 -65242 17114.532
6.21 276.53413 -393.93098 45804.559 -60075.3 5276.75 -65352.1 17108.202
6.22 279.74961 -150.25298 45829.946 -59811.7 5338.1 -65149.8 17106.871
6.23 272.8632 1.6828403 45991.581 -60071.3 5206.7 -65278 17175.115
6.24 279.51018 -381.43696 45909.463 -59957.1 5333.53 -65290.6 17156.102
6.25 274.27597 -288.77006 45785.93 -60223.9 5233.66 -65457.6 17119.822
6.26 273.97067 -86.226007 45899.274 -59915.1 5227.83 -65142.9 17158.063
6.27 277.74055 157.27703 45724.686 -60016.9 5299.77 -65316.6 17155.711
6.28 284.16944 667.02472 45272 -59901.7 5422.44 -65324.2 17032.92
6.29 263.22463 -266.85407 45984.884 -60179.7 5022.78 -65202.5 17265.74
6.3 277.14069 22.941863 45845.435 -59761.1 5288.32 -65049.4 17289.662
6.31 268.87815 -107.12712 45496.949 -60139.5 5130.66 -65270.2 17194.887
6.32 271.55491 -661.90424 45910.506 -60262.9 5181.73 -65444.6 17328.197
6.33 280.62166 483.1515 45280.596 -59905.7 5354.74 -65260.4 17197.225
6.34 269.38679 310.33666 45861.726 -60093 5140.36 -65233.3 17401.334
6.35 263.59397 669.28812 45504.621 -60500.9 5029.82 -65530.7 17322.887
6.36 278.34465 -784.60714 45949.732 -59953.2 5311.29 -65264.5 17474.083
6.37 275.54587 318.86562 45841.463 -59957.9 5257.89 -65215.8 17444.338
6.38 283.71395 268.59702 45428.342 -60183.7 5413.75 -65597.4 17381.848
6.39 278.88041 691.40914 45708.249 -59723 5321.52 -65044.5 17503.148
6.4 278.09031 -278.63752 45764.207 -60001.8 5306.44 -65308.3 17533.277
6.41 277.32898 209.16174 45716.461 -60018.4 5291.91 -65310.3 17565.422
6.42 275.04138 -1077.7835 46242.335 -59844.4 5248.26 -65092.6 17774.286
6.43 272.82347 -640.27773 45674.073 -60067.7 5205.94 -65273.6 17647.462
6.44 279.84207 580.28999 45403.177 -60026.7 5339.87 -65366.5 17592.04
6.45 284.01891 211.07501 45566.103 -59651.3 5419.57 -65070.9 17640.332
6.46 280.16072 -264.37686 45948.467 -59837 5345.95 -65183 17745.312
6.47 265.39944 272.90269 45459.231 -60297 5064.28 -65361.3 17656.71
6.48 276.51376 130.1792 45564.306 -60059 5276.36 -65335.4 17757.665
6.49 282.32254 322.05021 45644.343 -59802.8 5387.2 -65190 17830.559
6.5 278.22775 -143.88359 45638.376 -59726.8 5309.06 -65035.8 17883.198
6.51 275.24728 -617.20225 45795.79 -59980.2 5252.19 -65232.4 17934.991
6.52 267.89346 112.29877 45758.596 -60105.3 5111.87 -65217.2 17956.979
6.53 273.70841 210.12751 45622.926 -59973.7 5222.83 -65196.6 17911.245
6.54 272.22508 508.23281 45664.717 -60255.8 5194.52 -65450.4 17935.886
6.55 272.28803 -879.24046 46133.148 -60108.8 5195.72 -65304.5 18057.209
6.56 273.08679 -444.38555 45756.926 -60149.5 5210.96 -65360.5 17979.412
6.57 280.22342 570.33684 45538.493 -60059.7 5347.14 -65406.8 17932.967
6.58 280.74053 132.11659 45476.66 -60273 5357.01 -65630 17950.378
6.59 274.50188 1082.8381 45517.763 -59903.1 5237.97 -65141.1 17987.441
6.6 267.74791 180.31437 45625.749 -60102 5109.09 -65211.1 18071.082
6.61 281.33245 237.42345 45592.746 -59989.1 5368.31 -65357.4 18048.653
6.62 286.87933 -680.99389 46557.779 -59587.7 5474.15 -65061.9 18260.317
6.63 270.79457 -132.56006 46007.965 -60077.2 5167.22 -65244.5 18134.332
6.64 286.9107 550.42639 45582.563 -59575.5 5474.75 -65050.2 18061.526
6.65 261.54005 4.4214114 45548.191 -60237.6 4990.63 -65228.2 18068.595
6.66 274.35872 -41.407141 45798.004 -60045.8 5235.24 -65281 18160.35
6.67 279.38394 74.570951 45576.096 -59633.9 5331.12 -64965 18109.341
6.68 273.371 113.93365 45558.74 -60004.7 5216.39 -65221.1 18114.8
6.69 278.57035 749.5015 45853.637 -60054.3 5315.6 -65369.9 18211.187
6.7 273.98834 -300.46034 46038.351 -59956.8 5228.17 -65185 18302.194
6.71 271.93393 -602.81522 45735.276 -60170 5188.97 -65358.9 18233.545
6.72 272.84819 -251.12793 45834.512 -59856.3 5206.41 -65062.8 18263.213
6.73 265.55142 209.53703 45677.284 -60402.1 5067.18 -65469.3 18248.219
6.74 273.63216 -450.00949 45894.909 -60085.6 5221.37 -65307 18349.248
6.75 282.33199 281.38249 45585.155 -59569 5387.38 -64956.4 18332.535
6.76 277.93932 261.22374 45463.31 -60024.4 5303.56 -65328 18326.386
6.77 276.8898 -154.69183 45549.876 -59815.2 5283.53 -65098.7 18380.822
6.78 279.61725 458.31743 45672.868 -59942.8 5335.58 -65278.3 18427.738
6.79 267.95151 -117.02152 45945.672 -60270.6 5112.97 -65383.6 18548.54
6.8 267.99858 -287.41887 45764.484 -60095 5113.87 -65208.9 18487.398
6.81 280.5774 386.46939 45599.052 -59953.3 5353.9 -65307.2 18492.76
6.82 272.91594 -248.0574 46034.128 -60206 5207.7 -65413.7 18627.487
6.83 287.32842 159.46338 45834.523 -59701.1 5482.72 -65183.8 18577.811
6.84 270.46003 -99.190404 45991.462 -60346.5 5160.84 -65507.3 18656.659
6.85 268.21696 -780.25197 46147.639 -60090 5118.04 -65208.1 18701.158
6.86 269.16823 276.51563 45498.917 -60224.2 5136.19 -65360.4 18555.122
6.87 276.53995 -312.47436 46132.966 -59744 5276.86 -65020.8 18729.234
6.88 268.32362 -276.52128 45657.648 -60196 5120.08 -65316 18633.292
6.89 270.79249 -70.294606 45747.977 -59985 5167.19 -65152.2 18688.432
6.9 268.20374 184.11855 45449.812 -60319.9 5117.79 -65437.7 18633.847
6.91 269.25598 17.969353 45627.506 -60222.6 5137.87 -65360.5 18705.874
6.92 276.64378 -826.63099 46000.401 -59703.4 5278.84 -64982.2 18829.897
6.93 271.54482 302.46719 45596.949 -60335.4 5181.54 -65516.9 18790.745
6.94 278.09253 -323.23337 45660.252 -59834.1 5306.48 -65140.5 18866.798
6.95 275.77862 177.30782 45771.597 -60201.9 5262.33 -65464.2 18924.366
6.96 281.11026 157.74532 45809.597 -59835 5364.07 -65199.1 18930.768
6.97 279.2631 389.28373 45530.992 -59840.4 5328.82 -65169.2 18907.734
6.98 281.4102 70.117006 45805.1 -59892.6 5369.79 -65262.4 19044.662
6.99 272.18661 -65.695806 45695.894 -60148.6 5193.79 -65342.4 19070.856
7 269.09849 569.86455 45528.453 -60541.6 5134.86 -65676.4 19061.328
7.01 270.43284 584.2183 45392.638 -60136.2 5160.32 -65296.5 19026.656
7.02 274.54937 293.4667 45742.745 -59916.1 5238.87 -65154.9 19174.941
7.03 270.03886 -86.651343 45851.236 -60281.7 5152.8 -65434.5 19222.275
7.04 279.17007 -150.26006 45824.603 -60031.9 5327.04 -65359 19242.949
7.05 269.37232 -710.0155 45635.019 -60355.5 5140.09 -65495.6 19230.754
7.06 274.37214 -553.68839 45803.815 -59979.9 5235.49 -65215.4 19324.467
7.07 267.41985 274.858 45651.883 -60073 5102.83 -65175.8 19350.664
7.08 269.98935 -72.702004 45822.773 -59827.3 5151.86 -64979.1 19454.491
7.09 278.74137 -531.19275 46194.012 -60220.4 5318.86 -65539.3 19589.386
7.1 275.84572 -443.77663 45698.721 -60065.8 5263.61 -65329.4 19476.141
7.11 279.20414 683.81042 45426.314 -59822 5327.69 -65149.7 19428.721
7.12 271.12357 454.20045 45693.284 -60183.1 5173.5 -65356.6 19506.668
7.13 282.46931 541.59163 45423.943 -59867 5390 -65257 19509.292
7.14 267.75108 -133.42874 45677.208 -60335.4 5109.15 -65444.5 19628.645
7.15 272.35494 339.60788 45445.247 -59993.7 5197 -65190.7 19580.243
7.16 275.72771 69.313585 45791.974 -59971.6 5261.36 -65233 19739.182
7.17 267.99514 153.43798 45464.067 -60412.1 5113.81 -65525.9 19641.516
7.18 268.40791 33.526931 45843.902 -59962.5 5121.68 -65084.2 19740.717
7.19 276.08363 936.73423 45364.379 -60241 5268.15 -65509.1 19630.446
7.2 278.27333 220.35195 45562.362 -60071.9 5309.93 -65381.9 19730.398
7.21 276.9629 -533.31762 46175.194 -59831.4 5284.93 -65116.4 19924.074
7.22 271.90968 134.89879 45617.974 -59964.7 5188.5 -65153.2 19810.195
7.23 269.40155 453.92093 45624.217 -60170.2 5140.64 -65310.9 19857.603
7.24 278.50465 7.3331031 46043.553 -59745.7 5314.35 -65060 20019.495
7.25 272.04177 -635.6709 45875.909 -60293.1 5191.02 -65484.1 19976.064
7.26 286.85667 -347.05643 45724.009 -59990.8 5473.72 -65464.5 19987.095
7.27 274.91278 460.04422 45354.202 -60066.4 5245.81 -65312.2 19921.108
7.28 275.85578 -418.11398 46010.968 -60128.1 5263.8 -65391.9 20156.762
7.29 281.8251 -211.60341 45794.667 -60064.5 5377.71 -65442.2 20131.276
7.3 270.15902 -42.458681 45531.007 -60100.3 5155.1 -65255.4 20089.566
7.31 276.04618 521.43548 45368.506 -59863.4 5267.43 -65130.8 20084.69
7.32 279.33552 12.082929 45618.232 -59545.5 5330.2 -64875.7 20184.532
7.33 274.37908 -158.15821 45865.81 -60035.4 5235.62 -65271 20268.981
7.34 280.07265 -274.19251 45846.869 -59916.3 5344.27 -65260.6 20265.403
7.35 275.62113 736.77138 45467.09 -59720.1 5259.32 -64979.5 20190.628
7.36 276.5676 -1157.5376 46094.103 -60007.9 5277.38 -65285.2 20363.946
7.37 261.03679 -557.16496 45468.324 -60335.8 4981.03 -65316.8 20204.559
7.38 275.08033 868.46315 45606.094 -59820 5249 -65069 20279.506
7.39 270.57792 -32.00389 45698.254 -60178.8 5163.09 -65341.8 20317.576
7.4 268.76645 -473.94689 45811.624 -60167.2 5128.52 -65295.7 20381.059
7.41 272.85185 -285.67358 46039.154 -60181.7 5206.48 -65388.2 20526.71
7.42 271.21312 -448.39556 45839.164 -59853.2 5175.21 -65028.4 20507.915
7.43 272.2526 256.77376 45598.394 -60326.7 5195.05 -65521.7 20467.837
7.44 273.76102 -713.15601 45675.948 -59952 5223.83 -65175.8 20486.156
7.45 267.44771 -570.77381 45693.659 -60167.2 5103.36 -65270.6 20506.487
7.46 276.82598 -414.32605 46059.98 -59960.8 5282.31 -65243.2 20637.052
7.47 264.61871 -264.45589 45905.961 -60162.1 5049.38 -65211.5 20636.108
7.48 281.4406 213.2186 45410.334 -59541.2 5370.37 -64911.6 20495.757
7.49 272.47387 361.45649 45865.377 -60170.4 5199.27 -65369.7 20669.826
7.5 278.93023 36.419735 45687.664 -59931.5 5322.47 -65254 20673.717
7.51 265.48684 -1152.1431 46007.252 -60039.2 5065.94 -65105.1 20846.214
7.52 272.35604 469.47802 45564.065 -60042.8 5197.02 -65239.8 20746.46
7.53 265.83131 307.53888 45358.114 -60193 5072.52 -65265.5 20763.312
7.54 284.99267 -170.73157 45817.461 -59898.9 5438.15 -65337.1 20942.165
7.55 276.32525 -765.52062 45951.293 -60166.6 5272.76 -65439.4 21062.385
7.56 281.15218 -537.79779 45830.264 -59903.2 5364.87 -65268.1 21053.26
7.57 278.3787 -399.72401 46060.278 -59781.4 5311.94 -65093.3 21106.524
7.58 271.86142 -72.060748 45781.268 -60253.1 5187.58 -65440.7 21055.373
7.59 284.54445 -33.328382 45926.037 -59918.7 5429.6 -65348.3 21118.493
7.6 278.97456 420.10875 45741.147 -60221.5 5323.31 -65544.8 21050.072
7.61 283.76267 33.434069 45739.962 -59897 5414.68 -65311.6 21075.755
7.62 273.13905 -110.22668 45834.035 -60258.5 5211.96 -65470.5 21105.834
7.63 275.1425 -64.528894 45684.393 -59704.3 5250.19 -64954.5 21107.83
7.64 278.36163 204.97668 45786.034 -59837.7 5311.62 -65149.3 21178.275
7.65 268.94056 -403.84345 45997.6 -60276.1 5131.85 -65408 21297.351
7.66 265.97151 534.14162 45607.234 -60026.5 5075.19 -65101.7 21238.414
7.67 275.05357 231.41392 45486.815 -59935.2 5248.49 -65183.7 21224.515
7.68 279.23668 -114.68909 45723.635 -59773.3 5328.31 -65101.6 21307.471
7.69 275.7807 85.313352 45654.848 -59964 5262.37 -65226.4 21349.904
7.7 270.24079 419.6282 45719.635 -60079.9 5156.66 -65236.6 21344.689
7.71 274.84864 481.61758 45610.734 -59730.5 5244.58 -64975.1 21355.483
7.72 279.23665 281.53707 45503.216 -59923.6 5328.31 -65251.9 21311.636
7.73 268.26023 231.27571 45866.187 -60138.3 5118.87 -65257.1 21454.165
7.74 271.97909 102.96003 45508.149 -60073.5 5189.83 -65263.3 21406.921
7.75 283.37345 138.46545 45473.402 -59682.5 5407.25 -65089.8 21439.274
7.76 278.52183 -243.95369 45729.713 -60010.2 5314.67 -65324.8 21514.805
7.77 265.99497 -305.42757 45738.541 -59986.2 5075.64 -65061.8 21514.953
7.78 274.61291 524.92545 45766.42 -60127.8 5240.09 -65367.9 21561.739
7.79 270.57456 -439.29462 45731.35 -60014.6 5163.03 -65177.6 21552.177
7.8 272.95134 -25.983758 45802.36 -60268.6 5208.38 -65477 21566.899
7.81 275.53909 158.27527 45586.533 -60078.3 5257.76 -65336.1 21522.14
7.82 277.66991 315.22086 45345.555 -60086.3 5298.42 -65384.8 21476.386
7.83 278.58971 -49.189696 45789.484 -59969 5315.97 -65284.9 21668.766
7.84 277.70132 -122.42851 45845.213 -59985 5299.02 -65284 21684.075
7.85 271.44177 -675.74213 46063.162 -60071.7 5179.57 -65251.3 21830.579
7.86 276.66921 30.1276 45622.476 -59842.5 5279.32 -65121.9 21713.378
7.87 285.17933 -471.03825 46009.408 -59657.8 5441.71 -65099.5 21824.934
7.88 274.4946 257.68014 45556.433 -60138.8 5237.83 -65376.6 21703.873
7.89 275.08524 152.36512 45681.863 -60113.6 5249.1 -65362.7 21774.816
7.9 275.89967 179.36874 45675.368 -59732.3 5264.64 -64996.9 21807.517
7.91 271.0775 621.70405 45548.264 -60135.4 5172.62 -65308 21816.533
7.92 270.06782 -225.72411 45746.033 -60012.3 5153.36 -65165.7 21898.01
7.93 265.52585 -156.13138 45661.252 -60202 5066.69 -65268.7 21882.013
7.94 271.53377 -87.746339 45767.799 -59973.5 5181.33 -65154.9 21964.845
7.95 276.72831 162.37665 45928.565 -59966.7 5280.45 -65247.2 22040.848
7.96 265.36739 189.65923 45528.53 -59985.9 5063.67 -65049.6 21940.097
7.97 273.98434 -291.63209 45832.612 -60061.7 5228.09 -65289.8 22085.948
7.98 285.51538 280.37601 45732.36 -59890.9 5448.12 -65339 22109.433
7.99 278.23178 788.82467 45741.169 -59949.3 5309.14 -65258.4 22096.197
8 281.16958 593.56673 45763.57 -59941.5 5365.2 -65306.7 22120.028
8.01 271.64772 -857.82164 46097.67 -59938.1 5183.5 -65121.6 22285.248
8.02 269.08669 129.51711 45569.338 -60229.9 5134.64 -65364.6 22099.102
8.03 280.92285 168.12178 45655.673 -59984.2 5360.49 -65344.7 22159.508
8.04 269.10382 493.13965 45353.526 -60321.9 5134.96 -65456.9 22118.39
8.05 278.1899 610.15758 45387.952 -59942.7 5308.34 -65251.1 22134.583
8.06 285.75303 -495.94979 45687.915 -59963.8 5452.66 -65416.4 22266.718
8.07 272.4003 -48.283655 45457.392 -60257.6 5197.86 -65455.4 22207.992
8.08 277.97863 -164.58762 45738.862 -59891.4 5304.31 -65195.7 22349.382
8.09 266.2075 151.92846 45831.021 -60360 5079.7 -65439.7 22396.869
8.1 269.80823 552.62026 45400.777 -60119.6 5148.4 -65268 22240.8
8.11 276.4591 255.44034 45709.376 -59986.3 5275.31 -65261.6 22363.885
8.12 274.42922 88.10402 45720.291 -59935.8 5236.58 -65172.4 22422.18
8.13 271.23554 47.907146 45504.43 -60251 5175.64 -65426.6 22376.048
8.14 262.52572 -421.50388 45768.396 -59818.7 5009.44 -64828.1 22502.469
8.15 269.92222 578.79007 45438.713 -60079.4 5150.58 -65230 22439.841
8.16 282.00385 245.20251 45637.416 -59759.4 5381.12 -65140.5 22496.52
8.17 276.17942 698.73289 45437.021 -60103.7 5269.98 -65373.7 22461.918
8.18 274.83178 487.56079 45412.035 -60119.9 5244.26 -65364.1 22483.36
8.19 270.67591 -501.36439 46017.187 -60285.8 5164.96 -65450.7 22733.563
8.2 273.40776 76.848891 45581.838 -60038.7 5217.09 -65255.7 22628.576
8.21 276.05987 -420.82808 45534.062 -59997.4 5267.7 -65265 22611.804
8.22 269.61511 865.93129 45669.662 -59958.9 5144.72 -65103.6 22693.718
8.23 273.9017 -789.12297 45925.619 -59891.7 5226.51 -65118.2 22764.504
8.24 275.04064 27.561329 45652.672 -60050.8 5248.25 -65299 22668.585
8.25 269.18493 152.74173 45801.893 -60178.3 5136.51 -65314.8 22739.964
8.26 279.54952 -248.77589 45675.776 -59941.5 5334.28 -65275.8 22682.396
8.27 266.14294 133.97289 45583.094 -60118.2 5078.46 -65196.6 22685.871
8.28 271.49782 -906.55677 45932.243 -60189.6 5180.64 -65370.2 22802.937
8.29 276.541 99.128347 45690.627 -59874.4 5276.88 -65151.2 22713.108
8.3 271.71657 -432.16387 45765.147 -60137.1 5184.82 -65322 22711.656
8.31 280.43927 561.94041 45349.717 -59861.2 5351.26 -65212.4 22640.153
8.32 275.74906 -171.18686 45522.404 -60046 5261.76 -65307.8 22712.057
8.33 280.01209 1.0483051 45941.687 -59850.4 5343.11 -65193.5 22885.969
8.34 270.11224 6.5055759 45909.834 -60403.5 5154.2 -65557.7 22928.018
8.35 270.45339 287.9572 45434.705 -60045.9 5160.71 -65206.6 22811.133
8.36 280.61833 342.56369 45491.482 -59587.7 5354.68 -64942.4 22840.024
8.37 255.14773 -218.27683 45723.513 -60104.8 4868.66 -64973.5 22965.046
8.38 286.17716 286.76478 45723.01 -59703.9 5460.75 -65164.6 22982.897
8.39 268.59682 -369.81261 45873.618 -59908.3 5125.29 -65033.6 23060.692
8.4 274.27299 -390.91077 45666.349 -59882 5233.6 -65115.6 23020.234
8.41 262.24383 -8.782239 45922.029 -60357.6 5004.06 -65361.7 23140.236
8.42 276.60629 -310.84459 45818.045 -59979 5278.12 -65257.1 23128.483
8.43 263.42899 225.89122 45358.408 -60210 5026.68 -65236.6 23013.584
8.44 271.38968 -75.075113 45693.806 -60034.6 5178.58 -65213.2 23167.89
8.45 272.45315 545.35247 45412.914 -60182.6 5198.87 -65381.5 23060.52
8.46 265.00399 418.4855 46008.155 -60230.8 5056.73 -65287.5 23291.744
8.47 275.36442 -310.4298 45848 -60190.6 5254.43 -65445 23274.67
8.48 268.33056 823.88582 45557.652 -60357.6 5120.21 -65477.8 23223.586
8.49 270.9142 -101.36506 46015.373 -59917.4 5169.51 -65086.9 23379.708
8.5 274.39813 25.52849 45990.124 -60223.5 5235.99 -65459.5 23398.937
8.51 274.82132 -203.21378 45430.447 -60194.7 5244.06 -65438.7 23274.828
8.52 269.40931 -97.633189 45670.774 -60239.2 5140.79 -65380 23372.345
8.53 282.54365 44.980628 45570.138 -59972.4 5391.42 -65363.8 23371.714
8.54 277.43763 -46.61186 45615.392 -59911.6 5293.99 -65205.6 23378.529
8.55 272.2344 181.24204 45590.104 -59800.3 5194.7 -64995 23401.14
8.56 271.2954 -376.73172 45581.129 -60113.8 5176.78 -65290.6 23418.843
8.57 272.47348 -98.374716 45698.542 -59815.9 5199.26 -65015.2 23472.656
8.58 278.87059 445.78683 45659.395 -59973.5 5321.33 -65294.8 23504.476
8.59 293.53826 -49.510191 45717.176 -59828.9 5601.21 -65430.1 23509.766
8.6 271.90595 704.84397 45423.231 -60125.3 5188.43 -65313.8 23376.301
8.61 263.62058 -146.42746 45788.668 -60142.7 5030.33 -65173 23559.964
8.62 266.67841 -3.1288784 45784.802 -59742.8 5088.68 -64831.4 23564.548
8.63 277.92477 -18.210009 45625.728 -60052.2 5303.28 -65355.5 23555.087
8.64 275.83087 30.384952 45682.937 -60015 5263.33 -65278.4 23625.47
8.65 276.79554 -128.80733 45852.421 -60110.8 5281.73 -65392.5 23692.469
8.66 283.16624 -346.63407 45872.367 -59900.2 5403.3 -65303.5 23693.36
8.67 275.47075 -504.51001 46107.133 -60123.6 5256.45 -65380.1 23820.335
8.68 270.84776 -514.22872 46119.331 -60325.4 5168.24 -65493.6 23861.979
8.69 277.34584 63.363342 45766.465 -60037.2 5292.23 -65329.5 23776.358
8.7 260.11309 281.6034 45457.778 -60379.3 4963.4 -65342.7 23698.379
8.71 275.44078 58.016039 45584.178 -60128.5 5255.88 -65384.4 23779.465
8.72 279.9535 -108.78639 45634.563 -59955.1 5341.99 -65297 23839.081
8.73 274.39468 -527.97527 45941.092 -59812 5235.92 -65047.9 23982.588
8.74 267.29081 -812.61364 45749.311 -59961 5100.37 -65061.4 23929.527
8.75 274.62165 -189.50382 45781.177 -60075.1 5240.25 -65315.4 23964.292
8.76 286.84817 -1284.7245 46112.928 -59871.4 5473.56 -65344.9 24142.437
8.77 279.39234 365.93406 45678.337 -60252 5331.29 -65583.2 23969.235
8.78 271.44878 -201.35841 45592.095 -60112.7 5179.71 -65292.4 24005.031
8.79 275.85202 -84.861913 45724.527 -60048.5 5263.73 -65312.2 24084.215
8.8 275.50206 41.441012 45828.159 -60066 5257.05 -65323.1 24144.077
8.81 268.38502 -69.825644 45699.397 -60162.1 5121.25 -65283.3 24156.132
8.82 260.41369 -548.95599 45681.833 -60325.1 4969.14 -65294.2 24183.932
8.83 275.48253 -426.61957 45856.932 -60138.4 5256.68 -65395.1 24292.231
8.84 278.27013 375.15779 45485.206 -59889.9 5309.87 -65199.8 24212.754
8.85 277.44826 168.06957 45997.93 -59952.4 5294.19 -65246.6 24385.459
8.86 267.57006 -635.9618 45824.655 -59987.8 5105.7 -65093.5 24379.228
8.87 276.68094 -412.94728 45861.878 -59961.8 5279.55 -65241.4 24423.552
8.88 267.2012 -318.26199 45806.014 -60159.6 5098.66 -65258.2 24427.758
8.89 282.70244 512.87651 45697.17 -60201.6 5394.45 -65596 24394.118
8.9 266.79427 -124.10493 45430.074 -60037.9 5090.89 -65128.8 24326.726
8.91 267.94843 124.03028 45675.779 -60038.7 5112.92 -65151.6 24410.072
8.92 274.64216 -621.10836 45881.092 -60001.9 5240.64 -65242.6 24553.321
8.93 271.71208 -44.641597 45834.345 -59785.1 5184.73 -64969.8 24534.254
8.94 275.40397 159.59579 45573.765 -60115.6 5255.18 -65370.8 24456.818
8.95 267.67708 -565.96535 45957.542 -60156.7 5107.74 -65264.4 24623.882
8.96 269.18702 -655.84175 45790.827 -60135.9 5136.55 -65272.5 24623.775
8.97 273.05385 -147.65447 45854.377 -60121.7 5210.34 -65332.1 24709.811
8.98 271.22444 -866.37824 46017.871 -59879.1 5175.43 -65054.5 24772.254
8.99 278.34942 0.49627685 45579.136 -60016.1 5311.38 -65327.4 24660.992
9 277.38237 -441.82746 45935.95 -60236.2 5292.93 -65529.2 24831.612
9.01 276.18471 -747.31411 45965.071 -59878.5 5270.08 -65148.6 24895.56
9.02 264.7737 -221.6694 45654.129 -60172.8 5052.34 -65225.1 24787.913
9.03 268.86546 -5.0721903 45841.305 -60006.6 5130.41 -65137 24872.363
9.04 287.24328 227.32921 45533.631 -60005.8 5481.09 -65486.9 24788.751
9.05 274.80203 -885.87305 46139.713 -59976.1 5243.69 -65219.8 25043.003
9.06 274.78395 290.4737 45514.812 -59771.4 5243.35 -65014.7 24843.415
9.07 267.73952 348.83456 45724.041 -60215.3 5108.93 -65324.3 24982.852
9.08 278.53872 -775.69995 46085.337 -59816.7 5315 -65131.7 25161.778
9.09 276.53095 417.7209 45409.752 -60153.6 5276.69 -65430.3 24887.949
9.1 278.15284 479.36613 45501.003 -59650.8 5307.63 -64958.4 24995.859
9.11 270.7584 253.46714 45870.163 -60235.4 5166.53 -65401.9 25156.187
9.12 273.01378 -238.95741 45704.46 -59832.3 5209.57 -65041.9 25100.812
9.13 275.63249 -444.78576 45957.903 -59798.9 5259.54 -65058.5 25233.918
9.14 268.23806 102.69575 45627.45 -60238.3 5118.44 -65356.8 25172.752
9.15 276.7536 -544.29614 45794.779 -59883.1 5280.93 -65164 25252.2
9.16 273.25907 -187.75118 45690.093 -59998.6 5214.25 -65212.9 25250.859
9.17 273.74379 -741.10383 46115.757 -60215.4 5223.5 -65438.9 25452.919
9.18 281.54248 396.8301 45627.14 -59716.2 5372.31 -65088.5 25279.982
9.19 274.27568 -312.79121 45847.03 -59766.6 5233.65 -65000.3 25407.663
9.2 271.31016 75.601814 45724.924 -59882.3 5177.06 -65059.4 25421.935
9.21 270.32088 -38.867363 45786.52 -59990.5 5158.19 -65148.7 25451.665
9.22 284.54494 68.123294 45317.371 -59802.2 5429.61 -65231.8 25295.891
9.23 267.61228 -383.03861 45818.015 -59917.6 5106.5 -65024.2 25504.002
9.24 277.07463 1050.1662 45234.934 -60093 5287.06 -65380 25323.453
9.25 276.84965 -508.20503 46042.195 -59940.4 5282.77 -65223.1 25646.917
9.26 265.69036 -877.18513 45818.574 -60020 5069.83 -65089.9 25609.135
9.27 278.51486 981.32713 45461.196 -59694.7 5314.54 -65009.2 25500.68
9.28 274.36112 -340.72307 45921.921 -60099.6 5235.28 -65334.9 25720.58
9.29 274.29451 484.82657 45489.814 -60192.7 5234.01 -65426.7 25533.605
9.3 275.6735 86.791395 45501.347 -60169.7 5260.32 -65430 25566.722
9.31 278.05165 -234.53924 46126.38 -59800 5305.7 -65105.7 25763.751
9.32 279.49981 -194.0292 45689.284 -59961.4 5333.34 -65294.7 25653.629
9.33 270.27185 68.317265 45897.061 -60116.7 5157.25 -65274 25762.926
9.34 265.30836 -767.48452 45766.81 -60098.7 5062.54 -65161.3 25751.094
9.35 264.17399 464.42388 45666.817 -60309.3 5040.89 -65350.2 25719.962
9.36 269.63217 -886.17358 45846.652 -60295.4 5145.04 -65440.4 25819.762
9.37 274.9639 588.44005 45672.131 -60206.4 5246.78 -65453.1 25767.896
9.38 268.84934 -93.348988 45717.525 -60058.7 5130.11 -65188.8 25799.429
9.39 262.10827 -367.21718 45879.022 -60155.5 5001.48 -65157 25897.848
9.4 272.4414 -270.72002 45930.614 -60052.1 5198.65 -65250.7 25998.759
9.41 267.56006 228.62864 45623.515 -60234 5105.51 -65339.5 25912.869
9.42 271.26992 -455.85525 46105.907 -59981.1 5176.3 -65157.4 26141.052
9.43 284.564 106.84572 45539.217 -59850.8 5429.97 -65280.8 25959.952
9.44 268.29362 -964.41074 46202.03 -60119.7 5119.5 -65239.2 26248.858
9.45 265.79361 1131.0786 45691.638 -60305.9 5071.8 -65377.7 26074.456
9.46 263.64985 102.19372 45597.971 -60126 5030.89 -65156.9 26058.02
9.47 266.30259 -18.853652 45568.544 -60218.2 5081.51 -65299.7 26061.058
9.48 276.88163 -155.89219 45542.837 -60027.2 5283.38 -65310.6 26083.221
9.49 275.94845 818.37849 45514.663 -59835.5 5265.57 -65101.1 26158.773
9.5 270.46819 -423.82945 45843.809 -60018.9 5161 -65179.9 26335.213
9.51 286.73494 -445.86277 45873.926 -59550.5 5471.39 -65021.9 26369.393
9.52 278.52328 -263.76234 45830.071 -59900.1 5314.7 -65214.8 26368.16
9.53 273.54325 657.74147 45643.141 -60108.9 5219.67 -65328.6 26305.088
9.54 275.19284 40.856441 46077.866 -59847.1 5251.15 -65098.2 26480.846
9.55 272.33806 -247.6587 45845.704 -60032.3 5196.68 -65229 26397.633
9.56 267.89637 110.69045 45593.517 -60177.8 5111.92 -65289.7 26299.339
9.57 264.86103 -581.41019 45727.344 -60198.5 5054 -65252.5 26376.049
9.58 276.10392 636.3124 45350.934 -60166.5 5268.54 -65435 26267.348
9.59 280.2572 -172.02615 45838.993 -59753.9 5347.79 -65101.7 26488.267
9.6 275.6395 -523.68554 45775.615 -60040.9 5259.67 -65300.6 26503.486
9.61 282.74612 -319.34483 46147.851 -59711 5395.28 -65106.2 26655.078
9.62 267.93579 446.79128 45560.546 -60086.6 5112.67 -65199.3 26451.799
9.63 278.67341 326.2584 45537.47 -60005.1 5317.57 -65322.7 26495.752
9.64 275.93045 283.47564 45589.947 -59800.7 5265.23 -65066 26543.295
9.65 284.07388 -702.07378 46076.346 -59996.4 5420.62 -65417 26787.159
9.66 281.66316 -348.31664 46055.014 -59755.4 5374.62 -65130.1 26802.52
9.67 268.11378 -235.94194 45890.341 -60045.5 5116.07 -65161.6 26763.664
9.68 283.99106 206.35916 45685.654 -59891.6 5419.04 -65310.6 26754.914
9.69 269.79117 391.27536 45721.414 -60328.9 5148.08 -65476.9 26786.746
9.7 277.01575 -35.48443 45617.585 -60137.2 5285.94 -65423.1 26785.327
9.71 279.35773 -226.03227 45550.791 -59996.3 5330.62 -65327 26801.184
9.72 276.16436 -121.14548 45994.6 -60088.2 5269.69 -65357.9 27025.494
9.73 279.11943 807.79004 45667.797 -60202.7 5326.08 -65528.8 26965.999
9.74 278.88037 -456.81345 45881.052 -59965.8 5321.52 -65287.3 27085.419
9.75 278.5895 -439.53668 45830.699 -59898.9 5315.97 -65214.8 27102.75
9.76 273.4599 530.25989 45696.511 -60086 5218.08 -65304 27041.615
9.77 275.539 -47.350848 46052.871 -60223.2 5257.76 -65481 27229.772
9.78 280.20644 557.30381 45508.309 -59837.8 5346.82 -65184.6 27002.318
9.79 275.1721 404.23128 45625.168 -60135.1 5250.76 -65385.8 27067.237
9.8 282.83113 1113.1134 45248.161 -59921.4 5396.9 -65318.3 26947.186
9.81 271.6857 -742.69743 45944.571 -60007.1 5184.23 -65191.3 27274.557
9.82 267.35275 -197.35712 45645.557 -60424.4 5101.55 -65526 27226.167
9.83 264.09194 -157.05279 45617.428 -60207.3 5039.33 -65246.7 27220.142
9.84 272.44285 -44.669328 45542.428 -60070.5 5198.68 -65269.2 27263.603
9.85 273.92804 -519.81035 45857.98 -60166.5 5227.02 -65393.5 27364.582
9.86 280.61128 -853.43263 45702.569 -59726.8 5354.54 -65081.3 27356.455
9.87 279.82645 -298.14935 45747.497 -60031.1 5339.57 -65370.6 27434.513
9.88 280.80633 -315.96733 45666.07 -60156.1 5358.27 -65514.4 27459.366
9.89 269.91674 -287.63953 45823.715 -60331.1 5150.47 -65481.6 27551.87
9.9 274.20092 -829.80527 45969.609 -59786.4 5232.22 -65018.6 27633.834
9.91 273.70475 -602.31664 45988 -59968 5222.76 -65190.7 27727.137
9.92 276.14205 515.81332 45633.374 -59818 5269.26 -65087.3 27615.883
9.93 272.06344 213.15097 45476.875 -60134.2 5191.44 -65325.6 27528.227
9.94 276.61698 -755.02573 45844.677 -59821.7 5278.33 -65100 27708.739
9.95 269.90601 -862.20105 45915.949 -60070.9 5150.27 -65221.2 27760.185
9.96 273.72618 -411.97512 45822.433 -60234.9 5223.17 -65458 27791.835
9.97 280.80889 703.09066 45560.682 -59928.9 5358.32 -65287.3 27723.945
9.98 279.42756 493.83304 45366.203 -60046.7 5331.96 -65378.7 27653.973
