0 272.76848 371.76995 21753.069 -29717.7 2445.96 -32163.6 6.1570765
0.01 272.38496 170.00461 21804.743 -29566.5 2442.52 -32009 18.210535
0.02 262.49813 -333.68561 21950.898 -29945.9 2353.86 -32299.7 30.757048
0.03 256.05756 167.23843 21791.477 -29632.2 2296.11 -31928.3 41.963909
0.04 264.23608 529.27803 21645.76 -29837.8 2369.45 -32207.3 52.362655
0.05 258.28961 -768.83131 21922.391 -29777.7 2316.12 -32093.8 64.550238
0.06 270.23584 -1064.9961 22091.407 -29615.7 2423.25 -32038.9 77.736071
0.07 271.74433 675.93399 21582.131 -29411.1 2436.77 -31847.9 85.125811
0.08 275.5053 -214.68858 21837.319 -29383.1 2470.5 -31853.6 97.724575
0.09 267.20771 -890.06967 21827.674 -29374.3 2396.09 -31770.4 115.76068
0.1 281.70489 127.7417 21739.452 -29157.7 2526.09 -31683.8 123.32238
0.11 272.9023 952.75158 21596.022 -29237.9 2447.16 -31685 134.86494
0.12 263.60114 1101.3673 21427.002 -29289.6 2363.75 -31653.3 147.0353
0.13 271.37188 89.080179 21643.465 -28935.3 2433.43 -31368.8 160.43935
0.14 289.12742 1200.4187 21474.145 -28485.3 2592.65 -31077.9 179.29978
0.15 265.96746 -347.44607 21650.052 -28729.3 2384.97 -31114.3 200.44098
0.16 292.4304 729.77925 21356.052 -27851 2622.27 -30473.2 230.3988
0.17 275.6032 103.39229 21340.383 -28255.9 2471.38 -30727.3 257.45698
0.18 255.56748 120.80523 21535.27 -28451 2291.71 -30742.7 288.58887
0.19 269.32933 -466.19583 21620.181 -28385 2415.12 -30800.1 314.87702
0.2 281.82933 -169.45685 21532.562 -28113.5 2527.21 -30640.7 352.37067
0.21 282.79309 439.66807 21446.621 -28106.1 2535.85 -30641.9 390.24705
0.22 272.91462 -493.83834 21579.478 -28156.6 2447.27 -30603.8 414.41351
0.23 276.58273 -6.6772015 21516.206 -28146.6 2480.16 -30626.8 437.41746
0.24 268.79222 -384.2077 21336.977 -28395.6 2410.3 -30805.9 466.79021
0.25 274.56723 762.75547 21328.499 -28305 2462.09 -30767.1 489.71308
0.26 262.10195 -423.68697 21677.512 -28533.6 2350.31 -30884 516.03363
0.27 276.90478 -1074.8766 21673.492 -28312.3 2483.05 -30795.4 542.64278
0.28 281.06689 361.31543 21533.476 -28166.2 2520.37 -30686.6 579.82393
0.29 282.28676 931.89112 21225.982 -28226.2 2531.31 -30757.6 599.16868
0.3 277.38584 -514.68543 21614.593 -28197.5 2487.36 -30684.9 623.03536
0.31 262.41858 -971.85101 21643.1 -28462.4 2353.15 -30815.5 656.69027
0.32 275.56571 436.27199 21384.333 -28190.2 2471.04 -30661.2 682.29962
0.33 274.66763 543.90276 21483.511 -28080.3 2462.99 -30543.3 732.7368
0.34 268.91063 29.645597 21658.559 -28287.8 2411.36 -30699.1 771.57686
0.35 279.39137 -483.51397 21701.079 -28005.9 2505.35 -30511.2 797.68903
0.36 258.79055 -902.54721 21607.527 -28330 2320.62 -30650.6 821.56192
0.37 275.14461 189.29735 21507.028 -28223.6 2467.27 -30690.9 848.68336
0.38 282.43661 -400.24438 21654.236 -27905.8 2532.65 -30438.4 884.60849
0.39 277.55992 362.03706 21410.502 -28184.2 2488.92 -30673.1 899.0897
0.4 288.08146 -476.36621 21480.715 -27915.3 2583.27 -30498.6 920.13444
0.41 270.88164 757.11402 21467.59 -28202.8 2429.04 -30631.8 954.12884
0.42 264.7127 -595.34575 21699.297 -28019.2 2373.72 -30392.9 1002.2738
0.43 277.69577 190.70057 21428.554 -28262.7 2490.14 -30752.8 1025.3491
0.44 264.92401 350.99786 21376.466 -28503.5 2375.62 -30879.1 1058.8935
0.45 270.68313 117.71905 21575.798 -28196 2427.26 -30623.3 1088.179
0.46 277.58139 -967.14713 21609.5 -28363.5 2489.12 -30852.6 1107.9907
0.47 280.59785 -1081.0104 21647.809 -28283.4 2516.17 -30799.6 1144.1616
0.48 287.18342 438.40572 21417.097 -28061.9 2575.22 -30637.1 1161.1795
0.49 258.67427 194.30215 21285.53 -28382.1 2319.57 -30701.7 1173.566
0.5 273.96667 859.62047 21334.004 -28085.6 2456.7 -30542.3 1205.7151
0.51 277.41829 582.41365 21412.329 -28350 2487.65 -30837.6 1238.454
0.52 282.64454 -147.55127 21579.336 -28046.7 2534.52 -30581.3 1282.7122
0.53 273.17175 385.61675 21651.9 -28302.2 2449.57 -30751.7 1323.5281
0.54 274.88384 992.71885 21314.95 -28296.7 2464.93 -30761.7 1337.0149
0.55 278.35976 -186.01112 21496.038 -28223.5 2496.1 -30719.6 1376.8955
0.56 276.00635 81.661235 21506.395 -28169.6 2474.99 -30644.6 1412.9774
0.57 276.15144 -639.86245 21565.27 -28192.5 2476.29 -30668.8 1446.1257
0.58 276.31219 260.80637 21338.533 -28162.2 2477.74 -30639.9 1451.2312
0.59 268.91766 -39.502902 21624.573 -28339.4 2411.43 -30750.8 1495.2265
0.6 286.71521 1028.1397 21547.568 -28133.1 2571.02 -30704.2 1521.678
0.61 271.5833 -99.829175 21407.309 -28310.7 2435.33 -30746 1541.8427
0.62 279.311 -31.235218 21620.532 -28016.8 2504.63 -30521.4 1588.828
0.63 296.32836 -454.14556 21709.169 -28065.1 2657.22 -30722.3 1630.4908
0.64 279.35291 210.31112 21295.166 -28233.9 2505 -30738.9 1650.6169
0.65 286.14483 -946.86169 21815.251 -28175.5 2565.91 -30741.4 1736.8386
0.66 262.12262 508.31093 21553.688 -28354.3 2350.5 -30704.8 1759.3368
0.67 285.88116 -103.93108 21592.955 -28148.1 2563.54 -30711.6 1775.9939
0.68 271.54383 -553.84487 21580.904 -28317.5 2434.98 -30752.5 1790.2805
0.69 293.24804 448.58057 21507.284 -28156 2629.6 -30785.6 1779.0917
0.7 283.53828 -673.76912 21632.643 -28169.5 2542.53 -30712.1 1810.3524
0.71 269.86881 447.0306 21401.843 -28110.8 2419.96 -30530.8 1820.4631
0.72 279.26594 1227.3471 21271.806 -28144.7 2504.22 -30648.9 1836.1161
0.73 287.90181 -501.23797 21485.259 -28134.6 2581.66 -30716.3 1875.9649
0.74 277.18601 -36.781901 21506.044 -28245.5 2485.57 -30731.1 1921.9647
0.75 287.75641 -21.702897 21534.152 -28151.4 2580.36 -30731.7 1972.0719
0.76 276.91693 -22.617628 21537.183 -28268.8 2483.16 -30752 2022.4955
0.77 273.12074 275.74724 21609.018 -28140.6 2449.12 -30589.7 2039.0385
0.78 281.95038 255.92789 21492.7 -28057.9 2528.29 -30586.2 2082.7766
0.79 272.30797 57.520502 21445.34 -28208.2 2441.83 -30650 2099.4805
0.8 286.55431 124.41526 21461.613 -28053.6 2569.58 -30623.2 2106.0197
0.81 266.36289 192.37079 21597.769 -28298.5 2388.52 -30687 2128.4512
0.82 273.32912 13.4484 21387.769 -28201.8 2450.99 -30652.8 2162.5266
0.83 279.53395 1130.0414 21504.155 -28354.7 2506.63 -30861.3 2202.8907
0.84 274.1621 -324.61068 21519.509 -28118.7 2458.46 -30577.1 2246.8574
0.85 264.84067 -567.684 21564.142 -28313.3 2374.87 -30688.2 2293.5521
0.86 265.46823 211.35517 21505.556 -28190.7 2380.5 -30571.2 2310.7458
0.87 264.81578 -80.821251 21416.886 -28553 2374.65 -30927.7 2322.5069
0.88 271.69898 476.87361 21420.613 -28209.6 2436.37 -30646 2356.413
0.89 282.76318 -111.65932 21413.08 -28200.4 2535.58 -30736 2387.9229
0.9 273.00471 125.20643 21503.401 -28159.5 2448.08 -30607.6 2417.4701
0.91 279.24975 465.5701 21521.655 -28098.3 2504.08 -30602.3 2465.8732
0.92 272.87625 411.71313 21497.345 -28229 2446.92 -30675.9 2494.2519
0.93 264.22372 -199.88494 21721.286 -28342.5 2369.34 -30711.9 2540.127
0.94 264.51473 359.82034 21464.089 -28197.5 2371.95 -30569.4 2556.1331
0.95 283.45317 1670.6451 21370.094 -28135.6 2541.77 -30677.4 2574.122
0.96 280.94904 884.77396 21310.815 -28159.9 2519.31 -30679.2 2616.3644
0.97 266.01157 178.66181 21554.819 -28260.7 2385.37 -30646.1 2684.2098
0.98 259.6069 -190.17388 21481.029 -28351.5 2327.94 -30679.5 2723.5307
0.99 279.32808 -63.870454 21566.891 -28154.4 2504.78 -30659.2 2759.621
1 268.22899 508.41233 21504.49 -28227.1 2405.25 -30632.3 2788.2453
1.01 262.74182 -322.79466 21446.728 -28454.2 2356.05 -30810.3 2806.6393
1.02 281.55803 973.989 21383.631 -28149.1 2524.78 -30673.9 2838.162
1.03 266.41214 -381.18998 21533.663 -28438.8 2388.96 -30827.7 2886.8605
1.04 287.42578 -506.87077 21544.774 -28200.6 2577.39 -30778 2897.4581
1.05 261.14514 48.268421 21694.244 -28400.8 2341.73 -30742.5 2931.5483
1.06 267.18152 -700.64472 21553.475 -28411.9 2395.86 -30807.8 2943.4085
1.07 284.39304 538.58861 21494.953 -28236 2550.2 -30786.2 2981.6119
1.08 266.4401 -128.17216 21392.843 -28304.6 2389.21 -30693.8 3002.4305
1.09 286.34922 -12.984889 21422.884 -28171.5 2567.74 -30739.3 3051.8071
1.1 267.98791 834.07958 21319.197 -28450.6 2403.09 -30853.6 3051.1603
1.11 262.83317 804.40326 21514.625 -28273.5 2356.87 -30630.3 3098.2276
1.12 278.92328 90.159365 21620.824 -28154.4 2501.15 -30655.5 3147.8812
1.13 273.77528 -151.78643 21648.025 -28219.2 2454.99 -30674.2 3190.6823
1.14 267.10127 -396.06509 21608.078 -28141.3 2395.14 -30536.5 3221.8369
1.15 288.9922 -411.3252 21551.713 -28155.9 2591.44 -30747.4 3261.0701
1.16 283.83687 -590.14481 21749.512 -28195.6 2545.21 -30740.8 3273.8831
1.17 287.06561 814.714 21316.814 -28105.2 2574.16 -30679.4 3259.9858
1.18 270.73973 -377.37244 21618.955 -28224.9 2427.77 -30652.6 3337.5921
1.19 276.91823 38.771278 21419.586 -28284.6 2483.17 -30767.7 3359.7315
1.2 281.38362 -316.2306 21508.178 -28143.1 2523.21 -30666.3 3388.0319
1.21 262.36893 -442.97384 21620.061 -28352.7 2352.7 -30705.4 3429.8741
1.22 270.20248 113.99365 21372.476 -28218.9 2422.95 -30641.9 3434.3519
1.23 257.89126 -602.623 21481.066 -28343.8 2312.55 -30656.4 3480.9126
1.24 268.132 -329.87671 21547.281 -28256.6 2404.38 -30661 3495.2857
1.25 267.11383 -300.17962 21541.205 -28350.5 2395.25 -30745.7 3512.1979
1.26 280.80625 386.64964 21425.761 -28024.4 2518.03 -30542.4 3502.2876
1.27 273.45285 -39.037584 21531.797 -28119.2 2452.1 -30571.3 3564.7747
1.28 293.05306 1398.9051 21388.425 -27982.4 2627.85 -30610.2 3613.2792
1.29 265.12143 149.54639 21525.834 -28273.7 2377.39 -30651.1 3648.4683
1.3 269.73584 -803.84798 21727.713 -28020.9 2418.76 -30439.7 3695.7965
1.31 280.94449 -199.46995 21409.501 -28049.1 2519.27 -30568.4 3698.8272
1.32 283.68345 -161.2933 21357.591 -28271.2 2543.83 -30815.1 3738.4307
1.33 270.04948 -919.96449 21627.916 -28296.4 2421.58 -30717.9 3796.3158
1.34 271.7368 375.2607 21240.053 -28231.1 2436.71 -30667.8 3774.5992
1.35 272.34433 -653.32204 21626.474 -28233.1 2442.15 -30675.2 3828.6237
1.36 276.88936 -499.52558 21598.095 -28302 2482.91 -30784.9 3870.6413
1.37 271.81851 1147.3666 21478.372 -28188 2437.44 -30625.4 3884.2139
1.38 277.12458 297.54723 21308.916 -28424.6 2485.02 -30909.6 3896.014
1.39 278.79639 -149.85703 21498.847 -28064.5 2500.01 -30564.5 3960.7396
1.4 283.09959 655.48519 21252.889 -28158.5 2538.6 -30697.1 3946.0962
1.41 269.91849 731.25809 21471.676 -28153.6 2420.4 -30574 3995.751
1.42 257.0162 209.74384 21276.659 -28449.2 2304.71 -30753.9 4018.62
1.43 282.95699 140.53991 21524.968 -28198.2 2537.32 -30735.5 4082.1548
1.44 277.41004 -406.38672 21501.687 -28107.5 2487.58 -30595.1 4118.348
1.45 282.00587 95.182805 21487.455 -28185.9 2528.79 -30714.7 4154.4815
1.46 269.7051 317.7781 21415.879 -28383.1 2418.49 -30801.6 4160.5575
1.47 274.41327 -344.44083 21460.886 -28129.6 2460.71 -30590.3 4167.868
1.48 266.96246 331.21223 21163.758 -28463.6 2393.89 -30857.5 4151.4383
1.49 269.98585 -198.39992 21422.67 -28249 2421.01 -30670 4204.9674
1.5 276.93714 -199.29927 21479.245 -28190 2483.34 -30673.3 4257.9783
1.51 286.27871 -393.90291 21663.627 -28205.9 2567.11 -30773.1 4311.7943
1.52 269.30856 266.72341 21431.504 -28311.7 2414.93 -30726.6 4290.6666
1.53 272.5419 94.642238 21541.5 -28381.7 2443.93 -30825.6 4348.4203
1.54 276.32343 -594.84189 21467.715 -28128.4 2477.84 -30606.2 4370.2165
1.55 272.13962 -130.1753 21501.814 -28431.8 2440.32 -30872.1 4431.3386
1.56 278.4656 -409.81073 21449.234 -28186.2 2497.05 -30683.3 4463.5728
1.57 253.75148 -796.54628 21666.599 -28411.7 2275.43 -30687.1 4520.6741
1.58 281.43492 -160.21976 21491.408 -28164.8 2523.67 -30688.4 4525.0456
1.59 268.2071 -5.0655791 21394.004 -28500.5 2405.06 -30905.5 4534.1842
1.6 281.51751 1281.3863 21275.014 -28193.5 2524.41 -30717.9 4586.2926
1.61 265.9879 -480.78064 21604.595 -28285.1 2385.16 -30670.3 4700.2119
1.62 274.04294 1222.1466 21420.513 -28197 2457.39 -30654.4 4696.1179
1.63 275.01821 -698.27542 21518.714 -28335.5 2466.13 -30801.6 4742.0257
1.64 270.53349 151.51493 21633.649 -28052 2425.92 -30477.9 4760.8116
1.65 275.69008 690.02129 21379.887 -28170.4 2472.16 -30642.6 4750.3963
1.66 280.68002 -191.08164 21459.663 -28192.5 2516.9 -30709.4 4805.288
1.67 289.27304 -687.53142 21609.299 -28146.2 2593.96 -30740.1 4875.6403
1.68 270.10176 180.24941 21447.416 -28196.7 2422.05 -30618.7 4907.2505
1.69 280.18826 897.99714 21520.372 -27955.7 2512.49 -30468.1 4973.8064
1.7 275.52399 881.95848 21307.43 -28269.6 2470.67 -30740.3 4982.5316
1.71 281.56731 16.086339 21576.983 -28173 2524.86 -30697.8 5068.1825
1.72 257.97689 -697.17188 21446.785 -28441.4 2313.32 -30754.7 5072.6877
1.73 281.14443 -241.28986 21581.301 -28014.4 2521.07 -30535.4 5121.7851
1.74 266.45354 -943.29193 21521.77 -28323.7 2389.33 -30713 5132.9946
1.75 275.13705 -124.02095 21575.726 -28063.8 2467.2 -30531 5160.3859
1.76 267.71641 -0.11480447 21474.649 -28117.8 2400.66 -30518.4 5159.4232
1.77 277.32922 926.23472 21463.542 -28212.2 2486.86 -30699.1 5189.5985
1.78 281.14209 180.0222 21656.607 -28008.3 2521.05 -30529.3 5263.4795
1.79 265.87227 -53.944071 21421.525 -28223.3 2384.12 -30607.5 5244.3222
1.8 252.20477 698.06403 21229.986 -28409.5 2261.56 -30671 5251.5802
1.81 276.69945 -1.8245443 21393.581 -28086.6 2481.21 -30567.8 5328.4671
1.82 272.9593 -431.54071 21552.002 -28414.2 2447.67 -30861.9 5392.7299
1.83 262.14081 103.63683 21417.219 -28227.1 2350.66 -30577.7 5417.8026
1.84 271.305 20.343377 21575.801 -28329.5 2432.84 -30762.3 5490.84
1.85 275.23725 -613.68716 21553.616 -28091.9 2468.1 -30560 5501.0093
1.86 274.62218 -21.628068 21374.393 -28255 2462.58 -30717.6 5522.119
1.87 287.04101 257.88872 21362.338 -28224.6 2573.94 -30798.5 5523.8494
1.88 268.9864 200.46523 21560.831 -28364.6 2412.04 -30776.6 5614.3768
1.89 267.6964 -899.9898 21575.172 -28173 2400.48 -30573.4 5647.9317
1.9 282.15346 481.45233 21425.563 -28258.9 2530.11 -30789 5636.7014
1.91 273.58561 593.12383 21298.719 -28358.4 2453.29 -30811.6 5641.9456
1.92 271.18921 569.13156 21281.111 -28415.8 2431.8 -30847.6 5684.2626
1.93 282.39258 -299.81475 21543.111 -28119.3 2532.26 -30651.6 5765.3708
1.94 259.47221 446.1514 21342.153 -28406.5 2326.73 -30733.3 5767.4178
1.95 273.88601 -356.67627 21760.749 -28171.6 2455.98 -30627.6 5867.2698
1.96 288.63898 795.69341 21458.237 -28087.1 2588.27 -30675.3 5820.0082
1.97 277.03491 939.36108 21380.801 -28329.4 2484.22 -30813.6 5843.4472
1.98 282.46465 685.72026 21385.69 -28018.5 2532.91 -30551.4 5871.0079
1.99 264.59818 498.5788 21459.419 -28390.2 2372.69 -30762.9 5931.5057
2 267.6672 1305.2961 21418.75 -28178.9 2400.21 -30579.1 5948.5098
2.01 286.01733 -513.75925 21345.772 -28023.1 2564.76 -30587.9 5993.2561
2.02 282.25092 -84.201044 21562.436 -28133.4 2530.99 -30664.4 6053.1875
2.03 265.93789 123.25601 21642.989 -28064.2 2384.71 -30448.9 6085.8081
2.04 268.68484 39.965125 21670.53 -28200.9 2409.34 -30610.2 6108.4468
2.05 269.94953 -354.56739 21638.832 -28283 2420.68 -30703.7 6107.4799
2.06 274.15124 -594.25135 21520.978 -28039.2 2458.36 -30497.6 6129.53
2.07 265.43589 1067.9976 21438.764 -28243.6 2380.21 -30623.8 6132.6323
2.08 280.35076 6.5175268 21534.419 -28001.8 2513.95 -30515.7 6148.332
2.09 276.10491 89.018415 21564.397 -28380 2475.88 -30855.8 6167.8778
2.1 288.62708 -67.351993 21695.68 -27851.9 2588.16 -30440.1 6181.1602
2.11 267.88383 151.44624 21386.479 -28159.3 2402.16 -30561.4 6166.1455
2.12 276.4329 -43.556108 21677.156 -28230 2478.82 -30708.8 6249.8597
2.13 290.14816 328.44491 21326.691 -28103.4 2601.8 -30705.2 6194.4282
2.14 271.99243 -1371.7241 21900.285 -28181 2439 -30620 6348.5283
2.15 266.69842 -103.53849 21618.327 -28409.7 2391.53 -30801.2 6319.9573
2.16 269.69636 275.4304 21449.35 -28170.3 2418.41 -30588.7 6277.5769
2.17 276.94927 344.60406 21500.423 -28212.2 2483.45 -30695.6 6327.3092
2.18 271.08209 655.7494 21384.452 -28298.8 2430.84 -30729.6 6364.4895
2.19 279.1068 -160.49907 21524.908 -28034 2502.8 -30536.8 6434.6635
2.2 272.80617 874.60857 21464.298 -28167.6 2446.3 -30613.9 6469.3395
2.21 262.91172 502.83594 21654.135 -28305.9 2357.57 -30663.5 6530.2116
2.22 269.53146 367.79857 21456.978 -28305.6 2416.93 -30722.6 6525.4787
2.23 276.39518 -173.35683 21678.142 -27969.9 2478.48 -30448.3 6569.2354
2.24 268.98503 -564.38145 21634.154 -28188.8 2412.03 -30600.8 6586.2096
2.25 291.06022 -631.78974 21673.025 -28154.7 2609.98 -30764.7 6640.8802
2.26 278.74469 792.9654 21452.85 -28170.8 2499.55 -30670.4 6619.8027
2.27 272.66383 390.05882 21456.875 -28159.4 2445.02 -30604.4 6638.1554
2.28 267.40966 -267.07871 21625.465 -28330.2 2397.9 -30728.1 6707.674
2.29 282.22838 -346.01447 21657.081 -28182.9 2530.79 -30713.7 6729.0713
2.3 260.18023 -133.42657 21484.821 -28252.1 2333.08 -30585.2 6692.4631
2.31 277.84357 -694.5976 21453.755 -28143.5 2491.47 -30635 6718.709
2.32 253.67845 -509.32642 21545.01 -28337 2274.77 -30611.7 6750.3383
2.33 283.23548 428.37391 21331.965 -28242.5 2539.82 -30782.3 6742.3199
2.34 268.93558 -172.02404 21472.07 -28248.2 2411.59 -30659.8 6828.9962
2.35 279.29991 12.550427 21440.935 -28402.4 2504.53 -30906.9 6852.0559
2.36 271.21956 -365.48675 21525.224 -28269.7 2432.07 -30701.7 6915.887
2.37 273.27441 -68.54616 21483.882 -28297.4 2450.5 -30747.9 6931.7885
2.38 270.02956 783.3993 21361.682 -28367.3 2421.4 -30788.7 6928.1501
2.39 275.20757 -236.96145 21734.186 -28203.7 2467.83 -30671.5 7040.6943
2.4 275.83818 -851.15561 21705.135 -28329.5 2473.48 -30803 7054.9105
2.41 278.57248 -381.58365 21553.699 -28340.9 2498 -30838.9 7072.6263
2.42 283.97814 302.71653 21514.869 -28170.1 2546.48 -30716.5 7136.6683
2.43 272.79842 280.45801 21423.107 -28230 2446.23 -30676.2 7153.7697
2.44 255.03242 -31.930433 21598.8 -28199.6 2286.92 -30486.5 7196.5805
2.45 278.4278 -86.208608 21723.241 -28324.8 2496.71 -30821.5 7287.8584
2.46 271.72169 -284.99044 21668.545 -28310.5 2436.57 -30747 7272.5864
2.47 293.96617 -124.73447 21516.488 -28185.7 2636.04 -30821.7 7258.4567
2.48 259.79195 276.85725 21587.421 -28257.1 2329.6 -30586.7 7277.917
2.49 282.46589 563.65623 21513.17 -28299.1 2532.92 -30832 7244.5303
2.5 268.61047 715.26578 21521.078 -28348.4 2408.67 -30757.1 7279.4998
2.51 255.03506 -108.62526 21337.685 -28433 2286.94 -30720 7276.1024
2.52 283.4478 96.07542 21389.387 -28072.2 2541.72 -30614 7318.3603
2.53 277.92645 -674.66067 21758.635 -28095.1 2492.21 -30587.3 7463.0241
2.54 273.36837 -147.23382 21556.38 -28260.6 2451.34 -30711.9 7457.0314
2.55 270.97298 300.68862 21491.112 -28338.3 2429.86 -30768.2 7469.7788
2.56 278.88437 822.88623 21391.021 -28209.9 2500.8 -30710.7 7516.6705
2.57 275.46295 -135.45849 21562.402 -27891.6 2470.12 -30361.7 7627.2788
2.58 269.87093 4.064301 21356.659 -28405.4 2419.98 -30825.4 7585.4748
2.59 272.09587 -135.21484 21620.562 -28133.4 2439.93 -30573.4 7685.2636
2.6 279.49703 -194.21019 21721.022 -28206.9 2506.29 -30713.2 7748.1452
2.61 286.68165 580.29221 21578.593 -27880.8 2570.72 -30451.6 7721.1599
2.62 277.8375 -1132.0692 21597.326 -28183.3 2491.41 -30674.7 7768.283
2.63 268.3112 610.99764 21563.38 -28245.3 2405.99 -30651.3 7786.2534
2.64 278.67208 373.65905 21285.619 -28421.7 2498.9 -30920.6 7735.8353
2.65 276.92263 1525.3154 21445.555 -28086.3 2483.21 -30569.6 7830.7026
2.66 283.0992 837.69675 21332.05 -28306.5 2538.6 -30845.1 7790.0033
2.67 268.17615 -335.01746 21418.787 -28381.2 2404.78 -30786 7848.3865
2.68 275.98678 1201.3338 21276.076 -28086.7 2474.82 -30561.6 7850.2248
2.69 283.79989 117.17787 21510.764 -28196.6 2544.88 -30741.5 7961.1716
2.7 274.33474 285.45536 21446.443 -28107.5 2460 -30567.5 7993.8284
2.71 268.15084 -148.2131 21413.79 -28245.4 2404.55 -30649.9 8071.397
2.72 269.13529 -1472.761 21646.889 -28147.6 2413.38 -30561 8157.0252
2.73 278.29332 319.47373 21410.374 -28155.1 2495.5 -30650.6 8120.1796
2.74 262.2683 469.8416 21125.077 -28417 2351.8 -30768.8 8048.1233
2.75 265.65716 757.17985 21428.923 -28289.9 2382.19 -30672.1 8164.1077
2.76 293.80282 170.03793 21408.517 -27987.1 2634.58 -30621.7 8167.8969
2.77 267.79319 189.47563 21563.708 -28336.7 2401.34 -30738.1 8220.8765
2.78 262.98059 -796.39404 21275.177 -28317.4 2358.19 -30675.6 8174.963
2.79 275.83773 -132.45063 21475.216 -28220.8 2473.48 -30694.2 8243.7331
2.8 273.85995 399.93787 21496.651 -28173.1 2455.75 -30628.8 8275.2144
2.81 271.84283 180.00661 21448.409 -28449.7 2437.66 -30887.3 8269.5117
2.82 277.10362 -398.25213 21545.516 -28228.8 2484.83 -30713.6 8334.5838
2.83 273.81691 -770.64037 21705.752 -28110.7 2455.36 -30566.1 8424.7272
2.84 275.06227 -756.10847 21456.536 -28393.2 2466.53 -30859.8 8357.1979
2.85 274.14305 407.21558 21368.422 -28156.2 2458.28 -30614.5 8371.8515
2.86 281.93518 103.16738 21495.673 -28113.3 2528.16 -30641.4 8434.7476
2.87 271.04836 271.00177 21573.885 -28399.6 2430.53 -30830.1 8493.2245
2.88 271.31564 62.485138 21534.631 -28296 2432.93 -30728.9 8529.5589
2.89 276.45463 521.53808 21337.403 -28166.6 2479.01 -30645.6 8467.3139
2.9 267.26429 -762.75912 21615.943 -28409 2396.6 -30805.6 8574.669
2.91 276.7257 -782.55123 21758.163 -28141.3 2481.44 -30622.7 8618.2423
2.92 271.95833 -137.52482 21534.833 -28154.9 2438.69 -30593.6 8636.426
2.93 278.63006 -77.278987 21606.514 -28282.3 2498.52 -30780.8 8642.0007
2.94 270.8583 -63.626452 21574.962 -28399.9 2428.83 -30828.8 8664.6876
2.95 276.39454 388.67898 21335.095 -28151.7 2478.47 -30630.2 8621.9077
2.96 279.45411 210.10658 21413.744 -28297.1 2505.91 -30803.1 8735.9985
2.97 275.96037 -192.52037 21651.917 -28085 2474.58 -30559.6 8798.6575
2.98 280.40251 143.19737 21461.467 -28220.9 2514.41 -30735.3 8775.2871
2.99 262.22282 130.64832 21592.669 -28357.9 2351.39 -30709.3 8843.0381
3 281.09985 341.88077 21679.82 -28081.5 2520.67 -30602.2 8909.0187
3.01 273.53623 203.92618 21454.812 -28350.4 2452.84 -30803.3 8869.2605
3.02 276.74547 417.87013 21436.737 -28127.7 2481.62 -30609.3 8887.4968
3.03 260.73434 -365.67417 21576.207 -28526.2 2338.05 -30864.3 8933.095
3.04 266.16642 -517.04745 21499.471 -28280.6 2386.76 -30667.4 8934.4085
3.05 256.39925 -1348.7291 21586.309 -28348.5 2299.17 -30647.7 8959.484
3.06 297.73389 -10.142732 21327.718 -28044.1 2669.83 -30713.9 8931.7726
3.07 267.70948 -493.87489 21622.971 -28153.1 2400.59 -30553.6 9030.2269
3.08 286.43118 43.318893 21543.277 -28009.2 2568.47 -30577.7 9047.2957
3.09 276.38433 -700.79792 21648.984 -28308.1 2478.38 -30786.5 9085.2905
3.1 272.47238 -785.15312 21653.621 -28006.7 2443.3 -30450 9095.9757
3.11 273.69677 -791.46193 21714.968 -28332.3 2454.28 -30786.5 9179.7403
3.12 276.56305 -300.59363 21473.557 -28112.3 2479.98 -30592.3 9148.3078
3.13 256.83162 -325.84893 21493.716 -28380.7 2303.05 -30683.7 9148.0381
3.14 275.96315 794.46831 21317.319 -28183.6 2474.61 -30658.2 9128.5226
3.15 273.90901 -73.539567 21516.104 -28209.6 2456.19 -30665.8 9210.9648
3.16 283.33429 -48.982291 21613.099 -28110.2 2540.7 -30650.9 9280.8697
3.17 261.42088 135.08409 21506.499 -28095.5 2344.2 -30439.7 9304.1203
3.18 269.83934 472.80866 21451.107 -28260.8 2419.69 -30680.5 9361.0844
3.19 275.90267 -7.7150206 21386.94 -28110.7 2474.06 -30584.8 9383.2074
3.2 279.04079 -354.57615 21465.984 -28159.6 2502.2 -30661.8 9450.1596
3.21 286.65196 -407.47353 21812.8 -27882.3 2570.45 -30452.7 9531.657
3.22 273.72183 406.63577 21500.865 -28164.1 2454.51 -30618.6 9459.8993
3.23 272.78779 132.48846 21382.746 -28317.5 2446.13 -30763.6 9466.8602
3.24 283.84993 576.49068 21456.135 -28233.6 2545.33 -30778.9 9499.8596
3.25 279.69175 -26.38864 21537.664 -28116.9 2508.04 -30624.9 9565.0998
3.26 260.6378 -14.652132 21651.691 -28310.2 2337.18 -30647.4 9653.3432
3.27 274.23866 52.957856 21474.56 -28174.8 2459.14 -30633.9 9594.3228
3.28 259.74385 -648.71518 21402.273 -28407 2329.16 -30736.2 9595.0729
3.29 285.42096 287.10364 21423.06 -28135.8 2559.42 -30695.2 9624.8507
3.3 264.06161 973.49153 21378.132 -28552 2367.88 -30919.9 9638.3951
3.31 271.50437 262.91835 21682.849 -28238.3 2434.62 -30672.9 9720.5394
3.32 272.52567 372.43326 21492.23 -28248.5 2443.78 -30692.3 9676.1657
3.33 274.58843 -235.95087 21709.533 -28043.5 2462.28 -30505.8 9768.1401
3.34 267.52924 -34.382559 21527.097 -28310.9 2398.98 -30709.9 9743.4465
3.35 260.93528 -317.28743 21536.047 -28339.4 2339.85 -30679.2 9832.829
3.36 273.97558 -400.58528 21480.123 -28288.5 2456.78 -30745.3 9860.4793
3.37 281.32286 -46.215799 21639.333 -28066.2 2522.67 -30588.8 9891.6052
3.38 284.90511 -144.85932 21305.205 -28197.3 2554.79 -30752.1 9754.4563
3.39 264.49882 235.87435 21336.686 -28433.7 2371.8 -30805.5 9802.6961
3.4 277.46812 -352.83965 21547.777 -28175.4 2488.1 -30663.5 9873.6759
3.41 276.86604 363.22161 21564.86 -28088.9 2482.7 -30571.6 9862.3791
3.42 269.57448 589.87316 21445.688 -28361.2 2417.32 -30778.5 9839.1481
3.43 274.24208 -253.68965 21397.421 -28263.8 2459.17 -30723 9842.7711
3.44 278.85766 -1208.3167 21712.066 -28159.2 2500.56 -30659.8 9988.1256
3.45 264.45906 -162.87781 21421.529 -28374.7 2371.45 -30746.2 9924.3724
3.46 263.8747 -312.16296 21497.002 -28271.8 2366.21 -30638 9960.9513
3.47 262.15034 -108.94451 21489.697 -28262.3 2350.74 -30613.1 9974.7761
3.48 273.6929 571.56314 21425.602 -28078.1 2454.25 -30532.4 10043.737
3.49 272.82106 29.466589 21575.665 -28218.6 2446.43 -30665 10100.061
3.5 271.90727 207.80378 21541.725 -28101.1 2438.24 -30539.3 10136.626
3.51 279.79107 -195.03108 21679.897 -28097.3 2508.93 -30606.2 10235.028
3.52 279.56198 359.82232 21493.974 -28119.7 2506.88 -30626.5 10187.797
3.53 275.09881 38.88788 21521.002 -28188.8 2466.85 -30655.6 10204.118
3.54 258.96547 -407.18103 21368.503 -28506.3 2322.18 -30828.5 10187.811
3.55 265.4792 344.58539 21528.172 -28164.1 2380.59 -30544.7 10304.186
3.56 271.88439 -53.110465 21391.267 -28354.9 2438.03 -30793 10299.973
3.57 273.01256 -309.89247 21466.5 -28200.6 2448.15 -30648.7 10355.023
3.58 269.7136 139.6683 21704.149 -28325.4 2418.56 -30744 10467.74
3.59 279.40587 141.49855 21295.536 -28157.3 2505.48 -30662.8 10334.081
3.6 271.71321 87.272956 21403.493 -28073.4 2436.5 -30509.9 10430.342
3.61 273.16176 164.035 21423.431 -28242.5 2449.48 -30692 10502.009
3.62 276.44776 93.917764 21542.645 -28174.9 2478.95 -30653.9 10572.69
3.63 264.34852 -245.40771 21306.144 -28436.6 2370.46 -30807 10571.649
3.64 280.71432 -69.921071 21491.187 -28199.1 2517.21 -30716.3 10666.225
3.65 272.61575 -66.369458 21409.096 -28519.3 2444.59 -30963.8 10698.936
3.66 278.4586 350.68311 21493.659 -28390.1 2496.98 -30887.1 10703.102
3.67 281.67573 372.25036 21529.141 -28127.4 2525.83 -30653.2 10768.87
3.68 286.06612 846.80126 21217.1 -28068.8 2565.2 -30634 10719.044
3.69 274.56441 -151.88127 21311.673 -28208.2 2462.06 -30670.3 10802.686
3.7 279.20366 704.42989 21512.272 -28167.1 2503.66 -30670.8 10899.973
3.71 279.91085 766.9597 21550.636 -28172.2 2510.01 -30682.2 10988.801
3.72 252.06878 323.19211 21342.532 -28580.1 2260.34 -30840.4 10909.905
3.73 282.73946 -207.55232 21601.961 -28166.1 2535.37 -30701.5 11016.324
3.74 271.70392 797.28895 21527.033 -28219 2436.41 -30655.4 11029.263
3.75 287.26266 608.86634 21369.632 -28253.3 2575.93 -30829.3 11014.101
3.76 269.64778 -1227.9741 21520.332 -28366 2417.97 -30784 11053.258
3.77 282.19033 -379.73046 21454.784 -28183.7 2530.45 -30714.1 11100.829
3.78 273.46903 887.74477 21382.54 -28549.9 2452.24 -31002.2 11089.759
3.79 278.65525 -345.9678 21536.881 -28147.7 2498.75 -30646.4 11192.539
3.8 274.00619 -60.766625 21171.294 -28219.6 2457.06 -30676.7 11110.98
3.81 265.30785 84.643726 21466.055 -28077.7 2379.06 -30456.8 11298.813
3.82 281.19546 -536.63213 21575.242 -28356.3 2521.52 -30877.8 11369.244
3.83 278.22651 597.54801 21392.01 -28132.5 2494.9 -30627.5 11342.204
3.84 276.41559 -106.962 21464.506 -28294.8 2478.66 -30773.5 11376.674
3.85 283.9149 180.69386 21336.038 -28061.7 2545.91 -30607.6 11400.604
3.86 279.02039 353.74717 21419.734 -28049.4 2502.02 -30551.4 11449.488
3.87 271.54256 771.32245 21276.678 -28121.5 2434.97 -30556.5 11425.63
3.88 277.97768 117.52883 21565.874 -28078.4 2492.67 -30571.1 11554.723
3.89 272.24017 87.823211 21628.301 -28306.6 2441.22 -30747.9 11609.311
3.9 295.65644 -249.04241 21505.545 -28004.5 2651.2 -30655.7 11624.165
3.91 274.17696 277.13921 21317.849 -28234.7 2458.59 -30693.3 11591.09
3.92 272.93879 202.08228 21468.083 -28102.7 2447.49 -30550.2 11657.29
3.93 259.38845 -101.33529 21442.196 -28455.1 2325.98 -30781 11672.593
3.94 273.78733 -407.02064 21525.001 -28092.4 2455.09 -30547.5 11717.188
3.95 274.54673 544.73492 21401.12 -28211.2 2461.9 -30673.1 11721.97
3.96 265.59994 36.709448 21414.421 -28337.3 2381.68 -30719 11788.586
3.97 276.93575 98.608892 21603.486 -28093.1 2483.33 -30576.4 11882.667
3.98 270.52778 -1107.0257 21515.844 -28259.7 2425.87 -30685.6 11850.929
3.99 278.36963 418.45222 21353.159 -28165.7 2496.18 -30661.8 11790.277
4 274.43538 -357.62927 21673.041 -28447.5 2460.91 -30908.4 11929.218
4.01 290.65255 -297.09074 21274.521 -28124.9 2606.33 -30731.2 11766.34
4.02 281.11355 -380.03001 21500.907 -28083.1 2520.79 -30603.8 11860.044
4.03 265.20058 -424.08347 21508.538 -28342.4 2378.1 -30720.5 11909.719
4.04 272.58069 195.06531 21549.964 -28257.4 2444.27 -30701.7 11910.423
4.05 280.0152 -80.188281 21572.177 -28012.2 2510.94 -30523.1 11950.887
4.06 272.17304 1237.8012 21271.996 -28235.9 2440.62 -30676.6 11852.057
4.07 266.4963 -108.45695 21262.467 -28326 2389.71 -30715.7 11861.727
4.08 283.45308 221.42591 21429.654 -28217 2541.77 -30758.8 11952.422
4.09 284.13882 -851.05292 21601.855 -27992.4 2547.92 -30540.3 12049.816
4.1 290.95381 -771.72949 21523.757 -28224 2609.03 -30833.1 12071.455
4.11 275.80257 548.85923 21471.284 -27983.3 2473.17 -30456.4 12064.074
4.12 282.41003 493.57147 21426.454 -28011.7 2532.42 -30544.1 12094.303
4.13 280.24965 376.6739 21449.808 -28091.9 2513.04 -30604.9 12133.365
4.14 279.07038 -568.31567 21587.504 -28055.9 2502.47 -30558.4 12224.195
4.15 282.21722 23.01965 21369.68 -28242.2 2530.69 -30772.9 12169.994
4.16 267.4818 958.57534 21546.305 -28176.2 2398.55 -30574.7 12285.756
4.17 283.8384 734.11767 21600.011 -28245.9 2545.22 -30791.1 12402.84
4.18 292.42616 564.21444 21474.858 -28063.7 2622.23 -30685.9 12347.978
4.19 286.85526 123.93097 21239.084 -28438.1 2572.28 -31010.4 12288.171
4.2 275.85712 -1515.1399 21619.788 -28074.3 2473.65 -30547.9 12465.648
4.21 262.55384 1817.3359 21107.315 -28547.3 2354.36 -30901.6 12312.185
4.22 274.15564 -709.32718 21740.005 -28125.2 2458.4 -30583.6 12551.542
4.23 275.0579 -502.97666 21531.617 -28143.2 2466.49 -30609.7 12504.836
4.24 272.0537 436.91274 21291.158 -28256.7 2439.55 -30696.3 12443.595
4.25 272.77017 858.71846 21566.403 -28221.1 2445.97 -30667.1 12593.42
4.26 264.50758 394.94843 21354.752 -28316.7 2371.88 -30688.5 12579.512
4.27 274.66477 927.18358 21347.301 -28120.7 2462.96 -30583.7 12623.312
4.28 272.46171 -151.81233 21582.432 -28277.4 2443.21 -30720.6 12718.926
4.29 262.70872 -667.85399 21576.253 -28231.5 2355.75 -30587.3 12723.254
4.3 292.73166 447.43443 21308.671 -28085 2624.97 -30710 12683.32
4.31 264.86768 -45.522561 21824.873 -28332.5 2375.11 -30707.6 12894.079
4.32 261.64069 -125.73507 21712.187 -28281.2 2346.17 -30627.4 12885.915
4.33 274.89717 -312.9011 21542.032 -28349.1 2465.05 -30814.1 12800.812
4.34 265.71175 -288.7152 21723.197 -28187 2382.68 -30569.7 12892.548
4.35 268.86937 232.6728 21358.221 -28303 2410.99 -30714 12755.582
4.36 291.24939 241.49586 21704.501 -27982.7 2611.68 -30594.4 12913.55
4.37 284.8241 -672.64896 21294.122 -28268.7 2554.06 -30822.8 12821.331
4.38 274.24253 -421.74016 21709.225 -28097.1 2459.18 -30556.3 13045.117
4.39 271.14222 199.12882 21565.997 -28232.6 2431.38 -30664 13009.336
4.4 282.38958 -692.03726 21334.917 -28149.3 2532.23 -30681.6 12965.75
4.41 289.64331 -457.57767 21569.937 -28090.8 2597.28 -30688 13064.877
4.42 272.95948 -660.31935 21583.419 -28314.2 2447.67 -30761.8 13149.402
4.43 278.72971 -347.4114 21629.491 -28219.7 2499.41 -30719.1 13204.214
4.44 274.49682 -747.98451 21612.855 -28281 2461.46 -30742.4 13242.594
4.45 283.80561 -378.4637 21525.615 -27965 2544.93 -30510 13210.892
4.46 273.68184 -606.27279 21415.219 -28204.7 2454.15 -30658.9 13182.116
4.47 262.34726 652.0096 21307.93 -28497.8 2352.51 -30850.3 13120.996
4.48 272.25462 1073.3915 21367.443 -28242 2441.35 -30683.4 13177.273
4.49 260.9674 1373.0676 21345.394 -28313.8 2340.14 -30654 13213.67
4.5 281.02787 -691.92972 21388.891 -28151.6 2520.02 -30671.7 13287.987
4.51 283.51428 -645.25442 21734.871 -28081.2 2542.32 -30623.5 13455.98
4.52 268.45565 -483.01967 21735.276 -28306.8 2407.28 -30714.1 13481.733
4.53 275.95014 152.93264 21528.236 -28180.9 2474.49 -30655.3 13407.148
4.54 280.37947 -340.61719 21476.745 -28162.5 2514.21 -30676.7 13354.311
4.55 281.95841 174.48334 21499.961 -28162.4 2528.37 -30690.8 13383.923
4.56 297.02018 337.10151 21485.417 -27978.2 2663.43 -30641.7 13409.411
4.57 270.73757 -504.99653 21408.168 -28241.6 2427.75 -30669.3 13419.693
4.58 259.65567 80.069216 21460.058 -28295.5 2328.37 -30623.9 13486.653
4.59 261.75427 -266.90035 21589.392 -28393.6 2347.19 -30740.8 13546.425
4.6 279.04863 -243.72611 21368.195 -28254 2502.27 -30756.3 13471.131
4.61 272.41035 -768.67274 21853.132 -28303.9 2442.75 -30746.6 13687.613
4.62 253.31193 -174.76839 21510.25 -28404.8 2271.49 -30676.2 13578.767
4.63 270.84913 -574.61789 21717.306 -28214.1 2428.75 -30642.9 13687.971
4.64 275.06675 -178.3504 21498.771 -28231.6 2466.57 -30698.2 13608.29
4.65 272.99372 432.02124 21448.282 -28382.2 2447.98 -30830.2 13614.334
4.66 278.02765 498.94202 21399.849 -28108 2493.12 -30601.1 13618.85
4.67 273.65019 -52.532904 21402.65 -28158.2 2453.86 -30612.1 13665.663
4.68 275.15081 -301.70661 21558.976 -28154.1 2467.32 -30621.4 13762.544
4.69 262.84515 641.43248 21520.021 -28326.3 2356.97 -30683.3 13732.211
4.7 278.7077 -400.85331 21697.216 -28020.3 2499.22 -30519.5 13804.51
4.71 273.65497 -152.72798 21436.303 -28299.7 2453.91 -30753.6 13729.655
4.72 277.54626 107.44821 21506.723 -28121 2488.8 -30609.8 13707.174
4.73 275.3037 -242.01098 21437.188 -28116.6 2468.69 -30585.2 13698.961
4.74 282.1332 -582.51678 21610.382 -28372.8 2529.93 -30902.8 13785.48
4.75 276.45826 -239.19749 21562.55 -28051.3 2479.05 -30530.4 13821.093
4.76 268.12855 -161.48089 21206.121 -28486.1 2404.35 -30890.4 13718.225
4.77 272.44455 -315.91601 21467.247 -28241.5 2443.05 -30684.5 13807.092
4.78 275.66111 -583.05158 21398.77 -28403.5 2471.9 -30875.3 13861.09
4.79 275.43988 395.99473 21469.652 -28306.3 2469.91 -30776.2 13949.642
4.8 293.76266 1327.4797 21368.741 -28077.4 2634.22 -30711.6 13919.155
4.81 291.15052 61.464595 21549.228 -28217.8 2610.79 -30828.6 14019.219
4.82 277.17967 868.40898 21414.637 -28169 2485.51 -30654.5 13993.834
4.83 260.25741 -834.36799 21690.841 -28175.1 2333.77 -30508.8 14132.942
4.84 265.37639 305.93048 21656.905 -28330.6 2379.67 -30710.3 14151.842
4.85 271.26782 142.58379 21405.252 -28103.2 2432.5 -30535.7 14088.541
4.86 280.20624 700.33232 21648.11 -28220.1 2512.65 -30732.7 14193.461
4.87 264.76801 -673.89178 21473.543 -28425.6 2374.22 -30799.8 14103.811
4.88 267.91416 40.538378 21537.189 -28255.2 2402.43 -30657.7 14167.294
4.89 291.23636 -358.75852 21693.43 -28024.1 2611.56 -30635.7 14240.79
4.9 274.94946 -379.45435 21502.316 -28208.7 2465.52 -30674.3 14158.248
4.91 264.73483 568.1198 21467.621 -28244.6 2373.92 -30618.5 14122.549
4.92 280.39874 778.13256 21321.797 -28372.1 2514.38 -30886.5 14111.854
4.93 290.7553 424.07276 21256.427 -28275.6 2607.25 -30882.8 14128.62
4.94 281.80218 -434.27252 21527.04 -27913.9 2526.96 -30440.9 14307.907
4.95 280.13783 329.65854 21278.604 -28218 2512.04 -30730 14260.391
4.96 263.88253 833.7771 21477.852 -28482.9 2366.28 -30849.1 14400.717
4.97 275.97367 529.89754 21483.939 -28142.5 2474.7 -30617.2 14480.286
4.98 266.884 -399.11145 21467.458 -28442 2393.19 -30835.2 14457.729
4.99 294.45192 300.55817 21299.349 -28274.2 2640.4 -30914.6 14411.305
5 293.01087 337.36601 21565.997 -28123.8 2627.48 -30751.2 14529.404
5.01 281.76147 1108.2074 21215.713 -28258.8 2526.6 -30785.4 14383.32
5.02 257.92197 -118.99607 21542.688 -28179.7 2312.83 -30492.5 14512.552
5.03 270.94692 66.365864 21286.893 -28185.2 2429.62 -30614.8 14446.888
5.04 259.46608 -152.29515 21509.439 -28269.3 2326.67 -30595.9 14568.432
5.05 271.10439 398.27364 21234.647 -28282.7 2431.04 -30713.7 14452.349
5.06 272.86931 1382.7615 21330.834 -28257.5 2446.86 -30704.4 14562.229
5.07 275.27579 717.72793 21388.986 -28200.5 2468.44 -30669 14620.604
5.08 263.13168 -284.3324 21446.622 -28258.6 2359.54 -30618.1 14700.492
5.09 273.99449 309.28453 21320.105 -28311.1 2456.95 -30768.1 14676.844
5.1 281.57884 237.25155 21370.259 -28223.4 2524.96 -30748.4 14751.463
5.11 271.05115 -1109.0218 21742.885 -28314.2 2430.56 -30744.7 14956.331
5.12 260.29086 470.58978 21598.628 -28232.2 2334.07 -30566.3 14883.572
5.13 285.39026 1564.5663 21418.895 -28142.4 2559.14 -30701.5 14793.265
5.14 274.19621 -389.64651 21413.609 -28182.3 2458.76 -30641.1 14807.083
5.15 280.56005 -442.04586 21571.172 -28114.3 2515.83 -30630.1 14927.571
5.16 275.40368 -157.22005 21376.717 -28164.7 2469.59 -30634.3 14917.498
5.17 276.432 -790.74031 21583.244 -28252.7 2478.81 -30731.5 15068.489
5.18 271.7778 689.63304 21421.852 -28224.9 2437.07 -30662 15086.488
5.19 282.92014 -327.64631 21478.552 -28255.6 2536.99 -30792.6 15126.235
5.2 277.21387 -214.34484 21496.021 -28286.1 2485.82 -30771.9 15148.306
5.21 275.08442 1620.7677 21301.006 -28259.6 2466.73 -30726.3 15059.578
5.22 276.43249 365.24352 21378.088 -28092.1 2478.81 -30570.9 15115.588
5.23 274.0924 -495.62456 21539.058 -28158.9 2457.83 -30616.8 15210.762
5.24 275.47878 -279.17061 21426.674 -28445.3 2470.26 -30915.5 15178.296
5.25 275.7686 -388.62099 21627.503 -28163.6 2472.86 -30636.5 15342.115
5.26 275.71728 -154.5547 21578.544 -28266 2472.4 -30738.4 15394.057
5.27 285.40932 -202.94406 21698.682 -28079 2559.31 -30638.3 15468.696
5.28 263.9711 21.052172 21451.858 -28350.7 2367.07 -30717.8 15381.425
5.29 265.55901 -694.79159 21763.989 -28146.7 2381.31 -30528 15558.72
5.3 285.18992 51.835992 21654.815 -28148.3 2557.34 -30705.6 15519.287
5.31 286.3547 1296.288 21328.41 -28134.6 2567.79 -30702.4 15384.854
5.32 262.49465 551.24912 21271.172 -28573.7 2353.83 -30927.6 15386.45
5.33 275.97239 -1179.4589 21676.246 -28289.3 2474.69 -30764 15633.353
5.34 264.08545 533.87241 21593.694 -28179.7 2368.1 -30547.8 15655.481
5.35 273.85827 -24.873887 21517.273 -27976.9 2455.73 -30432.7 15645.808
5.36 279.80313 -1108.1851 21637.193 -28117.4 2509.04 -30626.4 15759.796
5.37 268.84867 -497.59796 21609.317 -28340.5 2410.81 -30751.3 15789.759
5.38 285.38235 -425.34123 21552.436 -28272.1 2559.07 -30831.2 15841.039
5.39 260.40786 558.29947 21379.188 -28485.9 2335.12 -30821 15819.419
5.4 266.0592 -659.15545 21642.063 -28260.1 2385.8 -30645.9 15983.16
5.41 279.38381 -2.7306533 21502.758 -28363.8 2505.28 -30869.1 15870.571
5.42 264.82579 395.21821 21456.294 -28396.9 2374.73 -30771.7 15873.861
5.43 280.27961 -437.08641 21488.422 -28317.5 2513.31 -30830.8 15913.778
5.44 270.18492 313.13795 21539.946 -28275.1 2422.79 -30697.9 15944.032
5.45 274.09689 -682.4242 21553.114 -28405.1 2457.87 -30863 15965.959
5.46 271.60722 174.48272 21513.404 -28244.4 2435.55 -30680 15986.588
5.47 272.33974 -431.91468 21628.114 -28130.7 2442.11 -30572.8 16019.089
5.48 274.11486 -251.83694 21423.017 -28315.3 2458.03 -30773.3 15953.717
5.49 279.92609 188.72418 21298.256 -28238.2 2510.14 -30748.3 15933.236
5.5 278.52368 -115.95339 21432.721 -28226 2497.57 -30723.6 16044.729
5.51 279.8549 -208.24529 21352.444 -28110.4 2509.5 -30619.9 16054.442
5.52 272.15734 410.62166 21336.772 -28379.6 2440.48 -30820 16060.048
5.53 280.76067 275.11325 21458.228 -28134 2517.63 -30651.6 16128.043
5.54 269.03611 -536.93502 21622.225 -28318 2412.49 -30730.5 16229.799
5.55 278.3989 -366.25578 21458.42 -28235.4 2496.45 -30731.8 16192.626
5.56 279.62225 -577.00742 21571.28 -28277 2507.42 -30784.4 16265.721
5.57 282.49697 -13.919391 21395.147 -28075.1 2533.2 -30608.3 16169.366
5.58 288.82615 256.58271 21368.624 -28182.2 2589.95 -30772.2 16148.711
5.59 264.76079 -347.28415 21748.536 -28354.5 2374.15 -30728.7 16347.3
5.6 265.02172 -806.80884 21647.075 -28329.4 2376.49 -30705.9 16316.306
5.61 275.24983 478.90291 21398.878 -28344.2 2468.21 -30812.4 16220.128
5.62 269.18991 -519.15305 21756.559 -28331.1 2413.87 -30745 16451.122
5.63 271.18294 -401.7854 21716.855 -28199.3 2431.74 -30631 16477.817
5.64 257.10262 270.6102 21559.888 -28484.8 2305.48 -30790.2 16386.806
5.65 282.91363 80.92461 21537.515 -28183.6 2536.93 -30720.6 16370.627
5.66 267.05141 349.849 21530.989 -28308 2394.69 -30702.7 16337.009
5.67 277.52907 764.16816 21522.474 -28209.2 2488.65 -30697.8 16369.486
5.68 268.02062 -487.50166 21723.916 -28266.6 2403.38 -30669.9 16515.376
5.69 267.71107 -290.05654 21653.196 -28239.1 2400.61 -30639.7 16493.659
5.7 269.29879 533.45618 21295.027 -28214.5 2414.85 -30629.3 16364.207
5.71 265.31216 128.01182 21669.042 -28340.6 2379.1 -30719.6 16627.561
5.72 267.42517 -224.77726 21704.781 -28278.7 2398.04 -30676.8 16646.885
5.73 253.47473 -599.12451 21556.945 -28353.4 2272.95 -30626.3 16627.804
5.74 293.65423 -138.90209 21526.649 -28138.3 2633.24 -30771.6 16598.967
5.75 270.27338 -1024.9548 21678.075 -28298.1 2423.58 -30721.7 16711.399
5.76 262.9187 -297.7128 21599.6 -28400.5 2357.63 -30758.1 16642.196
5.77 277.56143 1081.0464 21314.687 -28214.2 2488.94 -30703.1 16508.872
5.78 271.16036 -354.86033 21592.464 -28088.8 2431.54 -30520.4 16706.328
5.79 262.7694 76.349319 21487.636 -28342.4 2356.29 -30698.6 16776.886
5.8 271.88816 -22.191017 21453.299 -28368 2438.06 -30806.1 16782.085
5.81 281.26022 -545.55031 21548.047 -28165.8 2522.11 -30687.9 16861.161
5.82 273.85485 878.76826 21375.839 -28418.4 2455.7 -30874.1 16766.108
5.83 270.24233 -777.45021 21683.269 -28165.6 2423.31 -30588.9 16960.932
5.84 280.94508 -349.83385 21590.143 -28260.3 2519.28 -30779.6 16957.852
5.85 271.25896 -522.85591 21369.12 -28317.2 2432.42 -30749.7 16871.256
5.86 273.01869 -275.0266 21647.813 -28188.2 2448.2 -30636.4 17055.071
5.87 273.57091 -471.66028 21672.306 -28114.7 2453.15 -30567.9 17077.706
5.88 281.17084 -662.79226 21618.904 -28201.9 2521.3 -30723.2 17140.233
5.89 266.4899 512.57217 21419.759 -28367.2 2389.66 -30756.8 17046.363
5.9 271.43098 -647.09802 21552.785 -28255.9 2433.96 -30689.9 17091.736
5.91 259.61121 -52.946731 21455.4 -28299.8 2327.98 -30627.8 17114.001
5.92 265.55391 984.78432 21422.371 -28352.1 2381.26 -30733.4 17096.329
5.93 267.67032 979.80745 21430.198 -28102.7 2400.24 -30502.9 17129.835
5.94 288.07112 436.35231 21447.896 -28230.5 2583.18 -30813.7 17155.074
5.95 263.57803 -256.18184 21542.846 -28465.6 2363.55 -30829.2 17210.94
5.96 274.10492 -378.19192 21588.786 -28308.5 2457.94 -30766.5 17258.939
5.97 277.64714 710.27133 21475.374 -28132 2489.71 -30621.7 17285.728
5.98 260.99101 4.2219947 21460.665 -28495 2340.35 -30835.4 17316.857
5.99 261.99769 -531.29822 21560.708 -28330.1 2349.37 -30679.4 17423.93
6 268.89279 517.59363 21468.655 -28283.1 2411.2 -30694.3 17423.999
6.01 268.35352 -119.98823 21549.453 -28345.5 2406.37 -30751.9 17527.719
6.02 275.1168 -17.242285 21316.141 -28056.7 2467.02 -30523.8 17452.753
6.03 274.33453 45.318958 21374.797 -28189.7 2460 -30649.7 17489.956
6.04 265.8614 -453.43719 21463.605 -28226.6 2384.02 -30610.6 17557.864
6.05 257.47796 1056.2422 21264.157 -28552.4 2308.85 -30861.3 17529.885
6.06 271.68014 -667.69153 21734.211 -28213.3 2436.2 -30649.5 17798.913
6.07 277.8629 344.58 21424.369 -28296.2 2491.64 -30787.8 17660.834
6.08 277.55845 109.43794 21521.96 -28150.2 2488.91 -30639.1 17802.067
6.09 279.05707 -1268.973 21713.414 -28250.8 2502.35 -30753.2 17909.034
6.1 265.47758 226.41905 21467.298 -28281.5 2380.58 -30662.1 17744.477
6.11 264.44527 -188.49445 21409.644 -28247.8 2371.32 -30619.2 17717.96
6.12 261.51675 -24.54038 21384.056 -28353.6 2345.06 -30698.7 17775.884
6.13 271.47861 772.12114 21269.373 -28432.7 2434.39 -30867.1 17776.798
6.14 273.5913 1353.1087 21299.398 -27991.7 2453.34 -30445 17763.881
6.15 271.75406 -288.30527 21570.823 -28288 2436.86 -30724.8 18008.543
6.16 275.35041 -362.69682 21788.886 -28036.2 2469.11 -30505.3 18187.014
6.17 264.53119 -26.051911 21614.877 -28281.6 2372.09 -30653.7 18149.433
6.18 265.69418 -411.27503 21392.79 -28209.4 2382.52 -30591.9 18074.689
6.19 254.39448 -286.54969 21662.262 -28210 2281.2 -30491.2 18231.748
6.2 280.05554 727.5246 21385.285 -28248.1 2511.3 -30759.4 18135.661
6.21 268.72494 538.12051 21309.999 -28236.4 2409.7 -30646.1 18094.529
6.22 279.40216 -43.123737 21505.93 -27972.5 2505.44 -30477.9 18217.54
6.23 273.27454 76.218546 21556.004 -28091 2450.5 -30541.5 18286.848
6.24 268.30608 -560.40605 21649.01 -28237 2405.94 -30642.9 18387.365
6.25 268.63325 -124.8876 21436.709 -28250.2 2408.88 -30659.1 18312.431
6.26 262.31733 209.78455 21470.631 -28449.4 2352.24 -30801.6 18320.818
6.27 267.31181 720.12835 21617.646 -28297.9 2397.03 -30695 18465.812
6.28 267.02107 -392.74318 21504.498 -28313.9 2394.42 -30708.3 18368.545
6.29 299.28329 -1129.2285 21540.249 -27930.5 2683.72 -30614.2 18439.852
6.3 270.98905 1059.6424 21392.783 -28307.4 2430 -30737.4 18419.356
6.31 278.85755 -822.60504 21561.868 -28164 2500.56 -30664.5 18542.405
6.32 280.18364 470.84483 21692.254 -27967.3 2512.45 -30479.7 18659.448
6.33 265.01852 -546.34204 21673.324 -28204.9 2376.46 -30581.4 18701.007
6.34 286.66975 593.79216 21572.095 -28044.3 2570.61 -30614.9 18717.725
6.35 266.60121 -979.88279 21775.015 -28334.5 2390.66 -30725.1 18841.075
6.36 259.64941 180.29406 21673.239 -28555.9 2328.32 -30884.2 18737.602
6.37 276.99535 -383.36264 21566.662 -28193.7 2483.86 -30677.6 18686.094
6.38 291.9012 194.20134 21429.145 -28136 2617.52 -30753.5 18649.623
6.39 266.44347 570.86395 21409.991 -28393 2389.24 -30782.2 18682.668
6.4 277.2831 345.95922 21350.463 -28150.8 2486.44 -30637.3 18652.226
6.41 270.68053 -354.08258 21728.413 -28154.9 2427.24 -30582.2 18932.754
6.42 289.02599 728.96839 21590.827 -28026.1 2591.74 -30617.9 18863.774
6.43 267.21306 -1116.9424 21961.157 -28314.4 2396.14 -30710.5 19102.124
6.44 274.89726 -541.03044 21707.908 -28139.6 2465.05 -30604.7 18991.512
6.45 270.49095 -82.238628 21372.48 -28216.1 2425.54 -30641.7 18879.712
6.46 274.89055 -451.71173 21512.25 -28318.3 2464.99 -30783.3 19052.081
6.47 272.58382 1598.1137 21097.885 -28097.3 2444.3 -30541.6 18844.507
6.48 278.48618 287.06727 21461.659 -28150.1 2497.23 -30647.4 19062.611
6.49 274.29474 714.70363 21425.352 -28383 2459.64 -30842.6 19046.507
6.5 276.9011 664.18171 21210.075 -28259.3 2483.02 -30742.3 18965.504
6.51 278.18664 -8.1981635 21510.416 -28209.5 2494.54 -30704 19172.606
6.52 248.12622 -403.81784 21548.347 -28381.3 2224.99 -30606.3 19202.156
6.53 263.57023 -615.42596 21583.291 -28248.8 2363.48 -30612.3 19256.982
6.54 275.78616 -364.66705 21432.075 -28284.2 2473.02 -30757.2 19240.393
6.55 279.26438 -336.54807 21532.855 -28135.9 2504.21 -30640.1 19325.136
6.56 275.14365 -358.09509 21762.254 -28257.3 2467.26 -30724.5 19505.858
6.57 266.7519 1244.7717 21398.056 -28347.3 2392.01 -30739.4 19321.331
6.58 275.6435 -464.67232 21454.689 -28286 2471.74 -30757.8 19357.062
6.59 265.59601 44.428617 21536.956 -28278 2381.64 -30659.6 19449.069
6.6 278.28393 -387.40513 21614.357 -28198 2495.42 -30693.4 19527.866
6.61 281.47658 -278.72381 21461.854 -28344.4 2524.05 -30868.4 19479.771
6.62 275.4799 -334.39531 21796.6 -28134.4 2470.27 -30604.7 19705.097
6.63 266.80718 1041.9858 21343.843 -28277.4 2392.5 -30669.9 19436.747
6.64 264.51297 -309.05814 21438.981 -28442.5 2371.93 -30814.5 19497.249
6.65 266.40837 909.64531 21352.1 -28205.7 2388.93 -30594.6 19462.67
6.66 289.52774 864.20302 21435.274 -28116.4 2596.24 -30712.6 19522.236
6.67 266.18668 15.872398 21308.316 -28319.1 2386.94 -30706.1 19433.508
6.68 277.50322 -259.90712 21314.644 -28234.3 2488.42 -30722.7 19489.45
6.69 281.36222 771.12063 21633.316 -28136.4 2523.02 -30659.4 19753.066
6.7 273.46035 777.71353 21452.59 -28354.1 2452.16 -30806.3 19688.857
6.71 280.04037 544.75039 21407.572 -28277 2511.17 -30788.1 19704.479
6.72 269.54805 631.19812 21323.607 -28395.7 2417.08 -30812.8 19670.862
6.73 275.70967 -424.14277 21679.04 -28227.6 2472.33 -30699.9 19890.323
6.74 273.78407 -450.51568 21675.556 -28378.9 2455.07 -30833.9 19845.694
6.75 271.11885 -387.00606 21550.157 -28157 2431.17 -30588.1 19764.206
6.76 275.97408 278.05197 21253.791 -28180.6 2474.7 -30655.4 19572.328
6.77 288.89309 -135.14758 21631.345 -28151.5 2590.55 -30742 19807.16
6.78 264.76452 181.34712 21525.093 -28284.9 2374.19 -30659.1 19776.493
6.79 275.3169 309.36486 21569.522 -28069.9 2468.81 -30538.7 19853.374
6.8 270.14324 233.631 21405.381 -28359.1 2422.42 -30781.5 19783.389
6.81 267.08445 -207.32704 21432.939 -28351.4 2394.99 -30746.4 19853.758
6.82 290.01714 22.379763 21663.159 -27913.6 2600.63 -30514.2 20037.05
6.83 289.43711 395.06699 21530.512 -27930.3 2595.43 -30525.8 19939.244
6.84 290.17467 847.74422 21380.401 -28263.8 2602.04 -30865.8 19897.878
6.85 272.94997 268.85267 21473.953 -28244.9 2447.59 -30692.5 19984.37
6.86 278.67258 129.48676 21455.982 -28189.2 2498.9 -30688.1 20007.936
6.87 282.7993 172.30193 21480.423 -28172.7 2535.91 -30708.6 20070.4
6.88 273.76581 168.32892 21700.799 -28287.2 2454.9 -30742.1 20234.837
6.89 274.98913 -125.81744 21288.714 -28392.8 2465.87 -30858.7 20040.291
6.9 282.1064 642.09573 21497.122 -28279.5 2529.69 -30809.2 20193.773
6.91 275.12085 161.33312 21636.883 -28186.7 2467.05 -30653.7 20332.332
6.92 267.77852 290.54302 21473.559 -28413.4 2401.21 -30814.6 20237.703
6.93 278.77959 -17.108091 21333.686 -28260.8 2499.86 -30760.6 20179.194
6.94 270.86293 -105.74961 21556.531 -28247.7 2428.87 -30676.6 20357.313
6.95 264.43268 -951.05591 21556.139 -28405.8 2371.21 -30777.1 20338.627
6.96 270.90178 581.46517 21412.267 -28228.7 2429.22 -30657.9 20282.804
6.97 276.53521 478.98904 21485.564 -28067.1 2479.74 -30546.8 20402.213
6.98 278.21925 429.81735 21582.151 -28109.7 2494.84 -30604.5 20444.627
6.99 275.18707 485.26426 21424.923 -28248 2467.65 -30715.7 20366.609
7 265.86041 -231.18115 21531.903 -28307.3 2384.01 -30691.3 20454.639
7.01 265.86924 710.57156 21455.615 -28187 2384.09 -30571 20444.04
7.02 273.23494 68.017019 21645.328 -28267.1 2450.14 -30717.3 20563.956
7.03 286.43202 124.93743 21539.471 -28061 2568.48 -30629.5 20506.231
7.04 266.01651 -275.14996 21639.511 -28319 2385.41 -30704.4 20641.099
7.05 269.06566 -342.91156 21494.716 -28110.6 2412.75 -30523.3 20578.516
7.06 262.66766 153.73839 21486.078 -28232.1 2355.38 -30587.5 20642.668
7.07 265.84734 -367.61364 21503.989 -28093.9 2383.9 -30477.8 20671.764
7.08 260.23334 32.807309 21474.494 -28375 2333.55 -30708.6 20644.598
7.09 281.27235 360.72738 21473.037 -28151.3 2522.21 -30673.6 20681.343
7.1 278.06449 850.79501 21407.128 -28255.5 2493.45 -30749 20618.321
7.11 281.36618 -406.66678 21596.034 -28011.7 2523.06 -30534.8 20802.694
7.12 261.86051 320.71947 21549.876 -28365.2 2348.14 -30713.4 20843.016
7.13 282.32461 827.43719 21302.671 -28208 2531.65 -30739.6 20695.354
7.14 268.67475 491.61582 21394.451 -28191.9 2409.25 -30601.2 20775.474
7.15 268.5375 717.34071 21483.671 -28503.9 2408.02 -30911.9 20888.738
7.16 281.02863 -765.01124 21686.346 -28152 2520.03 -30672.1 21058.358
7.17 277.70155 430.9144 21469.964 -28227.7 2490.19 -30717.9 20964.277
7.18 278.84064 -238.73186 21477.171 -28166.5 2500.41 -30666.9 20981.505
7.19 264.02656 1011.2424 21562.587 -28122.8 2367.57 -30490.4 21035.734
7.2 253.12064 -192.26109 21530.954 -28367 2269.77 -30636.8 21015.289
7.21 278.17145 -117.26712 21479.49 -28281.1 2494.41 -30775.5 21108.299
7.22 281.94868 894.46604 21439.504 -28139.9 2528.28 -30668.2 21131.993
7.23 264.21705 160.79001 21405.031 -28231.6 2369.28 -30600.9 21210.174
7.24 268.76453 -351.60074 21414.608 -28358.3 2410.05 -30768.4 21245.273
7.25 277.6766 -117.53998 21507.859 -28052.9 2489.97 -30542.9 21356.034
7.26 275.61245 -253.95173 21553.014 -28212 2471.46 -30683.4 21415.325
7.27 292.72505 -517.27067 21545.666 -28047 2624.91 -30671.9 21482.151
7.28 266.57642 -729.29612 21722.062 -28165 2390.43 -30555.5 21585.889
7.29 275.14724 -598.07703 21690.54 -28311.4 2467.29 -30778.7 21584.054
7.3 300.04511 250.09994 21283.863 -28196.3 2690.55 -30886.8 21334.765
7.31 289.37703 -81.061389 21496.484 -28173.4 2594.89 -30768.3 21528.848
7.32 271.19507 432.41414 21477.798 -28311.7 2431.85 -30743.5 21502.359
7.33 300.0322 618.48369 21574.514 -27919.4 2690.44 -30609.8 21646.279
7.34 269.80311 64.087533 21450.941 -28358.9 2419.37 -30778.2 21570.84
7.35 277.78889 445.51744 21494.675 -28065.7 2490.98 -30556.7 21706.743
7.36 270.14787 646.54907 21247.443 -28298.7 2422.46 -30721.2 21587.881
7.37 272.66183 -168.08584 21616.993 -28034.1 2445 -30479.1 21897.521
7.38 288.76435 783.738 21403.708 -28223.2 2589.4 -30812.6 21795.832
7.39 271.62922 730.77542 21609.132 -28353.9 2435.74 -30789.7 22017.086
7.4 269.85957 -8.0296127 21402.902 -28280.4 2419.87 -30700.3 21933.739
7.41 273.47447 -304.99081 21589.65 -28233 2452.29 -30685.3 22053.165
7.42 279.04153 262.19488 21510.856 -28081 2502.21 -30583.2 21988.453
7.43 271.50391 534.97058 21655.443 -28215.1 2434.62 -30649.7 22113.654
7.44 287.47584 -643.06944 21514.82 -28135.3 2577.84 -30713.2 22015.288
7.45 279.64527 -4.1470071 21231.162 -28273.2 2507.62 -30780.8 21956.959
7.46 273.54654 723.82306 21380.059 -28259.4 2452.94 -30712.3 22119.612
7.47 272.15042 -246.69842 21479.599 -28439.8 2440.42 -30880.2 22208.805
7.48 282.43977 -196.44098 21456.53 -28196.1 2532.68 -30728.7 22170.008
7.49 270.64613 49.889917 21321.137 -28402 2426.93 -30829 22115.499
7.5 261.58743 794.99845 21346.783 -28221.4 2345.7 -30567.1 22177.282
7.51 269.4998 120.88548 21269.637 -28327.8 2416.65 -30744.5 22112.967
7.52 284.6421 554.08995 21367.208 -28025.1 2552.43 -30577.6 22190.389
7.53 275.55545 -672.26151 21667.399 -28096.3 2470.95 -30567.2 22389.93
7.54 293.53739 19.286095 21553.092 -28216.9 2632.2 -30849.1 22326.522
7.55 273.67838 271.60805 21335.562 -28350.2 2454.12 -30804.4 22226.574
7.56 285.75116 346.60789 21290.719 -28202.9 2562.38 -30765.3 22179.576
7.57 267.58678 -356.13424 21568.186 -28263.1 2399.49 -30662.6 22421.273
7.58 274.67562 616.3629 21476.265 -28208.5 2463.06 -30671.6 22368.332
7.59 260.62871 -637.16667 21414.163 -28381.4 2337.1 -30718.5 22394.894
7.6 274.59693 -889.50711 21401.238 -28227 2462.35 -30689.3 22424.776
7.61 277.14377 260.06144 21411.906 -28002.9 2485.19 -30488.1 22457.637
7.62 272.61636 -638.16311 21577.514 -28210.3 2444.59 -30654.9 22635.677
7.63 286.97082 -167.25455 21313.253 -28173.5 2573.31 -30746.8 22445.772
7.64 276.71271 69.084713 21376.554 -28214.1 2481.33 -30695.4 22463.572
7.65 261.39694 -446.54372 21566.85 -28357.9 2343.99 -30701.9 22590.679
7.66 280.35541 1423.0118 21458.956 -28236.7 2513.99 -30750.7 22516.129
7.67 278.3423 219.14287 21484.591 -28003 2495.94 -30498.9 22575.527
7.68 282.3557 260.50064 21425.847 -28209.2 2531.93 -30741.1 22523.798
7.69 274.82488 418.63745 21296.129 -28131.5 2464.4 -30595.9 22472.863
7.7 274.0549 -512.28294 21545.986 -28285.3 2457.49 -30742.7 22673.244
7.71 278.40345 306.56331 21574.304 -28159.7 2496.49 -30656.2 22701.317
7.72 274.34492 76.662027 21511.084 -28281.7 2460.09 -30741.8 22708.612
7.73 288.26939 106.43516 21555.977 -28044.7 2584.96 -30629.6 22824.976
7.74 268.98151 846.53966 21354.743 -28277.2 2412 -30689.2 22719.922
7.75 287.23435 666.34467 21197.415 -28195.2 2575.68 -30770.9 22620.206
7.76 262.06265 -40.760579 21360.794 -28464.3 2349.96 -30814.3 22752.216
7.77 277.1552 -909.16196 21707.146 -28161.4 2485.29 -30646.7 23017.272
7.78 276.51171 -463.79506 21436.032 -28299.2 2479.52 -30778.7 22875.555
7.79 267.04138 -634.58658 21782.201 -28145.3 2394.6 -30539.9 23138.901
7.8 257.4701 207.96387 21491.128 -28355.7 2308.78 -30664.4 22961.768
7.81 285.47331 1696.5998 21241.15 -28179.1 2559.88 -30739 22843.211
7.82 272.91129 226.02486 21448.19 -28362.4 2447.24 -30809.7 23012.309
7.83 274.89438 484.04662 21455.789 -28444 2465.02 -30909 23009.694
7.84 274.46373 -4.7051734 21607.304 -28091.6 2461.16 -30552.8 23101.088
7.85 280.75405 -251.93313 21542.502 -28006.3 2517.57 -30523.8 23082.447
7.86 274.74755 -455.70791 21599.709 -28210.7 2463.7 -30674.4 23148.603
7.87 264.68533 -127.00685 21561.889 -28348.6 2373.48 -30722.1 23138.781
7.88 283.56709 -673.79118 21602.191 -28230.2 2542.79 -30773 23259.14
7.89 278.2665 -567.96187 21575.242 -28322.2 2495.26 -30817.4 23248.411
7.9 286.6446 -199.50514 21753.594 -27957.7 2570.39 -30528.1 23341.422
7.91 270.4585 204.99378 21357.8 -28360.8 2425.24 -30786 23115.596
7.92 291.82831 -60.650623 21761.607 -27840 2616.87 -30456.8 23460.699
7.93 272.24798 422.99221 21509.304 -28205.1 2441.29 -30646.4 23298.728
7.94 278.05861 186.28666 21676.382 -28045.4 2493.4 -30538.8 23392.526
7.95 259.75 35.416688 21496.823 -28242.9 2329.22 -30572.1 23327.255
7.96 277.77646 476.55163 21630.62 -28016.8 2490.87 -30507.7 23511.703
7.97 265.64504 -826.26681 21653.51 -28381.3 2382.08 -30763.4 23550.036
7.98 275.62434 529.84135 21461.795 -28228.2 2471.57 -30699.8 23432.842
7.99 256.7851 619.12796 21450.197 -28342.3 2302.63 -30645 23454.634
8 281.71915 1157.2438 21397.776 -28093.3 2526.22 -30619.5 23481.888
8.01 270.34409 125.76415 21547.846 -28191.1 2424.22 -30615.3 23690.263
8.02 277.38599 -823.39631 21672.336 -28166 2487.36 -30653.3 23786.401
8.03 268.73448 -152.56009 21558.074 -28271 2409.78 -30680.8 23688.804
8.04 275.32754 520.24286 21584.518 -28191.5 2468.91 -30660.4 23729.694
8.05 272.72562 -143.47173 21383.389 -28243.3 2445.57 -30688.9 23625.721
8.06 270.8414 -158.91466 21660.349 -28231.9 2428.68 -30660.6 23864.004
8.07 264.81549 457.2889 21326.914 -28165.4 2374.64 -30540.1 23632.94
8.08 270.00503 114.35943 21551.238 -28167.2 2421.18 -30588.4 23787.258
8.09 275.43564 -7.529225 21560.942 -28310 2469.88 -30779.8 23779.741
8.1 292.57284 -1004.233 21719.023 -27944.7 2623.55 -30568.3 23967.85
8.11 263.28479 57.187188 21584.698 -28383.6 2360.92 -30744.5 23888.825
8.12 274.60452 1014.141 21315.268 -28180.1 2462.42 -30642.5 23713.003
8.13 266.82399 -477.94753 21585.252 -28132.7 2392.65 -30525.4 24032.817
8.14 282.09432 220.90408 21407.175 -28120.7 2529.58 -30650.2 23888.649
8.15 261.45268 -424.92223 21563.973 -28305 2344.49 -30649.5 24029.484
8.16 278.96953 -234.84936 21562.595 -28216.2 2501.56 -30717.8 24052.219
8.17 274.93743 -868.53642 21653.02 -28131.2 2465.41 -30596.6 24108.188
8.18 267.19472 96.325277 21343.295 -28335.7 2395.98 -30731.6 23920.082
8.19 282.08916 37.730039 21519.337 -28010.7 2529.54 -30540.2 24083.489
8.2 276.1685 -30.147552 21482.272 -28319.6 2476.45 -30796 24051.808
8.21 277.08925 -257.21699 21528.912 -28175.4 2484.7 -30660.1 24133.2
8.22 264.13823 124.90047 21629.303 -28341.4 2368.57 -30709.9 24243.616
8.23 267.49607 1034.7146 21336.08 -28183.1 2398.68 -30581.8 24062.779
8.24 281.79383 -131.18344 21441.448 -27914.8 2526.89 -30441.7 24190.421
8.25 267.63134 -397.50299 21563.554 -28104.4 2399.89 -30504.3 24267.093
8.26 280.05065 -763.29097 21715.912 -28391.5 2511.26 -30902.8 24382.863
8.27 261.33967 542.85005 21512.237 -28334.1 2343.47 -30677.5 24237.741
8.28 271.75998 -1407.9012 21872.715 -28192.1 2436.91 -30629 24557.639
8.29 277.97166 -1209.8687 21636.722 -28279.7 2492.62 -30772.4 24445.111
8.3 286.87143 -760.95495 21674.967 -28128.8 2572.42 -30701.3 24504.494
8.31 276.43157 83.057176 21638.219 -28194.1 2478.81 -30672.9 24506.188
8.32 267.44369 854.00855 21286.256 -28321.8 2398.21 -30720 24294.51
8.33 269.81567 358.00877 21566.396 -28167.1 2419.48 -30586.5 24592.743
8.34 285.49175 -302.32034 21599.279 -28073.4 2560.05 -30633.4 24633.491
8.35 256.00096 -123.51709 21498.266 -28347.3 2295.6 -30642.9 24566.271
8.36 286.93157 -334.74383 21492.419 -28174.8 2572.96 -30747.8 24616.108
8.37 273.41797 523.41295 21478.88 -28030.3 2451.78 -30482.1 24613.672
8.38 262.14335 125.22225 21593.743 -28344.1 2350.68 -30694.8 24791.438
8.39 277.48078 -158.39716 21557.219 -28191.2 2488.21 -30679.4 24753.607
8.4 273.7057 -469.37246 21600.188 -28219 2454.36 -30673.3 24850.057
8.41 282.15237 -921.93415 21544.896 -27911.8 2530.11 -30441.9 24852.22
8.42 269.7447 -377.56455 21550.808 -28204 2418.84 -30622.8 24875.526
8.43 256.83895 672.18814 21555.111 -28548.5 2303.12 -30851.6 24926.489
8.44 285.9338 962.81847 21336.553 -28174.3 2564.01 -30738.3 24760.28
8.45 274.44663 195.44966 21485.654 -28305.6 2461.01 -30766.6 24900.891
8.46 273.61848 -713.78548 21735.237 -28221.3 2453.58 -30674.9 25061.422
8.47 264.42973 98.352534 21523.288 -28393.6 2371.18 -30764.8 24935.616
8.48 282.92162 407.00911 21525.477 -28138.2 2537 -30675.2 25009.733
8.49 282.85748 232.29855 21457.907 -28335 2536.43 -30871.5 25011.86
8.5 285.14357 815.28907 21396.299 -28058.7 2556.93 -30615.6 24987.962
8.51 268.79452 259.38898 21495.21 -28311.7 2410.32 -30722.1 25053.828
8.52 260.56782 199.69527 21369.398 -28388.7 2336.55 -30725.2 24942.406
8.53 276.50682 -15.055757 21614.529 -28113 2479.48 -30592.4 25208.041
8.54 278.94494 -593.10855 21639.859 -28194.6 2501.34 -30695.9 25263.389
8.55 277.74668 845.74791 21410.838 -28252.9 2490.6 -30743.5 25112.725
8.56 300.10776 226.41061 21524.991 -27806.1 2691.11 -30497.3 25252.563
8.57 279.01309 460.76408 21624.119 -28249.1 2501.95 -30751.1 25359.233
8.58 263.48367 -30.613063 21412.131 -28388.8 2362.7 -30751.5 25230.141
8.59 282.88549 -293.73819 21550.378 -28185.1 2536.68 -30721.8 25444.219
8.6 272.812 143.09416 21353.791 -28114.6 2446.35 -30560.9 25312.211
8.61 275.96967 518.30056 21521.694 -28024.5 2474.66 -30499.2 25514.672
8.62 273.30724 326.32598 21668.882 -28121.6 2450.79 -30572.4 25575.696
8.63 272.6369 220.43254 21469.917 -28226.2 2444.78 -30670.9 25467.723
8.64 273.37931 211.4334 21517.437 -28213.8 2451.44 -30665.2 25576.043
8.65 277.18511 1072.119 21215.924 -28278.7 2485.56 -30764.3 25417.31
8.66 268.93809 -631.11578 21373.716 -28076.5 2411.61 -30488.1 25561.696
8.67 278.48966 -126.87267 21438.473 -28223.4 2497.26 -30720.6 25684.448
8.68 280.70866 36.72076 21466.314 -28163.4 2517.16 -30680.5 25774.467
8.69 279.15923 -157.06471 21458.001 -28119.3 2503.27 -30622.5 25828.935
8.7 266.37425 -219.2112 21567.048 -28243.6 2388.62 -30632.2 25931.468
8.71 265.55965 433.57317 21436.93 -28304.4 2381.32 -30685.7 25954.321
8.72 282.75677 -367.77411 21554.25 -28208.2 2535.52 -30743.7 26021.288
8.73 278.8387 227.00937 21506.377 -27995.1 2500.39 -30495.5 25977.843
8.74 268.36982 -165.91717 21425.777 -28279.7 2406.51 -30686.2 25934.937
8.75 266.18067 586.37098 21479.276 -28298.2 2386.88 -30685.1 26016.944
8.76 283.47537 234.68381 21517.9 -28306.9 2541.97 -30848.9 26036.007
8.77 274.89911 75.349134 21366.149 -28222 2465.06 -30687.1 25944.53
8.78 275.25647 67.811262 21383.923 -28238.5 2468.27 -30706.7 25990.25
8.79 284.65878 -42.708723 21584.998 -28323.9 2552.58 -30876.5 26156.517
8.8 285.18197 -383.30177 21606.64 -28061.6 2557.27 -30618.9 26251.358
8.81 285.32615 -1288.0433 21649.308 -28254.6 2558.56 -30813.2 26330.373
8.82 268.54114 -500.98663 21715.271 -28032.5 2408.05 -30440.5 26431.117
8.83 274.99239 -449.79737 21535.809 -28225.9 2465.9 -30691.8 26323.626
8.84 285.36143 505.00064 21507.946 -28056 2558.88 -30614.9 26274.624
8.85 269.44389 524.75278 21513.861 -28286.9 2416.15 -30703.1 26208.857
8.86 275.57297 701.10234 21368.94 -28242.4 2471.11 -30713.5 26089.314
8.87 267.86809 -535.02384 21715.972 -28101 2402.02 -30503 26392.804
8.88 269.41987 -371.94772 21647.728 -28282.2 2415.93 -30698.1 26394.879
8.89 266.43075 -830.43976 21707.76 -28371.2 2389.13 -30760.3 26457.286
8.9 261.49511 -603.79121 21575.743 -28211.9 2344.87 -30556.7 26385.08
8.91 278.50656 221.84505 21367.014 -28217.7 2497.41 -30715.1 26261.256
8.92 285.30494 265.86349 21175.817 -28216.4 2558.37 -30774.8 26148.663
8.93 245.74294 499.0901 21520.965 -28463.8 2203.62 -30667.4 26462.993
8.94 276.45089 -92.684561 21465.336 -28335.1 2478.98 -30814.1 26444.02
8.95 279.21063 -292.45145 21733.598 -28022.1 2503.73 -30525.9 26603.168
8.96 286.25117 93.31671 21390.212 -28117.2 2566.86 -30684 26346.541
8.97 272.4283 -1084.8661 21624.303 -28184.3 2442.91 -30627.2 26517.391
8.98 268.96219 1047.3289 21456.027 -28330.8 2411.83 -30742.6 26438.774
8.99 279.22468 758.25244 21313.463 -28146 2503.85 -30649.9 26257.186
9 265.96178 517.22297 21397.518 -28206.9 2384.92 -30591.8 26317.952
9.01 280.5982 577.30293 21441.416 -28114 2516.17 -30630.2 26404.38
9.02 279.16032 -198.42953 21490.148 -28024.3 2503.27 -30527.6 26387.159
9.03 277.82865 80.405019 21447.011 -28028.6 2491.33 -30520 26447.689
9.04 265.82748 448.2552 21344.523 -28276.6 2383.72 -30660.3 26456.695
9.05 279.23895 -376.30022 21609.116 -28074.6 2503.98 -30578.5 26733.263
9.06 270.5269 188.2609 21363.795 -28282.9 2425.86 -30708.7 26587.018
9.07 279.63504 405.21045 21412.477 -28117.6 2507.53 -30625.1 26666.076
9.08 284.74141 797.70292 21258.363 -28185.4 2553.32 -30738.7 26589.18
9.09 266.40499 493.08607 21385.249 -28291.4 2388.9 -30680.2 26749.591
9.1 266.58244 23.047769 21559.202 -28423.6 2390.49 -30814.1 26858.912
9.11 272.42821 222.72874 21627.247 -28236.8 2442.91 -30679.7 26919.929
9.12 275.66955 -383.3101 21566.691 -28375.5 2471.97 -30847.5 26858.967
9.13 285.37718 659.71282 21341.767 -28089.6 2559.02 -30648.6 26738.037
9.14 281.68327 316.38456 21397.987 -28150.9 2525.9 -30676.8 26806.617
9.15 274.59723 -160.03179 21408.269 -28326 2462.36 -30788.4 26874.068
9.16 266.87243 -173.11138 21623.21 -28130.2 2393.09 -30523.3 27125.928
9.17 270.3947 151.76219 21363.346 -28096.1 2424.67 -30520.8 27037.683
9.18 279.15579 106.63245 21496.801 -28179.5 2503.23 -30682.8 27145.897
9.19 286.72194 1232.0233 21442.98 -27972.5 2571.08 -30543.6 27123.469
9.2 277.73385 -357.5404 21822.585 -28157.8 2490.48 -30648.3 27453.976
9.21 264.21516 -662.86386 21694.465 -28289.9 2369.26 -30659.2 27414.432
9.22 277.33265 206.70933 21515.891 -28083.5 2486.89 -30570.4 27271.608
9.23 273.24271 66.037963 21578.687 -28124.4 2450.21 -30574.6 27362.298
9.24 273.87816 -579.61235 21388.372 -28253.7 2455.91 -30709.6 27268.393
9.25 283.82207 499.2626 21298.274 -28122.6 2545.08 -30667.7 27263.485
9.26 283.63244 130.27905 21394.119 -28116.6 2543.38 -30660 27321.693
9.27 271.0161 -292.03878 21745.468 -28477 2430.24 -30907.3 27634.049
9.28 261.31186 518.68174 21410.442 -28386.2 2343.22 -30729.4 27383.717
9.29 279.97492 -126.36892 21532.275 -28142.6 2510.58 -30653.2 27517.406
9.3 270.61193 -315.85295 21643.571 -28347.4 2426.62 -30774 27605.525
9.31 273.85111 684.43342 21457.638 -28332.7 2455.67 -30788.4 27466.281
9.32 276.41856 -664.23186 21553.796 -28292.2 2478.69 -30770.9 27585.875
9.33 271.53582 248.53342 21491.917 -28252.8 2434.9 -30687.7 27545.806
9.34 270.66251 1222.1359 21490.176 -28176.9 2427.07 -30604 27553.605
9.35 267.95964 638.45471 21401.792 -28156.8 2402.84 -30559.6 27434.91
9.36 255.67554 -543.7954 21578.535 -28270.8 2292.68 -30563.5 27554.277
9.37 273.67017 559.55153 21225.73 -28169.9 2454.04 -30623.9 27256.322
9.38 275.10161 6.5160643 21662.362 -28234.7 2466.88 -30701.6 27631.924
9.39 259.48313 -229.89403 21418.691 -28468.6 2326.83 -30795.4 27494.114
9.4 272.43052 -491.04393 21610.927 -28310.1 2442.93 -30753.1 27653.932
9.41 272.27328 97.992836 21340.904 -28245.3 2441.52 -30686.8 27482.293
9.42 295.54275 1044.6512 21449.194 -27990 2650.18 -30640.1 27583.669
9.43 272.225 -302.55988 21671.9 -28325.9 2441.08 -30767 27837.263
9.44 257.19876 -1418.7653 21484.503 -28349.5 2306.34 -30655.9 27772.028
9.45 269.25508 -1057.6341 21595.604 -28273.5 2414.45 -30687.9 27971.718
9.46 270.59139 443.5612 21641.711 -28162.2 2426.44 -30588.6 28046.012
9.47 294.37361 1150.6826 21130.919 -28089.2 2639.69 -30728.9 27625.834
9.48 265.69467 -426.5662 21482.197 -28370.3 2382.53 -30752.8 28004.966
9.49 286.78763 157.87675 21369.611 -28144 2571.67 -30715.7 28004.168
9.5 287.25867 -269.01075 21665.264 -27887.1 2575.89 -30463 28275.617
9.51 281.06802 52.688833 21540.811 -28066.4 2520.38 -30586.8 28254.268
9.52 268.12048 969.89426 21327.812 -28349.7 2404.28 -30753.9 28102.958
9.53 274.8757 -170.40312 21356.487 -28023.1 2464.85 -30488 28149.658
9.54 271.76792 -656.52358 21680.341 -28198.7 2436.99 -30635.7 28536.692
9.55 276.69559 566.5992 21445.466 -28079.9 2481.17 -30561.1 28305.091
9.56 255.01825 66.843504 21528.998 -28349.5 2286.79 -30636.3 28418.5
9.57 276.268 388.36389 21381.586 -28389.8 2477.34 -30867.1 28346.76
9.58 278.55059 499.16025 21259.297 -28148.4 2497.81 -30646.2 28247.381
9.59 270.47378 57.580809 21456.953 -28222.6 2425.38 -30648 28420.739
9.6 283.85765 -404.10474 21590.998 -28224.2 2545.4 -30769.6 28589.163
9.61 267.48453 141.02795 21497.4 -28159.7 2398.58 -30558.2 28592.313
9.62 265.5052 -459.79445 21481.631 -28433.1 2380.83 -30813.9 28566.716
9.63 267.97737 -255.90963 21589.954 -28181.4 2403 -30584.4 28719.582
9.64 275.78337 596.69838 21506.686 -28317.8 2472.99 -30790.8 28559.76
9.65 279.9869 144.7297 21588.198 -28245.7 2510.69 -30756.4 28690.226
9.66 271.56495 -396.04993 21585.462 -28067.5 2435.17 -30502.7 28675.571
9.67 270.45733 -20.165604 21461.348 -28331.6 2425.23 -30756.8 28617.077
9.68 279.84242 -697.80481 21611.494 -28131 2509.39 -30640.3 28792.26
9.69 271.10274 -157.78269 21381.867 -28270.2 2431.02 -30701.2 28606.573
9.7 262.12355 -435.28202 21468.405 -28141.1 2350.5 -30491.6 28713.597
9.71 271.65905 1090.1294 21328.812 -28302.7 2436.01 -30738.7 28590.571
9.72 271.72395 -483.23841 21774.422 -28003.4 2436.59 -30440 28987.225
9.73 282.47853 144.91526 21439.135 -28230.2 2533.03 -30763.3 28652.461
9.74 269.53003 -611.50189 21537.083 -28101.7 2416.92 -30518.6 28786.656
9.75 276.16756 -140.7533 21730.482 -28303.2 2476.44 -30779.6 29074.438
9.76 285.64922 -234.31608 21746.964 -28109.1 2561.46 -30670.5 29091.921
9.77 274.6127 836.37302 21339.539 -28497.1 2462.5 -30959.6 28837.122
9.78 262.56098 -238.17852 21600.125 -28277.1 2354.43 -30631.6 29076.92
9.79 269.23839 -424.79841 21641.622 -28114.4 2414.3 -30528.7 29155.601
9.8 267.57948 -1240.6573 21475.715 -28422 2399.43 -30821.4 29081.764
9.81 266.23241 575.33133 21521.282 -28192.7 2387.35 -30580.1 29147.621
9.82 291.90136 -381.84333 21545.8 -27984.5 2617.53 -30602 29157.622
9.83 261.26558 -849.11401 21561.147 -28496 2342.81 -30838.8 29163.575
9.84 280.92528 -693.50533 21826.162 -28194.9 2519.1 -30714 29446.214
9.85 258.76309 -461.71634 21557.145 -28540 2320.37 -30860.3 29259.4
9.86 283.39819 -1192.6828 21570.207 -27942.1 2541.28 -30483.4 29317.813
9.87 283.98198 714.37582 21215.612 -28248.9 2546.51 -30795.4 29003.589
9.88 272.86885 -11.133202 21698.825 -28046.2 2446.86 -30493 29459.102
9.89 277.06923 472.92386 21379.6 -28401.3 2484.52 -30885.8 29123.726
9.9 269.0738 -119.59647 21448.116 -28100.6 2412.83 -30513.4 29219.492
9.91 273.31216 -728.80246 21533.392 -28249.9 2450.83 -30700.7 29428.566
9.92 263.01549 -304.89466 21546.269 -28404.1 2358.5 -30762.6 29502.159
9.93 277.88331 108.17356 21696.31 -28224.6 2491.82 -30716.4 29638.011
9.94 269.15241 -174.074 21601.774 -28344 2413.53 -30757.5 29593.391
9.95 279.28281 -581.71104 21598.584 -28169.7 2504.37 -30674.1 29631.443
9.96 283.42159 -641.19539 21601.973 -28262.8 2541.49 -30804.3 29679.822
9.97 272.788 -466.13092 21571.678 -28154.1 2446.13 -30600.2 29656.247
9.98 281.88821 -223.5334 21562.23 -28256.1 2527.74 -30783.8 29618.654
