0 264.36121 -75.33184 21681.917 -29733.8 2370.57 -32104.4 6.0802891
0.01 278.73685 -79.890283 21882.176 -29546.3 2499.48 -32045.8 17.48474
0.02 266.3549 707.42403 21553.505 -29588.1 2388.45 -31976.6 28.032865
0.03 281.20055 228.94214 21841.702 -29320.9 2521.57 -31842.5 39.032439
0.04 266.50706 411.80592 21577.749 -29564.8 2389.81 -31954.6 54.55982
0.05 279.92503 -86.996924 21793.511 -29152.7 2510.13 -31662.9 68.467731
0.06 276.07647 117.03575 21658.388 -28846.6 2475.62 -31322.3 84.454619
0.07 272.92075 -370.68795 21655.241 -28659 2447.32 -31106.3 104.5327
0.08 278.09364 381.06306 21523.178 -28192.8 2493.71 -30686.5 133.32315
0.09 274.961 21.465284 21410.097 -28037.2 2465.62 -30502.9 165.65283
0.1 277.91964 -673.59729 21659.845 -28251.3 2492.15 -30743.5 187.26057
0.11 264.54 -582.21918 21313.706 -28355.5 2372.17 -30727.7 217.90123
0.12 271.70122 754.80645 21470.375 -28217.4 2436.39 -30653.7 252.03236
0.13 299.05603 -271.47646 21539.524 -28074.1 2681.68 -30755.7 293.57676
0.14 279.06073 -435.16736 21440.573 -28277.2 2502.38 -30779.6 315.42452
0.15 291.03608 188.39086 21757.21 -28114 2609.77 -30723.7 346.62791
0.16 278.94694 -391.26501 21460.737 -28309.8 2501.36 -30811.1 373.51132
0.17 282.34734 -934.78379 21736.658 -28028.9 2531.85 -30560.7 401.05709
0.18 281.81751 876.33548 21405.158 -28281.4 2527.1 -30808.5 434.31723
0.19 273.52947 265.91823 21498.793 -28115.6 2452.78 -30568.4 451.45903
0.2 262.44737 -282.75669 21540.374 -28321.7 2353.41 -30675.1 486.04277
0.21 292.80232 793.99296 21533.439 -27881.8 2625.6 -30507.4 513.82295
0.22 261.33926 -81.016695 21455.366 -28232.2 2343.47 -30575.6 541.12836
0.23 277.4841 873.3746 21266.101 -28306.2 2488.24 -30794.5 557.44947
0.24 300.01536 -265.97869 21722.326 -27896.3 2690.29 -30586.6 597.27735
0.25 277.3888 889.20985 21434.064 -28269.1 2487.39 -30756.4 627.10782
0.26 270.4403 -48.327398 21488.834 -28289.1 2425.08 -30714.2 663.67721
0.27 278.03582 -44.47904 21408.303 -28202.5 2493.19 -30695.7 695.51162
0.28 278.13433 753.1053 21411.259 -28302.5 2494.07 -30796.6 739.72285
0.29 279.78633 -1111.736 21577.676 -28110.6 2508.89 -30619.4 784.58665
0.3 257.20353 -896.60908 21546.404 -28460.5 2306.38 -30766.9 799.56417
0.31 280.55814 -162.03491 21719.239 -28167.4 2515.81 -30683.2 826.00916
0.32 257.5074 187.1797 21535.333 -28405 2309.11 -30714.1 841.3277
0.33 271.96072 544.94757 21359.544 -28228.5 2438.71 -30667.2 879.17645
0.34 270.25595 -414.3828 21662.289 -28033.4 2423.43 -30456.8 934.04674
0.35 278.61138 -37.429971 21311.336 -28208.3 2498.35 -30706.7 959.61851
0.36 285.36519 160.95531 21310.597 -28189.8 2558.92 -30748.8 984.79982
0.37 269.23064 383.78271 21521.981 -28271.6 2414.23 -30685.8 1033.5026
0.38 289.09663 254.33906 21663.425 -27997.7 2592.38 -30590.1 1064.3139
0.39 259.40852 280.71883 21525.784 -28367.4 2326.16 -30693.6 1062.9627
0.4 281.07498 -683.95022 21465.056 -28297.6 2520.44 -30818.1 1089.9142
0.41 281.80874 314.65065 21516.524 -28066.4 2527.02 -30593.4 1108.8
0.42 267.42055 358.82294 21388.416 -28364.7 2398 -30762.7 1130.6725
0.43 278.72724 -111.53091 21351.092 -28156.7 2499.39 -30656 1165.1916
0.44 256.48638 -268.98925 21638.514 -28333.4 2299.95 -30633.4 1205.4561
0.45 273.10236 342.72552 21582.189 -28044.4 2448.95 -30493.4 1227.9197
0.46 296.74851 95.182666 21501.116 -28036.8 2660.99 -30697.8 1255.4533
0.47 269.01468 -679.48609 21518.006 -28285.9 2412.3 -30698.2 1295.5053
0.48 265.13848 -469.23699 21519.247 -28305.4 2377.54 -30682.9 1316.6192
0.49 274.03175 1410.1897 21337.052 -28144.8 2457.29 -30602.1 1343.5991
0.5 272.29944 -440.80517 21482.671 -28280.5 2441.75 -30722.3 1394.3515
0.51 278.9952 123.15091 21365.122 -28239.6 2501.79 -30741.4 1412.7865
0.52 279.0774 42.022354 21730.886 -28056.1 2502.53 -30558.7 1440.5432
0.53 281.10387 731.99069 21521.631 -28246.3 2520.7 -30767 1473.4699
0.54 273.31658 428.91865 21456.197 -28332.9 2450.87 -30783.8 1495.1397
0.55 266.91237 -476.83523 21561.948 -28258.1 2393.45 -30651.6 1534.1428
0.56 276.53469 -432.71805 21585.476 -27965.8 2479.73 -30445.5 1593.5845
0.57 259.58609 256.46412 21349.342 -28231.6 2327.75 -30559.3 1631.1744
0.58 295.63194 -407.46135 21695.1 -28123.6 2650.98 -30774.6 1683.5314
0.59 263.51204 136.23392 21484.988 -28468.1 2362.95 -30831.1 1712.448
0.6 263.62734 -348.86902 21682.442 -28381.6 2363.99 -30745.6 1751.1354
0.61 283.96354 -20.418474 21427.389 -28150.9 2546.35 -30697.3 1740.6963
0.62 265.94728 620.07392 21470.236 -28274.5 2384.79 -30659.2 1783.1339
0.63 265.35717 -470.70636 21708.097 -28274.9 2379.5 -30654.4 1811.571
0.64 280.24827 348.73784 21425.764 -28264 2513.03 -30777 1811.331
0.65 267.72755 -957.92447 21701.688 -28580.7 2400.76 -30981.4 1851.8986
0.66 277.83181 26.715009 21414.494 -28167.3 2491.36 -30658.6 1874.4085
0.67 280.37498 164.16271 21302.79 -28193.6 2514.17 -30707.7 1892.4744
0.68 285.5363 6.8491842 21526.394 -28080.1 2560.45 -30640.5 1936.4753
0.69 267.3753 -675.21496 21293.424 -28315.8 2397.6 -30713.4 1947.1911
0.7 278.79869 535.17728 21528.096 -28092.1 2500.03 -30592.1 2008.4379
0.71 279.85662 749.45099 21401.858 -28218.6 2509.52 -30728.1 2007.5661
0.72 263.47233 -104.81357 21320.605 -28535.9 2362.6 -30898.5 2040.7262
0.73 271.92026 102.70205 21500.965 -28169.4 2438.35 -30607.8 2083.3766
0.74 284.57602 821.00995 21420.989 -28096.9 2551.84 -30648.8 2104.1858
0.75 280.70618 -88.931582 21372.375 -28230.5 2517.14 -30747.6 2136.6421
0.76 272.75859 -58.068712 21555.589 -28269.7 2445.87 -30715.5 2186.554
0.77 274.68003 -180.29916 21634.976 -28244.9 2463.1 -30708 2240.4598
0.78 286.32054 857.67072 21296.852 -28113 2567.48 -30680.5 2260.1506
0.79 266.20415 363.05773 21477.42 -28187.7 2387.09 -30574.8 2277.4869
0.8 273.78738 -215.30074 21622.705 -28301.4 2455.09 -30756.5 2305.5043
0.81 280.75832 -995.23469 21623.806 -28007.6 2517.6 -30525.2 2343.2272
0.82 270.09157 348.00147 21709.025 -28166.9 2421.95 -30588.8 2384.8417
0.83 256.8713 -1103.9234 21680.559 -28424.9 2303.41 -30728.3 2418.6266
0.84 284.02955 -710.28618 21593.282 -28155.2 2546.94 -30702.1 2425.9795
0.85 287.13847 -314.87189 21524.73 -28149.4 2574.82 -30724.2 2458.5619
0.86 270.81938 -245.36407 21648.299 -28153.4 2428.48 -30581.9 2492.8719
0.87 281.36069 262.19521 21483.654 -28201.4 2523.01 -30724.4 2502.3398
0.88 273.09406 -617.73879 21682.194 -28192.2 2448.88 -30641.1 2543.881
0.89 281.1036 -159.79735 21397.04 -28236.6 2520.7 -30757.3 2547.6013
0.9 277.49428 766.55044 21318.23 -27996.9 2488.34 -30485.2 2550.3189
0.91 280.63155 717.81216 21451.283 -28310.9 2516.47 -30827.4 2594.64
0.92 286.67722 -44.521907 21501.914 -27981.6 2570.68 -30552.3 2624.15
0.93 277.16884 -63.943238 21485.327 -28189.3 2485.42 -30674.7 2668.166
0.94 277.58804 -346.49434 21511.214 -28015.1 2489.18 -30504.3 2701.7175
0.95 294.13889 162.38929 21414.226 -28125.1 2637.59 -30762.7 2700.8413
0.96 256.32985 -329.60418 21749.475 -28406.5 2298.55 -30705 2754.8034
0.97 278.73022 -527.90444 21582.886 -28151.3 2499.42 -30650.7 2778.9893
0.98 269.96473 350.13201 21411.377 -28417.5 2420.82 -30838.3 2803.0146
0.99 267.84126 390.60925 21493.907 -28276 2401.78 -30677.8 2821.9156
1 249.49515 -156.89842 21376.559 -28426.2 2237.26 -30663.5 2841.3652
1.01 284.07455 -229.8656 21555.136 -28217.9 2547.34 -30765.3 2863.5366
1.02 286.98063 874.08052 21508.289 -27943.3 2573.4 -30516.7 2899.5036
1.03 274.91837 -72.529013 21713.647 -28180.7 2465.24 -30646 2925.592
1.04 287.7197 10.342028 21598.835 -28024.5 2580.03 -30604.5 2933.9585
1.05 279.30594 1166.6443 21309.6 -28115.2 2504.58 -30619.8 2928.9677
1.06 267.20683 -307.86668 21507.869 -28237.2 2396.09 -30633.3 2967.8152
1.07 281.83825 -96.877156 21719.569 -28162.1 2527.29 -30689.4 3021.381
1.08 293.38217 204.08542 21393.128 -28071.5 2630.8 -30702.3 3021.0892
1.09 291.93866 187.18103 21426.823 -27982.1 2617.86 -30600 3055.9001
1.1 283.88268 197.46818 21422.344 -28174.7 2545.62 -30720.3 3089.8376
1.11 275.39847 847.73492 21350.46 -28444.6 2469.54 -30914.2 3119.034
1.12 282.01967 1564.8313 21270.876 -28152.5 2528.92 -30681.4 3126.0962
1.13 262.36658 1590.5803 21371.794 -28332.3 2352.68 -30685 3152.3548
1.14 279.36547 -366.1556 21613.816 -28077.4 2505.11 -30582.5 3189.7554
1.15 285.50315 200.46712 21379.306 -28020.5 2560.15 -30580.6 3188.1546
1.16 283.04028 -17.430429 21715.457 -28217.7 2538.07 -30755.7 3262.3445
1.17 257.86648 -43.951055 21584.224 -28423.7 2312.33 -30736 3274.3936
1.18 290.76593 -334.82028 21468.622 -28173.5 2607.34 -30780.9 3296.3601
1.19 268.41119 -172.64235 21614.502 -28317.8 2406.89 -30724.7 3371.6713
1.2 280.48591 -805.1341 21431.747 -28001.8 2515.16 -30517 3372.8693
1.21 283.19205 -254.72757 21558.561 -28221.4 2539.43 -30760.8 3434.5795
1.22 280.86354 579.5093 21336.426 -28250.5 2518.55 -30769.1 3430.0869
1.23 286.06575 44.811189 21431.188 -28059.1 2565.2 -30624.3 3463.8806
1.24 266.281 -215.16213 21405.506 -28264.9 2387.78 -30652.7 3517.0651
1.25 257.65422 -60.172693 21594.185 -28493.1 2310.43 -30803.5 3594.5495
1.26 276.34576 297.63219 21419.523 -28270.6 2478.04 -30748.7 3602.2398
1.27 289.20598 -64.441611 21514.274 -27894.4 2593.36 -30487.7 3657.858
1.28 269.75358 -405.61594 21635.834 -28188.7 2418.92 -30607.6 3693.9032
1.29 273.99973 41.978705 21545.711 -27903.5 2457 -30360.5 3700.3999
1.3 275.70215 334.31069 21648.136 -28324.3 2472.27 -30796.6 3721.144
1.31 279.06465 593.79766 21503.473 -28050.7 2502.42 -30553.1 3754.4542
1.32 276.77866 935.2787 21293.069 -28113.6 2481.92 -30595.6 3751.5053
1.33 268.69131 322.77164 21326.778 -28153.3 2409.4 -30562.7 3789.2738
1.34 281.86856 18.509051 21554.667 -28155.4 2527.56 -30683 3831.6063
1.35 293.66209 560.55386 21454.555 -27833.9 2633.31 -30467.2 3838.2945
1.36 265.91102 354.44554 21533.594 -28096.2 2384.47 -30480.7 3850.8128
1.37 273.8192 630.36485 21347.969 -28333.5 2455.38 -30788.9 3823.6227
1.38 284.65937 145.47342 21372.651 -28121.6 2552.59 -30674.1 3858.0309
1.39 264.87027 135.07874 21447.957 -28380.6 2375.13 -30755.8 3902.8061
1.4 280.05754 -256.53978 21692.789 -28077.8 2511.32 -30589.1 3974.67
1.41 281.88803 281.75054 21445.583 -28130.5 2527.73 -30658.2 3997.0755
1.42 265.33203 495.15797 21423.995 -28153.8 2379.27 -30533.1 4028.866
1.43 285.04132 66.311139 21400.468 -28141 2556.01 -30697 4054.6096
1.44 265.26836 -483.44024 21689.416 -28273.3 2378.7 -30652 4136.6555
1.45 276.44222 -501.12792 21566.853 -28086.1 2478.9 -30565 4142.8533
1.46 263.05819 929.29869 21479.985 -28174.5 2358.88 -30533.4 4135.2444
1.47 272.03386 -142.41251 21566.339 -28284.3 2439.37 -30723.7 4164.0506
1.48 280.41807 -1001.1189 21711.19 -28331.4 2514.55 -30845.9 4212.9401
1.49 279.17235 107.3697 21473.224 -28138 2503.38 -30641.4 4205.66
1.5 280.54819 237.74429 21733.117 -27980.9 2515.72 -30496.6 4266.3536
1.51 278.76951 -815.72808 21633.025 -28077.8 2499.77 -30577.6 4255.7498
1.52 268.30834 -574.06098 21664.416 -28231.7 2405.96 -30637.7 4313.7369
1.53 290.69704 594.40359 21440.802 -28088 2606.73 -30694.8 4343.4706
1.54 270.18779 31.938572 21623.998 -28241.7 2422.82 -30664.6 4391.3697
1.55 272.32507 407.74945 21589.855 -28317.3 2441.98 -30759.3 4414.5391
1.56 279.51801 -58.108134 21582.264 -27944.9 2506.48 -30451.4 4425.2247
1.57 270.95768 598.29069 21363.111 -28229.2 2429.72 -30658.9 4406.3551
1.58 263.30344 -530.26248 21709.069 -28442.3 2361.08 -30803.4 4455.097
1.59 274.36203 -371.74501 21758.894 -28318.6 2460.25 -30778.9 4487.4504
1.6 280.90232 -817.74975 21728.202 -28036.7 2518.9 -30555.6 4536.7683
1.61 275.26521 196.9922 21547.506 -28294.9 2468.35 -30763.3 4551.3352
1.62 272.98812 510.50715 21508.505 -28178.6 2447.93 -30626.5 4559.3502
1.63 264.23366 -119.99555 21362.661 -28201.7 2369.43 -30571.1 4549.1412
1.64 263.46438 -147.29988 21400.112 -28451.7 2362.53 -30814.3 4596.7853
1.65 269.58825 115.35769 21418.383 -28222.3 2417.44 -30639.8 4634.2518
1.66 271.09105 319.78037 21553.383 -28143.8 2430.92 -30574.7 4698.7548
1.67 268.26913 -330.99959 21394.525 -28172.7 2405.61 -30578.3 4707.0955
1.68 291.59522 -154.28357 21501.862 -28034.1 2614.78 -30648.9 4762.8065
1.69 275.8856 882.80153 21246.411 -28311.1 2473.91 -30785 4736.3152
1.7 283.21727 -210.07101 21742.08 -28222.1 2539.65 -30761.7 4823.717
1.71 255.02575 -610.80544 21537.092 -28364.9 2286.86 -30651.7 4837.3469
1.72 287.08513 -313.74896 21693.628 -28148.9 2574.34 -30723.2 4897.1663
1.73 290.2119 -858.70093 21660.634 -27861.3 2602.38 -30463.7 4930.027
1.74 275.72819 535.01126 21477.556 -28164.4 2472.5 -30636.9 4934.0813
1.75 256.55095 359.47556 21478.989 -28481.6 2300.53 -30782.1 4952.7091
1.76 287.35313 -116.3132 21591.828 -28131.4 2576.74 -30708.1 4994.1964
1.77 271.73259 589.27616 21493.062 -28208.3 2436.67 -30644.9 5015.8714
1.78 274.13144 -44.87671 21579.566 -28249 2458.18 -30707.1 5080.8529
1.79 280.16439 -1013.5999 21669.853 -28149.5 2512.28 -30661.8 5127.3969
1.8 267.94325 -285.40864 21603.401 -28226.9 2402.69 -30629.6 5159.0178
1.81 271.08725 0.17004894 21390.797 -28174.7 2430.88 -30605.6 5158.5226
1.82 251.82216 -112.5716 21426.397 -28439.6 2258.13 -30697.7 5202.6685
1.83 291.37752 -598.192 21566.571 -28019.5 2612.83 -30632.3 5256.6759
1.84 290.74314 684.43574 21372.411 -28110.4 2607.14 -30717.6 5229.3245
1.85 268.80115 971.34872 21325.418 -28450.9 2410.38 -30861.3 5234.1147
1.86 272.6605 -464.70848 21694.684 -28285.4 2444.99 -30730.4 5297.1846
1.87 271.88422 -332.45035 21571.35 -28142.4 2438.03 -30580.5 5282.1447
1.88 268.72195 83.037942 21390.435 -28235.1 2409.67 -30644.8 5271.404
1.89 286.9135 -579.38408 21699.749 -28004.4 2572.8 -30577.2 5347.3413
1.9 284.24433 540.67616 21524.842 -28227.2 2548.86 -30776.1 5336.7972
1.91 271.88156 381.21497 21345.229 -28321.3 2438.01 -30759.3 5337.9906
1.92 288.80232 1299.8726 21324.062 -28084.3 2589.74 -30674 5367.011
1.93 286.56977 150.32302 21441.616 -28250.9 2569.72 -30820.7 5421.369
1.94 265.15313 482.49025 21331.358 -28388 2377.67 -30765.7 5430.9771
1.95 273.22519 -970.95935 21588.985 -28079 2450.05 -30529.1 5478.8542
1.96 276.89646 34.509035 21570.58 -28110.7 2482.97 -30593.6 5516.102
1.97 268.97897 166.42699 21419.237 -28334.2 2411.98 -30746.2 5523.583
1.98 262.62758 24.831051 21557.949 -28460.3 2355.02 -30815.3 5549.7211
1.99 281.7266 -300.24208 21552.149 -28228.8 2526.29 -30755 5594.5556
2 279.72662 924.8535 21323.899 -28094.8 2508.35 -30603.1 5585.3625
2.01 267.74868 -333.85809 21598.979 -28359.8 2400.95 -30760.7 5673.2854
2.02 265.90893 -523.79892 21669.398 -28151.3 2384.45 -30535.8 5726.9485
2.03 271.59012 -794.68648 21526.061 -28232.4 2435.39 -30667.8 5744.3802
2.04 263.63749 225.1973 21501.816 -28265.7 2364.08 -30629.8 5738.9143
2.05 257.31301 268.35712 21358.035 -28410.3 2307.37 -30717.6 5724.5355
2.06 291.77137 71.793165 21532.729 -27981.2 2616.36 -30597.5 5753.598
2.07 270.36288 -190.68068 21585.033 -28284.3 2424.39 -30708.7 5798.0092
2.08 274.53215 602.47301 21523.771 -28082.2 2461.77 -30544 5804.2519
2.09 274.82378 868.56017 21475.834 -28082.9 2464.39 -30547.3 5809.5876
2.1 272.61498 -57.88595 21541.475 -28367 2444.58 -30811.6 5858.8054
2.11 280.18251 360.25011 21463.523 -28221.4 2512.44 -30733.9 5887.8428
2.12 259.30788 -739.039 21769.165 -28381.7 2325.25 -30707 5987.9002
2.13 276.64557 -129.94242 21375.523 -28194.5 2480.72 -30675.2 5918.3531
2.14 270.75903 1524.5252 21356.693 -28172.5 2427.94 -30600.4 5921.8361
2.15 279.05396 108.12263 21363.252 -28167 2502.32 -30669.3 5939.3062
2.16 270.50077 -441.58438 21371.422 -28265.7 2425.62 -30691.3 5966.6884
2.17 283.89321 691.0553 21305.46 -28189.4 2545.72 -30735.1 5963.9217
2.18 273.99979 516.79587 21412.636 -28342 2457 -30799 6002.6966
2.19 272.13794 -197.75807 21510.004 -28198.2 2440.3 -30638.5 6036.055
2.2 284.09786 564.6072 21452.637 -27891.9 2547.55 -30439.5 6071.6864
2.21 286.90096 1104.656 21432.627 -28260.9 2572.69 -30833.6 6091.025
2.22 263.0211 -19.465769 21634.168 -28248.2 2358.55 -30606.7 6147.7825
2.23 261.42101 -1069.4858 21466.529 -28338.6 2344.2 -30682.8 6151.2798
2.24 274.20419 -195.34613 21557.965 -28337 2458.83 -30795.8 6141.4926
2.25 277.19387 -648.67862 21496.871 -27989.4 2485.64 -30475 6152.5729
2.26 271.14564 41.573748 21418.297 -28104.8 2431.41 -30536.2 6185.2097
2.27 272.91961 478.38407 21187.241 -28316.8 2447.31 -30764.1 6167.4982
2.28 279.28031 200.98243 21443.894 -28196.3 2504.35 -30700.7 6217.6265
2.29 294.51203 -348.26376 21341.786 -28153.9 2640.94 -30794.9 6201.5046
2.3 274.3712 -240.78435 21586.294 -28225.9 2460.33 -30686.2 6282.2079
2.31 261.53538 182.79811 21670.15 -28189.4 2345.23 -30534.6 6322.3605
2.32 254.20304 -1002.1364 21467.702 -28390.4 2279.48 -30669.9 6303.7698
2.33 277.59005 246.10896 21627.101 -28212.1 2489.19 -30701.3 6360.3115
2.34 275.70223 -249.6563 21584.524 -28061.5 2472.27 -30533.8 6403.4524
2.35 287.3284 -471.69249 21429.863 -28162.8 2576.52 -30739.3 6406.0573
2.36 280.42373 -450.00906 21538.475 -28139.8 2514.6 -30654.4 6443.5229
2.37 288.68146 1144.6691 21418.728 -28213.7 2588.65 -30802.3 6441.337
2.38 272.55457 263.61409 21400.717 -28365.5 2444.04 -30809.5 6461.0706
2.39 274.41174 858.25525 21308.271 -28194 2460.69 -30654.7 6436.6548
2.4 259.06262 -278.89425 21615.602 -28152.5 2323.06 -30475.5 6542.3782
2.41 267.38136 427.17304 21371.875 -28465.7 2397.65 -30863.4 6528.4522
2.42 268.03203 331.59558 21317.669 -28339.4 2403.49 -30742.9 6540.9246
2.43 274.5823 -31.950643 21222.133 -28199.9 2462.22 -30662.2 6524.6876
2.44 270.80849 147.91733 21596.953 -28223 2428.38 -30651.4 6643.9144
2.45 275.20688 302.55941 21607.986 -28046.7 2467.82 -30514.5 6661.5577
2.46 274.4722 176.82805 21386.918 -28249.5 2461.24 -30710.7 6595.2586
2.47 277.62569 182.23642 21471.597 -27991.8 2489.51 -30481.4 6636.8224
2.48 279.15597 228.99742 21500.849 -28181.3 2503.24 -30684.6 6657.6122
2.49 270.78307 -141.04797 21350.117 -28150.5 2428.15 -30578.6 6674.5775
2.5 276.03167 435.64774 21591.057 -28234.4 2475.22 -30709.6 6760.7909
2.51 267.25967 -1002.8153 21648.418 -28270 2396.56 -30666.6 6809.0166
2.52 280.10588 255.92632 21341.709 -28134.8 2511.75 -30646.5 6753.7351
2.53 265.69623 -465.89751 21408.015 -28495 2382.54 -30877.6 6806.2399
2.54 265.34269 579.65246 21425.374 -28400.9 2379.37 -30780.3 6832.2772
2.55 277.95872 501.23002 21405.829 -28171.7 2492.5 -30664.2 6820.2578
2.56 264.72722 -316.44867 21478.432 -28438.7 2373.85 -30812.5 6820.8684
2.57 263.93166 -1124.8697 21614.464 -28115.1 2366.72 -30481.8 6900.9229
2.58 269.43257 -31.654835 21622.693 -28214.6 2416.04 -30630.6 6927.12
2.59 267.73893 -85.152283 21572.777 -28291 2400.86 -30691.8 6966.8356
2.6 281.77038 998.70746 21341.276 -28034.9 2526.68 -30561.6 6933.7242
2.61 291.89859 27.00797 21392.223 -28014.3 2617.5 -30631.8 6985.7338
2.62 257.01787 -735.30077 21568.715 -28204.7 2304.72 -30509.4 7059.6521
2.63 267.35796 954.32594 21201.605 -28305.3 2397.44 -30702.8 6999.6804
2.64 273.46934 -23.88938 21533.538 -28174.9 2452.24 -30627.1 7086.596
2.65 268.15477 731.79611 21390.783 -28237.2 2404.59 -30641.7 7094.4536
2.66 280.45587 -875.86763 21666.23 -28327.1 2514.89 -30842 7183.9989
2.67 273.57 -405.40419 21359.935 -28269.3 2453.15 -30722.4 7148.9623
2.68 284.20284 570.32447 21471.492 -28036.9 2548.49 -30585.4 7237.4625
2.69 277.80931 -325.75264 21428.663 -28118.3 2491.16 -30609.4 7236.3545
2.7 279.6219 -577.38597 21440.189 -28255.7 2507.41 -30763.1 7236.6058
2.71 263.74344 675.69453 21423.104 -28340.9 2365.03 -30706 7261.0668
2.72 279.70534 672.33251 21333.894 -28269 2508.16 -30777.1 7228.4396
2.73 274.07061 -764.04549 21536.533 -28232.6 2457.63 -30690.2 7290.7851
2.74 276.78162 531.63902 21470.195 -28346.1 2481.94 -30828 7298.4106
2.75 263.16983 -264.9705 21557.216 -28074.4 2359.89 -30434.3 7353.5175
2.76 270.06645 91.566772 21400.322 -28375.9 2421.73 -30797.6 7325.8487
2.77 274.73514 -263.47665 21604.082 -28073.3 2463.59 -30536.9 7392.5899
2.78 279.01168 -249.49311 21543.585 -28220.6 2501.94 -30722.6 7428.9676
2.79 264.69914 72.859919 21388.547 -28198.3 2373.6 -30571.9 7409.5835
2.8 265.90375 180.99891 21349.231 -28436.1 2384.4 -30820.5 7438.4063
2.81 278.98047 203.24367 21657.618 -28095.6 2501.66 -30597.3 7540.9657
2.82 275.8869 -649.98615 21540.445 -28133.6 2473.92 -30607.5 7532.9104
2.83 267.72163 781.43766 21322.582 -28359.8 2400.7 -30760.5 7494.9255
2.84 272.77305 403.21709 21601.326 -28227.5 2446 -30673.5 7595.8013
2.85 285.77887 509.57301 21241.711 -28386.5 2562.62 -30949.1 7537.3818
2.86 284.697 -157.77203 21410.098 -28210.5 2552.92 -30763.4 7593.3724
2.87 272.62268 324.03298 21482.066 -28334.7 2444.65 -30779.3 7666.5247
2.88 273.90941 -263.51499 21454.105 -28276.2 2456.19 -30732.4 7654.8423
2.89 272.60821 -254.25262 21523.752 -28251.7 2444.52 -30696.2 7706.3035
2.9 272.1535 -280.35656 21455.115 -28186.2 2440.44 -30626.7 7716.7673
2.91 282.09918 -163.61793 21623.819 -28144.5 2529.63 -30674.1 7818.5597
2.92 274.7714 -405.96702 21518.72 -28012.6 2463.92 -30476.6 7805.2321
2.93 274.76066 -70.649507 21426.377 -28150.4 2463.82 -30614.3 7811.3515
2.94 285.11847 -450.14887 21478.742 -28138.7 2556.7 -30695.4 7870.137
2.95 285.75496 -8.8372583 21643.052 -28094 2562.41 -30656.4 7930.7926
2.96 272.20405 -77.954889 21525.068 -28436.7 2440.9 -30877.6 7954.0595
2.97 266.16093 309.43301 21358.88 -28292.2 2386.71 -30678.9 7929.5965
2.98 277.12589 20.643137 21550.189 -28082.2 2485.03 -30567.2 8040.4246
2.99 276.85745 735.74709 21376.807 -28226.6 2482.62 -30709.2 8030.6509
3 272.96703 525.80935 21423.707 -28290.1 2447.74 -30737.8 8001.9528
3.01 271.92144 -93.01712 21471.937 -28112.9 2438.36 -30551.3 8058.8477
3.02 287.00649 -512.75731 21622.859 -27992.5 2573.63 -30566.2 8158.3713
3.03 255.13495 226.23811 21454.198 -28229.4 2287.84 -30517.3 8137.0362
3.04 291.8151 1196.4866 21431.364 -28213.6 2616.75 -30830.4 8156.512
3.05 287.35406 -54.051859 21498.845 -28170.2 2576.75 -30747 8174.9452
3.06 273.02454 1014.2347 21486.4 -28247.6 2448.25 -30695.8 8173.3827
3.07 266.57523 -270.25703 21418.356 -28477 2390.42 -30867.4 8163.7199
3.08 273.95811 -350.42563 21465.71 -28262 2456.63 -30718.6 8212.4233
3.09 273.8117 -489.96322 21531.937 -28145.1 2455.31 -30600.4 8250.638
3.1 274.259 977.65702 21557.782 -28359.4 2459.32 -30818.7 8251.6648
3.11 287.22335 380.00067 21478.612 -28170.7 2575.58 -30746.2 8224.7933
3.12 287.19648 10.730924 21357.729 -28241.9 2575.34 -30817.2 8245.5162
3.13 272.28069 132.77792 21516.912 -28219.6 2441.58 -30661.2 8300.1632
3.14 278.98002 -659.68633 21706.552 -28000.4 2501.66 -30502 8372.2364
3.15 274.45667 -22.746154 21561.864 -28334.2 2461.1 -30795.3 8328.431
3.16 275.90472 -459.17887 21689.133 -28011.7 2474.08 -30485.8 8422.2398
3.17 263.35661 -496.77273 21616.885 -28304.5 2361.56 -30666.1 8430.3249
3.18 285.85949 692.3334 21371.305 -28003.9 2563.35 -30567.3 8406.0308
3.19 274.23118 -441.54561 21636.943 -28065.6 2459.07 -30524.7 8479.5208
3.2 278.6536 1033.1437 21716.845 -28059.3 2498.73 -30558.1 8514.4952
3.21 268.99059 181.26106 21491.264 -28341.4 2412.08 -30753.5 8461.1188
3.22 278.31131 393.48553 21485.077 -28253.3 2495.66 -30749 8495.0866
3.23 268.19508 288.68528 21456.85 -28206.5 2404.95 -30611.5 8531.1024
3.24 259.36387 -772.21238 21647.026 -28399.7 2325.76 -30725.5 8610.989
3.25 281.81171 272.70005 21310.191 -28179.7 2527.05 -30706.7 8552.2434
3.26 263.39932 -323.15587 21632.77 -28413.3 2361.94 -30775.2 8671.1948
3.27 278.93702 -477.54873 21660.73 -28141.1 2501.27 -30642.4 8723.9042
3.28 283.41728 211.67443 21604.851 -28262.4 2541.45 -30803.9 8727.3064
3.29 267.61938 -991.26482 21723.159 -28406.5 2399.79 -30806.3 8767.8392
3.3 267.28455 183.92873 21611.67 -28335.2 2396.78 -30732 8732.783
3.31 280.9777 -50.227918 21582.178 -28066.2 2519.57 -30585.8 8742.5273
3.32 266.69535 643.46095 21463.036 -28183.6 2391.5 -30575.1 8746.2787
3.33 267.06994 -46.275181 21568.877 -28289.6 2394.86 -30684.4 8835.6134
3.34 270.9207 35.478298 21469.145 -28094.2 2429.39 -30523.6 8821.65
3.35 255.56635 -1084.9077 21724.554 -28403.4 2291.7 -30695.1 8939.0453
3.36 270.41866 -163.08997 21588.181 -28233.2 2424.89 -30658.1 8938.5079
3.37 284.80535 476.29604 21582.739 -28256 2553.89 -30809.9 8987.0642
3.38 278.01083 56.797502 21488.45 -28174 2492.97 -30667 9006.9457
3.39 283.75933 144.89917 21475.577 -28184.4 2544.51 -30728.9 9003.4999
3.4 279.71395 -176.7898 21469.238 -28122.6 2508.24 -30630.8 9038.8437
3.41 256.5981 -600.44094 21516.098 -28363.3 2300.96 -30664.2 9040.3603
3.42 278.36808 89.112902 21655.871 -28016.7 2496.17 -30512.9 9117.6125
3.43 280.98779 347.99774 21590.837 -28167.5 2519.66 -30687.1 9096.0536
3.44 264.55557 190.87906 21415.099 -28274.3 2372.31 -30646.6 9079.93
3.45 265.1513 321.48993 21629.747 -28116.5 2377.65 -30494.2 9157.1856
3.46 281.42272 -1043.401 21723.135 -28205 2523.56 -30728.6 9188.7264
3.47 271.01198 884.11719 21161.699 -28235.5 2430.21 -30665.7 9036.3535
3.48 309.9723 299.50029 21447.956 -27819.5 2779.57 -30599 9125.5843
3.49 262.44721 97.893242 21447.805 -28220.1 2353.41 -30573.5 9176.2305
3.5 281.69275 439.62653 21492.698 -28036.7 2525.98 -30562.7 9239.3737
3.51 276.1292 -26.185571 21614.094 -28263.2 2476.09 -30739.3 9330.6931
3.52 261.71631 -401.37038 21733.924 -28323 2346.85 -30669.9 9393.5546
3.53 273.54909 482.54525 21329.814 -28252 2452.96 -30704.9 9310.299
3.54 272.65888 -600.13604 21737.82 -28128.2 2444.98 -30573.2 9480.5845
3.55 279.22509 -77.70299 21646.699 -28095.5 2503.86 -30599.4 9480.0787
3.56 254.40487 -150.0527 21580.021 -28313.9 2281.29 -30595.1 9519.7755
3.57 277.53007 540.72196 21398.307 -28168.7 2488.66 -30657.3 9476.8974
3.58 273.86743 -129.67866 21531.668 -27986.2 2455.81 -30442 9548.8145
3.59 281.70883 114.76321 21596.671 -28316.6 2526.13 -30842.7 9655.4752
3.6 276.63488 -426.14949 21592.553 -28179.2 2480.63 -30659.8 9681.0036
3.61 275.14329 233.67452 21595.508 -28139.4 2467.25 -30606.6 9705.2384
3.62 268.11846 73.08638 21598.221 -28199.9 2404.26 -30604.1 9729.4446
3.63 270.86909 -521.90503 21712.038 -28256.5 2428.93 -30685.4 9797.8241
3.64 264.5816 18.95651 21510.794 -28013.8 2372.55 -30386.3 9802.9358
3.65 276.54979 -88.030904 21402.068 -28228.5 2479.87 -30708.3 9786.9857
3.66 256.73292 276.47105 21546.079 -28267.2 2302.16 -30569.4 9866.839
3.67 275.63682 -821.41802 21686.46 -28172.6 2471.68 -30644.3 9924.1507
3.68 266.04471 -699.27803 21748.218 -28206.9 2385.67 -30592.5 9967.6355
3.69 276.84328 -731.44006 21669.124 -28164.6 2482.5 -30647.1 9979.7325
3.7 276.07767 -75.084546 21582.839 -28137.5 2475.63 -30613.1 9984.0947
3.71 274.68754 369.93971 21600.453 -28404.8 2463.17 -30868 10016.846
3.72 275.76194 88.123965 21478.857 -28199.6 2472.8 -30672.4 10014.025
3.73 277.83218 2.1713698 21440.223 -28209.1 2491.37 -30700.4 10030.661
3.74 276.55631 -476.24122 21504.181 -28159.5 2479.92 -30639.4 10075.302
3.75 261.00836 -506.7414 21508.84 -28348.3 2340.5 -30688.8 10080.021
3.76 278.40305 -1597.5461 21683.136 -28157 2496.48 -30653.5 10180.766
3.77 270.02294 -151.77755 21601.568 -28193.2 2421.34 -30614.6 10170.236
3.78 267.89663 432.82462 21426.347 -28224.1 2402.27 -30626.4 10161.672
3.79 258.11536 187.14501 21366.317 -28398 2314.56 -30712.5 10152.969
3.8 285.75374 697.11054 21479.448 -28192.3 2562.4 -30754.7 10202.853
3.81 274.85298 -656.24619 21574.838 -28153.5 2464.65 -30618.2 10289.549
3.82 279.66206 404.40659 21301.455 -28081.7 2507.77 -30589.4 10244.091
3.83 293.39527 504.64127 21482.489 -28101.9 2630.92 -30732.8 10305.818
3.84 280.41415 -74.414059 21504.351 -28082.4 2514.52 -30596.9 10372.361
3.85 269.55105 32.056427 21497.55 -28116.5 2417.11 -30533.6 10421.614
3.86 271.42162 241.24388 21681.978 -28190.5 2433.88 -30624.4 10497.437
3.87 286.7179 -308.09249 21428.596 -28183.9 2571.05 -30755 10437.16
3.88 253.86536 930.73272 21666.916 -28231 2276.45 -30507.4 10506.419
3.89 267.8142 -754.99572 21518.505 -28256.6 2401.53 -30658.2 10482.137
3.9 269.99065 19.556686 21479.758 -28272.5 2421.05 -30693.5 10455.176
3.91 268.30459 241.45524 21373.935 -28257.4 2405.93 -30663.3 10444.755
3.92 270.39762 -82.877674 21504.781 -28293 2424.7 -30717.7 10546.402
3.93 275.10804 694.86796 21520.25 -28049.6 2466.94 -30516.5 10583.205
3.94 269.16799 -789.33026 21411.903 -28191.1 2413.67 -30604.8 10588.294
3.95 276.98642 -286.88411 21505.514 -28180.8 2483.78 -30664.6 10628.032
3.96 276.11577 -489.83408 21412.647 -27957.5 2475.97 -30433.5 10623.65
3.97 268.98888 137.41249 21605.972 -28204.6 2412.07 -30616.6 10715.006
3.98 265.88354 690.2844 21438.378 -28414.9 2384.22 -30799.1 10691.406
3.99 278.5488 -280.35252 21565.404 -28035.8 2497.79 -30533.6 10718.788
4 270.05315 540.62427 21546.696 -28173.8 2421.61 -30595.4 10733.862
4.01 266.31842 8.0118548 21535.135 -28349.9 2388.12 -30738 10754.909
4.02 276.31743 -287.11365 21546.759 -28074.8 2477.78 -30552.6 10773.969
4.03 267.1732 513.6558 21446.087 -28252.4 2395.78 -30648.1 10742.095
4.04 287.16331 -349.17709 21454.809 -28044.9 2575.04 -30620 10775.559
4.05 268.25098 -661.76586 21752.275 -28231.2 2405.45 -30636.6 10899.386
4.06 277.04168 516.81073 21291.517 -28187.6 2484.28 -30671.9 10773.69
4.07 284.63419 -306.1471 21410.183 -28155 2552.36 -30707.3 10828.657
4.08 271.07441 914.05289 21386.581 -28193.1 2430.77 -30623.9 10860.941
4.09 285.99859 1020.8588 21359.312 -28219.2 2564.59 -30783.8 10840.542
4.1 255.56301 96.516914 21503.657 -28372.3 2291.67 -30664 10942.555
4.11 276.67387 -322.76597 21667.458 -28213.3 2480.98 -30694.3 10968.619
4.12 268.93005 254.00833 21409.389 -28221.9 2411.54 -30633.5 10897.113
4.13 284.9733 434.70832 21277.696 -28006.6 2555.4 -30562 10871.357
4.14 281.06954 46.252093 21469.069 -28165.4 2520.4 -30685.8 11004.041
4.15 276.74666 -278.67623 21657.734 -28027.1 2481.63 -30508.7 11081.972
4.16 266.1725 179.95125 21421.23 -28419.4 2386.81 -30806.2 11034.911
4.17 274.45974 142.4207 21363.834 -28115.3 2461.12 -30576.5 10995.772
4.18 271.10208 282.77371 21330.662 -28303.1 2431.02 -30734.1 11008.615
4.19 279.0858 -247.00208 21600.912 -28176 2502.61 -30678.6 11109.866
4.2 272.63053 -438.29475 21499.23 -28399.9 2444.72 -30844.6 11118.472
4.21 288.80237 908.79651 21390.824 -28105.5 2589.74 -30695.2 11106.645
4.22 268.73704 120.45421 21348.723 -28301.2 2409.81 -30711 11110.039
4.23 279.60707 -190.47813 21431.967 -28189.7 2507.28 -30697 11193.051
4.24 281.38649 589.60857 21598.823 -28195.4 2523.24 -30718.7 11261.439
4.25 266.95719 -133.48571 21611.568 -28385.2 2393.85 -30779 11327.852
4.26 266.25842 -64.276605 21455.715 -28300.6 2387.58 -30688.2 11286.726
4.27 292.64501 123.78035 21445.739 -27939.1 2624.19 -30563.3 11306.181
4.28 270.94902 508.80774 21581.4 -28312.1 2429.64 -30741.8 11392.514
4.29 289.8862 -68.544667 21622.639 -27938.6 2599.46 -30538.1 11429.873
4.3 278.40004 560.64514 21628.646 -28228.3 2496.46 -30724.8 11488.086
4.31 287.8594 65.793399 21494.879 -27952.7 2581.28 -30533.9 11456.444
4.32 270.9665 -593.03544 21636.605 -28195 2429.8 -30624.8 11512.747
4.33 273.39781 90.540451 21615.229 -28227.3 2451.6 -30678.9 11470.361
4.34 281.2129 110.21314 21447.501 -28197.5 2521.68 -30719.2 11473.882
4.35 270.87765 577.7864 21226.245 -28323.8 2429 -30752.8 11387.447
4.36 277.71516 -363.87631 21361.937 -28146.4 2490.32 -30636.7 11479.319
4.37 264.58948 -189.53467 21438.238 -28370.4 2372.62 -30743 11585.833
4.38 261.00388 -364.03942 21770.777 -28257.6 2340.46 -30598 11734.89
4.39 286.65674 -235.3059 21557.606 -28169.7 2570.5 -30740.2 11657.374
4.4 270.21084 -1486.829 21810.15 -28261.5 2423.02 -30684.5 11739.086
4.41 271.70609 -460.05987 21378.115 -28212.9 2436.43 -30649.4 11634.018
4.42 265.56656 116.88597 21391.671 -28430.6 2381.38 -30812 11655.02
4.43 275.73576 -555.9247 21536.44 -28238.9 2472.57 -30711.4 11734.479
4.44 277.43972 -328.29392 21578.482 -28005.1 2487.85 -30493 11765.411
4.45 274.1231 -167.84998 21472.471 -28381 2458.11 -30839.1 11749.059
4.46 279.92687 -939.83673 21720.895 -28206.7 2510.15 -30716.9 11899.359
4.47 278.50433 -202.70325 21616.1 -28139.4 2497.39 -30636.8 11881.524
4.48 267.68269 784.25373 21447.917 -28373.7 2400.35 -30774.1 11860.458
4.49 277.64671 731.64373 21373.848 -28256.4 2489.7 -30746.1 11842.738
4.5 267.44855 -1099.8478 21601.829 -28328.5 2398.25 -30726.8 11919.184
4.51 283.98384 116.50255 21460.947 -28052.1 2546.53 -30598.6 11901.047
4.52 275.39946 -757.99545 21591.831 -28334.8 2469.55 -30804.4 12011.726
4.53 269.5951 -703.00557 21397.199 -28288.4 2417.5 -30705.9 11983.866
4.54 294.56404 -669.29325 21676.981 -28048 2641.4 -30689.4 12099.482
4.55 291.49416 -437.42242 21505.142 -28053.5 2613.87 -30667.4 12078.659
4.56 277.97121 254.84498 21415.129 -28169.7 2492.61 -30662.3 12053.775
4.57 290.27486 371.46271 21569.645 -28026.5 2602.94 -30629.4 12169.084
4.58 273.66814 85.656581 21265.081 -28224.3 2454.03 -30678.4 12076.578
4.59 271.44388 -912.19358 21656.961 -28207 2434.08 -30641.1 12275.181
4.6 276.27504 529.82975 21396.069 -28214.6 2477.4 -30692 12209.224
4.61 280.66244 664.68187 21257.795 -28133.6 2516.74 -30650.4 12240.545
4.62 281.44456 -41.639286 21488.86 -28050.6 2523.76 -30574.4 12332.898
4.63 276.49234 787.39336 21301.665 -28291.3 2479.35 -30770.6 12290.942
4.64 275.51633 607.57651 21446.765 -28059.5 2470.6 -30530.1 12398.675
4.65 279.60756 -172.58496 21732.253 -28116.7 2507.29 -30624 12511.581
4.66 280.14313 -645.94701 21423.665 -27919.4 2512.09 -30431.5 12469.794
4.67 260.25576 -1002.1691 21634.758 -28259.7 2333.75 -30593.4 12551.465
4.68 278.66445 314.18166 21530.654 -28064.1 2498.83 -30563 12513.386
4.69 269.76616 -452.86131 21635.299 -28295.5 2419.04 -30714.5 12585.671
4.7 270.52021 -458.3696 21586.351 -28235.8 2425.8 -30661.6 12638.118
4.71 273.53771 -1444.6289 21729.442 -28084 2452.86 -30536.9 12652.205
4.72 270.98513 -736.56335 21604.381 -28102.6 2429.97 -30532.6 12607.079
4.73 283.3861 349.08811 21538.238 -28137 2541.17 -30678.2 12595.203
4.74 260.88961 721.71612 21470.686 -28233.4 2339.44 -30572.8 12588.835
4.75 274.96639 -730.47808 21719.358 -28030.7 2465.67 -30496.4 12725.528
4.76 269.12577 333.3243 21454.953 -28241.7 2413.29 -30655 12586.307
4.77 281.36599 58.760143 21478.347 -28264.3 2523.05 -30787.4 12618.052
4.78 288.7946 117.49217 21497.931 -27904.6 2589.67 -30494.3 12662.984
4.79 266.55786 -12.821816 21625.741 -28250 2390.27 -30640.3 12792.261
4.8 268.42818 -711.66452 21537.879 -28416.1 2407.04 -30823.2 12784.293
4.81 276.32747 388.02944 21574.713 -28217.8 2477.87 -30695.7 12810.232
4.82 271.91686 -958.87131 21816.598 -28127.2 2438.32 -30565.5 12910.295
4.83 274.55768 -286.68604 21593.615 -28052.9 2462 -30514.9 12819.623
4.84 265.20283 36.482897 21642.704 -28266.8 2378.12 -30644.9 12826.179
4.85 287.26644 185.62859 21261.712 -28239.8 2575.96 -30815.8 12665.649
4.86 279.61795 -136.64838 21567.848 -28328.4 2507.38 -30835.8 12856.52
4.87 277.44058 610.22623 21336.717 -28084.7 2487.85 -30572.5 12756.99
4.88 287.49215 -247.74367 21446.724 -27933.5 2577.99 -30511.5 12854.616
4.89 268.55597 34.694466 21525.982 -28408.4 2408.18 -30816.6 12956.117
4.9 272.17599 -212.82279 21745.254 -28229.3 2440.65 -30669.9 13042.864
4.91 268.2599 185.15781 21550.178 -28437.7 2405.53 -30843.2 12954.534
4.92 276.54456 -327.4369 21521.055 -28080.4 2479.82 -30560.2 12936.716
4.93 267.13042 385.83009 21574.898 -28340.4 2395.4 -30735.9 12998.102
4.94 280.27358 -364.95341 21686.694 -28183.1 2513.26 -30696.4 13034.596
4.95 289.15467 97.479187 21415.978 -27971.4 2592.9 -30564.3 12946.195
4.96 269.49612 -323.54571 21600.084 -28443.4 2416.61 -30860 13006.977
4.97 270.70947 506.775 21375.928 -28155.3 2427.49 -30582.8 12944.866
4.98 268.6004 -838.77886 21671.043 -28094.8 2408.58 -30503.4 13065.688
4.99 279.10635 -246.96723 21394.587 -28271.2 2502.79 -30774 12961.614
5 279.46804 -152.02604 21558.225 -28017.1 2506.03 -30523.2 13023.572
5.01 279.09982 670.85438 21379.913 -28107 2502.73 -30609.7 12994.874
5.02 280.46729 252.03537 21547.692 -28197.2 2514.99 -30712.2 13107.412
5.03 271.64816 -536.3454 21647.709 -28351.4 2435.91 -30787.3 13167.384
5.04 277.0625 245.13152 21581.096 -28111.6 2484.46 -30596.1 13132.367
5.05 282.22296 -232.74217 21568.184 -28240 2530.74 -30770.7 13165.876
5.06 262.05962 9.045632 21699.576 -28103.8 2349.93 -30453.7 13291.422
5.07 264.30533 -823.16142 21514.094 -28283.4 2370.07 -30653.4 13246.722
5.08 277.12913 -148.35761 21378.475 -28129.4 2485.06 -30614.5 13233.919
5.09 271.72032 201.24212 21538.801 -28393.8 2436.56 -30830.4 13351.884
5.1 272.70908 793.96415 21339.853 -28142.3 2445.43 -30587.8 13288.814
5.11 275.55257 -70.30068 21508.036 -28171.8 2470.92 -30642.7 13391.95
5.12 263.73319 1352.8478 21288.138 -28234.6 2364.94 -30599.5 13325.506
5.13 272.85082 50.17671 21480.562 -28161.8 2446.7 -30608.5 13402.374
5.14 273.64307 287.22593 21478.891 -28413.4 2453.8 -30867.2 13404.288
5.15 274.24151 94.24086 21403.562 -28056.5 2459.17 -30515.7 13420.605
5.16 267.33134 665.40405 21402.528 -28325.3 2397.2 -30722.5 13433.457
5.17 258.7844 -1164.6687 21675.889 -28256.6 2320.56 -30577.1 13581.82
5.18 280.29194 296.73424 21624.132 -27959.8 2513.42 -30473.2 13625.381
5.19 267.86963 284.10717 21528.116 -28313.1 2402.03 -30715.1 13625.819
5.2 259.83512 -718.2887 21601.477 -28232.7 2329.98 -30562.7 13646.892
5.21 282.70751 1222.1646 21410.295 -27866 2535.08 -30401.1 13610.265
5.22 277.08473 363.02474 21402.543 -28293.5 2484.66 -30778.2 13641.359
5.23 269.10025 -850.82749 21733.932 -28167.3 2413.06 -30580.3 13812.198
5.24 282.32554 471.8338 21525.592 -28141.2 2531.66 -30672.9 13744.965
5.25 260.84713 -325.2421 21309.934 -28295.6 2339.06 -30634.7 13685.334
5.26 282.84714 -113.47184 21540.176 -28092.6 2536.34 -30629 13835.543
5.27 268.96555 -828.37087 21652.551 -28217.1 2411.86 -30628.9 13900.521
5.28 281.17362 -681.79672 21614.035 -28151.1 2521.33 -30672.4 13889.151
5.29 272.37597 -318.50252 21463.526 -28153.4 2442.44 -30595.8 13869.229
5.3 270.94191 -166.48913 21469.245 -28383.8 2429.58 -30813.4 13881.723
5.31 272.24423 -221.66356 21615.573 -28085 2441.26 -30526.3 13955.05
5.32 267.35765 -247.10755 21573.015 -28289.6 2397.44 -30687 13971.136
5.33 283.90947 183.46405 21662.282 -28138.2 2545.86 -30684.1 14055.068
5.34 278.59917 -253.87683 21557.933 -28021.9 2498.24 -30520.1 14066.597
5.35 276.31564 174.46754 21456.689 -28330.3 2477.77 -30808.1 14070.675
5.36 286.92773 1073.5122 21385.845 -28219.9 2572.93 -30792.8 14107.598
5.37 267.66601 112.35495 21389.6 -28433 2400.2 -30833.2 14147.332
5.38 279.83479 447.98906 21377.886 -28225.7 2509.32 -30735 14133.544
5.39 282.78299 -353.33728 21668.901 -28145.3 2535.76 -30681.1 14303.248
5.4 281.34743 306.19796 21411.078 -28174.3 2522.89 -30697.2 14234.912
5.41 281.39714 -761.5534 21556.036 -28151.7 2523.33 -30675 14287.714
5.42 284.5673 -550.8944 21424.296 -28283.1 2551.76 -30834.8 14256.638
5.43 271.3296 79.271636 21487.03 -28193.3 2433.06 -30626.4 14329.199
5.44 272.84026 -469.29136 21512.536 -28192 2446.6 -30638.6 14390.522
5.45 280.46734 127.56259 21548.359 -28025.2 2515 -30540.2 14413.74
5.46 271.11043 1746.2927 21439.894 -28200.7 2431.09 -30631.8 14429.799
5.47 260.20387 226.46363 21451.295 -28651.5 2333.29 -30984.8 14484.995
5.48 268.32446 -492.32228 21521.706 -28381.8 2406.11 -30787.9 14572.723
5.49 291.73013 -94.818602 21492.763 -27906.4 2615.99 -30522.3 14599.536
5.5 281.97689 684.8407 21308.069 -28147.2 2528.53 -30675.8 14522.559
5.51 274.33078 -419.85988 21561.23 -28289.6 2459.97 -30749.5 14707.634
5.52 280.47041 -380.69359 21614.104 -28003.2 2515.02 -30518.3 14761.496
5.53 279.42564 181.3101 21366.296 -28250.6 2505.65 -30756.3 14680.474
5.54 283.46766 812.82423 21335.084 -28158.9 2541.9 -30700.8 14699.671
5.55 262.82129 130.79431 21395.764 -28291.9 2356.76 -30648.7 14734.13
5.56 274.42612 36.716554 21464.001 -28313 2460.82 -30773.8 14824.69
5.57 266.70214 167.86293 21548.432 -28043.8 2391.56 -30435.3 14903.268
5.58 271.04718 639.0803 21374.145 -28287.5 2430.52 -30718.1 14826.716
5.59 285.27227 -1156.6662 21745.67 -28072.8 2558.08 -30630.9 15007.309
5.6 280.64121 253.91963 21329.939 -27970.1 2516.55 -30486.7 14899.026
5.61 269.93422 -217.30855 21381.194 -28219.8 2420.54 -30640.3 14974.782
5.62 274.40442 335.48297 21167.567 -28324.6 2460.63 -30785.2 14922.268
5.63 279.94789 -810.26584 21788.052 -28080.1 2510.34 -30590.4 15232.748
5.64 282.69628 116.18333 21439.847 -28192.1 2534.98 -30727.1 15084.407
5.65 271.70458 -113.60279 21417.176 -28275.9 2436.42 -30712.3 15117.163
5.66 275.65923 817.7475 21431.42 -28005.6 2471.88 -30477.4 15150.797
5.67 281.04293 -439.20303 21596.483 -28096.1 2520.16 -30616.2 15226.106
5.68 283.8227 519.1328 21453.756 -28101.3 2545.08 -30646.4 15203.696
5.69 259.53198 -574.65096 21586.223 -28433.3 2327.26 -30760.6 15274.291
5.7 280.46252 462.80221 21510.637 -28228.8 2514.95 -30743.7 15223.103
5.71 275.55047 -421.66265 21550.404 -28039.1 2470.9 -30510 15301.117
5.72 268.07933 16.417597 21425.437 -28295.2 2403.91 -30699.1 15234.258
5.73 269.04117 -792.56035 21667.934 -27987.6 2412.53 -30400.1 15383.981
5.74 273.8508 959.09051 21466.873 -28278 2455.66 -30733.7 15279.796
5.75 265.49491 -813.97192 21665.007 -28168.9 2380.74 -30549.6 15393.058
5.76 267.35146 -636.02491 21487.86 -28113.3 2397.38 -30510.6 15305.95
5.77 272.12046 -341.89222 21588.993 -28347.8 2440.15 -30788 15353.476
5.78 270.85731 -221.525 21559.048 -28280.3 2428.82 -30709.2 15352.042
5.79 283.14548 -600.00426 21595.756 -28106.5 2539.01 -30645.5 15322.121
5.8 268.34975 594.03731 21404.599 -28141.2 2406.33 -30547.5 15195.445
5.81 262.53445 134.9233 21636.954 -28254.8 2354.19 -30609 15331.724
5.82 280.92528 -556.47187 21408.118 -28188.1 2519.1 -30707.2 15259.138
5.83 277.72873 -632.7383 21582.024 -28198.8 2490.44 -30689.2 15380.398
5.84 273.41808 -501.49789 21639.618 -28099.3 2451.78 -30551.1 15431.751
5.85 285.95622 339.80884 21510.57 -28211.4 2564.21 -30775.6 15414.167
5.86 267.76988 -413.89416 21538.431 -28276.7 2401.14 -30677.8 15428.385
5.87 270.9637 -467.51626 21712.816 -28299.3 2429.77 -30729 15547.526
5.88 263.77996 -181.78295 21575.03 -28317.8 2365.36 -30683.2 15491.405
5.89 281.39302 -124.52417 21765.536 -27996.6 2523.3 -30519.9 15596.259
5.9 262.62714 -339.80166 21613.741 -28250.5 2355.02 -30605.5 15568.889
5.91 275.1043 -852.45842 21587.49 -28170.4 2466.9 -30637.3 15564.419
5.92 269.54728 -712.83355 21553.307 -28216.1 2417.07 -30633.2 15574.348
5.93 261.5725 -362.46532 21658.024 -28152.3 2345.56 -30497.9 15633.644
5.94 274.00469 -510.46259 21397.952 -28184.5 2457.04 -30641.5 15491.17
5.95 271.25288 244.04108 21439.19 -28135.1 2432.37 -30567.5 15577.433
5.96 288.89078 82.188458 21550.78 -28089.7 2590.53 -30680.2 15658.186
5.97 265.38575 797.61639 21204.656 -28288.2 2379.76 -30668 15512.657
5.98 283.44996 242.89399 21449.815 -28046.9 2541.74 -30588.6 15702.789
5.99 271.52092 -797.84392 21452.812 -28304.8 2434.77 -30739.5 15685.121
6 263.07425 -580.77864 21328.969 -28489.9 2359.03 -30848.9 15665.049
6.01 272.36427 700.59868 21501.345 -28078 2442.33 -30520.4 15763.918
6.02 282.71353 602.35697 21825.678 -28094.4 2535.14 -30629.6 15980.741
6.03 277.37109 -634.50798 21522.086 -28255 2487.23 -30742.3 15877.628
6.04 284.55761 -884.9499 21731.084 -28013 2551.67 -30564.7 16002.571
6.05 278.79309 -382.23068 21578.774 -28123.9 2499.98 -30623.9 15965.936
6.06 277.52927 412.02804 21521.346 -28138.2 2488.65 -30626.8 15957.612
6.07 265.1412 25.381946 21552.02 -28200.2 2377.56 -30577.7 16005.745
6.08 284.80219 766.85191 21520.434 -28107.2 2553.87 -30661.1 16022.185
6.09 272.27449 327.7435 21430.978 -28130.3 2441.53 -30571.9 15990.052
6.1 278.03593 287.43862 21621.033 -28249.6 2493.19 -30742.8 16110.946
6.11 286.25638 353.93411 21641.789 -28035.8 2566.91 -30602.7 16124.357
6.12 277.26394 212.85234 21449.129 -28234.6 2486.27 -30720.8 16120.709
6.13 280.68055 -334.50638 21585.968 -28114.1 2516.91 -30631 16300.647
6.14 278.717 -130.40045 21459.866 -28020.7 2499.3 -30520 16272.483
6.15 268.0539 1.2003681 21601.298 -28214 2403.68 -30617.7 16330.525
6.16 267.82387 -215.3863 21577.362 -28430.5 2401.62 -30832.1 16363.131
6.17 282.20708 546.86781 21469.948 -28251.5 2530.6 -30782.1 16307.634
6.18 268.38488 754.41896 21536.977 -28407.1 2406.65 -30813.7 16350.087
6.19 287.67531 717.36834 21348.75 -28091.3 2579.63 -30670.9 16244.877
6.2 276.674 237.27381 21616.892 -28224.6 2480.98 -30705.6 16394.189
6.21 285.44642 341.45552 21375.432 -28072.3 2559.64 -30632 16308.931
6.22 278.34505 438.1607 21416.669 -28269.6 2495.96 -30765.6 16323.203
6.23 262.01592 -687.57294 21627.59 -28464.9 2349.54 -30814.4 16493.691
6.24 288.62182 653.49462 21431.336 -28143.8 2588.12 -30731.9 16429.849
6.25 267.80884 287.91414 21632.053 -28414.3 2401.48 -30815.8 16493.058
6.26 286.14915 -827.40035 21741.37 -28097.2 2565.94 -30663.2 16614.074
6.27 272.35246 438.421 21364.673 -28403.3 2442.23 -30845.5 16398.911
6.28 277.49127 -676.40058 21753.172 -28137.1 2488.31 -30625.4 16678.321
6.29 266.64678 -18.433056 21580.239 -28174.4 2391.06 -30565.4 16649.775
6.3 268.43993 -220.36738 21625.751 -28253.9 2407.14 -30661.1 16704.832
6.31 273.13375 -428.91251 21530.059 -28383.8 2449.23 -30833 16735.81
6.32 270.4834 276.46098 21432.366 -28254.1 2425.47 -30679.6 16699.703
6.33 276.19909 -71.823302 21566.927 -28046.3 2476.72 -30523 16855.597
6.34 279.21793 -449.44687 21559.288 -28058.3 2503.79 -30562.1 16900.241
6.35 264.4397 537.86767 21440.24 -28339.6 2371.27 -30710.9 16908.774
6.36 273.74203 -32.715051 21548.347 -28264.4 2454.69 -30719.1 16990.901
6.37 285.18174 595.11596 21420.848 -28045.7 2557.27 -30602.9 16868.367
6.38 261.63721 -904.13467 21578.46 -28227.8 2346.14 -30573.9 17019.182
6.39 287.58386 855.82722 21517.524 -28100.8 2578.81 -30679.6 17053.716
6.4 283.4539 843.38522 21448.124 -28097.8 2541.78 -30639.5 17031.277
6.41 265.51347 40.00997 21491.368 -28152.7 2380.9 -30533.6 17055.276
6.42 268.69297 -549.47186 21586.39 -28300.6 2409.41 -30710 17170.981
6.43 262.68747 27.274483 21430.118 -28257.2 2355.56 -30612.8 17105.954
6.44 269.60548 63.999145 21503.872 -28018.5 2417.6 -30436.1 17180.933
6.45 287.71206 -683.23021 21661.594 -28036 2579.96 -30616 17293.669
6.46 265.08145 -938.13076 21572.684 -28148.1 2377.03 -30525.2 17277.158
6.47 285.5326 -1043.4652 21518.279 -27980.3 2560.42 -30540.7 17232.761
6.48 276.99359 -263.74707 21732.65 -28259.5 2483.85 -30743.4 17386.076
6.49 278.25225 -752.34348 21720.651 -28165.7 2495.13 -30660.9 17326.056
6.5 279.42202 831.72533 21439.068 -28015.6 2505.62 -30521.2 17171.003
6.51 274.17938 170.17089 21419.106 -28259.4 2458.61 -30718 17237.81
6.52 265.50068 -645.22041 21511.855 -28399.6 2380.79 -30780.4 17314.243
6.53 274.4446 540.93154 21583.444 -28260.2 2460.99 -30721.2 17327.177
6.54 273.0999 441.4598 21363.913 -28217.7 2448.93 -30666.6 17239.316
6.55 267.78681 387.3325 21539.131 -28187.3 2401.29 -30588.6 17346.461
6.56 278.01446 803.256 21561.701 -27963.9 2493 -30456.9 17382.01
6.57 276.13401 -208.47055 21622.3 -28078.8 2476.14 -30555 17446.142
6.58 266.92528 -133.02006 21707.153 -28373.4 2393.56 -30767 17575.006
6.59 271.6277 -390.84237 21431.376 -28239.6 2435.73 -30675.3 17489.719
6.6 272.77698 -641.6996 21457.763 -28272.4 2446.03 -30718.4 17498.915
6.61 284.89786 266.28657 21510.756 -28192 2554.72 -30746.7 17487.942
6.62 275.49426 -915.64313 21627.232 -28276.5 2470.4 -30746.9 17541.891
6.63 264.72101 -47.138633 21424.155 -28335.8 2373.8 -30709.6 17462.71
6.64 273.37234 43.23677 21492.328 -28153.6 2451.37 -30605 17523.694
6.65 281.4856 -989.48644 21658.926 -28070.8 2524.13 -30594.9 17660.669
6.66 272.84733 -192.49763 21440.978 -28512 2446.67 -30958.7 17592.4
6.67 271.46931 179.19238 21326.131 -28273.7 2434.31 -30708 17599.122
6.68 285.7113 1249.2184 21324.939 -28201.1 2562.02 -30763.1 17647.217
6.69 269.18378 -707.36553 21532.987 -28195.5 2413.81 -30609.3 17785.644
6.7 283.8559 451.70181 21405.698 -28143.9 2545.38 -30689.3 17766.972
6.71 257.78066 -525.22077 21493.215 -28480.4 2311.56 -30792 17804.584
6.72 283.72978 975.96602 21373.584 -28179.9 2544.25 -30724.1 17738.027
6.73 266.40562 773.061 21397 -28185.7 2388.9 -30574.6 17772.721
6.74 298.34924 1384.6096 21380.743 -27742 2675.35 -30417.4 17777.179
6.75 279.75218 108.16902 21406.77 -28116.5 2508.58 -30625.1 17819.076
6.76 262.20791 375.08461 21239.669 -28330.4 2351.26 -30681.6 17769.497
6.77 281.2016 -421.30614 21402.186 -28185.8 2521.58 -30707.4 17907.063
6.78 277.40998 -380.43634 21491.433 -28084.1 2487.58 -30571.7 17975.82
6.79 282.81016 -211.4751 21538.894 -28008.1 2536 -30544.1 18013.884
6.8 279.21508 -461.63808 21414.18 -28199.4 2503.77 -30703.2 17936.404
6.81 275.53252 -162.73684 21592.625 -28240.8 2470.74 -30711.6 18042.151
6.82 263.71404 542.52945 21381.134 -28339.8 2364.77 -30704.5 17969.341
6.83 274.40996 172.18233 21408.447 -28099.5 2460.68 -30560.2 18004.38
6.84 277.06338 204.16857 21426.331 -28084.3 2484.47 -30568.8 18033.325
6.85 276.86604 -836.65423 21613.486 -28147.6 2482.7 -30630.3 18266.018
6.86 269.87365 -583.58111 21409.477 -28361.2 2420 -30781.2 18228.89
6.87 265.74677 -64.322465 21586.72 -28253.1 2382.99 -30636.1 18359.936
6.88 284.12872 -277.40934 21615.746 -28123.2 2547.83 -30671 18367.835
6.89 270.58308 955.13969 21222.293 -28226.6 2426.36 -30653 18113.268
6.9 282.00101 -884.48532 21678.111 -28117.6 2528.75 -30646.3 18432.471
6.91 290.58127 274.2505 21590.031 -28186.1 2605.69 -30791.8 18471.639
6.92 283.1732 562.69264 21327.262 -28197.4 2539.26 -30736.7 18393.657
6.93 269.18388 155.46488 21466.852 -28188 2413.81 -30601.8 18519.614
6.94 272.5401 546.96348 21366.223 -28186.4 2443.91 -30630.4 18498.721
6.95 292.74154 -973.02067 21617.503 -27975.7 2625.06 -30600.8 18714.499
6.96 270.71983 -220.07542 21536.781 -28185.5 2427.59 -30613 18627.706
6.97 260.4272 149.83625 21563.398 -28465.4 2335.29 -30800.7 18709.536
6.98 279.70212 -640.70516 21654.557 -28076.8 2508.13 -30584.9 18750.044
6.99 274.13288 487.5148 21528.492 -28387.1 2458.19 -30845.3 18701.202
7 273.66669 -814.09995 21682.077 -28168.9 2454.01 -30622.9 18810.722
7.01 274.14639 476.96077 21468.748 -28214.2 2458.31 -30672.5 18699.79
7.02 276.03734 -198.1469 21637.875 -28159.1 2475.27 -30634.4 18846.739
7.03 269.09498 138.19061 21519.639 -28438.4 2413.02 -30851.5 18806.242
7.04 282.99305 -368.03368 21645.97 -28154.3 2537.64 -30692 18884.247
7.05 262.33839 220.90999 21477.705 -28315.2 2352.43 -30667.7 18798.212
7.06 286.54872 19.49263 21550.513 -27911 2569.53 -30480.5 18850.647
7.07 258.70205 -304.20064 21315.747 -28270.7 2319.82 -30590.5 18714.63
7.08 273.97478 835.81355 21247.413 -28332.7 2456.78 -30789.5 18713.703
7.09 274.63491 112.41625 21397.53 -28379.5 2462.69 -30842.2 18819.107
7.1 259.70428 -86.677655 21503.324 -28286.7 2328.81 -30615.5 18945.985
7.11 290.75914 524.55463 21402.494 -28135 2607.28 -30742.3 18878.229
7.12 269.62686 -384.11608 21640.862 -28308.9 2417.79 -30726.7 19108.469
7.13 279.64512 515.15791 21509.931 -28195.7 2507.62 -30703.3 18999.941
7.14 269.15061 58.396726 21554.389 -28197.4 2413.52 -30611 19003.239
7.15 291.57919 402.18207 21452.132 -28258.9 2614.64 -30873.5 18952.216
7.16 270.39337 -206.40205 21690.921 -28201.5 2424.66 -30626.2 19067.359
7.17 273.98325 24.762325 21386.977 -28116.1 2456.85 -30573 18897.458
7.18 261.7009 -411.24759 21401.099 -28362.6 2346.71 -30709.3 18978.628
7.19 275.25376 -456.00054 21598.539 -28113.1 2468.24 -30581.3 19138.945
7.2 287.37786 -253.69915 21375.987 -28179 2576.96 -30755.9 19012.671
7.21 273.9244 872.25255 21378.991 -28274.5 2456.32 -30730.9 19018.261
7.22 269.5392 23.944426 21370.724 -28287 2417 -30704 19045.247
7.23 272.69034 -753.08765 21516.526 -28282.4 2445.26 -30727.6 19165.875
7.24 284.22061 399.75018 21741.663 -28197.2 2548.65 -30745.8 19370.291
7.25 270.67626 92.177594 21437.081 -28445.3 2427.2 -30872.5 19227.21
7.26 272.49143 87.721589 21548.022 -28263.3 2443.47 -30706.7 19323.444
7.27 268.35745 19.045385 21461.973 -28257.4 2406.4 -30663.8 19322.188
7.28 276.26111 -1059.0612 21724.041 -28176.2 2477.28 -30653.5 19528.81
7.29 266.17848 474.28008 21444.134 -28309.6 2386.86 -30696.4 19312.24
7.3 268.90092 -787.09913 21857.671 -28287.1 2411.28 -30698.4 19585.316
7.31 270.7456 -76.652015 21586.204 -28245.5 2427.82 -30673.3 19481.693
7.32 282.3356 -181.97624 21687.002 -28133.8 2531.75 -30665.5 19542.833
7.33 270.89529 -119.80155 21496.476 -28283.8 2429.16 -30712.9 19432.736
7.34 275.32726 -56.192732 21611.561 -28155.6 2468.9 -30624.5 19468.479
7.35 280.58531 -78.86823 21546.885 -27981 2516.05 -30497 19478.826
7.36 274.88648 627.65046 21421.932 -28346.2 2464.95 -30811.1 19421.627
7.37 265.80228 686.0414 21479.145 -28109.7 2383.49 -30493.2 19443.805
7.38 265.40892 167.85026 21459.829 -28327.5 2379.96 -30707.5 19371.285
7.39 270.26101 821.79119 21287.348 -28197.5 2423.47 -30621 19304.147
7.4 274.40825 -14.495983 21436.246 -28126.3 2460.66 -30586.9 19435.444
7.41 280.82907 212.18635 21506.515 -28199.1 2518.24 -30717.3 19492.267
7.42 292.90696 310.08538 21732.138 -28027.9 2626.54 -30654.4 19629.367
7.43 279.09747 876.7305 21458.958 -28180.7 2502.71 -30683.4 19438.17
7.44 274.34655 125.45427 21428.286 -28388.7 2460.11 -30848.9 19473.101
7.45 276.20782 521.28657 21323.894 -28274.9 2476.8 -30751.7 19381.861
7.46 263.90117 -359.04572 21700.807 -28229.3 2366.44 -30595.8 19634.101
7.47 280.41995 -90.650894 21641.818 -28177.6 2514.57 -30692.2 19635.382
7.48 264.08603 480.66895 21480.923 -28359.3 2368.1 -30727.4 19582.038
7.49 272.0714 -675.37356 21638.452 -28308.3 2439.71 -30748 19659.859
7.5 269.52123 137.4924 21586.634 -28308.1 2416.84 -30724.9 19624.979
7.51 283.89398 -394.60473 21641.695 -28140.7 2545.72 -30686.4 19663.295
7.52 278.67762 -214.00897 21508.924 -28291.4 2498.95 -30790.3 19567.901
7.53 289.06379 -57.401779 21473.729 -28228.3 2592.08 -30820.4 19636.377
7.54 278.59808 173.60613 21292.504 -28100.5 2498.23 -30598.8 19556.168
7.55 276.99977 1472.6815 21291.823 -28254.7 2483.9 -30738.6 19589.526
7.56 278.01615 39.500849 21519.516 -28041 2493.01 -30534 19746.394
7.57 277.56466 590.97412 21375.486 -28095.6 2488.97 -30584.6 19614.577
7.58 275.63408 533.34152 21433.784 -28202.5 2471.65 -30674.2 19656.912
7.59 263.4046 -474.40471 21502.46 -28094.9 2361.99 -30456.9 19708.368
7.6 273.13535 176.37713 21532.43 -28220.7 2449.25 -30670 19749.263
7.61 285.9801 135.46761 21550.01 -28093.6 2564.43 -30658 19803.76
7.62 279.54629 13.956915 21506.786 -28266.5 2506.74 -30773.3 19777.802
7.63 265.51839 -1002.5533 21502.428 -28358.5 2380.95 -30739.4 19802.069
7.64 265.92601 -600.12948 21641.109 -28308.2 2384.6 -30692.8 19852.465
7.65 274.60393 -354.18273 21538.283 -28174.3 2462.42 -30636.7 19845.797
7.66 279.33991 146.38986 21580.587 -28049.5 2504.89 -30554.4 19867.09
7.67 260.40327 -311.36792 21568.862 -28295.3 2335.08 -30630.4 19878.455
7.68 283.38144 288.13768 21377.255 -28099.9 2541.13 -30641.1 19809.596
7.69 266.33572 113.63869 21510.832 -28220 2388.27 -30608.3 19964.965
7.7 283.86707 214.10357 21514.744 -28086.5 2545.48 -30632 19999.214
7.71 275.51356 -148.60978 21473.283 -28287.8 2470.57 -30758.3 20027.171
7.72 275.70363 1432.7938 21240.857 -28146.9 2472.28 -30619.2 19931.076
7.73 274.58601 -260.0722 21511.78 -28108.3 2462.26 -30570.5 20115.28
7.74 272.54625 629.259 21486.084 -28226.9 2443.97 -30670.8 20082.71
7.75 283.18603 131.47112 21584.56 -28053.3 2539.37 -30592.6 20199.113
7.76 277.73648 1268.4161 21187.584 -28349.4 2490.51 -30839.9 19971.516
7.77 272.53573 -472.37192 21683.844 -28160.2 2443.87 -30604.1 20339.658
7.78 278.82111 90.420295 21343.905 -28182.3 2500.23 -30682.5 20149.264
7.79 265.4961 121.39735 21389.721 -28378.6 2380.75 -30759.3 20191.981
7.8 277.88446 970.20453 21269.156 -28101.8 2491.83 -30593.6 20220.425
7.81 268.43867 -1251.1781 21707.74 -28296.4 2407.13 -30703.5 20505.369
7.82 277.98053 -637.18892 21536.653 -28117.3 2492.7 -30610 20448.591
7.83 263.55269 426.37646 21447.856 -28360.9 2363.32 -30724.3 20406.677
7.84 268.36715 688.51081 21173.175 -28305.3 2406.49 -30711.8 20281.306
7.85 280.10391 -610.02555 21605.536 -28154.2 2511.74 -30665.9 20591.122
7.86 273.07343 218.49582 21407.194 -28267.3 2448.69 -30716 20475.868
7.87 279.81199 -199.24843 21630.764 -28143.2 2509.12 -30652.3 20685.624
7.88 269.58375 53.992514 21493.589 -28200.4 2417.4 -30617.8 20614.295
7.89 253.88737 465.14751 21440.265 -28386.3 2276.65 -30663 20612.885
7.9 265.46627 -35.900019 21512.351 -28291.3 2380.48 -30671.8 20680.801
7.91 274.82535 402.31904 21439.512 -28320.5 2464.4 -30784.9 20684.891
7.92 278.32106 498.30771 21339.726 -28198.2 2495.75 -30694 20623.841
7.93 280.00039 919.88612 21319.71 -28072.7 2510.81 -30583.5 20629.437
7.94 265.87543 -502.82942 21491.632 -28156.9 2384.15 -30541.1 20801.748
7.95 275.55601 -348.37986 21546.02 -28183.5 2470.95 -30654.4 20884.634
7.96 274.48047 -228.92483 21585.644 -28206.7 2461.31 -30668 20941.541
7.97 271.52537 -268.86553 21503.893 -28418.2 2434.81 -30853 20930.732
7.98 275.93362 -637.20947 21559.068 -28338 2474.34 -30812.3 21009.314
7.99 279.91293 419.14416 21360.275 -28067.1 2510.02 -30577.2 20889.076
8 273.50943 -43.449596 21471.273 -28281.5 2452.6 -30734.1 20992.927
8.01 275.87947 157.51668 21466.347 -28230.9 2473.86 -30704.8 21010.184
8.02 275.71898 77.303742 21564.492 -28171.9 2472.42 -30644.3 21071.996
8.03 288.97194 335.6006 21592.994 -28153.1 2591.26 -30744.4 21127.275
8.04 275.41343 -627.01157 21694.363 -28091 2469.68 -30560.7 21203.327
8.05 257.35962 -239.31192 21601.015 -28286.5 2307.78 -30594.3 21172.066
8.06 287.8496 571.44155 21400.659 -28004.2 2581.19 -30585.4 21106.359
8.07 279.69174 34.501468 21536.149 -28188.7 2508.04 -30696.8 21260.065
8.08 293.38012 620.23784 21481.477 -28222.9 2630.79 -30853.7 21270.238
8.09 276.00791 -67.237226 21548.825 -27958.1 2475.01 -30433.1 21392.275
8.1 272.97063 619.43417 21388.276 -28350.7 2447.77 -30798.5 21318.636
8.11 265.24344 587.47446 21457.539 -28290.5 2378.48 -30669 21345.037
8.12 274.57413 -897.4227 21603.393 -28211.4 2462.15 -30673.6 21446.417
8.13 269.98519 -35.866046 21536.193 -28179.8 2421 -30600.8 21357.01
8.14 267.66543 92.764675 21555.262 -28338.3 2400.2 -30738.5 21376.871
8.15 278.03429 -31.312724 21456.182 -27894.5 2493.18 -30387.7 21341.233
8.16 283.45871 -808.60071 21732.377 -28194.3 2541.82 -30736.2 21545.987
8.17 274.29374 -1230.6107 21851.373 -28369.3 2459.64 -30829 21668.675
8.18 281.27968 66.581422 21661.408 -28222.1 2522.28 -30744.4 21562.902
8.19 268.3222 -478.14439 21557.694 -28145.2 2406.09 -30551.2 21525.561
8.2 286.65828 537.19314 21430.698 -28028.1 2570.51 -30598.7 21514.179
8.21 287.79025 -187.18199 21452.542 -28268.1 2580.66 -30848.7 21587.496
8.22 279.10873 254.86485 21391.283 -28085.6 2502.81 -30588.4 21621.791
8.23 284.17673 -413.49231 21703.437 -28225.9 2548.26 -30774.2 21881.525
8.24 282.18349 -619.78718 21448.968 -28037.9 2530.38 -30568.3 21728.723
8.25 285.25195 -470.88159 21369.664 -28095.7 2557.9 -30653.6 21688.014
8.26 277.13173 939.26179 21478.737 -28062.3 2485.08 -30547.4 21821.869
8.27 284.2084 976.42575 21270.231 -28327.6 2548.54 -30876.1 21678.927
8.28 272.11468 40.937815 21452.661 -28206.3 2440.1 -30646.4 21811.994
8.29 268.14129 -216.52157 21467.449 -28258.4 2404.47 -30662.9 21888.44
8.3 290.77648 -174.59618 21322.367 -28108.8 2607.44 -30716.3 21848.965
8.31 277.00209 -503.81259 21653.881 -28091.6 2483.92 -30575.5 22065.504
8.32 271.19827 -376.78033 21470.154 -28306.9 2431.88 -30738.7 21924.225
8.33 273.17108 711.16891 21423.532 -28154.9 2449.57 -30604.5 21912.399
8.34 267.20348 519.52581 21589.122 -28220.7 2396.06 -30616.8 21999.062
8.35 273.10217 -50.480601 21633.524 -28150.4 2448.95 -30599.3 22100.397
8.36 275.60952 -675.93291 21658.595 -28384.9 2471.43 -30856.3 22139.721
8.37 275.09655 234.18627 21428.004 -28100.3 2466.83 -30567.1 21960.916
8.38 277.50602 457.16508 21536.996 -28183.6 2488.44 -30672 22120.151
8.39 266.38186 -422.39519 21787.474 -28401.7 2388.69 -30790.3 22309.902
8.4 271.82545 392.61435 21312.356 -28198.6 2437.5 -30636.1 22002.593
8.41 275.5172 -563.35232 21634.58 -27995.3 2470.61 -30465.9 22272.305
8.42 284.73301 -137.84365 21577.979 -28103.3 2553.25 -30656.6 22232.882
8.43 274.94236 419.38383 21512.182 -28241.9 2465.45 -30707.3 22190.601
8.44 269.84596 -813.17728 21552.874 -28394.8 2419.75 -30814.5 22237.009
8.45 276.51913 -595.59173 21462.875 -28018.2 2479.59 -30497.7 22212.976
8.46 274.88567 565.97828 21472.539 -28172.2 2464.94 -30637.2 22330.529
8.47 265.47978 25.642793 21571.733 -28246.7 2380.6 -30627.3 22472.1
8.48 279.06989 563.72954 21468.74 -28068.4 2502.46 -30570.8 22361.417
8.49 262.51471 84.645109 21381.548 -28391.1 2354.01 -30745.2 22349.878
8.5 270.63103 -299.6539 21419.199 -28112.3 2426.79 -30539.1 22347.426
8.51 282.0067 -247.94324 21480.55 -28108.5 2528.8 -30637.3 22446.032
8.52 269.21242 78.889778 21467.72 -28260.1 2414.07 -30674.2 22418.84
8.53 267.44483 -723.77348 21633.165 -28039.7 2398.22 -30437.9 22579.402
8.54 267.16251 340.15413 21496.394 -28090.4 2395.69 -30486.1 22484.051
8.55 277.90602 51.558283 21293.452 -28238.9 2492.03 -30730.9 22378.549
8.56 274.42968 -810.75952 21613.384 -28134.9 2460.85 -30595.8 22637.776
8.57 275.94165 155.62359 21452.935 -28084.2 2474.41 -30558.6 22530.165
8.58 274.79178 80.089822 21623.317 -28395.9 2464.1 -30860 22758.464
8.59 277.24815 676.687 21521.478 -28287.6 2486.13 -30773.8 22701.057
8.6 270.68676 346.34528 21548.508 -28209.6 2427.29 -30636.9 22743.217
8.61 279.38088 1056.1138 21201.555 -28410.8 2505.25 -30916 22528.179
8.62 282.4915 -358.65167 21733.618 -28095.4 2533.15 -30628.5 22908.136
8.63 273.94964 227.35142 21389.266 -28183.7 2456.55 -30640.3 22715.676
8.64 263.29553 60.763016 21636.441 -28287.7 2361.01 -30648.7 22982.457
8.65 274.14707 277.31253 21792.249 -28064.9 2458.32 -30523.2 23124.518
8.66 264.49366 937.61991 21297.222 -28224.7 2371.76 -30596.4 22721.52
8.67 295.32289 -55.215302 21561.321 -28034.2 2648.21 -30682.4 22904.343
8.68 260.15093 -641.39963 21575.034 -28304.7 2332.81 -30637.5 22925.129
8.69 270.80104 301.8246 21342.589 -28297.7 2428.32 -30726 22772.979
8.7 270.70824 12.453586 21348.863 -28103.7 2427.48 -30531.2 22782.038
8.71 295.02137 679.69678 21257.708 -27963.4 2645.5 -30609 22744.735
8.72 282.75969 -1322.9432 21677.321 -28172.1 2535.55 -30707.6 23095.185
8.73 292.60094 823.7533 21460.507 -28066.7 2623.8 -30690.5 22940.374
8.74 281.32484 729.63895 21309.35 -28316.7 2522.68 -30839.4 22834.703
8.75 280.4837 249.66094 21603.365 -28102.7 2515.14 -30617.8 23019.326
8.76 275.10576 394.79918 21413.158 -28023.2 2466.92 -30490.2 22914.805
8.77 265.31113 290.50628 21488.005 -28280.2 2379.09 -30659.3 23013.872
8.78 274.12024 -454.1001 21565.542 -28275.7 2458.08 -30733.8 23064.189
8.79 291.97817 578.56274 21509.499 -28029.3 2618.21 -30647.5 23102.316
8.8 276.3653 -4.3547963 21684.762 -28099.8 2478.21 -30578 23292.853
8.81 274.37166 -550.36333 21507.34 -27938.9 2460.33 -30399.2 23197.294
8.82 288.46902 372.81477 21417.011 -28102.9 2586.75 -30689.7 23148.589
8.83 273.62207 -444.85275 21371.478 -28370.7 2453.61 -30824.3 23187.286
8.84 272.9585 -825.92654 21458.494 -28174.2 2447.66 -30621.9 23279.393
8.85 267.66331 -337.13579 21448.28 -28277.2 2400.18 -30677.4 23264.38
8.86 277.28234 389.94862 21448.771 -27965 2486.43 -30451.4 23340.734
8.87 270.19412 -347.89533 21788.179 -28275.6 2422.87 -30698.4 23632.497
8.88 277.90057 -19.497883 21504.697 -28215.9 2491.98 -30707.9 23488.09
8.89 277.97891 -458.47395 21570.138 -28136.6 2492.68 -30629.3 23559.311
8.9 275.08673 50.569102 21594.436 -28240.8 2466.75 -30707.5 23543.755
8.91 276.27712 193.80499 21496.821 -28079.9 2477.42 -30557.3 23453.822
8.92 282.44394 62.860769 21612.729 -28053.2 2532.72 -30586 23549.201
8.93 273.89071 -162.72332 21577.684 -28246.5 2456.02 -30702.5 23480.571
8.94 280.96966 270.74813 21417.218 -28156.4 2519.5 -30675.9 23356.836
8.95 286.50831 5.9239844 21537.63 -28299.8 2569.17 -30868.9 23514.71
8.96 282.54483 729.58167 21493.125 -28219.7 2533.62 -30753.4 23566.3
8.97 289.48284 217.37174 21359.736 -28224.4 2595.84 -30820.2 23538.946
8.98 272.40966 -24.584346 21546.95 -28280.9 2442.74 -30723.6 23731.006
8.99 273.6162 108.98192 21525.177 -28273.2 2453.56 -30726.8 23707.458
9 289.66678 -179.25972 21405.63 -28151.6 2597.49 -30749.1 23708.914
9.01 261.51081 -2.8580969 21359.446 -28429.6 2345.01 -30774.7 23706.471
9.02 274.59988 -813.20655 21593.952 -28064.6 2462.38 -30527 23920.081
9.03 273.84456 -791.27008 21567.955 -28214.7 2455.61 -30670.3 23974.38
9.04 258.4275 759.83113 21385.458 -28318.5 2317.36 -30635.9 23850.102
9.05 275.11263 130.65469 21397.175 -28284.1 2466.98 -30751.1 23943.967
9.06 272.04481 -322.0042 21656.953 -28282.2 2439.47 -30721.7 24158.038
9.07 275.75953 -305.62321 21496.054 -27936.9 2472.78 -30409.7 24118.733
9.08 270.09491 -1035.9191 21556.754 -28143.9 2421.98 -30565.9 24242.113
9.09 270.05654 -456.48847 21739.956 -28127.6 2421.64 -30549.3 24341.294
9.1 265.65595 779.26843 21303.813 -28507 2382.18 -30889.2 24002.184
9.11 278.99741 554.63783 21417.238 -28296.2 2501.81 -30798 24098.805
9.12 274.68296 309.67918 21440.65 -28101.8 2463.13 -30564.9 24228.14
9.13 276.26994 -445.53211 21521.462 -28167.8 2477.36 -30645.2 24351.446
9.14 280.09913 -350.45262 21313.71 -28235.1 2511.69 -30746.8 24183.928
9.15 276.94322 776.99834 21266.893 -27973.8 2483.39 -30457.2 24142.923
9.16 266.36836 537.21568 21438.054 -28178.3 2388.57 -30566.9 24286.561
9.17 283.47964 502.53827 21508.593 -27974.7 2542.01 -30516.7 24348.969
9.18 266.79318 -800.44792 21490.975 -28273.9 2392.38 -30666.2 24379.664
9.19 289.32295 621.93094 21403.461 -28004.1 2594.4 -30598.5 24326.937
9.2 283.45066 150.43572 21575.325 -28125.4 2541.75 -30667.2 24486.577
9.21 278.06095 -915.17112 21799.772 -27937.8 2493.42 -30431.2 24763.93
9.22 267.02842 337.26132 21647.425 -28289 2394.49 -30683.5 24669.095
9.23 266.34083 28.897247 21664.471 -28303.8 2388.32 -30692.2 24767.678
9.24 271.07464 209.24431 21390.206 -28203.3 2430.77 -30634.1 24560.727
9.25 273.27408 -1585.0894 21737.03 -28138.4 2450.49 -30588.9 24871.521
9.26 265.56466 277.04742 21373.05 -28222.7 2381.36 -30604.1 24599.82
9.27 272.36585 -330.30936 21589.031 -28093.6 2442.35 -30535.9 24770.122
9.28 279.31675 80.789024 21521.092 -28242.3 2504.68 -30747 24735.285
9.29 273.55213 509.85971 21373.025 -28272 2452.99 -30725 24644.564
9.3 264.68204 -319.8346 21551.949 -28356.5 2373.45 -30730 24828.212
9.31 261.1515 -124.24975 21281.699 -28384.9 2341.79 -30726.7 24669.609
9.32 273.15362 776.68072 21465.775 -28097.1 2449.41 -30546.5 24818.168
9.33 268.73264 233.2167 21480.234 -28326.8 2409.77 -30736.6 24859.687
9.34 273.49915 1024.1332 21335.115 -28258.5 2452.51 -30711 24729.661
9.35 273.42732 215.04416 21473.65 -28237 2451.87 -30688.9 24869.024
9.36 260.5461 -427.36279 21616.263 -28246.6 2336.36 -30583 24967.247
9.37 258.70837 -345.45023 21388.46 -28626.7 2319.88 -30946.6 24798.461
9.38 280.94102 -18.728188 21437.689 -28261.9 2519.24 -30781.2 24849.136
9.39 271.88392 -1176.5811 21481.077 -28314.7 2438.03 -30752.8 24910.248
9.4 260.72057 -649.29174 21900.3 -28271.8 2337.92 -30609.7 25294.578
9.41 275.93646 -82.53819 21390.936 -28326.8 2474.37 -30801.2 24924.743
9.42 265.56431 618.80086 21263.113 -28305.6 2381.36 -30687 24887.258
9.43 263.32297 -25.293545 21260.194 -28318.7 2361.26 -30679.9 24972.531
9.44 275.2377 -780.5958 21468.605 -28112.7 2468.1 -30580.8 25180.965
9.45 278.43276 400.25674 21527.413 -28109.2 2496.75 -30606 25301.002
9.46 278.82557 276.86237 21597.949 -28092.8 2500.27 -30593.1 25333.991
9.47 260.17484 434.29271 21511.378 -28446 2333.03 -30779 25308.63
9.48 290.68172 -222.8485 21268.506 -28093.4 2606.59 -30700 25163.751
9.49 280.44008 336.52035 21363.902 -28075.8 2514.75 -30590.5 25261.67
9.5 278.37753 458.34392 21489.367 -28123.4 2496.26 -30619.7 25369.428
9.51 267.21552 971.92763 21390.498 -28282.4 2396.16 -30678.6 25323.165
9.52 280.16977 464.58189 21645.342 -28258.1 2512.33 -30770.4 25592.364
9.53 273.44389 -278.53398 21564.251 -28137.5 2452.01 -30589.5 25531.627
9.54 265.91023 242.42601 21498.615 -28282 2384.46 -30666.5 25480.242
9.55 282.19862 -104.36638 21355.931 -28148.2 2530.52 -30678.7 25440.139
9.56 281.56218 749.12336 21356.18 -28224.7 2524.81 -30749.5 25471.399
9.57 275.70731 -732.20471 21596.616 -28142.8 2472.31 -30615.1 25671.459
9.58 278.44088 105.38005 21477.24 -28194.6 2496.82 -30691.4 25646.776
9.59 279.58529 372.9872 21540.389 -28031.8 2507.09 -30538.8 25777.358
9.6 267.09427 -504.98254 21849.136 -28138.4 2395.08 -30533.5 25990.013
9.61 276.31833 1015.4069 21197.39 -28202.6 2477.79 -30680.4 25489.652
9.62 269.76902 179.36335 21501.941 -28284.1 2419.06 -30703.1 25766.315
9.63 270.81159 -219.08604 21561.764 -28138 2428.41 -30566.4 25771.128
9.64 273.88609 606.8459 21557.477 -28032 2455.98 -30488 25708.752
9.65 284.00308 96.892693 21546.129 -28278.1 2546.7 -30824.8 25674.355
9.66 276.28119 421.55669 21310.256 -28158 2477.46 -30635.5 25541.733
9.67 281.47673 773.54392 21282.9 -27953.1 2524.05 -30477.1 25516.805
9.68 260.01939 -146.7726 21311.526 -28363.4 2331.64 -30695.1 25589.089
9.69 280.68246 774.28185 21162.688 -28313.3 2516.92 -30830.2 25475.429
9.7 265.15866 -750.14386 21726.27 -28114.5 2377.72 -30492.2 25903.973
9.71 280.22674 -164.49496 21506.383 -28132.6 2512.84 -30645.5 25843.098
9.72 283.05018 249.22667 21720.933 -28112.3 2538.16 -30650.5 26013.556
9.73 267.09139 -158.34863 21583.141 -28362.4 2395.05 -30757.5 25917.13
9.74 277.78035 890.91087 21425.471 -28180.2 2490.9 -30671.1 25821.113
9.75 260.32115 268.07246 21497.409 -28133.7 2334.34 -30468.1 25912.913
9.76 295.55187 -10.192361 21638.258 -27918.1 2650.26 -30568.4 26048.42
9.77 254.56902 121.31526 21245.415 -28341.6 2282.76 -30624.4 25791.158
9.78 272.60313 -836.41278 21529.585 -28119.6 2444.48 -30564.1 26097.09
9.79 261.85062 247.98059 21326.154 -28242 2348.06 -30590.1 25952.897
9.8 267.0102 130.04022 21419.387 -28216.2 2394.32 -30610.5 26059.858
9.81 280.56593 -561.8496 21506.633 -28220.2 2515.88 -30736.1 26178.495
9.82 267.80158 130.49912 21516.905 -28234.9 2401.42 -30636.3 26274.835
9.83 275.53117 84.065863 21638.063 -28172.4 2470.73 -30643.2 26389.516
9.84 272.61419 274.43966 21389.041 -28181.5 2444.57 -30626 26258.789
9.85 278.07106 358.29183 21371.657 -28224.4 2493.51 -30717.9 26255.489
9.86 291.9894 -493.48719 21664.976 -27934.8 2618.32 -30553.1 26489.874
9.87 281.30082 275.15683 21737.451 -28264.5 2522.47 -30787 26540.496
9.88 270.15203 128.63702 21546.774 -28232.2 2422.5 -30654.7 26388.593
9.89 281.07939 -430.03202 21615.232 -28215.8 2520.48 -30736.3 26545.649
9.9 266.65686 132.37097 21495.697 -28198.2 2391.15 -30589.3 26435.739
9.91 275.7418 -23.622815 21542.616 -28134.7 2472.62 -30607.3 26586.651
9.92 280.49365 -475.21502 21700.211 -28137.6 2515.23 -30652.8 26692.42
9.93 280.43354 -374.12168 21554.651 -28105.4 2514.69 -30620.1 26606.879
9.94 279.5448 -66.043146 21297.752 -28313.6 2506.72 -30820.3 26447.145
9.95 282.48904 -225.51159 21514.79 -28246.7 2533.12 -30779.9 26733.074
9.96 277.01568 -20.594042 21531.77 -28179 2484.04 -30663.1 26767.409
9.97 276.30553 425.07888 21359.124 -28170.3 2477.68 -30648 26598.954
9.98 278.21997 -598.23177 21572.524 -28109.8 2494.84 -30604.7 26828.718
