0 266.24181 -129.22874 46371.454 -63517.2 5070.39 -68587.6 10.162411
0.01 265.35839 -303.44136 46490.762 -63720.1 5053.56 -68773.6 22.217518
0.02 269.77345 406.51002 46252.544 -63881.2 5137.65 -69018.8 31.206802
0.03 269.51814 350.88686 46371.374 -63966.8 5132.78 -69099.6 41.364603
0.04 269.16609 -765.00957 46745.783 -63769.8 5126.08 -68895.9 53.153468
0.05 265.14686 -821.23545 46644.688 -63763 5049.54 -68812.6 59.999249
0.06 272.37069 268.78024 46021.145 -63469.7 5187.11 -68656.8 70.096361
0.07 272.64277 -480.90751 46525.49 -63697.2 5192.29 -68889.5 78.742432
0.08 267.45233 -197.78501 46371.975 -63492.4 5093.44 -68585.8 85.294593
0.09 267.31149 757.58784 45882.565 -63790.3 5090.76 -68881 91.842414
0.1 272.31105 -408.73626 46714.121 -63538.7 5185.97 -68724.7 101.71444
0.11 275.02204 135.27247 46320.59 -63735.3 5237.6 -68972.9 112.50038
0.12 275.32388 135.22253 46167.994 -63842.8 5243.35 -69086.2 119.39047
0.13 257.77455 255.15353 46234.138 -64499.9 4909.14 -69409.1 125.97518
0.14 268.76112 -26.361673 46538.659 -64048.9 5118.37 -69167.3 131.94478
0.15 266.5181 741.34717 46067.923 -64226.7 5075.65 -69302.3 138.78794
0.16 267.35054 61.611005 46392.812 -64276.3 5091.5 -69367.8 145.34143
0.17 263.76321 -361.31273 46887.391 -64257.5 5023.19 -69280.6 154.15519
0.18 264.47324 -242.19599 46615.923 -64494.3 5036.71 -69531 159.37489
0.19 274.47701 -247.93791 46540.547 -64372.1 5227.22 -69599.3 163.96758
0.2 263.16139 77.149644 46243.622 -64299.1 5011.72 -69310.9 171.8908
0.21 266.81806 254.09669 46239.83 -64769.4 5081.36 -69850.7 177.03014
0.22 268.75841 504.13277 46224.043 -64555.8 5118.32 -69674.2 185.52151
0.23 268.44992 -267.74606 46762.775 -64790.5 5112.44 -69903 192.86876
0.24 264.49056 299.19468 46341.01 -64756.9 5037.04 -69793.9 196.49719
0.25 261.74683 327.7676 46311.796 -64994.2 4984.78 -69978.9 199.34711
0.26 264.47855 -430.71942 46794.489 -64618.9 5036.81 -69655.7 205.77143
0.27 269.07985 -301.76381 46513.199 -64905.3 5124.44 -70029.7 209.3095
0.28 272.00001 283.88882 46369.955 -64784.5 5180.05 -69964.5 213.38757
0.29 267.21311 676.47675 46084.006 -65003.6 5088.89 -70092.5 216.26404
0.3 266.57836 456.29873 46351.202 -64907.3 5076.8 -69984.1 221.8736
0.31 272.17964 -179.91618 46644.655 -65103.7 5183.47 -70287.2 226.25452
0.32 271.85068 -577.27285 46895.008 -65135.1 5177.21 -70312.3 231.98722
0.33 260.03967 92.340917 46514.289 -65397.5 4952.27 -70349.8 235.23729
0.34 262.40232 -871.91087 47068.59 -65462.6 4997.27 -70459.8 240.823
0.35 270.34749 -29.040868 46525.77 -65332.1 5148.58 -70480.7 244.37269
0.36 274.37371 -197.45891 46650.705 -65649.1 5225.26 -70874.4 247.45313
0.37 276.69699 87.198057 46755.264 -65379.6 5269.5 -70649.1 249.95438
0.38 266.4329 342.29664 46486.825 -65546.6 5074.03 -70620.6 253.85348
0.39 271.53276 -172.43088 46811.704 -65063.2 5171.15 -70234.4 256.37782
0.4 268.86644 -212.99177 46810.159 -65560.3 5120.37 -70680.7 259.77813
0.41 263.72403 -661.26571 46990.265 -65920.7 5022.44 -70943.1 263.18313
0.42 276.81273 149.14413 46366.801 -65548.8 5271.7 -70820.5 265.40824
0.43 263.47777 432.26237 46438.207 -65878.4 5017.75 -70896.2 271.91394
0.44 268.20046 158.41155 46345.702 -65243.9 5107.69 -70351.6 274.72377
0.45 267.75801 563.02442 46387.982 -65570.6 5099.26 -70669.8 275.86813
0.46 264.01196 -766.07768 46850.281 -65826.2 5027.92 -70854.1 279.1984
0.47 267.67529 -362.59205 46892.446 -65893.5 5097.69 -70991.2 281.91422
0.48 275.02911 17.833344 46655.024 -65585 5237.74 -70822.8 283.4945
0.49 265.96723 -342.92568 46699.917 -66005.5 5065.16 -71070.6 283.60431
0.5 280.66182 160.8187 46429.056 -65775.9 5345.01 -71120.9 285.91497
0.51 277.36583 614.55984 46220.464 -66146.9 5282.24 -71429.1 286.45672
0.52 267.79869 -167.10515 46755.953 -66528.2 5100.04 -71628.2 289.31376
0.53 276.57537 781.86623 46258.223 -66079.1 5267.18 -71346.3 287.71568
0.54 258.50018 225.18832 46493.453 -66298.7 4922.96 -71221.7 291.66208
0.55 275.50226 16.897459 46805.45 -65775 5246.75 -71021.7 294.75558
0.56 270.52073 98.242519 46736.439 -66202 5151.88 -71353.9 297.33757
0.57 272.11236 -58.274449 46630.266 -66032.5 5182.19 -71214.7 298.64949
0.58 262.5648 361.81456 46349.579 -66336.4 5000.36 -71336.7 299.80521
0.59 268.82373 769.58201 46338.06 -66283.8 5119.56 -71403.4 301.61666
0.6 278.01911 58.852342 46752.358 -66084.2 5294.68 -71378.9 305.36582
0.61 270.61164 -311.59998 46849.497 -66457.1 5153.61 -71610.7 309.29986
0.62 268.03638 -227.5308 46877.099 -65957.9 5104.57 -71062.5 311.21253
0.63 268.45693 498.1757 46345.887 -66208 5112.57 -71320.6 310.70784
0.64 264.85004 -820.84021 47162.312 -66098.4 5043.88 -71142.3 315.90747
0.65 284.60671 190.7477 46498.302 -65887 5420.14 -71307.1 315.16441
0.66 262.59725 -70.056859 46724.639 -66177.6 5000.98 -71178.6 319.56574
0.67 268.09052 286.36493 46475.03 -65936.1 5105.6 -71041.7 318.31249
0.68 267.83783 -137.81284 46601.552 -66145 5100.78 -71245.8 323.23071
0.69 268.34879 -62.850277 46816.309 -66025 5110.52 -71135.5 326.05289
0.7 266.37912 -191.47515 46563.821 -66142.9 5073 -71215.9 328.75245
0.71 264.85334 -165.76866 46746.138 -65936.3 5043.95 -70980.3 331.04735
0.72 258.56149 -359.57015 46874.527 -66470.2 4924.12 -71394.3 331.91702
0.73 265.91154 -88.964867 46519.154 -66024.6 5064.1 -71088.7 331.35809
0.74 262.56834 -435.25784 46776.356 -66124.7 5000.43 -71125.2 335.10279
0.75 270.03966 215.68829 46678.839 -65743.8 5142.72 -70886.5 335.39791
0.76 271.48346 -106.10614 46929.943 -65864.6 5170.21 -71034.8 338.32419
0.77 267.23452 330.19767 46505.621 -66096.7 5089.29 -71186 337.24275
0.78 265.84263 -44.533806 46620.485 -65976 5062.79 -71038.8 335.83254
0.79 273.67481 201.99714 46619.928 -66026 5211.95 -71238 338.63409
0.8 255.21965 455.65605 46250.081 -66263.5 4860.48 -71124 340.76958
0.81 271.85639 174.54181 46541.422 -65808.9 5177.31 -70986.2 345.60215
0.82 272.79755 -383.96192 46564.289 -65479.7 5195.24 -70675 345.72037
0.83 267.88767 247.37863 46524.95 -65846 5101.73 -70947.7 350.21038
0.84 275.16532 -324.83311 46764.446 -65694.3 5240.33 -70934.7 351.96531
0.85 262.43987 248.99738 46540.337 -66035.3 4997.98 -71033.2 355.97606
0.86 264.37736 -653.50439 47004.668 -66034.5 5034.88 -71069.3 359.54235
0.87 272.36756 228.79585 46520.445 -65967.3 5187.05 -71154.3 358.96272
0.88 269.49573 -99.783893 46582.684 -66027.4 5132.36 -71159.8 360.67252
0.89 268.03805 -52.269137 46787.637 -65745.5 5104.6 -70850.1 361.65014
0.9 268.63294 272.27888 46423.237 -65970.6 5115.93 -71086.6 362.03741
0.91 275.4366 654.99838 46325.416 -65586.7 5245.5 -70832.2 363.5161
0.92 264.04516 127.63188 46498.817 -65893.9 5028.56 -70922.4 364.57293
0.93 272.37048 391.07944 46426.354 -66099.6 5187.11 -71286.7 365.29023
0.94 260.39043 275.47234 46565.79 -66549.3 4958.95 -71508.2 368.43391
0.95 263.40572 -264.12633 46941.256 -66387.9 5016.38 -71404.3 369.66996
0.96 262.50991 -463.32462 46976.508 -66562.9 4999.32 -71562.2 371.81635
0.97 274.61081 139.86534 46699.016 -66142.4 5229.77 -71372.2 372.25352
0.98 266.57351 30.52637 46646.039 -66525.4 5076.71 -71602.1 374.48491
0.99 273.12681 214.89815 46819.808 -66112.2 5201.51 -71313.7 376.79902
1 267.4791 533.31206 46407.266 -66478 5093.95 -71572 378.57157
1.01 268.00834 -275.07973 46757.115 -66225.8 5104.03 -71329.8 380.50208
1.02 275.50021 -275.8701 46854.584 -65970.1 5246.71 -71216.8 379.4928
1.03 271.61399 284.46745 46533.015 -66367.6 5172.7 -71540.3 380.55472
1.04 267.5708 348.40647 46559.302 -66390.1 5095.7 -71485.8 381.43707
1.05 267.56337 -126.18765 46799.362 -66249.4 5095.56 -71345 381.7002
1.06 266.41819 -751.87409 47157.598 -66347.1 5073.75 -71420.9 385.04234
1.07 267.33785 84.681034 46532.624 -66399.8 5091.26 -71491 382.1618
1.08 275.00953 -142.51122 46943.179 -65982 5237.36 -71219.4 386.76249
1.09 262.12042 -312.25852 46870.965 -66692.3 4991.9 -71684.2 387.23947
1.1 272.40649 -214.60609 47021.475 -66430.2 5187.79 -71618 389.632
1.11 264.80082 577.78824 46347.072 -66449.8 5042.95 -71492.7 387.57406
1.12 274.41647 598.31178 46273.055 -66050.9 5226.07 -71276.9 384.59121
1.13 269.3976 -53.215287 46752.408 -66287 5130.49 -71417.5 388.04569
1.14 269.06394 905.3366 46278.675 -65971.9 5124.13 -71096 387.4298
1.15 278.80007 -201.72996 46811.417 -66297.9 5309.55 -71607.4 389.3226
1.16 266.51253 -163.10558 46747.691 -66439.3 5075.54 -71514.9 392.79609
1.17 273.43744 -12.5495 46623.656 -66140.8 5207.42 -71348.2 393.4207
1.18 265.23844 389.72355 46351.648 -66600.9 5051.28 -71652.2 393.06401
1.19 269.07572 -319.46899 46830.227 -66152.9 5124.36 -71277.3 398.20921
1.2 275.24986 234.8169 46636.319 -65905.7 5241.94 -71147.6 400.95518
1.21 266.1531 -384.08077 46829.422 -66244.1 5068.7 -71312.8 400.63436
1.22 277.52569 531.89329 46555.874 -66184.7 5285.28 -71470 403.55754
1.23 276.18548 482.63706 46538.48 -66156 5259.76 -71415.8 405.42948
1.24 260.72051 83.996242 46607.617 -66543.2 4965.24 -71508.4 410.3545
1.25 263.9893 -398.84557 46885.038 -66151.6 5027.49 -71179.1 412.5339
1.26 262.67397 -222.3743 46583.513 -66124.2 5002.44 -71126.6 414.43188
1.27 260.5172 -578.40264 46955.28 -66214.1 4961.37 -71175.5 419.29566
1.28 274.32186 712.30485 46269.622 -66508.6 5224.27 -71732.9 415.5999
1.29 269.27066 -217.46817 46925.844 -66243.2 5128.07 -71371.3 420.0434
1.3 268.89378 -97.905738 46847.108 -66669.6 5120.89 -71790.5 421.49834
1.31 267.97786 -199.90899 46814.601 -66503.8 5103.45 -71607.2 422.49201
1.32 263.75709 -308.0217 46892.853 -66503.8 5023.07 -71526.8 423.86007
1.33 258.33197 -889.82169 47293.744 -66792.5 4919.75 -71712.3 427.75396
1.34 269.7599 -28.465431 46820.93 -66419.5 5137.39 -71556.9 424.80277
1.35 267.59919 74.064954 46464.559 -66563.4 5096.24 -71659.7 425.34517
1.36 274.93105 -348.16029 46975.928 -66065.1 5235.87 -71301 428.34179
1.37 258.5547 -847.97795 47158.509 -66642.5 4923.99 -71566.5 431.08119
1.38 268.4655 -7.2005163 46846.04 -66446.6 5112.74 -71559.3 430.8362
1.39 266.60089 672.83762 46316.714 -66598.4 5077.23 -71675.7 429.01396
1.4 281.67896 240.42427 46691.381 -66216.6 5364.38 -71580.9 430.79645
1.41 279.45349 -67.305371 46757.169 -65937.6 5322 -71259.6 433.46507
1.42 276.49365 -476.7976 47078.207 -66185 5265.63 -71450.6 438.8602
1.43 264.64418 -16.298179 46718.419 -66328.1 5039.96 -71368.1 437.6549
1.44 271.79717 413.80588 46548.093 -65853.5 5176.19 -71029.6 437.53696
1.45 262.60068 -306.03892 46742.518 -66100.1 5001.05 -71101.1 440.50089
1.46 267.11771 856.8896 46260.406 -65979.8 5087.07 -71066.8 442.37772
1.47 268.09585 -553.48462 46953.685 -65832.7 5105.7 -70938.3 444.69436
1.48 261.70388 120.25361 46557.047 -66145.9 4983.97 -71129.8 443.99556
1.49 278.09087 195.31598 46558.259 -65895.5 5296.05 -71191.6 447.5237
1.5 260.09415 417.43969 46332.106 -66331.1 4953.31 -71284.5 447.04726
1.51 255.13941 -927.77692 47116.154 -66424.2 4858.95 -71283.2 450.45549
1.52 276.83994 -255.88544 46923.571 -66270.4 5272.22 -71542.6 451.54685
1.53 269.60064 51.695769 46434.365 -66229.7 5134.36 -71364 450.87802
1.54 274.56325 -516.16532 47073.531 -65931.3 5228.86 -71160.2 456.0438
1.55 262.80228 446.5167 46341.405 -66444.3 5004.89 -71449.2 450.98681
1.56 270.14942 20.24801 46814.67 -66055.9 5144.81 -71200.7 456.27336
1.57 263.84687 -619.29075 46897.411 -66286.5 5024.78 -71311.2 461.66949
1.58 263.66433 -571.61496 46888.073 -66581.4 5021.3 -71602.7 466.12693
1.59 270.37387 -584.86091 47121.965 -66349.5 5149.08 -71498.6 470.45005
1.6 265.38993 -264.16214 47048.575 -66213.3 5054.17 -71267.5 471.2757
1.61 264.31142 -377.92946 46964.816 -66495.5 5033.63 -71529.1 470.89279
1.62 272.86794 -639.32223 47049.1 -66198.4 5196.58 -71395 470.48483
1.63 257.23152 112.34568 46552.694 -66974.8 4898.79 -71873.5 469.39092
1.64 274.2122 366.91636 46531.15 -65824.4 5222.18 -71046.5 471.65514
1.65 275.93388 391.07199 46553.421 -65889.8 5254.97 -71144.8 474.20583
1.66 259.89724 -52.702334 46711.658 -66344.7 4949.56 -71294.2 477.61379
1.67 261.81286 568.46102 46413.129 -66583.2 4986.04 -71569.3 479.76931
1.68 279.87292 -188.70657 46835.742 -65786.2 5329.98 -71116.2 484.13232
1.69 263.34587 0.38163319 46705.386 -66354.5 5015.24 -71369.7 484.15438
1.7 265.30864 122.79712 46752.643 -65951.1 5052.62 -71003.8 486.16653
1.71 263.12246 261.45549 46723.946 -66547.5 5010.98 -71558.5 485.97977
1.72 279.52709 459.22052 46271.818 -65667 5323.4 -70990.4 484.38802
1.73 268.84701 99.777005 46634.62 -66208.4 5120 -71328.4 488.54068
1.74 264.55064 304.67238 46588.718 -66246.4 5038.18 -71284.6 488.23383
1.75 263.65117 -736.51763 46905.519 -66032.7 5021.05 -71053.7 492.49446
1.76 266.49556 -94.929652 46705.665 -66235.9 5075.22 -71311.2 494.05092
1.77 275.26844 -856.61748 47197.743 -66093.2 5242.29 -71335.5 498.70739
1.78 263.06959 216.92535 46518.48 -66011.1 5009.98 -71021.1 496.21501
1.79 275.96777 303.10952 46571.48 -65652.2 5255.61 -70907.8 498.9907
1.8 260.21123 -309.30701 46757.914 -65744.7 4955.54 -70700.3 503.98811
1.81 268.79036 303.88042 46513.939 -65646.1 5118.92 -70765 508.5525
1.82 272.87778 568.90668 46292.021 -65988.3 5196.77 -71185.1 509.99374
1.83 269.85728 288.26123 46656.986 -65665.4 5139.24 -70804.6 514.05251
1.84 272.39779 133.88337 46530.41 -66337.6 5187.63 -71525.3 516.84507
1.85 270.28601 95.396635 46792.516 -65902.4 5147.41 -71049.8 521.26896
1.86 279.23599 353.62373 46436.348 -66173.6 5317.85 -71491.4 522.04189
1.87 265.96476 -418.66104 46896.004 -66321.3 5065.11 -71386.4 527.55687
1.88 271.50916 100.68535 46489.805 -66052 5170.7 -71222.7 525.84898
1.89 265.79701 -614.30624 47021.863 -65999.8 5061.92 -71061.7 534.07645
1.9 268.18086 322.82131 46553.745 -66141.9 5107.32 -71249.2 534.22777
1.91 271.8895 471.46045 46490.729 -66153.4 5177.95 -71331.3 534.48762
1.92 257.02347 231.11803 46319.363 -66164.1 4894.83 -71058.9 538.2621
1.93 264.41914 330.23459 46495.956 -66078.7 5035.68 -71114.3 541.70587
1.94 273.85916 302.27716 46472.287 -66235.3 5215.46 -71450.8 545.25231
1.95 262.17491 -404.06939 46877.325 -66449.2 4992.94 -71442.2 547.59411
1.96 265.71209 -121.18127 46801.111 -66202.6 5060.3 -71262.9 548.37485
1.97 261.05501 -26.998208 46696.418 -66347.8 4971.61 -71319.4 551.43439
1.98 273.99679 -170.28938 46768.51 -66028 5218.08 -71246.1 552.61176
1.99 263.29559 -311.64892 46743.033 -66319.2 5014.28 -71333.5 556.58855
2 271.51017 -41.875976 46868.703 -66573.5 5170.72 -71744.2 558.57195
2.01 276.09658 -586.23387 47093.564 -66186 5258.07 -71444 560.68804
2.02 265.60684 -406.9511 46866.14 -66427.9 5058.3 -71486.2 563.89972
2.03 262.63555 207.21926 46707.47 -66761 5001.71 -71762.7 562.29695
2.04 264.49854 -113.13975 46924.767 -66608.7 5037.19 -71645.9 564.07822
2.05 273.06045 89.355413 46698.165 -66268.4 5200.25 -71468.7 566.09619
2.06 267.87232 159.15656 46558.705 -66588.6 5101.44 -71690.1 565.36824
2.07 266.97273 -567.09099 47078.365 -66455.3 5084.31 -71539.6 569.86612
2.08 276.80256 309.25381 46556.159 -66425.9 5271.51 -71697.5 566.23221
2.09 272.21052 -439.5184 46979.852 -66324.1 5184.06 -71508.2 571.28536
2.1 261.94267 -664.28281 46957.25 -66542.7 4988.52 -71531.2 571.99006
2.11 268.85444 -194.50134 46737.593 -66188.5 5120.14 -71308.7 572.11468
2.12 265.37914 369.61323 46478.579 -66006.9 5053.96 -71060.9 568.36041
2.13 269.93199 567.98292 46433.869 -65763.5 5140.67 -70904.1 571.60916
2.14 270.60675 102.68409 46599.48 -66112.6 5153.52 -71266.2 573.32728
2.15 274.57373 -273.34711 46771.1 -66086.4 5229.06 -71315.5 575.24271
2.16 275.1813 -260.73345 46799.028 -66383.2 5240.64 -71623.8 578.09423
2.17 265.97529 -328.1704 46747.988 -66051 5065.31 -71116.3 577.34415
2.18 271.22248 36.387778 46697.807 -66487.9 5165.24 -71653.2 577.56147
2.19 263.10823 410.32682 46367.031 -66429.9 5010.71 -71440.6 574.66764
2.2 265.55295 9.2535262 46626.921 -66577.8 5057.27 -71635 576.34605
2.21 262.49026 -144.26682 46773.068 -66704.6 4998.94 -71703.6 581.04146
2.22 269.40169 -466.46784 47183.472 -66375.5 5130.57 -71506 583.73099
2.23 267.38401 100.89304 46512.889 -66342 5092.14 -71434.2 578.8086
2.24 273.34602 267.4472 46440.821 -66457 5205.68 -71662.7 579.83821
2.25 260.45149 166.52598 46796.269 -66786 4960.12 -71746.1 582.87083
2.26 266.74893 79.778418 46668.796 -66384.9 5080.05 -71465 582.3658
2.27 275.91105 368.3513 46557.228 -66219.2 5254.53 -71473.8 582.39073
2.28 261.39412 94.30502 46778.071 -66534.9 4978.07 -71513 586.93861
2.29 260.61438 -65.74569 46773.108 -66524.2 4963.22 -71487.4 589.01799
2.3 261.61199 164.98223 46593.838 -66679.3 4982.22 -71661.5 587.77202
2.31 266.70757 551.09212 46582.727 -66325.9 5079.26 -71405.1 589.83366
2.32 264.53827 -700.6238 47153.122 -66220 5037.95 -71258 596.0366
2.33 263.50522 -297.68249 46924.381 -66475.9 5018.27 -71494.2 595.6425
2.34 271.50271 -321.30174 46982.287 -66588.1 5170.58 -71758.7 595.80683
2.35 269.12154 99.165709 46693.794 -66573.3 5125.23 -71698.5 597.33199
2.36 268.35861 -441.04977 46904.666 -66273.6 5110.7 -71384.3 599.31198
2.37 270.65022 -47.68787 46761.925 -66087.4 5154.34 -71241.7 599.39776
2.38 267.16449 132.87272 46547.171 -66556.9 5087.96 -71644.9 599.27184
2.39 278.23334 -12.080391 46732.715 -66195.9 5298.76 -71494.7 600.38746
2.4 262.29484 -640.58721 47118.509 -66544.9 4995.22 -71540.1 605.723
2.41 261.11188 -771.89191 47190.634 -66630.3 4972.69 -71603 606.65792
2.42 266.70934 183.9838 46713.593 -66703.3 5079.29 -71782.6 604.35279
2.43 275.72628 342.18159 46421.346 -66340.9 5251.01 -71591.9 603.024
2.44 262.43961 2.0050142 46655.379 -66576 4997.98 -71574 605.20509
2.45 272.73009 352.3375 46492.48 -66270.2 5193.95 -71464.2 603.33098
2.46 275.71855 308.89713 46547.283 -66333.9 5250.87 -71584.8 603.87293
2.47 271.46511 -445.23296 46793.544 -66495.7 5169.86 -71665.5 603.46553
2.48 264.96348 -78.32198 46827.746 -66638.1 5046.04 -71684.2 606.85363
2.49 263.50834 -437.98605 46719.238 -66425 5018.33 -71443.3 605.18953
2.5 257.73857 -53.264741 46785.949 -66744.7 4908.45 -71653.1 607.3699
2.51 262.07174 -501.38394 46884.814 -66535.3 4990.97 -71526.2 607.28539
2.52 269.89037 -24.773462 46889.351 -65999 5139.87 -71138.9 610.25317
2.53 265.79739 469.73733 46252.505 -66233.9 5061.93 -71295.8 605.97306
2.54 266.73493 159.53034 46490.773 -65962.9 5079.78 -71042.7 604.60978
2.55 274.40037 -391.41843 46681.541 -65973 5225.76 -71198.7 608.41536
2.56 263.43469 -184.13587 46671.68 -66140.1 5016.93 -71157 609.37128
2.57 268.60906 12.011841 46705.044 -65947.5 5115.47 -71062.9 610.88711
2.58 267.32336 -160.93974 46857.302 -66199.8 5090.99 -71290.8 614.7487
2.59 273.36786 -387.14422 46828.345 -66031.9 5206.1 -71238 618.43601
2.6 270.85274 -128.947 46898.385 -66384.3 5158.2 -71542.5 618.55481
2.61 271.71827 -750.45843 47031.398 -66312.7 5174.68 -71487.3 623.16326
2.62 272.33736 170.13794 46625.021 -65849.5 5186.47 -71036 621.08948
2.63 259.92945 327.03267 46432.293 -66444.1 4950.17 -71394.3 619.917
2.64 272.7315 42.121453 46708.566 -65969.5 5193.98 -71163.5 624.81835
2.65 272.1833 610.05549 46355.456 -66023.3 5183.54 -71206.8 624.23478
2.66 259.53707 -484.30726 46917.956 -66382.1 4942.7 -71324.8 631.78071
2.67 267.91336 385.94101 46494.606 -65907 5102.22 -71009.3 630.1271
2.68 260.98669 579.92762 46374.62 -66407.5 4970.31 -71377.8 632.70391
2.69 268.42623 289.82709 46718.653 -66070.5 5111.99 -71182.5 634.99237
2.7 264.00098 -750.58653 47090.957 -66115.8 5027.71 -71143.6 639.32716
2.71 276.8046 563.72509 46399.04 -65556.7 5271.55 -70828.3 639.35877
2.72 277.94614 437.05323 46465.974 -65729.6 5293.29 -71022.9 641.36575
2.73 272.04254 125.58344 46643.153 -65876.9 5180.86 -71057.8 643.39425
2.74 264.39463 243.97708 46537.962 -65909.7 5035.21 -70944.9 648.43641
2.75 274.94759 17.13344 46483.025 -65804.6 5236.18 -71040.8 652.81887
2.76 274.30749 553.56308 46342.47 -65773.4 5223.99 -70997.4 654.13993
2.77 277.53722 170.07462 46382.139 -65649.2 5285.5 -70934.7 659.22544
2.78 277.57639 -284.63781 46836.903 -65947.8 5286.25 -71234.1 663.92681
2.79 265.73391 -256.83736 46940.484 -66097.5 5060.72 -71158.2 667.56086
2.8 269.80119 205.23495 46571.694 -65935.2 5138.18 -71073.3 666.64788
2.81 267.77863 64.420297 46554.195 -66318.8 5099.66 -71418.5 665.80059
2.82 271.46574 -282.35482 46838.348 -66208.9 5169.88 -71378.7 669.81232
2.83 266.44764 653.4722 46325.337 -66500.6 5074.31 -71574.9 666.06999
2.84 261.25888 -570.30574 46999.958 -66117.6 4975.49 -71093.1 674.16531
2.85 266.93146 -1.4993837 46507.732 -65933.5 5083.52 -71017 672.88028
2.86 271.73712 662.79621 46364.837 -65805 5175.04 -70980 674.98864
2.87 271.59293 -127.3105 46638.751 -66079.5 5172.3 -71251.8 680.74486
2.88 277.54552 -452.32712 46835.391 -65746.5 5285.66 -71032.2 682.96537
2.89 269.71349 11.364966 46605.043 -66247.2 5136.5 -71383.7 684.34208
2.9 272.00141 194.18169 46468.711 -66184.9 5180.08 -71365 685.11182
2.91 270.65046 386.67525 46330.501 -66381.4 5154.35 -71535.8 685.9544
2.92 272.78395 387.49106 46477.6 -66064.6 5194.98 -71259.5 687.86691
2.93 268.45459 -140.98489 46791.083 -66191.1 5112.53 -71303.7 694.99768
2.94 271.79879 -374.49612 46804.204 -65635.8 5176.22 -70812 699.52442
2.95 281.22627 2.3399529 46543.456 -65608.5 5355.76 -70964.3 698.4083
2.96 260.04893 384.06165 46433.563 -66130.8 4952.45 -71083.3 701.2631
2.97 272.47737 323.73383 46642.371 -66072.9 5189.14 -71262 704.69075
2.98 255.50173 -532.73793 46804.696 -66145.2 4865.85 -71011 708.77229
2.99 260.7852 -674.61802 46890.605 -66227.8 4966.47 -71194.3 710.90935
3 265.27585 -412.79874 46791.018 -66458.6 5051.99 -71510.6 709.57129
3.01 272.14044 -500.12305 46934.786 -66032 5182.72 -71214.7 711.91208
3.02 270.24443 -426.6258 47003.092 -65935.5 5146.62 -71082.1 712.93291
3.03 261.70625 39.969291 46455.126 -65998.3 4984.01 -70982.3 713.80768
3.04 272.31946 328.68388 46410.864 -65855 5186.13 -71041.1 714.94494
3.05 262.58408 -498.36157 47002.709 -66177.7 5000.73 -71178.4 720.77788
3.06 271.75518 247.56492 46521.432 -65778.7 5175.39 -70954.1 717.59908
3.07 266.15222 87.245092 46680.819 -66273.5 5068.68 -71342.2 723.96773
3.08 265.63472 -500.41747 47042.743 -65996.1 5058.83 -71054.9 725.99458
3.09 268.77222 -242.86123 46824.197 -66246.5 5118.58 -71365 725.34139
3.1 265.11274 478.77743 46443.318 -66123 5048.89 -71171.9 725.92258
3.11 262.08368 177.96404 46586.461 -66359.6 4991.2 -71350.8 728.06605
3.12 268.5605 -312.78379 46931.682 -66113 5114.55 -71227.6 734.58565
3.13 263.45638 454.96199 46527.635 -66373.3 5017.34 -71390.6 731.82773
3.14 271.88905 913.36974 46308.11 -66313.9 5177.94 -71491.8 729.09299
3.15 268.5965 518.46119 46393.385 -66690.3 5115.23 -71805.5 728.95433
3.16 268.94288 389.22107 46412.939 -66527.7 5121.83 -71649.6 730.26233
3.17 259.31491 341.46519 46580.716 -66860.3 4938.47 -71798.7 731.77584
3.18 275.24185 267.84297 46594.349 -66637 5241.79 -71878.8 731.9357
3.19 259.00434 44.61316 46627.993 -66451.8 4932.56 -71384.4 735.11434
3.2 271.00635 143.68566 46544.976 -66182.6 5161.13 -71343.7 737.27177
3.21 268.93081 -862.76948 47178.879 -66393.5 5121.6 -71515.1 743.95729
3.22 262.27727 -648.84423 47055.535 -66260 4994.89 -71254.9 746.39652
3.23 272.95427 107.36151 46672.185 -66191.9 5198.22 -71390.1 745.81166
3.24 256.71423 255.55548 46561.502 -66602 4888.94 -71490.9 744.8475
3.25 272.46754 90.54481 46670.582 -66386.7 5188.95 -71575.7 748.94825
3.26 262.03779 706.53347 46366.089 -66830.5 4990.33 -71820.9 746.40956
3.27 271.1809 52.463687 46743.259 -66755.8 5164.45 -71920.3 752.65898
3.28 265.08017 -613.55526 46995.002 -66558.3 5048.27 -71606.6 756.49953
3.29 274.6058 -464.99383 46948.726 -66507.9 5229.68 -71737.6 756.54764
3.3 276.19997 -840.78688 47118.418 -66249.1 5260.04 -71509.1 759.59416
3.31 277.84599 399.16657 46494.301 -66137.2 5291.38 -71428.6 753.66351
3.32 268.22184 602.44379 46201.583 -66494.6 5108.1 -71602.6 751.98615
3.33 267.74924 -254.35942 46747.263 -66173.5 5099.1 -71272.6 757.73075
3.34 266.72287 463.15969 46467.798 -66351.2 5079.55 -71430.8 757.13457
3.35 270.61845 -735.95539 47111.195 -66533.8 5153.74 -71687.5 766.22018
3.36 280.02726 635.81409 46400.29 -66197.2 5332.92 -71530.2 762.73507
3.37 261.50046 284.81952 46600.044 -66370.6 4980.09 -71350.6 765.59447
3.38 266.04698 42.990811 46623.63 -66206 5066.68 -71272.7 766.20748
3.39 275.00997 -307.63493 46889.506 -66071.8 5237.37 -71309.2 768.94787
3.4 260.71943 -195.25958 46686.525 -66664.9 4965.22 -71630.1 767.22276
3.41 270.96099 351.88189 46555.689 -66196.2 5160.26 -71356.4 766.05274
3.42 269.28166 -362.46187 46909.739 -66393.9 5128.28 -71522.2 771.91796
3.43 278.75047 153.42865 46705.622 -66118.6 5308.61 -71427.2 768.49117
3.44 264.39462 584.50834 46414.306 -65871.3 5035.21 -70906.5 768.29487
3.45 259.46756 75.201441 46485.553 -66444.9 4941.38 -71386.2 773.18009
3.46 260.40345 -297.30301 46838.269 -65909.4 4959.2 -70868.6 776.41554
3.47 267.10995 84.969941 46542.051 -66130.7 5086.92 -71217.6 771.33518
3.48 255.75577 -425.25756 46826.395 -66305.7 4870.69 -71176.4 772.92093
3.49 266.61453 -393.95355 46830.714 -66106.5 5077.49 -71184 772.25549
3.5 269.86512 -14.448992 46576.005 -66085.6 5139.39 -71225 772.54247
3.51 274.09777 758.91299 46254.488 -65904.6 5220 -71124.6 769.06098
3.52 272.46822 156.67702 46708.163 -66042.4 5188.97 -71231.3 774.63019
3.53 268.8197 400.66635 46274.093 -66092.6 5119.48 -71212.1 774.57225
3.54 262.19799 -265.90341 47032.826 -65958.2 4993.38 -70951.5 785.89933
3.55 266.41309 505.17766 46293.994 -66075.3 5073.65 -71148.9 781.73678
3.56 273.85149 -309.80754 46766.293 -65862.4 5215.31 -71077.8 786.8613
3.57 264.65184 200.35558 46483.83 -66273.3 5040.11 -71313.4 784.09738
3.58 270.79373 90.595062 46662.947 -66108.1 5157.08 -71265.1 785.95411
3.59 262.08474 -808.0184 47025.157 -66655.6 4991.22 -71646.8 791.19736
3.6 273.35274 665.75269 46187.644 -66269 5205.81 -71474.8 785.83333
3.61 279.47649 -108.24185 46697.916 -65908 5322.43 -71230.4 792.00779
3.62 262.40263 -784.12314 47101.147 -66230.5 4997.27 -71227.8 795.78084
3.63 264.41024 -729.78304 47128.765 -66177.8 5035.51 -71213.3 799.37268
3.64 261.38427 -22.295469 46734.747 -66363.3 4977.88 -71341.2 799.20873
3.65 270.12055 10.578158 46540.701 -65869 5144.26 -71013.3 801.8059
3.66 259.52364 290.0647 46592.38 -66054.7 4942.45 -70997.1 802.83847
3.67 268.33069 -482.02692 46899.68 -65825.7 5110.17 -70935.9 803.45608
3.68 268.38872 -36.851257 46770.977 -66320.3 5111.28 -71431.6 804.94149
3.69 273.03957 339.36146 46635.676 -66088.8 5199.85 -71288.6 807.18277
3.7 269.23856 914.97817 46322.646 -66235.3 5127.46 -71362.8 804.1283
3.71 265.21418 284.09331 46501.949 -66358.7 5050.82 -71409.5 805.90121
3.72 273.69604 264.06887 46499.362 -66382.2 5212.35 -71594.5 806.65295
3.73 267.2855 -107.47482 46673.474 -66611.4 5090.27 -71701.6 809.11566
3.74 268.55659 -299.29865 46834.891 -66393.2 5114.47 -71507.7 812.34914
3.75 272.51304 587.8392 46272.347 -65979.2 5189.82 -71169 809.10523
3.76 270.32305 389.44524 46299.721 -66369 5148.11 -71517.1 811.5923
3.77 264.91421 -122.5019 46662.381 -66092.4 5045.11 -71137.5 818.17192
3.78 272.74888 -68.0283 46960.9 -66083.2 5194.31 -71277.5 824.48251
3.79 266.44338 958.05935 46125.666 -66276.8 5074.23 -71351 813.87887
3.8 263.04557 211.05077 46573.98 -66418.4 5009.52 -71427.9 821.86967
3.81 268.79346 -185.08655 46895.047 -65986.2 5118.98 -71105.1 825.94318
3.82 263.85008 -378.48711 46800.972 -66445.2 5024.84 -71470 825.65714
3.83 259.97475 206.58317 46600.443 -66342.1 4951.04 -71293.1 823.2824
3.84 264.24128 -469.8133 46876.709 -66682.5 5032.29 -71714.8 829.64171
3.85 266.66961 -75.558762 46722.457 -66320.9 5078.54 -71399.5 826.25659
3.86 269.32586 484.14297 46561.438 -66454.8 5129.12 -71583.9 825.10004
3.87 266.17148 -75.447605 46647.497 -66537.9 5069.05 -71607 827.31222
3.88 270.7379 -348.44922 46878.757 -66150.7 5156.01 -71306.7 831.6544
3.89 265.23007 22.432464 46748.785 -66407.4 5051.12 -71458.5 829.37729
3.9 257.76593 -525.60024 46992.418 -66765.6 4908.97 -71674.5 832.84907
3.91 273.4977 -195.04493 46757.359 -66446.6 5208.57 -71655.2 832.59948
3.92 269.81511 408.06038 46483.383 -66371.4 5138.44 -71509.8 830.00802
3.93 266.87075 -128.15432 46825.34 -66355.9 5082.37 -71438.2 835.17267
3.94 264.61465 -891.94686 47239.348 -66343.2 5039.4 -71382.6 844.54784
3.95 275.67358 -296.28648 46720.895 -66138.1 5250.01 -71388.2 843.13432
3.96 273.68158 356.94764 46331.532 -66275.6 5212.07 -71487.7 841.48283
3.97 265.64038 200.9567 46599.533 -66358.9 5058.94 -71417.9 846.09639
3.98 266.2952 962.32052 46346.441 -66107.8 5071.41 -71179.2 842.51692
3.99 264.79422 -158.03677 46664.317 -66060.1 5042.82 -71103 848.9867
4 267.57109 -439.4595 46875.008 -66168.2 5095.7 -71263.9 852.5795
4.01 269.28198 -7.348099 46649.123 -66376.9 5128.29 -71505.1 854.25707
4.02 270.04589 -219.72502 46815.008 -66134.2 5142.83 -71277 858.07868
4.03 258.48316 -580.45461 47180.536 -66332.4 4922.63 -71255 859.684
4.04 256.30991 -278.67154 46753.072 -66423.2 4881.24 -71304.5 856.55642
4.05 264.80371 -369.02743 46689.925 -66011 5043 -71054 853.52866
4.06 261.97992 421.78598 46629.278 -65881.3 4989.22 -70870.6 858.25921
4.07 267.1325 143.13156 46584.088 -66166.3 5087.35 -71253.7 858.64785
4.08 263.58936 514.30626 46516.218 -66011.6 5019.87 -71031.5 857.99736
4.09 270.9901 -235.61911 46754.31 -65808.1 5160.82 -70968.9 862.36203
4.1 265.96115 372.88454 46368.432 -65918.1 5065.04 -70983.1 861.47628
4.11 257.94773 25.081169 46634.018 -66197.6 4912.43 -71110 866.44263
4.12 246.30799 -567.33861 46865.768 -66562.5 4690.76 -71253.3 870.21496
4.13 271.99308 207.81915 46614.892 -66079.1 5179.92 -71259.1 871.80933
4.14 260.03348 114.72385 46531.227 -66245.1 4952.16 -71197.2 869.27285
4.15 267.93307 132.8604 46624.409 -66218.8 5102.6 -71321.4 872.77839
4.16 274.24174 544.95415 46338.815 -66371.9 5222.74 -71594.6 869.64905
4.17 267.49735 183.05777 46623.195 -66247.3 5094.3 -71341.6 874.68829
4.18 265.14261 -644.08727 47024.7 -66551.4 5049.46 -71600.9 884.19447
4.19 271.44298 -527.94438 47035.938 -66169.2 5169.44 -71338.7 886.13142
4.2 267.86787 -456.84208 46846.464 -66280.6 5101.36 -71381.9 883.94209
4.21 263.9069 -414.23542 47132.667 -66652.4 5025.92 -71678.3 888.39694
4.22 265.65781 -670.44382 46941.483 -66221.3 5059.27 -71280.5 887.81697
4.23 271.88853 -482.69951 46914.374 -66505.3 5177.93 -71683.3 888.40606
4.24 265.21945 -790.77422 47311.548 -66224.1 5050.92 -71275 892.4413
4.25 258.91869 -329.3036 47019.934 -66166.3 4930.93 -71097.3 890.28447
4.26 262.66275 96.223906 46610.848 -65735.6 5002.23 -70737.8 885.30027
4.27 264.65884 -313.54202 46844.812 -66150.4 5040.24 -71190.6 892.82042
4.28 277.37307 -121.72688 46774.686 -66034.7 5282.38 -71317 892.50804
4.29 269.05068 508.77417 46326.474 -66230 5123.88 -71353.9 887.28283
4.3 256.59243 -512.12499 47011.85 -66438 4886.62 -71324.6 895.94118
4.31 268.84774 -181.84897 46759.415 -66070.9 5120.02 -71191 893.56673
4.32 267.09672 -198.98752 46705.943 -66080.4 5086.67 -71167.1 888.6673
4.33 265.77347 -616.25738 46986.949 -65795.7 5061.47 -70857.1 896.8613
4.34 255.47588 223.71155 46456.689 -66245.4 4865.36 -71110.8 896.70132
4.35 273.20558 104.93264 46634.645 -65666.9 5203.01 -70869.9 904.74593
4.36 265.39488 382.03368 46491.833 -66105.5 5054.26 -71159.7 904.8762
4.37 267.53385 -669.99838 47000.893 -66309.4 5094.99 -71404.4 913.28921
4.38 272.82702 -119.83043 46620.326 -66086.9 5195.8 -71282.7 905.9985
4.39 266.53412 445.74097 46408.847 -66210.7 5075.96 -71286.6 902.28952
4.4 263.68919 584.17772 46465.163 -66661.7 5021.78 -71683.5 905.30473
4.41 262.72598 -540.93048 46912.944 -66335 5003.43 -71338.5 912.94018
4.42 264.12598 -663.67205 47158.107 -66650 5030.09 -71680.1 919.68431
4.43 266.2401 -664.17444 47126.79 -66246.8 5070.36 -71317.2 919.78756
4.44 261.82637 -376.9808 46820.962 -66317.6 4986.3 -71303.9 915.30707
4.45 262.95698 -60.126564 46835.897 -66099.4 5007.83 -71107.2 916.49472
4.46 262.4674 -223.92521 46788.852 -66272.6 4998.51 -71271.1 921.68012
4.47 274.55468 175.2254 46472.798 -66157.4 5228.7 -71386.1 919.1412
4.48 266.92758 183.29923 46479.347 -66418.6 5083.45 -71502 920.88072
4.49 267.86842 317.34069 46540.209 -66343.1 5101.37 -71444.5 921.67749
4.5 266.86977 -92.960171 46736.346 -66397.5 5082.35 -71479.8 929.61238
4.51 263.02756 734.05577 46194.531 -66206.7 5009.18 -71215.9 921.06202
4.52 257.47015 -614.26104 46949.037 -66486.9 4903.34 -71390.3 933.93902
4.53 263.06338 -228.21433 46880.31 -66252.4 5009.86 -71262.2 933.71999
4.54 273.63953 165.94836 46630.87 -65929.2 5211.27 -71140.5 932.21807
4.55 273.15508 -13.327958 46613.689 -65958.7 5202.05 -71160.8 931.73812
4.56 264.02041 -886.47324 46987.94 -66218.2 5028.08 -71246.3 938.45758
4.57 270.72062 578.03224 46462.995 -65976.1 5155.68 -71131.7 931.1022
4.58 264.35898 21.512746 46680.545 -66401.2 5034.53 -71435.7 936.51366
4.59 267.73511 460.26314 46429.106 -66149.5 5098.83 -71248.3 930.19061
4.6 262.44937 368.22294 46398.746 -66129.7 4998.16 -71127.8 929.14154
4.61 271.82358 619.3982 46235.46 -66074.8 5176.69 -71251.5 926.21377
4.62 272.96179 402.02229 46379.417 -65812.5 5198.37 -71010.9 927.31472
4.63 271.40534 48.61085 46656.586 -66220.1 5168.72 -71388.9 929.71625
4.64 263.5193 -286.37626 46804.917 -66297.6 5018.54 -71316.1 930.04884
4.65 270.98476 722.95896 46214.363 -65818.4 5160.72 -70979.1 924.4643
4.66 262.66039 -320.63761 46642.919 -66278.6 5002.18 -71280.8 927.66027
4.67 272.12632 770.18997 46275.798 -66067.5 5182.46 -71249.9 923.88723
4.68 274.27214 -174.28635 46670.054 -65741.5 5223.32 -70964.8 930.64717
4.69 265.49777 -545.61497 46972.495 -65983 5056.22 -71039.2 935.57559
4.7 283.32459 688.89573 46357.035 -65055.4 5395.72 -70451.1 927.54938
4.71 269.20559 735.97704 46130.883 -65866.2 5126.83 -70993 926.14165
4.72 272.4536 -272.93358 46704.176 -65813.9 5188.69 -71002.6 932.90124
4.73 274.6078 161.46784 46595.838 -65782.2 5229.71 -71011.9 931.79378
4.74 267.40734 995.22243 46094.438 -65968.9 5092.59 -71061.5 925.99705
4.75 264.56753 111.36968 46709.311 -65969.8 5038.5 -71008.3 938.07492
4.76 257.43355 -67.540889 46814.176 -66352.7 4902.64 -71255.3 938.62626
4.77 266.26165 -500.26808 46886.488 -66428.5 5070.77 -71499.3 935.23235
4.78 275.27374 -672.93486 47117.179 -66208.1 5242.4 -71450.5 936.93576
4.79 265.47293 -33.803024 46738.571 -66368.7 5055.75 -71424.5 931.88209
4.8 265.57088 557.1145 46226.623 -66619.6 5057.61 -71677.2 926.01897
4.81 275.69857 410.92021 46523.77 -66280.3 5250.49 -71530.7 930.62634
4.82 273.51909 212.06926 46450.466 -66404.9 5208.98 -71613.8 929.09616
4.83 268.69166 -200.83512 46802.742 -66489.7 5117.04 -71606.8 936.08232
4.84 273.40903 38.882805 46664.34 -66336.5 5206.88 -71543.4 934.38619
4.85 271.30964 -180.82878 46951.432 -66220 5166.9 -71386.9 939.27258
4.86 260.33773 -193.25335 46882.368 -66488.9 4957.95 -71446.8 940.26937
4.87 259.90158 -615.5541 47154.572 -66625.1 4949.64 -71574.7 944.21686
4.88 267.57067 -729.8116 47060.895 -66614.2 5095.7 -71709.9 943.75538
4.89 270.11486 169.83794 46683.001 -66430.6 5144.15 -71574.7 938.38268
4.9 254.45482 125.27333 46554.063 -67058 4845.91 -71903.9 940.91522
4.91 264.5983 69.610538 46706.153 -66615.3 5039.09 -71654.4 943.24324
4.92 277.08697 584.29791 46475.397 -66748 5276.93 -72024.9 940.37221
4.93 265.14378 -41.827514 46819.439 -66612.2 5049.48 -71661.7 943.83754
4.94 269.51851 242.40485 46651.625 -66740.5 5132.79 -71873.3 942.04613
4.95 269.7577 78.983611 46699.853 -66680.6 5137.35 -71817.9 940.82878
4.96 261.68402 -339.38947 47002.54 -66812.4 4983.59 -71796 945.32153
4.97 271.73277 -484.2659 47038.406 -66485.1 5174.96 -71660 944.23603
4.98 277.54373 -494.23787 46861.979 -66142.4 5285.63 -71428 941.60024
4.99 269.894 40.174816 46722.754 -66496.1 5139.94 -71636 944.73423
5 267.74158 352.75568 46469.93 -66163.8 5098.95 -71262.7 941.66326
5.01 272.75962 -426.10497 46916.84 -66120 5194.52 -71314.5 949.33278
5.02 268.07815 16.904133 46670.324 -66038.8 5105.36 -71144.2 948.67667
5.03 270.32276 383.77826 46356.442 -66033.9 5148.11 -71182 944.02248
5.04 272.62127 -163.87194 46793.349 -65776.6 5191.88 -70968.5 954.81663
5.05 268.95787 -653.85565 46965.852 -66067 5122.11 -71189.1 957.89327
5.06 265.54106 -345.36601 46920.911 -65860.7 5057.04 -70917.8 963.17603
5.07 270.32249 472.18275 46521.079 -66236.9 5148.1 -71385 960.38836
5.08 265.28573 137.86509 46351.501 -66624.9 5052.18 -71677.1 960.11849
5.09 272.68739 -190.83038 46804.025 -66078.6 5193.14 -71271.8 970.65988
5.1 264.59747 -288.87295 46980.756 -66639.9 5039.07 -71678.9 976.2128
5.11 262.13277 488.52679 46360.109 -66677.5 4992.13 -71669.6 969.95672
5.12 277.22695 684.10063 46337.95 -66289.2 5279.59 -71568.8 966.76537
5.13 272.83401 -26.6079 46692.672 -66557.9 5195.93 -71753.9 975.26368
5.14 259.82378 1.3069502 46692.037 -66814.5 4948.16 -71762.6 978.46466
5.15 276.15208 -499.43294 46994.22 -66417.5 5259.12 -71676.6 983.85355
5.16 266.72655 572.78137 46429.341 -66648.4 5079.62 -71728.1 980.43693
5.17 271.3967 58.120267 46601.867 -66266.5 5168.56 -71435 984.44583
5.18 269.18481 410.63123 46470.462 -66297.7 5126.44 -71424.2 985.01673
5.19 274.42185 -183.00984 46727.976 -66380.8 5226.17 -71607 992.33513
5.2 276.19107 -96.054349 46681.664 -66290.2 5259.87 -71550 992.53869
5.21 269.92543 166.87375 46629.149 -66841.9 5140.54 -71982.4 990.08075
5.22 262.26209 -49.821032 46828.113 -66529 4994.6 -71523.6 993.77284
5.23 276.85419 181.5869 46630.273 -66188.9 5272.49 -71461.4 993.88113
5.24 265.05504 -64.689972 46642.635 -66132.6 5047.79 -71180.4 995.69626
5.25 268.55036 -43.208283 46644.355 -65970.2 5114.35 -71084.5 996.13288
5.26 259.77379 880.96459 46275.099 -66376.2 4947.21 -71323.4 993.74566
5.27 278.31172 633.64978 46365.083 -66001.2 5300.25 -71301.4 995.15855
5.28 254.75533 497.80238 46350.594 -66434.7 4851.64 -71286.3 994.67412
5.29 278.28095 -284.08863 47057.963 -66152.8 5299.67 -71452.4 1002.3593
5.3 263.20682 -54.444117 46856.611 -66422.4 5012.59 -71435 998.83235
5.31 266.67094 -26.466874 46737.193 -66282.3 5078.56 -71360.9 998.51602
5.32 267.55857 -663.971 47053.689 -66422.8 5095.47 -71518.3 1005.2533
5.33 264.19982 -691.10261 47084.934 -66269.9 5031.5 -71301.4 1007.0151
5.34 269.66366 147.54576 46635.124 -66182.2 5135.56 -71317.7 1004.8708
5.35 263.84824 983.99269 46184.41 -66409.7 5024.8 -71434.5 999.184
5.36 273.96979 317.99969 46375.617 -66340.4 5217.56 -71558 1001.3152
5.37 267.31517 -80.3942 46722.114 -66745.9 5090.83 -71836.7 1006.1799
5.38 264.11118 -378.37981 46798.333 -66270.1 5029.81 -71300 1009.2589
5.39 276.19577 -621.53223 47018.841 -66006.9 5259.96 -71266.8 1011.9972
5.4 260.08386 -509.87795 47158.124 -66528.6 4953.12 -71481.7 1013.4652
5.41 271.3569 898.87749 46220.138 -66090.5 5167.8 -71258.3 1002.3725
5.42 264.30953 -665.05032 47006.514 -66313.8 5033.59 -71347.4 1014.8125
5.43 272.37585 -196.37159 46978.463 -66167.5 5187.21 -71354.8 1016.724
5.44 265.16435 358.71806 46447.093 -66134.2 5049.87 -71184.1 1009.175
5.45 271.65782 587.54746 46440.552 -65654.5 5173.53 -70828.1 1015.8435
5.46 270.68732 9.585663 46656.16 -66039.6 5155.05 -71194.7 1021.5313
5.47 271.30039 567.21646 46443.351 -66002.8 5166.73 -71169.5 1017.3791
5.48 265.99584 154.98231 46493.854 -66031.7 5065.7 -71097.4 1017.1925
5.49 278.05055 -532.22755 46904.925 -65901.2 5295.28 -71196.5 1026.4479
5.5 275.822 308.77264 46403.654 -65807.5 5252.84 -71060.3 1019.2327
5.51 271.22002 436.34689 46381.343 -66071.6 5165.2 -71236.8 1022.0196
5.52 269.05796 146.08453 46711.17 -65994.2 5124.02 -71118.2 1025.7752
5.53 253.43521 -288.95695 46875.026 -66274.1 4826.5 -71100.6 1031.5395
5.54 273.62996 83.252361 46695.314 -66107.2 5211.09 -71318.3 1029.7158
5.55 263.96842 369.47216 46483.423 -66436.9 5027.09 -71464 1032.7276
5.56 258.86242 -632.93385 46939.388 -66103.5 4929.85 -71033.4 1037.5849
5.57 256.65908 478.22683 46218.801 -66646 4887.89 -71533.9 1029.9958
5.58 277.53671 -396.98878 46919.537 -66281 5285.49 -71566.5 1040.4947
5.59 273.20359 750.04324 46267.227 -66062.1 5202.97 -71265.1 1036.6607
5.6 257.80036 -1.0944976 46692.955 -66297 4909.63 -71206.7 1041.8695
5.61 269.88836 -141.00461 46685.097 -65989.1 5139.83 -71129 1043.234
5.62 271.07759 -234.11659 46865.361 -65891.8 5162.48 -71054.3 1048.2459
5.63 266.77655 -317.65316 46753.641 -66157.1 5080.57 -71237.7 1046.5165
5.64 268.58908 475.33547 46372.362 -66129.2 5115.09 -71244.3 1046.3126
5.65 266.21802 -308.80362 46702.177 -65991.2 5069.94 -71061.1 1050.6471
5.66 265.53664 -41.611631 46675.503 -65561.6 5056.96 -70618.5 1051.5441
5.67 267.64079 -204.1249 46808.897 -65883 5097.03 -70980 1053.6281
5.68 262.77509 -472.15433 46959.898 -65983.5 5004.37 -70987.8 1057.533
5.69 277.92025 301.96084 46576.931 -65826.3 5292.8 -71119.1 1061.9345
5.7 266.85101 -284.03576 46993.676 -65893.3 5081.99 -70975.3 1071.2805
5.71 268.20949 92.403072 46635.695 -65611.6 5107.86 -70719.4 1073.0367
5.72 259.51893 -426.6083 46922.197 -66138.3 4942.36 -71080.6 1078.953
5.73 278.7979 -398.22081 46938.305 -66005.4 5309.51 -71314.9 1080.0164
5.74 264.17816 -668.95973 47009.151 -66242.4 5031.09 -71273.5 1083.7051
5.75 277.64631 638.45988 46312.638 -66051.9 5287.58 -71339.5 1075.1659
5.76 270.79141 -153.99872 46767.679 -66335.8 5157.03 -71492.8 1082.402
5.77 266.06421 802.46224 46352.881 -66508.5 5067.01 -71575.5 1076.831
5.78 270.39546 558.16021 46606.437 -66284.6 5149.49 -71434.1 1082.1634
5.79 269.01045 796.96449 46288.569 -66244.9 5123.12 -71368 1079.9107
5.8 273.26903 -721.64892 47125.228 -65933.1 5204.22 -71137.3 1095.5196
5.81 266.3491 -465.70207 46916.238 -66362 5072.43 -71434.5 1092.9643
5.82 261.65192 -547.8272 46960.923 -66056.2 4982.98 -71039.1 1096.1341
5.83 265.7082 572.56853 46353.605 -66207.2 5060.23 -71267.4 1089.862
5.84 270.05345 649.23711 46306.551 -65890.9 5142.98 -71033.9 1089.7199
5.85 270.3868 385.25085 46376.308 -66154.8 5149.33 -71304.1 1094.2267
5.86 262.7119 292.83613 46342.89 -66449.3 5003.16 -71452.4 1092.9082
5.87 275.72496 818.14344 46302.146 -65910.8 5250.99 -71161.8 1094.6028
5.88 267.85112 -161.93841 47001.464 -65919.8 5101.04 -71020.8 1104.4777
5.89 259.78144 -425.63068 46832.712 -66328.6 4947.36 -71276 1105.1851
5.9 271.14559 -131.93127 46847.711 -65947.8 5163.78 -71111.6 1104.5169
5.91 274.50927 379.8816 46490.908 -65874.1 5227.84 -71102 1105.1132
5.92 265.41419 44.96736 46726.987 -66056.3 5054.63 -71111 1110.7599
5.93 259.832 -429.55104 46919.626 -66446.8 4948.32 -71395.1 1114.6387
5.94 258.35581 435.6638 46472.654 -66218.8 4920.21 -71139 1109.4747
5.95 273.213 60.768166 46434.652 -65800.9 5203.15 -71004 1111.3689
5.96 255.2708 -238.19307 46708.891 -66012 4861.45 -70873.4 1118.9413
5.97 272.56776 237.55754 46411.775 -65599.2 5190.86 -70790.1 1117.6511
5.98 263.13884 121.88418 46732.739 -65581.4 5011.29 -70592.7 1122.0368
5.99 260.7724 86.269213 46608.063 -66037.5 4966.23 -71003.7 1122.1722
6 269.17363 482.74673 46370.028 -65794.4 5126.22 -70920.7 1121.7348
6.01 264.62652 -180.9827 46686.593 -65855.6 5039.63 -70895.2 1132.5279
6.02 258.69874 518.80655 46351.84 -66046.2 4926.74 -70973 1128.5615
6.03 275.5711 749.53607 46427.862 -65867.7 5248.06 -71115.7 1132.175
6.04 277.34366 402.13497 46507.927 -65980.7 5281.82 -71262.5 1138.2508
6.05 274.99319 64.812446 46674.916 -66248.9 5237.05 -71485.9 1139.6164
6.06 273.47573 -532.50842 46937.79 -66252.4 5208.15 -71460.5 1144.0133
6.07 267.91395 -247.39979 46782.378 -66521.5 5102.23 -71623.7 1140.3358
6.08 274.42794 668.99455 46216.604 -66045.1 5226.29 -71271.4 1136.2461
6.09 263.17796 -149.51349 46652.352 -66476.4 5012.04 -71488.4 1148.0474
6.1 268.85545 -43.555617 46840.696 -66470.3 5120.16 -71590.4 1148.2469
6.11 269.95494 -563.51418 47058.192 -66013.3 5141.1 -71154.4 1153.4638
6.12 264.91471 -411.45499 46723.252 -66303.4 5045.12 -71348.5 1150.7062
6.13 269.78858 123.92543 46651.743 -66011.1 5137.93 -71149 1149.6617
6.14 259.54811 63.543955 46683.994 -66383.4 4942.91 -71326.3 1153.806
6.15 270.08062 -192.04306 46883.055 -66786.7 5143.5 -71930.2 1159.0871
6.16 267.8828 -190.23659 47030.659 -66293.5 5101.64 -71395.2 1160.0142
6.17 267.30524 219.11997 46680.225 -66462.4 5090.64 -71553.1 1159.3145
6.18 263.65721 561.75888 46390.975 -66578.6 5021.17 -71599.7 1157.978
6.19 273.44608 405.03204 46420.629 -66536.5 5207.59 -71744.1 1156.3524
6.2 260.25485 146.47994 46398.775 -66444.4 4956.37 -71400.8 1156.0588
6.21 265.57556 -193.24843 46784.319 -66228.3 5057.7 -71286 1164.9367
6.22 278.49367 21.020664 46729.94 -65822.9 5303.72 -71126.6 1168.7877
6.23 268.06385 871.12238 46229.001 -66072.1 5105.09 -71177.2 1167.314
6.24 271.78745 477.88988 46553.689 -66263.6 5176 -71439.6 1171.5189
6.25 266.03368 503.72291 46510.685 -66548.4 5066.43 -71614.8 1167.3047
6.26 269.56868 198.09357 46602.564 -66414.5 5133.75 -71548.3 1173.5255
6.27 268.42062 -18.045033 46733.244 -66624.4 5111.88 -71736.2 1177.9354
6.28 275.15516 302.50914 46660.851 -66313.8 5240.14 -71554 1175.2776
6.29 266.55453 -179.84887 46819.162 -66744.9 5076.34 -71821.3 1177.1954
6.3 266.11 -220.71918 46838.572 -66695.6 5067.88 -71763.5 1180.5643
6.31 271.44991 66.208875 46724.02 -66709.6 5169.57 -71879.2 1176.4919
6.32 263.28 118.07465 46495.208 -66495.4 5013.98 -71509.4 1173.1993
6.33 264.88177 151.02064 46551.911 -66521.2 5044.49 -71565.7 1175.2968
6.34 274.68616 -94.075741 47003.154 -66298 5231.21 -71529.2 1182.347
6.35 269.60064 -622.80443 47350.652 -66495.1 5134.36 -71629.4 1186.6853
6.36 274.29776 103.11732 46800.219 -66281.7 5223.81 -71505.6 1182.274
6.37 269.73268 249.08795 46610.691 -66313.8 5136.87 -71450.6 1182.1444
6.38 259.56667 681.27611 46324.707 -66695.2 4943.27 -71638.5 1178.8453
6.39 272.60912 837.33611 46285.085 -66383.8 5191.65 -71575.4 1182.9526
6.4 272.70045 174.95681 46542.467 -66446.6 5193.39 -71640 1189.3159
6.41 264.67573 617.61948 46311.687 -66680.9 5040.56 -71721.4 1185.9896
6.42 258.88313 416.34153 46627.054 -66432.5 4930.25 -71362.7 1191.4657
6.43 271.00302 637.82018 46416.569 -66186 5161.06 -71347 1186.9694
6.44 263.80379 -492.63337 46940.112 -66465.3 5023.96 -71489.3 1196.4422
6.45 268.47765 -611.64133 46952.495 -66503 5112.97 -71616 1196.1354
6.46 265.28712 284.54649 46471.764 -66641.1 5052.21 -71693.3 1193.0579
6.47 259.97573 460.40911 46460.738 -66604 4951.06 -71555 1195.0197
6.48 271.72601 609.93111 46389.8 -66303.1 5174.83 -71477.9 1191.3314
6.49 269.37951 -588.34399 47096.334 -66385.6 5130.14 -71515.7 1202.8756
6.5 271.31641 -662.04099 47145.686 -66303.3 5167.03 -71470.4 1206.6165
6.51 264.65194 -445.4285 46883.379 -66600.7 5040.11 -71640.8 1205.4907
6.52 268.55279 -58.356997 46641.972 -66350 5114.4 -71464.4 1200.5395
6.53 276.16977 81.698717 46728.966 -66145.3 5259.46 -71404.8 1206.2677
6.54 272.41434 901.8261 46161.076 -66161.2 5187.94 -71349.1 1197.7021
6.55 274.6753 382.35284 46474.134 -66500.5 5231 -71731.5 1202.2718
6.56 259.21029 -118.27112 46511.949 -66382.7 4936.48 -71319.1 1204.6534
6.57 275.56107 -252.77565 46722.984 -66195.2 5247.87 -71443.1 1205.1357
6.58 259.61021 2.6463394 46726.64 -66533.2 4944.09 -71477.3 1207.6669
6.59 276.58753 338.08691 46381.999 -66033.9 5267.42 -71301.3 1203.1145
6.6 269.57431 438.26471 46387.135 -66219.3 5133.85 -71353.2 1205.7787
6.61 260.12868 -173.07175 46941.494 -66203.5 4953.97 -71157.5 1213.8346
6.62 254.46505 193.97742 46455.701 -66576 4846.11 -71422.1 1208.4255
6.63 266.28392 -134.72085 46752.345 -66476.4 5071.19 -71547.6 1213.2023
6.64 271.33416 441.99455 46536.657 -66331.7 5167.37 -71499.1 1211.085
6.65 264.72824 50.570227 46532.478 -66749.3 5041.56 -71790.9 1211.9237
6.66 259.49633 -66.6275 46717.993 -66458.3 4941.93 -71400.2 1217.2161
6.67 265.4803 -191.48516 46806.269 -66297.2 5055.89 -71353.1 1220.0714
6.68 274.92246 -82.079548 46704.746 -65944.2 5235.71 -71179.9 1221.8492
6.69 275.80514 -464.36671 47037.595 -66352.5 5252.52 -71605 1233.3351
6.7 266.5612 -82.480159 46678.154 -66055 5076.47 -71131.5 1224.9449
6.71 261.30983 -622.60461 46976.656 -65970.8 4976.46 -70947.2 1228.9873
6.72 268.88289 -15.835389 46542.977 -65642.2 5120.69 -70762.8 1218.7907
6.73 261.34594 355.23643 46570.712 -66030.1 4977.15 -71007.3 1221.8054
6.74 271.43208 72.907675 46544.161 -66088 5169.23 -71257.3 1224.602
6.75 273.96209 -228.3691 46896.285 -65897.7 5217.42 -71115.1 1230.8045
6.76 266.70585 -85.678994 46819.268 -65793.2 5079.23 -70872.4 1235.366
6.77 270.528 247.25171 46494.084 -65333.3 5152.02 -70485.4 1230.2632
6.78 264.30178 456.40261 46450.929 -65841.3 5033.44 -70874.8 1228.5826
6.79 263.7037 -103.68038 46863.685 -65879 5022.05 -70901 1240.1989
6.8 264.70922 11.82762 46589.32 -65730.5 5041.2 -70771.7 1240.7086
6.81 264.85918 175.22987 46435.037 -65648.4 5044.06 -70692.4 1247.1839
6.82 270.12026 -288.83972 46781.649 -65663.6 5144.25 -70807.8 1256.7585
6.83 268.57629 27.447863 46531.017 -65703.8 5114.85 -70818.7 1253.0097
6.84 270.98083 55.078242 46598.107 -65423.1 5160.64 -70583.8 1255.8285
6.85 262.83723 284.30875 46542.467 -65959.7 5005.55 -70965.2 1257.242
6.86 268.55444 29.101702 46709.167 -65838.2 5114.43 -70952.7 1260.0952
6.87 258.02227 -291.55061 46637.463 -66088.3 4913.85 -71002.1 1259.659
6.88 279.2005 233.33503 46490.965 -65599.3 5317.18 -70916.5 1254.4141
6.89 261.77902 -673.93179 47063.05 -65921.4 4985.4 -70906.8 1262.3227
6.9 270.58834 141.73706 46665.064 -65805.9 5153.17 -70959 1254.7727
6.91 274.90623 230.83542 46534.58 -65837.2 5235.4 -71072.5 1249.8772
6.92 262.00266 -366.95946 46904.507 -66112.5 4989.66 -71102.1 1253.3165
6.93 268.90216 -81.448413 46815.99 -65881.1 5121.05 -71002.2 1251.8843
6.94 262.5514 579.57714 46278.745 -66185.7 5000.11 -71185.8 1248.0692
6.95 268.68395 -104.06289 46823.729 -65994.1 5116.9 -71111 1257.0533
6.96 268.4357 211.15026 46451.661 -65760 5112.17 -70872.2 1248.3823
6.97 265.65335 -482.00175 46913.091 -65938.9 5059.18 -70998.1 1257.0175
6.98 266.81712 -25.436286 46718.029 -66158.9 5081.34 -71240.2 1254.5568
6.99 273.1751 32.848632 46607.553 -66201.4 5202.43 -71403.9 1256.8969
7 277.25503 180.9863 46490.863 -66003.8 5280.13 -71284 1254.8024
7.01 264.5298 104.19917 46563.227 -66155.3 5037.78 -71193 1259.4298
7.02 277.55223 207.22347 46680.029 -65937 5285.79 -71222.7 1261.9878
7.03 267.29368 49.939625 46598.495 -66140.9 5090.42 -71231.4 1266.8126
7.04 266.29579 -446.49731 46826.914 -66440.1 5071.42 -71511.5 1270.9879
7.05 271.84556 756.60649 46281.861 -66023.6 5177.11 -71200.7 1267.8609
7.06 270.26574 659.15056 46406.718 -66232.7 5147.02 -71379.7 1266.227
7.07 268.122 351.67597 46583.786 -66351 5106.2 -71457.2 1269.8448
7.08 268.09244 2.6969938 46664.247 -66678.3 5105.63 -71783.9 1271.6644
7.09 272.72899 -174.13039 46799.104 -66273.2 5193.93 -71467.1 1275.661
7.1 268.65476 -115.54804 46809.575 -66573.3 5116.34 -71689.7 1276.3195
7.11 273.7576 122.08107 46713.363 -66155.9 5213.52 -71369.5 1276.3518
7.12 272.00694 343.29137 46567.482 -66582.2 5180.18 -71762.4 1275.9522
7.13 261.28193 84.392822 46627.406 -66784.9 4975.93 -71760.8 1274.9335
7.14 275.12117 -377.84902 47000.727 -66377.8 5239.49 -71617.3 1286.3441
7.15 267.25177 559.78585 46357.164 -66557.1 5089.62 -71646.7 1275.9726
7.16 272.07679 -260.24814 46815 -66334.5 5181.51 -71516 1285.4806
7.17 269.03239 -164.21335 46675.997 -66487 5123.53 -71610.5 1286.4795
7.18 264.60304 -645.34208 47020.299 -66540.2 5039.18 -71579.4 1289.9447
7.19 271.54774 -458.86034 47011.72 -66058.7 5171.44 -71230.1 1291.937
7.2 272.40202 381.40236 46522.718 -66067.2 5187.71 -71254.9 1280.1278
7.21 265.94081 -211.49861 46969.956 -66253.1 5064.66 -71317.8 1293.3757
7.22 274.92716 314.27143 46344.246 -66124.6 5235.8 -71360.4 1283.9705
7.23 275.59699 249.3691 46625.952 -65956.1 5248.55 -71204.7 1291.7498
7.24 264.6251 -367.45627 46907.21 -66221.4 5039.6 -71261 1296.3857
7.25 275.16152 216.4801 46714.808 -66325.6 5240.26 -71565.8 1294.7972
7.26 271.10613 27.401483 46688.166 -66470.2 5163.03 -71633.2 1295.1916
7.27 276.20474 60.413586 46701.294 -66072.1 5260.13 -71332.2 1293.9339
7.28 268.54389 501.3578 46335.186 -66413.3 5114.23 -71527.5 1290.0094
7.29 273.64407 -98.905522 46743.043 -66194.4 5211.36 -71405.7 1298.748
7.3 268.24463 -452.87673 46848.386 -66512.7 5108.53 -71621.2 1299.1759
7.31 261.38729 -351.58081 46754.84 -66464.1 4977.94 -71442.1 1300.2728
7.32 267.26591 -75.511151 46880.19 -66003.5 5089.89 -71093.3 1305.8395
7.33 270.30704 49.051345 46853.859 -66201.7 5147.81 -71349.5 1309.6831
7.34 266.84981 468.06496 46445.604 -66174.8 5081.97 -71256.8 1303.1018
7.35 264.2964 -284.2789 46791.294 -66035.2 5033.34 -71068.5 1310.0934
7.36 273.69988 127.43869 46613.962 -66079.6 5212.42 -71292 1305.8578
7.37 272.81887 486.02865 46519.496 -66325.6 5195.64 -71521.3 1305.6528
7.38 273.22428 -455.73716 47069.653 -66138.1 5203.37 -71341.5 1315.6512
7.39 270.9863 151.07357 46634.82 -66424.4 5160.74 -71585.2 1311.5833
7.4 267.91572 511.61348 46443.991 -66440.9 5102.27 -71543.1 1308.5737
7.41 267.13429 549.46529 46525.76 -66438.5 5087.39 -71525.9 1311.1686
7.42 268.37225 -551.42976 46866.328 -66358.2 5110.96 -71469.2 1314.5901
7.43 256.99066 -657.77527 46924.864 -66727.9 4894.21 -71622.1 1319.5961
7.44 262.96343 -162.92125 46927.47 -66692.4 5007.95 -71700.4 1314.9977
7.45 259.62672 648.3779 46314.852 -66491.9 4944.41 -71436.4 1302.4368
7.46 273.11306 459.09591 46512.404 -66174.3 5201.25 -71375.6 1309.345
7.47 264.81028 -571.82024 46982.833 -66208.1 5043.13 -71251.2 1317.7998
7.48 264.05389 -265.1706 46914.338 -66239 5028.72 -71267.8 1317.7701
7.49 271.30382 442.88524 46428.626 -66413 5166.79 -71579.8 1311.1889
7.5 265.32922 132.3429 46650.863 -66584.5 5053.01 -71637.6 1315.4355
7.51 278.82954 151.33326 46547.516 -66107.2 5310.11 -71417.4 1318.4853
7.52 278.68736 -408.61691 46883.611 -66395.3 5307.41 -71702.7 1325.5068
7.53 262.0803 -391.37969 46859.617 -66434.5 4991.14 -71425.6 1325.7249
7.54 261.76397 119.84369 46606.051 -66358.5 4985.11 -71343.6 1325.426
7.55 264.72021 564.75245 46308.353 -66438.3 5041.41 -71479.7 1324.4571
7.56 263.63072 -8.9828763 46699.873 -66173.8 5020.66 -71194.4 1332.3737
7.57 272.44512 -177.7574 46687.653 -66191.2 5188.53 -71379.8 1337.0895
7.58 264.19244 -329.32244 46853.445 -66167 5031.36 -71198.3 1342.3719
7.59 261.76416 -457.40759 47041.01 -66646.2 4985.12 -71631.4 1346.9894
7.6 266.29766 59.777025 46574.058 -66494.7 5071.45 -71566.2 1340.8084
7.61 261.00751 186.99179 46857.753 -66360.3 4970.71 -71331 1346.5899
7.62 270.88132 4.3231878 46647.274 -66192.7 5158.75 -71351.4 1347.0247
7.63 258.79645 606.72269 46384.664 -66107.3 4928.6 -71035.9 1348.2719
7.64 267.66323 147.9577 46632.517 -66038.7 5097.46 -71136.2 1349.4127
7.65 268.91568 480.69593 46381.199 -66016.6 5121.31 -71137.9 1346.062
7.66 268.54096 403.94313 46422.138 -66234.4 5114.17 -71348.6 1345.2769
7.67 267.1006 -455.61048 46933.118 -65857.3 5086.74 -70944.1 1358.6441
7.68 263.61817 481.78488 46358.778 -66336.1 5020.42 -71356.5 1345.264
7.69 276.38063 -311.25173 46978.647 -66002.6 5263.48 -71266.1 1360.1116
7.7 266.72492 -455.91932 46928.181 -66335.9 5079.59 -71415.5 1359.2942
7.71 266.27553 -288.95838 46823.399 -66200 5071.03 -71271 1358.8156
7.72 264.3523 -56.557066 46690.302 -66560.2 5034.4 -71594.6 1355.6439
7.73 274.55189 -107.66528 46678.164 -66232 5228.65 -71460.6 1356.1401
7.74 268.437 174.20084 46628.381 -66546.3 5112.19 -71658.5 1356.5105
7.75 268.38957 154.19297 46545.79 -66818.6 5111.29 -71929.9 1354.3761
7.76 265.98448 192.01903 46621.431 -66538.4 5065.49 -71603.9 1357.2251
7.77 267.53096 -462.31546 46959.089 -66581.3 5094.94 -71676.3 1364.8495
7.78 262.2671 -114.50667 46754.753 -66963.5 4994.69 -71958.2 1360.4275
7.79 266.9395 221.81281 46535.599 -66510.5 5083.68 -71594.2 1356.2431
7.8 268.36272 86.615209 46838.233 -66756.3 5110.78 -71867.1 1361.823
7.81 278.94931 -235.73457 46966.437 -66484.8 5312.39 -71797.2 1361.2837
7.82 261.21438 386.53801 46576.202 -66672.7 4974.65 -71647.4 1353.571
7.83 280.10901 441.07453 46417.778 -66379.3 5334.48 -71713.8 1353.8117
7.84 265.5324 200.80816 46497.244 -66481.4 5056.88 -71538.2 1356.3926
7.85 272.37028 106.16203 46670.689 -66555.8 5187.1 -71742.9 1360.2571
7.86 265.78404 -216.76826 46846.554 -66384.7 5061.67 -71446.3 1365.1496
7.87 264.95897 -149.23504 46940.403 -66241.2 5045.96 -71287.2 1370.6145
7.88 268.48468 337.62342 46556.886 -66487.3 5113.1 -71600.4 1363.6169
7.89 268.50439 167.05246 46595.194 -66436.6 5113.48 -71550.1 1364.7163
7.9 266.77839 233.29288 46388.798 -66312.1 5080.61 -71392.7 1358.3658
7.91 279.15226 217.91204 46424.018 -66092.8 5316.26 -71409 1361.8899
7.92 268.31768 -658.07291 46979.366 -66418.8 5109.92 -71528.7 1371.8795
7.93 262.60323 -274.9004 46814.092 -66170.2 5001.09 -71171.3 1369.6421
7.94 272.85437 -496.51203 46954.373 -66200.7 5196.32 -71397 1373.4321
7.95 266.58521 41.206484 46657.914 -66172.6 5076.93 -71249.5 1369.2914
7.96 269.74138 -329.76575 46896.234 -66296.7 5137.04 -71433.8 1379.2912
7.97 272.65341 327.61906 46527.501 -66103.6 5192.49 -71296.1 1370.9055
7.98 274.2773 -216.94434 46807.842 -65881.3 5223.42 -71104.7 1380.5251
7.99 261.98537 -221.34852 46965.616 -66209 4989.33 -71198.3 1384.0679
8 270.57022 358.81561 46505.703 -65975.8 5152.82 -71128.6 1375.9377
8.01 262.01489 -86.045944 46839.261 -66320.7 4989.89 -71310.6 1383.987
8.02 262.84957 288.22225 46543.848 -66233.7 5005.79 -71239.5 1375.3393
8.03 278.11977 -138.89609 46710.194 -65866 5296.6 -71162.6 1379.6742
8.04 256.84829 -28.499548 46449.852 -66232.1 4891.5 -71123.6 1375.9855
8.05 276.25892 -38.475036 46796.099 -65850.5 5261.16 -71111.7 1383.0162
8.06 268.15439 98.113006 46666.14 -66269.2 5106.81 -71376 1385.01
8.07 268.85612 66.240956 46471.228 -66010.2 5120.18 -71130.4 1379.325
8.08 265.48203 167.94937 46730.28 -66333.5 5055.92 -71389.4 1384.5279
8.09 272.71529 -547.03917 47027.75 -65973 5193.67 -71166.7 1391.7052
8.1 267.3354 -162.36975 46574.303 -66403.6 5091.22 -71494.8 1385.6671
8.11 282.50693 -200.90043 46843.138 -66136.4 5380.15 -71516.5 1392.4036
8.12 262.87193 258.50495 46469.708 -66658.3 5006.21 -71664.5 1383.0426
8.13 265.53934 -617.67554 46933.67 -66193.4 5057.01 -71250.4 1394.4881
8.14 270.08879 699.63278 46301.306 -65966 5143.65 -71109.6 1383.7656
8.15 258.90366 -308.80294 46914.321 -66312.6 4930.64 -71243.2 1396.1405
8.16 264.82409 532.00767 46321.649 -66833.1 5043.39 -71876.5 1386.6424
8.17 268.89909 165.48548 46450.637 -66496.4 5121 -71617.4 1385.2798
8.18 265.0009 223.64128 46590.464 -66645 5046.76 -71691.8 1395.2478
8.19 266.45124 53.110309 46502.36 -66530.9 5074.38 -71605.2 1392.6935
8.2 265.68452 -152.26126 46606.162 -66727.8 5059.78 -71787.6 1397.4452
8.21 273.84284 458.38314 46461.367 -66448.6 5215.15 -71663.7 1395.7667
8.22 264.51776 125.46014 46761.937 -66225.1 5037.56 -71262.7 1404.9749
8.23 262.65909 -340.38659 46942.819 -66563.1 5002.16 -71565.3 1407.5727
8.24 272.87673 576.04829 46537.314 -66504 5196.75 -71700.8 1400.117
8.25 269.53695 266.74524 46405.943 -66280.4 5133.14 -71413.5 1402.3373
8.26 267.54265 -100.5619 46741.839 -66423.1 5095.16 -71518.2 1407.6688
8.27 267.65095 -609.62874 47012.689 -66297.8 5097.22 -71395.1 1410.3928
8.28 262.961 -485.24016 46916.639 -66163.4 5007.91 -71171.3 1415.3853
8.29 268.54918 96.56212 46432.909 -66186.2 5114.33 -71300.6 1408.1853
8.3 273.54686 360.99922 46443.676 -65825.8 5209.51 -71035.3 1406.4121
8.31 274.44591 -531.06905 46965.573 -66258 5226.63 -71484.6 1420.3632
8.32 265.51939 142.57205 46471.594 -66142.1 5056.63 -71198.8 1412.672
8.33 262.70653 272.45945 46260.153 -66157 5003.06 -71160 1411.9169
8.34 271.51815 -48.690511 46841.441 -65949 5170.87 -71119.8 1423.8881
8.35 269.47534 466.0123 46433.928 -65891.6 5131.97 -71023.5 1414.006
8.36 269.51063 283.50037 46440.907 -65951.7 5132.64 -71084.4 1413.6495
8.37 282.22424 65.80224 46674.343 -65674.8 5374.76 -71049.5 1418.7399
8.38 263.79066 -422.20961 46898.218 -66426 5023.71 -71449.7 1426.5572
8.39 267.09243 -46.270482 46781.611 -66165.2 5086.59 -71251.8 1421.2984
8.4 253.57434 -39.154769 46621.352 -66401.6 4829.15 -71230.8 1420.6457
8.41 273.73909 -445.74854 47119.856 -66130.4 5213.17 -71343.6 1431.5838
8.42 271.32044 -9.0553667 46745.297 -66290.5 5167.11 -71457.6 1426.3875
8.43 273.36797 78.979035 46601.85 -66111.4 5206.1 -71317.5 1428.1703
8.44 272.61819 294.0743 46404.868 -66067.9 5191.82 -71259.7 1426.9485
8.45 264.61418 504.32249 46490.372 -66186.2 5039.39 -71225.6 1431.9197
8.46 257.20423 152.70383 46613.515 -66791.3 4898.27 -71689.6 1436.3447
8.47 273.5276 -135.4184 46696.79 -66369.3 5209.14 -71578.4 1434.8233
8.48 264.91141 -217.32498 46905.189 -66336.1 5045.05 -71381.2 1443.4835
8.49 275.8994 569.47406 46453.456 -66104.2 5254.31 -71358.5 1436.7651
8.5 267.35865 -299.5373 46640.994 -66421.7 5091.66 -71513.4 1444.915
8.51 277.95798 305.01083 46524.111 -66090.4 5293.52 -71383.9 1442.8138
8.52 261.13519 -496.73754 46959.11 -66475.6 4973.14 -71448.7 1449.2059
8.53 273.3187 289.09294 46667.433 -66168.6 5205.16 -71373.8 1445.2823
8.54 259.99299 -149.99997 46719.722 -66239.5 4951.38 -71190.9 1453.4222
8.55 267.62498 -417.3791 46870.537 -66152.6 5096.73 -71249.4 1458.6495
8.56 259.71271 45.537079 46497.817 -66381.2 4946.05 -71327.3 1456.3041
8.57 266.95753 220.40399 46446.464 -65879.9 5084.02 -70964 1457.2773
8.58 264.59803 -442.56078 46792.271 -65843 5039.08 -70882.1 1460.7767
8.59 269.54269 61.511621 46443.777 -66081.7 5133.25 -71214.9 1457.9196
8.6 271.45809 -121.77233 46744.335 -65729.3 5169.73 -70899 1467.903
8.61 270.06366 96.76949 46534.829 -65543.7 5143.17 -70686.8 1467.0091
8.62 267.05446 135.48917 46411.524 -65680.4 5085.87 -70766.3 1461.5947
8.63 265.69829 367.24978 46293.767 -65443.4 5060.04 -70503.4 1461.7844
8.64 268.52217 587.63973 46314.821 -65404.3 5113.82 -70518.1 1467.5475
8.65 262.43401 493.86367 46161.746 -65346.5 4997.87 -70344.3 1467.3495
8.66 263.62351 -112.32629 46753.766 -65129.3 5020.53 -70149.8 1476.6758
8.67 272.0661 116.97161 46343.336 -65106.4 5181.31 -70287.8 1472.4608
8.68 256.20116 -713.02139 46795.378 -65726.3 4879.17 -70605.5 1486.0835
8.69 278.48903 -292.81614 46821.073 -65238.9 5303.63 -70542.6 1487.4977
8.7 281.24624 -280.94147 46768.791 -65556.8 5356.14 -70912.9 1482.4938
8.71 274.23759 -275.18407 46764.376 -65391.8 5222.66 -70614.5 1485.747
8.72 266.91402 -717.61303 47068.682 -65452.1 5083.19 -70535.3 1494.1861
8.73 277.48214 207.16104 46506.106 -65655.4 5284.45 -70939.9 1485.2978
8.74 270.66067 524.20568 46327.898 -65452.6 5154.54 -70607.2 1486.8501
8.75 259.85234 -472.6248 46778.957 -65732.7 4948.71 -70681.4 1494.1031
8.76 268.18877 -519.21263 47005.333 -65562.9 5107.47 -70670.4 1501.5081
8.77 273.61069 582.88534 46252.129 -65154.3 5210.72 -70365 1495.3484
8.78 270.38615 -308.76891 46644.329 -65391.7 5149.31 -70541 1505.2528
8.79 268.07739 573.043 46360.607 -65588.8 5105.35 -70694.1 1505.5769
8.8 266.55654 -637.23277 46919.512 -65287 5076.38 -70363.4 1517.2013
8.81 263.28408 -384.70954 46847.403 -65558.2 5014.06 -70572.3 1514.5994
8.82 267.33218 212.1432 46456.984 -65540.3 5091.15 -70631.4 1512.0452
8.83 267.80421 -289.85517 46818.118 -65523.7 5100.14 -70623.8 1519.0113
8.84 268.1879 -637.086 47057.133 -65612.4 5107.45 -70719.9 1528.6476
8.85 276.00866 539.42704 46480.114 -65225.9 5256.39 -70482.3 1518.961
8.86 268.47095 -135.89926 46548.023 -65816.9 5112.84 -70929.8 1524.7217
8.87 272.38089 564.58534 46241.727 -65707.7 5187.3 -70895 1527.1932
8.88 266.50294 475.78147 46334.731 -66120.9 5075.36 -71196.3 1528.9327
8.89 257.0708 422.56093 46345.481 -66521.6 4895.73 -71417.4 1531.1138
8.9 271.9916 580.5027 46326.753 -65979.9 5179.89 -71159.8 1534.8597
8.91 272.14985 -40.096899 46569.948 -66185.3 5182.9 -71368.2 1541.5
8.92 269.38697 -23.809012 46693.218 -65963.2 5130.29 -71093.5 1546.1462
8.93 275.19852 -404.72587 46839.142 -65587.4 5240.96 -70828.3 1553.158
8.94 272.08683 -6.7141158 46600.959 -66042.1 5181.7 -71223.8 1548.9019
8.95 270.46451 -683.02214 46951.229 -66335 5150.81 -71485.8 1560.3134
8.96 266.91231 -163.34123 46913.421 -66311.5 5083.16 -71394.6 1560.8235
8.97 268.40587 439.84716 46505.931 -66495.9 5111.6 -71607.5 1551.938
8.98 268.02494 212.67977 46602.939 -66480.3 5104.35 -71584.7 1550.3868
8.99 263.9863 140.57229 46564.879 -66436.5 5027.43 -71463.9 1552.1541
9 265.29837 126.5013 46764.777 -66473.2 5052.42 -71525.6 1559.3463
9.01 261.54421 -485.7552 46943.865 -66669.4 4980.93 -71650.3 1561.6358
9.02 277.78161 -29.545917 46665.121 -66663.3 5290.16 -71953.5 1558.0647
9.03 267.00073 512.75219 46331.288 -66392.1 5084.84 -71476.9 1552.3902
9.04 270.96039 554.34971 46471.922 -65994.8 5160.25 -71155.1 1557.3626
9.05 275.73037 60.218801 46519.934 -66262.5 5251.09 -71513.6 1560.4419
9.06 268.05656 138.3058 46657.459 -66410.3 5104.95 -71515.2 1564.9754
9.07 265.95727 -261.01351 46729.461 -66316 5064.97 -71381 1567.8673
9.08 265.4124 -244.50198 46961.736 -66001.4 5054.59 -71056 1571.4138
9.09 274.67728 712.06575 46296.316 -65996 5231.04 -71227 1554.5707
9.1 263.11094 -719.69394 47038.28 -66265.5 5010.76 -71276.3 1571.5943
9.11 266.72128 74.241243 46627.17 -66366.1 5079.52 -71445.6 1562.858
9.12 273.61513 579.73307 46386.3 -65992.1 5210.81 -71202.9 1555.1483
9.13 263.99687 787.89511 46294.12 -66085.2 5027.64 -71112.8 1556.899
9.14 277.26687 745.6125 46284.182 -65957.5 5280.35 -71237.9 1554.7299
9.15 265.38765 -146.74265 46861.453 -66240.8 5054.12 -71295 1564.4816
9.16 273.4301 -138.53408 46757.572 -66121.4 5207.29 -71328.7 1567.1496
9.17 277.47216 31.37933 46564.795 -65754.6 5284.26 -71038.9 1563.2349
9.18 260.00744 -162.47523 46797.164 -66018.4 4951.66 -70970 1564.4375
9.19 285.36529 394.39343 46688.285 -65651.6 5434.58 -71086.2 1564.5488
9.2 270.80246 -251.98648 46623.433 -66182.8 5157.24 -71340 1565.0052
9.21 257.26223 243.80323 46571.992 -66419.5 4899.38 -71318.9 1564.5207
9.22 270.18119 314.2112 46498.037 -65940.8 5145.41 -71086.2 1562.2122
9.23 266.94233 -106.22978 46851.178 -66426.7 5083.73 -71510.4 1570.285
9.24 268.33077 -736.72085 47144.797 -66240.9 5110.17 -71351.1 1578.0447
9.25 266.18378 -247.7843 46808.834 -66573.8 5069.28 -71643.1 1571.5256
9.26 275.3236 463.25783 46325.788 -66174.3 5243.35 -71417.6 1560.4535
9.27 272.61162 156.6868 46581.228 -66414.8 5191.7 -71606.5 1568.4756
9.28 266.36586 451.59905 46504.111 -66082.7 5072.75 -71155.4 1567.7192
9.29 271.02069 97.394635 46646.268 -66317.5 5161.4 -71478.9 1572.8082
9.3 260.15115 -769.51562 47176.828 -66310.6 4954.4 -71265 1580.4068
9.31 262.90624 -151.50116 46747.098 -66596.1 5006.87 -71602.9 1573.5599
9.32 271.94664 -863.05453 47300.611 -66266.2 5179.03 -71445.2 1585.5056
9.33 266.14407 39.859771 46590.655 -66676.7 5068.53 -71745.2 1572.5973
9.34 263.66301 242.85005 46496.964 -66584.4 5021.28 -71605.7 1572.3985
9.35 268.2179 -964.59218 47177.299 -66270.6 5108.02 -71378.6 1588.0731
9.36 266.23986 -436.69309 46901.826 -66370.5 5070.35 -71440.8 1585.435
9.37 267.55026 -504.65087 47002.499 -66133.3 5095.31 -71228.6 1592.6024
9.38 279.16621 -323.79895 46906.933 -66062.7 5316.53 -71379.2 1593.8806
9.39 261.75015 1.0164147 46721.359 -66231.3 4984.85 -71216.1 1589.6217
9.4 268.21885 157.77325 46326.148 -65868.2 5108.04 -70976.3 1582.1636
9.41 266.62201 -533.08424 46889.838 -65526.7 5077.63 -70604.3 1595.6305
9.42 272.73346 -65.302263 46689.502 -65754.3 5194.02 -70948.3 1594.1384
9.43 264.67412 -594.91033 46912.863 -65757.1 5040.53 -70797.6 1602.8817
9.44 262.5503 252.45551 46533.122 -66043.4 5000.09 -71043.5 1599.7415
9.45 274.28472 -63.183211 46654.273 -65876.5 5223.56 -71100.1 1607.4139
9.46 263.69608 839.94698 46260.511 -66136.1 5021.91 -71158 1597.1644
9.47 267.23963 78.739267 46710.028 -65908.2 5089.39 -70997.6 1605.56
9.48 270.42255 -437.26972 46753.411 -66036.1 5150.01 -71186.1 1605.7983
9.49 267.16731 89.638406 46651.96 -66527.3 5088.01 -71615.3 1608.1313
9.5 272.60195 -192.07644 46708.296 -66046.5 5191.51 -71238 1613.7831
9.51 256.91766 -199.22042 46631.85 -66519.4 4892.82 -71412.2 1609.8713
9.52 264.55659 -4.3935576 46651.489 -66243.9 5038.29 -71282.2 1613.915
9.53 266.51687 513.60889 46352.672 -66661 5075.63 -71736.6 1606.4882
9.54 272.49681 245.10421 46734.877 -66398 5189.51 -71587.5 1618.7068
9.55 267.80938 -523.98667 47079.363 -66384.2 5100.24 -71484.4 1626.9295
9.56 273.50953 157.15872 46777.113 -66303.6 5208.8 -71512.4 1619.6623
9.57 267.6146 -180.12652 46759.963 -66336.9 5096.53 -71433.5 1617.992
9.58 267.10568 98.919268 46701.989 -66403.7 5086.84 -71490.6 1619.0327
9.59 272.27879 296.66687 46540.662 -65901 5185.36 -71086.4 1616.0883
9.6 268.04537 302.67869 46540.118 -66186.1 5104.74 -71290.9 1614.188
9.61 257.12434 -47.437568 46628.558 -66223.2 4896.75 -71120 1618.2535
9.62 271.85216 666.32343 46349.556 -66136.3 5177.23 -71313.5 1612.0605
9.63 268.39072 643.56804 46322.448 -66306 5111.31 -71417.3 1609.5867
9.64 273.64297 46.159019 46635.337 -65986.2 5211.34 -71197.5 1620.1034
9.65 266.72105 -653.8574 46829.898 -66254.5 5079.52 -71334 1622.6275
9.66 261.98671 -5.2415602 46563.36 -66266.2 4989.35 -71255.5 1624.2155
9.67 275.282 -156.21312 46719.239 -65753.5 5242.55 -70996.1 1631.869
9.68 262.18546 -557.12848 47002.853 -66321.6 4993.14 -71314.7 1637.9765
9.69 267.39121 237.19701 46562.918 -66269.4 5092.28 -71361.7 1629.2083
9.7 274.10528 95.955583 46700.311 -66024.2 5220.14 -71244.3 1633.4427
9.71 267.50815 454.57226 46549.247 -66239.2 5094.51 -71333.7 1629.5902
9.72 265.52628 517.90793 46219.91 -66418.4 5056.76 -71475.2 1622.4447
9.73 265.68906 -66.383644 46698.319 -66150.1 5059.86 -71209.9 1633.714
9.74 257.64591 -287.48886 46755.562 -66470.9 4906.69 -71377.6 1640.3437
9.75 270.18848 -14.564591 46682.827 -66175.1 5145.55 -71320.6 1637.7119
9.76 264.40988 368.0342 46629.567 -66497.8 5035.5 -71533.3 1631.9331
9.77 270.36558 -409.30309 46917.595 -66182.7 5148.92 -71331.6 1638.7149
9.78 271.26624 216.28857 46732.49 -66422.2 5166.08 -71588.3 1639.3181
9.79 273.13214 583.5673 46546.276 -65943.7 5201.61 -71145.3 1633.9646
9.8 265.60943 -241.90649 46809.264 -66314.4 5058.35 -71372.7 1638.1369
9.81 265.97941 -221.7888 46911.371 -65913.3 5065.39 -70978.7 1638.5132
9.82 255.13417 -272.31598 46802.132 -66158.4 4858.85 -71017.2 1637.6172
9.83 256.09962 71.623298 46655.995 -65933.5 4877.24 -70810.7 1633.9041
9.84 263.62403 133.71919 46699.968 -65784 5020.54 -70804.6 1643.5666
9.85 275.52267 617.49096 46352.166 -65971.1 5247.14 -71218.2 1637.4881
9.86 271.02157 -530.43548 46925.431 -65722.5 5161.42 -70884 1649.191
9.87 272.68791 137.27597 46490.701 -65980.8 5193.15 -71173.9 1641.8722
9.88 261.33879 -143.88283 46743.124 -66326.5 4977.01 -71303.5 1645.813
9.89 271.51587 -432.26479 46886.48 -66230.5 5170.83 -71401.3 1653.9138
9.9 265.22758 602.74939 46604.138 -66625.5 5051.07 -71676.6 1652.4797
9.91 271.56179 -223.73319 46852.708 -66289 5171.7 -71460.7 1661.009
9.92 265.90466 -604.77835 47110.96 -66651.7 5063.97 -71715.7 1662.2431
9.93 265.63048 -567.72804 47066.652 -66632.8 5058.75 -71691.5 1657.8115
9.94 268.0405 0.8075968 46700.158 -66211 5104.64 -71315.6 1653.1853
9.95 287.1443 195.78083 46545.424 -66102.7 5468.46 -71571.2 1649.6997
9.96 263.76613 571.17697 46388.582 -66567 5023.24 -71590.2 1651.7046
9.97 267.73514 103.68495 46480.726 -66452 5098.83 -71550.8 1654.3685
9.98 270.77707 208.2102 46528.097 -67019 5156.76 -72175.8 1660.2294
