0 270.34959 121.40126 46490.411 -63434.6 5165.48 -68600.1 10.791247
0.01 272.66642 163.57846 46554.648 -63493.5 5209.74 -68703.2 23.617919
0.02 274.30387 -563.48372 46812.099 -63104.5 5241.03 -68345.6 36.239491
0.03 276.74385 -211.91809 46483.18 -62925.9 5287.65 -68213.5 49.347041
0.04 264.39785 -846.33618 46805.629 -63332.1 5051.76 -68383.8 60.872618
0.05 279.54053 -502.25528 46613.741 -63146.8 5341.09 -68487.9 71.409082
0.06 276.85018 416.88817 46054.941 -62880.2 5289.68 -68169.9 83.6113
0.07 282.26145 -775.38151 46796.453 -63067.1 5393.07 -68460.2 94.980628
0.08 261.12678 461.85377 46424.86 -63560.1 4989.26 -68549.4 105.33298
0.09 277.41433 -749.25329 46683.846 -63357.6 5300.46 -68658.1 115.0917
0.1 269.08341 366.38018 46172.13 -63194.6 5141.28 -68335.9 127.66909
0.11 273.88068 176.65871 46182.152 -63258.9 5232.94 -68491.9 139.24844
0.12 267.00438 -357.28931 46607.805 -62941.8 5101.56 -68043.4 151.41992
0.13 269.76493 -491.07412 46498.936 -62934 5154.31 -68088.3 162.82451
0.14 283.63407 -364.11861 46627.186 -62510.8 5419.3 -67930.1 172.33979
0.15 272.16618 8.0859327 46198.237 -62495.8 5200.19 -67696 183.33886
0.16 277.79985 80.667694 46328.994 -62123 5307.83 -67430.9 192.27806
0.17 273.91477 -22.033533 46432.824 -62630.5 5233.6 -67864.1 206.52801
0.18 272.15763 230.35212 46383.761 -62947.4 5200.02 -68147.4 219.30065
0.19 264.12231 -322.82439 46502.947 -63044.1 5046.49 -68090.6 233.87924
0.2 275.01045 367.47058 46300.59 -62826.7 5254.53 -68081.3 244.82881
0.21 278.40448 -114.36475 46470.441 -63009.6 5319.38 -68329 254.80366
0.22 279.92247 12.711084 46603.753 -63039.5 5348.38 -68387.9 266.53658
0.23 269.93986 -667.04836 46603.545 -63009.9 5157.65 -68167.6 276.90613
0.24 268.20686 -301.30556 46630.361 -63192.6 5124.54 -68317.2 291.14577
0.25 281.20551 702.6893 46191.667 -63356.3 5372.9 -68729.2 300.14412
0.26 264.09759 -949.86839 46709.672 -63466.5 5046.02 -68512.5 309.89209
0.27 266.24386 -1.9742924 46288.704 -63602.6 5087.03 -68689.6 314.12841
0.28 277.26775 381.99095 46459.16 -63512.2 5297.66 -68809.8 322.67807
0.29 278.98702 -391.63692 46746.485 -63032.1 5330.51 -68362.6 331.80872
0.3 264.93948 -576.85045 46858.174 -63564.2 5062.11 -68626.3 338.71748
0.31 263.63777 5.835283 46426.258 -63382.3 5037.24 -68419.6 343.60787
0.32 267.4903 268.44255 46488.22 -63859.7 5110.85 -68970.5 356.74288
0.33 276.60853 -56.74975 46538.161 -63338.3 5285.06 -68623.3 366.83924
0.34 267.7679 -7.6248074 46609.591 -63547.9 5116.15 -68664.1 378.69555
0.35 279.6748 9.554745 46463.482 -63476.3 5343.65 -68819.9 382.43826
0.36 267.58488 147.88708 46510.317 -63307.1 5112.65 -68419.7 389.55532
0.37 277.66304 -213.74746 46729.945 -63490.6 5305.21 -68795.8 400.0267
0.38 281.48197 -93.556551 46728.605 -63274.8 5378.18 -68653 411.60023
0.39 279.11037 755.57779 46146.251 -63893.5 5332.87 -69226.4 418.36249
0.4 273.95591 -443.56824 46773.99 -63849.4 5234.38 -69083.8 431.05867
0.41 278.05998 281.88503 46659.262 -63192.8 5312.8 -68505.6 437.57266
0.42 273.19632 71.621037 46329.804 -64004.4 5219.87 -69224.3 443.44882
0.43 269.05794 370.42178 46599.813 -63563.2 5140.8 -68704 455.95045
0.44 272.05789 127.69129 46424.774 -63798.4 5198.12 -68996.5 465.20341
0.45 273.14743 -684.89093 46676.741 -63694 5218.93 -68913 473.63971
0.46 284.12726 130.72626 46376.77 -63059.5 5428.72 -68488.2 481.25949
0.47 273.17008 -236.03781 46392.729 -63502.3 5219.37 -68721.6 491.24046
0.48 273.19389 459.60258 45968.307 -62978.2 5219.82 -68198 498.23159
0.49 267.4662 -338.20105 46469.967 -63322 5110.39 -68432.4 511.52457
0.5 276.67259 -42.882916 46471.816 -62959.2 5286.29 -68245.5 522.00383
0.51 263.95896 -382.79334 46512.146 -63327 5043.37 -68370.4 532.05348
0.52 278.28686 -202.36286 46759.913 -62897.3 5317.13 -68214.4 545.27829
0.53 264.47954 60.570794 46447.714 -63208.7 5053.32 -68262 551.77236
0.54 274.06316 -427.21049 46525.772 -63040.4 5236.43 -68276.8 557.13914
0.55 268.36573 -133.97656 46423.794 -63060.6 5127.57 -68188.2 563.69256
0.56 265.04955 469.25134 46078.068 -63033.7 5064.21 -68097.9 573.40723
0.57 268.25885 44.367148 46398.268 -62882.9 5125.53 -68008.5 588.82378
0.58 263.34442 -391.02779 46459.544 -62828.1 5031.63 -67859.7 599.48604
0.59 272.88911 203.46697 46296.942 -62664 5214 -67878 611.90143
0.6 270.47459 496.27202 46131.933 -62864.5 5167.87 -68032.4 622.28046
0.61 274.52615 -234.37383 46419.844 -62809.1 5245.28 -68054.4 632.1089
0.62 272.62245 -193.92847 46454.603 -62955.6 5208.9 -68164.5 645.06362
0.63 275.51675 -438.57341 46748.971 -62507.6 5264.2 -67771.8 656.08268
0.64 275.19885 -229.6487 46367.406 -62973.6 5258.13 -68231.8 670.61668
0.65 276.7298 -374.57973 46568.113 -62678.2 5287.38 -67965.6 689.1136
0.66 272.26939 225.17861 46225.809 -62829.7 5202.16 -68031.8 700.70814
0.67 267.84079 -356.12495 46341.696 -62328.4 5117.54 -67446 707.94167
0.68 285.95519 630.54031 46077.646 -61949.4 5463.65 -67413.1 706.1947
0.69 269.91506 409.67039 46089.153 -61932.7 5157.17 -67089.9 721.82877
0.7 276.52331 -870.67029 46507.932 -61237.9 5283.44 -66521.3 741.47187
0.71 269.69857 -183.09721 46175.932 -61492.7 5153.04 -66645.8 749.89573
0.72 257.74195 -346.88393 46576.419 -60999.5 4924.59 -65924.1 778.58799
0.73 288.82253 28.045305 45715.733 -59780.9 5518.43 -65299.3 797.19076
0.74 266.89266 -199.28256 45715.795 -60319.8 5099.43 -65419.2 816.80209
0.75 273.0699 -148.66999 45601.777 -60080.5 5217.45 -65297.9 845.58964
0.76 269.04355 -604.2747 45885.289 -59978.7 5140.52 -65119.2 883.35866
0.77 273.65422 -124.4408 45883.358 -60066.2 5228.62 -65294.8 913.68718
0.78 268.12919 0.27453166 45823.434 -60159.3 5123.05 -65282.3 939.19351
0.79 268.74745 116.58936 45648.32 -60173.6 5134.87 -65308.5 968.2909
0.8 280.6858 825.21707 45768.538 -60084 5362.97 -65447 996.338
0.81 281.49059 132.86698 45733.967 -60116.6 5378.34 -65494.9 1010.2577
0.82 272.67394 -636.7149 46017.299 -60185.3 5209.89 -65395.2 1051.1032
0.83 263.38446 -333.96837 45849.685 -60460.5 5032.4 -65492.9 1084.2044
0.84 269.34765 382.54963 45863.662 -60164.7 5146.33 -65311 1112.0629
0.85 283.22623 527.29693 45341.047 -59854.4 5411.51 -65265.9 1135.5755
0.86 270.37102 487.90802 45764.292 -60186.1 5165.89 -65352 1178.9865
0.87 262.91113 505.73133 45470.139 -60515.8 5023.35 -65539.2 1195.5352
0.88 278.3788 325.92522 45745.076 -59922.7 5318.89 -65241.6 1227.9302
0.89 276.85668 -40.903902 45710.753 -60133.5 5289.81 -65423.3 1248.3347
0.9 279.93837 623.55759 45668.45 -59696.9 5348.69 -65045.6 1276.0721
0.91 270.38409 92.167103 45849.29 -60370.7 5166.14 -65536.9 1306.0491
0.92 285.6952 -170.61125 45997.46 -59640.5 5458.68 -65099.2 1326.791
0.93 285.80828 335.03743 45368.395 -60079.6 5460.84 -65540.4 1336.6952
0.94 268.37713 283.11955 45454.779 -60259.6 5127.79 -65387.4 1367.6176
0.95 268.01712 -22.553363 45676.933 -60032.7 5120.91 -65153.6 1396.2812
0.96 270.72479 144.75777 45769.303 -60034.1 5172.65 -65206.7 1428.5696
0.97 271.58565 495.4975 45367.181 -60339.5 5189.09 -65528.6 1449.2028
0.98 272.23902 -3.4531034 45623.577 -60086.4 5201.58 -65288 1478.595
0.99 272.46362 -186.64817 45815.026 -60198.7 5205.87 -65404.5 1498.4196
1 264.2151 -111.61398 45756.823 -60109.6 5048.27 -65157.9 1521.9757
1.01 262.16653 -615.46783 46165.228 -60360.7 5009.13 -65369.8 1553.7212
1.02 280.9074 -169.49706 45857.43 -60097.2 5367.2 -65464.4 1588.4607
1.03 266.41833 957.21292 45545.451 -60338.4 5090.36 -65428.8 1613.8449
1.04 271.72741 -288.28945 46092.28 -59927.3 5191.8 -65119.1 1661.4889
1.05 267.39337 -153.31935 45932.503 -60293.7 5108.99 -65402.7 1686.2991
1.06 271.13695 162.43711 45976.048 -60149.8 5180.52 -65330.3 1706.5663
1.07 262.96042 -136.27793 45738.853 -60178.6 5024.29 -65202.9 1726.9272
1.08 274.08593 -718.83346 46198.605 -59968.2 5236.87 -65205.1 1773.2087
1.09 273.35005 135.21718 45844.814 -60098.4 5222.81 -65321.2 1796.0246
1.1 272.54154 -447.76324 46283.43 -60095.7 5207.36 -65303.1 1835.7884
1.11 277.11913 -391.91649 46147.032 -59618.9 5294.82 -64913.7 1851.1358
1.12 275.50711 356.73061 46038.884 -60298.5 5264.02 -65562.5 1868.2539
1.13 281.3116 628.23409 45699.025 -59962.8 5374.92 -65337.7 1877.5544
1.14 274.01553 -256.51811 45879.123 -60077.5 5235.52 -65313 1901.6924
1.15 266.4121 566.86654 45421.426 -60488.1 5090.25 -65578.4 1909.6681
1.16 271.52717 -18.554829 45758.593 -60255.3 5187.98 -65443.3 1945.8466
1.17 274.28632 -203.87643 45710.334 -60186.9 5240.7 -65427.6 1963.7208
1.18 263.45251 441.32528 45878.489 -60485.2 5033.7 -65518.9 1986.2514
1.19 267.14604 269.30419 45652.818 -60210.2 5104.27 -65314.5 2001.21
1.2 277.33388 -120.8617 45983.513 -59970 5298.92 -65268.9 2043.9702
1.21 277.97805 -300.78473 45892.443 -60104 5311.23 -65415.2 2074.6562
1.22 274.73364 370.91468 45711.849 -60187.1 5249.24 -65436.4 2097.3525
1.23 275.21904 -232.81509 45808.554 -60104.1 5258.52 -65362.6 2135.6216
1.24 277.56159 -491.91683 45882.029 -59894.1 5303.27 -65197.4 2163.8379
1.25 269.94331 -602.23874 46094.482 -60095.3 5157.71 -65253.1 2196.7496
1.26 273.97603 -73.180351 45674.397 -59999.4 5234.77 -65234.1 2217.9021
1.27 270.24396 607.47556 45824.173 -60172.5 5163.46 -65335.9 2246.1104
1.28 274.08308 769.39602 45596.104 -59936.6 5236.81 -65173.4 2261.7841
1.29 275.14681 395.4441 45650.238 -59979.8 5257.14 -65237 2290.4208
1.3 259.42624 -6.6244886 46086.531 -60304.6 4956.77 -65261.3 2332.5569
1.31 274.64102 -493.94853 45985.572 -59987.1 5247.47 -65234.6 2358.28
1.32 271.57617 -359.93426 45861.303 -60359.5 5188.91 -65548.4 2379.5007
1.33 276.7358 530.40909 45654.283 -60088.3 5287.5 -65375.8 2396.2423
1.34 274.67786 187.12148 45885.298 -60284.2 5248.18 -65532.3 2439.2206
1.35 263.51711 398.28826 45732.847 -60323.1 5034.93 -65358.1 2462.9214
1.36 272.07238 -433.71184 46139.135 -60063.4 5198.39 -65261.8 2498.1975
1.37 272.03806 -410.69652 46279.768 -59947 5197.74 -65144.7 2522.1861
1.38 275.8166 -558.38983 46002.5 -60030.1 5269.93 -65300 2535.2911
1.39 274.59972 -226.17144 45630.497 -60420 5246.68 -65666.6 2563.5166
1.4 273.04749 391.49983 45663.671 -60062.4 5217.02 -65279.4 2597.5901
1.41 265.00714 104.00443 45563.525 -60204 5063.4 -65267.4 2627.4381
1.42 263.43613 282.73031 45649.507 -60247.2 5033.38 -65280.6 2660.7135
1.43 284.66154 219.91951 45864.915 -59882.3 5438.93 -65321.3 2688.7767
1.44 273.78403 557.32014 45771.833 -60155 5231.1 -65386.1 2710.9159
1.45 271.23971 -142.9115 45953.894 -60107.1 5182.48 -65289.5 2754.3292
1.46 262.69917 -577.25852 45769.241 -60452.4 5019.3 -65471.7 2782.1362
1.47 273.47281 142.61768 45806.554 -60256 5225.15 -65481.2 2806.9076
1.48 270.55581 -569.9823 45906.281 -60158.2 5169.42 -65327.6 2832.3182
1.49 271.97465 172.16824 46107.14 -60363.9 5196.53 -65560.4 2861.041
1.5 267.67106 -192.04746 45684.676 -60101.9 5114.3 -65216.2 2871.9548
1.51 271.58849 587.8207 45633.174 -60022.6 5189.15 -65211.8 2906.3184
1.52 270.1023 -519.92741 45832.068 -60263.6 5160.75 -65424.3 2941.3144
1.53 268.85408 -570.90379 45873.003 -60133.5 5136.9 -65270.4 2988.1407
1.54 269.13005 285.91898 45404.259 -60252.1 5142.18 -65394.2 2999.1502
1.55 277.3019 -89.141397 45620.727 -59868.5 5298.31 -65166.8 3026.6984
1.56 263.80521 -121.88189 45672.897 -60216.3 5040.44 -65256.7 3063.0849
1.57 267.06933 709.88381 45774.846 -60118.3 5102.8 -65221.1 3090.3224
1.58 272.35229 -391.65032 45819.355 -60184.5 5203.74 -65388.2 3131.2111
1.59 264.99863 29.969765 45762.914 -60409.3 5063.24 -65472.5 3156.8553
1.6 272.21131 341.99117 45647.403 -60256.1 5201.05 -65457.2 3173.1837
1.61 288.84918 197.86055 45636.257 -59784.8 5518.94 -65303.8 3202.38
1.62 267.67469 -45.291517 46017.941 -60217.9 5114.37 -65332.3 3252.3233
1.63 283.5714 -141.00014 45989.918 -59783.2 5418.1 -65201.3 3290.7103
1.64 263.00347 -338.40949 45780.222 -60014 5025.12 -65039.1 3305.3933
1.65 271.25526 190.10595 45979.247 -60222 5182.78 -65404.8 3341.2841
1.66 266.23267 94.929685 46051.89 -60054.8 5086.82 -65141.6 3388.8615
1.67 274.40887 -532.71238 45877.397 -60008.7 5243.04 -65251.7 3424.3043
1.68 277.06004 711.95569 45613.06 -60314.2 5293.69 -65607.9 3441.1139
1.69 275.66317 -160.11306 46040.489 -59954.8 5267 -65221.8 3504.8674
1.7 272.11787 352.38262 45886.372 -60301 5199.26 -65500.3 3542.1504
1.71 274.53425 389.18586 45800.02 -60132.4 5245.43 -65377.9 3587.7638
1.72 278.88612 1018.7499 45326.873 -60200.5 5328.58 -65529.1 3582.8518
1.73 280.13334 -442.18346 45758.769 -59963 5352.41 -65315.4 3650.2127
1.74 270.9004 949.99916 45419.091 -60050.1 5176 -65226.1 3656.4764
1.75 272.82534 -497.30003 45831.019 -60434.9 5212.78 -65647.7 3713.6658
1.76 267.99645 -699.25949 45764.279 -60208.1 5120.52 -65328.6 3737.4087
1.77 288.83297 -220.43466 45943.466 -59766.8 5518.63 -65285.4 3794.6947
1.78 270.32282 148.08658 45470.524 -60259.1 5164.97 -65424.1 3801.6296
1.79 275.91501 -345.94804 45850.775 -60241.5 5271.81 -65513.3 3840.4964
1.8 279.78093 424.47478 45432.838 -60011.2 5345.68 -65356.9 3863.0651
1.81 257.63543 145.81865 45542.911 -60394.1 4922.55 -65316.7 3899.6906
1.82 272.16942 169.25361 45844.515 -60081.7 5200.25 -65281.9 3951.9569
1.83 277.66806 -180.04992 46015.121 -59879.3 5305.31 -65184.6 4001.2099
1.84 274.14069 -186.79547 45853.757 -60028.3 5237.91 -65266.3 4026.9872
1.85 271.86411 146.87946 45655.234 -60228.4 5194.41 -65422.8 4035.5043
1.86 280.07414 874.60233 45517.572 -60183.1 5351.28 -65534.4 4059.9612
1.87 272.88046 -62.970064 45756.632 -60329.1 5213.83 -65542.9 4107.4343
1.88 278.14072 109.15108 45590.19 -59930.4 5314.34 -65244.7 4131.088
1.89 266.94529 -491.69455 45981.286 -60172.2 5100.43 -65272.6 4179.4014
1.9 265.65741 -243.99265 45666.544 -60328.8 5075.83 -65404.7 4209.8197
1.91 264.56241 592.17925 45573.012 -60327.9 5054.9 -65382.8 4245.9124
1.92 276.90493 121.23907 45515.533 -59931.6 5290.73 -65222.3 4291.0186
1.93 273.44105 -421.59909 45786.499 -60197.8 5224.54 -65422.4 4325.768
1.94 280.86876 318.37663 45924.274 -60119.4 5366.46 -65485.9 4350.092
1.95 268.93431 373.97421 45637.505 -60096.1 5138.44 -65234.6 4346.7237
1.96 275.10718 663.19267 45527.44 -60283 5256.38 -65539.4 4358.571
1.97 277.43764 306.29468 45769.064 -59990 5300.91 -65290.9 4406.1594
1.98 276.01263 349.84216 45598.938 -60269.9 5273.68 -65543.6 4450.2151
1.99 255.79355 16.767045 45778.555 -60428.9 4887.36 -65316.2 4480.9087
2 268.64078 -545.06789 46161.846 -60105.4 5132.83 -65238.2 4538.5106
2.01 279.04954 -76.268977 45691.383 -60018 5331.7 -65349.7 4514.3106
2.02 268.52859 -58.619876 45491.02 -60300.2 5130.68 -65430.9 4534.1004
2.03 277.06148 -2.2804509 45660.119 -59927.8 5293.72 -65221.5 4580.1009
2.04 277.19828 -429.12176 45885.345 -60199.8 5296.33 -65496.1 4637.2162
2.05 267.56347 -41.449043 45807.457 -60227.2 5112.24 -65339.5 4664.8774
2.06 281.56491 -973.1266 45831.37 -59864.2 5379.76 -65244 4691.1746
2.07 272.86425 -36.462614 45803.995 -60331.3 5213.52 -65544.8 4717.7171
2.08 275.4936 112.81075 46058.095 -60124.5 5263.76 -65388.2 4755.7077
2.09 269.0965 -661.71839 45948.46 -60313.5 5141.53 -65455 4789.8267
2.1 271.09702 777.5964 45350.616 -60168.7 5179.76 -65348.5 4781.9791
2.11 276.92436 68.575146 45923.901 -59908.2 5291.1 -65199.3 4842.3868
2.12 261.02792 -469.16052 46142.031 -60157.6 4987.37 -65145 4901.4142
2.13 272.11614 -361.19885 45837.571 -59985.1 5199.23 -65184.3 4912.9175
2.14 266.79676 -59.183034 45935.174 -60261.4 5097.59 -65359 4958.9882
2.15 275.87359 278.3264 45677.585 -60183.5 5271.02 -65454.5 4974.6131
2.16 267.09915 -905.13981 45903.372 -60564.6 5103.37 -65667.9 5025.2559
2.17 271.73058 -380.65418 45962.604 -60060.4 5191.86 -65252.2 5062.5499
2.18 267.84072 -458.09933 45914.673 -60268.1 5117.54 -65385.6 5089.5932
2.19 269.34541 451.56444 45628.86 -60548.6 5146.29 -65694.9 5112.0532
2.2 273.16473 -107.23038 45359.377 -60216.2 5219.27 -65435.4 5136.9829
2.21 268.10903 -155.50472 46025.922 -60267.9 5122.67 -65390.6 5248.0473
2.22 276.83056 381.35696 45878.777 -60088.4 5289.31 -65377.7 5271.6742
2.23 274.20567 -489.47747 45954.988 -59928 5239.15 -65167.1 5310.7616
2.24 279.0165 -96.302306 45480.274 -60028.6 5331.07 -65359.7 5302.5142
2.25 266.81686 -75.231961 45916.492 -60310.3 5097.98 -65408.3 5343.1863
2.26 279.38341 179.59923 46042.766 -60152.5 5338.08 -65490.6 5383.8023
2.27 272.23011 -168.12496 45907.318 -60481.5 5201.41 -65682.9 5390.3866
2.28 277.87757 -484.41136 45981.921 -60132.6 5309.31 -65441.9 5417.7533
2.29 269.00796 93.161919 45905.354 -59908.1 5139.84 -65047.9 5461.5467
2.3 275.47497 -370.07366 45842.919 -60113.6 5263.41 -65377 5474.8085
2.31 273.6792 -529.01446 46087.555 -60451.4 5229.1 -65680.5 5547.1003
2.32 276.22879 886.53493 45391.17 -60075.5 5277.81 -65353.3 5520.7857
2.33 282.71841 506.41582 45670.089 -59893.2 5401.8 -65295 5584.5846
2.34 274.42514 473.71504 45481.857 -60207.5 5243.35 -65450.8 5607.2702
2.35 272.68655 -39.999345 45753.12 -60339.8 5210.13 -65549.9 5653.4293
2.36 270.40095 -51.137551 46002.888 -60009 5166.46 -65175.5 5691.8222
2.37 264.6537 124.99575 45684.8 -60280.9 5056.65 -65337.6 5688.7623
2.38 274.75964 -212.05788 45517.151 -60139.4 5249.74 -65389.1 5717.6657
2.39 278.09652 -194.76607 45668.169 -60066.6 5313.5 -65380.1 5760.0123
2.4 270.5222 -559.2212 45938.866 -60193.4 5168.78 -65362.2 5815.3086
2.41 272.19739 -232.97952 46033.065 -60244.1 5200.78 -65444.9 5872.832
2.42 273.49789 -84.409635 45770.229 -59959.7 5225.63 -65185.3 5887.8406
2.43 283.69339 319.64272 45942.051 -59606.1 5420.43 -65026.5 5954.9842
2.44 269.20468 215.8921 45761.244 -60273.1 5143.6 -65416.7 5963.5706
2.45 279.03149 695.28542 45521.192 -59852.2 5331.36 -65183.6 5983.5235
2.46 273.09946 -152.33072 46058.184 -60187.3 5218.02 -65405.4 6040.8374
2.47 272.75639 -105.60087 45824.58 -60220.2 5211.46 -65431.6 6046.5917
2.48 265.84139 287.21618 45392.373 -60224.2 5079.34 -65303.6 6055.7079
2.49 279.23411 -783.17738 45765.459 -59877 5335.23 -65212.2 6120.3574
2.5 272.57429 277.27704 45725.679 -59918.6 5207.98 -65126.5 6184.3335
2.51 276.94185 -300.57895 45910.878 -60009.2 5291.43 -65300.6 6253.5967
2.52 275.5787 -22.889707 45649.606 -60166.5 5265.39 -65431.9 6289.1967
2.53 273.41051 -210.42009 45892.518 -60082.4 5223.96 -65306.3 6341.6981
2.54 263.66616 357.75473 45762.39 -59884.2 5037.78 -64922 6366.9185
2.55 277.4744 291.70339 45701.178 -60102 5301.61 -65403.6 6383.7943
2.56 264.94429 -23.063148 45775.915 -60322.1 5062.2 -65384.3 6389.764
2.57 279.29419 -13.479667 45715.058 -59979.9 5336.38 -65316.3 6388.5479
2.58 280.72436 463.42499 45645.041 -60235 5363.7 -65598.7 6413.1683
2.59 270.93013 -1320.7093 46261.166 -60094.2 5176.57 -65270.8 6500.7799
2.6 278.83782 -235.16492 45579.028 -59905.6 5327.66 -65233.2 6477.9855
2.61 255.08791 -271.95336 45958.66 -60693.6 4873.88 -65567.5 6508.4822
2.62 279.57969 49.07243 45971.168 -60002.5 5341.83 -65344.3 6522.0849
2.63 270.18746 301.35374 45969.422 -60075.5 5162.38 -65237.9 6564.5517
2.64 270.11594 83.852927 45673.424 -60132.7 5161.01 -65293.7 6575.4368
2.65 279.85656 331.59756 45792.55 -60040.7 5347.12 -65387.9 6608.7087
2.66 270.31248 566.06311 45482.897 -60335.9 5164.77 -65500.7 6629.0928
2.67 278.73249 -573.46013 45827.669 -60338.8 5325.65 -65664.4 6681.1162
2.68 275.50041 -193.65006 45777.812 -60127.3 5263.89 -65391.2 6706.7938
2.69 284.67815 89.915095 45296.858 -59726.8 5439.25 -65166.1 6704.9301
2.7 271.78224 -593.6049 45944.858 -60053.2 5192.85 -65246.1 6810.7977
2.71 275.0261 -598.42868 45769.051 -60395.4 5254.83 -65650.3 6820.7829
2.72 271.87184 507.61101 45710.51 -60098.8 5194.56 -65293.4 6859.9033
2.73 270.90628 -198.3219 45784.453 -60200.2 5176.11 -65376.3 6883.2375
2.74 273.62064 99.029527 45588.043 -60149.6 5227.98 -65377.5 6867.8523
2.75 279.56859 293.28553 45860.693 -60067.8 5341.62 -65409.4 6905.8217
2.76 259.22837 -570.98752 46026.088 -60347 4952.99 -65300 6967.3834
2.77 280.55737 286.21114 45693.149 -59859.3 5360.51 -65219.8 6950.8718
2.78 265.48724 -248.12424 46219.869 -60293 5072.57 -65365.5 7032.8112
2.79 277.85233 631.8111 45726.512 -59877.2 5308.83 -65186 7004.9427
2.8 278.7191 762.31374 45425.918 -60142.9 5325.39 -65468.3 7009.719
2.81 274.41495 -548.73424 46215.88 -60384.3 5243.15 -65627.5 7096.5916
2.82 271.23398 -515.73228 45958.012 -60005.5 5182.38 -65187.9 7104.6872
2.83 263.28015 340.87115 45890.469 -60437 5030.4 -65467.4 7142.7559
2.84 279.40783 -325.11522 45865.265 -60052.6 5338.55 -65391.2 7189.7461
2.85 270.13159 360.29195 45631.72 -60300.7 5161.31 -65462 7187.9903
2.86 268.55915 -133.46245 45934.028 -60257.7 5131.27 -65389 7222.6075
2.87 280.16768 706.52301 45792.996 -59880.9 5353.07 -65234 7240.4685
2.88 263.46655 -285.36452 45876.612 -60292.3 5033.97 -65326.3 7282.7223
2.89 268.13747 541.04267 45445.904 -60452.1 5123.21 -65575.3 7238.993
2.9 270.22384 -126.88005 45559.204 -60100.9 5163.07 -65263.9 7266.8701
2.91 268.65285 655.73277 45386.569 -60267 5133.06 -65400.1 7280.8134
2.92 272.98179 -567.24167 46084.143 -59974.7 5215.77 -65190.5 7401.2168
2.93 274.76752 -82.72062 45885.534 -60401.3 5249.89 -65651.2 7403.8225
2.94 264.93256 244.36062 45627.271 -60405.1 5061.98 -65467.1 7384.2555
2.95 265.79915 -558.889 45832.6 -60011.3 5078.53 -65089.9 7439.4171
2.96 272.54492 -827.89362 45841.87 -60193.7 5207.42 -65401.1 7454.8406
2.97 263.86869 216.31988 45787.796 -60268.9 5041.65 -65310.5 7477.5977
2.98 269.96797 -719.88266 45853.65 -60053.2 5158.19 -65211.3 7528.2135
2.99 272.35445 68.345194 45933.544 -60369.4 5203.78 -65573.2 7553.0611
3 272.371 -92.252283 46039.21 -60131.9 5204.1 -65336 7587.1043
3.01 284.08589 120.83347 45820.318 -59973.8 5427.93 -65401.8 7592.947
3.02 273.03646 -120.28441 45562.27 -60324.6 5216.81 -65541.4 7597.3089
3.03 270.18979 -269.53151 45988.389 -59952.2 5162.42 -65114.7 7679.3552
3.04 278.95874 99.794076 45793.791 -60058.5 5329.97 -65388.5 7667.352
3.05 275.86976 361.19836 45839.049 -60267.9 5270.95 -65538.8 7692.2356
3.06 276.1208 -74.804554 45856.364 -60380.2 5275.75 -65655.9 7708.883
3.07 281.99069 -247.42082 45819.743 -59867.8 5387.9 -65255.7 7728.0068
3.08 269.85427 -150.16502 45764.128 -60182.8 5156.01 -65338.8 7741.8943
3.09 284.20857 -658.91597 45874.359 -59783.3 5430.28 -65213.6 7769.8477
3.1 274.25339 -61.135827 45755.023 -60341.9 5240.07 -65582 7755.0022
3.11 273.31987 -324.45007 45862.372 -60044.5 5222.23 -65266.7 7806.5537
3.12 277.52379 -523.14187 45818.145 -60049.1 5302.55 -65351.6 7834.6256
3.13 267.16356 900.67538 45188.012 -60269.3 5104.6 -65373.9 7812.2937
3.14 271.10019 -143.29235 45731.008 -59972.1 5179.82 -65151.9 7899.9825
3.15 278.4887 -184.97045 45856.352 -60112.4 5320.99 -65433.4 7934.0378
3.16 277.39034 -337.6752 45769.13 -60017.5 5300 -65317.5 7946.1951
3.17 265.78072 -505.40931 46176.834 -60041.2 5078.18 -65119.3 8017.3285
3.18 275.38638 -168.7373 45704.782 -60233.9 5261.71 -65495.6 7986.1887
3.19 264.54239 -561.08141 46048.546 -60163.4 5054.52 -65217.9 8038.7913
3.2 260.49082 -746.1043 46014.401 -60498.1 4977.11 -65475.2 8053.9829
3.21 269.76316 -669.30054 45773.99 -60185 5154.27 -65339.2 8056.6025
3.22 276.12215 -166.08814 45851.318 -59943.9 5275.77 -65219.7 8090.1848
3.23 277.08348 -34.012975 45720.355 -60070.1 5294.14 -65364.3 8110.9774
3.24 271.71595 686.46778 45608.147 -60403.5 5191.58 -65595.1 8138.8374
3.25 268.76886 -100.74629 46100.301 -60007.1 5135.28 -65142.4 8204.0252
3.26 269.17626 -35.87986 45677.935 -60497.5 5143.06 -65640.6 8182.7238
3.27 278.88427 198.46079 45576.63 -60026.1 5328.55 -65354.6 8207.7096
3.28 275.69649 1133.8824 45725.635 -60103 5267.64 -65370.6 8247.3893
3.29 275.3295 -222.73169 46003.718 -60335.9 5260.63 -65596.6 8295.5914
3.3 259.62927 139.91838 45866.167 -60846.4 4960.65 -65807 8307.8672
3.31 279.04078 -98.161754 45842.431 -60293.3 5331.54 -65624.8 8315.37
3.32 272.51719 -18.773766 45532.208 -60337 5206.89 -65543.9 8303.4137
3.33 273.75939 -331.51178 46024.743 -60351 5230.63 -65581.6 8368.8722
3.34 274.60812 470.52819 45437.526 -60119.7 5246.84 -65366.6 8295.0762
3.35 280.21756 -187.74039 45774.041 -60154.9 5354.02 -65509 8377.0719
3.36 275.15438 -634.41559 46061.937 -60165.4 5257.28 -65422.6 8428.1843
3.37 272.77385 -154.85602 45615.005 -60355.1 5211.8 -65566.9 8412.6127
3.38 276.37008 -196.41443 45805.103 -59942.9 5280.51 -65223.4 8475.8179
3.39 272.48361 234.63197 45572.194 -60204.4 5206.25 -65410.7 8468.5155
3.4 278.41153 260.85099 45634.848 -60285.3 5319.51 -65604.8 8512.8018
3.41 269.0253 1072.2647 45467.289 -60223.5 5140.17 -65363.7 8507.6717
3.42 271.00202 -510.96442 45840.313 -60122.2 5177.94 -65300.1 8572.1903
3.43 274.27781 208.76773 45844.411 -60029.2 5240.53 -65269.7 8608.2651
3.44 268.17121 -79.487911 45829.395 -60297.3 5123.86 -65421.1 8621.5295
3.45 274.58608 -14.475025 45781.625 -60002.7 5246.42 -65249.2 8641.0923
3.46 266.10064 224.90654 45575.581 -60338.4 5084.29 -65422.7 8626.2757
3.47 281.45844 -721.42357 46071.961 -59924.8 5377.73 -65302.6 8687.2174
3.48 279.1439 32.887478 46136.842 -60161.6 5333.51 -65495.1 8729.2533
3.49 283.06243 353.22281 45846.742 -59905.8 5408.38 -65314.2 8725.5173
3.5 274.81032 -77.676584 45854.609 -59944.9 5250.71 -65195.6 8750.819
3.51 273.46409 -99.781346 45511.534 -60387.3 5224.99 -65612.2 8737.1635
3.52 268.5361 144.35501 46187.864 -60379.3 5130.83 -65510.2 8847.4095
3.53 264.28888 -68.846286 45842.405 -60126.1 5049.68 -65175.7 8823.855
3.54 269.9393 170.09015 45954.018 -60196 5157.64 -65353.6 8870.3231
3.55 264.89815 -306.80441 45635.787 -60374.9 5061.32 -65436.3 8871.7706
3.56 272.58916 44.169696 45928.601 -60394 5208.27 -65602.3 8928.3785
3.57 280.92144 -787.46141 45997.832 -59875.3 5367.47 -65242.8 8970.533
3.58 286.86732 92.116221 45926.751 -60209.9 5481.08 -65691 8985.559
3.59 271.49037 462.87451 45445.623 -60749.9 5187.27 -65937.2 8958.9849
3.6 279.25215 -256.68742 45660.912 -60041.1 5335.58 -65376.7 9029.8433
3.61 267.44301 396.10662 45309.609 -60186.8 5109.94 -65296.7 9033.6776
3.62 284.71685 291.74073 45734.428 -60021.3 5439.99 -65461.3 9113.7132
3.63 268.39631 -351.44349 45728.601 -60223.6 5128.16 -65351.8 9133.3668
3.64 259.15045 -490.98246 45833.649 -60532.3 4951.5 -65483.8 9168.3654
3.65 272.08207 -59.236248 45738.935 -59964.4 5198.58 -65163 9185.2556
3.66 263.72511 -62.454937 46023.989 -60486.2 5038.91 -65525.1 9251.0636
3.67 269.96541 -312.24816 46095.273 -60049.8 5158.14 -65208 9281.0671
3.68 275.29706 -151.15202 45691.543 -60048.4 5260.01 -65308.4 9244.4911
3.69 274.22298 358.4423 45547.023 -60495.5 5239.48 -65735 9263.6153
3.7 274.54388 1129.8086 45517.369 -59947.4 5245.62 -65193 9288.2901
3.71 270.65316 1020.9819 45577.104 -60212.2 5171.28 -65383.5 9325.2085
3.72 276.83141 -753.77696 45754.536 -59988.6 5289.32 -65277.9 9388.6377
3.73 269.91515 153.89658 45670.809 -60129 5157.18 -65286.1 9392.8359
3.74 275.18272 -251.46874 45905.919 -60030.3 5257.82 -65288.1 9461.7907
3.75 265.24932 -837.78106 46105.794 -60353 5068.03 -65421 9526.562
3.76 264.29578 -635.47652 46128.218 -60248.9 5049.81 -65298.7 9576.8155
3.77 265.78716 -411.94332 46008.889 -60080.3 5078.3 -65158.6 9579.3442
3.78 268.33705 217.4157 45552.258 -60327.6 5127.02 -65454.7 9565.6915
3.79 271.39693 -453.5183 45811.777 -60224.8 5185.49 -65410.3 9631.3614
3.8 281.58487 238.32656 45816.501 -59858.7 5380.15 -65238.9 9640.3101
3.81 272.0009 391.51038 45520.066 -60103.2 5197.03 -65300.2 9634.7756
3.82 278.27608 189.01999 45618.505 -59918.7 5316.93 -65235.7 9667.3946
3.83 268.38455 -207.57482 45469.625 -60272 5127.93 -65399.9 9665.3221
3.84 280.66253 -202.17087 45913.372 -59950 5362.52 -65312.5 9771.3594
3.85 280.67959 665.20329 45377.916 -60127.6 5362.85 -65490.4 9714.6918
3.86 275.55607 -143.8847 45745.816 -60048.5 5264.96 -65313.4 9803.6146
3.87 268.59426 -279.83516 46073.437 -60277.2 5131.94 -65409.1 9871.2218
3.88 272.10493 447.55932 45688.508 -60088.8 5199.02 -65287.8 9878.5597
3.89 266.80044 335.61658 45789.507 -60187.9 5097.67 -65285.6 9898.2504
3.9 275.86881 76.925465 45844.495 -59894.8 5270.93 -65165.7 9944.7927
3.91 270.23116 -1011.7544 45962.805 -60089.6 5163.21 -65252.8 10000.38
3.92 282.46707 355.47098 45520.354 -59820.6 5397 -65217.6 9967.1587
3.93 271.75897 -33.175338 45693.483 -60123.4 5192.41 -65315.8 10006.553
3.94 274.35848 -52.209708 46072.314 -60142.8 5242.07 -65384.9 10092.927
3.95 278.2281 -357.54875 45685.425 -60083.2 5316.01 -65399.2 10080.026
3.96 278.34423 381.77702 45652.898 -60088.3 5318.23 -65406.5 10120.375
3.97 269.21816 75.735915 45612.565 -60499.3 5143.86 -65643.2 10144.513
3.98 269.87414 172.37484 45626.07 -60286.5 5156.39 -65442.9 10203.443
3.99 278.50048 -633.61169 46130.824 -60115.2 5321.21 -65436.4 10322.455
4 268.65888 -457.645 45787.825 -60232.6 5133.17 -65365.8 10307.885
4.01 263.84956 -703.49818 46121.296 -60517.9 5041.28 -65559.2 10382.882
4.02 275.92485 383.3174 45756.143 -60317.4 5272 -65589.4 10331.488
4.03 274.00705 915.29628 45361.21 -60122 5235.36 -65357.4 10276.939
4.04 269.48969 230.63195 45788.801 -60543.7 5149.05 -65692.7 10371.543
4.05 278.38122 521.03292 45322.996 -60136.6 5318.94 -65455.5 10342.788
4.06 271.96437 -143.12025 45874.352 -60240.9 5196.33 -65437.2 10459.228
4.07 277.56776 57.779692 45846.59 -59987.9 5303.39 -65291.3 10503.894
4.08 272.01754 580.11616 45586.557 -60188.6 5197.35 -65386 10507.142
4.09 275.98592 474.27441 45847.92 -59961.3 5273.17 -65234.5 10577.228
4.1 265.09216 -75.202219 45680.414 -60434.3 5065.03 -65499.3 10573.795
4.11 270.56095 -83.0787 46085.42 -60212.6 5169.52 -65382.1 10664.038
4.12 273.51054 556.38533 45557.847 -59992.3 5225.87 -65218.2 10626.268
4.13 277.64038 348.40872 45786.919 -60343.8 5304.78 -65648.5 10690.918
4.14 277.74723 -226.24587 45719.237 -59764.3 5306.82 -65071.1 10724.038
4.15 264.69069 383.72276 45775.443 -60346.2 5057.35 -65403.6 10719.193
4.16 265.59269 53.369825 45750.635 -60486.8 5074.59 -65561.4 10739.454
4.17 271.68607 570.64958 45809.139 -60097.2 5191.01 -65288.2 10796.171
4.18 269.65648 -362.72414 45809.125 -60373.7 5152.23 -65526 10815.302
4.19 272.40578 -58.354007 45932.977 -60202.5 5204.76 -65407.2 10892.808
4.2 269.89488 587.60109 45784.198 -60215 5156.79 -65371.8 10927.556
4.21 274.22971 -399.95712 46071.885 -59816.5 5239.61 -65056.1 10994.219
4.22 280.12806 328.41393 45830.595 -60128.7 5352.31 -65481 10966.632
4.23 272.21206 -100.50285 45896.653 -60322 5201.06 -65523.1 10981.401
4.24 281.34505 245.40454 45648.507 -59909.3 5375.56 -65284.9 11001.455
4.25 267.96864 -535.6227 45762.642 -60347.2 5119.99 -65467.2 11071.139
4.26 275.09027 -248.83256 45990.034 -60031.4 5256.06 -65287.5 11161.367
4.27 281.08681 314.84796 45500.231 -60019.1 5370.63 -65389.8 11099.09
4.28 258.57737 -531.83446 46042.58 -60507.7 4940.55 -65448.2 11223.566
4.29 271.71952 65.332379 45729.215 -60151.4 5191.65 -65343 11195.7
4.3 269.14434 224.89556 45687.335 -60131.9 5142.45 -65274.4 11205.543
4.31 265.40718 71.28226 45628.349 -60322.9 5071.04 -65394 11219.043
4.32 278.91301 306.41667 45884.892 -59857.4 5329.1 -65186.5 11292.92
4.33 275.05606 -292.83666 45802.445 -60089.3 5255.4 -65344.7 11306.512
4.34 270.15791 -372.80622 45726.083 -60460.3 5161.82 -65622.1 11348.692
4.35 279.15334 213.54543 45733.43 -60131.7 5333.69 -65465.4 11380.49
4.36 280.58676 314.22834 45789.465 -59961.4 5361.08 -65322.5 11429.211
4.37 266.65118 777.87706 45448.339 -60240 5094.81 -65334.8 11419.743
4.38 271.11871 -542.93122 45899.948 -59811.5 5180.17 -64991.7 11518.176
4.39 274.10249 -273.78571 45908.587 -60098.9 5237.18 -65336.1 11535.954
4.4 277.09068 1156.4934 45313.601 -59913.5 5294.28 -65207.8 11486.168
4.41 282.6834 -168.12267 45785.715 -59925.2 5401.14 -65326.3 11596.375
4.42 269.91065 -297.83106 45994.815 -60088.5 5157.09 -65245.6 11645.985
4.43 273.06571 313.65441 45616.445 -60222.5 5217.37 -65439.9 11612.824
4.44 272.74168 -566.61486 46076.752 -60311.2 5211.18 -65522.4 11692.541
4.45 283.74502 586.543 45873.036 -59862 5421.42 -65283.5 11696.605
4.46 273.21676 173.6087 45631.317 -60230.4 5220.26 -65450.7 11667.492
4.47 272.3015 -472.38911 45988.556 -60430.5 5202.77 -65633.3 11755.766
4.48 266.77001 96.251235 45782.305 -60079.4 5097.08 -65176.5 11753.464
4.49 273.66829 -292.40083 45674.071 -60364.6 5228.89 -65593.4 11798.941
4.5 275.51697 -574.38402 45916.688 -59918.8 5264.21 -65183 11864.941
4.51 272.78673 -334.6974 45933.784 -60148.2 5212.04 -65360.3 11908.33
4.52 260.85229 161.2558 45760.072 -60489.2 4984.02 -65473.2 11893.959
4.53 277.57648 -135.75317 45882.793 -60010.4 5303.56 -65313.9 11951.472
4.54 274.92015 28.081938 45806.824 -60162.7 5252.81 -65415.5 11963.94
4.55 269.00629 -101.44867 46022.177 -60515.4 5139.81 -65655.2 12013.04
4.56 268.95911 -812.20393 46028.859 -60257.4 5138.91 -65396.3 12037.84
4.57 278.83351 -400.49355 45853.305 -60080 5327.58 -65407.6 11996.498
4.58 266.85671 267.19918 45666.261 -60122.3 5098.74 -65221 12023.295
4.59 265.93723 7.8468545 45790.419 -60222 5081.17 -65303.1 12081.808
4.6 273.28611 -149.69478 46024.59 -59899.5 5221.58 -65121.1 12122.563
4.61 266.3381 343.46391 45568.368 -60221.6 5088.83 -65310.4 12083.141
4.62 279.45104 -153.59586 45604.962 -60071.9 5339.38 -65411.2 12117.543
4.63 271.05601 46.09214 45494.873 -60674.4 5178.97 -65853.4 12118.65
4.64 277.20994 1.0947378 45831.331 -60334.2 5296.56 -65630.8 12182.843
4.65 276.50585 509.98541 45903.824 -60081.1 5283.1 -65364.2 12198.434
4.66 266.26989 246.72319 45593.957 -60415.6 5087.53 -65503.2 12178.715
4.67 268.08712 597.98855 45725.689 -60252 5122.25 -65374.3 12226.696
4.68 285.2043 -4.4260767 45954.683 -59813.8 5449.3 -65263.1 12304.006
4.69 273.95074 15.154314 45536.714 -60261.5 5234.28 -65495.8 12251.335
4.7 274.03817 -962.8046 46360.094 -60134.2 5235.95 -65370.2 12417.86
4.71 280.59621 441.65241 45804.094 -60325.1 5361.26 -65686.4 12333.157
4.72 266.2885 773.26798 45535.921 -60588.5 5087.88 -65676.4 12326.31
4.73 282.325 380.56855 45643.317 -60031.4 5394.29 -65425.7 12373.24
4.74 274.35752 224.01059 45933.927 -60029.1 5242.06 -65271.1 12450.327
4.75 260.28279 -311.6009 45703.781 -60325.9 4973.13 -65299 12425.828
4.76 278.69223 398.00454 45372.398 -60076.4 5324.88 -65401.2 12375.869
4.77 267.08339 84.912782 45890.022 -60366.5 5103.07 -65469.6 12506.037
4.78 278.6044 -553.75047 46049.369 -60188.3 5323.2 -65511.5 12561.817
4.79 267.91725 104.8826 45938.644 -60593.6 5119 -65712.6 12553.264
4.8 278.39405 -9.6199878 45733.568 -60209.4 5319.18 -65528.6 12519.556
4.81 284.73458 418.25401 45526.677 -59760.4 5440.33 -65200.7 12512.289
4.82 279.20054 -277.68163 45646.49 -59987.8 5334.59 -65322.4 12570.654
4.83 284.38814 -1168.5926 46273.312 -59875.9 5433.71 -65309.6 12704.827
4.84 270.88099 -231.05763 45706.102 -60065.6 5175.63 -65241.2 12622.024
4.85 269.18424 77.817196 45689.816 -60141.5 5143.21 -65284.7 12657.74
4.86 286.7651 619.10299 45662.242 -59562.1 5479.12 -65041.2 12687.141
4.87 271.01667 -852.74311 46047.228 -60011.6 5178.22 -65189.8 12812.668
4.88 278.20811 564.06524 45560.207 -60398.1 5315.63 -65713.7 12732.984
4.89 273.91711 -527.69817 46248.309 -59846.4 5233.64 -65080 12895.627
4.9 268.00732 -3.5426426 45884.316 -60314.9 5120.72 -65435.7 12837.401
4.91 277.09819 308.31135 45791.175 -60022.7 5294.42 -65317.1 12855.864
4.92 273.68833 -305.67103 46028.978 -60073.9 5229.27 -65303.2 12900.848
4.93 262.19092 -190.55788 45800.732 -60349.7 5009.59 -65359.3 12903.076
4.94 268.55359 366.85014 45716.786 -60094.4 5131.16 -65225.6 12925.455
4.95 273.23071 4.7523161 45631.733 -60325.3 5220.53 -65545.8 12940.293
4.96 276.82948 320.73323 45749.682 -60130.9 5289.29 -65420.2 12963.731
4.97 266.85076 519.01349 45622.653 -60152.2 5098.63 -65250.8 12954.938
4.98 269.15287 896.96125 45440.615 -59944.5 5142.61 -65087.1 12951.493
4.99 260.34168 -549.20151 45914.226 -60272.2 4974.26 -65246.4 13053.643
5 274.02067 -60.291666 45943.141 -60273 5235.62 -65508.6 13063.797
5.01 272.33614 230.93512 45495.139 -59969.5 5203.43 -65172.9 13008.747
5.02 278.48389 708.78168 45595.771 -59865.8 5320.9 -65186.7 13111.242
5.03 271.6155 350.79753 45611.587 -60221.1 5189.66 -65410.8 13139.776
5.04 278.86527 -160.39355 45610.034 -60119.7 5328.18 -65447.9 13143.664
5.05 269.68374 -719.3423 45862.623 -60209.6 5152.75 -65362.3 13232.37
5.06 267.90764 400.33729 45683.463 -60148.6 5118.82 -65267.5 13205.021
5.07 272.4043 -469.59472 46026.223 -60180.1 5204.74 -65384.8 13306.033
5.08 264.73428 -495.60997 46013.649 -60256.8 5058.19 -65315 13349.86
5.09 274.49507 155.92873 46290.837 -59947.3 5244.68 -65192 13428.917
5.1 271.77974 535.14 45618.433 -60105.6 5192.8 -65298.4 13341.183
5.11 271.31494 319.94553 45644.616 -60184.1 5183.92 -65368 13356.767
5.12 275.09943 -178.83231 45911.133 -60210.1 5256.23 -65466.3 13430.924
5.13 266.04595 -407.80227 45737.871 -60292.4 5083.25 -65375.7 13430.638
5.14 273.4797 -431.44743 45656.947 -60199.6 5225.28 -65424.9 13435.902
5.15 281.8434 413.14094 45494.272 -60206.2 5385.09 -65591.2 13417.983
5.16 283.46635 295.35154 45465.443 -60160.6 5416.09 -65576.7 13431.397
5.17 266.98163 618.74052 45740.942 -60184 5101.13 -65285.1 13504.905
5.18 282.56251 -406.65154 46067.93 -59971.3 5398.83 -65370.1 13599.721
5.19 270.2596 117.34125 45867.295 -60130.6 5163.76 -65294.4 13587.531
5.2 266.25849 -8.3151266 45795.131 -60319.6 5087.31 -65406.9 13607.267
5.21 264.11477 36.932907 45774.562 -60288.8 5046.35 -65335.2 13639.797
5.22 273.40029 144.53851 45504.38 -60036 5223.77 -65259.7 13605.784
5.23 266.81476 293.92151 45483.669 -60287 5097.94 -65385 13633.17
5.24 279.66723 133.33812 45776.204 -59735.7 5343.51 -65079.2 13708.052
5.25 270.19149 415.18216 46003.571 -60137.8 5162.46 -65300.2 13763.934
5.26 280.57294 22.602944 45591.101 -60109.6 5360.81 -65470.5 13714.54
5.27 276.61388 -467.7222 45887.302 -59611.6 5285.17 -64896.8 13808.353
5.28 268.62943 -205.53391 46033.147 -60121.9 5132.61 -65254.5 13878.973
5.29 276.55101 -346.22326 45941.596 -60125.7 5283.97 -65409.6 13880.116
5.3 284.78856 -241.94849 45988.931 -59742.1 5441.36 -65183.5 13934.458
5.31 268.23808 -24.78087 45636.269 -60179.2 5125.13 -65304.4 13885.051
5.32 271.86869 -450.26936 46165.306 -60239.7 5194.5 -65434.1 14025.353
5.33 271.82306 347.55289 45419.691 -60540.7 5193.63 -65734.3 13875.658
5.34 276.72171 607.83163 45713.321 -60144.9 5287.23 -65432.1 13988.244
5.35 271.94895 -98.802898 45963.359 -60242.3 5196.04 -65438.4 14061.201
5.36 268.42858 480.3466 45942.489 -60207.2 5128.77 -65336 14052.83
5.37 276.07039 141.63067 46185.316 -59828.2 5274.78 -65102.9 14151.164
5.38 278.89929 -1.4837888 45510.01 -60237.1 5328.83 -65565.9 14056.455
5.39 271.257 -721.08714 46069.733 -60084.6 5182.81 -65267.4 14229.844
5.4 277.53568 134.43872 45986.865 -60072.9 5302.78 -65375.7 14246.981
5.41 278.02857 -291.58697 45964.42 -59879.8 5312.2 -65192 14302.833
5.42 277.41476 53.249016 45607.128 -60260 5300.47 -65560.5 14218.948
5.43 270.59431 -60.734687 45924.652 -60384.1 5170.15 -65554.3 14271.717
5.44 285.89961 240.13942 45888.976 -60055.7 5462.59 -65518.3 14296.412
5.45 265.17529 -260.64076 45709.54 -60213.1 5066.61 -65279.7 14285.667
5.46 276.11193 494.19821 45427.286 -59886.5 5275.58 -65162.1 14266.83
5.47 274.65928 -83.66671 45797.42 -59926.6 5247.82 -65174.5 14398.726
5.48 272.10026 -598.91315 45997.008 -59985 5198.93 -65183.9 14449.055
5.49 267.44332 -554.98307 46451.789 -60256.2 5109.95 -65366.1 14590.935
5.5 268.99247 -204.4429 45679.49 -60133.3 5139.55 -65272.9 14452.986
5.51 272.27681 130.10341 45505.557 -60274.9 5202.3 -65477.2 14476.352
5.52 280.58382 117.4801 45947.423 -60069.7 5361.02 -65430.7 14596.962
5.53 272.79063 -218.91294 45720.527 -60398.6 5212.12 -65610.8 14573.02
5.54 274.10092 -181.05895 45923.881 -60005.7 5237.15 -65242.9 14655.006
5.55 272.02257 186.61395 45404.88 -60298.8 5197.44 -65496.2 14565.01
5.56 274.04398 179.74752 45772.077 -60074.1 5236.06 -65310.2 14690.44
5.57 270.0503 -336.83601 45824.822 -60178 5159.76 -65337.8 14730.454
5.58 267.48311 264.14642 45593.315 -60501 5110.71 -65611.7 14706.067
5.59 264.00846 -94.481922 45784.752 -60155.2 5044.32 -65199.5 14796.792
5.6 274.14965 487.82633 45624.574 -59980.2 5238.08 -65218.3 14774.388
5.61 273.74671 195.61457 45743.058 -60377.7 5230.38 -65608.1 14849.419
5.62 276.88061 267.93103 45725.78 -60132.5 5290.26 -65422.8 14861.843
5.63 278.98982 -454.21062 45760.771 -60144.9 5330.56 -65475.5 14913.521
5.64 271.65551 825.39276 45469.269 -60333.2 5190.43 -65523.6 14857.659
5.65 276.02528 747.42072 45484.96 -60116.6 5273.92 -65390.6 14895.463
5.66 281.27392 -323.5804 46040.911 -60015.1 5374.2 -65389.3 15072.992
5.67 272.88346 -592.3337 45986.873 -60201 5213.89 -65414.9 15075.759
5.68 271.33957 905.98541 45353.969 -59924.5 5184.39 -65108.9 14921.99
5.69 272.04718 -553.60214 45744.075 -60228.7 5197.91 -65426.6 15004.32
5.7 277.28967 51.433167 45610.236 -59999.5 5298.08 -65297.5 15014.545
5.71 274.5842 511.44459 45814.372 -60031.3 5246.39 -65277.7 15115.867
5.72 271.11267 -365.66291 46126.307 -60006.7 5180.06 -65186.8 15188.076
5.73 261.94122 -430.74764 46097.255 -60322.7 5004.82 -65327.5 15238.962
5.74 277.77071 385.50841 45864.456 -59897.1 5307.27 -65204.4 15188.431
5.75 271.45742 -817.5238 46370.445 -60237.1 5186.64 -65423.7 15346.867
5.76 276.4266 479.66793 45735.919 -60039.2 5281.59 -65320.8 15270.753
5.77 269.74585 -17.9614 45825.158 -60300.4 5153.94 -65454.3 15329.408
5.78 278.19024 -444.55122 46126.457 -59939.8 5315.29 -65255.1 15396.739
5.79 279.54568 289.58395 45951.635 -60106.8 5341.18 -65448 15385.893
5.8 269.7835 -30.067266 45712.938 -60313.1 5154.66 -65467.8 15344.221
5.81 268.69098 -849.75415 46018.581 -60203.6 5133.79 -65337.4 15448.772
5.82 270.87839 -628.95405 46033.027 -59672.6 5175.58 -64848.2 15515.399
5.83 270.22867 -53.396452 45882.697 -60142.6 5163.17 -65305.7 15483.003
5.84 274.73067 -683.15437 46108.967 -60290.2 5249.18 -65539.3 15584.248
5.85 270.75336 -589.37833 45998.629 -60124.1 5173.19 -65297.3 15555.678
5.86 275.40637 -0.267856 45764.856 -59989.8 5262.1 -65251.9 15492.148
5.87 279.69901 108.24086 46024.541 -60126.2 5344.11 -65470.3 15573.713
5.88 286.34703 556.77488 45847.304 -60003.8 5471.13 -65474.9 15594.478
5.89 278.50857 293.17743 45929.753 -59951.3 5321.37 -65272.7 15632.5
5.9 273.27125 -137.57458 45937.361 -60056.3 5221.3 -65277.6 15690.378
5.91 269.19996 -675.66663 45850.124 -60495.3 5143.51 -65638.8 15687.228
5.92 280.17746 -110.67298 45993.33 -60136.1 5353.26 -65489.4 15738.211
5.93 273.42333 -74.675209 45676.096 -60306.9 5224.21 -65531.1 15677.588
5.94 272.92658 -325.63677 45862.211 -60278.3 5214.72 -65493.1 15759.756
5.95 281.85095 501.69868 45550.133 -59955.1 5385.23 -65340.3 15671.267
5.96 262.94617 -462.58351 46220.408 -60187.1 5024.02 -65211.1 15814.151
5.97 268.56039 -131.8374 45827.983 -60372.9 5131.29 -65504.2 15765.618
5.98 275.68131 -204.57584 45707.17 -60180.9 5267.35 -65448.2 15767.308
5.99 282.53442 -52.791342 45693.616 -59963.3 5398.29 -65361.6 15795.65
6 268.70551 -146.50976 45832.057 -60445.8 5134.06 -65579.9 15874.986
6.01 270.59106 -423.68545 45902.157 -60339.4 5170.09 -65509.5 15922.828
6.02 279.58853 -625.58127 45861.36 -59890.6 5342 -65232.6 15958.521
6.03 279.46145 181.54769 45472.16 -60052.9 5339.57 -65392.5 15928.606
6.04 264.76699 -128.11598 45773.969 -60328.1 5058.81 -65386.9 16033.187
6.05 272.87795 -100.39973 45815.088 -60226.1 5213.79 -65439.9 16078.962
6.06 273.63637 266.02682 45669.117 -60003.3 5228.28 -65231.6 16050.367
6.07 267.83635 -356.74041 45587.761 -60310.8 5117.46 -65428.2 16076.459
6.08 279.28912 -471.43313 46221.339 -59812.1 5336.28 -65148.4 16209.347
6.09 276.86979 34.85823 45656.259 -60265.9 5290.06 -65555.9 16145.51
6.1 273.52327 391.632 45932.791 -60163 5226.12 -65389.1 16213.175
6.11 281.30421 139.74932 45805.334 -59780.6 5374.78 -65155.4 16222.789
6.12 279.15861 441.55553 45699.715 -60332.2 5333.79 -65666 16249.532
6.13 277.76848 -90.364999 45819.454 -59953.9 5307.23 -65261.2 16281.266
6.14 275.91265 50.329504 45659.9 -60246.4 5271.77 -65518.2 16287.408
6.15 262.65442 -831.75506 45990.671 -60253.9 5018.45 -65272.3 16379.481
6.16 266.01857 240.93328 45923.405 -60087.7 5082.73 -65170.4 16378.507
6.17 271.0207 -204.29318 45755.417 -60270.2 5178.3 -65448.5 16391.905
6.18 265.48789 1227.5571 45099.807 -60188.1 5072.59 -65260.7 16235.384
6.19 280.32933 4.5459894 45829.191 -59835.9 5356.16 -65192 16393.524
6.2 274.86728 459.84482 45617.258 -60109.3 5251.8 -65361.1 16385.088
6.21 272.35298 543.92921 45490.167 -60195.5 5203.76 -65399.3 16383.108
6.22 269.46524 195.71665 45690.711 -59940.3 5148.58 -65088.8 16433.191
6.23 276.087 -252.56486 45795.501 -60189.9 5275.1 -65465 16479.476
6.24 275.9914 497.01801 45578.648 -60053.3 5273.27 -65326.5 16457.943
6.25 270.64044 95.017464 45763.142 -60243.6 5171.03 -65414.6 16522.54
6.26 260.57344 630.50861 45392.567 -60424 4978.69 -65402.6 16484.962
6.27 273.52355 -476.92828 45999.965 -60162.1 5226.12 -65388.3 16660.761
6.28 267.27997 -188.91016 46070.217 -60126.3 5106.83 -65233.1 16675.265
6.29 275.06788 -815.22839 46005.274 -60203 5255.63 -65458.7 16684.822
6.3 268.74933 927.37768 45313.829 -60293.5 5134.9 -65428.4 16557.416
6.31 276.00655 100.4157 45892.322 -59829.7 5273.56 -65103.3 16719.394
6.32 271.76075 -331.44705 45815.41 -60178 5192.44 -65370.5 16736.419
6.33 270.38661 -44.654394 45626.871 -60211.3 5166.18 -65377.5 16703.896
6.34 261.22263 -752.69407 45911.004 -60070.8 4991.09 -65061.9 16807.607
6.35 264.21395 -447.85356 45765.44 -60426.7 5048.25 -65475 16786.361
6.36 268.46997 -335.0544 46107.931 -60111.9 5129.56 -65241.5 16887.964
6.37 276.92835 -173.09061 45841.6 -59968.4 5291.18 -65259.6 16857.471
6.38 277.2552 552.61921 45737.95 -60261.8 5297.42 -65559.3 16840.277
6.39 272.45753 -328.98593 45751.692 -60158.6 5205.75 -65364.3 16895.458
6.4 261.57864 -930.73728 45775.353 -60521.8 4997.89 -65519.7 16928.798
6.41 269.95898 -157.45586 46362.961 -59948.9 5158.01 -65107 17061.029
6.42 273.59806 -193.29124 45996.079 -60160.9 5227.54 -65388.5 16983.687
6.43 287.278 978.45577 45339.969 -59685.1 5488.92 -65174 16845.204
6.44 266.74774 -552.56122 45783.559 -60145.7 5096.66 -65242.4 16972.534
6.45 265.06114 -576.02374 45771.147 -60247.3 5064.43 -65311.7 17026.114
6.46 271.24775 -442.72623 46160.143 -60361.2 5182.64 -65543.9 17131.24
6.47 271.3965 -117.64458 45755.295 -60061 5185.48 -65246.5 17056.816
6.48 276.99724 74.749983 45923.66 -59962 5292.49 -65254.4 17160.773
6.49 276.27406 -317.04467 45892.525 -60209.9 5278.67 -65488.5 17187.595
6.5 265.62619 505.44675 45814.212 -60201 5075.23 -65276.2 17185.924
6.51 277.81366 -67.75689 45952.589 -59981.3 5308.09 -65289.3 17257.765
6.52 265.75438 183.25667 45689.391 -60312.6 5077.68 -65390.3 17216.103
6.53 273.91034 149.16049 45411.279 -60012.8 5233.51 -65246.3 17186.792
6.54 285.66066 488.13473 45599.915 -60059.4 5458.02 -65517.4 17247.86
6.55 273.44379 38.94254 45436.611 -60509.1 5224.6 -65733.7 17244.433
6.56 279.41274 -210.66571 45577.032 -60134.6 5338.64 -65473.2 17346.783
6.57 273.25705 -648.68823 45860.992 -60085.9 5221.03 -65306.9 17417.14
6.58 268.2482 445.854 45805.974 -60154.8 5125.33 -65280.1 17427.007
6.59 264.92093 11.15279 45825.646 -60282.2 5061.75 -65344 17495.487
6.6 276.07343 -542.06892 45954.015 -60337.4 5274.84 -65612.3 17540.801
6.61 274.30447 217.1909 45747.814 -60440.2 5241.04 -65681.3 17537.536
6.62 275.12321 -261.55713 45594.328 -60200.4 5256.69 -65457 17496.292
6.63 267.0915 -862.05676 46069.068 -60118.1 5103.23 -65221.3 17655.069
6.64 275.56694 602.8181 45749.205 -60041.3 5265.16 -65306.4 17609.24
6.65 258.43908 -47.812214 45856.057 -60420 4937.91 -65357.9 17662.193
6.66 286.61209 -171.46384 45819.412 -59998.1 5476.2 -65474.3 17649.249
6.67 270.51489 99.012068 45840.254 -60175 5168.64 -65343.6 17691.268
6.68 269.30446 42.99648 45686.521 -60257 5145.51 -65402.5 17690.632
6.69 271.83553 -438.16594 45823.577 -60263.1 5193.87 -65457 17778.266
6.7 282.32434 -11.999724 45751.562 -60091.4 5394.27 -65485.6 17740.421
6.71 274.25442 -333.24679 46027.134 -60412.5 5240.09 -65652.6 17856.079
6.72 278.71808 650.34733 45361.434 -60062 5325.37 -65387.4 17672.645
6.73 270.58741 443.97083 45746.401 -60137.4 5170.02 -65307.4 17829.223
6.74 270.50447 -47.299843 45696.965 -60249.7 5168.44 -65418.1 17830.337
6.75 273.06152 426.92468 45606.216 -59920.8 5217.29 -65138 17794.141
6.76 277.98555 114.14835 46077.664 -60348.4 5311.38 -65659.7 17940.355
6.77 274.73047 173.72235 45787.547 -60097.3 5249.18 -65346.5 17894.677
6.78 262.69063 -850.29757 45834.481 -60367.6 5019.14 -65386.8 17953.69
6.79 277.34817 173.89126 45509.854 -60214 5299.2 -65513.2 17859.643
6.8 277.77563 -384.39186 45499.039 -60251.9 5307.36 -65559.3 17921.218
6.81 271.92463 -208.91457 45676.513 -60231.7 5195.57 -65427.3 18014.286
6.82 264.72383 -65.956001 45651.622 -60297.3 5057.99 -65355.2 18013.145
6.83 288.98561 190.78934 45670.273 -59962.3 5521.55 -65483.9 18065.875
6.84 279.27679 -60.616987 45777.359 -60055.4 5336.05 -65391.5 18098.012
6.85 277.83694 262.82247 45570.081 -60040.1 5308.54 -65348.6 18063.3
6.86 275.3982 191.9531 46051.408 -59833.8 5261.94 -65095.7 18204.275
6.87 273.86564 7.4902322 45927.139 -60211.7 5232.66 -65444.4 18179.815
6.88 276.49399 -274.18886 46100.917 -60184.3 5282.88 -65467.1 18256.41
6.89 272.05304 -585.73181 45775.706 -60133.5 5198.02 -65331.5 18190.096
6.9 271.16547 340.06159 45695.431 -60158.9 5181.07 -65340 18203.159
6.91 266.78281 -131.95788 45799.41 -60222.5 5097.33 -65319.8 18271.675
6.92 276.68291 17.042341 45721.347 -60064.1 5286.49 -65350.5 18287.809
6.93 268.99949 258.91228 45723.212 -60104.7 5139.68 -65244.4 18350.003
6.94 271.01865 867.45598 45720.999 -60178.5 5178.26 -65356.7 18379.686
6.95 274.3429 802.56706 45480.72 -60247.4 5241.78 -65489.2 18336.15
6.96 264.29869 279.31658 45793.28 -60421.7 5049.86 -65471.6 18412.72
6.97 277.51844 246.93619 45607.854 -60120.7 5302.45 -65423.1 18385.703
6.98 273.73193 15.121093 45833.288 -60132.5 5230.1 -65362.6 18484.844
6.99 280.02021 -251.83693 45799.164 -59918.2 5350.25 -65268.5 18523.612
7 271.16091 -771.4838 45934.089 -60136.7 5180.98 -65317.7 18572.057
7.01 270.65873 167.30289 45563.886 -60129.8 5171.38 -65301.2 18479.505
7.02 281.95437 554.62 45725.755 -59903.4 5387.21 -65290.6 18519.779
7.03 278.88634 359.96046 45586.012 -60014.6 5328.59 -65343.2 18513.597
7.04 273.36797 159.30037 45764.096 -60267.1 5223.15 -65490.2 18585.293
7.05 258.34561 -32.996948 45954.969 -60312.3 4936.12 -65248.4 18692.074
7.06 269.9423 -1149.0708 46241.34 -60233.5 5157.7 -65391.2 18831.487
7.07 268.27333 -132.8322 45841.166 -60244.6 5125.81 -65370.4 18723.613
7.08 269.05141 361.02261 45784.653 -60160.3 5140.67 -65301 18743.962
7.09 267.82429 1219.8129 45330.517 -60353.9 5117.23 -65471.1 18645.42
7.1 267.05408 321.16533 45869.552 -60129.7 5102.51 -65232.2 18812.33
7.11 267.15935 -112.86487 45759.092 -60400 5104.52 -65504.5 18766.096
7.12 278.53491 -295.61291 45870.415 -60003 5321.87 -65324.9 18847.779
7.13 266.46713 -187.60026 45835.657 -60382.9 5091.3 -65474.2 18865.318
7.14 279.55916 -977.31138 46117.925 -60177.9 5341.44 -65519.4 18970.977
7.15 281.00588 -119.35714 45714.572 -60292.8 5369.08 -65661.9 18907.127
7.16 264.03785 333.05541 45916.958 -60344.2 5044.88 -65389.1 18993.268
7.17 264.97567 524.68888 45592.284 -59990 5062.8 -65052.8 18896.117
7.18 271.48664 -597.84564 45975.038 -60342.5 5187.2 -65529.7 19018.013
7.19 271.36211 139.0504 45830.888 -59879 5184.82 -65063.9 19009.513
7.2 269.605 -253.65036 45889.815 -59856.5 5151.25 -65007.8 19075.64
7.21 274.47446 405.41968 45699.529 -60108.7 5244.29 -65353 19021.209
7.22 259.97631 452.38486 45608.929 -60258 4967.28 -65225.3 18991.913
7.23 277.00601 -479.35004 45955.323 -60102.7 5292.66 -65395.4 19094.882
7.24 269.47417 -113.96519 45853.552 -60240.7 5148.75 -65389.4 19100.7
7.25 277.36237 82.049001 45912.468 -59972.1 5299.47 -65271.5 19147.752
7.26 266.15657 -247.38358 45910.113 -60287.1 5085.36 -65372.5 19186.217
7.27 270.90603 470.21402 45616.001 -60235.4 5176.11 -65411.5 19121.245
7.28 276.13466 -621.68776 45920.005 -59893.4 5276.01 -65169.4 19228.744
7.29 270.41166 -100.18857 45713.486 -60257.5 5166.66 -65424.2 19164.999
7.3 282.38518 462.76804 45741.669 -59976 5395.44 -65371.4 19239.322
7.31 282.42795 88.907121 45730.422 -60206.5 5396.25 -65602.7 19275.232
7.32 278.85771 -400.02899 45738.414 -60028.3 5328.04 -65356.3 19323.577
7.33 272.48099 -391.08927 45613.449 -60167.4 5206.2 -65373.6 19293.267
7.34 271.88293 351.6601 45714.109 -60137.1 5194.77 -65331.9 19377.596
7.35 280.98735 46.486767 45747.082 -60150.8 5368.73 -65519.5 19449.751
7.36 266.64157 -105.1058 45817.916 -60233.7 5094.63 -65328.3 19466.845
7.37 264.04551 85.067852 45776.938 -60224.5 5045.03 -65269.5 19468.232
7.38 265.83975 147.57165 45462.338 -60366.6 5079.31 -65445.9 19391.237
7.39 271.53872 869.15364 45686.544 -59975.5 5188.2 -65163.7 19471.439
7.4 255.77314 -535.33695 45591.495 -60435.5 4886.97 -65322.5 19481.474
7.41 276.47483 -582.09275 45742.2 -60072.3 5282.51 -65354.8 19550.407
7.42 263.78022 -204.97411 46154.759 -60311.7 5039.96 -65351.7 19701.383
7.43 278.98442 -317.59593 45892.882 -59980.8 5330.46 -65311.3 19697.87
7.44 269.97258 -404.29164 45920.862 -60275.7 5158.27 -65433.9 19720.651
7.45 262.43983 -586.22177 46176.964 -60485.8 5014.35 -65500.1 19842.492
7.46 273.33552 -763.61963 46015.409 -60444.8 5222.53 -65667.3 19802.27
7.47 278.76592 543.15934 45433.402 -59996.3 5326.29 -65322.5 19637.65
7.48 273.6059 -297.90564 46078.49 -60203.2 5227.69 -65430.9 19846.453
7.49 274.22273 -78.540897 45698.072 -60094.2 5239.48 -65333.7 19761.656
7.5 267.25499 -501.45299 46017.885 -60256.5 5106.35 -65362.8 19846.502
7.51 270.04332 -85.329991 45789.822 -60225.7 5159.63 -65385.3 19871.569
7.52 270.45026 136.72282 45800.927 -60280.3 5167.4 -65447.7 19875.282
7.53 274.86706 -219.73579 46139.844 -59861.8 5251.79 -65113.6 20024.926
7.54 271.84938 -151.73021 45787.032 -60232.5 5194.13 -65426.7 19927.94
7.55 271.66638 83.729923 45512.893 -60425.8 5190.64 -65616.4 19870.076
7.56 278.22924 106.78052 45722.14 -60117.6 5316.03 -65433.7 19947.81
7.57 279.46597 -1134.6762 45881.336 -60108.9 5339.66 -65448.5 20003.736
7.58 266.83543 28.461543 45967.114 -60136.3 5098.33 -65234.7 20035.789
7.59 279.74264 -258.74312 46089.214 -59817.8 5344.95 -65162.7 20055.689
7.6 269.9934 -48.457521 45844.864 -60300.7 5158.67 -65459.3 20045.945
7.61 282.09854 -640.09931 45836.261 -59823.1 5389.96 -65213 20080.419
7.62 267.23794 754.05752 45400.627 -60226.2 5106.02 -65332.2 19986.48
7.63 267.83118 -15.342856 45744.718 -60002.8 5117.36 -65120.2 20139.918
7.64 287.83245 310.47054 45768.179 -60103.4 5499.52 -65602.9 20200.099
7.65 264.54593 -656.88522 45749.294 -60452.9 5054.59 -65507.5 20231.898
7.66 278.31532 214.42256 45487.902 -60038.4 5317.68 -65356.1 20162.21
7.67 287.22985 202.96757 45804.236 -59658.4 5488 -65146.4 20269.609
7.68 263.49727 -395.40771 45953.086 -60160 5034.55 -65194.5 20325.201
7.69 270.80433 141.93238 45749.993 -59950.4 5174.17 -65124.6 20236.234
7.7 267.3156 -29.169218 45800.069 -60344.2 5107.51 -65451.7 20284.926
7.71 277.27618 -371.18288 45933.101 -59961.8 5297.82 -65259.6 20337.057
7.72 272.34713 -784.12298 45666.635 -60080.8 5203.64 -65284.5 20311.067
7.73 274.78351 -231.23687 45637.686 -60163 5250.19 -65413.2 20328.259
7.74 273.45738 -371.68256 45947.514 -59988.4 5224.86 -65213.3 20411.194
7.75 272.86349 -289.79581 45866.194 -59971.5 5213.51 -65185 20409.022
7.76 268.8971 -212.08864 45741.51 -60289.8 5137.73 -65427.5 20374.148
7.77 268.66519 22.551572 45640.996 -59968 5133.29 -65101.3 20400.537
7.78 274.41134 213.65495 45696.333 -60352.2 5243.08 -65595.2 20472.538
7.79 267.88749 502.412 45563.527 -60241.3 5118.43 -65359.8 20475.458
7.8 269.77835 484.11393 45604.103 -60333.5 5154.56 -65488.1 20498.042
7.81 271.19482 346.91663 45501.537 -60304.8 5181.63 -65486.5 20507.201
7.82 268.82782 -70.127974 45969.343 -60411.1 5136.4 -65547.5 20662.542
7.83 269.86557 -11.851773 46033.215 -59967.4 5156.23 -65123.6 20701.229
7.84 268.80968 383.49431 45871.829 -60318.8 5136.05 -65454.9 20681.688
7.85 272.97016 -207.93396 46084.769 -60202.2 5215.55 -65417.7 20791.518
7.86 276.48335 -744.52183 46069.98 -60141.8 5282.67 -65424.5 20806.663
7.87 264.10073 188.20212 45519.688 -60372.5 5046.08 -65418.6 20675.889
7.88 265.50382 -931.06844 46287.147 -60019.5 5072.89 -65092.4 20935.474
7.89 268.31406 321.13932 45390.891 -60315.1 5126.59 -65441.7 20655.625
7.9 279.13055 -185.04395 45606.298 -60145.5 5333.25 -65478.8 20726.985
7.91 271.55499 -374.80617 46000.919 -60332.1 5188.51 -65520.6 20860.013
7.92 277.18267 -369.3368 45699.143 -60374.3 5296.03 -65670.3 20772.974
7.93 277.10524 847.98089 45598.35 -60105.2 5294.56 -65399.8 20723.432
7.94 270.8953 -644.66746 45931.131 -60259 5175.9 -65434.9 20841.018
7.95 270.30384 256.88323 45733.635 -60369.8 5164.6 -65534.4 20798.84
7.96 272.76574 489.35521 45749.573 -59954.2 5211.64 -65165.8 20843.507
7.97 279.21827 503.71996 45641.525 -59738.6 5334.93 -65073.6 20880.993
7.98 273.80065 -451.66175 45820.674 -60323 5231.42 -65554.4 20955.017
7.99 271.70016 -492.00393 46001.866 -60219.8 5191.28 -65411.1 21065.684
8 272.68216 -33.167452 45764.03 -59987 5210.04 -65197.1 21020.254
8.01 270.36574 -61.288645 45673.332 -60061.8 5165.79 -65227.6 21000.978
8.02 272.88511 -315.285 45893.712 -60271.3 5213.92 -65485.3 21102.452
8.03 267.54149 608.79169 45807.191 -59865.9 5111.82 -64977.7 21120.892
8.04 278.07062 -440.06212 45944.027 -60072.7 5313 -65385.7 21188.095
8.05 270.2738 123.136 45864.553 -60107.2 5164.03 -65271.2 21242.561
8.06 275.30184 -72.18888 46078.683 -59942.8 5260.1 -65202.9 21331.151
8.07 259.84842 -341.0134 45751.801 -60432 4964.84 -65396.8 21299.301
8.08 266.80456 -821.18585 46189.612 -60171.8 5097.74 -65269.5 21453.746
8.09 260.27312 12.270281 45944.085 -60393.4 4972.95 -65366.4 21411.685
8.1 270.26039 -559.27681 45977.391 -60116.6 5163.77 -65280.4 21448.36
8.11 258.76231 -288.5303 45921.451 -60156.6 4944.08 -65100.7 21469.604
8.12 265.97827 -224.73392 45778.881 -60168.5 5081.96 -65250.4 21449.871
8.13 281.58681 292.21809 45813.168 -59829 5380.18 -65209.2 21483.99
8.14 273.71627 -664.18201 46156.507 -60125.9 5229.8 -65355.7 21615.66
8.15 272.04021 -216.94618 45813.266 -60188.2 5197.78 -65385.9 21524.416
8.16 284.31059 -799.30343 46484.007 -60053.8 5432.23 -65486 21768.65
8.17 270.22541 -323.40995 45972.617 -60294.8 5163.1 -65457.9 21583.028
8.18 282.84826 266.52185 45869.758 -60278.5 5404.29 -65682.8 21565.678
8.19 282.76197 -134.85156 45792.16 -59962.4 5402.64 -65365.1 21549.541
8.2 269.22393 -752.92252 45755.422 -60205.1 5143.97 -65349.1 21548.742
8.21 277.66033 -22.111539 45962.674 -60183.5 5305.16 -65488.7 21654.617
8.22 264.01771 170.13075 45529.788 -60394.6 5044.5 -65439.1 21550.086
8.23 278.2069 -14.785924 45898.603 -60003.9 5315.6 -65319.5 21648.378
8.24 272.43467 -500.26197 45840.622 -60141.6 5205.32 -65346.9 21636.155
8.25 281.51264 -700.24322 46118.583 -59819.4 5378.77 -65198.1 21763.367
8.26 270.6462 -497.20308 45965.22 -60210.6 5171.14 -65381.7 21760.685
8.27 273.20273 -63.92576 45606.907 -60244.5 5219.99 -65464.5 21693.719
8.28 276.30583 589.31458 45660.284 -60203.2 5279.28 -65482.4 21740.556
8.29 274.12683 158.31326 45687.788 -60272.2 5237.65 -65509.8 21786.037
8.3 280.67406 -911.83624 46324.583 -59879.1 5362.74 -65241.9 22046.997
8.31 273.2326 -447.45792 45853.753 -60088 5220.56 -65308.6 21906.836
8.32 268.81098 -216.20963 46061.781 -60112.8 5136.08 -65248.9 21985.717
8.33 271.26488 -256.12399 45701.643 -60163.1 5182.97 -65346 21886.545
8.34 265.57688 417.16745 45865.643 -60464.4 5074.29 -65538.7 21969.389
8.35 267.63739 502.62797 45707.421 -60318.6 5113.66 -65432.3 21926.701
8.36 280.30599 -28.154886 45433.55 -59853.5 5355.71 -65209.2 21868.372
8.37 268.28585 -408.29636 45821.075 -60113 5126.05 -65239 22015.144
8.38 273.58008 -19.463171 45821.721 -60009.5 5227.2 -65236.7 22059.279
8.39 277.95223 248.7019 45774.918 -60224.3 5310.74 -65535 22050.824
8.4 277.3748 -379.78398 45997.967 -59982 5299.71 -65281.7 22178.048
8.41 278.92792 -52.714007 45720.052 -59887.2 5329.38 -65216.6 22104.855
8.42 277.07151 -153.23868 45947.614 -60127.3 5293.91 -65421.2 22156.372
8.43 268.11114 -252.09124 45902.592 -59962.1 5122.71 -65084.8 22148.949
8.44 271.23885 112.958 46103.117 -60243.4 5182.47 -65425.8 22243.873
8.45 266.34724 -186.71892 46034.286 -60124.6 5089.01 -65213.7 22217.29
8.46 280.71411 210.86645 45633.011 -60036.3 5363.51 -65399.8 22103.308
8.47 268.83046 -326.01881 45727.746 -60159.7 5136.45 -65296.2 22181.813
8.48 279.658 -179.46538 45850.548 -59893.5 5343.33 -65236.8 22303.699
8.49 266.50582 -708.51543 46209.334 -60441.7 5092.04 -65533.7 22440.489
8.5 271.80366 559.81604 45696.301 -60128 5193.26 -65321.3 22330.963
8.51 268.41149 -489.33468 45757.684 -60006.4 5128.45 -65134.8 22391.075
8.52 278.17226 96.608855 45650.071 -60256.1 5314.94 -65571 22394.899
8.53 268.92791 397.60093 45418.592 -60495.9 5138.31 -65634.2 22365.811
8.54 266.11116 -248.7199 45755.234 -60087.8 5084.5 -65172.3 22510.856
8.55 278.47718 -49.108277 45863.048 -60035.9 5320.77 -65356.7 22552.945
8.56 275.42594 -124.22958 45780.942 -60348.5 5262.47 -65610.9 22544.04
8.57 285.22243 64.134251 45786.015 -60050.8 5449.65 -65500.5 22596.497
8.58 281.85909 158.22193 45638.274 -60212.7 5385.39 -65598.1 22565.408
8.59 280.47914 89.158472 45858.828 -59791.5 5359.02 -65150.6 22653.412
8.6 277.67737 45.427428 45587.008 -60242.7 5305.49 -65548.1 22646.327
8.61 272.5889 141.61877 45566.579 -59983.5 5208.26 -65191.8 22645.013
8.62 268.57922 152.69518 45655.082 -60202.5 5131.65 -65334.2 22703.513
8.63 278.7553 223.5023 45742.321 -59991 5326.08 -65317.1 22771.457
8.64 279.02713 936.19754 45417.893 -60269.8 5331.28 -65601.1 22647.297
8.65 281.77119 297.60157 45878.444 -59664.4 5383.71 -65048.1 22838.551
8.66 268.31304 607.29406 45553.392 -60359.9 5126.57 -65486.5 22729.98
8.67 260.83156 400.13398 45538.029 -60316.4 4983.62 -65300 22705.436
8.68 283.3136 -188.55192 45844.878 -59921 5413.18 -65334.1 22858.789
8.69 272.15556 133.58917 45741.39 -60167.3 5199.98 -65367.3 22837.543
8.7 270.33606 657.46116 45506.302 -60318.3 5165.22 -65483.5 22772.802
8.71 280.86802 981.91733 45456.156 -60066.6 5366.45 -65433.1 22788.565
8.72 273.42921 -39.176304 45629.396 -60140.9 5224.32 -65365.3 22869.114
8.73 262.41727 -452.25412 45854.76 -60129.1 5013.92 -65143 22991.881
8.74 264.59341 -341.91827 45961.224 -60459.5 5055.5 -65515 23037.678
8.75 276.37238 702.88026 45391.287 -60207.9 5280.55 -65488.5 22891.287
8.76 274.80721 919.53565 45510.249 -60248.3 5250.65 -65499 22962.399
8.77 270.19704 352.30764 45703.319 -60019 5162.56 -65181.6 23060.282
8.78 272.82645 -154.2456 45761.141 -60370.4 5212.8 -65583.3 23121.24
8.79 274.72948 185.0244 45888.391 -60190.3 5249.16 -65439.5 23185.789
8.8 269.02002 610.84779 45384.216 -60631.9 5140.07 -65772 23056.166
8.81 273.49031 65.759246 45583.247 -60059.4 5225.49 -65284.9 23121.148
8.82 274.80403 -1052.6384 45723.32 -60027.7 5250.59 -65278.3 23145.269
8.83 279.5753 230.4728 45585.442 -59751.8 5341.75 -65093.6 23132.805
8.84 269.5031 -843.49454 45964.795 -60097 5149.3 -65246.3 23276.002
8.85 275.19148 -693.6228 46158.13 -60400.3 5257.99 -65658.3 23386.087
8.86 268.06357 -177.00282 46175.964 -60146.4 5121.8 -65268.2 23415.34
8.87 270.54431 75.596231 45854.313 -60148.1 5169.2 -65317.3 23309.762
8.88 277.79547 66.265921 45769.423 -59908.4 5307.74 -65216.1 23306.919
8.89 269.69913 -299.50278 45969.295 -60305.1 5153.05 -65458.1 23402.265
8.9 275.47409 327.14633 45683.272 -60157.5 5263.39 -65420.9 23326.731
8.91 264.34138 -369.39214 46036.088 -60750.5 5050.68 -65801.2 23476.547
8.92 269.65688 619.77106 45708.816 -60324.3 5152.24 -65476.5 23398.14
8.93 282.53963 -504.73667 45729.703 -59789.7 5398.39 -65188.1 23395.847
8.94 269.32558 -506.27181 46021.422 -59977.4 5145.91 -65123.3 23494.838
8.95 271.69011 -283.3216 45599.315 -60010.8 5191.09 -65201.9 23379.971
8.96 267.47963 205.99782 45988.914 -60374.3 5110.64 -65485 23507.639
8.97 274.96465 149.2643 45624.816 -60056.7 5253.66 -65310.3 23371.574
8.98 273.58773 -506.03589 45989.116 -60254.1 5227.35 -65481.4 23545.493
8.99 273.68139 -754.59287 46054.284 -59874 5229.14 -65103.2 23586.99
9 271.59459 817.5575 45253.896 -60502.6 5189.26 -65691.9 23386.027
9.01 271.85617 478.09381 45643.004 -59945.4 5194.26 -65139.6 23551.277
9.02 268.34314 -684.13404 45999.687 -60302.5 5127.14 -65429.6 23706.68
9.03 264.72747 -112.99947 45932.477 -60132.4 5058.06 -65190.4 23720.825
9.04 272.77334 -802.67922 46119.999 -60096.3 5211.79 -65308.1 23811.574
9.05 273.59736 423.2933 45715.229 -60111.8 5227.53 -65339.3 23663.8
9.06 282.61602 391.22722 45676.382 -59990.7 5399.85 -65390.5 23703.888
9.07 265.49118 -133.38863 45982.1 -60201.5 5072.65 -65274.2 23763.945
9.08 270.86882 -94.284337 45928.314 -60200.6 5175.4 -65376 23771.838
9.09 279.8247 476.8166 45631.592 -60246.7 5346.52 -65593.3 23677.403
9.1 273.00815 -349.06748 45774.336 -60079.6 5216.27 -65295.9 23753.337
9.11 271.92124 232.62203 45871.999 -60202.5 5195.51 -65398 23803.305
9.12 269.52335 1209.1964 45317.403 -60165.9 5149.69 -65315.6 23642.962
9.13 276.43565 754.22713 45550.239 -60412.4 5281.76 -65694.2 23734.742
9.14 271.44338 69.335342 45470.173 -60022 5186.38 -65208.4 23720.468
9.15 272.80865 246.53733 45971.769 -60109.7 5212.46 -65322.1 23941.733
9.16 277.81506 -751.49791 46121.903 -59967.6 5308.12 -65275.7 24000.871
9.17 264.3131 244.9835 45639.714 -60242.3 5050.14 -65292.4 23846.191
9.18 278.57913 409.16817 45889.404 -59900.2 5322.72 -65222.9 23974.967
9.19 271.83335 -393.92253 46014.632 -59964.4 5193.83 -65158.2 24065.68
9.2 270.09655 64.706345 45611.222 -60374.5 5160.64 -65535.1 23965.961
9.21 274.38672 -193.03605 45585.43 -60032.2 5242.61 -65274.8 24011.326
9.22 280.28733 95.859661 45695.849 -59685.7 5355.35 -65041 24009.704
9.23 282.13461 8.8213763 45608.901 -59928.3 5390.65 -65318.9 23972.752
9.24 269.10665 -344.56793 45899.922 -60076.9 5141.73 -65218.6 24093.789
9.25 268.65349 7.824504 45838.211 -60115.3 5133.07 -65248.4 24093.491
9.26 268.15515 235.70084 45953.951 -60332.5 5123.55 -65456.1 24147.065
9.27 271.26432 -285.22434 45646.059 -60198.1 5182.95 -65381.1 24049.773
9.28 269.06315 181.19007 45737.805 -60034.7 5140.9 -65175.6 24110.522
9.29 284.37669 -242.45527 45901.92 -59709 5433.49 -65142.5 24253.442
9.3 267.2207 25.916141 45570.522 -60343.4 5105.69 -65449.1 24195.1
9.31 270.1667 171.31375 45794.422 -59963.3 5161.98 -65125.3 24294.789
9.32 281.46745 -277.37798 45974.246 -59809.1 5377.9 -65187 24368.846
9.33 267.8732 320.20462 45553.604 -60146.9 5118.16 -65265 24240.768
9.34 271.09915 -35.884106 45738.368 -60235.7 5179.8 -65415.5 24354.086
9.35 264.94124 -237.24865 45822.948 -60459.9 5062.14 -65522 24360.44
9.36 274.98736 -793.15232 45975.802 -60106.9 5254.09 -65360.9 24445.944
9.37 273.52812 253.58022 45492.766 -60156.1 5226.21 -65382.3 24297.304
9.38 262.46225 -139.57174 45936.564 -60453.4 5014.78 -65468.2 24524.776
9.39 278.8842 204.58848 45660.137 -60108.5 5328.55 -65437.1 24445.531
9.4 264.55823 -470.52574 45964.268 -60241.4 5054.82 -65296.2 24591.698
9.41 278.39272 -95.951196 45942.462 -60297.5 5319.15 -65616.7 24616.459
9.42 274.6241 409.89797 45723.137 -60043.5 5247.15 -65290.6 24550.022
9.43 287.08675 -415.40606 45916.571 -60127.8 5485.27 -65613.1 24647.69
9.44 276.98493 690.52034 45541.001 -59748.7 5292.26 -65041 24536.179
9.45 274.83122 211.6551 45784.155 -60137.5 5251.11 -65388.6 24663.701
9.46 264.2906 -172.74055 45755.158 -60536.1 5049.71 -65585.8 24643.478
9.47 276.8378 134.27627 45825.61 -60003 5289.45 -65292.5 24668.696
9.48 275.94208 357.46496 45665.36 -60293.6 5272.33 -65565.9 24667.914
9.49 263.34046 1.1155842 45642.808 -60269.7 5031.56 -65301.3 24679.535
9.5 266.03827 -192.71314 45780.821 -60487.3 5083.1 -65570.4 24772.808
9.51 263.95582 -212.44536 45978.599 -60300.9 5043.31 -65344.2 24864.582
9.52 264.30755 575.26892 45496.133 -60409.8 5050.03 -65459.8 24713.385
9.53 267.09048 367.41551 45609.418 -60238.2 5103.21 -65341.4 24759.654
9.54 268.84615 100.8939 45831.753 -60304.6 5136.75 -65441.3 24921.869
9.55 268.29788 332.35395 45504.758 -60434.5 5126.28 -65560.7 24839.032
9.56 268.37801 -603.14424 46194.27 -60203 5127.81 -65330.8 25105.03
9.57 280.67968 645.46072 45572.709 -60087.2 5362.85 -65450 24892.004
9.58 278.25395 -412.79321 45910.539 -60040.2 5316.5 -65356.7 25073.084
9.59 277.98602 510.82746 45600.923 -60405.7 5311.38 -65717.1 25007.639
9.6 269.46572 -737.69152 46078.683 -60296.4 5148.59 -65445 25177.282
9.61 278.98309 670.99759 45793.395 -59798.1 5330.43 -65128.6 25099.265
9.62 279.94649 882.23975 45437.565 -60065.6 5348.84 -65414.4 25027.398
9.63 267.58229 35.549742 45715.093 -60185.9 5112.6 -65298.5 25217.303
9.64 263.68305 -466.80573 46002.793 -60414.3 5038.1 -65452.4 25337.274
9.65 271.44465 -720.48073 45824.181 -59983.7 5186.4 -65170.1 25363.945
9.66 268.06552 151.84156 45751.64 -60269.4 5121.84 -65391.3 25327.518
9.67 275.96603 -383.66336 45925.434 -60229.9 5272.79 -65502.6 25420.723
9.68 268.56497 170.1595 45755.743 -60242.6 5131.38 -65374 25389.843
9.69 271.77888 -494.54362 45632.445 -60065.2 5192.79 -65258 25415.343
9.7 275.52985 53.923687 45673.851 -60200.5 5264.45 -65465 25459.049
9.71 280.42188 611.64698 45686.732 -59864.9 5357.92 -65222.9 25493.72
9.72 266.0464 221.1748 45834.781 -60191.9 5083.26 -65275.1 25603.195
9.73 273.29327 102.63693 45616.253 -60068.5 5221.72 -65290.3 25537.071
9.74 272.83051 260.55242 45673.28 -60086.9 5212.88 -65299.8 25598.674
9.75 270.18505 -565.59344 46044.945 -60435.7 5162.33 -65598 25778.919
9.76 270.90985 175.60838 45785.596 -60089.2 5176.18 -65265.4 25665.524
9.77 264.12935 -539.29266 45767.814 -59999.6 5046.63 -65046.2 25692.954
9.78 271.48871 387.26617 45556.37 -60245.6 5187.24 -65432.8 25672.961
9.79 269.80037 511.29462 45671.427 -60442.9 5154.98 -65597.9 25753.636
9.8 282.10776 106.29567 45774.032 -59993.7 5390.14 -65383.9 25842.843
9.81 282.72088 -141.91423 45998.328 -59946.6 5401.85 -65348.5 25934.451
9.82 275.90243 744.65911 45536.804 -60019.8 5271.57 -65291.4 25792.404
9.83 257.62697 568.11889 45762.575 -60567.9 4922.39 -65490.3 25919.974
9.84 266.65177 505.3941 45610.723 -60388.1 5094.82 -65482.9 25955.249
9.85 274.48742 899.76406 45346.334 -60153.2 5244.54 -65397.8 25868.044
9.86 271.63201 -664.18732 46123.963 -60260 5189.98 -65450 26176.867
9.87 278.97959 -179.33955 45487.63 -59875.5 5330.37 -65205.9 25991.295
9.88 276.94433 -146.89472 45643.805 -60096.7 5291.48 -65388.2 26083.368
9.89 273.34272 394.73256 45860.088 -60101.6 5222.67 -65324.3 26175.186
9.9 273.86292 542.98407 45693.064 -59988.5 5232.61 -65221.1 26105.913
9.91 287.61305 -420.75662 46027.086 -59639.1 5495.32 -65134.5 26271.997
9.92 278.75215 446.79343 45571.121 -60123.8 5326.02 -65449.8 26095.883
9.93 273.36258 -671.61631 46125.171 -60266.2 5223.05 -65489.2 26359.381
9.94 288.38676 182.91098 45538.906 -59866.5 5510.11 -65376.6 26158.231
9.95 271.2728 -219.75043 45661.746 -60206.9 5183.12 -65390 26245.599
9.96 275.43908 -284.25378 45757.283 -60085.6 5262.72 -65348.3 26272.174
9.97 273.85037 -134.90769 45948.822 -60189.2 5232.37 -65421.5 26358.808
9.98 273.41357 -127.22589 45815.134 -59997.9 5224.02 -65222 26331.821
