0 258.97253 -215.97218 46421.716 -63795.8 4931.95 -68727.7 10.497041
0.01 268.95918 -302.4186 46242.7 -63676.6 5122.14 -68798.7 20.691961
0.02 264.81887 -55.525443 46413.474 -63968.1 5043.29 -69011.4 31.548036
0.03 272.53589 44.84697 46256.243 -64399.5 5190.26 -69589.7 39.939554
0.04 270.16173 249.24682 46457.943 -64345 5145.04 -69490.1 46.268115
0.05 262.00141 361.19852 46392.881 -64326.3 4989.63 -69316 53.71594
0.06 267.48005 -303.82304 46473.648 -64539.2 5093.97 -69633.1 61.61495
0.07 265.31971 459.35868 46147.13 -64858.8 5052.83 -69911.6 68.465966
0.08 276.15732 100.19255 46373.396 -64581.2 5259.22 -69840.4 74.402592
0.09 268.05499 834.74691 46273.124 -65123.5 5104.92 -70228.5 79.196861
0.1 275.9717 180.57649 46183.4 -64759.2 5255.69 -70014.9 85.301692
0.11 271.7513 313.12194 46313.485 -64573.6 5175.31 -69748.9 90.141443
0.12 264.58576 -906.0959 46762.534 -64809.6 5038.85 -69848.5 94.967331
0.13 273.64159 -95.751582 46705.017 -64474.8 5211.31 -69686.1 100.53564
0.14 268.26041 -375.91834 46724.707 -65350.5 5108.83 -70459.3 105.3301
0.15 273.3905 -36.02087 46518.6 -65308.9 5206.53 -70515.4 106.11158
0.16 260.90801 -636.46751 47007.358 -65530.7 4968.81 -70499.5 110.36234
0.17 260.67985 -221.74996 46641.626 -65949.8 4964.47 -70914.3 113.1763
0.18 259.98303 723.06774 46296.303 -65749 4951.19 -70700.2 114.44506
0.19 266.69005 -180.76311 46656.901 -65765.2 5078.93 -70844.1 116.46536
0.2 259.32239 122.78317 46688.672 -66202.2 4938.61 -71140.8 119.19364
0.21 263.34964 378.94303 46489.456 -66368.2 5015.31 -71383.5 121.14042
0.22 275.34326 58.073431 46661.389 -65858.4 5243.72 -71102.1 123.25039
0.23 258.15535 -253.23791 46734.597 -65970.5 4916.39 -70886.9 125.62737
0.24 257.01618 -372.30181 46917.859 -66526.8 4894.69 -71421.5 126.81413
0.25 271.76925 -100.64264 46827.303 -66366 5175.66 -71541.6 129.2769
0.26 272.40033 418.2462 46514.42 -66133.8 5187.67 -71321.4 132.57859
0.27 272.27378 -399.13159 46903.589 -66425.1 5185.26 -71610.4 132.48605
0.28 271.34134 4.9095986 46825.383 -66124.3 5167.51 -71291.8 132.68215
0.29 262.3415 316.77681 46528.21 -66557.8 4996.11 -71553.9 132.83629
0.3 266.36216 195.44461 46709.082 -66629.4 5072.68 -71702 133.26819
0.31 278.47036 -115.82293 46930.653 -66273 5303.27 -71576.3 135.60056
0.32 269.42285 694.07291 46338.859 -66398.2 5130.97 -71529.2 136.41495
0.33 262.1709 29.276038 46531.843 -66631.5 4992.86 -71624.4 139.00858
0.34 268.62556 86.367838 46713.979 -66187.4 5115.79 -71303.2 141.38108
0.35 267.53224 473.45726 46489.635 -66401.5 5094.96 -71496.4 142.42283
0.36 265.98243 507.14342 46435.174 -66470.6 5065.45 -71536 143.63414
0.37 267.39718 595.29946 46510.806 -66718.7 5092.39 -71811.1 143.79169
0.38 262.3091 204.11975 46754.077 -66758.1 4995.49 -71753.6 145.30797
0.39 265.61972 -504.11064 46966.561 -66757.6 5058.54 -71816.2 145.79257
0.4 258.96982 -31.241885 46788.921 -66830.6 4931.9 -71762.5 147.07313
0.41 260.99471 717.64124 46427.29 -67029.4 4970.46 -71999.8 147.13689
0.42 270.04181 611.37728 46522.031 -66811.6 5142.76 -71954.3 148.58295
0.43 266.65669 46.26111 46718.186 -66748.9 5078.29 -71827.2 149.02555
0.44 264.24366 -430.1944 47157.477 -66814.5 5032.34 -71846.9 150.35635
0.45 261.31827 -173.92838 46891.838 -66932.4 4976.62 -71909.1 150.40069
0.46 263.09012 -143.08752 46794.174 -67011.9 5010.37 -72022.2 150.38897
0.47 260.76304 495.09525 46573.121 -66895.9 4966.05 -71861.9 150.81475
0.48 255.90389 281.31024 46531.446 -67016.3 4873.51 -71889.8 150.06474
0.49 268.27088 -432.1375 46771.494 -66457.8 5109.03 -71566.9 151.22147
0.5 263.6519 -487.0814 46922.235 -66477.8 5021.07 -71498.9 151.50388
0.51 264.4279 155.58988 46611.5 -66378.2 5035.84 -71414.1 152.2965
0.52 266.47255 -81.506604 46605.495 -66706.4 5074.78 -71781.2 153.53
0.53 271.19678 -816.57451 47079.647 -66443.4 5164.75 -71608.2 154.23439
0.54 260.83136 269.2971 46486.957 -66675.7 4967.35 -71643.1 155.32202
0.55 266.35858 309.38464 46646.806 -66830.7 5072.61 -71903.3 156.90628
0.56 265.85808 -363.33647 47028.252 -66605.9 5063.08 -71669 157.08926
0.57 264.90872 -260.98707 46906.858 -66685.5 5045 -71730.5 157.52933
0.58 260.1953 -513.87665 47145.504 -66660.6 4955.24 -71615.9 158.24137
0.59 261.02603 392.16642 46497.904 -66610.4 4971.06 -71581.5 158.53969
0.6 272.04138 606.58575 46316.635 -66344.1 5180.84 -71525 158.4259
0.61 260.85479 98.043535 46562.891 -66670.6 4967.8 -71638.4 159.302
0.62 269.58562 -659.14006 46916.508 -66082.3 5134.07 -71216.3 161.06408
0.63 263.95934 196.35786 46618.526 -66538 5026.92 -71564.9 162.4466
0.64 276.1476 510.56924 46587.709 -66249.7 5259.04 -71508.7 163.26342
0.65 272.42697 -634.5607 47053.24 -66273.3 5188.18 -71461.5 163.88517
0.66 268.06184 316.04592 46568.399 -66486.4 5105.05 -71591.4 164.96175
0.67 264.94062 498.31482 46312.714 -66333.2 5045.61 -71378.8 166.33408
0.68 253.90593 621.24989 46304.656 -66570.8 4835.46 -71406.2 169.29933
0.69 269.806 1087.8279 46185.261 -66376.7 5138.27 -71515 170.56006
0.7 265.9302 -438.94796 46699.669 -66288.5 5064.45 -71353 171.91533
0.71 267.7866 110.53526 46445.26 -66404.8 5099.81 -71504.6 172.89181
0.72 267.16151 242.25718 46481.712 -66162.7 5087.9 -71250.6 174.64302
0.73 252.33247 -437.88504 46875.23 -66819.4 4805.5 -71624.9 177.50829
0.74 266.10702 228.1549 46652.942 -66244.5 5067.82 -71312.3 178.76842
0.75 265.1562 -689.19227 47084.195 -66238.7 5049.71 -71288.5 181.73429
0.76 268.11564 -101.89849 46890.652 -66595.1 5106.07 -71701.2 181.29024
0.77 273.95342 -56.784216 46792.698 -66617.5 5217.25 -71834.7 182.20826
0.78 270.89433 -364.24711 47033.88 -66688.9 5158.99 -71847.9 183.40033
0.79 253.04905 -367.89778 46851.177 -66985.4 4819.14 -71804.5 184.41304
0.8 273.79026 -561.90461 47190.412 -66688.9 5214.14 -71903 185.56794
0.81 271.4746 -36.829559 46853.957 -66588.7 5170.04 -71758.7 185.63382
0.82 263.65028 -333.98047 46839.287 -66704.8 5021.04 -71725.8 187.56034
0.83 265.99613 -566.85614 47040.309 -66615 5065.71 -71680.7 189.49948
0.84 265.70823 169.73637 46704.939 -66560.6 5060.23 -71620.9 189.93374
0.85 260.61417 -579.01669 47124.971 -66665.2 4963.21 -71628.4 189.82503
0.86 267.67976 278.27059 46627.169 -66800.4 5097.77 -71898.1 190.30771
0.87 266.54514 382.53373 46660.381 -66496.5 5076.17 -71572.7 190.88094
0.88 268.01017 215.05133 46545.837 -66639.2 5104.07 -71743.3 192.20561
0.89 270.75927 58.685421 46362.625 -66133 5156.42 -71289.4 193.84244
0.9 269.81602 -116.60422 46647.484 -66220.4 5138.46 -71358.9 195.16948
0.91 267.5667 -271.27962 46966.675 -66308.2 5095.62 -71403.8 196.70933
0.92 261.11145 -103.415 46676.336 -66533.2 4972.68 -71505.8 196.98362
0.93 271.16907 -285.96123 46944.006 -66428.3 5164.23 -71592.5 198.05516
0.94 273.92868 -273.85164 46875.96 -66191.5 5216.78 -71408.3 197.92407
0.95 267.11772 446.95799 46450.493 -66576.2 5087.07 -71663.3 197.19466
0.96 261.08865 -121.63223 46710.93 -66292.6 4972.25 -71264.9 198.61158
0.97 277.09037 -292.70577 46962.162 -66212 5276.99 -71489 201.39902
0.98 261.1986 298.61895 46425.745 -66684.6 4974.34 -71659 201.12496
0.99 258.14265 -270.73115 46783.194 -67075.6 4916.15 -71991.8 202.86099
1 268.7382 455.37821 46331.196 -66766.9 5117.93 -71884.8 203.23387
1.01 272.32708 215.99185 46501.199 -66565.3 5186.28 -71751.6 204.74022
1.02 272.02855 442.6946 46607.744 -66331.1 5180.59 -71511.7 205.15801
1.03 260.34612 354.85552 46351.953 -66651.5 4958.11 -71609.6 205.87737
1.04 261.16186 -29.143421 46690.048 -66764.1 4973.64 -71737.7 208.75677
1.05 280.35204 411.68805 46501.861 -66330.7 5339.11 -71669.8 211.44111
1.06 259.67433 -17.880588 46537.424 -66570.6 4945.32 -71515.9 212.77394
1.07 261.50562 457.12947 46475.562 -66387.3 4980.19 -71367.5 215.69426
1.08 262.09174 157.82486 46641.992 -66219 4991.35 -71210.3 217.97354
1.09 264.64122 -211.79239 46967.687 -66277.9 5039.91 -71317.8 222.13843
1.1 259.80962 290.12015 46563.933 -66202.9 4947.89 -71150.8 223.13565
1.11 266.77762 95.954992 46826.46 -66241.9 5080.59 -71322.5 224.63712
1.12 253.01346 517.19969 46336.278 -67010.2 4818.46 -71828.6 225.15779
1.13 271.058 89.694587 46544.889 -66528.5 5162.11 -71690.6 227.72937
1.14 268.49635 -374.7839 47118.142 -66749.5 5113.32 -71862.8 230.77256
1.15 270.83376 -54.97328 46606.862 -66641.3 5157.84 -71799.2 230.37262
1.16 269.29457 569.78826 46488.016 -66324.5 5128.53 -71453 231.52773
1.17 267.65349 -360.03147 46904.336 -66476 5097.27 -71573.2 234.84249
1.18 261.6945 -134.47554 46545.18 -66725.5 4983.79 -71709.3 234.64497
1.19 275.70407 479.99925 46502.817 -66494.3 5250.59 -71744.9 236.79032
1.2 271.33513 225.81441 46697.179 -66263.6 5167.39 -71431 238.60231
1.21 265.36541 364.73569 46357.34 -66731.6 5053.7 -71785.3 236.75381
1.22 267.86593 -273.76774 46855.654 -66447.7 5101.32 -71549 239.41626
1.23 278.12717 -14.956313 46860.908 -66310.9 5296.74 -71607.6 241.00432
1.24 259.98667 -803.16563 46977.367 -66444.3 4951.26 -71395.6 243.82077
1.25 255.63676 -771.8561 47028.822 -66680.6 4868.42 -71549 244.12141
1.26 272.09245 657.338 46213.622 -66324.2 5181.81 -71506 243.20403
1.27 262.71643 119.03438 46696.159 -66556.4 5003.25 -71559.7 244.84536
1.28 260.59203 362.81332 46454.577 -66697.3 4962.79 -71660.1 245.8323
1.29 268.27819 -306.06845 46855.634 -66594.7 5109.17 -71703.8 248.42677
1.3 255.21409 -572.06169 46966.093 -66968.6 4860.37 -71829 250.75459
1.31 271.95239 -249.73443 46905.457 -66440.9 5179.14 -71620.1 253.06966
1.32 266.06989 385.27199 46631.551 -66662 5067.11 -71729.1 251.92613
1.33 270.64176 -19.313764 46775.857 -66739.9 5154.18 -71894.1 253.19559
1.34 263.14648 151.77662 46676.535 -66528.5 5011.44 -71540 253.4777
1.35 259.97995 -143.29321 46793.718 -66644.5 4951.14 -71595.7 254.96294
1.36 269.27186 684.80279 46400.931 -66405.8 5128.09 -71533.9 256.12393
1.37 262.75304 185.53156 46556.266 -66484.7 5003.95 -71488.6 255.83271
1.38 263.30959 -422.32155 46849.047 -66668.1 5014.55 -71682.7 257.34151
1.39 264.33122 -154.7694 46680.613 -66677.6 5034 -71711.6 258.56029
1.4 266.0037 -42.055972 46716.203 -66595.6 5065.85 -71661.5 259.20621
1.41 260.98517 198.2353 46523.165 -66498.2 4970.28 -71468.5 261.09192
1.42 269.96873 -144.77092 46730.803 -66336.2 5141.37 -71477.6 261.5169
1.43 268.28829 286.27267 46466.442 -66029.7 5109.36 -71139.1 266.40067
1.44 265.74065 355.453 46505.887 -66464 5060.84 -71524.8 268.58514
1.45 267.8756 -29.457276 46658.513 -66496.6 5101.5 -71598.1 271.76328
1.46 254.74536 -403.95175 46956.418 -66631.4 4851.45 -71482.9 274.89704
1.47 270.46847 -175.56819 46690.309 -66231.1 5150.88 -71382 274.98636
1.48 263.68301 -385.58665 47007.123 -66637.5 5021.66 -71659.1 277.01287
1.49 257.48077 -6.4453059 46769.434 -66856.8 4903.54 -71760.3 277.72576
1.5 266.23636 285.92428 46667.571 -66228.2 5070.29 -71298.5 278.154
1.51 258.73655 -261.76121 46689.077 -66708 4927.46 -71635.5 278.85029
1.52 265.45104 -555.07414 47125.792 -66553.5 5055.33 -71608.9 282.44583
1.53 264.14705 -394.80596 46843.01 -66733.1 5030.5 -71763.6 280.79303
1.54 266.44938 597.59116 46333.65 -66444.9 5074.34 -71519.3 280.04261
1.55 264.51185 -322.6638 46781.362 -66420.9 5037.44 -71458.3 283.56637
1.56 268.86078 390.00528 46469.206 -66465.6 5120.27 -71585.9 282.8827
1.57 268.41219 279.48132 46771.751 -66403 5111.72 -71514.7 284.68292
1.58 262.67808 -22.140871 46724.784 -66499.3 5002.52 -71501.9 286.0337
1.59 259.88825 -209.00708 46688.28 -66332.5 4949.39 -71281.9 287.00762
1.6 262.41775 449.65616 46377.917 -66518.5 4997.56 -71516.1 286.10652
1.61 278.66508 450.48627 46482.106 -66177.6 5306.98 -71484.6 288.06686
1.62 267.79522 -5.0008761 46624.005 -66463.3 5099.97 -71563.2 289.36707
1.63 263.30729 -379.69183 46955.762 -66798.2 5014.5 -71812.7 292.43479
1.64 266.33277 -832.81216 46965.755 -66844.3 5072.12 -71916.4 292.28885
1.65 271.57949 -202.65056 46841.616 -66508.6 5172.04 -71680.7 292.40671
1.66 258.93999 -121.60937 46803.387 -66659.7 4931.33 -71591 293.34537
1.67 261.90551 112.83049 46753 -66627.6 4987.81 -71615.4 293.55982
1.68 262.58544 307.05766 46471.788 -66561.6 5000.76 -71562.4 293.65249
1.69 267.96995 208.85388 46573.762 -66896.1 5103.3 -71999.4 294.35466
1.7 269.60659 -443.9047 46958.457 -66751.2 5134.47 -71885.6 297.46106
1.71 270.25745 111.25249 46718.545 -66381.4 5146.86 -71528.3 297.39563
1.72 271.12348 54.287646 46581.824 -66513.5 5163.36 -71676.9 297.99822
1.73 268.05998 -841.43505 47206.573 -66470.6 5105.01 -71575.6 301.2404
1.74 269.6647 -360.93189 46731.28 -66433.5 5135.58 -71569.1 299.73569
1.75 258.74073 106.93366 46460.331 -66614.2 4927.54 -71541.7 300.20369
1.76 261.7515 -562.78015 46947.283 -66953.4 4984.87 -71938.3 302.62171
1.77 266.44087 34.201927 46718.99 -66366.7 5074.18 -71440.8 302.32303
1.78 255.91847 62.817869 46413.217 -66925.5 4873.79 -71799.3 303.64185
1.79 264.64086 190.82013 46603.715 -66576.7 5039.9 -71616.6 306.08538
1.8 273.45632 -24.558297 46875.249 -66668.7 5207.78 -71876.5 308.12576
1.81 269.74952 -117.23184 46832.085 -66625.1 5137.19 -71762.3 309.15239
1.82 273.85467 -562.76447 46997.357 -66420.2 5215.37 -71635.6 310.50964
1.83 263.44703 -205.89055 46869.744 -66685.5 5017.16 -71702.6 311.42992
1.84 265.19463 -12.968031 46801.038 -66290.6 5050.45 -71341 314.06322
1.85 261.40955 283.30003 46626.325 -66518.6 4978.36 -71496.9 313.9601
1.86 263.00416 410.67523 46360.865 -66761.2 5008.73 -71769.9 313.97135
1.87 264.45934 -474.31948 46893.903 -66454.6 5036.44 -71491 316.8292
1.88 264.5204 429.2522 46507.068 -66840.9 5037.61 -71878.5 318.06671
1.89 263.54048 273.51386 46440.168 -66612.1 5018.94 -71631.1 319.14047
1.9 282.81145 -8.7189415 46742.694 -66261.8 5385.95 -71647.7 321.43263
1.91 262.24347 998.34758 46090.946 -66614.6 4994.24 -71608.8 319.72938
1.92 272.13049 -717.56984 47237.808 -66715.3 5182.53 -71897.8 325.50306
1.93 278.67141 -252.39106 46986.466 -66403.5 5307.1 -71710.6 325.55725
1.94 263.62674 -153.12273 47040.115 -66683.1 5020.59 -71703.7 326.21012
1.95 259.29847 -594.85543 46897.366 -66900.4 4938.16 -71838.5 325.03057
1.96 273.35405 -718.41921 47141.004 -66582.8 5205.84 -71788.6 326.17367
1.97 256.93325 -505.88155 46973.13 -66697 4893.11 -71590.1 325.62768
1.98 267.84972 61.819379 46749.046 -66591.1 5101.01 -71692.1 324.46722
1.99 256.74136 196.34 46589.987 -67102.2 4889.46 -71991.6 324.51602
2 258.72366 -140.46668 46802.112 -66658.9 4927.21 -71586.1 326.75835
2.01 258.72691 685.58604 46268.174 -66463.8 4927.27 -71391.1 325.43433
2.02 254.63786 -370.61933 46887.834 -66630.7 4849.4 -71480.1 327.45192
2.03 262.67891 -405.73126 46973.055 -66472.8 5002.54 -71475.3 329.51064
2.04 263.69979 -301.28686 46761.344 -66251.2 5021.98 -71273.2 327.74425
2.05 278.97243 621.48437 46330.743 -66122.5 5312.83 -71435.3 325.58562
2.06 265.97149 -449.42738 46912.45 -65931.9 5065.24 -70997.2 329.65103
2.07 257.5611 462.01654 46415.811 -66386.3 4905.07 -71291.3 328.80302
2.08 261.46454 -379.67203 46838.809 -66264 4979.41 -71243.4 331.70477
2.09 258.50798 287.16355 46398.078 -65963.8 4923.1 -70886.9 332.20912
2.1 262.93543 -2.0720849 46571.381 -65966.9 5007.42 -70974.3 337.02433
2.11 269.99949 -1070.6957 47274.72 -66035.9 5141.95 -71177.9 341.09281
2.12 261.84927 -143.02496 46783.587 -66301.9 4986.74 -71288.6 339.33727
2.13 267.6451 287.02709 46535.677 -66147.2 5097.11 -71244.3 339.91006
2.14 253.08712 -382.43614 47002.688 -66212.6 4819.87 -71032.5 343.52082
2.15 272.30697 -629.74197 46954.878 -65849.1 5185.9 -71035 347.48354
2.16 265.7463 49.169164 46686.957 -66291.9 5060.95 -71352.8 347.92631
2.17 260.35087 -322.09318 46927.884 -65956.6 4958.2 -70914.8 352.12212
2.18 265.56568 297.42969 46595.15 -65772.4 5057.51 -70830 356.20241
2.19 261.79287 -456.6958 46675.911 -66014.1 4985.66 -70999.8 360.22557
2.2 269.79083 -163.30943 46787.642 -65817.4 5137.98 -70955.4 361.86427
2.21 268.72809 63.354752 46535.292 -66024 5117.74 -71141.8 363.77065
2.22 273.51987 693.62785 46133.9 -66193.4 5208.99 -71402.4 363.93538
2.23 264.86305 -189.0408 46703.925 -65931.5 5044.13 -70975.6 367.84998
2.24 260.50305 -389.02469 46881.123 -66441.6 4961.1 -71402.7 372.02312
2.25 274.62259 124.76956 46610.564 -66048.9 5229.99 -71278.9 371.85963
2.26 257.65564 321.21123 46498.125 -66398.3 4906.87 -71305.1 374.68668
2.27 260.2118 -506.17723 47012.576 -66226.5 4955.55 -71182 380.86603
2.28 269.30794 -108.63163 46743.915 -66272.3 5128.78 -71401.1 378.84163
2.29 261.14912 -332.69486 46956.051 -66556.7 4973.4 -71530.1 380.38102
2.3 273.19017 -623.79162 46994.056 -66413.4 5202.72 -71616.2 382.70454
2.31 263.45741 382.06915 46344.518 -66593.4 5017.36 -71610.8 382.12784
2.32 264.74363 -32.224824 46823.712 -66631.2 5041.86 -71673.1 386.77953
2.33 265.64082 -142.743 46798.227 -66220 5058.94 -71278.9 385.93438
2.34 272.53465 280.57151 46318.544 -66615 5190.23 -71805.2 383.88047
2.35 260.47293 530.96512 46373.749 -66427.9 4960.52 -71388.4 385.40583
2.36 267.35224 -431.45801 46798.58 -66424.9 5091.54 -71516.5 389.61708
2.37 269.5075 177.85242 46560.375 -66310.6 5132.58 -71443.2 391.13016
2.38 265.68078 -108.60461 46664.259 -66753.7 5059.7 -71813.4 391.55664
2.39 263.65917 706.28285 46319.497 -66339.4 5021.2 -71360.6 391.51386
2.4 267.92396 475.56427 46269.325 -66544.4 5102.42 -71646.9 394.293
2.41 264.48453 288.06291 46522.864 -66796.7 5036.92 -71833.6 396.64699
2.42 252.7503 -38.630531 46762.492 -66763 4813.45 -71576.5 398.34848
2.43 267.6683 -357.93158 47114.219 -66342.9 5097.56 -71440.5 404.13157
2.44 272.56451 -260.85737 46845.506 -66493.5 5190.8 -71684.3 402.89892
2.45 263.02558 -726.31931 47120.717 -66544.9 5009.14 -71554.1 405.1069
2.46 269.14422 -61.379473 46887.621 -66447.1 5125.66 -71572.8 404.95054
2.47 264.39238 -282.4352 46822.888 -66788.2 5035.17 -71823.4 406.25556
2.48 270.23806 -755.62037 47263.457 -66555.6 5146.49 -71702.1 410.39633
2.49 265.32849 -369.63579 46917.127 -66717 5053 -71770 410.18304
2.5 272.33808 140.06658 46598.556 -66616.5 5186.49 -71803 408.86017
2.51 264.66235 132.197 46704.611 -66781.9 5040.31 -71822.2 410.91484
2.52 259.66989 319.70944 46586.705 -66981.4 4945.23 -71926.7 411.38279
2.53 265.83728 99.128736 46599.505 -66548.6 5062.69 -71611.3 411.77905
2.54 256.21608 -720.63246 47065.604 -67019 4879.46 -71898.4 414.04696
2.55 267.74245 465.09964 46542.402 -66581.8 5098.97 -71680.7 410.48594
2.56 261.96978 541.85345 46436.403 -66863.7 4989.03 -71852.7 411.21684
2.57 262.53 90.399119 46665.454 -66542.8 4999.7 -71542.5 414.29274
2.58 256.52627 -235.13053 46907.174 -67067 4885.36 -71952.3 417.49913
2.59 261.68257 -152.89828 46740.361 -66731 4983.56 -71714.6 418.5396
2.6 267.70756 412.65252 46316.03 -66882.3 5098.3 -71980.7 416.03146
2.61 270.23554 326.75133 46506.338 -66904 5146.45 -72050.4 418.66982
2.62 258.47848 -423.25702 47003.697 -66801.7 4922.54 -71724.3 421.62702
2.63 267.46106 -251.96361 46941.201 -66807.8 5093.61 -71901.4 420.51043
2.64 267.05951 -379.91137 47026.22 -66616.7 5085.96 -71702.7 419.43123
2.65 257.24881 -495.83028 47075.516 -67018.6 4899.12 -71917.7 420.60554
2.66 270.45777 107.02903 46779.834 -66640.7 5150.68 -71791.3 418.63
2.67 261.86461 304.06477 46568.633 -66615.8 4987.03 -71602.8 419.02062
2.68 266.56896 290.34956 46541.231 -66364 5076.62 -71440.6 417.50746
2.69 255.67021 8.6905534 46564.848 -66759.1 4869.06 -71628.2 418.92199
2.7 265.99582 -287.66799 46866.55 -66360.6 5065.7 -71426.3 422.91849
2.71 264.09956 -342.0057 46737.845 -66375.2 5029.59 -71404.8 421.77603
2.72 266.45299 29.915216 46513.595 -66408.5 5074.41 -71482.9 421.31561
2.73 261.48988 -663.59261 47033.501 -66333.2 4979.89 -71313.1 426.40569
2.74 260.87242 48.764097 46678.447 -66623.9 4968.13 -71592 426.58735
2.75 275.34889 -35.394758 46819.039 -66441.8 5243.83 -71685.7 429.45484
2.76 257.40004 302.74739 46498.034 -66755.3 4902 -71657.3 429.34995
2.77 267.62521 35.867517 46624.16 -66553.7 5096.73 -71650.4 430.74558
2.78 268.26541 -365.78201 46942.167 -66595.2 5108.93 -71704.1 433.80405
2.79 270.10813 -394.77777 47072.023 -66431.8 5144.02 -71575.8 435.4364
2.8 277.34208 226.74951 46672.757 -66561.1 5281.79 -71842.9 432.42813
2.81 266.89063 330.48102 46509.593 -66561.4 5082.75 -71644.2 432.42207
2.82 266.00761 -194.78148 46904.384 -66457.7 5065.93 -71523.6 436.47007
2.83 276.27996 -522.07657 47192.482 -66394.9 5261.56 -71656.4 440.14933
2.84 266.38596 -128.875 46818.043 -66664.7 5073.13 -71737.9 437.64254
2.85 263.04133 821.42566 46174.265 -66712.2 5009.44 -71721.6 433.10758
2.86 260.89874 -460.15504 46931.017 -66886.2 4968.63 -71854.9 439.20361
2.87 252.63022 -11.158782 46812.324 -67233.3 4811.17 -72044.4 439.44177
2.88 263.56142 215.40653 46505.208 -66628.1 5019.34 -71647.5 436.81319
2.89 269.28166 -203.93088 46860.794 -66184.5 5128.28 -71312.7 440.80666
2.9 263.21722 366.68225 46552.224 -65848.2 5012.79 -70861 439.31129
2.91 267.40717 603.7216 46360.685 -66175.8 5092.58 -71268.4 441.10248
2.92 258.43518 254.79109 46603.973 -66329.3 4921.72 -71251.1 447.31211
2.93 263.76529 -357.15372 47119.954 -66003.3 5023.23 -71026.5 450.8595
2.94 267.4777 86.908742 46626.304 -66224.2 5093.93 -71318.2 448.92126
2.95 271.77107 -496.56587 46950.598 -66212.8 5175.69 -71388.5 454.63094
2.96 268.58379 -533.92444 46983.076 -66364.3 5114.99 -71479.3 454.80824
2.97 266.35287 255.70709 46455.74 -66070.6 5072.5 -71143.1 453.50431
2.98 274.04624 -632.44329 47007.073 -65812.7 5219.02 -71031.8 461.30682
2.99 270.55621 257.79402 46415.658 -65832.3 5152.55 -70984.8 459.18923
3 259.17855 616.57324 46413.163 -66239.2 4935.87 -71175.1 459.96348
3.01 266.35255 819.30076 46227.495 -66020.3 5072.5 -71092.9 460.92115
3.02 267.03595 83.792878 46524.661 -66133.5 5085.51 -71219 464.38885
3.03 269.49805 -784.27848 46986.186 -66087.5 5132.4 -71219.9 468.7412
3.04 256.61081 106.04283 46649.45 -66416.2 4886.97 -71303.2 466.3714
3.05 278.17819 382.81716 46542.376 -66053.4 5297.71 -71351.1 467.75985
3.06 267.92545 307.11121 46444.351 -66340.7 5102.45 -71443.2 467.38326
3.07 261.84123 -166.93766 46870.225 -66389.3 4986.58 -71375.9 472.06931
3.08 279.34787 -86.337968 46932.093 -66341.9 5319.98 -71661.9 472.86939
3.09 255.93248 191.44443 46685.675 -66646.2 4874.05 -71520.2 474.50642
3.1 266.17591 782.43829 46146.162 -66292.1 5069.13 -71361.2 472.65018
3.11 256.83527 65.813171 46690.892 -66990.3 4891.25 -71881.6 475.79045
3.12 264.50044 -200.44353 47015.749 -66592.5 5037.23 -71629.7 478.15824
3.13 277.30461 240.88251 46606.262 -66383.7 5281.07 -71664.8 477.03671
3.14 274.83145 883.31195 46258.908 -66275 5233.97 -71509 476.99155
3.15 266.47086 226.39271 46523.304 -66585.2 5074.75 -71660 481.45445
3.16 257.07483 -754.6056 46894.704 -66393.3 4895.81 -71289.1 482.409
3.17 260.93244 41.530169 46459.791 -66551.9 4969.28 -71521.2 479.52233
3.18 263.87362 498.99977 46406.769 -66549.4 5025.29 -71574.7 479.7194
3.19 270.06293 134.71024 46580.558 -66526.2 5143.16 -71669.4 480.28278
3.2 258.38877 -560.68554 46847.29 -66437.5 4920.83 -71358.3 481.82475
3.21 268.71751 137.44188 46566.212 -66333.6 5117.54 -71451.1 482.62453
3.22 265.30517 72.283452 46561.464 -66568.8 5052.55 -71621.3 483.90132
3.23 268.30844 -97.347664 46712.703 -66326.4 5109.75 -71436.2 485.77113
3.24 259.57663 -345.80432 46828.298 -66752.7 4943.46 -71696.1 487.9597
3.25 270.94868 -305.29306 46910.536 -66443.2 5160.03 -71603.3 491.38696
3.26 273.25945 50.366485 46733.962 -66593.9 5204.03 -71798 491.90736
3.27 265.59732 -552.78323 46869.691 -66373.1 5058.12 -71431.2 492.31261
3.28 266.76591 -59.983835 46709.324 -66562.8 5080.37 -71643.2 494.66912
3.29 273.17955 49.678576 46648.795 -66283.5 5202.51 -71486 494.26244
3.3 269.81423 -306.6566 46918.04 -66407.5 5138.42 -71545.9 498.10183
3.31 254.9469 -115.94558 46673.784 -66430.1 4855.29 -71285.4 498.88723
3.32 275.16538 415.78188 46615.592 -66301.1 5240.33 -71541.4 500.39223
3.33 270.99803 753.95004 46207.471 -66451 5160.97 -71612 501.51912
3.34 257.83277 -712.12885 47069.795 -66418.1 4910.24 -71328.4 508.91996
3.35 267.46522 79.378234 46584.608 -66790.3 5093.69 -71884 507.38863
3.36 275.0242 -224.64896 46834.346 -66205.3 5237.64 -71442.9 507.9654
3.37 262.79732 -242.78453 46982.157 -66729.9 5004.79 -71734.6 509.00462
3.38 263.409 621.23019 46509.674 -66570.9 5016.44 -71587.3 506.84717
3.39 265.10664 243.1133 46605.791 -66449.2 5048.77 -71497.9 510.09606
3.4 266.08461 114.19059 46550.032 -66393.7 5067.4 -71461.1 507.78936
3.41 259.07332 -340.59435 46805.453 -66694.7 4933.87 -71628.6 509.37338
3.42 267.37795 -72.421067 46699.462 -66376.3 5092.03 -71468.4 510.28284
3.43 267.85289 134.17671 46578.603 -66537 5101.07 -71638.1 510.76727
3.44 258.94622 -551.68108 46897.654 -66479.8 4931.45 -71411.3 515.28652
3.45 272.63783 -423.47505 46913.638 -66157.3 5192.2 -71349.5 516.55185
3.46 267.80742 -712.53147 47096.817 -66433.5 5100.2 -71533.7 517.0933
3.47 268.0502 -567.21328 47004.225 -66352.3 5104.83 -71457.1 517.49389
3.48 270.28482 -9.7638364 46731.013 -66279 5147.39 -71426.4 517.27113
3.49 265.99727 496.98197 46373.817 -66417.4 5065.73 -71483.1 516.25544
3.5 262.00416 428.35541 46550.629 -66440.5 4989.69 -71430.2 518.66089
3.51 267.68079 -428.32805 46953.664 -65997 5097.79 -71094.8 523.02814
3.52 262.58693 139.31195 46730.321 -66532.9 5000.78 -71533.7 522.12135
3.53 267.45319 -349.40771 46930.1 -66217.3 5093.46 -71310.8 523.61724
3.54 266.64947 321.69471 46370.39 -66448.6 5078.15 -71526.8 522.09511
3.55 268.3152 942.7426 46149.841 -66529.6 5109.88 -71639.5 523.45352
3.56 267.15701 -87.902357 46738.581 -66265.5 5087.82 -71353.3 530.16366
3.57 266.10103 -156.47979 46834.835 -66321.3 5067.71 -71389 531.146
3.58 257.77187 19.068504 46642.466 -66564.4 4909.09 -71473.5 532.6775
3.59 264.89821 -675.57169 47072.181 -66723.7 5044.8 -71768.5 534.32439
3.6 271.94596 98.030072 46593.005 -66438.8 5179.02 -71617.9 531.52757
3.61 263.92687 -683.27063 47060.451 -66725.2 5026.3 -71751.5 535.9414
3.62 266.5978 -125.91177 46647.249 -66337.8 5077.17 -71414.9 533.95775
3.63 261.178 -333.86405 46876.332 -66343.6 4973.95 -71317.6 539.05718
3.64 273.66534 448.77878 46281.538 -66033.2 5211.76 -71244.9 535.6163
3.65 265.03675 213.81442 46514.025 -66325.3 5047.44 -71372.7 541.02201
3.66 261.83774 247.40202 46575.233 -66357.7 4986.52 -71344.3 541.46417
3.67 265.07245 281.26231 46374.012 -66140.8 5048.12 -71189 542.98433
3.68 267.55446 155.08026 46567.596 -65841.1 5095.39 -70936.4 546.2807
3.69 261.70123 -258.94121 46653.003 -66151.3 4983.92 -71135.2 547.75638
3.7 262.83093 -90.528968 46730.494 -66195.5 5005.43 -71201 549.11844
3.71 265.00114 -328.03412 46933.227 -66268.3 5046.76 -71315.1 548.60197
3.72 262.13209 -19.037681 46812.007 -66327.7 4992.12 -71319.8 552.92294
3.73 269.07444 467.37173 46397.676 -66254.1 5124.33 -71378.4 550.66655
3.74 261.30838 -245.48147 46862.982 -66467.5 4976.44 -71443.9 554.02878
3.75 256.94845 -212.17953 46772.025 -66573.6 4893.4 -71467 557.43144
3.76 263.80639 150.97052 46569.669 -66461.9 5024.01 -71485.9 554.92757
3.77 265.42054 510.33227 46311.463 -66175.9 5054.75 -71230.6 554.08803
3.78 268.57302 -437.63765 46914.659 -66259.1 5114.79 -71373.9 560.6219
3.79 260.62324 242.1555 46468.582 -66525.6 4963.39 -71489 559.9207
3.8 267.7575 -273.14714 46626.244 -66100.1 5099.25 -71199.4 564.19716
3.81 278.77695 100.46876 46705.001 -65842 5309.11 -71151.1 568.1956
3.82 264.42027 292.56711 46600.681 -66211.9 5035.7 -71247.6 569.90745
3.83 269.47592 -440.75112 46716.283 -66146 5131.98 -71278 572.10798
3.84 269.41402 -288.48161 46810.747 -66229.6 5130.8 -71360.4 573.18175
3.85 271.69095 -148.29891 46624.33 -65933.1 5174.16 -71107.3 575.24077
3.86 268.30203 -404.82029 46799.456 -65867.7 5109.62 -70977.3 579.39461
3.87 267.71515 -238.15785 46993.986 -66331.7 5098.45 -71430.2 581.91625
3.88 269.25926 -324.56885 46837.153 -66081.6 5127.85 -71209.4 581.23783
3.89 267.51666 -82.332054 46698.502 -66222.1 5094.67 -71316.7 580.72799
3.9 261.34792 -111.3251 46725.99 -66620.6 4977.19 -71597.8 581.12747
3.91 271.32642 540.47023 46422.737 -66447.1 5167.22 -71614.4 578.17565
3.92 269.93036 -25.61602 46679.653 -66205.3 5140.63 -71346 583.20369
3.93 269.18762 259.48266 46467.57 -66564.3 5126.49 -71690.7 581.0144
3.94 263.87014 122.52436 46484.531 -67048 5025.22 -72073.2 582.6859
3.95 265.95776 -397.95545 46811.178 -66566.5 5064.98 -71631.5 586.16845
3.96 267.12167 418.97743 46485.236 -66847.3 5087.15 -71934.4 583.48301
3.97 270.49742 374.17492 46444.327 -66690.3 5151.43 -71841.8 583.29141
3.98 276.2542 302.82145 46580.878 -66626.9 5261.07 -71888 587.5298
3.99 264.17239 -226.98873 46818.07 -66582.3 5030.98 -71613.3 593.88362
4 267.90164 -45.633379 46724.577 -66414.7 5102 -71516.7 592.89984
4.01 263.10756 22.273555 46734.592 -66853 5010.7 -71863.7 594.47375
4.02 259.08843 731.81327 46392.179 -66531.2 4934.16 -71465.3 593.49718
4.03 272.00992 32.189796 46664.057 -66406.2 5180.24 -71586.4 598.05687
4.04 264.87995 209.90856 46490.593 -66729.3 5044.45 -71773.7 597.54495
4.05 271.91752 -411.30659 46884.277 -66434.2 5178.48 -71612.7 601.58067
4.06 266.56324 -510.25247 46972.908 -66739.1 5076.51 -71815.6 604.82163
4.07 270.21765 3.7557729 46644.324 -66318.2 5146.11 -71464.3 602.97201
4.08 263.23299 642.964 46406.416 -66745.1 5013.09 -71758.2 602.57791
4.09 264.47574 30.476964 46733.51 -66634.2 5036.76 -71671 606.8829
4.1 272.1654 260.26386 46638.055 -66452.4 5183.2 -71635.6 605.60698
4.11 259.30572 376.76905 46453.745 -66528.8 4938.3 -71467.1 603.73201
4.12 265.28232 -255.03704 46695.441 -66534.7 5052.12 -71586.8 608.76266
4.13 266.43736 -259.1432 46946.694 -66195.8 5074.11 -71269.9 612.9114
4.14 262.28812 -77.334309 46796.529 -66350.6 4995.09 -71345.7 615.05414
4.15 266.72262 -619.0581 47003.471 -66231.6 5079.55 -71311.2 617.05568
4.16 267.32855 -210.99108 46726.469 -66247.9 5091.08 -71339 613.96426
4.17 271.65332 -581.11648 47122.306 -66253.3 5173.45 -71426.8 620.19557
4.18 261.89563 -682.9914 46994.197 -66301.6 4987.62 -71289.2 620.30969
4.19 255.00294 -744.77075 47072.682 -66658.9 4856.35 -71515.3 624.2309
4.2 270.06525 274.44053 46429.275 -66183.4 5143.2 -71326.6 621.11723
4.21 272.83149 643.46081 46402.487 -65872.5 5195.88 -71068.4 621.75516
4.22 268.03578 50.763683 46736.209 -66246.9 5104.55 -71351.5 627.04144
4.23 286.36215 652.35929 46440.424 -65799.7 5453.57 -71253.3 624.94962
4.24 263.32962 -48.600641 46761.361 -66096.3 5014.93 -71111.2 628.70246
4.25 269.28324 233.38256 46471.197 -66348 5128.31 -71476.3 626.5653
4.26 271.90439 -499.44024 46917.104 -66202.6 5178.23 -71380.8 632.22865
4.27 266.38256 438.04139 46571.946 -66489.5 5073.07 -71562.5 632.68821
4.28 263.4731 10.214348 46582.762 -66160.4 5017.66 -71178.1 635.69831
4.29 272.30895 280.47562 46535.136 -65902.9 5185.93 -71088.9 637.138
4.3 259.91038 -52.088145 46644.358 -66308.9 4949.81 -71258.7 636.23739
4.31 258.7445 95.815714 46664.351 -66507.5 4927.61 -71435.1 636.8625
4.32 264.31137 357.62522 46369.062 -66253.2 5033.62 -71286.8 635.56929
4.33 267.11947 -13.227587 46618.042 -66372.8 5087.1 -71459.9 640.28877
4.34 267.41228 -473.31626 47013.535 -66243.9 5092.68 -71336.5 643.9039
4.35 271.02618 924.44734 46267.157 -66606.1 5161.5 -71767.6 640.02689
4.36 259.33635 16.196715 46680.501 -67001.5 4938.88 -71940.3 644.57786
4.37 267.94367 -87.008252 46706.004 -66813.7 5102.8 -71916.5 646.15068
4.38 256.02455 -498.85035 46997.553 -66743.4 4875.81 -71619.2 649.63973
4.39 264.64099 -88.290935 46725.532 -66548.9 5039.9 -71588.8 647.85894
4.4 263.5074 662.65259 46394.754 -67002.1 5018.31 -72020.4 646.12088
4.41 268.33921 -266.39414 46987.93 -66577.3 5110.33 -71687.6 651.30595
4.42 261.22213 -161.67084 46643.057 -66720.6 4974.79 -71695.4 649.8792
4.43 273.51961 333.52064 46571.552 -66195 5208.99 -71404 649.78432
4.44 261.0927 464.11702 46552.476 -66416.3 4972.33 -71388.6 650.57692
4.45 269.55752 180.6134 46685.749 -66834.1 5133.53 -71967.6 653.80682
4.46 275.16196 -408.60229 46928.342 -66587.2 5240.27 -71827.5 656.16004
4.47 262.99246 72.633545 46696.039 -66966 5008.51 -71974.6 656.2898
4.48 272.38624 624.84565 46372.686 -66585.2 5187.41 -71772.6 652.93891
4.49 259.42688 -3.1448777 46731.298 -66895.6 4940.6 -71836.2 655.10112
4.5 264.67049 -789.64495 47202.484 -66544.6 5040.46 -71585 662.0201
4.51 263.7602 -204.53489 46794.743 -66817 5023.13 -71840.1 662.14594
4.52 259.45906 373.79259 46473.023 -66950.3 4941.22 -71891.6 661.60264
4.53 261.27608 714.16836 46483.566 -66648.6 4975.82 -71624.4 663.21421
4.54 261.82415 589.75496 46311.649 -66844.3 4986.26 -71830.6 663.6257
4.55 270.75008 5.5470717 46661.57 -66784.7 5156.25 -71941 668.70357
4.56 269.91192 -488.36778 46939.449 -66637.8 5140.28 -71778 672.3511
4.57 266.56177 31.492477 46726.949 -66799.4 5076.48 -71875.9 670.89663
4.58 275.82314 -323.21729 46795.681 -66322 5252.86 -71574.9 672.93666
4.59 264.90075 50.9889 46547.868 -66566.5 5044.85 -71611.4 673.8924
4.6 260.47038 -470.67227 46892.172 -66394.9 4960.48 -71355.4 676.15416
4.61 254.9224 -532.64098 46956.464 -66761 4854.82 -71615.8 678.00304
4.62 263.75453 369.82593 46416.242 -66356.7 5023.02 -71379.7 677.11246
4.63 265.78262 -401.27129 46800.86 -66307.4 5061.64 -71369.1 682.76722
4.64 263.29617 -129.13674 46706.961 -66383.5 5014.29 -71397.8 683.82761
4.65 260.45767 417.93303 46292.126 -66459.3 4960.23 -71419.5 681.38105
4.66 266.9349 -27.331205 46902.43 -66482.4 5083.59 -71566 687.46584
4.67 266.4106 -289.04119 46980.513 -66601.1 5073.6 -71674.7 688.76437
4.68 264.19253 725.9491 46340.107 -66442 5031.36 -71473.4 684.10779
4.69 257.51327 -14.531292 46693.773 -66675.6 4904.16 -71579.8 689.44203
4.7 265.53429 187.49186 46521.425 -66648 5056.91 -71704.9 688.18022
4.71 257.54133 351.12113 46490.896 -66895.9 4904.69 -71800.6 688.08201
4.72 264.78611 175.34211 46539.559 -66506 5042.67 -71548.6 688.91438
4.73 265.13165 201.74715 46523.389 -66593.5 5049.25 -71642.8 689.58388
4.74 266.92123 830.6694 46303.317 -66304.5 5083.33 -71387.9 689.4637
4.75 261.31972 123.56864 46676.892 -66432.9 4976.65 -71409.5 693.95228
4.76 269.00517 -873.80932 47112.921 -66108.4 5123.02 -71231.4 698.08788
4.77 262.89845 -496.63129 47028.418 -66598.6 5006.72 -71605.3 700.44997
4.78 264.71473 -810.9728 47068.481 -66000.6 5041.31 -71041.9 703.09787
4.79 256.27192 647.40772 46466.386 -66413.9 4880.52 -71294.4 699.21187
4.8 262.11042 89.669467 46614.431 -66234.3 4991.71 -71226 698.90232
4.81 272.2732 -298.67809 46808.852 -66305 5185.25 -71490.3 704.59749
4.82 270.47604 216.78953 46611.578 -66390 5151.03 -71541 705.60588
4.83 261.27707 368.53711 46451.265 -66494.8 4975.84 -71470.6 703.25836
4.84 261.81384 -365.15076 46941.609 -66229.8 4986.06 -71215.9 708.92208
4.85 268.31291 133.30973 46647.164 -66618.1 5109.83 -71728 708.17295
4.86 261.4852 336.06316 46460.829 -66383.1 4979.8 -71362.9 708.75851
4.87 262.98028 -228.36976 46897.744 -66551.4 5008.28 -71559.7 712.16282
4.88 268.38914 -605.83314 47070.765 -66812.2 5111.28 -71923.5 716.64123
4.89 272.33981 -59.012293 46896.479 -66801.3 5186.52 -71987.8 714.73391
4.9 258.19486 -321.78927 46865.755 -66786.6 4917.14 -71703.7 715.37531
4.91 267.24142 489.00565 46344.436 -66529.7 5089.43 -71619.2 710.12121
4.92 269.75607 298.20651 46493.711 -66331.8 5137.32 -71469.1 714.00663
4.93 261.33855 697.31452 46404.265 -66552.2 4977.01 -71529.2 712.89995
4.94 262.17299 807.07121 46371.763 -66427 4992.9 -71419.9 714.39448
4.95 258.36953 359.19979 46465.846 -66474.6 4920.47 -71395.1 716.75751
4.96 262.36752 26.982581 46642.44 -66691.9 4996.61 -71688.5 717.46273
4.97 271.96832 184.69581 46576.557 -66562.4 5179.45 -71741.8 719.77345
4.98 264.42103 560.49554 46321.759 -66737.3 5035.71 -71773.1 717.35863
4.99 271.71366 257.81571 46558.155 -66393.9 5174.6 -71568.5 720.32951
5 271.0702 139.02013 46559.975 -66948.8 5162.34 -72111.2 720.90978
5.01 268.53715 -239.98097 46891.56 -66956.5 5114.1 -72070.6 726.01398
5.02 260.80633 154.24811 46638.756 -66871.2 4966.87 -71838.1 722.71641
5.03 271.77894 26.895286 46667.59 -66845.3 5175.84 -72021.1 722.6104
5.04 263.9854 -253.55938 46963.72 -66751.8 5027.42 -71779.2 727.59653
5.05 269.29324 417.67801 46562.327 -67016.4 5128.5 -72144.9 723.42917
5.06 265.46403 349.50977 46629.78 -66932.3 5055.58 -71987.9 725.05021
5.07 276.6324 -493.66403 46971.849 -66534.1 5268.27 -71802.4 727.60227
5.08 255.35869 -890.38789 47142.437 -66870.5 4863.13 -71733.6 733.00973
5.09 265.85784 -179.73659 46804.907 -66589.2 5063.08 -71652.3 729.60755
5.1 269.31985 -352.89137 46904.154 -66154 5129.01 -71283 730.14005
5.11 257.83804 -378.18158 46947.183 -66521.7 4910.34 -71432 733.8005
5.12 269.04252 -170.25628 46789.811 -66346.8 5123.73 -71470.6 731.2647
5.13 263.43621 824.39318 46278.474 -66665.5 5016.96 -71682.4 728.44834
5.14 266.61305 444.08199 46475.941 -66542.9 5077.46 -71620.3 730.57537
5.15 261.9739 297.11289 46658.187 -66832.8 4989.11 -71821.9 732.76194
5.16 252.74263 -220.85667 46622.087 -66477.7 4813.31 -71291 732.84142
5.17 266.54321 10.54571 46709.035 -66484.9 5076.13 -71561 733.1993
5.18 258.27366 430.32601 46420.297 -66789.5 4918.64 -71708.2 729.71306
5.19 268.22639 141.70948 46722.818 -66635.2 5108.18 -71743.3 734.07235
5.2 266.6265 -257.45982 46881.683 -66685.4 5077.71 -71763.1 734.69379
5.21 261.96097 -281.99094 46837.515 -66472.8 4988.86 -71461.6 739.4091
5.22 272.60671 -43.396206 46883.451 -66371.8 5191.6 -71563.4 740.4982
5.23 259.80756 135.40023 46787.393 -66581.3 4947.85 -71529.1 738.71023
5.24 269.58663 253.29643 46726.82 -66375.2 5134.09 -71509.3 741.73221
5.25 268.15808 23.356339 46671.418 -66722.6 5106.88 -71829.5 741.04643
5.26 263.68861 -214.83942 46904.652 -66582.7 5021.76 -71604.5 742.40878
5.27 259.90211 -144.29423 46821.625 -66803.2 4949.65 -71752.8 739.88711
5.28 266.42094 388.9323 46578.159 -66409.6 5073.8 -71483.4 739.22231
5.29 264.99144 116.43052 46387.801 -66568.6 5046.58 -71615.2 738.67277
5.3 258.94159 -101.9125 46814.496 -66599.7 4931.36 -71531.1 744.09682
5.31 266.30977 506.72243 46444.375 -66353.5 5071.68 -71425.2 740.7813
5.32 272.82241 452.59995 46433.668 -66265.9 5195.71 -71461.6 742.17402
5.33 262.82886 -274.13059 46821.647 -66407.6 5005.39 -71413 746.00194
5.34 268.36479 226.01159 46531.4 -66207.2 5110.82 -71318 746.80712
5.35 256.27926 -34.984223 46634.163 -66758.5 4880.66 -71639.1 749.4866
5.36 273.33507 406.16282 46513.081 -66247.5 5205.48 -71453 748.06765
5.37 275.68172 -364.73994 46770.668 -65975.1 5250.17 -71225.3 750.93809
5.38 253.68905 -227.18709 46694.274 -66302.2 4831.33 -71133.5 753.51209
5.39 286.36623 -110.99937 46842.567 -65776.8 5453.64 -71230.5 757.66288
5.4 274.16237 -246.48774 46912.676 -66430.8 5221.23 -71652.1 758.08212
5.41 273.58288 -482.23441 47052.312 -66005.9 5210.19 -71216.1 761.44804
5.42 265.50638 -482.43495 46963.955 -66509.6 5056.38 -71566 763.18016
5.43 282.90031 47.009919 46847.144 -66147.6 5387.64 -71535.2 762.11987
5.44 263.75571 -280.98753 46784.804 -66348.5 5023.04 -71371.6 759.95587
5.45 267.03206 10.595433 46641.725 -66379.2 5085.44 -71464.6 758.9724
5.46 274.12445 289.26267 46457.592 -66098.4 5220.51 -71318.9 758.56347
5.47 266.72584 -723.2558 46890.768 -66200.4 5079.61 -71280 764.01027
5.48 268.30726 -228.75014 46794.07 -66319.1 5109.72 -71428.9 764.25641
5.49 268.17164 699.20505 46407.738 -66615.5 5107.14 -71722.6 762.77724
5.5 265.07944 395.65892 46367.549 -66514 5048.25 -71562.2 760.56731
5.51 270.49831 388.48781 46500.338 -66646.3 5151.45 -71797.7 765.14888
5.52 271.74646 -76.244773 46718.041 -66975.5 5175.22 -72150.7 768.66675
5.53 267.48459 -207.12311 46851.934 -66712 5094.06 -71806.1 767.90156
5.54 276.97052 -84.020521 46591.661 -66471.9 5274.71 -71746.6 767.54267
5.55 263.89918 26.743297 46703.076 -66862.8 5025.78 -71888.6 768.96285
5.56 273.37526 802.69995 46410.036 -66546.5 5206.24 -71752.8 764.42514
5.57 257.13876 -439.78466 46864.75 -66871.1 4897.03 -71768.1 770.4084
5.58 264.67223 227.7957 46530.177 -66602.2 5040.5 -71642.7 767.78492
5.59 256.45112 81.986069 46804.038 -66934.2 4883.93 -71818.2 773.36044
5.6 275.13206 -50.704087 46730.212 -66492.9 5239.7 -71732.6 774.66482
5.61 269.12355 -17.06766 46871.405 -66619.7 5125.27 -71745 777.61976
5.62 255.41026 -92.615785 46848.12 -66801.8 4864.11 -71665.9 778.99267
5.63 268.81635 -65.415252 46728.882 -66555 5119.42 -71674.4 778.38078
5.64 263.44897 -818.26653 47098.805 -66509.8 5017.2 -71527 781.58211
5.65 272.68679 769.45303 46200.121 -66245.3 5193.13 -71438.4 774.0879
5.66 258.47973 240.84347 46538.45 -66679.2 4922.57 -71601.7 779.06171
5.67 279.9883 398.89952 46571.668 -66422.5 5332.18 -71754.7 779.63505
5.68 264.7139 438.17867 46333.741 -66679.4 5041.29 -71720.7 777.2984
5.69 286.28238 511.62352 46536.372 -66074.3 5452.05 -71526.3 780.63997
5.7 263.75361 -674.38359 47127.086 -66480.9 5023 -71503.9 787.40122
5.71 260.83538 -536.67358 46955.936 -66338.3 4967.43 -71305.7 791.11354
5.72 262.71831 -164.26169 46864.547 -66427 5003.29 -71430.3 789.94856
5.73 264.99835 -14.3536 46582.348 -66757.5 5046.71 -71804.2 785.92001
5.74 274.60476 449.30777 46569.028 -66363.3 5229.66 -71593 788.27091
5.75 266.74611 668.43226 46348.735 -66560.3 5079.99 -71640.3 788.30319
5.76 267.57505 586.72913 46355.851 -66419.6 5095.78 -71515.3 789.97384
5.77 264.42668 662.25335 46319.753 -66718.5 5035.82 -71754.3 791.13309
5.78 271.71085 194.47568 46578.613 -66352.3 5174.54 -71526.8 793.86105
5.79 271.59608 425.28834 46492.152 -66777.3 5172.36 -71949.6 794.34503
5.8 262.907 -594.54037 46905.397 -66504.5 5006.88 -71511.3 799.96024
5.81 275.11342 -395.21478 46954.589 -66489.3 5239.34 -71728.7 802.25653
5.82 270.85396 -369.9631 46986.667 -66757.9 5158.22 -71916.1 803.97968
5.83 267.82606 -309.47252 46775.177 -66898.9 5100.56 -71999.4 802.62517
5.84 272.33628 207.82196 46475.918 -66735.9 5186.45 -71922.4 801.96176
5.85 270.78309 479.83207 46399.922 -66674.9 5156.87 -71831.8 800.69313
5.86 272.20592 124.80148 46505.174 -66647 5183.97 -71831 800.00327
5.87 272.86249 -368.2487 46864.087 -66385.2 5196.48 -71581.7 804.35031
5.88 269.82985 -280.33939 46811.636 -66508.9 5138.72 -71647.6 801.8469
5.89 277.92233 -20.751495 46787.307 -66270.6 5292.84 -71563.4 801.44082
5.9 266.27134 750.35914 46197.499 -66659.1 5070.95 -71730.1 795.57368
5.91 272.61434 36.919674 46726.883 -66458.8 5191.75 -71650.6 801.29758
5.92 257.54758 -402.73938 47037.645 -66705.4 4904.81 -71610.2 807.61584
5.93 252.87042 -407.86239 46837.193 -66383.4 4815.74 -71199.1 806.49943
5.94 277.30406 197.68975 46659.224 -66183.5 5281.06 -71464.5 806.75861
5.95 258.31921 -227.59342 46919.282 -66524.3 4919.51 -71443.8 811.2022
5.96 267.61889 651.50552 46381.437 -66447.3 5096.61 -71543.9 807.61859
5.97 269.10345 -639.02623 47072.505 -66214.8 5124.89 -71339.7 819.49993
5.98 269.52678 55.56622 46675.188 -66358.9 5132.95 -71491.8 817.87884
5.99 263.12461 -310.85709 46899.363 -66571.4 5011.02 -71582.4 822.90019
6 265.64333 396.11025 46454.444 -66343.9 5058.99 -71402.8 816.72572
6.01 262.48176 -389.39053 46864.758 -66266.4 4998.78 -71265.2 824.74402
6.02 264.49367 298.08967 46332.189 -66071.4 5037.1 -71108.5 820.00489
6.03 264.75556 -34.223482 46596.896 -66061.8 5042.08 -71103.9 827.85803
6.04 257.97013 486.32117 46345.882 -66317.6 4912.86 -71230.4 826.435
6.05 271.76684 586.42432 46461.686 -66076 5175.61 -71251.6 829.48166
6.06 254.29409 408.04305 46442.949 -66148.7 4842.85 -70991.5 832.58985
6.07 262.49086 -186.16545 46852.689 -66012.8 4998.95 -71011.7 839.43717
6.08 262.10752 -393.61373 46897.762 -66248.3 4991.65 -71240 843.18885
6.09 269.97804 -420.23891 46784.571 -65852.3 5141.54 -70993.8 838.49285
6.1 258.80364 -162.20575 46853.687 -66322.5 4928.73 -71251.2 845.66845
6.11 272.17701 -506.74108 46922.02 -65979 5183.42 -71162.4 849.59325
6.12 268.84655 26.257919 46814.029 -66499.4 5119.99 -71619.4 851.1925
6.13 271.35118 -226.93787 46967.804 -66329.1 5167.69 -71496.8 854.52687
6.14 255.57169 -368.49349 46935.114 -66502.3 4867.18 -71369.5 857.16373
6.15 266.10276 810.3772 46405.848 -66207.7 5067.74 -71275.4 852.61194
6.16 259.69134 -322.63522 46741.483 -66362.1 4945.64 -71307.8 857.75318
6.17 264.06088 394.53194 46428.984 -66010.5 5028.85 -71039.3 857.53353
6.18 260.68491 -463.80535 46907.012 -66073.2 4964.56 -71037.7 864.74657
6.19 262.81553 -233.72068 46749.927 -65902 5005.14 -70907.1 863.73951
6.2 261.95888 -11.338747 46750.732 -66026.5 4988.82 -71015.3 869.85475
6.21 256.83223 -749.42611 46822.251 -66103.6 4891.19 -70994.8 871.98512
6.22 258.10082 -18.271024 46722.824 -66368.5 4915.35 -71283.9 873.2556
6.23 265.49352 326.27243 46321.449 -66053.7 5056.14 -71109.8 868.45552
6.24 263.31412 40.838408 46649.903 -66320.7 5014.63 -71335.3 872.73796
6.25 276.20329 -454.44979 46889.144 -65896.7 5260.1 -71156.8 880.63639
6.26 262.17193 -78.611045 46828.801 -66303.5 4992.88 -71296.4 884.03036
6.27 270.14282 -240.6595 46826.47 -66160.1 5144.68 -71304.8 884.98219
6.28 272.04018 375.53273 46425.594 -66515.7 5180.81 -71696.5 879.28268
6.29 251.47822 -722.11009 47019.246 -66633.3 4789.23 -71422.5 889.17006
6.3 267.2008 -154.04542 46844.303 -66496.6 5088.65 -71585.2 890.98451
6.31 277.98709 -509.98475 46983.569 -66203.7 5294.07 -71497.8 891.63409
6.32 258.37386 213.65643 46714.566 -66502 4920.55 -71422.6 889.01072
6.33 275.78222 869.04333 46157.608 -66271.7 5252.08 -71523.8 882.22976
6.34 259.9087 -119.06885 46898.954 -66583.2 4949.78 -71532.9 894.86746
6.35 264.68483 114.06075 46629.797 -66351.6 5040.74 -71392.3 891.09965
6.36 267.48945 788.38521 46363.624 -66721.5 5094.15 -71815.7 888.49634
6.37 261.42347 429.4448 46321.241 -66714.8 4978.63 -71693.4 890.05289
6.38 261.42167 205.03639 46617.691 -66544 4978.59 -71522.6 895.68205
6.39 273.67446 100.2605 46621.223 -66499 5211.94 -71710.9 897.53684
6.4 267.44267 563.24903 46360.888 -66544.4 5093.26 -71637.6 894.5868
6.41 265.37043 -80.761293 46714.03 -66409.9 5053.79 -71463.7 899.31314
6.42 267.88224 -185.63672 46956.081 -66621 5101.63 -71722.6 901.68706
6.43 267.847 448.62493 46459.963 -66253.9 5100.96 -71354.8 897.87128
6.44 271.42447 747.6753 46332.493 -66541.4 5169.09 -71710.5 896.88608
6.45 260.76825 -392.37402 46895.541 -66611.8 4966.15 -71578 903.98196
6.46 265.71131 743.9249 46312.877 -66627.1 5060.29 -71687.4 896.67518
6.47 258.38805 102.54339 46605.933 -66925 4920.82 -71845.8 902.58376
6.48 270.23371 -720.33905 47004.681 -66332.7 5146.41 -71479.1 909.75511
6.49 260.63799 668.58688 46135.089 -66569.7 4963.67 -71533.4 900.79037
6.5 262.89709 289.56694 46267.675 -66441.2 5006.69 -71447.9 903.30027
6.51 270.51507 -212.86455 46750.195 -66366.8 5151.77 -71518.6 912.39241
6.52 268.36456 -431.11399 46999.461 -66551.2 5110.82 -71662.1 914.67661
6.53 255.23254 -134.1018 46724.93 -66342.9 4860.73 -71203.6 913.08832
6.54 273.70053 -270.62345 46895.947 -66037.3 5212.44 -71249.7 915.90163
6.55 268.73715 537.30189 46447.105 -66416.7 5117.91 -71534.6 911.75416
6.56 270.88321 724.55102 46356.325 -66174.9 5158.78 -71333.7 913.01149
6.57 259.53989 -281.77276 46679.139 -66603.4 4942.76 -71546.1 912.60438
6.58 265.21386 227.21447 46684.92 -66217.5 5050.81 -71268.3 917.21234
6.59 264.24558 -519.31235 47110.249 -66265.8 5032.37 -71298.2 925.56054
6.6 263.35491 -513.1713 46984.454 -66170.7 5015.41 -71186.1 924.84323
6.61 263.30575 -710.19162 47011.342 -65880.4 5014.47 -70894.9 928.34983
6.62 275.88901 -629.66629 47052.559 -65671.4 5254.11 -70925.5 929.36618
6.63 258.82464 268.52479 46409.263 -66218.5 4929.13 -71147.7 922.82346
6.64 264.0914 -372.08252 46851.487 -65773.4 5029.44 -70802.8 930.83832
6.65 263.85906 118.41011 46419.562 -66309.6 5025.01 -71334.6 926.77273
6.66 271.58651 773.18286 46213.528 -66189.8 5172.18 -71361.9 923.45267
6.67 268.1111 -330.87137 46845.769 -66207.9 5105.99 -71313.8 928.15977
6.68 264.15613 -691.21503 47240.161 -66514.1 5030.67 -71544.8 935.84994
6.69 274.04541 -33.188131 46757.196 -66198.2 5219 -71417.2 931.36603
6.7 272.30265 338.87127 46447.672 -66598.6 5185.81 -71784.4 925.12066
6.71 268.00659 535.34435 46491.709 -66332.8 5104 -71436.8 928.36652
6.72 263.14058 -199.19432 47052.102 -66762.1 5011.33 -71773.4 937.51037
6.73 265.53061 -222.46701 46744.424 -66529.9 5056.84 -71586.7 934.73432
6.74 272.57188 187.13415 46650.55 -66272.8 5190.94 -71463.8 934.75109
6.75 269.60089 -133.21057 46606.676 -66577.9 5134.36 -71712.2 930.60206
6.76 278.49001 445.82771 46486.556 -66299.5 5303.65 -71603.2 933.69667
6.77 270.74242 146.28574 46594.884 -66403.4 5156.1 -71559.5 934.51687
6.78 258.14211 65.327414 46615.064 -66899.5 4916.14 -71815.7 936.54635
6.79 262.33348 46.41787 46601.425 -66891 4995.96 -71886.9 937.4075
6.8 264.38716 -599.18923 47018.243 -66698.6 5035.07 -71733.6 942.65402
6.81 256.17837 -531.96782 46871.243 -66395.1 4878.74 -71273.8 942.53376
6.82 257.43142 -367.07109 46989.246 -66607.9 4902.6 -71510.5 944.49502
6.83 271.68409 605.41331 46305.599 -66413.3 5174.03 -71587.3 934.41492
6.84 267.0273 167.48578 46543.858 -65864.3 5085.35 -70949.7 941.84913
6.85 265.4015 15.023242 46637.438 -66295 5054.39 -71349.4 943.86046
6.86 264.25639 -303.64205 46770.268 -66491.4 5032.58 -71524 945.34686
6.87 273.06854 -277.79996 46872.482 -66319.6 5200.4 -71520 951.52284
6.88 272.7565 380.1355 46453.727 -66499.1 5194.46 -71693.6 947.648
6.89 265.54846 616.84054 46340.876 -66700.1 5057.18 -71757.3 947.77539
6.9 267.1262 -318.24384 46843.698 -66343.5 5087.23 -71430.8 957.84849
6.91 254.37297 520.61546 46444.268 -66634 4844.36 -71478.4 956.07805
6.92 270.95226 -65.184603 46540.415 -66255.3 5160.1 -71415.4 958.38654
6.93 263.52401 -364.81201 46875.914 -66339.3 5018.63 -71358 961.37643
6.94 259.50578 -193.07189 46687.126 -66633.3 4942.11 -71575.4 960.84914
6.95 269.09074 -627.69349 47004.985 -66180.9 5124.64 -71305.5 967.94802
6.96 257.15608 288.46267 46421.227 -66682.8 4897.36 -71580.1 958.9376
6.97 268.54107 -686.60816 47230.351 -66398 5114.18 -71512.2 970.71325
6.98 258.15351 -464.57744 46909.808 -66916.7 4916.35 -71833.1 966.91497
6.99 269.93231 466.56308 46420.379 -66468.1 5140.67 -71608.8 960.80678
7 260.20211 -227.50154 46830.991 -66662.8 4955.37 -71618.2 971.03679
7.01 261.91708 -314.14693 46916.06 -66381.3 4988.03 -71369.3 971.42726
7.02 264.39214 -283.04807 47124.058 -66502.5 5035.16 -71537.7 976.56072
7.03 274.12436 -326.82126 46888.97 -66109.6 5220.51 -71330.1 974.22088
7.04 267.74908 -377.91727 46861.014 -66311.7 5099.09 -71410.8 973.46102
7.05 278.56137 177.28318 46573.969 -66181.9 5305.01 -71486.9 971.73692
7.06 265.16366 489.38528 46315.728 -66458.1 5049.86 -71508 968.03704
7.07 264.95146 -414.2118 47042.075 -66501.7 5045.82 -71547.5 977.03706
7.08 271.26068 -297.58286 46904.921 -66561.2 5165.97 -71727.2 979.09091
7.09 273.86069 593.5864 46491.699 -66290.4 5215.49 -71505.9 971.92452
7.1 268.6312 809.81496 46270.457 -66691.4 5115.89 -71807.3 970.33283
7.11 271.80958 142.59628 46565.831 -66399.6 5176.42 -71576 974.26815
7.12 266.0339 170.16397 46679.107 -66331.2 5066.43 -71397.6 976.94088
7.13 271.04809 117.83614 46609.582 -66616.1 5161.92 -71778 977.18071
7.14 265.57733 -44.4166 46792.766 -66583.2 5057.73 -71640.9 981.7884
7.15 260.4259 -366.72675 46956.833 -66299.2 4959.63 -71258.8 986.044
7.16 276.33493 -157.17344 46874.947 -66147.3 5262.61 -71410 986.44311
7.17 277.01453 485.96164 46336.982 -66294.4 5275.55 -71570 979.1532
7.18 253.79485 535.14089 46292.579 -66260.8 4833.35 -71094.1 978.43616
7.19 264.6675 -400.47425 46940.571 -66320.7 5040.41 -71361.1 988.70617
7.2 267.89325 493.95822 46360.036 -66504.4 5101.84 -71606.3 983.88003
7.21 269.87 -624.2401 47038.675 -66287 5139.49 -71426.5 994.14887
7.22 265.52795 -228.05981 46839.15 -66428.6 5056.79 -71485.4 992.74804
7.23 267.73103 370.29706 46722.755 -66164.8 5098.75 -71263.5 990.05781
7.24 269.74578 -207.02215 46748.813 -66270.2 5137.12 -71407.3 993.21782
7.25 268.35086 -351.82064 46962.555 -66385.6 5110.55 -71496.1 996.7567
7.26 264.37455 281.46047 46637.593 -66235.3 5034.83 -71270.1 988.45094
7.27 254.92142 264.64246 46459.395 -66641 4854.8 -71495.8 989.85783
7.28 269.45298 802.35253 46354.712 -66516.3 5131.54 -71647.8 989.20971
7.29 259.0634 109.16816 46434.225 -66809.3 4933.68 -71743 992.62413
7.3 261.7242 -689.3227 47147.258 -66604.3 4984.35 -71588.7 1002.3631
7.31 264.4646 24.239803 46607.633 -66906.9 5036.54 -71943.4 992.15502
7.32 267.24376 563.75271 46579.217 -66425.8 5089.47 -71515.3 991.82708
7.33 262.40382 -291.24223 46966.808 -66625.8 4997.3 -71623.1 998.00389
7.34 260.79162 -437.21039 46852.813 -66856.3 4966.59 -71822.9 1000.0898
7.35 257.67999 -592.27162 47034.944 -66421.9 4907.33 -71329.2 1005.4308
7.36 266.73339 179.33576 46556.039 -66672.9 5079.75 -71752.7 998.4142
7.37 267.39244 -773.09896 47258.676 -66553.3 5092.3 -71645.6 1006.837
7.38 263.70589 -228.81746 46923.763 -66427.9 5022.09 -71450 1003.0181
7.39 266.23257 -848.68057 47222.318 -66574.5 5070.21 -71644.7 1011.9737
7.4 264.37421 -454.31596 46958.198 -66832.6 5034.82 -71867.4 1008.4806
7.41 263.37356 185.14969 46513.816 -66635.3 5015.76 -71651 1005.5221
7.42 274.66255 86.04939 46677.099 -66359.8 5230.76 -71590.6 1008.1565
7.43 260.95837 126.00792 46785.653 -66619.8 4969.77 -71589.6 1011.17
7.44 265.93517 -377.06268 46855.758 -66409 5064.55 -71473.5 1014.2946
7.45 275.73173 377.22944 46424.232 -66523.6 5251.12 -71774.7 1012.8123
7.46 260.75492 150.074 46750.892 -66523.8 4965.9 -71489.7 1020.0494
7.47 254.65655 -405.7748 46955.837 -66761.3 4849.76 -71611 1023.5938
7.48 270.98978 -49.002665 46762.478 -66452.3 5160.81 -71613.1 1020.6466
7.49 263.83747 589.88314 46393.253 -66680.6 5024.6 -71705.1 1017.9746
7.5 268.2193 -70.204528 46816.646 -66701.4 5108.05 -71809.4 1024.8761
7.51 254.98471 -446.99995 46969.233 -67014.5 4856.01 -71870.5 1027.9511
7.52 277.70478 -143.82408 46829.707 -66348.4 5288.69 -71637.1 1027.8471
7.53 266.89578 256.02354 46746.139 -66768.1 5082.84 -71850.9 1028.4042
7.54 266.85237 470.65643 46542.039 -66838.2 5082.02 -71920.2 1026.8694
7.55 267.38365 301.83561 46541.397 -66796.9 5092.13 -71889.1 1024.5852
7.56 270.89613 28.910881 46602.989 -66584.1 5159.03 -71743.1 1029.8905
7.57 257.01787 -353.19442 46786.94 -66497.3 4894.73 -71392 1032.807
7.58 259.53249 100.13857 46728.496 -66837 4942.61 -71779.7 1034.1317
7.59 259.27426 636.23419 46291.356 -66690.6 4937.7 -71628.3 1029.1072
7.6 266.22081 350.8797 46508.694 -66292.5 5069.99 -71362.5 1030.2479
7.61 261.54491 449.25312 46480.055 -66537.8 4980.94 -71518.7 1031.9792
7.62 266.30371 270.75273 46553.756 -66650.3 5071.57 -71721.9 1036.5855
7.63 260.22782 1.8168892 46649.746 -66747 4955.86 -71702.9 1036.0322
7.64 260.15011 475.94571 46428.971 -66850.7 4954.38 -71805.1 1031.129
7.65 268.35557 -811.16761 46993.095 -66382.5 5110.64 -71493.2 1038.9103
7.66 264.68499 -48.097122 46585.153 -66700.6 5040.74 -71741.3 1033.6169
7.67 276.45809 276.34513 46398.3 -66183.3 5264.95 -71448.2 1029.805
7.68 269.8371 -271.76902 46720.516 -66543.4 5138.86 -71682.3 1033.724
7.69 273.35965 478.55227 46468.102 -66049.3 5205.94 -71255.2 1026.9822
7.7 270.34186 -180.81091 46779.493 -66688.6 5148.47 -71837.1 1030.1235
7.71 272.49026 -580.28183 47229.103 -66338.7 5189.39 -71528.1 1037.9399
7.72 259.60767 -572.79115 46961.487 -66630.1 4944.05 -71574.1 1036.5843
7.73 261.0635 -34.993185 46651.128 -66307.2 4971.77 -71278.9 1029.4622
7.74 269.09498 665.34809 46308.37 -66255.1 5124.73 -71379.9 1026.3417
7.75 270.41678 -254.5938 46806.727 -66332.7 5149.9 -71482.6 1035.968
7.76 263.56982 -790.96413 46936.956 -66757.8 5019.5 -71777.3 1038.2405
7.77 263.4962 -424.00345 46821.026 -66558.9 5018.1 -71577 1037.2473
7.78 264.10285 -653.41639 47154.087 -66345.4 5029.65 -71375.1 1042.6714
7.79 261.49957 -308.77096 46853.259 -66566 4980.08 -71546.1 1037.6844
7.8 276.66924 -453.14353 46985.19 -66383.8 5268.97 -71652.7 1044.6078
7.81 261.81089 231.93564 46568.476 -66510.8 4986.01 -71496.8 1036.5324
7.82 253.47457 467.89101 46422.296 -66739.8 4827.25 -71567.1 1037.4365
7.83 276.12715 63.461976 46699.816 -66422.6 5258.65 -71681.2 1041.7444
7.84 258.16676 -887.54851 47195.057 -66883.7 4916.61 -71800.3 1047.4097
7.85 265.63638 123.43489 46490.064 -67021.1 5058.86 -72079.9 1036.9829
7.86 276.19409 391.43393 46578.68 -66392.4 5259.92 -71652.3 1039.415
7.87 260.04314 -49.715152 46678.606 -66754.8 4952.34 -71707.1 1040.8945
7.88 267.41968 -203.80576 46822.386 -66368.2 5092.82 -71461 1044.9393
7.89 269.26517 402.82891 46620.697 -66531.2 5127.97 -71659.1 1043.7614
7.9 258.93165 -206.68187 46825.423 -66735.5 4931.17 -71666.7 1048.8044
7.91 265.48567 -134.43612 46805.181 -66434.4 5055.99 -71490.4 1051.667
7.92 269.43287 -70.518747 46852.207 -66391.4 5131.16 -71522.6 1052.6661
7.93 270.81962 669.29673 46475.145 -66575.1 5157.57 -71732.6 1049.0885
7.94 259.55222 551.61458 46341.749 -66701.4 4942.99 -71644.4 1047.5622
7.95 270.90561 743.97135 46313.734 -66486.7 5159.21 -71645.9 1048.875
7.96 265.94865 -264.90825 46862.698 -66514.8 5064.81 -71579.6 1057.9493
7.97 263.41247 -71.174915 46615.369 -66683.8 5016.51 -71700.3 1053.4585
7.98 261.2589 226.61677 46558.315 -66809.8 4975.49 -71785.3 1053.8032
7.99 276.88887 693.49268 46335.281 -66392.8 5273.15 -71665.9 1053.5329
8 262.22722 217.15506 46756.306 -66430.3 4993.93 -71424.3 1063.0518
8.01 266.66339 267.69418 46417.809 -66364.8 5078.42 -71443.2 1062.2532
8.02 274.15529 83.681543 46656.511 -66206.4 5221.1 -71427.5 1066.4628
8.03 256.9797 672.59298 46291.961 -66714.9 4894 -71608.9 1063.2454
8.04 270.22996 346.89099 46507.372 -66794.4 5146.34 -71940.7 1064.8399
8.05 262.82391 -312.73689 46974.606 -67229.4 5005.3 -72234.7 1070.898
8.06 258.39836 -98.626307 46870.565 -66801.5 4921.02 -71722.5 1069.2589
8.07 257.63672 648.70421 46500.55 -67046.9 4906.51 -71953.4 1064.6192
8.08 257.91623 450.73672 46421.874 -66711 4911.83 -71622.8 1067.2476
8.09 266.10336 529.26749 46361.686 -66636 5067.75 -71703.7 1064.79
8.1 270.05678 56.872226 46649.464 -66494.7 5143.04 -71637.7 1070.6456
8.11 265.72191 502.2059 46450.64 -66709.2 5060.49 -71769.7 1069.5164
8.12 254.96445 199.35377 46516.89 -66872.7 4855.62 -71728.3 1073.1868
8.13 263.07879 -425.16053 46848.843 -66510.1 5010.15 -71520.3 1081.5284
8.14 264.96521 -246.54334 46853.399 -66701.8 5046.08 -71747.9 1084.0624
8.15 264.3142 139.79547 46713.548 -66487.2 5033.68 -71520.9 1080.9491
8.16 261.04084 -112.07218 46757.625 -66700.1 4971.34 -71671.4 1082.2816
8.17 273.49112 533.20388 46500.497 -66501.7 5208.45 -71710.1 1079.0612
8.18 263.19804 483.63491 46450.633 -66669.1 5012.42 -71681.5 1076.6194
8.19 279.70337 -495.48414 46999.016 -66201.3 5326.76 -71528 1085.1296
8.2 267.3531 -238.13894 46812.49 -66585.1 5091.55 -71676.7 1085.007
8.21 268.94084 -283.91377 46812.412 -66559.1 5121.79 -71680.9 1087.2087
8.22 270.29713 692.21351 46279.636 -66701.2 5147.62 -71848.8 1079.698
8.23 264.80861 733.22288 46381.37 -66461.4 5043.09 -71504.5 1081.9399
8.24 266.65087 811.43731 46330.984 -66625.9 5078.18 -71704 1085.0269
8.25 271.9174 572.41766 46358.024 -66617.3 5178.48 -71795.8 1086.3672
8.26 262.46799 -322.39253 46829.368 -66847.2 4998.52 -71845.8 1096.5325
8.27 269.16997 -361.85514 46816.306 -66716.7 5126.15 -71842.8 1095.8067
8.28 259.63065 -726.92426 47287.213 -66294.4 4944.48 -71238.8 1103.4396
8.29 268.1763 66.911625 46620.872 -66171.4 5107.23 -71278.6 1093.1047
8.3 270.52605 388.04217 46540.872 -66106.5 5151.98 -71258.5 1094.9467
8.31 269.32466 -35.945626 46668.271 -66318.3 5129.1 -71447.4 1099.2474
8.32 256.61249 -178.76582 46534.295 -66448.8 4887.01 -71335.8 1098.1717
8.33 269.92165 394.13043 46393.103 -66102.8 5140.47 -71243.3 1103.0408
8.34 273.5314 -17.340969 46598.85 -66129.9 5209.21 -71339.1 1105.3795
8.35 265.57949 -171.88461 46756.588 -66660.6 5057.78 -71718.4 1109.2825
8.36 274.86971 139.32652 46522.342 -66362.9 5234.7 -71597.6 1105.2159
8.37 263.37758 202.82009 46496.371 -66572.4 5015.84 -71588.2 1105.3756
8.38 273.33527 -593.58679 47093.806 -66354.4 5205.48 -71559.9 1117.5036
8.39 264.58869 390.81144 46526.653 -66404.8 5038.91 -71443.7 1108.5045
8.4 273.92522 -7.9336114 46633.866 -66507.2 5216.71 -71723.9 1112.6147
8.41 267.49088 -6.236654 46403.322 -66064.6 5094.18 -71158.8 1113.7412
8.42 262.66247 -55.550803 46766.505 -66750.3 5002.22 -71752.5 1121.0863
8.43 271.65297 -182.47672 46872.003 -66300.9 5173.44 -71474.3 1126.1614
8.44 267.771 -207.08205 46784.136 -66494.8 5099.51 -71594.3 1124.5326
8.45 256.0037 -461.27347 46888.045 -66599.9 4875.41 -71475.3 1128.3855
8.46 265.03303 329.44964 46541.56 -66517.6 5047.37 -71564.9 1125.7539
8.47 268.10277 305.51328 46436.923 -66332.4 5105.83 -71438.2 1125.2827
8.48 265.05467 -19.856188 46780.311 -66275.2 5047.78 -71323 1134.5916
8.49 259.96604 -341.64175 46869.019 -66431.7 4950.87 -71382.5 1136.8545
8.5 257.31264 -100.37116 46818.016 -66671.5 4900.34 -71571.9 1135.3384
8.51 267.70794 471.11008 46365.224 -66395 5098.31 -71493.3 1129.7226
8.52 270.35262 378.93758 46488.16 -66324.5 5148.68 -71473.2 1135.1718
8.53 257.23803 -330.01633 46736.992 -66374.7 4898.92 -71273.6 1143.8997
8.54 284.11505 -303.04166 46927.463 -66172.4 5410.77 -71583.1 1150.6135
8.55 254.78317 -280.25449 46822.488 -66694.2 4852.17 -71546.4 1146.6094
8.56 264.91951 -18.41792 46668.932 -66564.6 5045.21 -71609.8 1147.2441
8.57 266.09421 646.66621 46253.96 -66619.3 5067.58 -71686.8 1141.9845
8.58 268.52856 32.174466 46641.797 -66322.6 5113.94 -71436.5 1147.1797
8.59 262.64071 232.34332 46425.492 -66747 5001.81 -71748.8 1145.3999
8.6 268.98105 635.9056 46408.747 -66303 5122.56 -71425.6 1146.8774
8.61 266.31376 -516.47266 46776.071 -66546.1 5071.76 -71617.9 1155.5926
8.62 257.41555 -867.56033 46978.745 -66879.3 4902.3 -71781.6 1156.7779
8.63 264.5276 -760.09322 46978.071 -66466.2 5037.74 -71504 1157.3264
8.64 270.05751 -265.4463 46678.665 -66372.5 5143.06 -71515.5 1153.796
8.65 259.29218 -280.2843 46947.212 -66696.4 4938.04 -71634.4 1156.9085
8.66 267.16521 76.195445 46700.231 -66516.2 5087.97 -71604.2 1152.0192
8.67 260.25717 311.99969 46435.714 -66647 4956.42 -71603.4 1148.7201
8.68 259.07575 236.48806 46567.397 -66640.7 4933.92 -71574.6 1154.3807
8.69 270.47773 61.005128 46731.463 -66325.1 5151.06 -71476.2 1156.8779
8.7 270.00298 366.4293 46592.557 -66572.9 5142.02 -71714.9 1154.6092
8.71 261.37784 374.22616 46582.682 -66588.5 4977.76 -71566.2 1154.7005
8.72 269.96868 584.06756 46347.348 -66550.3 5141.36 -71691.6 1151.0742
8.73 257.83552 565.02682 46418.376 -66695.5 4910.3 -71605.8 1154.2963
8.74 281.21906 614.14597 46473.039 -66320.5 5355.62 -71676.2 1155.5856
8.75 262.33131 155.73362 46652.306 -66654 4995.92 -71649.9 1157.6272
8.76 274.30647 471.88204 46454.328 -66413.7 5223.97 -71637.7 1155.0535
8.77 262.57355 327.20114 46491.545 -66606.6 5000.53 -71607.1 1159.5376
8.78 269.41326 -584.20483 46980.121 -66220.8 5130.79 -71351.6 1173.0038
8.79 258.15915 95.660564 46611.12 -66304 4916.46 -71220.5 1169.6614
8.8 279.79609 43.977055 46725.115 -65912.3 5328.52 -71240.8 1172.8672
8.81 262.99563 -455.88336 46908.283 -66460.1 5008.57 -71468.6 1175.7204
8.82 272.81924 -317.33872 46904.454 -66223.7 5195.65 -71419.4 1179.6362
8.83 269.35048 -343.3238 46763.243 -66510.6 5129.59 -71640.1 1180.5342
8.84 253.34774 -188.03861 46754.698 -66942.1 4824.83 -71766.9 1182.3614
8.85 266.95158 139.09279 46631.714 -66481.2 5083.91 -71565.1 1181.9119
8.86 270.40151 -612.79044 47015.508 -66450 5149.61 -71599.6 1192.7552
8.87 264.07269 111.30373 46538.54 -66504.9 5029.08 -71534 1183.5233
8.88 270.44611 -194.18409 46769.958 -66437.4 5150.46 -71587.8 1186.7238
8.89 267.16759 208.69571 46551.808 -66519.4 5088.02 -71607.4 1182.1683
8.9 263.02033 -524.86622 47097.62 -66280.5 5009.04 -71289.5 1194.9017
8.91 270.83604 -298.17416 46848.724 -66616.6 5157.88 -71774.4 1193.2227
8.92 268.43914 63.359444 46786.624 -66832.2 5112.24 -71944.4 1194.106
8.93 261.11733 390.16679 46496.937 -66548.1 4972.8 -71520.9 1188.2186
8.94 269.9796 -45.828869 46791.623 -66411.6 5141.57 -71553.1 1194.3513
8.95 275.27355 -592.02761 46970.617 -66104.7 5242.39 -71347.1 1199.8874
8.96 273.1532 666.1734 46297.016 -66561 5202.01 -71763 1189.5575
8.97 274.31738 405.55924 46510.933 -66396.5 5224.18 -71620.7 1194.2187
8.98 267.43757 -305.61583 46922.381 -66426.8 5093.16 -71520 1203.2219
8.99 277.16791 -369.00844 46970.657 -66632.4 5278.47 -71910.9 1204.2708
9 249.92282 358.15349 46505.601 -66823.2 4759.61 -71582.8 1197.8232
9.01 269.2681 140.26616 46728.552 -66642.5 5128.02 -71770.5 1202.142
9.02 263.27961 -317.81268 46878.411 -66382.6 5013.98 -71396.6 1207.9721
9.03 262.52356 44.663157 46781.055 -66598.9 4999.58 -71598.5 1206.7524
9.04 266.98011 167.84012 46616.845 -66320.6 5084.45 -71405.1 1202.5106
9.05 265.82632 401.24687 46480.98 -66438.2 5062.48 -71500.7 1200.043
9.06 267.5502 -183.37381 46790.975 -66382.7 5095.31 -71478 1206.8659
9.07 262.8261 -567.75836 46884.461 -66229.4 5005.34 -71234.8 1208.4043
9.08 267.81974 -95.269699 46900.986 -65868 5100.44 -70968.5 1213.226
9.09 270.57567 21.429283 46792.597 -66234.9 5152.92 -71387.9 1212.0598
9.1 271.78434 75.389187 46675.317 -66258.7 5175.94 -71434.6 1208.4357
9.11 266.85154 373.46793 46599.561 -66222.4 5082 -71304.4 1208.822
9.12 262.59941 -156.61096 46658.428 -66299.7 5001.02 -71300.7 1213.3191
9.13 256.38413 41.772977 46602.879 -66596 4882.66 -71478.7 1209.915
9.14 270.84032 -110.44355 46761.871 -66437 5157.96 -71595 1215.0784
9.15 262.31517 -334.66625 47043.476 -66713.1 4995.61 -71708.7 1216.8864
9.16 262.0318 327.58898 46583.948 -66534 4990.21 -71524.3 1208.879
9.17 268.80032 282.14206 46567.325 -66350.5 5119.11 -71469.6 1209.7535
9.18 268.28751 -464.78569 47089.581 -66817.1 5109.35 -71926.4 1219.9907
9.19 266.68064 151.42458 46598.216 -66765.9 5078.75 -71844.6 1213.3196
9.2 264.99378 -307.95665 46919.336 -66522.9 5046.62 -71569.5 1213.7685
9.21 271.25145 559.62852 46434.118 -65904.8 5165.79 -71070.6 1206.8134
9.22 270.31726 352.21946 46601.517 -66495.6 5148 -71643.6 1214.8091
9.23 274.81761 -818.44216 47067.781 -66257.4 5233.71 -71491.1 1224.3557
9.24 264.21273 -456.91281 46999.99 -66333.2 5031.75 -71364.9 1224.3611
9.25 268.64036 -224.2428 46883.822 -66111.6 5116.07 -71227.7 1224.2592
9.26 272.49294 -285.62999 46873.938 -66244.4 5189.44 -71433.9 1227.1316
9.27 270.30041 410.73688 46524.858 -66557.8 5147.68 -71705.5 1218.4565
9.28 268.88362 248.22529 46670.956 -66230.6 5120.7 -71351.3 1223.3496
9.29 264.72846 -177.82238 46872.289 -66468.7 5041.57 -71510.2 1229.0724
9.3 265.06556 -71.772065 46775.404 -66304.9 5047.99 -71352.9 1229.172
9.31 268.73216 843.45799 46142.143 -65847.5 5117.82 -70965.3 1220.1501
9.32 273.46523 352.99121 46388.727 -66273.3 5207.95 -71481.2 1227.3463
9.33 265.05881 -385.37112 47047.33 -66276.4 5047.86 -71324.2 1246.6586
9.34 269.14735 -160.53321 46704.598 -66235.9 5125.72 -71361.6 1240.273
9.35 258.38278 -360.79475 46783.752 -66639 4920.72 -71559.7 1245.4886
9.36 264.03556 -350.52096 47068.881 -66403.1 5028.37 -71431.5 1250.8491
9.37 261.8976 -569.73718 47119.199 -66601.7 4987.66 -71589.3 1251.0847
9.38 260.03399 -402.44995 46871.253 -66675.5 4952.17 -71627.6 1245.4191
9.39 265.47606 43.030552 46656.88 -66583.9 5055.81 -71639.7 1241.8467
9.4 267.19123 280.15815 46650.059 -66441 5088.47 -71529.5 1239.7424
9.41 266.56576 152.37437 46688.07 -66753.1 5076.56 -71829.6 1240.2705
9.42 261.38318 35.255641 46777.101 -66793.6 4977.86 -71771.5 1245.0225
9.43 266.94757 139.43072 46674.15 -66447.7 5083.83 -71531.5 1249.2351
9.44 261.78418 -441.81083 46927.636 -66797.7 4985.5 -71783.2 1251.6771
9.45 254.32185 -215.79082 46719.281 -66619 4843.38 -71462.4 1250.2182
9.46 267.35754 -693.20604 46962.579 -66331.2 5091.64 -71422.8 1256.7164
9.47 263.3076 380.68443 46430.396 -66711.3 5014.51 -71725.8 1246.3955
9.48 273.24486 173.83827 46617.094 -66387 5203.76 -71590.8 1250.0288
9.49 264.37581 -947.86269 47129.096 -66473.2 5034.85 -71508.1 1257.3467
9.5 256.74893 -607.25058 47040.471 -66721.2 4889.6 -71610.8 1252.9395
9.51 272.55255 247.01978 46694.771 -66228 5190.57 -71418.6 1249.9992
9.52 270.39016 -74.584978 46666.829 -66137.4 5149.39 -71286.8 1251.6062
9.53 261.08542 516.05823 46267.922 -66628.7 4972.19 -71600.9 1245.9003
9.54 271.70561 -125.40549 46793.222 -66320 5174.44 -71494.5 1258.4629
9.55 270.4918 -409.45975 46911.494 -66278.7 5151.33 -71430 1261.4214
9.56 263.55204 -172.73197 46589.775 -66274.7 5019.16 -71293.8 1256.0888
9.57 263.62609 -538.56576 47057.757 -65989.5 5020.57 -71010.1 1270.7238
9.58 265.47918 170.08774 46598.364 -66357.3 5055.87 -71413.2 1263.4154
9.59 271.60469 -19.658224 46732.154 -65978 5172.52 -71150.5 1266.4782
9.6 263.77965 -698.5317 46985.172 -66272.7 5023.5 -71296.2 1275.1256
9.61 268.10097 -340.85191 46875.966 -66004.3 5105.8 -71110.1 1275.5164
9.62 274.17648 472.51639 46368.099 -66013.6 5221.5 -71235.1 1271.1042
9.63 272.7447 -756.30604 47091.212 -66350.4 5194.23 -71544.7 1283.7611
9.64 268.1764 -217.21969 46812.229 -66247.8 5107.23 -71355.1 1277.0297
9.65 261.95188 182.93569 46618.651 -66319.8 4988.69 -71308.5 1274.7111
9.66 266.31501 321.40116 46516.509 -66178 5071.78 -71249.8 1272.2838
9.67 263.99338 470.44745 46353.076 -66465.2 5027.57 -71492.8 1268.8988
9.68 267.5984 717.71103 46362.975 -66080.6 5096.22 -71176.8 1269.8851
9.69 267.56345 -236.9572 46778.292 -66497.5 5095.56 -71593.1 1279.0009
9.7 273.05918 348.35281 46624.344 -66292.3 5200.22 -71492.5 1277.1066
9.71 270.9334 -357.14182 46904.31 -66510.6 5159.74 -71670.4 1285.6756
9.72 262.92569 78.838036 46619.288 -66485.8 5007.24 -71493.1 1280.0208
9.73 278.25072 -36.173799 46882.084 -66374.2 5299.09 -71673.3 1283.1316
9.74 265.93382 111.45144 46759.554 -66471.6 5064.52 -71536.1 1283.0289
9.75 264.86357 175.26797 46514.473 -66781.7 5044.14 -71825.8 1277.4013
9.76 274.12044 -54.624018 46685.799 -66597.2 5220.43 -71817.6 1283.4076
9.77 270.91561 719.85738 46445.063 -66370.2 5159.4 -71529.6 1283.0806
9.78 265.35663 353.37631 46590.37 -66225.4 5053.53 -71278.9 1285.5806
9.79 266.04735 -676.29409 47057.987 -65683 5066.69 -70749.7 1297.2067
9.8 256.87579 -241.98493 46820.581 -66562.6 4892.02 -71454.6 1294.9793
9.81 269.56957 29.700706 46709.745 -65979.2 5133.76 -71112.9 1289.494
9.82 266.73667 139.75482 46699.858 -66076.9 5079.81 -71156.7 1293.1485
9.83 252.15988 147.28662 46529.749 -66385.2 4802.21 -71187.4 1293.6311
9.84 252.74748 -624.05168 47078.96 -66738 4813.4 -71551.4 1304.533
9.85 264.66394 0.1550291 46794.864 -66549 5040.34 -71589.3 1297.8495
9.86 265.78405 -510.07065 46830.5 -66565.6 5061.67 -71627.3 1300.2828
9.87 270.15235 -410.55922 47073.773 -66285.3 5144.86 -71430.2 1302.7264
9.88 264.79663 258.36363 46433.038 -66579.9 5042.87 -71622.8 1294.6614
9.89 272.79466 522.1007 46580.415 -66206 5195.18 -71401.2 1295.8319
9.9 271.13565 245.32474 46457.981 -66420.5 5163.59 -71584.1 1291.644
9.91 272.99079 602.37496 46469.054 -66285.5 5198.92 -71484.4 1293.4944
9.92 263.12573 -0.48087737 46672.8 -66636.2 5011.05 -71647.3 1295.1211
9.93 259.49427 81.647944 46638.459 -66599.8 4941.89 -71541.7 1294.7822
9.94 272.27724 -510.61853 46909.137 -66176.3 5185.33 -71361.6 1303.8999
9.95 277.63365 789.91391 46203.135 -66004.4 5287.34 -71291.7 1292.1651
9.96 260.23802 -659.18579 46968.787 -66360.7 4956.05 -71316.8 1304.0403
9.97 256.66074 -257.56624 46983.636 -66643.9 4887.92 -71531.9 1303.7942
9.98 260.14409 19.537254 46744.461 -66700.7 4954.26 -71655 1298.5362
