0 270.23589 103.58845 21874.771 -29675.6 2423.25 -32098.9 6.642875
0.01 259.06574 161.17756 21809.354 -29900.9 2323.08 -32223.9 18.280392
0.02 268.42112 115.80804 21872.607 -29718.2 2406.97 -32125.2 27.124284
0.03 264.03583 -293.15631 21734.764 -29970.3 2367.65 -32337.9 34.940063
0.04 278.26967 247.38864 21877.01 -29727.5 2495.29 -32222.8 45.319596
0.05 266.60085 210.28642 21703.556 -29972.9 2390.65 -32363.5 56.803302
0.06 276.67515 -71.197484 21680.542 -29763.4 2480.99 -32244.4 73.427438
0.07 260.41595 -90.95003 21729.884 -30010 2335.19 -32345.2 91.585086
0.08 265.94598 -472.93684 21702.566 -29788.3 2384.78 -32173.1 102.78025
0.09 273.1219 858.71085 21633.004 -29809.6 2449.13 -32258.7 110.01648
0.1 266.72095 -313.77779 21889.493 -29708.8 2391.73 -32100.6 116.3493
0.11 274.0133 -340.64848 21789.463 -29213.8 2457.12 -31670.9 133.12717
0.12 265.40331 -134.44511 21651.465 -29355.4 2379.91 -31735.3 147.17277
0.13 278.51374 535.55999 21601.519 -29254.3 2497.48 -31751.8 154.68546
0.14 260.98489 113.99566 21563.722 -29133.6 2340.29 -31473.9 173.44646
0.15 264.26671 -261.7199 21820.556 -29095.4 2369.72 -31465.1 190.94635
0.16 275.98892 776.91493 21411.427 -29101.9 2474.84 -31576.7 202.41217
0.17 280.64977 126.15362 21599.672 -28982.3 2516.63 -31498.9 213.84299
0.18 276.16611 262.81513 21561.286 -29049.8 2476.43 -31526.2 230.51827
0.19 261.29853 -119.96615 21598.229 -28981 2343.11 -31324.1 243.53185
0.2 273.568 595.55153 21712.72 -28615.9 2453.13 -31069 262.07223
0.21 270.51988 -30.633723 21535.695 -28301.7 2425.79 -30727.5 274.67725
0.22 256.47241 771.61789 21348.846 -28436 2299.83 -30735.8 301.23235
0.23 272.74653 794.58577 21412.668 -28371.6 2445.76 -30817.4 333.93873
0.24 267.57722 284.99737 21560.44 -28445.2 2399.41 -30844.6 370.6252
0.25 272.41364 -161.5479 21527.237 -28251.2 2442.78 -30694 402.41566
0.26 274.61762 284.61605 21590.993 -28232.2 2462.54 -30694.7 434.39612
0.27 263.36964 -157.83964 21323.993 -28202.1 2361.68 -30563.8 465.86484
0.28 287.65477 104.61476 21741.686 -28007.4 2579.45 -30586.8 510.3766
0.29 266.12223 209.99489 21513.133 -28357.8 2386.36 -30744.1 528.82864
0.3 272.68603 942.10377 21495.144 -28390.9 2445.22 -30836.2 544.18093
0.31 282.72204 -958.64665 21650.475 -28304.1 2535.21 -30839.3 582.24263
0.32 269.82312 -476.18768 21675.872 -28287 2419.55 -30706.5 618.50226
0.33 273.19987 -1045.9323 21716.972 -28530.6 2449.83 -30980.4 646.79129
0.34 272.13172 200.19011 21468.52 -28184.8 2440.25 -30625.1 673.64769
0.35 275.48139 603.85962 21375.777 -28254.2 2470.29 -30724.4 707.6216
0.36 264.86667 265.44634 21398.874 -28248.3 2375.1 -30623.4 728.75408
0.37 270.36017 -296.16029 21389.037 -28291.3 2424.36 -30715.6 749.97393
0.38 275.38325 644.77577 21466.505 -28373.5 2469.41 -30842.9 759.51101
0.39 267.68632 -546.60825 21388.554 -28386.2 2400.39 -30786.6 779.33596
0.4 269.94748 146.17185 21337.792 -28322.1 2420.66 -30742.8 816.72256
0.41 268.49442 437.47708 21578.088 -28252.1 2407.63 -30659.7 861.72508
0.42 260.66704 77.275084 21594.081 -28207.4 2337.44 -30544.9 889.67475
0.43 276.03721 1034.8699 21504.389 -28364.5 2475.27 -30839.7 924.03968
0.44 279.64373 473.24376 21380.142 -28165.1 2507.61 -30672.7 945.16076
0.45 276.95539 174.81005 21367.388 -28292.2 2483.5 -30775.7 979.41109
0.46 270.29588 -55.913026 21508.205 -28420.5 2423.79 -30844.3 1000.0914
0.47 273.09912 717.85452 21441.416 -28392.6 2448.92 -30841.5 1007.0489
0.48 265.91216 -178.26407 21758.103 -28389 2384.48 -30773.5 1041.4447
0.49 275.85375 76.433774 21515.956 -28373.1 2473.62 -30846.7 1061.402
0.5 267.17964 -872.29702 21503.935 -28229.5 2395.84 -30625.3 1091.1479
0.51 271.67716 848.13453 21395.587 -28312.6 2436.17 -30748.8 1112.7137
0.52 262.04279 494.34319 21462.69 -28335.6 2349.78 -30685.4 1141.4376
0.53 270.33926 -11.511125 21571.708 -28149 2424.18 -30573.2 1181.5245
0.54 270.72512 -1020.4852 21683.886 -28354.6 2427.64 -30782.2 1214.8099
0.55 280.89147 368.3302 21484.712 -28116 2518.8 -30634.8 1235.0414
0.56 269.76425 586.76486 21370.155 -28315.4 2419.02 -30734.4 1255.4032
0.57 266.15199 -761.41948 21661.067 -28545.1 2386.63 -30931.8 1277.8382
0.58 267.64802 269.34643 21553.502 -28235.8 2400.04 -30635.8 1293.9732
0.59 279.539 -19.098212 21532.82 -28298.6 2506.67 -30805.3 1325.8075
0.6 279.75435 169.03304 21415.961 -28305.9 2508.6 -30814.5 1362.5351
0.61 273.21641 402.52969 21395.907 -28132.4 2449.98 -30582.4 1377.0052
0.62 275.72581 -7.6036061 21528.154 -28222 2472.48 -30694.5 1412.6317
0.63 277.75528 -568.1207 21688.425 -28268.8 2490.68 -30759.5 1452.4335
0.64 267.34609 13.354618 21642.864 -28195.8 2397.33 -30593.1 1467.8934
0.65 269.72037 215.60872 21465.327 -28260.5 2418.63 -30679.1 1486.3311
0.66 264.97238 1322.406 21347.855 -28497.8 2376.05 -30873.9 1501.9125
0.67 268.89554 -593.21464 21596.477 -28338.5 2411.23 -30749.7 1548.2053
0.68 271.46947 -90.189813 21499.072 -28281.7 2434.31 -30716 1574.6019
0.69 269.75622 308.73887 21530.415 -28147.4 2418.95 -30566.3 1609.8563
0.7 264.98132 -813.1318 21558.049 -28393.6 2376.13 -30769.7 1636.3189
0.71 276.86592 -982.02567 21674.772 -28200.5 2482.7 -30683.2 1670.6331
0.72 267.30675 -160.5024 21485.628 -28385.6 2396.98 -30782.6 1678.2016
0.73 258.17086 -128.08024 21543.178 -28576.1 2315.06 -30891.2 1715.4843
0.74 273.50114 464.56733 21424.849 -28229.5 2452.53 -30682 1724.7238
0.75 282.24996 469.69479 21490.064 -28303.5 2530.98 -30834.5 1759.6478
0.76 251.67249 -417.72807 21619.79 -28482.3 2256.79 -30739.1 1782.5827
0.77 279.59685 -752.85564 21373.599 -28116.3 2507.19 -30623.5 1803.9914
0.78 268.53589 747.02234 21322.948 -28332 2408 -30740 1837.9593
0.79 269.25491 1857.1576 21283.327 -28439.2 2414.45 -30853.6 1876.9265
0.8 259.96682 574.74159 21385.387 -28488.7 2331.16 -30819.9 1896.3932
0.81 256.2698 -442.72645 21571.094 -28420.4 2298.01 -30718.4 1927.699
0.82 278.3582 477.22314 21367.824 -28218.5 2496.08 -30714.6 1935.7364
0.83 270.7116 559.7617 21549.111 -28201.4 2427.51 -30629 1979.7576
0.84 271.66866 -127.86645 21235.171 -28478.8 2436.1 -30914.9 1981.9227
0.85 269.23881 -209.56145 21605.069 -28185.5 2414.31 -30599.8 2029.6994
0.86 261.86096 -652.03136 21415.402 -28545.8 2348.15 -30893.9 2020.3241
0.87 268.21228 55.102303 21456.545 -28282.5 2405.1 -30687.6 2053.6985
0.88 266.84351 -646.37356 21551.32 -28148.1 2392.83 -30541 2094.5402
0.89 259.83728 -764.80337 21660.726 -28390.3 2330 -30720.3 2140.8132
0.9 287.55159 -140.50271 21578.313 -28189.6 2578.52 -30768.1 2172.5477
0.91 263.79164 -813.70447 21480.655 -28360.6 2365.46 -30726.1 2212.5298
0.92 267.58107 -600.10103 21601.993 -28224.6 2399.44 -30624.1 2251.7926
0.93 257.22251 -243.92266 21368.158 -28489.1 2306.56 -30795.6 2267.5648
0.94 260.63354 -83.072802 21641.534 -28286.5 2337.14 -30623.6 2305.7523
0.95 261.19096 -560.47361 21620.552 -28333 2342.14 -30675.2 2326.8166
0.96 270.6392 -524.09554 21640.559 -28355.9 2426.86 -30782.8 2372.3796
0.97 266.50598 -129.76534 21545.404 -28346.5 2389.8 -30736.3 2398.9341
0.98 272.10648 344.44559 21360.652 -28325 2440.02 -30765 2409.8164
0.99 266.81777 239.4339 21333.048 -28359.2 2392.6 -30751.8 2434.1406
1 270.86919 233.46276 21330.851 -28187.1 2428.93 -30616 2460.5747
1.01 269.37862 193.64978 21550.962 -28280.8 2415.56 -30696.4 2500.5439
1.02 271.00628 977.19005 21298.488 -28321.9 2430.16 -30752 2481.998
1.03 260.85577 158.32858 21479.426 -28329.2 2339.14 -30668.4 2525.4404
1.04 270.1209 870.8399 21427.803 -28171.4 2422.22 -30593.6 2566.0996
1.05 265.06133 -452.33114 21593.719 -28355.1 2376.85 -30732 2609.9219
1.06 259.88014 -379.79577 21606.962 -28383.2 2330.39 -30713.6 2640.2676
1.07 284.39235 -157.79385 21563.998 -28212.2 2550.19 -30762.4 2670.1847
1.08 274.78327 828.73354 21236.171 -28444.1 2464.03 -30908.1 2677.2193
1.09 266.4489 -487.87049 21606 -28293.6 2389.29 -30682.9 2748.1632
1.1 270.00167 -800.42303 21530.884 -28260.8 2421.15 -30681.9 2771.7802
1.11 273.70385 229.72748 21403.944 -28129.4 2454.35 -30583.7 2808.5809
1.12 258.66582 -311.96077 21569.633 -28383 2319.5 -30702.5 2865.8423
1.13 265.94696 -213.84016 21405.86 -28515.4 2384.79 -30900.2 2850.6738
1.14 272.23019 -533.4961 21381.161 -28231.2 2441.13 -30672.4 2878.5595
1.15 259.65606 425.90917 21505.834 -28359.2 2328.38 -30687.6 2919.0035
1.16 270.56373 -226.00205 21619.333 -28324 2426.19 -30750.2 2951.0449
1.17 264.77149 -715.82132 21883.875 -28459.2 2374.25 -30833.4 3001.7778
1.18 266.64839 -418.56606 21614.317 -28340.8 2391.08 -30731.8 3028.649
1.19 273.15433 -253.63604 21596.736 -28579.4 2449.42 -31028.8 3089.3588
1.2 273.72221 -110.20586 21496.418 -28350.7 2454.51 -30805.2 3089.5995
1.21 276.17192 463.15355 21395.42 -28295.3 2476.48 -30771.8 3119.4119
1.22 285.32594 -146.23789 21428.44 -28347.5 2558.56 -30906 3153.6212
1.23 269.36219 -1167.2802 21688.792 -28530.4 2415.41 -30945.8 3224.7028
1.24 266.59102 -967.91349 21485.43 -28322.8 2390.56 -30713.4 3238.5776
1.25 280.67692 788.36829 21494.683 -28311.9 2516.87 -30828.7 3270.2179
1.26 265.48948 -688.25518 21631.435 -28411.7 2380.69 -30792.4 3310.3617
1.27 265.24757 -1032.3018 21526.073 -28509.9 2378.52 -30888.5 3316.6934
1.28 276.98479 6.3278998 21596.315 -28300.9 2483.77 -30784.7 3342.9679
1.29 276.50061 367.382 21468.937 -28421.9 2479.42 -30901.3 3345.2169
1.3 257.56986 823.20626 21407.27 -28311.8 2309.67 -30621.5 3346.3344
1.31 259.81684 -2.4571534 21557.069 -28309.4 2329.82 -30639.2 3386.6516
1.32 270.41962 -818.81763 21329.772 -28120.4 2424.9 -30545.3 3386.9434
1.33 264.95131 615.16469 21488.317 -28284.2 2375.86 -30660.1 3440.4254
1.34 273.38172 146.3239 21693.496 -28308.5 2451.46 -30760 3456.8719
1.35 279.39437 -797.59261 21688.976 -28167.1 2505.37 -30672.5 3485.5427
1.36 278.34311 14.697966 21450.673 -28273.7 2495.95 -30769.6 3473.3562
1.37 255.37675 -323.18024 21750.791 -28344.5 2290 -30634.5 3545.6231
1.38 275.04555 -1463.8521 21544.04 -28227.2 2466.38 -30693.5 3543.8671
1.39 269.92279 318.94078 21452.258 -28365.7 2420.44 -30786.1 3571.6468
1.4 274.71822 393.66811 21545.184 -28350.1 2463.44 -30813.6 3595.2671
1.41 276.79833 -574.87181 21639.304 -28193.8 2482.09 -30675.9 3634.1473
1.42 275.97214 673.20426 21296.953 -28395.5 2474.69 -30870.2 3635.1118
1.43 275.15643 -574.50018 21605.787 -28369.7 2467.37 -30837.1 3697.9681
1.44 268.49608 -522.00726 21433.435 -28295.8 2407.65 -30703.4 3708.3198
1.45 286.20903 -460.44841 21501.293 -28126.9 2566.48 -30693.4 3767.5458
1.46 288.54668 1055.2146 21284.226 -28058.3 2587.44 -30645.7 3776.5364
1.47 269.01001 368.64774 21323.291 -28345.3 2412.26 -30757.6 3809.1165
1.48 282.88683 92.129231 21482.448 -28089 2536.69 -30625.7 3851.1433
1.49 267.94767 -152.04793 21588.639 -28366.1 2402.73 -30768.8 3865.3008
1.5 256.48434 51.877888 21433.109 -28457.4 2299.94 -30757.3 3867.251
1.51 257.53235 -642.29201 21619.234 -28406.6 2309.33 -30715.9 3920.5015
1.52 270.4342 193.42268 21519.456 -28266.9 2425.03 -30691.9 3936.3795
1.53 271.69518 437.84951 21566.683 -28091.2 2436.33 -30527.5 3971.0753
1.54 277.30126 -128.09521 21424.064 -28287 2486.6 -30773.6 3990.5115
1.55 271.00311 751.78633 21561.566 -28206.5 2430.13 -30636.6 4013.613
1.56 267.15567 849.74128 21325.63 -28389.4 2395.63 -30785 3996.2184
1.57 272.95208 -184.91223 21585.68 -28276.2 2447.6 -30723.8 4050.7616
1.58 281.70077 513.65673 21451.095 -28274.4 2526.06 -30800.4 4064.8379
1.59 277.47937 361.77325 21288.03 -28440.1 2488.2 -30928.3 4080.8186
1.6 285.53803 99.282377 21509.166 -28217 2560.46 -30777.4 4148.5228
1.61 249.91565 -95.307744 21587.375 -28489.1 2241.03 -30730.1 4171.4365
1.62 261.72203 -404.32428 21488.463 -28363.2 2346.9 -30710.1 4161.3016
1.63 264.94354 534.49624 21523.356 -28336 2375.79 -30711.7 4199.1173
1.64 265.07805 295.58131 21361.606 -28467.5 2377 -30844.5 4192.9209
1.65 268.68929 -577.34112 21572.328 -28272.7 2409.38 -30682.1 4225.6708
1.66 258.30815 591.85848 21402.33 -28586.7 2316.29 -30903 4244.4754
1.67 290.48742 -172.76874 21461.993 -28220.1 2604.85 -30825 4266.7636
1.68 277.06357 1040.7426 21507.685 -28300.8 2484.47 -30785.2 4299.7408
1.69 261.57526 1017.2491 21239.787 -28426.8 2345.59 -30772.4 4276.6468
1.7 271.62075 99.235404 21475.126 -28239.2 2435.67 -30674.9 4347.9236
1.71 270.67194 -329.02067 21473.777 -28416.4 2427.16 -30843.6 4362.2143
1.72 278.73555 425.20648 21437.383 -28169.1 2499.47 -30668.6 4390.6418
1.73 271.57266 976.4896 21575.574 -27962.6 2435.24 -30397.8 4426.5682
1.74 262.16274 465.20849 21331.023 -28342.3 2350.85 -30693.2 4400.1204
1.75 276.4425 -152.94273 21518.444 -28292.9 2478.9 -30771.8 4453.1366
1.76 275.26847 492.52984 21545.187 -28322 2468.38 -30790.4 4507.4861
1.77 269.08735 58.158352 21604.787 -28160.9 2412.95 -30573.9 4535.0948
1.78 272.4622 -266.21588 21335.277 -28369.3 2443.21 -30812.5 4508.4693
1.79 248.45414 22.79348 21618.401 -28341.1 2227.93 -30569 4580.578
1.8 258.9831 -139.83117 21405.041 -28507.6 2322.34 -30829.9 4585.0714
1.81 258.44461 423.76419 21414.496 -28420.8 2317.51 -30738.3 4595.9318
1.82 269.1452 -198.49505 21604.699 -28260.7 2413.47 -30674.2 4659.2699
1.83 274.84764 -494.42336 21664.899 -28145.8 2464.6 -30610.4 4690.8208
1.84 283.57444 -505.13951 21602.09 -28138.7 2542.86 -30681.6 4715.9112
1.85 267.82241 -626.77655 21481.061 -28434 2401.61 -30835.6 4711.6469
1.86 276.06931 -525.71546 21448.72 -28091.5 2475.56 -30567 4694.4297
1.87 270.20675 15.030751 21472.428 -28267.9 2422.99 -30690.9 4744.0337
1.88 267.2289 1048.3733 21306.682 -28310.2 2396.28 -30706.5 4720.0051
1.89 262.84696 252.22194 21434.106 -28237 2356.99 -30594 4771.979
1.9 266.23948 -246.88898 21534.512 -28368 2387.41 -30755.4 4803.5358
1.91 280.78834 732.35673 21583.471 -28412.4 2517.87 -30930.2 4852.3777
1.92 274.0159 -494.42457 21380.824 -28185.2 2457.14 -30642.3 4863.331
1.93 268.68039 -204.65376 21524.746 -28553.7 2409.3 -30963 4902.3753
1.94 274.33082 -927.47493 21542.484 -28305.3 2459.97 -30765.3 4895.1131
1.95 286.55232 -265.48899 21525.152 -28079.5 2569.56 -30649.1 4929.7257
1.96 278.4959 79.817153 21493.127 -28216.9 2497.32 -30714.2 4934.5274
1.97 272.148 1526.2341 21339.601 -28222.6 2440.39 -30663 4937.6189
1.98 265.1421 280.31886 21378.736 -28414 2377.57 -30791.5 4954.6653
1.99 276.15415 -296.0389 21574.87 -28356 2476.32 -30832.3 5052.8654
2 267.41887 -243.59629 21445.628 -28364.2 2397.99 -30762.2 5087.3686
2.01 262.19804 41.046254 21578.705 -28314.4 2351.17 -30665.6 5139.1086
2.02 284.77177 748.48371 21329.91 -28150.1 2553.59 -30703.7 5143.5082
2.03 262.04115 504.62957 21479.131 -28139.5 2349.76 -30489.3 5190.4469
2.04 261.37153 389.38797 21565.118 -28236 2343.76 -30579.8 5217.6854
2.05 271.44971 294.52004 21550.691 -28294.9 2434.13 -30729 5245.855
2.06 271.34037 596.9279 21427.731 -28328.8 2433.15 -30762 5215.3441
2.07 257.51096 -1070.6274 21757.005 -28457.2 2309.14 -30766.4 5283.3574
2.08 271.5381 -117.53705 21665.371 -28341.6 2434.93 -30776.5 5323.6252
2.09 265.62585 -1388.0945 21536.327 -28398.5 2381.91 -30780.5 5313.595
2.1 263.68476 -721.26156 21568.78 -28392.7 2364.5 -30757.2 5322.271
2.11 271.06679 164.94896 21461.964 -28223.8 2430.7 -30654.5 5310.7451
2.12 260.68805 -855.66136 21736.766 -28502.8 2337.63 -30840.5 5388.5698
2.13 270.66537 -27.574983 21555.237 -28203.8 2427.1 -30630.9 5377.4493
2.14 270.02757 -663.60766 21541.6 -28320.8 2421.38 -30742.2 5397.1593
2.15 267.89213 293.36267 21535.747 -28304.5 2402.23 -30706.8 5424.2705
2.16 278.81614 795.75121 21335.249 -28310.9 2500.19 -30811 5418.1302
2.17 276.31973 -442.12778 21548.205 -28273 2477.8 -30750.8 5510.0412
2.18 271.80561 -374.10231 21549.693 -28217.7 2437.32 -30655 5530.2657
2.19 271.54894 627.69297 21438.167 -28449.2 2435.02 -30884.3 5554.1416
2.2 274.72328 -289.78503 21706.236 -28331.1 2463.49 -30794.6 5644.428
2.21 269.77864 -1511.0206 21713.62 -28332.2 2419.15 -30751.4 5648.6864
2.22 291.89892 208.99253 21368.837 -28214.1 2617.5 -30831.6 5614.8945
2.23 261.88019 -297.3186 21491.023 -28373.8 2348.32 -30722.1 5655.8995
2.24 273.83876 647.74416 21415.311 -28174.1 2455.56 -30629.7 5663.8189
2.25 271.33005 1575.0949 21286.786 -28222.4 2433.06 -30655.5 5663.2137
2.26 259.877 -56.228254 21582.774 -28573.1 2330.36 -30903.4 5729.1019
2.27 262.62551 202.8542 21631.486 -28354.7 2355 -30709.7 5778.2084
2.28 266.4031 -419.84531 21417.748 -28198.6 2388.88 -30587.5 5761.5644
2.29 276.41685 -15.192511 21387.543 -28139.1 2478.67 -30617.8 5784.3564
2.3 282.76179 -236.26917 21514.784 -27991.9 2535.57 -30527.5 5824.8028
2.31 281.85556 -287.36647 21476.254 -28213.7 2527.44 -30741.2 5855.3466
2.32 268.32878 420.61244 21434.987 -28353.9 2406.15 -30760 5848.5935
2.33 268.60467 723.55265 21366.966 -28443.2 2408.62 -30851.8 5853.7866
2.34 274.77956 225.69358 21341.683 -28339.4 2463.99 -30803.4 5851.0841
2.35 272.90357 -309.19495 21749.81 -28343.2 2447.17 -30790.4 5948.5495
2.36 267.9403 402.42989 21450.161 -28349.7 2402.66 -30752.4 5964.508
2.37 255.15442 580.29919 21464.864 -28626.5 2288.01 -30914.5 6030.4746
2.38 275.94904 241.12349 21327.093 -28382.7 2474.48 -30857.1 6030.6907
2.39 274.63227 -14.340853 21349.648 -28126.5 2462.67 -30589.1 6060.6928
2.4 273.13287 467.73178 21478.363 -28227.3 2449.23 -30676.5 6079.5468
2.41 270.32347 -2.8067759 21699 -28402.5 2424.03 -30826.6 6152.278
2.42 273.26251 -24.607596 21537.397 -28240.7 2450.39 -30691.1 6123.2978
2.43 254.02294 271.87458 21486.833 -28543.2 2277.86 -30821.1 6136.9951
2.44 268.08559 428.63572 21375.434 -28247.4 2403.97 -30651.4 6134.462
2.45 269.62346 729.44616 21319.57 -28400 2417.76 -30817.7 6171.5285
2.46 251.99841 -239.94031 21647.358 -28330.5 2259.71 -30590.2 6263.7919
2.47 275.34018 187.25033 21546.477 -28333 2469.02 -30802 6281.4822
2.48 257.72973 1052.1579 21193.994 -28401.3 2311.1 -30712.5 6247.8829
2.49 283.12992 1071.3542 21428.461 -28158.8 2538.87 -30697.7 6324.289
2.5 272.90612 -827.10325 21828.107 -28423.1 2447.19 -30870.3 6428.2711
2.51 277.6961 293.43486 21487.019 -28218.5 2490.15 -30708.7 6397.8536
2.52 271.22934 -585.89296 21566.882 -28172 2432.16 -30604.2 6416.213
2.53 270.03362 916.1972 21662.527 -28219.9 2421.43 -30641.3 6433.9774
2.54 276.1741 -278.79199 21429.107 -28250.8 2476.5 -30727.3 6400.2079
2.55 274.99309 353.39394 21450.911 -28381.1 2465.91 -30847 6429.5378
2.56 270.41978 11.355703 21596.35 -28373.5 2424.9 -30798.4 6462.2238
2.57 274.05983 485.82768 21252.986 -28499.2 2457.54 -30956.8 6429.6557
2.58 268.33986 302.30325 21554.059 -28297.6 2406.25 -30703.8 6507.5386
2.59 268.55022 951.12122 21514.105 -28369.4 2408.13 -30777.5 6499.3048
2.6 283.05377 651.18038 21539.801 -28354.9 2538.19 -30893.1 6523.9493
2.61 267.67299 937.36257 21290.819 -28279.2 2400.27 -30679.5 6484.858
2.62 272.66885 714.90114 21393.248 -28263.8 2445.06 -30708.9 6515.1878
2.63 278.69583 249.23775 21407.327 -28134.4 2499.11 -30633.5 6586.8624
2.64 272.88912 505.23027 21428.474 -28381.8 2447.04 -30828.8 6655.4326
2.65 262.17403 -820.87516 21641.413 -28154.7 2350.96 -30505.6 6730.2586
2.66 278.82754 650.09481 21336.14 -28417 2500.29 -30917.3 6697.7653
2.67 267.78983 -963.24355 21548.864 -28340.4 2401.31 -30741.7 6753.7806
2.68 275.93826 -80.523752 21577.919 -28161.1 2474.38 -30635.4 6793.4108
2.69 273.85899 -354.33057 21521.103 -28340 2455.74 -30795.8 6830.9104
2.7 282.7996 519.64236 21518.561 -28045.3 2535.91 -30581.3 6807.2583
2.71 271.77933 631.30179 21174.627 -28337.2 2437.09 -30774.2 6784.8184
2.72 275.97087 -767.94383 21691.333 -28099.1 2474.67 -30573.7 6888.7079
2.73 262.67561 -85.793589 21329.901 -28362.7 2355.45 -30718.1 6858.4053
2.74 272.9206 -468.15671 21504.377 -28223.5 2447.32 -30670.9 6938.1919
2.75 277.49958 478.75138 21573.995 -28446.3 2488.38 -30934.6 6971.1344
2.76 259.55702 149.08494 21340.16 -28272.4 2327.49 -30599.9 6964.0102
2.77 262.95393 548.76504 21260.259 -28517.3 2357.95 -30875.2 6994.1832
2.78 271.04807 -590.51913 21687.536 -28345.8 2430.53 -30776.3 7139.597
2.79 261.35372 -504.8885 21564.456 -28402.6 2343.6 -30746.2 7167.2713
2.8 271.47026 1724.7678 21317.156 -28316.2 2434.32 -30750.6 7141.8648
2.81 279.23817 -239.27621 21398.271 -28253.8 2503.97 -30757.8 7183.4476
2.82 267.49376 -211.18428 21406.696 -28493 2398.66 -30891.7 7207.0699
2.83 271.12163 481.08792 21567.569 -28322.2 2431.19 -30753.4 7259.2161
2.84 268.39443 307.69033 21436.176 -28404.9 2406.74 -30811.6 7255.1529
2.85 278.84676 279.53541 21309.523 -28212.6 2500.46 -30713 7258.3865
2.86 257.38328 168.0413 21361.992 -28565.6 2308 -30873.6 7299.0636
2.87 261.14862 -925.87613 21542.63 -28280.7 2341.76 -30622.4 7399.6471
2.88 285.09224 -1635.0264 21736.404 -28182.9 2556.47 -30739.4 7446.4936
2.89 274.82152 -192.00734 21457.545 -28201.1 2464.37 -30665.5 7421.319
2.9 280.08946 136.05096 21334.023 -28387.5 2511.61 -30899.1 7411.2237
2.91 273.97961 19.593996 21691.511 -28202.1 2456.82 -30659 7511.1162
2.92 270.86997 -191.07379 21549.597 -28203.8 2428.93 -30632.7 7490.5038
2.93 263.53282 220.54426 21401.497 -28403.7 2363.14 -30766.8 7501.5129
2.94 262.25638 -818.72798 21625.336 -28520.6 2351.69 -30872.3 7600.0327
2.95 270.29183 116.92317 21162.614 -28309.5 2423.75 -30733.3 7505.7166
2.96 262.26825 34.930992 21499.457 -28691.9 2351.8 -31043.7 7639.7963
2.97 262.43092 -271.61415 21571.85 -28385.3 2353.26 -30738.5 7682.1008
2.98 281.01911 -615.04476 21659.747 -28142.6 2519.94 -30662.5 7739.3686
2.99 260.21305 -766.15217 21439.765 -28412.8 2333.37 -30746.2 7707.6295
3 270.20794 -396.96676 21491.722 -28158.7 2423 -30581.7 7751.5912
3.01 267.93861 1026.8421 21328.316 -28281.8 2402.65 -30684.4 7761.0485
3.02 265.44441 210.79411 21434.893 -28327.8 2380.28 -30708.1 7846.3078
3.03 272.66108 -72.154585 21423.923 -28503.8 2445 -30948.8 7845.845
3.04 265.80138 -451.84072 21563.579 -28258.5 2383.48 -30642 7910.9885
3.05 268.40337 527.68467 21419.243 -28389.9 2406.82 -30796.7 7892.3177
3.06 289.0223 -180.45749 21460.726 -28033.2 2591.71 -30624.9 7925.4959
3.07 280.00834 1147.3473 21393.141 -28375.7 2510.88 -30886.5 7872.0734
3.08 272.36437 141.02307 21439.842 -28461.6 2442.33 -30903.9 7956.2389
3.09 271.63414 -403.49648 21533.781 -28289.3 2435.79 -30725.1 8000.5316
3.1 257.54884 570.05884 21323.977 -28533.1 2309.48 -30842.5 7953.0055
3.11 271.79838 -403.17235 21634.215 -28168.4 2437.26 -30605.7 8054.927
3.12 257.93059 -81.256779 21379.084 -28362.8 2312.9 -30675.7 8035.0214
3.13 269.01833 -301.03231 21593.383 -28357.8 2412.33 -30770.2 8106.0826
3.14 278.53618 1194.2064 21298.036 -28205.1 2497.68 -30702.8 8078.2508
3.15 265.51648 976.48029 21412.359 -28421 2380.93 -30801.9 8125.1105
3.16 274.1869 596.01497 21313.032 -28162 2458.68 -30620.6 8159.4689
3.17 277.65485 701.45368 21340.721 -28265.2 2489.78 -30754.9 8206.3263
3.18 265.54684 -352.53133 21782.831 -28294.8 2381.2 -30676 8388.3042
3.19 257.48068 -64.230043 21506.436 -28486.9 2308.87 -30795.8 8356.9754
3.2 272.28391 -759.45885 21508.368 -28195.5 2441.61 -30637.1 8390.3445
3.21 270.6205 534.76744 21382.806 -28292 2426.7 -30718.7 8354.2883
3.22 281.8256 -638.30946 21739.378 -27974.4 2527.17 -30501.6 8478.5415
3.23 272.96401 320.04754 21381.651 -28343.5 2447.71 -30791.3 8426.0635
3.24 269.70273 128.47221 21471.764 -28302.9 2418.47 -30721.3 8492.8657
3.25 263.90148 -961.23623 21624.995 -28203.7 2366.45 -30570.2 8509.5006
3.26 258.88127 -829.70893 21639.232 -28445.5 2321.43 -30766.9 8531.7505
3.27 255.39436 -412.30147 21617.961 -28276.8 2290.16 -30567 8525.9157
3.28 267.73909 333.79737 21294.399 -28322.2 2400.86 -30723.1 8458.4331
3.29 276.87818 75.227219 21518.42 -28290.7 2482.81 -30773.5 8525.7892
3.3 284.29541 -525.49912 21413.757 -28366.9 2549.32 -30916.2 8542.3658
3.31 288.4992 1094.4692 21384.418 -28015 2587.02 -30602 8575.5247
3.32 274.50427 -6.0762116 21447.1 -28223.4 2461.52 -30684.9 8624.7801
3.33 271.64064 -706.69633 21700.094 -28219.1 2435.84 -30654.9 8764.7526
3.34 254.74156 -412.46174 21414.18 -28455.7 2284.31 -30740 8737.4438
3.35 274.41533 -95.917039 21536.581 -28132.2 2460.73 -30592.9 8812.0755
3.36 267.57982 -146.93883 21478.747 -28513.5 2399.43 -30912.9 8845.6264
3.37 266.56974 460.15472 21501.382 -28275.8 2390.37 -30666.2 8881.899
3.38 270.45232 -460.96701 21290.42 -28202.5 2425.19 -30627.6 8861.5659
3.39 268.46752 550.0369 21549.54 -28355.9 2407.39 -30763.3 8982.1958
3.4 264.25778 200.28953 21574.54 -28175.9 2369.64 -30545.6 9034.9776
3.41 269.14809 433.13851 21383.007 -28309.9 2413.49 -30723.4 9020.2356
3.42 278.16591 194.72102 21388.794 -28171 2494.36 -30665.4 9038.0279
3.43 271.5929 -729.71647 21530.628 -28352.6 2435.42 -30788.1 9117.967
3.44 268.14534 -10.436163 21545.031 -28406.5 2404.5 -30811 9118.6019
3.45 266.48329 971.50184 21441.077 -28495.9 2389.6 -30885.5 9092.3676
3.46 254.23264 1036.5488 21356.579 -28348.4 2279.74 -30628.1 9111.8798
3.47 267.08347 -202.97245 21684.713 -28236.2 2394.98 -30631.2 9229.1562
3.48 261.6385 -343.13787 21687.304 -28334.5 2346.15 -30680.7 9278.3982
3.49 278.1406 1118.3721 21214.25 -28107.7 2494.13 -30601.8 9154.9881
3.5 264.6149 -131.59502 21649.411 -28275.8 2372.84 -30648.6 9317.9604
3.51 271.56749 68.852187 21368.553 -28441.3 2435.19 -30876.5 9291.8148
3.52 272.89679 3.4482007 21547.449 -28297 2447.11 -30744.1 9398.5812
3.53 274.13063 122.26771 21583.868 -28227.3 2458.17 -30685.5 9451.6917
3.54 275.08941 20.510173 21527.625 -28335.7 2466.77 -30802.5 9430.2937
3.55 266.80648 626.93693 21396.913 -28268 2392.5 -30660.5 9438.772
3.56 284.99253 -348.13042 21557.417 -28294 2555.57 -30849.6 9530.1268
3.57 284.37064 -65.753846 21456.902 -28136.9 2550 -30686.9 9507.6344
3.58 278.99696 -222.86757 21584.514 -28143.3 2501.81 -30645.1 9545.5807
3.59 273.9935 -1454.5703 21559.333 -28449.7 2456.94 -30906.6 9606.9607
3.6 273.46869 -672.16039 21713.529 -28215.9 2452.24 -30668.1 9711.8982
3.61 282.18532 298.12807 21391.826 -28035.6 2530.4 -30566 9642.6235
3.62 265.54149 871.15955 21360.705 -28404.7 2381.15 -30785.9 9629.4891
3.63 272.00027 -177.26146 21522.785 -28421.8 2439.07 -30860.8 9699.6263
3.64 285.88047 -1151.5298 21719.702 -28336.6 2563.54 -30900.1 9835.9093
3.65 253.94072 -790.09288 21405.693 -28530.1 2277.13 -30807.2 9777.6135
3.66 278.42189 133.03322 21283.529 -28286.8 2496.65 -30783.4 9762.1258
3.67 276.40804 -269.76707 21606.014 -28275.6 2478.59 -30754.2 9864.2068
3.68 274.75332 -319.90217 21435.94 -28437 2463.76 -30900.8 9858.3648
3.69 273.26449 565.45748 21639.704 -28217.1 2450.41 -30667.5 9928.185
3.7 271.33533 -466.09749 21613.179 -28352 2433.11 -30785.1 9977.7722
3.71 262.85621 173.37638 21447.053 -28424.5 2357.07 -30781.6 9904.3133
3.72 258.00439 -36.8982 21584.223 -28363.2 2313.57 -30676.7 9973.9192
3.73 269.36479 -86.49888 21583.528 -28258 2415.44 -30673.4 9994.3282
3.74 266.33713 732.00944 21501.766 -28517.8 2388.29 -30906.1 10013.992
3.75 269.9647 -151.03821 21471.758 -28355.1 2420.82 -30775.9 10027.575
3.76 260.52844 38.615169 21521.463 -28463.8 2336.2 -30800 10063.617
3.77 263.11583 32.78248 21636.874 -28226.1 2359.4 -30585.5 10101.964
3.78 265.82028 447.4598 21405.914 -28505.2 2383.65 -30888.8 10048.314
3.79 272.07596 208.12303 21317.16 -28275.8 2439.75 -30715.5 10076.489
3.8 278.02689 -705.63186 21440.429 -28238.7 2493.11 -30731.8 10149.393
3.81 260.95415 54.935376 21449.602 -28444.4 2340.02 -30784.5 10170.862
3.82 275.24185 -300.59075 21746.715 -28219.7 2468.14 -30687.8 10273.415
3.83 256.49186 -830.20349 21656.052 -28452.3 2300 -30752.3 10275.045
3.84 270.56026 -280.27622 21608.253 -28261.4 2426.16 -30687.6 10313.165
3.85 264.80135 -594.27752 21556.043 -28318.4 2374.52 -30692.9 10330.423
3.86 267.93356 1041.0928 21179.708 -28534.5 2402.6 -30937.1 10218.467
3.87 264.15335 942.78757 21225.895 -28424 2368.71 -30792.7 10277.461
3.88 287.03947 84.30115 21396.738 -28232.3 2573.93 -30806.2 10390.792
3.89 260.39111 -429.63988 21492.214 -28492.6 2334.97 -30827.6 10469.275
3.9 277.12091 812.16558 21392.331 -28230.9 2484.99 -30715.9 10462.303
3.91 271.92175 -7.1973803 21498.203 -28477.4 2438.37 -30915.8 10524.506
3.92 264.41565 502.26477 21363.885 -28170.9 2371.06 -30541.9 10494.772
3.93 273.29465 -292.27571 21563.69 -28162.8 2450.68 -30613.5 10623.556
3.94 281.37108 -170.57725 21599.9 -28351.4 2523.1 -30874.5 10651.006
3.95 253.67228 -159.53986 21410.549 -28475.3 2274.72 -30750 10632.55
3.96 277.23579 -630.27151 21659.574 -28161.2 2486.02 -30647.3 10713.343
3.97 283.07837 600.15499 21373.973 -28347.7 2538.41 -30886.1 10644.482
3.98 272.9882 46.331909 21348.042 -28111.5 2447.93 -30559.4 10670.01
3.99 260.0731 -119.74169 21502.133 -28353.8 2332.12 -30685.9 10712.783
4 274.18027 -1656.2129 21689.851 -28269.7 2458.62 -30728.3 10819.377
4.01 282.50392 -89.438145 21508.817 -28144.8 2533.26 -30678.1 10751.91
4.02 264.40726 -721.47108 21645.989 -28325.4 2370.98 -30696.4 10814.186
4.03 268.18938 -726.30113 21612.448 -28263.7 2404.9 -30668.6 10820.51
4.04 267.1414 -727.25552 21485.122 -28403.9 2395.5 -30799.4 10778.738
4.05 278.64603 92.233734 21357.95 -28386.4 2498.66 -30885.1 10794.353
4.06 271.78756 294.87985 21380.105 -28333 2437.16 -30770.2 10876.247
4.07 272.13361 -596.67246 21620.857 -28410 2440.27 -30850.2 11021.023
4.08 285.88765 324.48814 21469.53 -28204.6 2563.6 -30768.2 10974.675
4.09 264.3383 171.63048 21468.686 -28550.2 2370.36 -30920.6 11002.045
4.1 277.67034 -583.51655 21585.814 -28146.6 2489.91 -30636.5 11064.183
4.11 264.53003 -228.33034 21486.295 -28427.3 2372.08 -30799.4 11083.92
4.12 288.11421 -389.14291 21538.995 -28243.4 2583.57 -30826.9 11104.768
4.13 280.07214 -397.0283 21392.07 -28153.5 2511.45 -30664.9 11101.288
4.14 263.19656 -184.73898 21500.567 -28461.3 2360.13 -30821.5 11160.12
4.15 265.63367 14.822932 21454.966 -28315.2 2381.98 -30697.2 11189.103
4.16 278.17437 -420.27378 21459.429 -28186 2494.43 -30680.5 11237.573
4.17 265.01016 9.0694959 21534.693 -28374.3 2376.39 -30750.7 11272.167
4.18 292.79233 156.23686 21639.15 -28036.6 2625.52 -30662.2 11321.538
4.19 272.95069 610.22273 21400.66 -28160.6 2447.59 -30608.2 11308.644
4.2 262.44078 257.41242 21341.885 -28449.5 2353.35 -30802.8 11280.828
4.21 268.67645 -243.80403 21683.765 -28285.6 2409.26 -30694.9 11428.83
4.22 272.70469 243.98211 21477.644 -28242.4 2445.39 -30687.7 11353.081
4.23 283.97296 -393.49444 21608.685 -28041.8 2546.43 -30588.2 11458.524
4.24 276.27309 -523.39194 21735.967 -28047.7 2477.38 -30525.1 11529.424
4.25 268.93459 -725.12909 21538.768 -28357.4 2411.58 -30769 11467.197
4.26 273.08378 174.3692 21586.603 -28390.8 2448.79 -30839.6 11509.074
4.27 270.79531 -45.633736 21666.391 -28401.6 2428.26 -30829.8 11587.301
4.28 272.01425 -524.61978 21273.159 -28354.2 2439.2 -30793.4 11446.372
4.29 267.0892 163.73063 21494.469 -28526.2 2395.03 -30921.2 11571.198
4.3 258.63942 305.12998 21382.726 -28336.1 2319.26 -30655.4 11526.971
4.31 270.52745 345.66824 21462.897 -28280.6 2425.86 -30706.4 11562.955
4.32 283.38588 210.45614 21532.628 -28066.5 2541.17 -30607.7 11598
4.33 283.44385 1080.6167 21490.934 -28282.7 2541.69 -30824.4 11590.028
4.34 272.40348 852.10971 21350.198 -28339.5 2442.69 -30782.2 11614.042
4.35 266.85025 196.90908 21701.021 -28363.3 2392.89 -30756.2 11754.982
4.36 277.73607 -502.24979 21496.236 -28204.4 2490.5 -30694.9 11709.966
4.37 247.1625 297.68331 21428.642 -28434.3 2216.35 -30650.6 11723.826
4.38 278.1469 -309.60612 21493.422 -28167 2494.19 -30661.2 11763.792
4.39 267.63592 887.18229 21419.229 -28225.7 2399.93 -30625.6 11748.349
4.4 294.07806 43.811375 21527.857 -28098.8 2637.04 -30735.9 11792.587
4.41 268.22073 482.99042 21657.705 -28336.1 2405.18 -30741.3 11845.003
4.42 261.6677 -151.73833 21672.709 -28260.2 2346.42 -30606.6 11900.077
4.43 263.92577 189.6751 21383.854 -28517.9 2366.66 -30884.5 11813.2
4.44 267.96163 105.06041 21550.373 -28433 2402.85 -30835.8 11914.648
4.45 274.79318 -0.47257835 21582.32 -28147.4 2464.11 -30611.5 11947.936
4.46 268.29366 414.96779 21434.028 -28380.6 2405.83 -30786.4 11863.066
4.47 265.02656 -342.57011 21589.103 -28327.7 2376.54 -30704.2 11967.164
4.48 276.49609 -1003.2431 21693.859 -28092.3 2479.38 -30571.7 12014.644
4.49 273.91431 153.93065 21522.918 -28150.4 2456.23 -30606.7 12013.227
4.5 285.85568 -317.02967 21480.242 -28247.2 2563.31 -30810.5 12011.115
4.51 278.24189 -177.46546 21467.502 -28214.7 2495.04 -30709.8 12004.128
4.52 274.71691 357.39292 21353.41 -28276.7 2463.43 -30740.2 11997.157
4.53 274.55966 -181.11033 21343.974 -28338.7 2462.02 -30800.7 12030.903
4.54 284.18373 -675.32305 21550.338 -28220.2 2548.32 -30768.5 12138.399
4.55 267.20949 651.83891 21303.567 -28165.2 2396.11 -30561.3 12105.401
4.56 279.56276 -250.71097 21561.885 -28499.6 2506.88 -31006.5 12209.799
4.57 269.40937 274.80838 21457.53 -28384.9 2415.84 -30800.8 12213.814
4.58 277.20022 -572.05251 21642.143 -28114.6 2485.7 -30600.3 12318.32
4.59 270.69662 -195.35571 21375.014 -28427.6 2427.38 -30855 12302.73
4.6 260.0063 -120.66889 21562.658 -28410.6 2331.52 -30742.1 12380.516
4.61 275.32223 -631.33372 21324.386 -28277.5 2468.86 -30746.3 12254.801
4.62 262.20183 121.78464 21400.181 -28387.4 2351.21 -30738.6 12324.185
4.63 264.7218 628.51875 21415.57 -28361.1 2373.8 -30734.9 12385.299
4.64 271.99573 -1123.8194 21661.624 -28255.9 2439.03 -30694.9 12541.826
4.65 266.99974 -364.01255 21513.277 -28550.9 2394.23 -30945.1 12485.36
4.66 264.60302 -69.735608 21446.919 -28355.5 2372.74 -30728.3 12481.781
4.67 279.82792 1048.0299 21298.492 -28320.8 2509.26 -30830.1 12482.369
4.68 263.13175 -76.722078 21339.321 -28431.2 2359.54 -30790.7 12534.734
4.69 269.17658 -50.945229 21600.216 -28483.3 2413.75 -30897 12638.548
4.7 262.43828 -160.71968 21484.094 -28396.3 2353.33 -30749.6 12644.721
4.71 280.29874 666.87827 21462.363 -28326.4 2513.48 -30839.9 12657.419
4.72 299.46756 269.31812 21645.293 -27989.6 2685.37 -30674.9 12773.434
4.73 271.83552 90.089326 21491.333 -28390.9 2437.59 -30828.5 12746.553
4.74 282.58245 97.285207 21574.95 -28274.2 2533.96 -30808.2 12823.489
4.75 271.88845 170.5615 21626.788 -28336.7 2438.07 -30774.7 12860.141
4.76 285.64784 -538.43863 21596.222 -28160.2 2561.45 -30721.7 12859.739
4.77 268.84642 314.46883 21304.301 -28284.9 2410.79 -30695.7 12749.62
4.78 263.34915 -496.84102 21435.681 -28387.1 2361.49 -30748.6 12833.918
4.79 283.61599 214.27103 21486.763 -28125.4 2543.23 -30668.6 12960.993
4.8 268.31046 858.29329 21491.078 -28313.5 2405.98 -30719.5 12998.332
4.81 263.25866 102.89183 21551.792 -28428.3 2360.68 -30789 13053.539
4.82 284.66665 -556.95045 21683.011 -28273.4 2552.65 -30826.1 13151.499
4.83 282.70331 -423.36735 21532.209 -28116.1 2535.05 -30651.2 13140.019
4.84 272.96738 294.84369 21563.216 -28262.6 2447.74 -30710.3 13192.5
4.85 276.66397 -908.25951 21624.28 -28078.6 2480.89 -30559.5 13288.333
4.86 270.18748 1255.5489 21342.253 -28371.5 2422.81 -30794.3 13226.793
4.87 273.88413 217.72435 21441.622 -28317.3 2455.96 -30773.3 13284.06
4.88 284.80049 1385.6208 21410.09 -28104 2553.85 -30657.9 13330.94
4.89 274.89559 673.34802 21356.08 -28426.5 2465.03 -30891.5 13331.366
4.9 267.648 74.499744 21481.154 -28235 2400.04 -30635.1 13427.804
4.91 265.81613 127.46477 21525.589 -28441.1 2383.62 -30824.7 13421.548
4.92 268.19014 -546.16828 21711.339 -28275.5 2404.9 -30680.4 13480.28
4.93 265.98805 292.36036 21427.635 -28327.6 2385.16 -30712.8 13352.082
4.94 265.58821 -341.03403 21471.276 -28189.1 2381.57 -30570.6 13404.949
4.95 282.14248 1112.2485 21458.906 -28204.7 2530.02 -30734.7 13429.726
4.96 267.53064 570.33949 21376.391 -28288 2398.99 -30686.9 13412.612
4.97 266.96751 268.13831 21579.341 -28266.7 2393.94 -30660.6 13537.942
4.98 265.01556 -27.81145 21740.196 -28291.3 2376.44 -30667.8 13616.079
4.99 278.00044 -372.7221 21404.362 -28236.9 2492.87 -30729.7 13493.128
5 265.03819 579.6489 21280.347 -28466.3 2376.64 -30842.9 13469.094
5.01 253.85795 -1616.643 21606.89 -28452.8 2276.38 -30729.2 13631.909
5.02 259.04392 440.58219 21232.486 -28457.9 2322.89 -30780.8 13516.246
5.03 276.20062 -359.1576 21621.188 -28266.8 2476.73 -30743.6 13712.332
5.04 282.9991 325.40601 21218.054 -28166.4 2537.7 -30704 13636.596
5.05 272.49472 -197.08956 21742.357 -28315.4 2443.5 -30758.9 13921.131
5.06 279.50561 319.71704 21317.781 -28156.7 2506.37 -30663.1 13738.227
5.07 265.22896 -125.76694 21487.963 -28390.3 2378.35 -30768.6 13876.716
5.08 264.79625 72.856768 21438.589 -28376 2374.47 -30750.4 13897.829
5.09 289.01307 334.49366 21297.357 -27994.1 2591.63 -30585.7 13892.478
5.1 274.85172 423.93342 21360.595 -28245.8 2464.64 -30710.4 13936.731
5.11 276.04555 72.388211 21420.786 -28147.8 2475.34 -30623.2 14058.43
5.12 280.58981 -352.58662 21622.084 -28336.7 2516.09 -30852.8 14181.964
5.13 275.16904 270.1856 21472.944 -28173.7 2467.48 -30641.2 14146.45
5.14 284.85249 65.352981 21681.421 -28223.4 2554.32 -30777.7 14260.976
5.15 282.31054 -872.9392 21876.745 -28212.7 2531.52 -30744.2 14365.983
5.16 262.39835 364.47876 21430.721 -28370.3 2352.97 -30723.2 14197.218
5.17 270.75445 104.8358 21585.461 -28171.6 2427.9 -30599.5 14314.895
5.18 275.49745 -817.73591 21574.483 -28163.5 2470.43 -30633.9 14394.014
5.19 269.48174 199.00599 21471.59 -28207.3 2416.49 -30623.8 14336.454
5.2 275.97523 -283.9956 21562.294 -28231.5 2474.71 -30706.2 14382.664
5.21 279.47211 26.76438 21545.732 -28197.5 2506.07 -30703.5 14406.87
5.22 282.47004 762.84851 21404.655 -28232 2532.95 -30765 14324.756
5.23 262.13371 -200.01018 21384.68 -28521.8 2350.59 -30872.4 14334.996
5.24 275.45982 32.926572 21247.462 -28222.3 2470.09 -30692.4 14300.472
5.25 281.27292 361.63867 21426.881 -28214.6 2522.22 -30736.8 14399.142
5.26 274.48901 536.82954 21537.778 -28368.6 2461.39 -30830 14539.966
5.27 281.04883 966.52643 21409.193 -28198.4 2520.21 -30718.6 14498.216
5.28 274.05368 1145.5537 21515.289 -28235.4 2457.48 -30692.9 14563.837
5.29 291.67036 -206.58676 21500.993 -28165.3 2615.45 -30780.8 14557.701
5.3 268.58172 -564.90453 21584.291 -28269.9 2408.41 -30678.3 14619.649
5.31 261.8189 22.462063 21406.652 -28409 2347.77 -30756.8 14610.768
5.32 271.10445 -479.11869 21521.614 -28496.2 2431.04 -30927.2 14699.448
5.33 266.72099 -446.0162 21568.089 -28252.2 2391.73 -30644 14694.984
5.34 270.20192 652.75556 21449.575 -28234.4 2422.94 -30657.4 14672.408
5.35 284.79394 334.76476 21453.467 -28145.1 2553.79 -30698.9 14704.935
5.36 275.065 -858.00085 21647.592 -28250.3 2466.55 -30716.9 14837.804
5.37 274.61363 752.3502 21269.511 -28232.3 2462.5 -30694.9 14748.439
5.38 273.39723 880.13629 21504.282 -28333.8 2451.6 -30785.4 14886.455
5.39 273.27619 998.73546 21271.21 -28471.5 2450.51 -30922.1 14800.292
5.4 272.0193 -147.31495 21477.999 -28260.9 2439.24 -30700.1 14913.122
5.41 277.18153 656.4732 21450.935 -28118.1 2485.53 -30603.6 14931.925
5.42 267.33359 432.76419 21453.116 -28439.4 2397.22 -30836.6 14963.991
5.43 270.52749 42.32769 21365.031 -28353.5 2425.86 -30779.3 14956.086
5.44 281.84548 108.13829 21323.092 -28151.4 2527.35 -30678.8 14954.325
5.45 284.80748 1198.1131 21440.47 -28209.8 2553.91 -30763.7 15030.551
5.46 279.78674 304.58729 21541.014 -28261.5 2508.89 -30770.3 15141.356
5.47 271.55015 803.42819 21356.161 -28276.8 2435.03 -30711.8 15075.012
5.48 259.97012 -1114.5709 21688.6 -28291.6 2331.19 -30622.8 15250.606
5.49 282.53354 196.14597 21625.531 -28117 2533.52 -30650.6 15230.784
5.5 266.60581 -490.54598 21513.741 -28368.9 2390.7 -30759.6 15261.097
5.51 275.42601 -167.76562 21444.771 -28239.8 2469.79 -30709.6 15253.352
5.52 275.25956 177.49629 21452.132 -28405.7 2468.3 -30874 15275.419
5.53 268.5417 -226.17151 21425.948 -28196.1 2408.06 -30604.2 15312.171
5.54 264.23365 -1798.2375 21590.593 -28188.1 2369.43 -30557.5 15400.688
5.55 269.17839 -200.86188 21554.215 -28498.7 2413.77 -30912.5 15416.164
5.56 264.55526 436.8049 21543.815 -28395 2372.31 -30767.4 15424.974
5.57 277.34148 -165.30722 21403.349 -28191.8 2486.97 -30678.8 15387.761
5.58 257.34528 -497.62777 21376.286 -28578.1 2307.66 -30885.7 15404.479
5.59 265.09325 77.862838 21688.943 -28497.5 2377.13 -30874.7 15599.203
5.6 275.67804 641.70707 21312.422 -28155.1 2472.05 -30627.2 15435.731
5.61 270.60683 -355.29058 21651.027 -28404.5 2426.57 -30831.1 15655.481
5.62 265.90695 -256.64138 21487.589 -28154.9 2384.43 -30539.3 15554.195
5.63 262.10525 -386.60288 21525.882 -28417.9 2350.34 -30768.3 15622.295
5.64 276.65274 717.61244 21490.079 -28287.1 2480.79 -30767.9 15569.756
5.65 283.39024 -349.05746 21703.588 -28340.3 2541.21 -30881.5 15666.259
5.66 280.30747 -514.72595 21837.433 -28315.9 2513.56 -30829.5 15785.147
5.67 260.68329 -292.44956 21524.857 -28555.7 2337.59 -30893.3 15683.61
5.68 261.88547 -880.90413 21738.183 -28398.8 2348.37 -30747.2 15788.914
5.69 273.57171 -352.85253 21413.531 -28358.5 2453.16 -30811.7 15670.345
5.7 271.94699 -843.17348 21606.922 -28346.6 2438.59 -30785.2 15766.338
5.71 271.42529 395.08477 21368.191 -28376.4 2433.91 -30810.3 15682.467
5.72 274.15262 458.14293 21475.105 -28254 2458.37 -30712.4 15745.236
5.73 262.42896 407.50631 21473.015 -28461.9 2353.24 -30815.1 15782.967
5.74 277.34182 747.7743 21413.291 -28056.9 2486.97 -30543.9 15792.866
5.75 276.71656 -663.28382 21387.674 -28173.5 2481.36 -30654.8 15800.083
5.76 272.73089 -91.061715 21562.785 -28326.1 2445.62 -30771.7 15891.535
5.77 265.79306 99.55453 21548.638 -28407 2383.41 -30790.4 15884.226
5.78 264.6826 369.47123 21470.244 -28123.5 2373.45 -30497 15883.22
5.79 282.97166 -889.99408 21484.149 -28378.3 2537.45 -30915.8 15946.295
5.8 276.32002 808.05022 21371.157 -28110.7 2477.81 -30588.5 15892.399
5.81 279.12101 10.125367 21446.371 -28286.8 2502.92 -30789.8 15927.532
5.82 274.18624 1019.1712 21332.306 -28397 2458.67 -30855.7 15891.97
5.83 268.84025 485.0544 21592.339 -28234 2410.73 -30644.7 16089.346
5.84 252.43679 558.54348 21437.856 -28455.2 2263.64 -30718.8 16084.941
5.85 274.98261 1020.6741 21283.094 -28167.8 2465.81 -30633.6 16056.377
5.86 267.29137 -709.62187 21543.458 -28359.8 2396.84 -30756.6 16246.816
5.87 267.44276 835.3852 21358.846 -28198.8 2398.2 -30597 16216.946
5.88 269.02724 269.83878 21564.075 -28356 2412.41 -30768.4 16360.719
5.89 278.61634 1641.052 21237.133 -28287.9 2498.4 -30786.3 16223.66
5.9 265.13922 -417.98199 21437.39 -28377.4 2377.55 -30755 16352.527
5.91 276.8754 -115.9879 21494.994 -28418.3 2482.79 -30901 16364.278
5.92 274.75708 -270.89606 21547.067 -28235.4 2463.79 -30699.2 16402.117
5.93 264.09925 377.4087 21404.057 -28251.4 2368.22 -30619.7 16378.479
5.94 269.22119 -340.26356 21285.133 -28267 2414.15 -30681.2 16304.74
5.95 265.17866 -328.67774 21595.113 -28456.9 2377.9 -30834.8 16468.34
5.96 280.23878 -690.19416 21863.672 -28238.8 2512.95 -30751.7 16631.298
5.97 258.95301 -27.969762 21431.259 -28371.1 2322.07 -30693.2 16470.504
5.98 273.00602 265.32396 21443.185 -28232.5 2448.09 -30680.6 16528.919
5.99 279.04026 -80.710074 21614.736 -28177.5 2502.2 -30679.7 16616.876
6 273.15032 -69.806398 21300.09 -28433.2 2449.38 -30882.6 16550.875
6.01 270.11365 20.238816 21634.669 -28263.6 2422.15 -30685.8 16707.533
6.02 271.21367 458.84172 21509.618 -28441.5 2432.02 -30873.5 16709.206
6.03 269.46054 -123.36395 21528.676 -28357.1 2416.3 -30773.4 16693.042
6.04 270.95399 160.57138 21656.59 -28160.6 2429.69 -30590.2 16812.599
6.05 258.34421 45.428161 21501.766 -28421.5 2316.61 -30738.1 16736.84
6.06 272.24657 335.37667 21380.284 -28302.5 2441.28 -30743.8 16684.239
6.07 266.94603 -581.75801 21513.384 -28269.7 2393.75 -30663.5 16709.425
6.08 271.39227 198.26641 21518.911 -28269.1 2433.62 -30702.7 16802.748
6.09 264.50286 246.16137 21455.498 -28279.9 2371.84 -30651.8 16789.124
6.1 274.41501 -291.4576 21679.27 -28059.1 2460.72 -30519.9 16904.341
6.11 271.58731 -376.68494 21607.85 -28338.7 2435.37 -30774.1 16934.463
6.12 278.30773 1152.0665 21385.079 -28298.6 2495.63 -30794.3 16868.639
6.13 269.35181 76.447001 21337.813 -28484.7 2415.32 -30900 16885.261
6.14 280.57514 247.50067 21433.522 -28101.1 2515.96 -30617.1 16980.933
6.15 272.88427 -1096.6962 21581.201 -28328 2447 -30775 17163.754
6.16 266.89628 264.22593 21616.957 -28265.6 2393.3 -30658.9 17155.441
6.17 267.37409 69.250009 21477.891 -28377.5 2397.59 -30775.1 17076.396
6.18 270.45738 7.010363 21310.25 -28346.1 2425.23 -30771.3 17028.077
6.19 269.14975 -559.99236 21708.448 -28270.1 2413.51 -30683.6 17316.2
6.2 261.69211 548.25591 21482.864 -28167.9 2346.63 -30514.5 17243.352
6.21 247.20658 -320.56709 21424.662 -28681.2 2216.74 -30898 17269.808
6.22 288.57959 -2046.6162 21861.197 -28170.5 2587.74 -30758.2 17558.974
6.23 272.53871 255.3906 21576.807 -28359.3 2443.9 -30803.2 17416.631
6.24 273.56265 -48.118195 21552.033 -28362.1 2453.08 -30815.2 17436.794
6.25 278.79059 857.90502 21421.77 -28267.4 2499.96 -30767.4 17421.732
6.26 265.02023 -139.74119 21492.374 -28364.4 2376.48 -30740.9 17544.985
6.27 261.17236 502.57542 21504.17 -28421.1 2341.97 -30763.1 17548.009
6.28 273.32156 499.03135 21318.814 -28358.5 2450.92 -30809.4 17497.216
6.29 256.78671 -458.16746 21465.22 -28475.4 2302.65 -30778.1 17622.226
6.3 271.85954 -768.42447 21484.769 -28241.5 2437.81 -30679.3 17649.35
6.31 273.22889 -861.33161 21573.103 -28392.3 2450.09 -30842.4 17693.49
6.32 269.88067 -17.435438 21543.838 -28431.9 2420.06 -30852 17722.816
6.33 278.56684 433.32741 21538.593 -28095.5 2497.95 -30593.5 17721.5
6.34 270.42383 121.55331 21427.277 -28383.7 2424.93 -30808.6 17703.848
6.35 267.03127 671.34693 21309.177 -28234.2 2394.51 -30628.7 17698.371
6.36 271.83189 613.44083 21305.306 -28253.9 2437.56 -30691.5 17751.005
6.37 266.06285 -1072.584 21609.063 -28344 2385.83 -30729.9 17986.084
6.38 267.12354 139.12701 21465.699 -28560.3 2395.34 -30955.6 17993.243
6.39 284.03015 -394.49928 21650.044 -28212.3 2546.94 -30759.3 18104.433
6.4 261.40041 -381.38355 21580.659 -28396.6 2344.02 -30740.6 18064.909
6.41 282.36804 185.63723 21503.047 -28209.2 2532.04 -30741.2 18071.702
6.42 253.7953 -830.81031 21644.148 -28330.3 2275.82 -30606.1 18157.154
6.43 274.44037 845.82639 21290.316 -28374.3 2460.95 -30835.2 18030.136
6.44 272.03559 -1090.8714 21706.151 -28346.2 2439.39 -30785.6 18280.331
6.45 264.35184 -34.624262 21487.809 -28465.9 2370.48 -30836.4 18129.631
6.46 264.86393 -723.87723 21534.373 -28471.8 2375.08 -30846.9 18189.334
6.47 271.91502 915.72533 21301.596 -28382 2438.31 -30820.3 18147.162
6.48 279.48816 -1137.3827 21770.171 -28329.2 2506.21 -30835.4 18483.303
6.49 254.34032 -46.076867 21618.593 -28382.1 2280.71 -30662.8 18422.149
6.5 263.95376 474.95699 21555.677 -28417.8 2366.92 -30784.7 18366.658
6.51 270.77818 119.66561 21464.736 -28181.6 2428.11 -30609.7 18355.577
6.52 275.54838 -394.71063 21535.082 -28385.5 2470.89 -30856.4 18422.621
6.53 272.94659 657.4483 21484.573 -28213.1 2447.56 -30660.6 18451.487
6.54 263.48449 482.45523 21339.179 -28305.1 2362.71 -30667.8 18354.988
6.55 259.93373 514.7428 21417.255 -28446.6 2330.87 -30777.5 18446.102
6.56 278.40497 -657.8686 21572.911 -28252.9 2496.5 -30749.4 18587.803
6.57 272.43873 -354.3506 21700.978 -28279.4 2443 -30722.4 18659.738
6.58 276.7187 -14.027718 21541.237 -28253.5 2481.38 -30734.9 18601.827
6.59 263.27642 -679.38179 21627.334 -28299.6 2360.84 -30660.4 18681.473
6.6 267.1291 -318.84908 21455.097 -28567.3 2395.39 -30962.7 18586.49
6.61 264.57523 27.005582 21490.014 -28374.9 2372.49 -30747.4 18607.528
6.62 276.02854 -174.19141 21505.783 -28255.1 2475.19 -30730.3 18636.82
6.63 275.90832 -18.357678 21642.042 -28170.5 2474.11 -30644.6 18675.48
6.64 282.38146 -815.89827 21683.405 -28329.4 2532.16 -30861.6 18725.242
6.65 274.41804 -240.18466 21364.942 -28185.2 2460.75 -30645.9 18580.939
6.66 270.24104 -669.73599 21498.399 -28439.9 2423.29 -30863.2 18641.884
6.67 261.61514 -471.29626 21589.618 -28551.2 2345.94 -30897.2 18685.817
6.68 272.10539 -956.79883 21618.089 -28312.6 2440.01 -30752.6 18692.085
6.69 264.26495 -13.69986 21344.705 -28362.1 2369.71 -30731.8 18566.246
6.7 279.04535 -197.11763 21612.244 -28191.5 2502.24 -30693.7 18813.439
6.71 271.8762 -125.04515 21720.582 -28311.1 2437.96 -30749.1 18898.706
6.72 264.76687 -611.372 21617.857 -28413.5 2374.21 -30787.7 18890.111
6.73 276.84795 716.85995 21319.724 -28221.2 2482.54 -30703.8 18759.804
6.74 272.61028 1047.9907 21256.651 -28158.9 2444.54 -30603.5 18749.343
6.75 249.22495 -298.68404 21408.811 -28394.8 2234.84 -30629.7 18845.758
6.76 269.07078 293.39073 21319.667 -28278.8 2412.8 -30691.6 18780.138
6.77 267.48421 223.22157 21255.538 -28305.4 2398.57 -30704 18807.073
6.78 278.88012 -324.2585 21554.219 -28211.7 2500.76 -30712.5 19046.716
6.79 269.37062 196.44661 21605.36 -28239.8 2415.49 -30655.3 19110.207
6.8 275.89429 -863.51939 21587.527 -28292.7 2473.99 -30766.7 19088.916
6.81 278.71666 188.91564 21360.809 -28283.9 2499.3 -30783.2 19028.308
6.82 272.35376 -324.37695 21389.996 -28458.7 2442.24 -30900.9 19019.707
6.83 270.50416 778.78374 21502.612 -28138.3 2425.65 -30564 19095.005
6.84 277.22136 -349.11538 21562.45 -28422.4 2485.89 -30908.3 19159.978
6.85 267.23792 208.76876 21342.726 -28376.8 2396.36 -30773.2 19090.545
6.86 270.03013 823.60295 21656.577 -28357 2421.4 -30778.4 19303.551
6.87 263.02254 -5.5103052 21605.922 -28483.7 2358.56 -30842.3 19327.421
6.88 276.96682 -95.920036 21399.254 -28184 2483.61 -30667.6 19228.221
6.89 278.11013 473.96627 21373.427 -28502.7 2493.86 -30996.5 19193.963
6.9 277.08421 -1164.5114 21906.424 -28223.3 2484.66 -30708 19588.995
6.91 278.14841 849.74914 21409.335 -28107.6 2494.2 -30601.8 19302.676
6.92 274.5812 -363.19455 21484.637 -28208.4 2462.21 -30670.6 19374.784
6.93 260.66645 -523.36786 21732.346 -28535.1 2337.44 -30872.6 19553.46
6.94 280.14417 -800.78237 21539.235 -28213.9 2512.1 -30726 19451.096
6.95 265.14874 -202.36752 21444.896 -28521.4 2377.63 -30899 19503.937
6.96 270.10589 -105.65033 21697.649 -28309.3 2422.08 -30731.4 19702.118
6.97 272.5697 488.02496 21366.201 -28425.3 2444.18 -30869.5 19538.19
6.98 283.97693 -45.452307 21566.684 -28162.5 2546.47 -30709 19686.606
6.99 281.1454 -199.17609 21447.76 -28257.3 2521.08 -30778.4 19610.623
7 281.91923 -141.63137 21481.653 -28159.2 2528.01 -30687.2 19661.593
7.01 266.4644 89.833483 21454.895 -28208.5 2389.43 -30597.9 19679.085
7.02 257.29214 99.456266 21426.434 -28364.3 2307.18 -30671.5 19662.761
7.03 280.80739 148.31397 21410.592 -28076.5 2518.04 -30594.6 19653.654
7.04 276.28197 537.08577 21346.51 -28206.6 2477.46 -30684.1 19623.289
7.05 261.1358 -578.22963 21412.344 -28409.9 2341.65 -30751.5 19693.207
7.06 268.61419 -12.665829 21550.709 -28285 2408.71 -30693.7 19800.263
7.07 281.60533 920.3211 21556.267 -28262.3 2525.2 -30787.5 19834.582
7.08 282.31897 487.2759 21492.637 -28097.8 2531.6 -30629.4 19753.29
7.09 254.72812 458.91034 21417.938 -28491.5 2284.19 -30775.7 19738.249
7.1 287.07108 191.39894 21497.83 -28196.6 2574.21 -30770.8 19856.073
7.11 271.04697 379.27754 21435.097 -28466.1 2430.52 -30896.6 19810.109
7.12 275.69897 -432.0033 21604.886 -28253.3 2472.24 -30725.5 19911.347
7.13 262.19435 627.17935 21267.744 -28414.5 2351.14 -30765.7 19698.979
7.14 283.63391 -398.05158 21626.765 -28199.2 2543.39 -30742.6 19881.438
7.15 271.11741 323.23179 21458.159 -28303 2431.15 -30734.2 19752.698
7.16 275.16754 116.1497 21484.075 -28334.5 2467.47 -30802 19751.415
7.17 271.66533 -541.54713 21661.82 -28232.8 2436.07 -30668.8 19949.667
7.18 258.36513 875.79406 21346.496 -28661.7 2316.8 -30978.5 19740.656
7.19 268.1904 377.14427 21539.169 -28255.3 2404.91 -30660.2 19896.583
7.2 270.38308 248.97403 21595.005 -28332.7 2424.57 -30757.3 19972.365
7.21 249.76051 -367.24562 21713.432 -28345 2239.64 -30584.7 19978.037
7.22 268.53844 585.41433 21295.806 -28417.4 2408.03 -30825.4 19776.427
7.23 282.29458 -161.88779 21476.486 -28246.7 2531.38 -30778.1 19924.294
7.24 272.09511 -668.77174 21498.754 -28521.9 2439.92 -30961.8 19946.272
7.25 274.40623 -492.66604 21416.507 -28299.8 2460.64 -30760.5 20006.897
7.26 280.01651 88.540844 21333.043 -28332 2510.95 -30843 19945.443
7.27 267.03572 -249.54143 21721.226 -28375.7 2394.55 -30770.3 20218.61
7.28 276.34224 516.86368 21594.839 -28453.3 2478 -30931.3 20214.609
7.29 285.42129 -175.74331 21606.213 -28107.2 2559.42 -30666.6 20259.195
7.3 274.34719 212.77077 21459.933 -28328.3 2460.11 -30788.4 20186.496
7.31 271.7445 76.986991 21416 -28490.4 2436.78 -30927.2 20182.789
7.32 269.3108 -199.03929 21469.56 -28346.1 2414.95 -30761 20224.005
7.33 266.64569 157.60594 21415.51 -28384.9 2391.05 -30775.9 20206.874
7.34 270.28766 -395.90353 21490.17 -28396.1 2423.71 -30819.8 20275.326
7.35 278.96552 -333.37087 21379.461 -28307.2 2501.53 -30808.8 20217.533
7.36 259.65009 608.75585 21496.615 -28468.5 2328.32 -30796.8 20277.683
7.37 285.23632 -155.79944 21377.775 -28192.5 2557.76 -30750.3 20246.563
7.38 269.37971 -526.80609 21673.968 -28462.6 2415.57 -30878.2 20383.075
7.39 261.48684 176.27179 21348.776 -28523.7 2344.79 -30868.5 20233.589
7.4 275.47708 -422.85572 21662.389 -28401.6 2470.25 -30871.8 20480.484
7.41 288.5242 694.91376 21340.773 -28211.8 2587.24 -30799 20337.874
7.42 253.32435 47.495148 21535.787 -28291.1 2271.6 -30562.7 20443.603
7.43 262.22063 301.73702 21326.852 -28550.7 2351.37 -30902.1 20293.972
7.44 270.08306 564.9187 21492.316 -28299.9 2421.88 -30721.8 20442.727
7.45 264.76594 -638.89539 21647.149 -28289.4 2374.2 -30663.6 20627.81
7.46 259.5152 315.57184 21352.335 -28351.8 2327.11 -30678.9 20504.761
7.47 262.15388 1004.8098 21371.213 -28415.3 2350.78 -30766.1 20498.17
7.48 273.16669 -328.60351 21688.084 -28115.8 2449.53 -30565.3 20684.11
7.49 264.61128 -96.171754 21657.787 -28244.1 2372.81 -30616.9 20649.947
7.5 270.46977 -245.4272 21569.393 -28396.7 2425.35 -30822 20632.687
7.51 280.59112 -549.07739 21432.11 -28180.5 2516.11 -30696.6 20591.52
7.52 267.52071 -630.13457 21551.828 -28229.1 2398.9 -30628 20700.708
7.53 275.13853 -190.74867 21570.356 -28329.5 2467.21 -30796.7 20747.742
7.54 265.55951 -526.14613 21586.421 -28293 2381.31 -30674.3 20749.143
7.55 280.23181 42.486279 21544.117 -28254.1 2512.88 -30767 20731.414
7.56 258.04042 -873.34083 21586.738 -28296.3 2313.89 -30610.2 20727.389
7.57 262.65875 536.17369 21701.117 -28181.2 2355.3 -30536.5 20857.602
7.58 278.63713 162.0813 21516.54 -28408.2 2498.58 -30906.8 20758.78
7.59 280.88139 901.06232 21363.792 -28144.1 2518.71 -30662.8 20714.273
7.6 257.10363 -559.28556 21344.121 -28457.2 2305.49 -30762.7 20776.203
7.61 276.26515 -242.64882 21521.063 -28009.8 2477.31 -30487.2 21007.218
7.62 273.98435 -22.141181 21627.838 -28384.6 2456.86 -30841.5 21105.597
7.63 265.82181 -548.22846 21619.283 -28339.4 2383.67 -30723.1 21088.111
7.64 272.90886 -406.9083 21781.821 -28212.7 2447.22 -30660 21175.59
7.65 282.99735 215.60951 21648.974 -28099.9 2537.68 -30637.6 21091.756
7.66 268.59156 -827.0252 21570.002 -28386 2408.5 -30794.5 21100.464
7.67 286.73084 -35.016796 21390.645 -28178.2 2571.16 -30749.4 20992.042
7.68 263.53926 -253.8057 21430.36 -28496.7 2363.2 -30859.9 21023.183
7.69 275.31837 246.713 21376.463 -28307.9 2468.82 -30776.7 21004.845
7.7 277.92896 -582.69343 21797.275 -28038 2492.23 -30530.2 21316.649
7.71 266.66953 808.21938 21389.403 -28209.8 2391.27 -30601.1 21077.617
7.72 271.62717 10.634977 21543.498 -28253.3 2435.72 -30689 21207.463
7.73 282.97839 -26.852437 21491.531 -28116.1 2537.51 -30653.7 21159.094
7.74 265.11938 103.80326 21592.931 -28356.6 2377.37 -30734 21249.983
7.75 282.65935 187.87433 21560.399 -28194.5 2534.65 -30729.2 21267.305
7.76 270.36776 -531.25625 21450.629 -28334.4 2424.43 -30758.8 21243.325
7.77 275.65038 -101.87918 21506.014 -28171.3 2471.8 -30643.1 21283.645
7.78 266.05573 310.90714 21528.18 -28426.2 2385.76 -30812 21354.396
7.79 274.33116 -219.80679 21597.604 -28324 2459.97 -30783.9 21442.519
7.8 283.35564 -646.67144 21566.055 -28165.6 2540.9 -30706.5 21473.401
7.81 279.84848 640.03965 21383.462 -28337.3 2509.45 -30846.7 21347.823
7.82 268.63558 -99.598609 21486.963 -28286.7 2408.9 -30695.6 21464.808
7.83 268.17856 -641.95193 21506.878 -28501.4 2404.8 -30906.2 21528.662
7.84 270.82675 1046.7479 21602.333 -28484.4 2428.55 -30912.9 21605.354
7.85 267.85583 -381.63905 21600.468 -28310.4 2401.91 -30712.3 21594.834
7.86 276.17099 661.01333 21335.503 -28467.5 2476.47 -30943.9 21444.735
7.87 275.41049 166.37238 21389.87 -28370.7 2469.65 -30840.3 21507.211
7.88 267.27826 -248.69902 21668.423 -28381.7 2396.73 -30778.4 21671.97
7.89 270.55539 453.82428 21575.154 -28175.3 2426.11 -30601.4 21568.926
7.9 282.12585 294.99813 21450.632 -28456.7 2529.87 -30986.5 21567.607
7.91 247.15714 -258.15805 21517.532 -28606.2 2216.3 -30822.5 21648.202
7.92 272.80668 1064.3609 21324.582 -28176.6 2446.3 -30622.9 21480.515
7.93 260.60956 -154.62466 21367.872 -28521.6 2336.93 -30858.5 21574.697
7.94 269.32692 486.16804 21503.98 -28264.8 2415.1 -30679.9 21672.639
7.95 283.21526 -95.500757 21788.863 -28263.6 2539.64 -30803.2 21909.327
7.96 272.30563 867.98721 21316.552 -28339.6 2441.81 -30781.4 21598.862
7.97 266.02647 250.29669 21460.673 -28420.7 2385.5 -30806.2 21773.282
7.98 266.46527 -499.60867 21384.707 -28220 2389.44 -30609.4 21760.096
7.99 260.07935 -361.12885 21568.118 -28218.9 2332.17 -30551 21901.576
8 261.1854 106.54586 21380.736 -28328.3 2342.09 -30670.4 21808.339
8.01 281.39026 -159.30603 21549.997 -28097.6 2523.27 -30620.9 21893.283
8.02 273.24118 -78.153629 21460.045 -28216.1 2450.2 -30666.3 21876.544
8.03 275.17422 127.49365 21322.786 -28273.5 2467.53 -30741.1 21799.321
8.04 269.30659 -357.48044 21497.758 -28230.8 2414.92 -30645.8 21897.251
8.05 257.1719 -533.37173 21651.858 -28610 2306.1 -30916.1 21992.947
8.06 256.0091 203.27822 21422.397 -28403.1 2295.67 -30698.8 21921.228
8.07 267.13581 -747.17163 21708.044 -28201.3 2395.45 -30596.8 22157.187
8.08 268.16901 -358.76331 21479.683 -28352.4 2404.71 -30757.1 22044.633
8.09 265.47335 43.105553 21454.197 -28527.1 2380.54 -30907.6 22035.656
8.1 262.04646 -150.32024 21449.462 -28413 2349.81 -30762.8 22059.609
8.11 275.63693 105.49846 21439.034 -28296.4 2471.68 -30768.1 22068.838
8.12 271.62082 676.22266 21419.329 -28325.7 2435.67 -30761.4 21995.181
8.13 278.637 -263.82666 21490.211 -28150.4 2498.58 -30649 22088.674
8.14 277.73861 -153.13692 21473.63 -28292.4 2490.53 -30782.9 22143.556
8.15 289.90437 -707.55514 21745.221 -27907.1 2599.62 -30506.7 22326.628
8.16 263.8753 328.14866 21562.027 -28473.8 2366.21 -30840 22219.604
8.17 274.1768 857.5315 21294.109 -28184 2458.59 -30642.6 22000.722
8.18 265.31677 -855.57187 21618.515 -28222.4 2379.14 -30601.5 22274.498
8.19 272.06846 -361.68081 21501.847 -28239.9 2439.68 -30679.6 22161.323
8.2 269.25658 -338.20191 21715.436 -28469.8 2414.47 -30884.3 22398.564
8.21 266.00421 -101.81601 21526.039 -28535.6 2385.3 -30920.9 22311.392
8.22 266.32241 337.43447 21443.294 -28267 2388.16 -30655.1 22315.434
8.23 263.37324 671.77497 21510.534 -28358.4 2361.71 -30720.1 22498.174
8.24 273.31241 41.560537 21413.245 -28438.3 2450.84 -30889.1 22502.95
8.25 273.73681 17.428545 21403.403 -28309.7 2454.64 -30764.3 22485.858
8.26 266.14715 656.44597 21389.779 -28225.2 2386.58 -30611.8 22509.314
8.27 263.93072 -127.24103 21586.415 -28356.5 2366.71 -30723.2 22670.48
8.28 269.32217 660.45329 21318.5 -28365.6 2415.05 -30780.6 22569.535
8.29 278.05267 551.01197 21414.644 -28385 2493.34 -30878.3 22667.197
8.3 277.29326 -911.04126 21800.013 -28151.8 2486.53 -30638.3 22956.3
8.31 280.88693 286.47139 21247.812 -28261.9 2518.76 -30780.7 22627.307
8.32 278.03776 474.28873 21431.947 -28278.6 2493.21 -30771.8 22792.266
8.33 268.27006 -625.47252 21585.188 -28459.3 2405.62 -30864.9 22948.937
8.34 275.48453 251.56736 21286.56 -28432.9 2470.31 -30903.2 22789.142
8.35 280.41841 -336.043 21800.687 -28186.7 2514.56 -30701.3 23217.28
8.36 271.76477 116.27652 21382.143 -28329 2436.96 -30765.9 22973.546
8.37 286.63157 1154.3695 21344.723 -28214.9 2570.27 -30785.2 22991.002
8.38 268.78585 -404.13011 21446.778 -28469 2410.25 -30879.2 23086.595
8.39 286.36841 -113.38063 21518.214 -28262.7 2567.91 -30830.7 23127.641
8.4 288.0196 414.44538 21523.328 -28169.2 2582.72 -30751.9 23122.449
8.41 273.70097 522.76857 21392.2 -28266.3 2454.32 -30720.6 23069.764
8.42 269.64968 322.22124 21222.692 -28478 2417.99 -30896 22967.296
8.43 278.81682 499.67135 21343.717 -28151.7 2500.19 -30651.9 23090.31
8.44 277.6595 585.87416 21475.428 -28185.9 2489.82 -30675.7 23203.122
8.45 255.46432 -464.03311 21376.898 -28510.8 2290.79 -30801.6 23216.151
8.46 282.69018 -850.0104 21645.962 -28181.2 2534.93 -30716.2 23390.921
8.47 270.11913 -334.58891 21455.503 -28393.4 2422.2 -30815.6 23286.99
8.48 268.17814 -605.7349 21653.765 -28421.3 2404.8 -30826.1 23498.099
8.49 281.05125 -1012.1455 21636.43 -28050.5 2520.23 -30570.7 23459.147
8.5 269.28959 1467.9273 21291.177 -28330.5 2414.76 -30745.3 23232.74
8.51 273.08364 50.89321 21493.163 -28446.8 2448.78 -30895.6 23392.962
8.52 276.27859 -644.03066 21734.081 -28140.8 2477.43 -30618.2 23588.659
8.53 263.58634 -121.66949 21492.325 -28382.9 2363.62 -30746.5 23381.467
8.54 280.27695 -254.79241 21626.762 -28121.6 2513.29 -30634.9 23459.383
8.55 282.65179 147.91997 21505.662 -28183.3 2534.58 -30717.9 23392.747
8.56 260.08216 1092.8907 21454.236 -28281.6 2332.2 -30613.8 23389.098
8.57 272.65402 14.197478 21489.576 -28281.8 2444.93 -30726.8 23460.621
8.58 274.55773 -586.8306 21661.693 -28225.1 2462 -30687.2 23606.068
8.59 261.72122 -478.60891 21519.378 -28373.5 2346.9 -30720.4 23522.099
8.6 293.01144 727.03177 21464.948 -28147.8 2627.48 -30775.3 23500.577
8.61 259.10936 -581.7562 21539.6 -28300.9 2323.47 -30624.4 23569.708
8.62 252.91867 -333.08626 21537.474 -28448.5 2267.96 -30716.5 23626.151
8.63 267.02344 513.56003 21424.356 -28417.3 2394.44 -30811.8 23534.037
8.64 272.70191 719.48284 21238.631 -28388.3 2445.36 -30833.7 23353.213
8.65 276.40642 327.48969 21271.961 -28205.6 2478.58 -30684.2 23327.21
8.66 267.78807 967.93609 21434.542 -28381.3 2401.3 -30782.6 23472.7
8.67 274.40743 419.50795 21358.196 -28142.3 2460.66 -30602.9 23458.905
8.68 268.4556 -206.37481 21482.193 -28372.1 2407.28 -30779.4 23540.083
8.69 277.5179 1435.6326 21215.682 -28113.8 2488.55 -30602.3 23311.892
8.7 265.16973 -1219.6598 21597.718 -28281.6 2377.82 -30659.4 23588.233
8.71 276.37691 -51.982503 21559.786 -28086 2478.32 -30564.3 23603.818
8.72 261.75057 270.36254 21504.601 -28388.4 2347.16 -30735.6 23534.157
8.73 268.11282 106.85809 21600.438 -28218.8 2404.21 -30623 23664.948
8.74 278.01782 -81.069659 21638.631 -28256.7 2493.03 -30749.7 23708.862
8.75 257.69028 -42.380455 21421.294 -28409 2310.75 -30719.8 23521.814
8.76 268.06836 206.6712 21387.206 -28334.6 2403.81 -30738.4 23538.7
8.77 286.84634 -253.5724 21497.25 -27998.2 2572.2 -30570.4 23631.271
8.78 271.31031 -13.559793 21632.596 -28269.7 2432.88 -30702.6 23750.756
8.79 282.64539 155.98903 21397.199 -28216.4 2534.53 -30751 23591.561
8.8 259.38326 -716.8891 21495.25 -28516 2325.93 -30841.9 23653.226
8.81 264.07578 198.39508 21377.534 -28260.8 2368.01 -30628.8 23529.906
8.82 280.60734 843.48389 21480.198 -28099.6 2516.25 -30615.9 23631.764
8.83 266.04828 134.51661 21510.444 -28400.9 2385.7 -30786.6 23702.441
8.84 254.76776 383.33526 21480.532 -28387.1 2284.54 -30671.7 23733.191
8.85 287.13953 8.7594021 21413.604 -28097.9 2574.83 -30672.8 23597.319
8.86 262.82986 -311.79181 21529.351 -28328.4 2356.84 -30685.2 23689.934
8.87 278.3794 -967.683 21712.859 -28111.2 2496.27 -30607.5 23882.797
8.88 273.14444 251.8921 21653.226 -28281.5 2449.33 -30730.9 23844.353
8.89 261.44859 -31.776814 21576.279 -28066.3 2344.45 -30410.7 23815.094
8.9 272.63759 -197.06581 21599.42 -28343.8 2444.78 -30788.6 23830.589
8.91 264.8167 -58.654358 21525.83 -28340.1 2374.65 -30714.7 23836.394
8.92 268.37671 122.05637 21630.619 -28228.6 2406.58 -30635.2 23990.648
8.93 275.94563 -243.41137 21680.947 -28271.7 2474.45 -30746.2 24032.306
8.94 264.05511 -468.29431 21659.956 -28215.5 2367.82 -30583.4 24010.059
8.95 269.69432 -473.26622 21637.31 -28382.5 2418.39 -30800.9 24026.391
8.96 278.08228 299.68988 21499.107 -28129.4 2493.61 -30623 23939.798
8.97 272.80184 891.66724 21318.269 -28361.8 2446.26 -30808.1 23945.482
8.98 286.70058 -901.64884 21832.238 -27947.6 2570.89 -30518.5 24377.351
8.99 265.50425 282.92466 21464.635 -28289.6 2380.82 -30670.4 24169.008
9 274.90851 63.514766 21553.31 -28286.7 2465.15 -30751.8 24283.059
9.01 287.42078 -219.82806 21598.53 -28236 2577.35 -30813.3 24316.919
9.02 258.27658 -618.86418 21705.38 -28542 2316.01 -30858 24392.169
9.03 266.11139 -637.33503 21622.272 -28439.1 2386.26 -30825.4 24341.51
9.04 264.20458 1093.4563 21499.615 -28284.6 2369.16 -30653.7 24280.039
9.05 256.02505 -92.228777 21600.795 -28589.5 2295.82 -30885.3 24368.443
9.06 275.36133 -186.89967 21509.665 -28376.1 2469.21 -30845.3 24259.183
9.07 278.27513 422.974 21495.209 -28050.4 2495.34 -30545.8 24293.523
9.08 289.26801 -405.97029 21642.065 -28195.3 2593.91 -30789.2 24399.921
9.09 262.85037 -818.25073 21397.992 -28252.2 2357.02 -30609.3 24197.266
9.1 275.84108 -1228.8258 21657.881 -28289.5 2473.51 -30763 24413.962
9.11 278.1862 817.65895 21504.679 -28137.2 2494.54 -30631.8 24309.508
9.12 260.50727 -1016.3999 21447.598 -28433 2336.01 -30769 24305.984
9.13 285.68158 65.000347 21411.306 -28206.7 2561.75 -30768.5 24303.533
9.14 267.5161 220.0891 21673.576 -28222.9 2398.86 -30621.7 24514.303
9.15 261.63044 445.51392 21512.857 -28345.1 2346.08 -30691.2 24408.452
9.16 265.37182 -273.33343 21438.371 -28517.4 2379.63 -30897 24436.469
9.17 268.78389 -956.1124 21632.794 -28263.1 2410.23 -30673.3 24620.114
9.18 277.04262 158.24818 21492.805 -28265.8 2484.29 -30750 24547.446
9.19 255.37189 -678.03599 21705.737 -28611.8 2289.96 -30901.8 24775.395
9.2 262.55597 -1190.2614 21674.848 -28388.4 2354.38 -30742.7 24716.263
9.21 257.94408 665.32039 21353.311 -28403.8 2313.03 -30716.8 24541.839
9.22 272.74599 -1332.4362 21776.716 -28280.2 2445.76 -30726 24868.075
9.23 279.25242 -398.7395 21605.376 -28458 2504.1 -30962.1 24711.281
9.24 261.98412 -382.94193 21564.995 -28105.7 2349.25 -30455 24758.088
9.25 264.62078 466.24723 21322.512 -28289.6 2372.9 -30662.5 24582.53
9.26 273.8249 -1084.7667 21690.881 -28419.6 2455.43 -30875 24951.987
9.27 291.14289 1077.3344 21580.161 -27985.4 2610.72 -30596.1 24866.699
9.28 271.15737 16.597901 21370.36 -28380.7 2431.51 -30812.2 24665.02
9.29 277.43395 245.76076 21604.312 -28326.5 2487.79 -30814.2 24827.134
9.3 280.49323 772.6356 21516.803 -28196.2 2515.23 -30711.5 24731.686
9.31 274.1521 64.683224 21613.895 -28334.7 2458.37 -30793 24847.258
9.32 284.32222 132.03233 21430.214 -28315.8 2549.56 -30865.3 24717.83
9.33 279.3553 101.18188 21549.117 -28153.8 2505.02 -30658.9 24890.684
9.34 270.72538 246.25747 21535.682 -28262.4 2427.64 -30690 24849.636
9.35 261.08422 -195.86014 21527.865 -28432.8 2341.18 -30774 24890.673
9.36 259.46566 206.21363 21276.225 -28396.2 2326.67 -30722.9 24728.04
9.37 271.91621 -1369.6677 21536.062 -28079.3 2438.32 -30517.6 24905.632
9.38 273.89426 -1121.4736 21501.649 -28312.2 2456.05 -30768.2 24863.466
9.39 265.76932 260.55335 21613.399 -28213.1 2383.2 -30596.3 24952.66
9.4 270.12768 -50.780658 21598.319 -28325.1 2422.28 -30747.3 24949.584
9.41 256.11533 -397.5088 21653.269 -28464.7 2296.63 -30761.3 25011.963
9.42 272.84386 -36.631533 21375.86 -28377.5 2446.63 -30824.1 24799.865
9.43 266.72406 152.53102 21595.614 -28291.6 2391.76 -30683.4 24977.23
9.44 264.12886 673.69328 21213.14 -28566.6 2368.49 -30935.1 24712.051
9.45 264.8145 261.23219 21358.091 -28414.1 2374.63 -30788.8 24893.588
9.46 276.04062 -230.5424 21350.415 -28219.5 2475.3 -30694.8 24950.87
9.47 267.81426 950.28095 21458.592 -28354.3 2401.53 -30755.8 25107.837
9.48 273.36781 104.43438 21419.577 -28274.3 2451.33 -30725.6 25152.964
9.49 266.99496 721.81789 21285.004 -28437.8 2394.19 -30831.9 25037.828
9.5 278.14765 328.68114 21696.71 -28300 2494.19 -30794.2 25360.743
9.51 278.42701 365.08649 21409.376 -28214.2 2496.7 -30710.9 25174.154
9.52 265.87746 -857.90421 21538.502 -28259.8 2384.17 -30643.9 25278.908
9.53 265.17088 805.42063 21459.93 -28377.3 2377.83 -30755.1 25196.481
9.54 275.52047 -705.04812 21681.296 -28233.4 2470.64 -30704.1 25452.101
9.55 263.6 110.48689 21613.849 -28544.6 2363.74 -30908.3 25408.391
9.56 289.92351 136.49785 21526.248 -28264 2599.79 -30863.8 25394.286
9.57 261.63417 -638.77028 21561.058 -28465.7 2346.12 -30811.8 25454.26
9.58 278.15188 -435.0337 21392.42 -28184.5 2494.23 -30678.7 25358.484
9.59 277.78238 526.4283 21411.496 -28234.2 2490.92 -30725.1 25395.924
9.6 266.0085 -15.581204 21583.8 -28334.7 2385.34 -30720 25588.969
9.61 287.52094 -662.12018 21738.063 -28070 2578.25 -30648.3 25706.354
9.62 267.81522 -420.97566 21598.604 -28426.1 2401.54 -30827.6 25678.911
9.63 257.20851 -299.76583 21637.882 -28423.7 2306.43 -30730.2 25672.53
9.64 286.46045 -596.01225 21470.645 -28266.6 2568.74 -30835.3 25534.513
9.65 278.72926 534.04871 21562.868 -28115.2 2499.41 -30614.7 25599.248
9.66 266.41999 207.04059 21701.968 -28256.2 2389.03 -30645.2 25741.623
9.67 256.17358 -1103.7704 21592.426 -28316.2 2297.15 -30613.4 25671.934
9.68 277.83149 -74.483998 21491.418 -28204 2491.36 -30695.3 25582.897
9.69 252.96212 -438.35945 21435.845 -28422.9 2268.35 -30691.3 25609.84
9.7 270.23847 -904.19037 21638.235 -28419.5 2423.27 -30842.8 25835.301
9.71 283.61021 -612.28304 21731.591 -28175.3 2543.18 -30718.5 25943.841
9.72 273.59957 -1256.3563 21934.331 -28361.4 2453.41 -30814.8 26172.625
9.73 268.29818 23.891062 21487.42 -28424.4 2405.87 -30830.3 25812.303
9.74 262.51462 552.2374 21427.357 -28244.7 2354.01 -30598.7 25847.91
9.75 262.8944 -566.42362 21632.646 -28506 2357.42 -30863.4 26046.128
9.76 255.79057 813.39686 21341.034 -28264.4 2293.71 -30558.1 25815.558
9.77 268.12031 -1060.6709 21642.56 -28131.5 2404.28 -30535.8 26042.577
9.78 268.94389 -539.68818 21673.521 -28235.7 2411.66 -30647.3 26112.281
9.79 283.59679 254.30165 21411.246 -28163.7 2543.06 -30706.8 25909.226
9.8 246.2973 -562.93137 21527.613 -28602.1 2208.59 -30810.7 25981.116
9.81 276.48539 518.01028 21443.593 -28229.1 2479.29 -30708.4 25932.998
9.82 273.75997 -547.46842 21723.176 -28367.9 2454.85 -30822.7 26139.767
9.83 269.6208 677.35365 21414.239 -28458.9 2417.73 -30876.6 25876.959
9.84 260.16505 171.13708 21368.943 -28297.6 2332.94 -30630.6 25826.308
9.85 261.34301 546.74223 21545.547 -28231.1 2343.5 -30574.6 25908.875
9.86 262.99115 -370.42311 21505.989 -28324.7 2358.28 -30683 25922.231
9.87 275.65312 227.5665 21519.312 -28248.7 2471.83 -30720.5 25975.933
9.88 255.94635 65.059985 21393.898 -28483.1 2295.11 -30778.2 25905.336
9.89 272.64119 -414.69698 21565.51 -28214.1 2444.82 -30658.9 26048.5
9.9 280.55871 307.74988 21510.7 -28159 2515.81 -30674.8 25984.225
9.91 250.29332 352.72428 21426.322 -28378.9 2244.42 -30623.3 25974.406
9.92 274.39909 -519.68489 21473.758 -28138.7 2460.58 -30599.3 26010.533
9.93 274.55075 838.94602 21482.093 -28291.5 2461.94 -30753.5 26042.71
9.94 264.98546 -668.44096 21676.594 -28428.9 2376.17 -30805.1 26254.928
9.95 266.2106 835.08549 21403.779 -28267.2 2387.15 -30654.4 26054.723
9.96 281.5343 488.99211 21492.237 -28118.7 2524.56 -30643.3 26140.847
9.97 271.03268 137.28841 21546.966 -28311.5 2430.39 -30741.9 26185.862
9.98 261.66881 -127.31521 21503.446 -28381.5 2346.43 -30728 26160.08
