0 272.42423 -294.62313 46249.427 -63305.5 5181.33 -68486.9 10.636822
0.01 272.63535 -143.45725 46247.586 -63420.1 5185.35 -68605.4 23.549735
0.02 275.4327 723.78078 46160.152 -63488.5 5238.55 -68727 32.477471
0.03 278.44134 63.55907 46220.694 -63714.4 5295.77 -69010.1 41.667246
0.04 265.39014 -90.637082 46407.239 -64249 5047.55 -69296.5 49.779579
0.05 258.68966 -71.565863 46546.531 -64552.7 4920.11 -69472.8 54.385976
0.06 272.8975 -53.007989 46511.644 -64425.5 5190.33 -69615.9 59.894472
0.07 270.69772 -189.59985 46478.096 -64712.6 5148.5 -69861.1 66.255481
0.08 271.60556 -284.11961 46600.255 -64459 5165.76 -69624.7 71.74458
0.09 278.9201 346.93353 46283.165 -64397 5304.88 -69701.9 78.083251
0.1 266.71113 -419.92059 46803.262 -64329.2 5072.67 -69401.8 83.948144
0.11 267.6861 -241.25517 46492.849 -64584.1 5091.22 -69675.3 89.774087
0.12 276.47352 444.12041 46182.639 -64354.6 5258.35 -69612.9 93.875979
0.13 266.92612 -92.908619 46398.276 -64225.7 5076.76 -69302.4 99.971421
0.14 270.07014 -474.43207 46511.704 -64300.5 5136.56 -69437.1 106.06212
0.15 262.61717 55.540465 46270.594 -64033.6 4994.81 -69028.4 111.94657
0.16 276.55565 212.76203 46360.066 -64458.9 5259.91 -69718.8 118.9269
0.17 273.88617 437.21738 46196.071 -64071.4 5209.14 -69280.5 126.3704
0.18 267.93726 -66.108139 46613.298 -64524.4 5095.99 -69620.4 132.05617
0.19 268.88901 715.48431 46015.881 -64244.1 5114.1 -69358.2 135.45787
0.2 268.71143 -62.915813 46622.283 -64714.1 5110.72 -69824.8 141.66106
0.21 274.30958 600.94397 46120.26 -64376.4 5217.19 -69593.6 146.55581
0.22 262.7339 -59.867055 46367.421 -64413.9 4997.03 -69410.9 150.34264
0.23 271.29465 -137.90807 46710.238 -64265 5159.85 -69424.9 155.32989
0.24 265.69525 -129.5017 46484.418 -64812.7 5053.35 -69866.1 157.47402
0.25 269.02882 -93.361668 46432.494 -64457.9 5116.76 -69574.7 161.37647
0.26 277.94785 -631.12798 46794.13 -64485.8 5286.39 -69772.2 168.0969
0.27 271.94087 288.15356 46179.788 -64584.1 5172.14 -69756.2 170.45773
0.28 269.09052 -371.6264 46637.181 -64559.8 5117.93 -69677.7 175.84115
0.29 262.20977 -444.07105 46661.979 -64766.7 4987.06 -69753.8 182.50486
0.3 262.14518 -198.84481 46604.164 -65025.8 4985.83 -70011.6 190.85588
0.31 270.6944 16.869004 46588.25 -65213.8 5148.43 -70362.3 193.0252
0.32 268.48734 -196.56369 46486.099 -64721.2 5106.46 -69827.7 196.70145
0.33 275.66323 -568.64389 46874.097 -64781.8 5242.94 -70024.7 201.26476
0.34 269.13299 -83.426334 46615.447 -65181.3 5118.74 -70300 206.82672
0.35 272.87069 763.36974 46275.9 -64980.9 5189.82 -70170.8 208.25768
0.36 270.87331 141.42071 46468.185 -65250.2 5151.84 -70402 210.70757
0.37 269.97674 -130.3398 46553.908 -65038.4 5134.78 -70173.1 216.56497
0.38 265.94587 -321.61322 46721.547 -65000.4 5058.12 -70058.5 218.00137
0.39 274.95178 211.46357 46383.404 -64618.7 5229.41 -69848.1 222.62909
0.4 270.56412 -39.99834 46584.729 -64413.4 5145.96 -69559.3 226.92646
0.41 277.10396 -250.60896 46586.549 -64363.5 5270.34 -69633.8 231.66527
0.42 279.51341 51.567879 46432.426 -64246.8 5316.17 -69562.9 236.46538
0.43 269.43769 149.25851 46340.927 -64554 5124.53 -69678.5 244.56279
0.44 268.28262 752.21116 46031.672 -64913.2 5102.56 -70015.8 250.955
0.45 270.29775 -183.26446 46622.197 -64722.5 5140.89 -69863.4 256.00825
0.46 263.89145 250.06482 46321.82 -65050.5 5019.05 -70069.5 260.63183
0.47 268.477 -173.26233 46583.581 -65045.8 5106.26 -70152.1 266.78258
0.48 267.43278 -284.45923 46803.55 -65114 5086.4 -70200.4 271.69859
0.49 267.59148 -0.1988867 46582.088 -64639.7 5089.42 -69729.1 275.55287
0.5 265.35016 -46.671643 46434.57 -64829.8 5046.79 -69876.6 279.41137
0.51 269.96549 65.033686 46378.672 -64989.1 5134.57 -70123.6 284.67942
0.52 269.09978 161.71574 46187.643 -64761.5 5118.1 -69879.6 292.33205
0.53 270.37945 174.61992 46448.555 -64529.8 5142.44 -69672.2 294.47155
0.54 273.60575 38.9405 46326.835 -64663.4 5203.81 -69867.2 300.51456
0.55 273.4968 319.39129 46353.202 -64464.6 5201.73 -69666.4 304.9717
0.56 276.18175 -420.34805 46355.572 -64368.4 5252.8 -69621.2 312.29978
0.57 271.78632 280.76792 46274.535 -64304 5169.2 -69473.2 314.02778
0.58 257.13741 625.06717 46035.456 -64553.3 4890.59 -69443.9 316.68826
0.59 264.89228 612.9665 46108.507 -64426.9 5038.08 -69465 321.25812
0.6 273.52308 248.6766 46326.215 -64285.6 5202.23 -69487.9 325.13076
0.61 255.04748 -361.74405 46444.48 -64689.5 4850.84 -69540.4 330.2668
0.62 264.65204 -403.6436 46556.593 -64153.6 5033.51 -69187.1 339.46707
0.63 277.05318 725.02205 46044.001 -63579.6 5269.37 -68849 342.87528
0.64 271.17807 272.4704 46305.675 -63944.9 5157.63 -69102.6 351.66905
0.65 273.202 -40.459967 46324.32 -63793.6 5196.13 -68989.7 354.56227
0.66 266.32568 -240.54953 46605.024 -64229.4 5065.34 -69294.8 361.56903
0.67 266.79992 105.14711 46729.521 -63847.2 5074.36 -68921.5 367.70166
0.68 264.67137 -851.4941 46904.411 -64400 5033.88 -69433.9 375.19281
0.69 272.02844 -452.01136 46734.358 -64137.2 5173.81 -69311 376.08875
0.7 269.34093 -561.69195 46660.602 -64670.3 5122.69 -69792.9 378.8782
0.71 280.34329 17.941809 46491.703 -64432.1 5331.95 -69764 383.53024
0.72 270.24208 169.85497 46659.648 -64579.7 5139.83 -69719.5 390.52527
0.73 269.72167 506.58293 46294.992 -64798.8 5129.93 -69928.8 392.53746
0.74 267.49994 -171.88852 46479.58 -64763.2 5087.68 -69850.9 396.75163
0.75 268.03169 -130.33613 46514.869 -65069.3 5097.79 -70167 401.75853
0.76 269.5329 -593.58795 46917.391 -65109 5126.34 -70235.3 406.6808
0.77 273.41483 -87.215038 46434.636 -64979.7 5200.17 -70179.9 406.28641
0.78 272.92375 -215.99487 46550.596 -64964.1 5190.83 -70154.9 413.07252
0.79 276.46559 -116.26937 46568.949 -65311.1 5258.2 -70569.3 418.49917
0.8 257.08666 -262.17182 46609.343 -65592.1 4889.62 -70481.8 424.03454
0.81 270.94945 472.20697 46477.26 -65178.7 5153.28 -70332 426.89179
0.82 286.4265 -393.27942 46576.383 -64591.1 5447.65 -70038.8 429.00408
0.83 269.00963 386.51449 46420.733 -65164.2 5116.39 -70280.6 432.76579
0.84 265.89613 -584.9754 46932.05 -65159.5 5057.17 -70216.6 436.77867
0.85 272.09092 -130.1535 46637.66 -65409.2 5174.99 -70584.2 437.32857
0.86 274.28974 380.50914 46460.47 -64906.3 5216.81 -70123.1 443.50245
0.87 273.15864 821.19967 46196.017 -65285.9 5195.3 -70481.2 446.57241
0.88 279.9579 -18.194795 46498.385 -64642 5324.62 -69966.7 452.26861
0.89 272.81629 8.0232817 46227.767 -64709 5188.79 -69897.8 452.91456
0.9 271.49794 68.037708 46299.608 -64575 5163.72 -69738.7 459.16038
0.91 266.77925 -528.55475 46581.96 -64485.5 5073.97 -69559.5 464.81417
0.92 266.07764 -141.86522 46550.189 -64647.6 5060.63 -69708.2 472.72538
0.93 278.12204 -103.21712 46382.241 -63990.5 5289.7 -69280.2 478.76946
0.94 272.32253 -413.72255 46581.708 -64473 5179.4 -69652.4 486.59442
0.95 272.28564 -66.577833 46599.689 -64658.8 5178.7 -69837.5 494.78271
0.96 273.97472 622.28895 46266.291 -64236.6 5210.82 -69447.4 500.10688
0.97 265.45474 633.71562 46243.313 -64730.2 5048.78 -69779 506.87225
0.98 265.32983 -49.230207 46582.463 -64393.5 5046.4 -69439.9 512.52525
0.99 260.62202 -366.68341 46510.69 -64689.3 4956.86 -69646.1 521.88597
1 276.1512 -428.29893 46596.314 -64308.4 5252.22 -69560.6 532.3355
1.01 267.80546 -386.24783 46641.232 -64627.9 5093.49 -69721.4 538.35662
1.02 271.99977 -304.84754 46609.281 -64582.3 5173.26 -69755.6 541.44714
1.03 265.57317 -20.924082 46369.441 -64271.1 5051.03 -69322.2 545.21519
1.04 262.37809 59.42567 46424.806 -64488.7 4990.26 -69479 547.21654
1.05 261.92437 122.36365 46356.054 -64620.6 4981.63 -69602.2 553.42016
1.06 278.46769 -253.62525 46695.313 -64404.8 5296.28 -69701 557.97212
1.07 274.60546 -304.20563 46808.175 -64000.4 5222.82 -69223.2 559.44891
1.08 265.42104 125.51279 46256.221 -64216 5048.14 -69264.2 561.76605
1.09 265.75429 98.817318 46257.223 -64499.5 5054.48 -69554 564.49165
1.1 265.32747 -147.74623 46437.232 -64309.7 5046.36 -69356 572.98215
1.11 272.13708 380.14089 46358.828 -63996.2 5175.87 -69172.1 584.997
1.12 276.20659 144.15877 46367.924 -63978 5253.27 -69231.3 585.64151
1.13 263.34444 -58.665542 46404.265 -64199.3 5008.64 -69208 592.73895
1.14 264.83737 -584.30617 46703.261 -64036.2 5037.04 -69073.2 605.01282
1.15 269.37212 29.394376 46501.391 -64449.9 5123.28 -69573.2 608.50629
1.16 275.28493 390.50794 46462.873 -64232.9 5235.74 -69468.7 611.98098
1.17 271.53944 -95.291272 46716.003 -64054.9 5164.51 -69219.4 622.6674
1.18 271.31643 1238.2754 45994.275 -63958.7 5160.26 -69119 628.03601
1.19 271.26245 -145.35972 46518.023 -63871.6 5159.24 -69030.8 633.14309
1.2 267.85221 -96.431115 46359.858 -63847.4 5094.38 -68941.8 634.73292
1.21 260.24092 78.635266 46357.007 -64173.7 4949.61 -69123.3 638.4644
1.22 273.77903 -30.465974 46508.831 -63781.4 5207.1 -68988.5 643.874
1.23 270.73044 -356.89454 46494.652 -63711.2 5149.12 -68860.3 644.93225
1.24 271.70248 -7.6234247 46201.403 -63619.4 5167.61 -68787.1 652.18316
1.25 274.65787 46.010833 46611.735 -63497.9 5223.82 -68721.7 663.03835
1.26 266.61552 -305.96016 46431.771 -63461 5070.86 -68531.9 668.19316
1.27 274.80284 181.6315 46078.035 -63466.5 5226.57 -68693.1 673.67755
1.28 269.37308 -721.79297 46488.109 -63538.4 5123.3 -68661.7 684.20235
1.29 278.70585 -247.88711 46342.839 -63155.5 5300.81 -68456.3 685.3606
1.3 275.21801 -529.49029 46576.735 -63703.6 5234.47 -68938.1 690.36899
1.31 263.9753 -448.28609 46393.767 -64088.5 5020.64 -69109.1 693.46508
1.32 274.17724 -280.4313 46382.74 -63867.7 5214.67 -69082.4 705.82206
1.33 266.89983 -57.642177 46261.957 -63808 5076.26 -68884.3 709.53921
1.34 273.14762 -255.74171 46704.968 -63937.3 5195.09 -69132.4 717.2778
1.35 263.99564 -428.75384 46471.494 -63837.1 5021.03 -68858.2 724.89961
1.36 273.69966 768.61786 45932.329 -64294.2 5205.59 -69499.8 720.40804
1.37 264.10841 -636.58776 46611.542 -64135.6 5023.17 -69158.7 736.0869
1.38 267.72725 61.039053 46436.37 -64425 5092 -69517 741.80696
1.39 276.2529 -268.12771 46666.923 -64316.8 5254.15 -69570.9 744.28456
1.4 270.6655 134.1894 46565.113 -64683.4 5147.88 -69831.3 749.05604
1.41 270.20988 -264.13556 46753.903 -64159.8 5139.22 -69299 754.1046
1.42 271.19364 -232.07246 46552.402 -64541.6 5157.93 -69699.6 757.89875
1.43 271.34306 29.441 46423.327 -64431.7 5160.77 -69592.4 759.49895
1.44 275.32188 86.233279 46238.905 -64052.6 5236.45 -69289 758.76612
1.45 270.4232 -112.69836 46321.524 -64066.7 5143.28 -69210 760.94698
1.46 277.39925 -319.19389 46468.127 -64133.8 5275.96 -69409.7 775.31251
1.47 276.87267 180.08285 46218.915 -64130.8 5265.94 -69396.8 775.85848
1.48 281.76501 292.29287 46163.613 -63642.3 5358.99 -69001.3 778.34845
1.49 274.67264 258.05048 46058.161 -63663.7 5224.1 -68887.8 783.48072
1.5 269.76738 -315.57967 46369.695 -63326.4 5130.8 -68457.2 797.5575
1.51 277.25024 744.82635 45971.047 -63704.5 5273.12 -68977.6 800.52326
1.52 262.05292 484.89041 45920.512 -63821 4984.08 -68805.1 812.00292
1.53 283.13076 280.15696 46082.938 -63197.8 5384.96 -68582.7 814.69282
1.54 263.72097 -434.77911 46460.914 -63448 5015.8 -68463.8 827.69001
1.55 271.6706 1.6238349 46341.195 -63138.2 5167 -68305.2 830.80042
1.56 259.74894 -328.59796 46529.487 -63300.6 4940.26 -68240.9 836.01608
1.57 267.6635 170.97831 46169.812 -63071.4 5090.79 -68162.2 837.98064
1.58 267.89427 -737.00316 46556.504 -63243.2 5095.18 -68338.4 856.20173
1.59 262.74941 -274.27968 46240.789 -63651.8 4997.32 -68649.1 863.33248
1.6 271.83889 87.997013 46409.189 -62955.3 5170.2 -68125.5 876.43928
1.61 278.40639 87.496864 46049.857 -62648 5295.11 -67943.1 888.72425
1.62 256.68825 -154.26551 46343.4 -62969.1 4882.05 -67851.1 906.35362
1.63 274.0376 224.22482 46207.23 -62654.2 5212.02 -67866.3 915.66
1.64 266.87148 609.59846 45994.6 -62458.2 5075.72 -67533.9 919.79761
1.65 277.95136 -219.30225 46253.488 -62233.8 5286.46 -67520.2 942.21178
1.66 267.37666 274.41242 46229.508 -62840.6 5085.33 -67926 956.824
1.67 271.37271 193.41187 46088.282 -62498 5161.33 -67659.3 966.30339
1.68 276.81914 -55.648881 45935.246 -62276.9 5264.92 -67541.8 979.956
1.69 276.7066 616.31155 45924.359 -61925.5 5262.78 -67188.3 992.3878
1.7 268.64802 219.46833 46018.209 -62216.2 5109.51 -67325.7 1004.9014
1.71 269.44952 -474.83135 46208.49 -62051.9 5124.76 -67176.7 1019.4105
1.72 272.05903 -334.26779 46242.923 -62145.2 5174.39 -67319.6 1031.0674
1.73 278.40647 -282.03093 46325.373 -61705.1 5295.11 -67000.2 1040.3767
1.74 269.46828 22.614148 46047.581 -61564.8 5125.11 -66689.9 1045.3961
1.75 276.74012 -547.88252 46390.384 -61540 5263.42 -66803.4 1066.6361
1.76 263.0179 204.28386 46048.679 -61664.6 5002.43 -66667 1069.0797
1.77 273.03573 -214.76322 46257.559 -61489 5192.96 -66681.9 1091.3166
1.78 272.94244 -9.9450373 45881.856 -61684.6 5191.19 -66875.8 1101.4342
1.79 264.14065 757.60332 45729.093 -61653 5023.79 -66676.8 1115.2018
1.8 280.17729 26.727424 46075.667 -61244.2 5328.79 -66573 1141.8212
1.81 278.3848 -26.057352 45741.468 -61396.5 5294.7 -66691.2 1155.1956
1.82 270.93585 -431.16638 45858.884 -61015.6 5153.03 -66168.6 1175.895
1.83 271.57057 459.46498 45523.168 -60013.7 5165.1 -65178.8 1196.6238
1.84 265.83953 -560.15054 45479.123 -60221.5 5056.1 -65277.6 1210.7023
1.85 271.46922 468.6087 45395.343 -59989.4 5163.17 -65152.6 1230.216
1.86 266.50595 578.92112 45414.157 -59930.9 5068.77 -64999.6 1272.5593
1.87 272.14348 449.57008 45609.598 -60034.2 5175.99 -65210.2 1303.5792
1.88 284.17172 -417.90394 45795.065 -59758 5404.76 -65162.8 1332.8146
1.89 276.76644 459.15017 45272.429 -59979.2 5263.92 -65243.1 1335.6467
1.9 266.57549 -638.82811 45707.855 -60237.3 5070.09 -65307.4 1363.9371
1.91 270.56026 -62.976356 45905.135 -59842.4 5145.88 -64988.3 1392.8445
1.92 279.49007 -449.25987 45407.347 -59784 5315.72 -65099.7 1407.4271
1.93 276.11909 -300.83809 45446.313 -59949.2 5251.61 -65200.8 1441.648
1.94 275.59656 -111.41833 45738.295 -59779 5241.67 -65020.7 1479.9921
1.95 268.82023 655.69189 45429.804 -60099.8 5112.79 -65212.6 1502.0289
1.96 259.95906 -179.54818 45370.962 -59826.1 4944.25 -64770.3 1530.7313
1.97 274.13064 480.08563 45311.111 -59932.1 5213.79 -65145.9 1557.8366
1.98 269.35302 -529.13355 45605.227 -59867.3 5122.92 -64990.2 1589.048
1.99 266.02908 -881.2503 45833.991 -60001.4 5059.7 -65061.1 1619.9105
2 277.46688 644.90767 45404.716 -59958.1 5277.24 -65235.3 1646.9406
2.01 267.44323 475.06058 45377.356 -60132.4 5086.6 -65219 1661.9988
2.02 277.09649 637.08499 45412.125 -59841.1 5270.2 -65111.3 1706.7367
2.03 259.86584 -485.12852 45566.318 -60315.4 4942.48 -65257.8 1734.0963
2.04 267.92094 503.46938 45694.713 -59883 5095.68 -64978.7 1755.4552
2.05 271.93143 411.86822 45393.738 -60150.1 5171.96 -65322.1 1771.4752
2.06 263.43226 39.351304 45576.572 -60488.2 5010.31 -65498.5 1808.9369
2.07 269.15428 189.27519 45607.805 -60143 5119.14 -65262.1 1837.2688
2.08 271.733 439.97463 45236.877 -60024.3 5168.19 -65192.5 1851.3332
2.09 282.75651 -180.54796 45434.196 -59774.5 5377.85 -65152.4 1888.3756
2.1 263.47217 -648.72691 45669.706 -60268.2 5011.07 -65279.3 1923.4596
2.11 270.39326 -395.68542 45684.152 -59987.9 5142.71 -65130.6 1947.3631
2.12 269.16683 439.00429 45262.85 -59992 5119.38 -65111.3 1959.2246
2.13 261.60691 -171.08699 45555.85 -60210.8 4975.6 -65186.4 1989.5043
2.14 271.17842 77.126106 45544.884 -60096.4 5157.64 -65254.1 2017.3841
2.15 261.5028 336.40881 45551.642 -59955.4 4973.61 -64929 2034.255
2.16 269.85469 0.43884751 45330.78 -60077.1 5132.46 -65209.6 2042.1521
2.17 265.07359 512.7053 45395.029 -60003.6 5041.53 -65045.1 2076.2267
2.18 274.31952 48.557685 45392.638 -60140.2 5217.38 -65357.5 2109.0338
2.19 266.2695 581.72612 45253.844 -60137.8 5064.27 -65202.1 2135.208
2.2 263.29396 403.70053 45242.681 -60417.8 5007.68 -65425.4 2169.1991
2.21 270.59419 -597.29709 45882.328 -59976.4 5146.53 -65122.9 2216.8044
2.22 271.55085 453.60082 45430.019 -59982.3 5164.72 -65147 2226.2743
2.23 268.1697 -239.79364 45717.465 -60147 5100.42 -65247.4 2252.067
2.24 272.45284 383.06579 45289.945 -59894.9 5181.88 -65076.8 2278.73
2.25 266.03203 -26.905297 45459.273 -60286.9 5059.76 -65346.6 2318.6795
2.26 269.68481 344.19846 45495.897 -60130.5 5129.23 -65259.8 2354.4798
2.27 279.54565 -346.60608 45731.587 -59897.1 5316.78 -65213.9 2401.7614
2.28 267.59578 -222.15024 45532.595 -60079.1 5089.5 -65168.6 2426.5246
2.29 263.86596 -309.41659 45694.439 -60127.3 5018.56 -65145.9 2461.9531
2.3 270.89536 -89.035442 45785.369 -60010.4 5152.26 -65162.6 2483.7203
2.31 266.21395 171.495 45709.314 -60135.4 5063.22 -65198.7 2500.162
2.32 263.5477 -312.74543 45662.587 -60073.4 5012.51 -65085.9 2533.4516
2.33 256.67521 -237.93121 45511.772 -60253.6 4881.8 -65135.4 2551.217
2.34 271.65132 -73.712022 45765.2 -59948.6 5166.63 -65115.2 2581.9797
2.35 276.58255 -64.965199 45629.75 -59769.6 5260.42 -65030.1 2612.6401
2.36 263.63425 -215.057 45671.63 -59951.7 5014.15 -64965.9 2635.3882
2.37 279.20353 628.79713 45128.334 -59754.1 5310.27 -65064.3 2649.3673
2.38 266.68342 -454.23184 45391.338 -60140.5 5072.15 -65212.7 2696.7126
2.39 274.8246 -842.52037 45630.843 -60048.8 5226.99 -65275.8 2734.9477
2.4 284.69095 123.80056 45530.51 -59886.6 5414.64 -65301.3 2763.9028
2.41 266.51361 -241.3635 45851.044 -59970.2 5068.92 -65039.1 2803.2709
2.42 257.32915 -367.07162 45648.846 -60629 4894.23 -65523.3 2808.2005
2.43 259.32135 -457.32746 45476.262 -60181.4 4932.13 -65113.6 2828.7647
2.44 274.14969 388.43398 45615.039 -60027.4 5214.15 -65241.5 2862.9564
2.45 263.83125 263.48077 45593.758 -59990.9 5017.9 -65008.8 2882.8986
2.46 254.03513 270.60048 45367.216 -60237.1 4831.58 -65068.7 2908.9727
2.47 282.25755 376.74428 45448.316 -59666.2 5368.36 -65034.6 2947.7427
2.48 272.85422 901.85899 45355.474 -60041.7 5189.51 -65231.2 2968.3256
2.49 258.97833 -667.44189 45537.669 -60135.6 4925.6 -65061.2 3009.6309
2.5 267.13872 -690.70695 45713.026 -59980.1 5080.81 -65060.9 3052.934
2.51 270.65952 292.23343 45564.694 -60128.9 5147.77 -65276.6 3066.5113
2.52 277.23154 635.41919 45453.624 -60008.3 5272.77 -65281.1 3074.9321
2.53 262.48643 461.30531 45420.88 -60104.1 4992.32 -65096.4 3095.3001
2.54 262.96727 -98.201073 45654.016 -60096.7 5001.47 -65098.2 3132.1778
2.55 261.13622 244.3262 45659.423 -59892.6 4966.64 -64859.2 3148.7165
2.56 271.26631 -51.530347 45582.414 -60076.7 5159.31 -65236 3180.151
2.57 271.30938 147.21814 45429.791 -59765.4 5160.13 -64925.6 3202.0103
2.58 266.65912 -638.37933 45688.127 -60094.1 5071.68 -65165.7 3245.0216
2.59 258.15317 -430.31823 45565.79 -60443.4 4909.91 -65353.3 3270.5127
2.6 261.96609 -830.53044 45798.962 -59947.9 4982.43 -64930.3 3300.1142
2.61 268.19205 -485.64998 45526.588 -60190.2 5100.84 -65291.1 3313.0918
2.62 268.04735 -179.80549 45331.486 -60129.2 5098.09 -65227.2 3331.1724
2.63 269.24816 12.386279 45674.796 -59962.2 5120.93 -65083.1 3358.2305
2.64 263.26012 469.80763 45239.743 -60150.5 5007.04 -65157.5 3363.3425
2.65 273.68114 -121.03242 45682.633 -59767.8 5205.24 -64973.1 3405.1313
2.66 281.59575 -136.97521 45830.101 -60032.6 5355.77 -65388.3 3435.3507
2.67 262.79248 67.947891 45608.267 -60183.5 4998.14 -65181.6 3453.8582
2.68 267.16442 -11.158047 45160.859 -60309.1 5081.3 -65390.4 3464.2108
2.69 263.29126 -572.48416 45821.165 -60001.8 5007.63 -65009.5 3518.7237
2.7 280.70877 -428.45548 45442.493 -59730.6 5338.9 -65069.5 3524.1724
2.71 280.40931 -488.20957 45794.176 -59961.3 5333.2 -65294.5 3577.3727
2.72 269.98286 534.2576 45612.967 -60188.6 5134.9 -65323.5 3589.8267
2.73 263.57813 -600.19523 45520.244 -60518.3 5013.09 -65531.4 3598.7073
2.74 274.19555 -318.23571 45364.971 -59745.6 5215.02 -64960.6 3616.6177
2.75 265.8815 -193.47086 45478.552 -60047.8 5056.89 -65104.7 3652.9851
2.76 268.70491 -130.14693 45475.392 -59964.6 5110.59 -65075.2 3686.6428
2.77 268.21568 604.17178 45249.416 -60130.5 5101.29 -65231.8 3701.8273
2.78 271.63209 348.60035 45513.784 -59826.4 5166.27 -64992.6 3739.5158
2.79 261.67263 151.41167 45586.254 -60378.1 4976.84 -65354.9 3756.6658
2.8 270.89081 -128.15363 45673.252 -60229.7 5152.17 -65381.9 3783.2324
2.81 268.52473 213.13982 45322.203 -60043.1 5107.17 -65150.3 3776.3683
2.82 273.59435 -532.3033 45610.792 -60090.8 5203.59 -65294.4 3803.239
2.83 275.0761 648.70929 45200.701 -59658.4 5231.77 -64890.2 3806.7279
2.84 267.19467 563.52976 45368.539 -59900.3 5081.87 -64982.2 3847.3283
2.85 262.78392 326.20157 45112.88 -60336.7 4997.98 -65334.7 3876.4909
2.86 267.41262 30.546764 45564.152 -60119.1 5086.02 -65205.1 3931.7352
2.87 271.69854 261.11004 45362.915 -59976.2 5167.53 -65143.7 3942.3611
2.88 273.71149 -146.4226 45516.938 -60066.9 5205.82 -65272.7 3980.7329
2.89 262.03743 -154.46538 45377.425 -60299.1 4983.78 -65282.9 3989.8784
2.9 275.52584 -413.89782 45577.663 -60007.8 5240.32 -65248.1 4036.9479
2.91 265.76867 65.909607 45597.469 -60210.7 5054.75 -65265.4 4057.4212
2.92 270.15306 -84.722083 45420.878 -60206.4 5138.14 -65344.5 4083.3959
2.93 278.18186 684.66529 45390.021 -59626.1 5290.84 -64916.9 4128.3582
2.94 266.08712 -54.35689 45702.839 -60036.7 5060.81 -65097.5 4178.8863
2.95 276.02175 -273.10687 45669.53 -59831.7 5249.76 -65081.5 4186.5158
2.96 267.91526 644.51967 45795.148 -60041.5 5095.58 -65137.1 4219.2587
2.97 269.45476 324.16808 45549.287 -60094.8 5124.86 -65219.6 4198.678
2.98 270.92453 967.03205 45377.221 -60050.1 5152.81 -65202.9 4215.1026
2.99 273.89917 69.010303 45238.143 -60058.1 5209.39 -65267.5 4224.2154
3 273.55052 -421.99055 45560.68 -59770.8 5202.76 -64973.5 4273.2266
3.01 274.94511 423.10824 45274.833 -60126.5 5229.28 -65355.8 4284.082
3.02 265.91255 71.17014 45509.017 -60107.6 5057.49 -65165.1 4328.949
3.03 268.3286 -432.75763 45772.321 -60182 5103.44 -65285.4 4384.9345
3.04 284.30285 305.83163 45338.895 -59617 5407.26 -65024.2 4392.0047
3.05 273.95417 -617.56537 45786.719 -60063.8 5210.43 -65274.3 4432.5234
3.06 281.1887 468.95753 45271.481 -59707.8 5348.03 -65055.9 4420.2049
3.07 265.45705 -578.18001 45913.316 -60120.3 5048.82 -65169.1 4497.1986
3.08 265.75009 -248.71287 45684.142 -60083.1 5054.4 -65137.5 4507.4994
3.09 285.69712 638.20084 45493.497 -59736.8 5433.78 -65170.5 4541.2536
3.1 268.88141 242.29396 45369.174 -60200.5 5113.95 -65314.4 4563.7873
3.11 274.05623 -264.08749 45591.696 -60048 5212.37 -65260.3 4591.8591
3.12 266.49939 -270.2558 45664.812 -60030.6 5068.65 -65099.2 4625.7614
3.13 263.93224 -256.77555 45833.17 -60262.1 5019.82 -65281.9 4657.1186
3.14 265.72924 -58.936755 45706.708 -60096 5054 -65150 4676.8821
3.15 266.92751 -313.4002 45792.246 -60149.1 5076.79 -65225.9 4713.9865
3.16 260.01132 333.11589 45322.387 -60019.5 4945.25 -64964.8 4701.1397
3.17 268.39 210.72941 45562.709 -60180.3 5104.61 -65284.9 4736.5544
3.18 267.01149 8.8629414 45310.54 -60092.7 5078.39 -65171 4740.8641
3.19 265.68239 145.55985 45618.352 -60215.5 5053.11 -65268.6 4798.0216
3.2 268.64582 792.18814 45415.569 -59935.6 5109.47 -65045 4813.836
3.21 263.44657 591.97378 45265.722 -60351.6 5010.58 -65362.1 4812.5798
3.22 265.77477 388.68778 45362.691 -59881.9 5054.87 -64936.8 4833.5575
3.23 264.62558 -335.7964 45458.266 -60151.7 5033.01 -65184.7 4870.2842
3.24 270.29672 -555.71137 45647.759 -59906.3 5140.87 -65047.2 4903.1245
3.25 270.15028 115.57295 45581.914 -60040.6 5138.08 -65178.7 4923.6595
3.26 269.35931 -394.95516 45539.369 -59997.2 5123.04 -65120.3 4940.7046
3.27 273.64577 -377.91482 45938.34 -60014.9 5204.57 -65219.5 5003.9111
3.28 266.20113 -124.28105 45715.688 -60252 5062.97 -65314.9 5007.1835
3.29 267.83289 -478.98245 45993.7 -59873.1 5094.01 -64967.1 5044.7816
3.3 273.15206 268.39991 45639.471 -60020.6 5195.18 -65215.8 5052.1233
3.31 272.26055 44.43375 45456.098 -60015.9 5178.22 -65194.1 5045.2483
3.32 279.92481 55.406931 45616.212 -59702 5323.99 -65026 5093.3293
3.33 272.22408 202.7165 45356.249 -60249.5 5177.53 -65427 5122.5467
3.34 264.11513 698.24345 45343.963 -60149.1 5023.3 -65172.4 5150.0737
3.35 275.81865 -141.26399 45468.506 -59757.6 5245.89 -65003.5 5197.4782
3.36 275.573 -213.61625 45393.35 -59854.3 5241.22 -65095.5 5227.8876
3.37 270.08914 399.52672 45294.169 -60138.3 5136.92 -65275.2 5245.1624
3.38 271.36649 556.04486 45397.895 -59910.8 5161.22 -65072 5291.0374
3.39 279.07823 -340.04609 45391.547 -60228.7 5307.89 -65536.6 5314.5193
3.4 270.23871 -246.73933 45582.33 -59749.9 5139.77 -64889.7 5363.09
3.41 273.53648 481.76274 45249.628 -59902.8 5202.49 -65105.3 5388.4663
3.42 267.89709 -521.93916 45631.54 -60203.6 5095.23 -65298.9 5435.3669
3.43 279.78514 82.743678 45577.639 -60025.7 5321.33 -65347 5448.3366
3.44 263.45768 402.79933 45450.012 -59926.6 5010.8 -64937.4 5458.3298
3.45 276.85009 435.34301 45287.126 -59876.6 5265.51 -65142.1 5473.0664
3.46 268.53689 817.29562 45523.001 -60182.6 5107.4 -65290 5526.5249
3.47 275.4157 -637.08541 45612.367 -59984.4 5238.23 -65222.7 5568.4742
3.48 272.68839 -806.8508 45677.062 -59840.4 5186.36 -65026.8 5594.8176
3.49 267.64801 -350.87783 45768.851 -59947.3 5090.49 -65037.8 5623.2057
3.5 267.30561 97.645144 45576.815 -60002 5083.98 -65086 5623.6116
3.51 260.7978 470.30748 45234.564 -60476.8 4960.21 -65437 5606.5292
3.52 268.53257 -398.77725 45777.835 -59928.9 5107.32 -65036.2 5678.7559
3.53 266.47804 610.37374 45400.091 -60018.4 5068.24 -65086.6 5695.5532
3.54 268.98244 291.78567 45344.342 -60011.1 5115.87 -65126.9 5717.5923
3.55 264.00395 490.53923 45301.372 -60503.7 5021.19 -65524.9 5740.6854
3.56 265.32006 -487.50378 45585.606 -60034.4 5046.22 -65080.6 5781.162
3.57 265.24321 -33.78124 45377.779 -60136.7 5044.76 -65181.5 5800.0416
3.58 274.98406 698.22725 45492.357 -60022 5230.02 -65252 5833.896
3.59 266.26896 1015.1129 45373.223 -60499.7 5064.26 -65564 5876.6428
3.6 275.09839 490.71491 45427.662 -59939.8 5232.19 -65172 5915.6793
3.61 257.57633 127.26202 45664.545 -60540.5 4898.94 -65439.4 5954.2897
3.62 264.73847 722.58118 45325.21 -60078.7 5035.16 -65113.8 5931.6685
3.63 270.3162 352.06564 45491.445 -60184.4 5141.24 -65325.7 5973.3264
3.64 275.95502 -188.1772 45705.805 -59722.1 5248.49 -64970.5 6034.1643
3.65 277.37306 -532.26568 45566.705 -59820.1 5275.46 -65095.6 6055.4783
3.66 270.29739 308.12074 45431.823 -59724.2 5140.88 -64865 6055.2989
3.67 264.48776 547.45517 45367.273 -60091.5 5030.39 -65121.9 6073.3523
3.68 271.25446 602.7388 45546.912 -60320.4 5159.09 -65479.5 6127.4628
3.69 265.5975 416.02914 45654.618 -60201.9 5051.49 -65253.4 6155.2984
3.7 257.96857 682.29692 45229.953 -60505.3 4906.4 -65411.7 6151.5342
3.71 271.03653 96.986449 45545.306 -59898.5 5154.94 -65053.4 6225.3354
3.72 264.45393 251.01184 45593.709 -60308 5029.74 -65337.8 6260.6409
3.73 270.2762 -436.43719 45756.984 -60007 5140.48 -65147.4 6311.5142
3.74 269.16568 518.46736 45535.292 -59835.3 5119.36 -64954.6 6302.3529
3.75 271.92739 97.646073 45501.715 -60047.7 5171.88 -65219.6 6317.5514
3.76 271.76247 -197.5562 45591.633 -59865.3 5168.75 -65034.1 6347.1106
3.77 276.36877 -567.61498 45804.153 -59626.8 5256.36 -64883.1 6398.9921
3.78 277.0171 -193.3529 45755.487 -59830.9 5268.69 -65099.6 6442.2487
3.79 264.69939 -57.614843 45376.251 -60183.1 5034.41 -65217.6 6422.4424
3.8 262.12606 823.29106 45162.267 -60221.5 4985.47 -65207 6425.3713
3.81 268.44212 -148.52751 45679.793 -60013.9 5105.6 -65119.5 6502.2186
3.82 265.5388 -228.27615 45512.654 -60033.7 5050.38 -65084.1 6526.6204
3.83 270.18373 162.87077 45399.409 -59911 5138.72 -65049.8 6558.3154
3.84 274.55808 250.07775 45487.643 -60104.9 5221.92 -65326.8 6600.1676
3.85 265.45708 -389.86433 45817.145 -60111.3 5048.82 -65160.1 6673.1358
3.86 268.08025 -284.09881 45635.042 -60000 5098.71 -65098.7 6674.6409
3.87 267.63861 517.81724 45437.315 -60047 5090.31 -65137.3 6653.5532
3.88 256.23601 -648.58206 45694.83 -60301.9 4873.44 -65175.4 6683.2071
3.89 267.55983 -175.64296 45820.923 -59935.4 5088.82 -65024.2 6748.837
3.9 264.01871 -177.16212 45690.429 -60257.8 5021.47 -65279.2 6748.5261
3.91 268.62187 439.83468 45367.476 -59807.5 5109.02 -64916.5 6713.9823
3.92 268.27481 487.89481 45054.632 -60086.6 5102.41 -65189.1 6712.5544
3.93 267.39308 -453.62144 45582.2 -60218.6 5085.64 -65304.3 6793.7971
3.94 261.32959 -254.18351 45625.5 -60327.3 4970.32 -65297.6 6824.1559
3.95 270.92522 -632.36523 45861.039 -59815.1 5152.82 -64967.9 6867.8151
3.96 267.38813 461.83169 45379.054 -60165.4 5085.55 -65250.9 6866.5985
3.97 275.96389 21.278206 45618.752 -59807.1 5248.66 -65055.8 6922.6637
3.98 266.60217 359.77714 45073.015 -60203.3 5070.6 -65273.9 6899.1291
3.99 270.39972 53.930503 45566.682 -60269.9 5142.83 -65412.7 6946.5628
4 264.08795 -424.83302 46038.776 -60136.6 5022.78 -65159.3 7013.2591
4.01 270.26579 -280.48205 45665.696 -59827.7 5140.28 -64968 6997.3486
4.02 271.75592 -719.37394 45710.261 -59791.6 5168.62 -64960.3 7015.7999
4.03 261.00456 -184.70839 45422.85 -60101.2 4964.14 -65065.3 7008.3718
4.04 268.33307 442.13737 45649.226 -60152 5103.52 -65255.5 7019.6311
4.05 266.94421 0.51475742 45742.571 -60226.6 5077.11 -65303.7 7081.8516
4.06 280.90777 254.14014 45626.42 -59781.7 5342.69 -65124.4 7076.9733
4.07 267.47435 723.05308 45507.879 -60221.4 5087.19 -65308.6 7102.2404
4.08 278.40708 92.065455 45429.749 -60058.5 5295.12 -65353.7 7110.4655
4.09 266.3478 203.53924 45273.975 -60210 5065.76 -65275.8 7126.5176
4.1 269.83648 -94.30048 45428.244 -60072.5 5132.12 -65204.6 7152.5296
4.11 273.51931 117.75821 45526.015 -59988.8 5202.16 -65191 7193.6744
4.12 270.30903 -135.90845 45418.426 -59972.8 5141.1 -65113.9 7222.8862
4.13 267.80202 411.84353 45393.719 -60281.4 5093.42 -65374.8 7251.033
4.14 262.44254 634.25442 45210.723 -60314.8 4991.49 -65306.3 7241.3097
4.15 274.77784 802.74372 45431.246 -59925.8 5226.1 -65151.9 7292.4686
4.16 268.76533 -281.04844 45796.887 -60241.5 5111.74 -65353.3 7342.6099
4.17 268.40667 -440.60406 45868.004 -60157.3 5104.92 -65262.2 7367.0497
4.18 261.49007 -106.53435 45444.446 -60468.5 4973.37 -65441.8 7374.3657
4.19 278.42142 574.98681 45361.646 -59886.3 5295.4 -65181.7 7400.3168
4.2 267.8604 -534.15869 45604.53 -60129.2 5094.53 -65223.7 7464.0797
4.21 271.48976 1011.3922 45172.498 -60107.2 5163.56 -65270.7 7444.0217
4.22 268.72364 113.40001 45658.435 -60201.2 5110.95 -65312.2 7543.0755
4.23 277.22035 601.65269 45306.891 -59976.1 5272.55 -65248.7 7541.5541
4.24 267.33921 460.12871 45254.78 -60099.6 5084.62 -65184.2 7548.8081
4.25 270.2491 228.70287 45369.574 -59892.2 5139.96 -65032.1 7591.6468
4.26 274.59767 -95.827372 45610.514 -59954.4 5222.67 -65177.1 7635.7155
4.27 270.02108 -348.47223 45631.423 -60078.8 5135.63 -65214.4 7670.9364
4.28 264.58822 245.37292 45215.927 -60268.4 5032.3 -65300.7 7639.8823
4.29 268.7496 -255.93866 45495.076 -59926.7 5111.44 -65038.1 7700.4138
4.3 263.24738 -398.20957 45746.357 -60266.1 5006.8 -65272.9 7736.6444
4.31 264.80267 -63.123103 45533.432 -59859.5 5036.38 -64895.9 7729.1566
4.32 280.58713 407.43899 45346.784 -59800.3 5336.59 -65136.9 7725.3819
4.33 274.75827 -23.159107 45409.353 -60120.6 5225.73 -65346.3 7783.4358
4.34 265.58513 -139.95681 45521.334 -60031.9 5051.26 -65083.1 7824.5465
4.35 276.22415 -51.450558 45985.239 -60173.2 5253.61 -65426.9 7903.9334
4.36 272.4361 564.88453 45515.852 -59737 5181.56 -64918.5 7867.0761
4.37 276.64701 -332.89508 45761.756 -60071.5 5261.65 -65333.1 7898.2914
4.38 268.08386 -241.15221 45251.196 -60130 5098.78 -65228.8 7881.4521
4.39 259.72915 -232.96838 45527.921 -60343.3 4939.88 -65283.1 7961.0145
4.4 272.75739 294.6464 45346.803 -59809.7 5187.67 -64997.4 7981.9289
4.41 272.83911 125.68166 45613.558 -60092.3 5189.22 -65281.5 8045.806
4.42 280.30078 -258.48527 45523.887 -59887.9 5331.14 -65219.1 8050.8761
4.43 269.63035 428.15235 45561.306 -60139.8 5128.2 -65268 8076.7987
4.44 271.38814 -425.99006 45612.462 -60126.8 5161.63 -65288.4 8107.8902
4.45 271.80834 344.69442 45360.653 -59874.8 5169.62 -65044.5 8096.7096
4.46 274.20435 -125.55684 45696.839 -59901.8 5215.19 -65117 8159.6096
4.47 268.88638 281.04986 45299.819 -60111.2 5114.05 -65225.3 8136.7488
4.48 270.45406 56.08296 45617.164 -59844.4 5143.86 -64988.3 8217.3333
4.49 274.83383 -62.379321 45529.201 -60086.5 5227.16 -65313.6 8234.4584
4.5 269.37021 25.709901 45512.525 -60105.6 5123.25 -65228.8 8247.6764
4.51 265.24917 -58.232253 45711.014 -59964.8 5044.87 -65009.7 8274.3444
4.52 273.3985 169.53392 45439.359 -60116.7 5199.86 -65316.6 8244.1033
4.53 265.92084 55.188417 45592.63 -60159.7 5057.64 -65217.4 8284.267
4.54 272.93271 653.95746 45288.562 -59966.4 5191 -65157.4 8264.107
4.55 271.28462 -560.60939 45861.729 -59841.2 5159.66 -65000.8 8346.3115
4.56 271.4541 -82.357429 45547.591 -60064.5 5162.88 -65227.4 8322.6635
4.57 258.3702 -134.73417 45544.829 -60452.4 4914.04 -65366.4 8354.9164
4.58 282.96984 -390.38536 46186.012 -59971.8 5381.9 -65353.7 8441.3168
4.59 271.74786 510.79972 45329.794 -59905.2 5168.47 -65073.7 8365.3155
4.6 269.94354 116.79958 45340.935 -60030.3 5134.15 -65164.5 8374.9939
4.61 272.31295 566.90319 45509.343 -59919.7 5179.22 -65098.9 8434.9119
4.62 265.82731 155.52702 45481.64 -60358.9 5055.86 -65414.8 8450.1181
4.63 276.87188 -375.13553 45492.728 -59930.7 5265.93 -65196.7 8469.3853
4.64 269.75911 -478.88356 45573.438 -59914.3 5130.64 -65044.9 8512.7674
4.65 276.74714 611.06644 45487.546 -59931.4 5263.55 -65195 8527.7743
4.66 277.39115 -16.180858 45912.915 -59975.3 5275.8 -65251.1 8605.8762
4.67 269.00868 -92.167123 45925.576 -60029.9 5116.37 -65146.3 8615.9208
4.68 272.82338 143.924 45517.988 -60163.7 5188.93 -65352.6 8581.1968
4.69 270.27584 338.26389 45514.576 -59949.9 5140.47 -65090.4 8617.5093
4.7 269.63099 134.63272 45557.803 -60074.4 5128.21 -65202.6 8659.0216
4.71 266.87272 -139.82202 45276.384 -60337.3 5075.75 -65413 8671.0593
4.72 266.59375 485.55482 45435.605 -60044.3 5070.44 -65114.8 8711.6715
4.73 271.88534 140.60349 45247.397 -60200.7 5171.08 -65371.8 8721.0637
4.74 284.70405 168.00798 45058.498 -59834.2 5414.89 -65249 8728.158
4.75 268.65212 -82.068176 45450.865 -60117 5109.59 -65226.6 8774.5652
4.76 279.22311 294.42899 45465.72 -59661.6 5310.64 -64972.2 8799.9609
4.77 270.47784 -535.60011 45873.566 -59948.9 5144.31 -65093.2 8893.2529
4.78 259.92312 209.16443 45377.686 -60408.6 4943.57 -65352.2 8837.3327
4.79 273.01337 100.1898 45457.807 -59764.9 5192.54 -64957.4 8898.7299
4.8 270.60433 -259.07655 45647.153 -59998.9 5146.72 -65145.6 8972.1252
4.81 263.22502 -102.7093 45496.183 -60373.4 5006.37 -65379.8 8990.079
4.82 270.27006 -602.97358 45865.009 -60030.6 5140.36 -65171 9075.2859
4.83 258.18819 127.10979 45344.552 -60280.4 4910.57 -65191 9021.8589
4.84 269.59837 192.69504 45578.465 -60052 5127.59 -65179.6 9068.1998
4.85 266.69087 -155.94538 45560.119 -60098.4 5072.29 -65170.7 9070.8427
4.86 274.80725 -93.665895 45400.001 -59980.3 5226.66 -65206.9 9100.7426
4.87 280.57245 -289.56532 45732.001 -59895.8 5336.31 -65232.1 9190.0291
4.88 267.87941 532.70816 45179.75 -59966.5 5094.89 -65061.4 9137.1625
4.89 278.08532 912.43603 45266.69 -60022.3 5289 -65311.3 9172.2935
4.9 281.38159 97.910215 45317.82 -60107.9 5351.7 -65459.6 9188.3604
4.91 277.85866 260.94509 45558.638 -59959.5 5284.69 -65244.2 9267.6556
4.92 267.96264 -22.76706 45479.834 -60087.2 5096.48 -65183.7 9301.3988
4.93 271.7867 125.00074 45689.028 -60215.1 5169.21 -65384.3 9372.5668
4.94 279.35734 -768.87141 45875.374 -59691.4 5313.2 -65004.6 9440.8739
4.95 270.32126 -506.94215 45674.313 -60147 5141.34 -65288.3 9417.6185
4.96 285.16695 719.11894 45297.381 -59725.8 5423.69 -65149.4 9403.8489
4.97 265.71226 489.19809 45047.509 -60027.6 5053.68 -65081.2 9393.4516
4.98 271.83806 481.76095 45256.855 -59950.6 5170.19 -65120.8 9441.6799
4.99 267.32464 -162.76278 45578.393 -60252.7 5084.34 -65337.1 9516.1686
5 275.60763 805.22926 45144.659 -59751.6 5241.88 -64993.5 9498.2132
5.01 278.62007 636.97181 45481.242 -60129.8 5299.17 -65428.9 9587.3298
5.02 264.36791 -463.18019 45428.178 -60422 5028.11 -65450.1 9607.9053
5.03 269.94099 -92.467179 45719.19 -59930.6 5134.1 -65064.7 9659.9365
5.04 266.9866 348.43249 45535.679 -60317.5 5077.91 -65395.4 9666.9612
5.05 266.70161 -191.60467 45626.226 -60010.1 5072.49 -65082.6 9697.1032
5.06 264.47267 280.77488 45402.756 -60203.4 5030.1 -65233.5 9660.8982
5.07 262.36026 -297.99709 45497.462 -60061.9 4989.92 -65051.8 9704.7943
5.08 268.28201 -136.5676 45568.752 -59872.5 5102.55 -64975.1 9741.7013
5.09 270.04638 1064.3795 45388.284 -60212.5 5136.11 -65348.6 9719.8682
5.1 269.61495 610.90338 45227.627 -60251.6 5127.9 -65379.6 9744.4322
5.11 269.03283 -998.98549 45793.61 -59868.5 5116.83 -64985.3 9875.2833
5.12 265.40191 430.22988 45542.383 -59797.9 5047.77 -64845.7 9878.5836
5.13 281.61299 414.02781 45750.789 -59742.6 5356.1 -65098.7 9941.0482
5.14 269.24481 354.69256 45845.747 -59922.3 5120.86 -65043.2 9975.5672
5.15 274.63174 121.12927 45606.508 -59968.3 5223.32 -65191.6 9949.4742
5.16 272.34146 -418.03787 45601.03 -59867.1 5179.76 -65046.9 9995.7062
5.17 270.92412 -167.50287 45466.631 -60148.9 5152.8 -65301.7 10002.874
5.18 272.46818 147.92244 45505.641 -59731.3 5182.17 -64913.5 10034.358
5.19 275.28868 329.61107 45585.758 -60110.9 5235.81 -65346.7 10075.748
5.2 271.3585 14.281718 45354.737 -60007.5 5161.06 -65168.6 10081.46
5.21 263.03414 -184.58892 45688.266 -59913.3 5002.74 -64916 10165.721
5.22 265.69632 -366.56718 45926.356 -59965.2 5053.37 -65018.6 10189.117
5.23 273.19058 -582.3906 45543.406 -59979.2 5195.91 -65175.1 10134.984
5.24 258.37336 -173.06716 45664.778 -60186.6 4914.1 -65100.7 10185.88
5.25 263.87841 -81.882233 45604.4 -59920.2 5018.8 -64939 10217.64
5.26 271.65828 -822.4937 45500.894 -60107.8 5166.77 -65274.5 10235.559
5.27 265.46515 305.94544 45244.038 -60175.4 5048.98 -65224.4 10202.089
5.28 274.868 -120.39895 45459.584 -60043.4 5227.81 -65271.2 10245.196
5.29 264.42025 379.67875 45538.055 -60253.7 5029.1 -65282.8 10299.952
5.3 271.99959 66.307002 45638.551 -60154.7 5173.26 -65328 10346.696
5.31 271.71335 130.49263 45510.038 -59918.4 5167.81 -65086.2 10370.578
5.32 266.54282 -662.94496 45620.899 -60352.3 5069.47 -65421.7 10427.363
5.33 271.06798 -24.842958 45457.734 -60106.2 5155.54 -65261.7 10417.441
5.34 272.60631 -146.38108 45537.452 -59632.8 5184.8 -64817.6 10460.846
5.35 264.84468 -48.21842 45573.829 -60025.4 5037.18 -65062.5 10500.823
5.36 270.77758 -746.17785 45616.24 -60072.6 5150.02 -65222.6 10533.55
5.37 274.32148 -32.275044 45297.923 -59929.4 5217.42 -65146.8 10523.769
5.38 270.77139 88.087175 45233.279 -60238.9 5149.9 -65388.8 10545.421
5.39 261.69635 -73.9336 45651.826 -60171.6 4977.3 -65148.9 10643.407
5.4 267.52909 309.8185 45383.813 -59954.6 5088.23 -65042.8 10631.939
5.41 280.54861 471.23797 45258.763 -60039.7 5335.85 -65375.5 10657.714
5.42 271.47037 173.50972 45435.545 -60000.4 5163.19 -65163.5 10700.189
5.43 271.37964 -783.77832 45919.606 -59873.2 5161.47 -65034.7 10812.554
5.44 271.06412 403.87525 45558.135 -59928.4 5155.46 -65083.9 10773.251
5.45 270.08518 144.17696 45385.474 -59945.7 5136.85 -65082.6 10770.77
5.46 266.94334 -200.73967 45755.267 -59979.1 5077.09 -65056.2 10820.996
5.47 255.46304 -768.43243 45740.971 -60243.1 4858.74 -65101.8 10858.728
5.48 272.73565 -105.75594 45686.003 -60027.1 5187.26 -65214.3 10870.54
5.49 264.34734 -754.65485 45730.939 -59884.8 5027.72 -64912.5 10872.444
5.5 273.55777 -399.0191 45684.058 -60062.6 5202.89 -65265.5 10910.507
5.51 271.12066 257.08184 45389.336 -59769.3 5156.54 -64925.8 10899.295
5.52 269.50078 261.77818 45563.845 -60093.8 5125.73 -65219.6 10980.506
5.53 260.48111 -701.32024 45802.983 -60086.8 4954.18 -65041 11022.115
5.54 264.66859 349.55218 45184.072 -60258.3 5033.83 -65292.2 10948.825
5.55 273.76111 -412.57426 45767.718 -59834.3 5206.76 -65041.1 11048.024
5.56 278.6893 -347.23851 45540.938 -59891.3 5300.49 -65191.7 11049.904
5.57 280.779 778.98653 45091.832 -59959.9 5340.24 -65300.2 10971.374
5.58 279.33908 375.56125 45832.672 -59896.6 5312.85 -65209.4 11127.684
5.59 256.80415 -39.699079 45534.481 -60458.9 4884.25 -65343.1 11116.334
5.6 274.2865 -603.53536 45474.417 -59926.9 5216.75 -65143.7 11147.46
5.61 268.02309 -184.20998 45677.534 -60445.8 5097.63 -65543.4 11223.86
5.62 275.83402 322.18174 45407.654 -59963.9 5246.19 -65210.1 11207.304
5.63 270.05245 -531.58366 45808.727 -59840.7 5136.22 -64977 11304.989
5.64 270.26234 70.947222 45717.582 -59918.3 5140.22 -65058.5 11324.013
5.65 267.33937 620.25829 45372.048 -60088.9 5084.62 -65173.5 11282.875
5.66 271.51519 -53.808972 45358.639 -60105.2 5164.04 -65269.2 11283.725
5.67 281.15388 669.77028 45607.783 -59789 5347.37 -65136.4 11355.62
5.68 270.87762 -186.00482 45815.68 -60020.5 5151.92 -65172.4 11414.094
5.69 274.1103 433.09421 45505.905 -59896.9 5213.4 -65110.3 11397.663
5.7 269.55258 -198.10134 45621.846 -59972 5126.72 -65098.7 11461.337
5.71 274.4934 388.534 45549.235 -60044.8 5220.69 -65265.5 11481.751
5.72 270.98676 585.42485 45172.725 -59875.7 5153.99 -65029.7 11462.92
5.73 278.7779 -503.1612 45572.541 -59724 5302.18 -65026.2 11556.723
5.74 263.29367 -413.73652 45779.999 -60114 5007.68 -65121.7 11641.86
5.75 268.92013 -895.06447 45822.587 -59910.1 5114.69 -65024.8 11673.856
5.76 266.93328 -340.96476 45544.786 -60014.9 5076.9 -65091.8 11647.52
5.77 260.6182 638.94831 45481.868 -60182.2 4956.79 -65139 11638.804
5.78 277.79295 662.77946 45127.25 -60146.9 5283.44 -65430.4 11597.58
5.79 277.80905 500.22201 45242.348 -59854.1 5283.75 -65137.8 11626.458
5.8 266.74739 804.53616 45045.781 -60424 5073.36 -65497.4 11619.367
5.81 262.11166 -765.08047 45695.553 -60154 4985.2 -65139.2 11748.05
5.82 267.5044 40.219264 45582.319 -60093.1 5087.76 -65180.8 11763.033
5.83 273.77378 -332.20592 45714.433 -59768.7 5207 -64975.7 11830.055
5.84 268.62406 138.91185 45766.614 -59883.4 5109.06 -64992.4 11872.211
5.85 266.80063 363.92797 45337.358 -60060.5 5074.38 -65134.9 11843.834
5.86 270.48774 95.746617 45843.131 -60158 5144.5 -65302.5 11958.376
5.87 268.67107 -451.17218 45800.673 -60167.9 5109.95 -65277.9 12001.992
5.88 267.67296 177.28803 45392.655 -60206.6 5090.97 -65297.5 11957.4
5.89 269.43722 390.55805 45670.243 -59675.4 5124.52 -64800 12018.286
5.9 263.55101 183.27506 45387.059 -60148.8 5012.57 -65161.4 12004.281
5.91 268.48172 -776.21562 45840.962 -59808.6 5106.35 -64915 12073.528
5.92 270.50461 239.91087 45323.359 -60056.9 5144.82 -65201.7 12010.208
5.93 279.46142 -97.38808 45728.002 -59914.9 5315.18 -65230.1 12098.777
5.94 273.45385 239.47192 45710.155 -60018.3 5200.92 -65219.2 12120.555
5.95 269.83139 -60.237164 45477.525 -59987.5 5132.02 -65119.5 12128.96
5.96 266.41976 15.711076 45412.951 -60351.5 5067.13 -65418.6 12140.769
5.97 277.06117 -519.17702 45860.127 -59989.6 5269.52 -65259.1 12273.879
5.98 265.66257 -38.910979 45407.915 -60093.8 5052.73 -65146.5 12219.09
5.99 268.54571 336.41514 45161.945 -59851.8 5107.57 -64959.4 12208.111
6 273.81141 446.93498 45403.379 -60141.3 5207.72 -65349 12289.688
6.01 278.44699 -344.12136 45671.776 -59572.2 5295.88 -64868 12351.108
6.02 271.99163 -267.07161 45691.687 -59996.1 5173.11 -65169.3 12383.663
6.03 268.59891 702.5319 45113.122 -60158.4 5108.58 -65267 12297.503
6.04 266.4304 -300.51457 45602.053 -60352.4 5067.33 -65419.7 12432.948
6.05 275.37505 220.43552 45511.771 -59933 5237.46 -65170.5 12437.844
6.06 265.8145 388.91585 45328.68 -60339.2 5055.62 -65394.8 12463.281
6.07 267.9437 690.66358 45278.759 -59926.3 5096.12 -65022.4 12509.248
6.08 268.42197 -154.80598 45502.195 -60179.5 5105.21 -65284.7 12577.418
6.09 264.64106 -25.529702 45430.332 -60152.2 5033.3 -65185.5 12596.037
6.1 262.31042 -939.58651 45756.905 -60359 4988.98 -65347.9 12683.277
6.11 263.55221 243.85103 45522.943 -60048.2 5012.59 -65060.7 12638.944
6.12 278.43392 -854.90115 45886.543 -59782.4 5295.63 -65078 12726.752
6.13 273.77327 -491.48616 45535.167 -59826.5 5206.99 -65033.5 12707.528
6.14 279.27956 443.63603 45503.247 -59948.4 5311.72 -65260.1 12748.146
6.15 269.4466 -520.92229 45633.607 -60165.1 5124.7 -65289.8 12802.754
6.16 268.30005 -293.17702 45602.348 -59908.8 5102.89 -65011.7 12814.962
6.17 281.29356 72.535663 45549.405 -59685.7 5350.02 -65035.7 12823.835
6.18 269.6199 666.48853 45309.629 -60065.7 5128 -65193.7 12799.366
6.19 269.31504 -525.53235 45694.636 -60092.1 5122.2 -65214.3 12903.877
6.2 269.1672 540.04034 45476.228 -59972.4 5119.39 -65091.8 12855.196
6.21 266.47766 617.92596 45555.246 -60161.4 5068.23 -65229.7 12903.829
6.22 268.41783 -215.86958 45554.009 -60195.3 5105.13 -65300.4 12944.929
6.23 274.21173 -203.23375 45516.944 -60137.7 5215.33 -65353.1 12980.906
6.24 266.69717 -174.20572 45506.407 -60208.8 5072.41 -65281.2 13032.677
6.25 275.40522 -71.738015 45518.33 -60036.7 5238.03 -65274.7 13068.546
6.26 259.89592 208.62555 45745.669 -60112.1 4943.05 -65055.1 13123.676
6.27 268.94162 -265.89715 45708.341 -59948.4 5115.1 -65063.5 13139.915
6.28 272.28965 -371.05757 45531.467 -59943.6 5178.77 -65122.4 13137.251
6.29 279.18296 1088.9421 45051.794 -60118.8 5309.88 -65428.6 13072.836
6.3 274.67027 -479.40013 45605.078 -60045 5224.05 -65269.1 13217.292
6.31 266.28343 -418.23634 45679.558 -60302 5064.54 -65366.6 13262.525
6.32 278.11773 -685.43595 45918.452 -59915.4 5289.62 -65205 13325.723
6.33 267.27734 -97.835291 45483.579 -60215.4 5083.44 -65298.9 13254.685
6.34 272.91971 -90.143046 45629.516 -59947.6 5190.76 -65138.3 13302.533
6.35 272.62141 200.66987 45569.265 -60163.6 5185.08 -65348.7 13305.974
6.36 267.94676 172.35884 45138.802 -60132.5 5096.18 -65228.7 13255.881
6.37 276.63042 -690.27325 45766.26 -59964.4 5261.33 -65225.8 13392.332
6.38 269.54623 -153.38698 45510.902 -59943.8 5126.6 -65070.4 13387.125
6.39 267.58167 478.74488 45350.065 -60173.2 5089.23 -65262.4 13378.291
6.4 269.71821 -159.04187 45637.08 -59986.9 5129.87 -65116.8 13471.572
6.41 276.80258 656.12357 45413.732 -59772 5264.61 -65036.6 13469.69
6.42 269.26886 239.3812 45481.767 -60058.1 5121.32 -65179.4 13525.547
6.43 278.94905 983.36118 45199.344 -59934.4 5305.43 -65239.8 13494.603
6.44 261.8705 -28.992969 45612.338 -59924.6 4980.61 -64905.2 13602.755
6.45 265.62652 443.72722 45540.361 -60357.7 5052.05 -65409.8 13611.82
6.46 275.756 30.309827 45377.914 -59907.8 5244.7 -65152.5 13612.442
6.47 260.00961 -864.62198 45687.649 -60374.3 4945.22 -65319.5 13723.898
6.48 268.25847 279.69976 45416.842 -59888.7 5102.1 -64990.8 13659.776
6.49 268.21481 -32.616429 45381.679 -59976.7 5101.27 -65078 13678.998
6.5 275.80164 -62.746319 45706.907 -59815.5 5245.57 -65061.1 13753.205
6.51 268.94149 44.887465 45590.124 -59916.3 5115.09 -65031.4 13754.052
6.52 271.45099 914.35109 45401.021 -59878.8 5162.82 -65041.7 13728.523
6.53 276.96384 -569.33277 45841.284 -60066 5267.67 -65333.7 13871.163
6.54 268.44547 -304.96751 45580.633 -59860 5105.66 -64965.7 13855.866
6.55 276.75239 330.53504 45655.842 -60059.1 5263.65 -65322.7 13914.723
6.56 264.51225 -26.405254 45517.504 -60173.3 5030.85 -65204.2 13925.002
6.57 265.52554 -19.846898 45320.025 -59897.8 5050.12 -64948 13884.91
6.58 265.23902 363.17178 45270.083 -60329.3 5044.68 -65374 13880.672
6.59 266.01863 -233.84576 45490.229 -59881 5059.5 -64940.5 13935.352
6.6 279.34229 -849.3569 45902.613 -59996.7 5312.91 -65309.6 14023.954
6.61 267.9758 -922.82471 45678.437 -60192.8 5096.73 -65289.5 13989.33
6.62 274.97342 396.79305 45402.263 -59743.1 5229.82 -64972.9 13925.566
6.63 261.69902 -108.05782 45851.129 -60159.2 4977.35 -65136.5 14078.002
6.64 267.14273 -761.22561 45823.837 -60105.6 5080.88 -65186.4 14115.229
6.65 277.28752 -449.02542 45559.771 -59921.9 5273.83 -65195.7 14049.754
6.66 259.63669 -183.08994 45376.099 -60226.7 4938.12 -65164.9 14009.326
6.67 271.52935 -367.89202 45455.327 -60071.8 5164.31 -65236.1 14040.605
6.68 273.16355 -188.16735 45800.667 -59770.5 5195.39 -64965.9 14134.883
6.69 270.543 287.48695 45478.156 -60150.4 5145.55 -65296 14064.55
6.7 272.16982 778.07984 44934.684 -60237 5176.5 -65413.5 13943.427
6.71 269.15381 -228.43899 45761.79 -59967.8 5119.13 -65086.9 14150.705
6.72 269.09747 334.45343 45458.463 -60076.6 5118.06 -65194.6 14076.357
6.73 267.74461 -165.48895 45405.345 -60005.2 5092.33 -65097.5 14089.603
6.74 268.89117 -379.86551 45602.674 -59793.8 5114.14 -64907.9 14157.34
6.75 264.66574 88.929049 45391.718 -60142.2 5033.77 -65176 14122.034
6.76 267.61577 -267.32348 45543.896 -60200.8 5089.88 -65290.7 14162.879
6.77 267.91201 -333.98427 45538.728 -60147.7 5095.51 -65243.2 14181.238
6.78 275.45702 -218.99265 45500.339 -59893.1 5239.02 -65132.1 14181.417
6.79 265.94451 26.048025 45658.941 -60049.8 5058.09 -65107.9 14233.229
6.8 268.72808 630.85415 45500.47 -60184.6 5111.04 -65295.6 14246.71
6.81 263.5329 260.8493 45458.795 -60177 5012.23 -65189.2 14242.512
6.82 268.09504 212.156 45456.667 -60004.1 5099 -65103.1 14276.262
6.83 277.43712 -641.45196 45917.093 -59713.9 5276.68 -64990.6 14388.223
6.84 271.1988 161.75644 45413.282 -59950.9 5158.03 -65109 14340.384
6.85 275.53818 67.628887 45506.193 -59915.4 5240.56 -65156 14365.951
6.86 257.1702 -679.76592 45742.007 -60137.3 4891.21 -65028.6 14446.057
6.87 274.75033 -89.538757 45346.742 -60015.5 5225.57 -65241 14407.519
6.88 252.08759 11.915074 45650.029 -60546.9 4794.54 -65341.5 14492.809
6.89 275.03611 -431.80298 45876.676 -60045.6 5231.01 -65276.6 14567.546
6.9 261.76804 247.74454 45194.445 -60144.4 4978.66 -65123.1 14472.811
6.91 273.43336 -805.9758 46067.133 -59808 5200.53 -65008.5 14662.314
6.92 274.72816 -160.83551 45475.314 -59788 5225.15 -65013.2 14559.926
6.93 270.94231 -224.85488 45576.279 -60179.2 5153.15 -65332.4 14622.768
6.94 271.72807 -176.04195 45715.408 -59970 5168.09 -65138.1 14661.778
6.95 266.45412 -245.76896 45644.948 -60022.6 5067.79 -65090.4 14661.87
6.96 284.69639 -839.28319 45804.683 -59739.6 5414.74 -65154.3 14741.664
6.97 261.39398 -527.22585 45663.872 -60112.5 4971.55 -65084.1 14752.106
6.98 268.48992 366.8373 45115.497 -60049.6 5106.51 -65156.1 14663.152
6.99 271.18592 -445.87858 45645.968 -60082.6 5157.78 -65240.4 14808.637
7 274.7774 -98.731258 45175.545 -60206.7 5226.09 -65432.8 14759.309
7.01 268.41354 -3.3092222 45587.782 -60100.3 5105.05 -65205.4 14848.224
7.02 274.16296 -127.81002 45580.4 -59685.6 5214.4 -64900 14882.817
7.03 272.39011 249.72214 45350.38 -60124.7 5180.68 -65305.4 14869.607
7.04 267.2356 -750.92004 45708.489 -59938.3 5082.65 -65020.9 14972.5
7.05 270.50255 151.56287 45257.666 -59821.7 5144.78 -64966.5 14923.379
7.06 273.43719 160.05267 45432.438 -60003.7 5200.6 -65204.3 14965.745
7.07 268.43067 17.367872 45475.767 -60128.4 5105.38 -65233.8 15005.451
7.08 264.31062 -434.4113 45675.502 -60130.4 5027.02 -65157.4 15054.005
7.09 268.53216 190.3749 45321.687 -60116.1 5107.31 -65223.4 14951.594
7.1 273.94374 311.25573 45578.788 -60131.4 5210.23 -65341.7 15002.366
7.11 270.58025 -413.05745 45592.723 -60032.7 5146.26 -65179 15016.534
7.12 275.51248 44.427899 45509.718 -60116.9 5240.07 -65357 15011.458
7.13 266.10824 432.7176 45488.496 -60151.6 5061.21 -65212.8 15009.972
7.14 268.71315 -938.12248 45845.887 -60344.1 5110.75 -65454.9 15087.202
7.15 272.12737 -3.5722929 45342.763 -59932.1 5175.69 -65107.8 15020.919
7.16 275.391 -436.46892 45384.941 -60087.3 5237.76 -65325.1 15077.515
7.17 257.43377 26.017089 45321.422 -60274.2 4896.22 -65170.5 15061.699
7.18 275.85384 131.60502 45328.854 -59789.4 5246.56 -65036 15084.393
7.19 265.21092 -472.93097 45653.771 -60213.4 5044.14 -65257.5 15185.823
7.2 277.58851 -234.09737 45341.268 -59905.7 5279.55 -65185.2 15134.31
7.21 279.78122 341.09804 45666.7 -59827.4 5321.26 -65148.7 15228.841
7.22 271.15834 25.47885 45692.791 -59911.3 5157.26 -65068.5 15273.346
7.23 264.66978 -401.81654 45568.36 -60109.9 5033.85 -65143.7 15287.003
7.24 280.98163 -196.99423 45670.714 -59767.9 5344.09 -65112 15361.874
7.25 275.11649 293.38933 45286.952 -59867.2 5232.54 -65099.7 15329.753
7.26 266.99783 338.77152 45458.867 -60146.3 5078.13 -65224.4 15416.84
7.27 259.02284 -1173.673 46125.333 -60307.1 4926.45 -65233.5 15569.699
7.28 268.62979 -354.86085 45908.906 -59947.5 5109.17 -65056.7 15572.699
7.29 270.98913 80.075933 45696.931 -60086.1 5154.04 -65240.1 15538.395
7.3 258.56724 144.51804 45384.792 -60163.9 4917.78 -65081.7 15490.941
7.31 268.83805 -903.00676 45566.239 -60045.4 5113.13 -65158.5 15581.42
7.32 270.52257 1037.1287 45207.249 -60348.2 5145.17 -65493.4 15528.654
7.33 270.17434 -569.2983 45594.882 -59935.6 5138.54 -65074.1 15602.255
7.34 271.2111 192.04503 45799.17 -60254.8 5158.26 -65413.1 15685.025
7.35 271.78445 172.31124 45411.478 -59841.5 5169.17 -65010.7 15599.765
7.36 274.11522 -1329.0555 45850.64 -60143.7 5213.49 -65357.2 15755.302
7.37 266.63449 227.26451 45444.842 -59862.2 5071.22 -64933.4 15688.195
7.38 275.28423 -55.328385 45897.977 -60081.2 5235.73 -65316.9 15798.454
7.39 271.40207 -289.79696 45673.918 -59985.1 5161.89 -65147 15784.708
7.4 272.72854 -542.62307 45716.46 -59976.4 5187.12 -65163.6 15836.029
7.41 282.1787 -110.87587 45599.346 -59616.4 5366.86 -64983.2 15860.755
7.42 261.34061 -165.65325 45510.138 -60134.1 4970.53 -65104.7 15848.465
7.43 260.26009 26.706118 45519.613 -59952.2 4949.98 -64902.2 15899.776
7.44 266.26432 -33.221589 45399.646 -60218.8 5064.18 -65283 15885.868
7.45 259.81924 -294.99031 45333.459 -60427.5 4941.59 -65369.1 15865.795
7.46 264.32015 -12.636308 45605.044 -60285.1 5027.2 -65312.3 15942.964
7.47 272.35703 -465.99314 45698.922 -60001.3 5180.06 -65181.4 15964.29
7.48 273.536 517.08722 45678.679 -60401.4 5202.48 -65603.9 15960.238
7.49 282.48607 -300.2045 45450.714 -59752.6 5372.7 -65125.3 15930.135
7.5 269.20153 -903.27505 45761.502 -60220 5120.04 -65340.1 16023.097
7.51 270.76559 -3.796519 45275.789 -60079.9 5149.79 -65229.7 15944.135
7.52 259.30547 -135.64891 45600.789 -60317.6 4931.82 -65249.4 16017.391
7.53 273.83478 935.80574 44957.064 -59937.2 5208.16 -65145.4 15908.934
7.54 276.46758 536.03169 45303.862 -59930.2 5258.24 -65188.5 15979.708
7.55 263.06436 76.118438 45260.166 -60297.6 5003.32 -65300.9 16016.451
7.56 271.94477 142.40729 45687.78 -59895.6 5172.21 -65067.8 16129.918
7.57 269.19727 -264.69002 45298.229 -60147.3 5119.96 -65267.3 16041.824
7.58 262.56803 -1161.7714 46192.97 -60109.5 4993.87 -65103.3 16279.139
7.59 271.3634 391.47805 45455.491 -59872.2 5161.16 -65033.3 16150.741
7.6 261.92558 249.62197 45665.276 -60040.4 4981.66 -65022.1 16232.009
7.61 283.11631 -141.94441 45620.416 -59864.4 5384.69 -65249.1 16231.05
7.62 258.18315 408.29146 45536.766 -60078.1 4910.48 -64988.5 16234.077
7.63 261.82366 -111.90362 45752.766 -60378.8 4979.72 -65358.5 16293.472
7.64 274.81188 206.55711 45494.539 -59733.2 5226.75 -64960 16239.457
7.65 271.82505 -268.6369 45309.642 -60013.5 5169.94 -65183.5 16192.798
7.66 274.54833 -51.147515 45439.86 -60088.6 5221.73 -65310.3 16234.818
7.67 275.32954 312.78599 45359.996 -59944.1 5236.59 -65180.6 16263.902
7.68 264.81526 258.99174 45507.344 -60224.4 5036.62 -65261.1 16350.516
7.69 278.96399 665.46395 45280.816 -59847.2 5305.72 -65152.9 16308.487
7.7 263.45332 601.35237 45563.955 -60066.8 5010.71 -65077.5 16395.801
7.71 268.58101 113.12091 45471.506 -60350.2 5108.24 -65458.5 16368.573
7.72 268.08302 -228.53238 45697.268 -59987.1 5098.77 -65085.9 16465.527
7.73 272.19445 205.23018 45805.415 -59646.8 5176.96 -64823.7 16533.742
7.74 264.69677 579.28589 45353.129 -60148.7 5034.36 -65183 16454.385
7.75 282.88738 575.40813 45731.895 -59906.9 5380.34 -65287.2 16514.743
7.76 268.58594 23.541803 45597.429 -60079.7 5108.33 -65188 16529.041
7.77 272.88981 -128.99473 45610.927 -60151 5190.19 -65341.2 16549.923
7.78 274.99444 396.48169 45511.978 -59909.5 5230.22 -65139.7 16538.751
7.79 270.88336 -138.9083 45699.938 -60004.9 5152.03 -65156.9 16646.548
7.8 271.88364 -163.99836 45515.869 -59825.6 5171.05 -64996.7 16666.659
7.81 271.62848 168.27406 45569.662 -60078.3 5166.2 -65244.5 16699.649
7.82 274.75593 -29.627244 45093.714 -60074.4 5225.68 -65300.1 16643.525
7.83 278.14102 57.303757 45671.183 -60012.6 5290.06 -65302.7 16831.639
7.84 267.36732 -398.76487 45655.447 -59971.1 5085.15 -65056.2 16850.731
7.85 261.96217 146.5151 45813.456 -60194.1 4982.35 -65176.4 16928.164
7.86 268.05225 -216.70026 45438.087 -60112.8 5098.18 -65211 16856.196
7.87 275.70615 255.30381 45506.63 -60035.5 5243.75 -65279.2 16925.366
7.88 267.8851 -16.206439 45255.599 -59823.1 5095 -64918.1 16890.531
7.89 273.7915 -129.48734 45956.636 -60081.3 5207.34 -65288.7 17108.093
7.9 270.09595 -667.67434 45966.897 -60023.7 5137.05 -65160.7 17131.564
7.91 270.76483 230.72113 45489.051 -59852.6 5149.77 -65002.3 17015.483
7.92 267.86453 -169.33155 45625.293 -60111.7 5094.61 -65206.3 17123.768
7.93 268.86689 287.51184 45823.875 -60259.3 5113.68 -65373 17207.735
7.94 282.02047 -295.17115 45638.45 -59782.8 5363.85 -65146.6 17180.55
7.95 276.23749 -351.08336 45675.236 -60120 5253.86 -65373.8 17183.258
7.96 269.34393 -430.30433 45559.124 -59847.4 5122.75 -64970.2 17191.322
7.97 270.43058 519.88831 45526.158 -60003.2 5143.42 -65146.6 17210.801
7.98 276.4806 532.87383 45512.693 -59844.1 5258.48 -65102.6 17252.176
7.99 272.19027 -93.480291 45648.096 -59905.2 5176.88 -65082.1 17310.964
8 274.26002 100.15999 45630.641 -59999.3 5216.25 -65215.6 17315.973
8.01 268.73528 105.72754 45541.144 -60046 5111.17 -65157.2 17359.759
8.02 277.35996 -48.544221 45565.934 -59984.2 5275.21 -65259.4 17353.821
8.03 262.18842 -459.96163 45586.009 -59980.5 4986.66 -64967.1 17408.538
8.04 268.21461 -696.68504 45682.413 -60084.9 5101.27 -65186.2 17456.874
8.05 268.25672 43.475009 45566.276 -60135 5102.07 -65237.1 17478.888
8.06 268.26621 262.59298 45764.652 -60028.5 5102.25 -65130.8 17565.559
8.07 284.77067 933.60034 45260.498 -59698.1 5416.15 -65114.3 17472.746
8.08 262.50475 399.27284 45466.422 -60286.9 4992.67 -65279.6 17554.404
8.09 273.24061 -119.17489 45746.912 -59987.1 5196.86 -65183.9 17674.501
8.1 272.17428 334.84571 45411.828 -59892.6 5176.58 -65069.2 17615.526
8.11 269.96735 -59.400452 45418.364 -59970.7 5134.61 -65105.3 17669.012
8.12 261.88087 -95.760127 45740.415 -60386.4 4980.81 -65367.2 17793.106
8.13 275.76105 260.4283 45366.992 -60083.9 5244.8 -65328.7 17720.59
8.14 280.60488 503.99188 45381.15 -59805.6 5336.92 -65142.6 17711.742
8.15 272.32128 245.50563 45584.698 -60163.4 5179.38 -65342.8 17834.177
8.16 257.58455 -600.10138 45559.239 -60303.5 4899.09 -65202.6 17849.059
8.17 270.44781 -457.84962 45689.171 -59818.1 5143.74 -64961.9 17920.788
8.18 264.53386 -518.55873 45713.078 -60176.7 5031.26 -65208 17951.323
8.19 275.99875 723.13422 45100.586 -59917.3 5249.32 -65166.6 17823.446
8.2 272.49752 -147.41085 45712.959 -59960.8 5182.73 -65143.5 17991.033
8.21 275.7577 294.52286 45462.172 -59942.2 5244.73 -65186.9 17903.253
8.22 257.63566 -49.819235 45927.232 -60229.3 4900.06 -65129.3 18074.491
8.23 273.74166 -7.756368 45634.864 -59583.9 5206.39 -64790.3 18027.624
8.24 258.6837 -508.25222 45351.183 -59991.3 4920 -64911.3 17980.533
8.25 277.23608 383.2782 45483.445 -59962.7 5272.85 -65235.6 18046.075
8.26 269.00223 126.98625 45691.553 -60158.6 5116.25 -65274.9 18124.663
8.27 274.31835 231.40598 45586.544 -59740.6 5217.36 -64957.9 18150.507
8.28 279.20853 315.41197 45638.231 -60010 5310.37 -65320.3 18181.353
8.29 270.72833 100.96991 45516.281 -59873 5149.08 -65022.1 18175.741
8.3 277.42455 78.705196 45669.406 -59913.7 5276.44 -65190.1 18237.176
8.31 267.16918 -275.80637 45393.348 -60241.3 5081.39 -65322.7 18196.334
8.32 276.25884 258.91351 45686.01 -59795.4 5254.27 -65049.7 18299.234
8.33 263.02495 -156.29539 45296.633 -60363.7 5002.57 -65366.3 18209.545
8.34 264.00917 163.07322 45406.63 -60035.9 5021.28 -65057.2 18213.715
8.35 261.47012 -650.97945 45848.853 -60270.3 4972.99 -65243.3 18347.338
8.36 268.70775 -171.35826 45659.128 -60102.5 5110.65 -65213.2 18286.883
8.37 280.06952 -339.21106 45616.967 -59735.9 5326.74 -65062.7 18280.328
8.38 268.99447 367.76948 45648.925 -59732.9 5116.1 -64849 18294.674
8.39 283.43304 85.787929 45493.03 -59871.1 5390.71 -65261.8 18302.267
8.4 267.11718 -160.34644 45288.096 -60097.6 5080.4 -65178 18282.102
8.41 274.06506 115.53113 45340.287 -60012.7 5212.54 -65225.2 18342.183
8.42 262.15018 -130.99659 45497.743 -60239.8 4985.93 -65225.7 18362.038
8.43 270.03841 32.279288 45593.808 -60167 5135.96 -65303 18423.477
8.44 271.72567 -57.154514 45343.228 -59769.2 5168.05 -64937.3 18368.255
8.45 265.18243 368.30163 45326.089 -60027.3 5043.6 -65070.9 18407.918
8.46 268.45032 -658.70045 46094.081 -59885.8 5105.75 -64991.6 18650.414
8.47 261.82033 -698.46549 45496.353 -60053.7 4979.65 -65033.4 18522.716
8.48 275.68394 315.82555 45450.184 -59905.3 5243.33 -65148.6 18546.068
8.49 270.29742 452.39077 45411.619 -60252.9 5140.88 -65393.8 18569.362
8.5 272.07541 287.14332 45488.151 -59912.6 5174.7 -65087.3 18604.565
8.51 269.33647 -406.48378 45482.74 -59771.8 5122.61 -64894.5 18615.901
8.52 271.44702 -991.9781 45818.463 -59990.7 5162.75 -65153.5 18755.131
8.53 265.90518 -497.48975 45644.096 -59922.2 5057.35 -64979.5 18743.83
8.54 268.06834 203.09737 45749.579 -60157.3 5098.49 -65255.8 18834.763
8.55 273.80304 -183.59326 45850.298 -59932 5207.56 -65139.6 18873.888
8.56 274.0114 -65.181007 45420.654 -59808 5211.52 -65019.5 18785.437
8.57 269.37367 830.01387 45281.6 -59861.9 5123.31 -64985.2 18763.761
8.58 266.59919 -599.74267 46043.346 -60130.9 5070.55 -65201.4 19000.828
8.59 269.31558 271.00444 45496.768 -59878.4 5122.21 -65000.7 18903.738
8.6 271.09626 283.61174 45386.869 -60089.6 5156.08 -65245.7 18874.028
8.61 275.36064 273.05526 45440.29 -59681.6 5237.18 -64918.8 18914.424
8.62 263.97776 29.102591 45702.223 -60202.2 5020.69 -65222.9 19047.244
8.63 267.55509 416.65637 45560.436 -59902.8 5088.73 -64991.5 19010.232
8.64 270.26458 -492.37672 45724.841 -59804.2 5140.26 -64944.5 19045.655
8.65 273.62493 406.06613 45297.344 -60130.4 5204.17 -65334.6 18910.259
8.66 265.6262 -95.996303 45489.449 -60167.5 5052.04 -65219.5 18987.966
8.67 267.69743 389.99544 45725.129 -60010.3 5091.43 -65101.7 19098.46
8.68 268.33197 181.27712 45696.94 -60116.2 5103.5 -65219.7 19133.634
8.69 266.20222 169.58659 45740.26 -59944.7 5062.99 -65007.7 19186.733
8.7 271.82037 -166.86486 45816.445 -60008 5169.85 -65177.8 19232.241
8.71 271.5585 521.03517 45168.482 -59866.5 5164.87 -65031.4 19068.696
8.72 266.90899 162.52777 45336.772 -60322.2 5076.44 -65398.6 19155.906
8.73 280.64856 291.05538 45560.488 -59842.9 5337.76 -65180.6 19288.703
8.74 275.56048 -40.941657 45531.679 -60030.2 5240.98 -65271.1 19251.874
8.75 272.01267 -195.96236 45576.917 -59891.8 5173.51 -65065.3 19296.322
8.76 265.3384 -83.732315 45650.322 -60090.9 5046.57 -65137.5 19348.475
8.77 267.25908 -455.51476 45321.796 -60194.4 5083.1 -65277.5 19267.236
8.78 271.52057 -310.5023 45547.479 -60080.1 5164.15 -65244.2 19361.406
8.79 271.72653 -163.21066 45821.541 -59824.9 5168.06 -64992.9 19461.741
8.8 264.3162 -122.79184 45811.766 -60067.3 5027.12 -65094.4 19511.78
8.81 280.12487 9.0541562 45509.296 -59939.9 5327.79 -65267.7 19438.318
8.82 272.67325 -28.454056 45661.484 -60013.3 5186.07 -65199.3 19483.218
8.83 276.53857 -998.8255 45949.544 -59911.2 5259.59 -65170.8 19593.746
8.84 263.33073 -405.94468 45451.301 -60385.6 5008.38 -65394 19490.548
8.85 266.10953 445.14094 45194.287 -60119.5 5061.23 -65180.8 19437.985
8.86 270.21727 -81.490571 45411.098 -60453 5139.36 -65592.4 19509.924
8.87 276.92092 170.75557 45623.692 -59885.3 5266.86 -65152.1 19635.703
8.88 264.25399 -460.79076 45724.72 -60015.4 5025.94 -65041.3 19709.089
8.89 265.12948 -354.71409 45857.691 -59916.2 5042.59 -64958.8 19772.34
8.9 268.7378 506.15467 45212.013 -60216.8 5111.22 -65328.1 19613.495
8.91 263.40002 -237.86107 45636.867 -59935 5009.7 -64944.7 19757.107
8.92 272.78489 -348.36209 45816.833 -59796 5188.19 -64984.2 19823.703
8.93 270.05754 -259.1814 45833.839 -60139.4 5136.32 -65275.7 19863.667
8.94 273.47122 293.44877 45500.655 -59970.9 5201.25 -65172.2 19734.17
8.95 263.79259 265.97711 45212.009 -60522.3 5017.17 -65539.5 19646.843
8.96 273.56123 665.43876 45214.607 -60023.8 5202.96 -65226.7 19676.947
8.97 278.73451 82.033291 45532.911 -59688.4 5301.35 -64989.7 19807.958
8.98 264.15793 395.54717 45702.286 -60339.3 5024.11 -65363.4 19893.652
8.99 275.44108 144.61474 45407.763 -60104.6 5238.71 -65343.3 19836.473
9 266.4811 -641.34701 45641.844 -60278.5 5068.3 -65346.8 19918.077
9.01 265.15012 192.12527 45712.664 -60402.9 5042.98 -65445.9 19990.806
9.02 274.42673 482.19952 45366.4 -59807 5219.42 -65026.4 19921.246
9.03 269.2369 -208.80287 45684.64 -60023.7 5120.71 -65144.4 20081.511
9.04 272.67622 -111.46361 45572.111 -60217.3 5186.13 -65403.4 20039.715
9.05 273.25791 303.1904 45552.991 -60189.4 5197.19 -65386.6 20049.319
9.06 273.99611 -30.160052 45814.246 -59811.7 5211.23 -65022.9 20203.036
9.07 274.16895 114.66206 45821.851 -60085.2 5214.52 -65299.7 20231.025
9.08 265.04564 765.20902 45286.479 -60475.3 5041 -65516.3 20076.782
9.09 274.96929 -36.483624 45509.302 -59931.1 5229.74 -65160.8 20142.751
9.1 267.51893 -476.03094 45583.985 -60049.2 5088.04 -65137.3 20223.019
9.11 263.21542 424.92238 45223.845 -60254.1 5006.19 -65260.3 20173.121
9.12 276.43397 -170.24321 45796.114 -59977.6 5257.6 -65235.1 20374.426
9.13 268.64024 -137.8438 45779.543 -59907.8 5109.36 -65017.2 20390.027
9.14 271.43791 807.81824 45454.571 -59878.9 5162.57 -65041.5 20304.396
9.15 267.72091 495.26568 45367.299 -60203 5091.88 -65294.9 20304.984
9.16 278.00397 -97.466175 45717.874 -60017.7 5287.46 -65305.2 20421.245
9.17 266.41707 727.15563 45050.288 -60105.1 5067.08 -65172.2 20241.167
9.18 267.52712 -255.3858 45599.802 -60206.1 5088.19 -65294.3 20440.783
9.19 266.09063 -311.43367 45565.653 -60298.5 5060.87 -65359.4 20477.146
9.2 269.94127 362.95714 45421.383 -59988.9 5134.11 -65123 20444.029
9.21 262.65815 -409.92311 45696.635 -60042.2 4995.59 -65037.8 20535.495
9.22 275.95218 43.953596 45536.61 -60092.9 5248.43 -65341.3 20536.542
9.23 271.82749 -17.8438 45558.437 -59949.4 5169.98 -65119.4 20568.229
9.24 266.77757 823.95818 45417.949 -60151.4 5073.94 -65225.3 20547.544
9.25 272.63078 -829.6396 45685.752 -60011.3 5185.26 -65196.5 20664.269
9.26 278.50374 84.184346 45437.183 -59955.4 5296.96 -65252.4 20613.193
9.27 267.13701 -542.59872 45729.943 -60050.7 5080.77 -65131.4 20753.267
9.28 274.01241 -239.10356 45494.835 -59950.2 5211.54 -65161.8 20706.111
9.29 269.88944 -68.199295 45504.248 -60117.7 5133.12 -65250.9 20744.042
9.3 283.18212 360.46298 45736.432 -59568.5 5385.94 -64954.5 20825.968
9.31 272.10365 64.739569 45807.396 -60215.6 5175.24 -65390.8 20873.589
9.32 273.59646 133.87233 45409.652 -60026.7 5203.63 -65230.4 20781.834
9.33 270.75937 -203.75255 45747.243 -59697.5 5149.67 -64847.1 20940.783
9.34 274.03544 654.28403 45393.936 -60052.6 5211.98 -65264.6 20804.659
9.35 273.92138 -138.013 45482.467 -60109.1 5209.81 -65318.9 20865.287
9.36 261.19015 -269.31576 45643.822 -60195.4 4967.67 -65163.1 20994.888
9.37 271.43462 -195.65171 45729.143 -59739.7 5162.51 -64902.2 20991.088
9.38 273.88979 23.007689 45538.957 -60084.1 5209.21 -65293.3 20972.915
9.39 282.107 186.37771 45685.165 -59895 5365.49 -65260.5 21033.828
9.4 261.91562 328.94564 45056.206 -60237.1 4981.47 -65218.6 20884.234
9.41 264.02392 47.202019 45437.368 -60043.7 5021.57 -65065.2 21016.118
9.42 288.1078 -257.00398 45339.815 -59867.5 5479.62 -65347.1 21003.907
9.43 274.90219 108.24951 45511.941 -60318.6 5228.46 -65547 21087.329
9.44 276.2611 842.89154 45354.403 -60055.9 5254.31 -65310.2 21074.681
9.45 266.94815 -10.447661 45359.804 -60089.8 5077.18 -65167 21094.062
9.46 267.03822 764.60046 45308.814 -60449.8 5078.9 -65528.7 21148.89
9.47 268.19467 510.43208 45026.727 -60055.6 5100.89 -65156.5 21037.763
9.48 272.86677 -8.5260988 45742.916 -60050.6 5189.75 -65240.3 21321.848
9.49 273.26937 -299.77898 45765.07 -60160.7 5197.41 -65358.1 21338.506
9.5 274.9636 42.612481 45594.351 -60153.4 5229.63 -65383 21334.208
9.51 278.34765 -309.58234 45488.937 -60076 5293.99 -65370 21333.688
9.52 275.0344 494.2802 45292.052 -60008.3 5230.98 -65239.3 21275.161
9.53 281.19207 235.9251 45513.334 -60025.5 5348.09 -65373.6 21376.543
9.54 265.83723 91.288208 45321.952 -60129.4 5056.05 -65185.5 21341.677
9.55 269.87604 -260.13836 45728.577 -60274.8 5132.87 -65407.7 21500.912
9.56 275.28707 -291.34369 45617.996 -60038.3 5235.78 -65274 21496.131
9.57 271.087 -160.58518 45616.409 -60344.9 5155.9 -65500.8 21466.097
9.58 269.63765 -137.15541 45304.744 -60003.4 5128.33 -65131.7 21386.881
9.59 269.67764 -294.03269 45660.608 -59855.7 5129.1 -64984.8 21497.075
9.6 258.50946 -367.52034 45746.106 -60071.7 4916.68 -64988.4 21511.947
9.61 279.3352 910.91438 45223.768 -60113.6 5312.78 -65426.3 21376.952
9.62 272.42541 10.896344 45557.031 -59672 5181.36 -64853.4 21497.484
9.63 264.24283 -90.34207 45171.211 -60247.6 5025.73 -65273.3 21409.857
9.64 282.90454 589.58107 45610.468 -59858.5 5380.66 -65239.1 21590.069
9.65 272.19744 91.581488 45450.014 -60057.3 5177.02 -65234.3 21584.091
9.66 271.91727 455.51494 45449.494 -59833.1 5171.69 -65004.8 21601.353
9.67 264.41921 809.55325 45444.036 -60242 5029.08 -65271.1 21635.673
9.68 267.76348 135.6619 45257.824 -60030.5 5092.69 -65123.2 21578.68
9.69 273.70338 -199.74978 45724.843 -59967.3 5205.66 -65173 21731.171
9.7 269.49611 527.38186 45523.733 -59983.1 5125.64 -65108.7 21696.361
9.71 272.3988 -471.28804 45325.208 -59962.4 5180.85 -65143.2 21667.771
9.72 269.3418 564.29847 45286.492 -59813.4 5122.71 -64936.1 21686.281
9.73 261.65814 -189.63211 45613.087 -60169.9 4976.57 -65146.5 21840.381
9.74 267.75894 -366.41403 45993.963 -59812.2 5092.6 -64904.8 21949.266
9.75 282.45287 -686.54993 45610.929 -59858.9 5372.07 -65231 21919.743
9.76 277.9244 77.079022 45790.711 -60227.7 5285.94 -65513.7 22008.986
9.77 274.15256 479.74005 45186.048 -60076.4 5214.21 -65290.6 21818.187
9.78 263.56322 -413.32688 45551.893 -60003.7 5012.8 -65016.5 21998.847
9.79 275.17886 -247.39701 45506.025 -59870.9 5233.73 -65104.6 22016.006
9.8 267.43683 -376.0108 45720.201 -59772.5 5086.48 -64859 22110.986
9.81 265.59477 -190.75626 45707.391 -60079.7 5051.44 -65131.1 22136.043
9.82 271.00239 -330.70783 45308.969 -59979 5154.29 -65133.3 22004.051
9.83 269.86353 -671.04591 45573.608 -60026.2 5132.63 -65158.8 22127.468
9.84 275.53861 47.146478 45383.232 -60286.3 5240.57 -65526.9 22116.536
9.85 270.92601 -119.62602 45482.63 -60231.2 5152.84 -65384 22207.347
9.86 278.01947 1145.4625 45532.149 -59877.3 5287.75 -65165.1 22301.731
9.87 269.45843 71.891135 45680.856 -59888.3 5124.93 -65013.2 22355.185
9.88 270.2342 48.356661 45452.7 -60153.3 5139.68 -65293 22296.527
9.89 283.1037 -563.73874 45828.491 -59937.3 5384.45 -65321.7 22420.135
9.9 269.3876 239.8378 45187.068 -60113.3 5123.58 -65236.8 22210.742
9.91 269.53642 -833.58363 45984.646 -60161.8 5126.41 -65288.2 22464.144
9.92 274.90549 -238.85565 45497.668 -59835 5228.53 -65063.5 22340.797
9.93 272.02011 256.01262 45273.818 -60179.8 5173.65 -65353.5 22274.722
9.94 267.92897 137.95887 45554.629 -60190.8 5095.84 -65286.7 22423.021
9.95 275.52812 -271.66164 45587.176 -59990.9 5240.37 -65231.3 22465.067
9.96 266.92537 -941.70453 45790.353 -59993.1 5076.75 -65069.9 22537.161
9.97 268.57615 -583.05455 45630.489 -60156 5108.15 -65264.1 22513.206
9.98 268.1201 -169.10338 45443.886 -60240.1 5099.47 -65339.6 22494.366
